0.0077 0.0703 0.4985 1.0000 1.0000 0.0007 0.0048 0.0341 0.2429 1.0000 1.0000 0.0003 0.0023 0.0166 0.1177 0.8395 1.0000 1.0000 0.0011 0.0080 0.0571 0.4068 1.0000 1.0000 0.0005 0.0039 0.0277 0.1975 1.0000 1.0000 0.0003 0.0019 0.0134 0.0957 0.6810 1.0000 1.0000 0.0009 0.0065 0.0464 0.3300 1.0000 1.0000 0.0004 0.0032 0.0225 0.1602 1.0000 1.0000 0.0002 0.0008 0.0002 1.0000 1.0000 0.1602 0.0225 0.0032 0.0004 1.0000 1.0000 0.3300 0.0464 0.0065 0.0009 1.0000 1.0000 0.6810 0.0957 0.0134 0.0019 0.0003 1.0000 1.0000 0.1975 0.0277 0.0039 0.0005 1.0000 1.0000 0.4068 0.0571 0.0080 0.0011 1.0000 1.0000 0.8395 0.1177 0.0166 0.0023 0.0003 1.0000 1.0000 0.2429 0.0341 0.0048 0.0007 1.0000 1.0000 0.4985 0.0703 0.0077
0.0703 0.5882 1.0000 1.0000 0.0007 0.0053 0.0374 0.2662 1.0000 1.0000 0.0004 0.0025 0.0181 0.1290 0.9180 1.0000 1.0000 0.0012 0.0088 0.0626 0.4448 1.0000 1.0000 0.0006 0.0043 0.0303 0.2159 1.0000 1.0000 0.0003 0.0021 0.0147 0.1046 0.7461 1.0000 1.0000 0.0010 0.0071 0.0508 0.3615 1.0000 1.0000 0.0005 0.0035 0.0246 0.1755 1.0000 1.0000 1.0000 0.0017 0.0058 0.0017 1.0000 1.0000 1.0000 0.1755 0.0246 0.0035 0.0005 1.0000 1.0000 0.3615 0.0508 0.0071 0.0010 1.0000 1.0000 0.7461 0.1046 0.0147 0.0021 0.0003 1.0000 1.0000 0.2159 0.0303 0.0043 0.0006 1.0000 1.0000 0.4448 0.0626 0.0088 0.0012 1.0000 1.0000 0.9180 0.1290 0.0181 0.0025 0.0004 1.0000 1.0000 0.2662 0.0374 0.0053 0.0007 1.0000 1.0000 0.5882 0.0703
0.4985 1.0000 1.0000 0.0007 0.0047 0.0326 0.2303 1.0000 1.0000 0.0003 0.0022 0.0155 0.1103 0.7854 1.0000 1.0000 0.0011 0.0075 0.0536 0.3813 1.0000 1.0000 0.0005 0.0036 0.0260 0.1847 1.0000 1.0000 0.0002 0.0018 0.0126 0.0897 0.6384 1.0000 1.0000 0.0009 0.0061 0.0435 0.3093 1.0000 1.0000 0.0004 0.0030 0.0211 0.1502 1.0000 1.0000 1.0000 0.0014 0.0106 0.0350 0.0106 0.0014 1.0000 1.0000 1.0000 0.1502 0.0211 0.0030 0.0004 1.0000 1.0000 0.3093 0.0435 0.0061 0.0009 1.0000 1.0000 0.6384 0.0897 0.0126 0.0018 0.0002 1.0000 1.0000 0.1847 0.0260 0.0036 0.0005 1.0000 1.0000 0.3813 0.0536 0.0075 0.0011 1.0000 1.0000 0.7854 0.1103 0.0155 0.0022 0.0003 1.0000 1.0000 0.2303 0.0326 0.0047 0.0007 1.0000 1.0000 0.4985
1.0000 1.0000 0.0007 0.0044 0.0302 0.2083 1.0000 1.0000 0.0003 0.0019 0.0136 0.0964 0.6849 1.0000 1.0000 0.0009 0.0065 0.0466 0.3319 1.0000 1.0000 0.0004 0.0032 0.0226 0.1611 1.0000 1.0000 1.0000 0.0015 0.0110 0.0781 0.5556 1.0000 1.0000 0.0007 0.0053 0.0379 0.2697 1.0000 1.0000 0.0004 0.0026 0.0184 0.1307 0.9303 1.0000 1.0000 0.0013 0.0090 0.0659 0.2176 0.0659 0.0090 0.0013 1.0000 1.0000 0.9303 0.1307 0.0184 0.0026 0.0004 1.0000 1.0000 0.2697 0.0379 0.0053 0.0007 1.0000 1.0000 0.5556 0.0781 0.0110 0.0015 1.0000 1.0000 1.0000 0.1611 0.0226 0.0032 0.0004 1.0000 1.0000 0.3319 0.0466 0.0065 0.0009 1.0000 1.0000 0.6849 0.0964 0.0136 0.0019 0.0003 1.0000 1.0000 0.2083 0.0302 0.0044 0.0007 1.0000 1.0000
1.0000 0.0007 0.0047 0.0302 0.2001 1.0000 1.0000 0.0002 0.0017 0.0119 0.0844 0.5984 1.0000 1.0000 0.0008 0.0057 0.0406 0.2888 1.0000 1.0000 0.0004 0.0028 0.0197 0.1402 0.9981 1.0000 1.0000 0.0013 0.0095 0.0679 0.4836 1.0000 1.0000 0.0007 0.0046 0.0330 0.2348 1.0000 1.0000 0.0003 0.0022 0.0160 0.1137 0.8097 1.0000 1.0000 0.0011 0.0078 0.0557 0.4083 1.0000 0.4083 0.0557 0.0078 0.0011 1.0000 1.0000 0.8097 0.1137 0.0160 0.0022 0.0003 1.0000 1.0000 0.2348 0.0330 0.0046 0.0007 1.0000 1.0000 0.4836 0.0679 0.0095 0.0013 1.0000 1.0000 0.9981 0.1402 0.0197 0.0028 0.0004 1.0000 1.0000 0.2888 0.0406 0.0057 0.0008 1.0000 1.0000 0.5984 0.0844 0.0119 0.0017 0.0002 1.0000 1.0000 0.2001 0.0302 0.0047 0.0007 1.0000
0.0007 0.0053 0.0326 0.2083 1.0000 1.0000 1.0000 0.0016 0.0108 0.0753 0.5288 1.0000 1.0000 0.0007 0.0050 0.0354 0.2514 1.0000 1.0000 0.0003 0.0024 0.0171 0.1220 0.8687 1.0000 1.0000 0.0012 0.0083 0.0591 0.4209 1.0000 1.0000 0.0006 0.0040 0.0287 0.2043 1.0000 1.0000 0.0003 0.0020 0.0139 0.0990 0.7047 1.0000 1.0000 0.0009 0.0068 0.0481 0.3454 1.0000 1.0000 1.0000 0.3454 0.0481 0.0068 0.0009 1.0000 1.0000 0.7047 0.0990 0.0139 0.0020 0.0003 1.0000 1.0000 0.2043 0.0287 0.0040 0.0006 1.0000 1.0000 0.4209 0.0591 0.0083 0.0012 1.0000 1.0000 0.8687 0.1220 0.0171 0.0024 0.0003 1.0000 1.0000 0.2514 0.0354 0.0050 0.0007 1.0000 1.0000 0.5288 0.0753 0.0108 0.0016 1.0000 1.0000 1.0000 0.2083 0.0326 0.0053 0.0007
0.0048 0.0374 0.2303 1.0000 1.0000 1.0000 0.0015 0.0101 0.0694 0.4790 1.0000 1.0000 0.0006 0.0044 0.0309 0.2196 1.0000 1.0000 0.0003 0.0021 0.0149 0.1062 0.7561 1.0000 1.0000 0.0010 0.0072 0.0515 0.3664 1.0000 1.0000 0.0005 0.0035 0.0250 0.1778 1.0000 1.0000 0.0002 0.0017 0.0121 0.0862 0.6134 1.0000 1.0000 0.0008 0.0059 0.0418 0.2978 1.0000 1.0000 1.0000 1.0000 1.0000 0.2978 0.0418 0.0059 0.0008 1.0000 1.0000 0.6134 0.0862 0.0121 0.0017 0.0002 1.0000 1.0000 0.1778 0.0250 0.0035 0.0005 1.0000 1.0000 0.3664 0.0515 0.0072 0.0010 1.0000 1.0000 0.7561 0.1062 0.0149 0.0021 0.0003 1.0000 1.0000 0.2196 0.0309 0.0044 0.0006 1.0000 1.0000 0.4790 0.0694 0.0101 0.0015 1.0000 1.0000 1.0000 0.2303 0.0374 0.0048
0.0341 0.2662 1.0000 1.0000 0.0002 0.0016 0.0101 0.0672 0.4533 1.0000 1.0000 0.0006 0.0039 0.0273 0.1930 1.0000 1.0000 0.0003 0.0018 0.0130 0.0925 0.6581 1.0000 1.0000 0.0009 0.0063 0.0448 0.3189 1.0000 1.0000 0.0004 0.0031 0.0217 0.1548 1.0000 1.0000 1.0000 0.0015 0.0105 0.0750 0.5339 1.0000 1.0000 0.0007 0.0051 0.0364 0.2592 1.0000 1.0000 0.0004 0.0012 0.0004 1.0000 1.0000 0.2592 0.0364 0.0051 0.0007 1.0000 1.0000 0.5339 0.0750 0.0105 0.0015 1.0000 1.0000 1.0000 0.1548 0.0217 0.0031 0.0004 1.0000 1.0000 0.3189 0.0448 0.0063 0.0009 1.0000 1.0000 0.6581 0.0925 0.0130 0.0018 0.0003 1.0000 1.0000 0.1930 0.0273 0.0039 0.0006 1.0000 1.0000 0.4533 0.0672 0.0101 0.0016 0.0002 1.0000 1.0000 0.2662 0.0341
0.2429 1.0000 1.0000 0.0003 0.0017 0.0108 0.0694 0.4533 1.0000 1.0000 0.0005 0.0035 0.0246 0.1719 1.0000 1.0000 1.0000 0.0016 0.0113 0.0806 0.5728 1.0000 1.0000 0.0008 0.0055 0.0390 0.2775 1.0000 1.0000 0.0004 0.0027 0.0189 0.1347 0.9590 1.0000 1.0000 0.0013 0.0092 0.0653 0.4647 1.0000 1.0000 0.0006 0.0045 0.0317 0.2256 1.0000 1.0000 0.0003 0.0022 0.0074 0.0022 0.0003 1.0000 1.0000 0.2256 0.0317 0.0045 0.0006 1.0000 1.0000 0.4647 0.0653 0.0092 0.0013 1.0000 1.0000 0.9590 0.1347 0.0189 0.0027 0.0004 1.0000 1.0000 0.2775 0.0390 0.0055 0.0008 1.0000 1.0000 0.5728 0.0806 0.0113 0.0016 1.0000 1.0000 1.0000 0.1719 0.0246 0.0035 0.0005 1.0000 1.0000 0.4533 0.0694 0.0108 0.0017 0.0003 1.0000 1.0000 0.2429
1.0000 1.0000 0.0003 0.0019 0.0119 0.0753 0.4790 1.0000 1.0000 0.0005 0.0034 0.0229 0.1575 1.0000 1.0000 1.0000 0.0014 0.0100 0.0704 0.5004 1.0000 1.0000 0.0007 0.0048 0.0339 0.2416 1.0000 1.0000 0.0003 0.0023 0.0165 0.1173 0.8347 1.0000 1.0000 0.0011 0.0080 0.0568 0.4044 1.0000 1.0000 0.0005 0.0039 0.0276 0.1963 1.0000 1.0000 0.0003 0.0019 0.0139 0.0458 0.0139 0.0019 0.0003 1.0000 1.0000 0.1963 0.0276 0.0039 0.0005 1.0000 1.0000 0.4044 0.0568 0.0080 0.0011 1.0000 1.0000 0.8347 0.1173 0.0165 0.0023 0.0003 1.0000 1.0000 0.2416 0.0339 0.0048 0.0007 1.0000 1.0000 0.5004 0.0704 0.0100 0.0014 1.0000 1.0000 1.0000 0.1575 0.0229 0.0034 0.0005 1.0000 1.0000 0.4790 0.0753 0.0119 0.0019 0.0003 1.0000 1.0000
1.0000 0.0004 0.0022 0.0136 0.0844 0.5288 1.0000 1.0000 0.0005 0.0034 0.0223 0.1499 1.0000 1.0000 1.0000 0.0013 0.0088 0.0621 0.4397 1.0000 1.0000 0.0006 0.0042 0.0295 0.2102 1.0000 1.0000 0.0003 0.0020 0.0143 0.1021 0.7265 1.0000 1.0000 0.0010 0.0069 0.0495 0.3520 1.0000 1.0000 0.0005 0.0034 0.0240 0.1709 1.0000 1.0000 1.0000 0.0016 0.0118 0.0862 0.2839 0.0862 0.0118 0.0016 1.0000 1.0000 1.0000 0.1709 0.0240 0.0034 0.0005 1.0000 1.0000 0.3520 0.0495 0.0069 0.0010 1.0000 1.0000 0.7265 0.1021 0.0143 0.0020 0.0003 1.0000 1.0000 0.2102 0.0295 0.0042 0.0006 1.0000 1.0000 0.4397 0.0621 0.0088 0.0013 1.0000 1.0000 1.0000 0.1499 0.0223 0.0034 0.0005 1.0000 1.0000 0.5288 0.0844 0.0136 0.0022 0.0004 1.0000
0.0003 0.0025 0.0155 0.0964 0.5984 1.0000 1.0000 0.0006 0.0035 0.0229 0.1499 0.9943 1.0000 1.0000 0.0012 0.0080 0.0559 0.3908 1.0000 1.0000 0.0005 0.0036 0.0258 0.1833 1.0000 1.0000 0.0002 0.0018 0.0125 0.0888 0.6323 1.0000 1.0000 0.0008 0.0060 0.0430 0.3064 1.0000 1.0000 0.0004 0.0029 0.0209 0.1487 1.0000 1.0000 1.0000 0.0014 0.0101 0.0729 0.5339 1.0000 0.5339 0.0729 0.0101 0.0014 1.0000 1.0000 1.0000 0.1487 0.0209 0.0029 0.0004 1.0000 1.0000 0.3064 0.0430 0.0060 0.0008 1.0000 1.0000 0.6323 0.0888 0.0125 0.0018 0.0002 1.0000 1.0000 0.1833 0.0258 0.0036 0.0005 1.0000 1.0000 0.3908 0.0559 0.0080 0.0012 1.0000 1.0000 0.9943 0.1499 0.0229 0.0035 0.0006 1.0000 1.0000 0.5984 0.0964 0.0155 0.0025 0.0003
0.0023 0.0181 0.1103 0.6849 1.0000 1.0000 0.0006 0.0039 0.0246 0.1575 1.0000 1.0000 1.0000 0.0011 0.0075 0.0515 0.3554 1.0000 1.0000 0.0005 0.0032 0.0226 0.1605 1.0000 1.0000 1.0000 0.0015 0.0109 0.0773 0.5504 1.0000 1.0000 0.0007 0.0053 0.0375 0.2667 1.0000 1.0000 0.0004 0.0026 0.0182 0.1295 0.9215 1.0000 1.0000 0.0012 0.0088 0.0627 0.4516 1.0000 1.0000 1.0000 0.4516 0.0627 0.0088 0.0012 1.0000 1.0000 0.9215 0.1295 0.0182 0.0026 0.0004 1.0000 1.0000 0.2667 0.0375 0.0053 0.0007 1.0000 1.0000 0.5504 0.0773 0.0109 0.0015 1.0000 1.0000 1.0000 0.1605 0.0226 0.0032 0.0005 1.0000 1.0000 0.3554 0.0515 0.0075 0.0011 1.0000 1.0000 1.0000 0.1575 0.0246 0.0039 0.0006 1.0000 1.0000 0.6849 0.1103 0.0181 0.0023
0.0166 0.1290 0.7854 1.0000 1.0000 0.0007 0.0044 0.0273 0.1719 1.0000 1.0000 1.0000 0.0011 0.0073 0.0493 0.3338 1.0000 1.0000 0.0004 0.0029 0.0201 0.1416 1.0000 1.0000 1.0000 0.0013 0.0095 0.0673 0.4790 1.0000 1.0000 0.0006 0.0046 0.0326 0.2321 1.0000 1.0000 0.0003 0.0022 0.0158 0.1127 0.8020 1.0000 1.0000 0.0011 0.0077 0.0546 0.3893 1.0000 1.0000 1.0000 1.0000 1.0000 0.3893 0.0546 0.0077 0.0011 1.0000 1.0000 0.8020 0.1127 0.0158 0.0022 0.0003 1.0000 1.0000 0.2321 0.0326 0.0046 0.0006 1.0000 1.0000 0.4790 0.0673 0.0095 0.0013 1.0000 1.0000 1.0000 0.1416 0.0201 0.0029 0.0004 1.0000 1.0000 0.3338 0.0493 0.0073 0.0011 1.0000 1.0000 1.0000 0.1719 0.0273 0.0044 0.0007 1.0000 1.0000 0.7854 0.1290 0.0166
0.1177 0.9180 1.0000 1.0000 0.0008 0.0050 0.0309 0.1930 1.0000 1.0000 1.0000 0.0012 0.0075 0.0493 0.3268 1.0000 1.0000 0.0004 0.0026 0.0181 0.1265 0.8888 1.0000 1.0000 0.0012 0.0083 0.0587 0.4177 1.0000 1.0000 0.0006 0.0040 0.0284 0.2020 1.0000 1.0000 0.0003 0.0019 0.0138 0.0981 0.6981 1.0000 1.0000 0.0009 0.0067 0.0475 0.3382 1.0000 1.0000 0.0005 0.0016 0.0005 1.0000 1.0000 0.3382 0.0475 0.0067 0.0009 1.0000 1.0000 0.6981 0.0981 0.0138 0.0019 0.0003 1.0000 1.0000 0.2020 0.0284 0.0040 0.0006 1.0000 1.0000 0.4177 0.0587 0.0083 0.0012 1.0000 1.0000 0.8888 0.1265 0.0181 0.0026 0.0004 1.0000 1.0000 0.3268 0.0493 0.0075 0.0012 1.0000 1.0000 1.0000 0.1930 0.0309 0.0050 0.0008 1.0000 1.0000 0.9180 0.1177
0.8395 1.0000 1.0000 0.0009 0.0057 0.0354 0.2196 1.0000 1.0000 1.0000 0.0013 0.0080 0.0515 0.3338 1.0000 1.0000 0.0004 0.0025 0.0168 0.1157 0.8020 1.0000 1.0000 0.0010 0.0073 0.0515 0.3650 1.0000 1.0000 0.0005 0.0035 0.0247 0.1758 1.0000 1.0000 0.0002 0.0017 0.0120 0.0854 0.6076 1.0000 1.0000 0.0008 0.0058 0.0414 0.2944 1.0000 1.0000 0.0004 0.0029 0.0097 0.0029 0.0004 1.0000 1.0000 0.2944 0.0414 0.0058 0.0008 1.0000 1.0000 0.6076 0.0854 0.0120 0.0017 0.0002 1.0000 1.0000 0.1758 0.0247 0.0035 0.0005 1.0000 1.0000 0.3650 0.0515 0.0073 0.0010 1.0000 1.0000 0.8020 0.1157 0.0168 0.0025 0.0004 1.0000 1.0000 0.3338 0.0515 0.0080 0.0013 1.0000 1.0000 1.0000 0.2196 0.0354 0.0057 0.0009 1.0000 1.0000 0.8395
1.0000 1.0000 0.0011 0.0065 0.0406 0.2514 1.0000 1.0000 1.0000 0.0014 0.0088 0.0559 0.3554 1.0000 1.0000 0.0004 0.0024 0.0161 0.1091 0.7447 1.0000 1.0000 0.0009 0.0065 0.0456 0.3219 1.0000 1.0000 0.0004 0.0030 0.0215 0.1530 1.0000 1.0000 1.0000 0.0015 0.0104 0.0743 0.5288 1.0000 1.0000 0.0007 0.0051 0.0360 0.2562 1.0000 1.0000 0.0003 0.0025 0.0182 0.0598 0.0182 0.0025 0.0003 1.0000 1.0000 0.2562 0.0360 0.0051 0.0007 1.0000 1.0000 0.5288 0.0743 0.0104 0.0015 1.0000 1.0000 1.0000 0.1530 0.0215 0.0030 0.0004 1.0000 1.0000 0.3219 0.0456 0.0065 0.0009 1.0000 1.0000 0.7447 0.1091 0.0161 0.0024 0.0004 1.0000 1.0000 0.3554 0.0559 0.0088 0.0014 1.0000 1.0000 1.0000 0.2514 0.0406 0.0065 0.0011 1.0000 1.0000
1.0000 0.0012 0.0075 0.0466 0.2888 1.0000 1.0000 0.0003 0.0016 0.0100 0.0621 0.3908 1.0000 1.0000 0.0004 0.0025 0.0161 0.1068 0.7155 1.0000 1.0000 0.0008 0.0059 0.0410 0.2867 1.0000 1.0000 0.0004 0.0026 0.0188 0.1335 0.9499 1.0000 1.0000 0.0013 0.0091 0.0647 0.4603 1.0000 1.0000 0.0006 0.0044 0.0313 0.2230 1.0000 1.0000 0.0003 0.0021 0.0154 0.1125 0.3713 0.1125 0.0154 0.0021 0.0003 1.0000 1.0000 0.2230 0.0313 0.0044 0.0006 1.0000 1.0000 0.4603 0.0647 0.0091 0.0013 1.0000 1.0000 0.9499 0.1335 0.0188 0.0026 0.0004 1.0000 1.0000 0.2867 0.0410 0.0059 0.0008 1.0000 1.0000 0.7155 0.1068 0.0161 0.0025 0.0004 1.0000 1.0000 0.3908 0.0621 0.0100 0.0016 0.0003 1.0000 1.0000 0.2888 0.0466 0.0075 0.0012 1.0000
0.0011 0.0088 0.0536 0.3319 1.0000 1.0000 0.0003 0.0018 0.0113 0.0704 0.4397 1.0000 1.0000 0.0004 0.0026 0.0168 0.1091 0.7155 1.0000 1.0000 0.0008 0.0055 0.0376 0.2602 1.0000 1.0000 0.0003 0.0023 0.0165 0.1170 0.8300 1.0000 1.0000 0.0011 0.0079 0.0563 0.4006 1.0000 1.0000 0.0005 0.0038 0.0273 0.1941 1.0000 1.0000 0.0003 0.0019 0.0132 0.0951 0.6967 1.0000 0.6967 0.0951 0.0132 0.0019 0.0003 1.0000 1.0000 0.1941 0.0273 0.0038 0.0005 1.0000 1.0000 0.4006 0.0563 0.0079 0.0011 1.0000 1.0000 0.8300 0.1170 0.0165 0.0023 0.0003 1.0000 1.0000 0.2602 0.0376 0.0055 0.0008 1.0000 1.0000 0.7155 0.1091 0.0168 0.0026 0.0004 1.0000 1.0000 0.4397 0.0704 0.0113 0.0018 0.0003 1.0000 1.0000 0.3319 0.0536 0.0088 0.0011
0.0080 0.0626 0.3813 1.0000 1.0000 0.0003 0.0021 0.0130 0.0806 0.5004 1.0000 1.0000 0.0005 0.0029 0.0181 0.1157 0.7447 1.0000 1.0000 0.0008 0.0053 0.0356 0.2425 1.0000 1.0000 0.0003 0.0021 0.0147 0.1034 0.7307 1.0000 1.0000 0.0010 0.0069 0.0490 0.3487 1.0000 1.0000 0.0005 0.0033 0.0237 0.1689 1.0000 1.0000 1.0000 0.0016 0.0115 0.0820 0.5894 1.0000 1.0000 1.0000 0.5894 0.0820 0.0115 0.0016 1.0000 1.0000 1.0000 0.1689 0.0237 0.0033 0.0005 1.0000 1.0000 0.3487 0.0490 0.0069 0.0010 1.0000 1.0000 0.7307 0.1034 0.0147 0.0021 0.0003 1.0000 1.0000 0.2425 0.0356 0.0053 0.0008 1.0000 1.0000 0.7447 0.1157 0.0181 0.0029 0.0005 1.0000 1.0000 0.5004 0.0806 0.0130 0.0021 0.0003 1.0000 1.0000 0.3813 0.0626 0.0080
0.0571 0.4448 1.0000 1.0000 0.0004 0.0024 0.0149 0.0925 0.5728 1.0000 1.0000 0.0005 0.0032 0.0201 0.1265 0.8020 1.0000 1.0000 0.0008 0.0053 0.0350 0.2339 1.0000 1.0000 0.0003 0.0019 0.0132 0.0925 0.6494 1.0000 1.0000 0.0009 0.0060 0.0427 0.3041 1.0000 1.0000 0.0004 0.0029 0.0207 0.1470 1.0000 1.0000 1.0000 0.0014 0.0100 0.0714 0.5081 1.0000 1.0000 0.0003 1.0000 1.0000 0.5081 0.0714 0.0100 0.0014 1.0000 1.0000 1.0000 0.1470 0.0207 0.0029 0.0004 1.0000 1.0000 0.3041 0.0427 0.0060 0.0009 1.0000 1.0000 0.6494 0.0925 0.0132 0.0019 0.0003 1.0000 1.0000 0.2339 0.0350 0.0053 0.0008 1.0000 1.0000 0.8020 0.1265 0.0201 0.0032 0.0005 1.0000 1.0000 0.5728 0.0925 0.0149 0.0024 0.0004 1.0000 1.0000 0.4448 0.0571
0.4068 1.0000 1.0000 0.0004 0.0028 0.0171 0.1062 0.6581 1.0000 1.0000 0.0006 0.0036 0.0226 0.1416 0.8888 1.0000 1.0000 0.0008 0.0055 0.0356 0.2339 1.0000 1.0000 0.0003 0.0018 0.0122 0.0844 0.5860 1.0000 1.0000 0.0008 0.0053 0.0375 0.2662 1.0000 1.0000 0.0004 0.0025 0.0180 0.1280 0.9110 1.0000 1.0000 0.0012 0.0087 0.0621 0.4423 1.0000 1.0000 0.0006 0.0020 0.0006 1.0000 1.0000 0.4423 0.0621 0.0087 0.0012 1.0000 1.0000 0.9110 0.1280 0.0180 0.0025 0.0004 1.0000 1.0000 0.2662 0.0375 0.0053 0.0008 1.0000 1.0000 0.5860 0.0844 0.0122 0.0018 0.0003 1.0000 1.0000 0.2339 0.0356 0.0055 0.0008 1.0000 1.0000 0.8888 0.1416 0.0226 0.0036 0.0006 1.0000 1.0000 0.6581 0.1062 0.0171 0.0028 0.0004 1.0000 1.0000 0.4068
1.0000 1.0000 0.0005 0.0032 0.0197 0.1220 0.7561 1.0000 1.0000 0.0007 0.0042 0.0258 0.1605 1.0000 1.0000 1.0000 0.0009 0.0059 0.0376 0.2425 1.0000 1.0000 0.0003 0.0017 0.0116 0.0788 0.5400 1.0000 1.0000 0.0007 0.0047 0.0332 0.2348 1.0000 1.0000 0.0003 0.0022 0.0157 0.1114 0.7929 1.0000 1.0000 0.0011 0.0076 0.0541 0.3849 1.0000 1.0000 0.0005 0.0038 0.0126 0.0038 0.0005 1.0000 1.0000 0.3849 0.0541 0.0076 0.0011 1.0000 1.0000 0.7929 0.1114 0.0157 0.0022 0.0003 1.0000 1.0000 0.2348 0.0332 0.0047 0.0007 1.0000 1.0000 0.5400 0.0788 0.0116 0.0017 0.0003 1.0000 1.0000 0.2425 0.0376 0.0059 0.0009 1.0000 1.0000 1.0000 0.1605 0.0258 0.0042 0.0007 1.0000 1.0000 0.7561 0.1220 0.0197 0.0032 0.0005 1.0000 1.0000
1.0000 0.0006 0.0036 0.0226 0.1402 0.8687 1.0000 1.0000 0.0008 0.0048 0.0295 0.1833 1.0000 1.0000 1.0000 0.0010 0.0065 0.0410 0.2602 1.0000 1.0000 0.0003 0.0017 0.0114 0.0760 0.5130 1.0000 1.0000 0.0006 0.0043 0.0298 0.2090 1.0000 1.0000 0.0003 0.0019 0.0137 0.0971 0.6915 1.0000 1.0000 0.0009 0.0066 0.0471 0.3350 1.0000 1.0000 0.0005 0.0032 0.0237 0.0782 0.0237 0.0032 0.0005 1.0000 1.0000 0.3350 0.0471 0.0066 0.0009 1.0000 1.0000 0.6915 0.0971 0.0137 0.0019 0.0003 1.0000 1.0000 0.2090 0.0298 0.0043 0.0006 1.0000 1.0000 0.5130 0.0760 0.0114 0.0017 0.0003 1.0000 1.0000 0.2602 0.0410 0.0065 0.0010 1.0000 1.0000 1.0000 0.1833 0.0295 0.0048 0.0008 1.0000 1.0000 0.8687 0.1402 0.0226 0.0036 0.0006 1.0000
0.0005 0.0043 0.0260 0.1611 0.9981 1.0000 1.0000 0.0009 0.0055 0.0339 0.2102 1.0000 1.0000 1.0000 0.0012 0.0073 0.0456 0.2867 1.0000 1.0000 0.0003 0.0018 0.0116 0.0760 0.5043 1.0000 1.0000 0.0006 0.0040 0.0273 0.1890 1.0000 1.0000 0.0002 0.0017 0.0120 0.0852 0.6041 1.0000 1.0000 0.0008 0.0058 0.0410 0.2916 1.0000 1.0000 0.0004 0.0028 0.0201 0.1470 0.4845 0.1470 0.0201 0.0028 0.0004 1.0000 1.0000 0.2916 0.0410 0.0058 0.0008 1.0000 1.0000 0.6041 0.0852 0.0120 0.0017 0.0002 1.0000 1.0000 0.1890 0.0273 0.0040 0.0006 1.0000 1.0000 0.5043 0.0760 0.0116 0.0018 0.0003 1.0000 1.0000 0.2867 0.0456 0.0073 0.0012 1.0000 1.0000 1.0000 0.2102 0.0339 0.0055 0.0009 1.0000 1.0000 0.9981 0.1611 0.0260 0.0043 0.0005
0.0039 0.0303 0.1847 1.0000 1.0000 1.0000 0.0010 0.0063 0.0390 0.2416 1.0000 1.0000 1.0000 0.0013 0.0083 0.0515 0.3219 1.0000 1.0000 0.0003 0.0019 0.0122 0.0788 0.5130 1.0000 1.0000 0.0006 0.0038 0.0256 0.1752 1.0000 1.0000 1.0000 0.0015 0.0107 0.0753 0.5318 1.0000 1.0000 0.0007 0.0050 0.0357 0.2538 1.0000 1.0000 0.0003 0.0024 0.0173 0.1244 0.9110 1.0000 0.9110 0.1244 0.0173 0.0024 0.0003 1.0000 1.0000 0.2538 0.0357 0.0050 0.0007 1.0000 1.0000 0.5318 0.0753 0.0107 0.0015 1.0000 1.0000 1.0000 0.1752 0.0256 0.0038 0.0006 1.0000 1.0000 0.5130 0.0788 0.0122 0.0019 0.0003 1.0000 1.0000 0.3219 0.0515 0.0083 0.0013 1.0000 1.0000 1.0000 0.2416 0.0390 0.0063 0.0010 1.0000 1.0000 1.0000 0.1847 0.0303 0.0039
0.0277 0.2159 1.0000 1.0000 1.0000 0.0012 0.0072 0.0448 0.2775 1.0000 1.0000 0.0002 0.0015 0.0095 0.0587 0.3650 1.0000 1.0000 0.0003 0.0021 0.0132 0.0844 0.5400 1.0000 1.0000 0.0006 0.0037 0.0247 0.1667 1.0000 1.0000 1.0000 0.0014 0.0096 0.0673 0.4727 1.0000 1.0000 0.0006 0.0044 0.0312 0.2213 1.0000 1.0000 0.0003 0.0021 0.0150 0.1070 0.7706 1.0000 1.0000 1.0000 0.7706 0.1070 0.0150 0.0021 0.0003 1.0000 1.0000 0.2213 0.0312 0.0044 0.0006 1.0000 1.0000 0.4727 0.0673 0.0096 0.0014 1.0000 1.0000 1.0000 0.1667 0.0247 0.0037 0.0006 1.0000 1.0000 0.5400 0.0844 0.0132 0.0021 0.0003 1.0000 1.0000 0.3650 0.0587 0.0095 0.0015 0.0002 1.0000 1.0000 0.2775 0.0448 0.0072 0.0012 1.0000 1.0000 1.0000 0.2159 0.0277
0.1975 1.0000 1.0000 1.0000 0.0013 0.0083 0.0515 0.3189 1.0000 1.0000 0.0003 0.0018 0.0109 0.0673 0.4177 1.0000 1.0000 0.0004 0.0023 0.0147 0.0925 0.5860 1.0000 1.0000 0.0006 0.0038 0.0247 0.1639 1.0000 1.0000 1.0000 0.0013 0.0088 0.0611 0.4257 1.0000 1.0000 0.0005 0.0039 0.0273 0.1934 1.0000 1.0000 0.0003 0.0018 0.0131 0.0932 0.6644 1.0000 1.0000 0.0004 1.0000 1.0000 0.6644 0.0932 0.0131 0.0018 0.0003 1.0000 1.0000 0.1934 0.0273 0.0039 0.0005 1.0000 1.0000 0.4257 0.0611 0.0088 0.0013 1.0000 1.0000 1.0000 0.1639 0.0247 0.0038 0.0006 1.0000 1.0000 0.5860 0.0925 0.0147 0.0023 0.0004 1.0000 1.0000 0.4177 0.0673 0.0109 0.0018 0.0003 1.0000 1.0000 0.3189 0.0515 0.0083 0.0013 1.0000 1.0000 1.0000 0.1975
1.0000 1.0000 0.0002 0.0015 0.0095 0.0591 0.3664 1.0000 1.0000 0.0003 0.0020 0.0125 0.0773 0.4790 1.0000 1.0000 0.0004 0.0026 0.0165 0.1034 0.6494 1.0000 1.0000 0.0006 0.0040 0.0256 0.1667 1.0000 1.0000 1.0000 0.0012 0.0083 0.0567 0.3901 1.0000 1.0000 0.0005 0.0034 0.0242 0.1706 1.0000 1.0000 1.0000 0.0016 0.0114 0.0811 0.5772 1.0000 1.0000 0.0008 0.0027 0.0008 1.0000 1.0000 0.5772 0.0811 0.0114 0.0016 1.0000 1.0000 1.0000 0.1706 0.0242 0.0034 0.0005 1.0000 1.0000 0.3901 0.0567 0.0083 0.0012 1.0000 1.0000 1.0000 0.1667 0.0256 0.0040 0.0006 1.0000 1.0000 0.6494 0.1034 0.0165 0.0026 0.0004 1.0000 1.0000 0.4790 0.0773 0.0125 0.0020 0.0003 1.0000 1.0000 0.3664 0.0591 0.0095 0.0015 0.0002 1.0000 1.0000
1.0000 0.0003 0.0018 0.0110 0.0679 0.4209 1.0000 1.0000 0.0004 0.0023 0.0143 0.0888 0.5504 1.0000 1.0000 0.0005 0.0030 0.0188 0.1170 0.7307 1.0000 1.0000 0.0007 0.0043 0.0273 0.1752 1.0000 1.0000 1.0000 0.0012 0.0080 0.0541 0.3671 1.0000 1.0000 0.0004 0.0031 0.0217 0.1519 1.0000 1.0000 1.0000 0.0014 0.0100 0.0707 0.5033 1.0000 1.0000 0.0007 0.0050 0.0165 0.0050 0.0007 1.0000 1.0000 0.5033 0.0707 0.0100 0.0014 1.0000 1.0000 1.0000 0.1519 0.0217 0.0031 0.0004 1.0000 1.0000 0.3671 0.0541 0.0080 0.0012 1.0000 1.0000 1.0000 0.1752 0.0273 0.0043 0.0007 1.0000 1.0000 0.7307 0.1170 0.0188 0.0030 0.0005 1.0000 1.0000 0.5504 0.0888 0.0143 0.0023 0.0004 1.0000 1.0000 0.4209 0.0679 0.0110 0.0018 0.0003 1.0000
0.0003 0.0021 0.0126 0.0781 0.4836 1.0000 1.0000 0.0004 0.0027 0.0165 0.1021 0.6323 1.0000 1.0000 0.0006 0.0035 0.0215 0.1335 0.8300 1.0000 1.0000 0.0008 0.0047 0.0298 0.1890 1.0000 1.0000 1.0000 0.0012 0.0080 0.0533 0.3561 1.0000 1.0000 0.0004 0.0028 0.0197 0.1373 0.9572 1.0000 1.0000 0.0012 0.0088 0.0620 0.4397 1.0000 1.0000 0.0006 0.0042 0.0310 0.1021 0.0310 0.0042 0.0006 1.0000 1.0000 0.4397 0.0620 0.0088 0.0012 1.0000 1.0000 0.9572 0.1373 0.0197 0.0028 0.0004 1.0000 1.0000 0.3561 0.0533 0.0080 0.0012 1.0000 1.0000 1.0000 0.1890 0.0298 0.0047 0.0008 1.0000 1.0000 0.8300 0.1335 0.0215 0.0035 0.0006 1.0000 1.0000 0.6323 0.1021 0.0165 0.0027 0.0004 1.0000 1.0000 0.4836 0.0781 0.0126 0.0021 0.0003
0.0019 0.0147 0.0897 0.5556 1.0000 1.0000 0.0005 0.0031 0.0189 0.1173 0.7265 1.0000 1.0000 0.0006 0.0040 0.0247 0.1530 0.9499 1.0000 1.0000 0.0009 0.0053 0.0332 0.2090 1.0000 1.0000 1.0000 0.0013 0.0083 0.0541 0.3561 1.0000 1.0000 0.0004 0.0027 0.0183 0.1261 0.8720 1.0000 1.0000 0.0011 0.0078 0.0548 0.3871 1.0000 1.0000 0.0005 0.0037 0.0262 0.1919 0.6335 0.1919 0.0262 0.0037 0.0005 1.0000 1.0000 0.3871 0.0548 0.0078 0.0011 1.0000 1.0000 0.8720 0.1261 0.0183 0.0027 0.0004 1.0000 1.0000 0.3561 0.0541 0.0083 0.0013 1.0000 1.0000 1.0000 0.2090 0.0332 0.0053 0.0009 1.0000 1.0000 0.9499 0.1530 0.0247 0.0040 0.0006 1.0000 1.0000 0.7265 0.1173 0.0189 0.0031 0.0005 1.0000 1.0000 0.5556 0.0897 0.0147 0.0019
0.0134 0.1046 0.6384 1.0000 1.0000 0.0006 0.0035 0.0217 0.1347 0.8347 1.0000 1.0000 0.0007 0.0046 0.0284 0.1758 1.0000 1.0000 1.0000 0.0010 0.0060 0.0375 0.2348 1.0000 1.0000 1.0000 0.0014 0.0088 0.0567 0.3671 1.0000 1.0000 0.0004 0.0026 0.0175 0.1188 0.8112 1.0000 1.0000 0.0010 0.0070 0.0489 0.3434 1.0000 1.0000 0.0005 0.0032 0.0227 0.1626 1.0000 1.0000 1.0000 0.1626 0.0227 0.0032 0.0005 1.0000 1.0000 0.3434 0.0489 0.0070 0.0010 1.0000 1.0000 0.8112 0.1188 0.0175 0.0026 0.0004 1.0000 1.0000 0.3671 0.0567 0.0088 0.0014 1.0000 1.0000 1.0000 0.2348 0.0375 0.0060 0.0010 1.0000 1.0000 1.0000 0.1758 0.0284 0.0046 0.0007 1.0000 1.0000 0.8347 0.1347 0.0217 0.0035 0.0006 1.0000 1.0000 0.6384 0.1046 0.0134
0.0957 0.7461 1.0000 1.0000 0.0007 0.0040 0.0250 0.1548 0.9590 1.0000 1.0000 0.0008 0.0053 0.0326 0.2020 1.0000 1.0000 1.0000 0.0011 0.0069 0.0427 0.2662 1.0000 1.0000 0.0002 0.0015 0.0096 0.0611 0.3901 1.0000 1.0000 0.0004 0.0026 0.0173 0.1153 0.7765 1.0000 1.0000 0.0009 0.0064 0.0442 0.3087 1.0000 1.0000 0.0004 0.0028 0.0199 0.1410 1.0000 1.0000 1.0000 1.0000 1.0000 0.1410 0.0199 0.0028 0.0004 1.0000 1.0000 0.3087 0.0442 0.0064 0.0009 1.0000 1.0000 0.7765 0.1153 0.0173 0.0026 0.0004 1.0000 1.0000 0.3901 0.0611 0.0096 0.0015 0.0002 1.0000 1.0000 0.2662 0.0427 0.0069 0.0011 1.0000 1.0000 1.0000 0.2020 0.0326 0.0053 0.0008 1.0000 1.0000 0.9590 0.1548 0.0250 0.0040 0.0007 1.0000 1.0000 0.7461 0.0957
0.6810 1.0000 1.0000 0.0007 0.0046 0.0287 0.1778 1.0000 1.0000 1.0000 0.0010 0.0060 0.0375 0.2321 1.0000 1.0000 1.0000 0.0013 0.0079 0.0490 0.3041 1.0000 1.0000 0.0003 0.0017 0.0107 0.0673 0.4257 1.0000 1.0000 0.0004 0.0027 0.0175 0.1153 0.7648 1.0000 1.0000 0.0009 0.0059 0.0407 0.2813 1.0000 1.0000 0.0004 0.0025 0.0176 0.1241 0.8787 1.0000 1.0000 0.0006 1.0000 1.0000 0.8787 0.1241 0.0176 0.0025 0.0004 1.0000 1.0000 0.2813 0.0407 0.0059 0.0009 1.0000 1.0000 0.7648 0.1153 0.0175 0.0027 0.0004 1.0000 1.0000 0.4257 0.0673 0.0107 0.0017 0.0003 1.0000 1.0000 0.3041 0.0490 0.0079 0.0013 1.0000 1.0000 1.0000 0.2321 0.0375 0.0060 0.0010 1.0000 1.0000 1.0000 0.1778 0.0287 0.0046 0.0007 1.0000 1.0000 0.6810
1.0000 1.0000 0.0009 0.0053 0.0330 0.2043 1.0000 1.0000 1.0000 0.0011 0.0069 0.0430 0.2667 1.0000 1.0000 0.0002 0.0015 0.0091 0.0563 0.3487 1.0000 1.0000 0.0003 0.0019 0.0120 0.0753 0.4727 1.0000 1.0000 0.0004 0.0028 0.0183 0.1188 0.7765 1.0000 1.0000 0.0008 0.0057 0.0385 0.2626 1.0000 1.0000 0.0003 0.0022 0.0157 0.1103 0.7765 1.0000 1.0000 0.0011 0.0035 0.0011 1.0000 1.0000 0.7765 0.1103 0.0157 0.0022 0.0003 1.0000 1.0000 0.2626 0.0385 0.0057 0.0008 1.0000 1.0000 0.7765 0.1188 0.0183 0.0028 0.0004 1.0000 1.0000 0.4727 0.0753 0.0120 0.0019 0.0003 1.0000 1.0000 0.3487 0.0563 0.0091 0.0015 0.0002 1.0000 1.0000 0.2667 0.0430 0.0069 0.0011 1.0000 1.0000 1.0000 0.2043 0.0330 0.0053 0.0009 1.0000 1.0000
1.0000 0.0010 0.0061 0.0379 0.2348 1.0000 1.0000 1.0000 0.0013 0.0080 0.0495 0.3064 1.0000 1.0000 0.0003 0.0017 0.0104 0.0647 0.4006 1.0000 1.0000 0.0004 0.0022 0.0137 0.0852 0.5318 1.0000 1.0000 0.0005 0.0031 0.0197 0.1261 0.8112 1.0000 1.0000 0.0008 0.0056 0.0373 0.2509 1.0000 1.0000 0.0003 0.0021 0.0143 0.0992 0.6941 1.0000 1.0000 0.0009 0.0066 0.0219 0.0066 0.0009 1.0000 1.0000 0.6941 0.0992 0.0143 0.0021 0.0003 1.0000 1.0000 0.2509 0.0373 0.0056 0.0008 1.0000 1.0000 0.8112 0.1261 0.0197 0.0031 0.0005 1.0000 1.0000 0.5318 0.0852 0.0137 0.0022 0.0004 1.0000 1.0000 0.4006 0.0647 0.0104 0.0017 0.0003 1.0000 1.0000 0.3064 0.0495 0.0080 0.0013 1.0000 1.0000 1.0000 0.2348 0.0379 0.0061 0.0010 1.0000
0.0009 0.0071 0.0435 0.2697 1.0000 1.0000 0.0002 0.0015 0.0092 0.0568 0.3520 1.0000 1.0000 0.0003 0.0019 0.0120 0.0743 0.4603 1.0000 1.0000 0.0004 0.0025 0.0157 0.0971 0.6041 1.0000 1.0000 0.0005 0.0034 0.0217 0.1373 0.8720 1.0000 1.0000 0.0009 0.0057 0.0373 0.2471 1.0000 1.0000 0.0003 0.0019 0.0132 0.0907 0.6299 1.0000 1.0000 0.0008 0.0057 0.0415 0.1365 0.0415 0.0057 0.0008 1.0000 1.0000 0.6299 0.0907 0.0132 0.0019 0.0003 1.0000 1.0000 0.2471 0.0373 0.0057 0.0009 1.0000 1.0000 0.8720 0.1373 0.0217 0.0034 0.0005 1.0000 1.0000 0.6041 0.0971 0.0157 0.0025 0.0004 1.0000 1.0000 0.4603 0.0743 0.0120 0.0019 0.0003 1.0000 1.0000 0.3520 0.0568 0.0092 0.0015 0.0002 1.0000 1.0000 0.2697 0.0435 0.0071 0.0009
0.0065 0.0508 0.3093 1.0000 1.0000 0.0003 0.0017 0.0105 0.0653 0.4044 1.0000 1.0000 0.0004 0.0022 0.0138 0.0854 0.5288 1.0000 1.0000 0.0005 0.0029 0.0180 0.1114 0.6915 1.0000 1.0000 0.0006 0.0039 0.0242 0.1519 0.9572 1.0000 1.0000 0.0009 0.0059 0.0385 0.2509 1.0000 1.0000 0.0003 0.0018 0.0124 0.0849 0.5816 1.0000 1.0000 0.0007 0.0050 0.0358 0.2597 0.8540 0.2597 0.0358 0.0050 0.0007 1.0000 1.0000 0.5816 0.0849 0.0124 0.0018 0.0003 1.0000 1.0000 0.2509 0.0385 0.0059 0.0009 1.0000 1.0000 0.9572 0.1519 0.0242 0.0039 0.0006 1.0000 1.0000 0.6915 0.1114 0.0180 0.0029 0.0005 1.0000 1.0000 0.5288 0.0854 0.0138 0.0022 0.0004 1.0000 1.0000 0.4044 0.0653 0.0105 0.0017 0.0003 1.0000 1.0000 0.3093 0.0508 0.0065
0.0464 0.3615 1.0000 1.0000 0.0003 0.0020 0.0121 0.0750 0.4647 1.0000 1.0000 0.0004 0.0026 0.0158 0.0981 0.6076 1.0000 1.0000 0.0005 0.0033 0.0207 0.1280 0.7929 1.0000 1.0000 0.0007 0.0044 0.0273 0.1706 1.0000 1.0000 1.0000 0.0010 0.0064 0.0407 0.2626 1.0000 1.0000 0.0003 0.0018 0.0121 0.0812 0.5504 1.0000 1.0000 0.0007 0.0046 0.0319 0.2256 1.0000 1.0000 1.0000 0.2256 0.0319 0.0046 0.0007 1.0000 1.0000 0.5504 0.0812 0.0121 0.0018 0.0003 1.0000 1.0000 0.2626 0.0407 0.0064 0.0010 1.0000 1.0000 1.0000 0.1706 0.0273 0.0044 0.0007 1.0000 1.0000 0.7929 0.1280 0.0207 0.0033 0.0005 1.0000 1.0000 0.6076 0.0981 0.0158 0.0026 0.0004 1.0000 1.0000 0.4647 0.0750 0.0121 0.0020 0.0003 1.0000 1.0000 0.3615 0.0464
0.3300 1.0000 1.0000 0.0004 0.0022 0.0139 0.0862 0.5339 1.0000 1.0000 0.0005 0.0029 0.0182 0.1127 0.6981 1.0000 1.0000 0.0006 0.0038 0.0237 0.1470 0.9110 1.0000 1.0000 0.0008 0.0050 0.0312 0.1934 1.0000 1.0000 1.0000 0.0011 0.0070 0.0442 0.2813 1.0000 1.0000 0.0003 0.0018 0.0121 0.0800 0.5339 1.0000 1.0000 0.0006 0.0042 0.0292 0.2028 1.0000 1.0000 1.0000 1.0000 1.0000 0.2028 0.0292 0.0042 0.0006 1.0000 1.0000 0.5339 0.0800 0.0121 0.0018 0.0003 1.0000 1.0000 0.2813 0.0442 0.0070 0.0011 1.0000 1.0000 1.0000 0.1934 0.0312 0.0050 0.0008 1.0000 1.0000 0.9110 0.1470 0.0237 0.0038 0.0006 1.0000 1.0000 0.6981 0.1127 0.0182 0.0029 0.0005 1.0000 1.0000 0.5339 0.0862 0.0139 0.0022 0.0004 1.0000 1.0000 0.3300
1.0000 1.0000 0.0004 0.0026 0.0160 0.0990 0.6134 1.0000 1.0000 0.0005 0.0034 0.0209 0.1295 0.8020 1.0000 1.0000 0.0007 0.0044 0.0273 0.1689 1.0000 1.0000 1.0000 0.0009 0.0058 0.0357 0.2213 1.0000 1.0000 1.0000 0.0012 0.0078 0.0489 0.3087 1.0000 1.0000 0.0003 0.0019 0.0124 0.0812 0.5339 1.0000 1.0000 0.0006 0.0040 0.0274 0.1876 1.0000 1.0000 1.0000 0.0008 1.0000 1.0000 1.0000 0.1876 0.0274 0.0040 0.0006 1.0000 1.0000 0.5339 0.0812 0.0124 0.0019 0.0003 1.0000 1.0000 0.3087 0.0489 0.0078 0.0012 1.0000 1.0000 1.0000 0.2213 0.0357 0.0058 0.0009 1.0000 1.0000 1.0000 0.1689 0.0273 0.0044 0.0007 1.0000 1.0000 0.8020 0.1295 0.0209 0.0034 0.0005 1.0000 1.0000 0.6134 0.0990 0.0160 0.0026 0.0004 1.0000 1.0000
1.0000 0.0005 0.0030 0.0184 0.1137 0.7047 1.0000 1.0000 0.0006 0.0039 0.0240 0.1487 0.9215 1.0000 1.0000 0.0008 0.0051 0.0313 0.1941 1.0000 1.0000 1.0000 0.0011 0.0066 0.0410 0.2538 1.0000 1.0000 1.0000 0.0014 0.0088 0.0548 0.3434 1.0000 1.0000 0.0003 0.0021 0.0132 0.0849 0.5504 1.0000 1.0000 0.0006 0.0039 0.0263 0.1778 1.0000 1.0000 1.0000 0.0015 0.0050 0.0015 1.0000 1.0000 1.0000 0.1778 0.0263 0.0039 0.0006 1.0000 1.0000 0.5504 0.0849 0.0132 0.0021 0.0003 1.0000 1.0000 0.3434 0.0548 0.0088 0.0014 1.0000 1.0000 1.0000 0.2538 0.0410 0.0066 0.0011 1.0000 1.0000 1.0000 0.1941 0.0313 0.0051 0.0008 1.0000 1.0000 0.9215 0.1487 0.0240 0.0039 0.0006 1.0000 1.0000 0.7047 0.1137 0.0184 0.0030 0.0005 1.0000
0.0004 0.0035 0.0211 0.1307 0.8097 1.0000 1.0000 0.0007 0.0045 0.0276 0.1709 1.0000 1.0000 1.0000 0.0009 0.0058 0.0360 0.2230 1.0000 1.0000 1.0000 0.0012 0.0076 0.0471 0.2916 1.0000 1.0000 0.0003 0.0016 0.0100 0.0620 0.3871 1.0000 1.0000 0.0004 0.0022 0.0143 0.0907 0.5816 1.0000 1.0000 0.0006 0.0039 0.0259 0.1728 1.0000 1.0000 1.0000 0.0014 0.0098 0.0321 0.0098 0.0014 1.0000 1.0000 1.0000 0.1728 0.0259 0.0039 0.0006 1.0000 1.0000 0.5816 0.0907 0.0143 0.0022 0.0004 1.0000 1.0000 0.3871 0.0620 0.0100 0.0016 0.0003 1.0000 1.0000 0.2916 0.0471 0.0076 0.0012 1.0000 1.0000 1.0000 0.2230 0.0360 0.0058 0.0009 1.0000 1.0000 1.0000 0.1709 0.0276 0.0045 0.0007 1.0000 1.0000 0.8097 0.1307 0.0211 0.0035 0.0004
0.0032 0.0246 0.1502 0.9303 1.0000 1.0000 0.0008 0.0051 0.0317 0.1963 1.0000 1.0000 1.0000 0.0011 0.0067 0.0414 0.2562 1.0000 1.0000 1.0000 0.0014 0.0087 0.0541 0.3350 1.0000 1.0000 0.0003 0.0018 0.0114 0.0707 0.4397 1.0000 1.0000 0.0004 0.0025 0.0157 0.0992 0.6299 1.0000 1.0000 0.0006 0.0040 0.0263 0.1728 1.0000 1.0000 1.0000 0.0013 0.0089 0.0632 0.2055 0.0632 0.0089 0.0013 1.0000 1.0000 1.0000 0.1728 0.0263 0.0040 0.0006 1.0000 1.0000 0.6299 0.0992 0.0157 0.0025 0.0004 1.0000 1.0000 0.4397 0.0707 0.0114 0.0018 0.0003 1.0000 1.0000 0.3350 0.0541 0.0087 0.0014 1.0000 1.0000 1.0000 0.2562 0.0414 0.0067 0.0011 1.0000 1.0000 1.0000 0.1963 0.0317 0.0051 0.0008 1.0000 1.0000 0.9303 0.1502 0.0246 0.0032
0.0225 0.1755 1.0000 1.0000 1.0000 0.0009 0.0059 0.0364 0.2256 1.0000 1.0000 1.0000 0.0012 0.0077 0.0475 0.2944 1.0000 1.0000 0.0003 0.0016 0.0100 0.0621 0.3849 1.0000 1.0000 0.0003 0.0021 0.0131 0.0811 0.5033 1.0000 1.0000 0.0005 0.0028 0.0176 0.1103 0.6941 1.0000 1.0000 0.0007 0.0042 0.0274 0.1778 1.0000 1.0000 1.0000 0.0013 0.0085 0.0581 0.4083 1.0000 0.4083 0.0581 0.0085 0.0013 1.0000 1.0000 1.0000 0.1778 0.0274 0.0042 0.0007 1.0000 1.0000 0.6941 0.1103 0.0176 0.0028 0.0005 1.0000 1.0000 0.5033 0.0811 0.0131 0.0021 0.0003 1.0000 1.0000 0.3849 0.0621 0.0100 0.0016 0.0003 1.0000 1.0000 0.2944 0.0475 0.0077 0.0012 1.0000 1.0000 1.0000 0.2256 0.0364 0.0059 0.0009 1.0000 1.0000 1.0000 0.1755 0.0225
0.1602 1.0000 1.0000 1.0000 0.0011 0.0068 0.0418 0.2592 1.0000 1.0000 1.0000 0.0014 0.0088 0.0546 0.3382 1.0000 1.0000 0.0003 0.0019 0.0115 0.0714 0.4423 1.0000 1.0000 0.0004 0.0024 0.0150 0.0932 0.5772 1.0000 1.0000 0.0005 0.0032 0.0199 0.1241 0.7765 1.0000 1.0000 0.0007 0.0046 0.0292 0.1876 1.0000 1.0000 1.0000 0.0013 0.0084 0.0560 0.3798 1.0000 1.0000 1.0000 0.3798 0.0559 0.0084 0.0013 1.0000 1.0000 1.0000 0.1876 0.0292 0.0046 0.0007 1.0000 1.0000 0.7765 0.1241 0.0199 0.0032 0.0005 1.0000 1.0000 0.5772 0.0932 0.0150 0.0024 0.0004 1.0000 1.0000 0.4423 0.0714 0.0115 0.0019 0.0003 1.0000 1.0000 0.3382 0.0546 0.0088 0.0014 1.0000 1.0000 1.0000 0.2592 0.0418 0.0068 0.0011 1.0000 1.0000 1.0000 0.1602
1.0000 1.0000 1.0000 0.0013 0.0078 0.0481 0.2978 1.0000 1.0000 0.0003 0.0016 0.0101 0.0627 0.3886 1.0000 1.0000 0.0003 0.0021 0.0132 0.0820 0.5081 1.0000 1.0000 0.0005 0.0028 0.0173 0.1070 0.6631 1.0000 1.0000 0.0006 0.0037 0.0227 0.1408 0.8770 1.0000 1.0000 0.0008 0.0050 0.0319 0.2024 1.0000 1.0000 1.0000 0.0013 0.0085 0.0559 0.3706 1.0000 1.0000 1.0000 1.0000 1.0000 0.3713 0.0559 0.0085 0.0013 1.0000 1.0000 1.0000 0.2028 0.0319 0.0050 0.0008 1.0000 1.0000 0.8787 0.1410 0.0227 0.0037 0.0006 1.0000 1.0000 0.6644 0.1070 0.0173 0.0028 0.0005 1.0000 1.0000 0.5081 0.0820 0.0132 0.0021 0.0003 1.0000 1.0000 0.3893 0.0627 0.0101 0.0016 0.0003 1.0000 1.0000 0.2978 0.0481 0.0078 0.0013 1.0000 1.0000 1.0000
1.0000 1.0000 0.0014 0.0089 0.0552 0.3421 1.0000 1.0000 0.0003 0.0019 0.0116 0.0721 0.4465 1.0000 1.0000 0.0004 0.0025 0.0152 0.0942 0.5838 1.0000 1.0000 0.0005 0.0032 0.0198 0.1230 0.7619 1.0000 1.0000 0.0007 0.0042 0.0260 0.1611 1.0000 1.0000 1.0000 0.0009 0.0056 0.0354 0.2230 1.0000 1.0000 1.0000 0.0014 0.0088 0.0574 0.3755 1.0000 1.0000 0.0004 0.0014 0.0004 1.0000 1.0000 0.3798 0.0581 0.0089 0.0014 1.0000 1.0000 1.0000 0.2256 0.0358 0.0057 0.0009 1.0000 1.0000 1.0000 0.1626 0.0262 0.0042 0.0007 1.0000 1.0000 0.7706 0.1244 0.0201 0.0032 0.0005 1.0000 1.0000 0.5894 0.0951 0.0154 0.0025 0.0004 1.0000 1.0000 0.4516 0.0729 0.0118 0.0019 0.0003 1.0000 1.0000 0.3454 0.0557 0.0090 0.0014 1.0000 1.0000
0.0002 0.0017 0.0102 0.0634 0.3931 1.0000 1.0000 0.0003 0.0022 0.0134 0.0828 0.5130 1.0000 1.0000 0.0005 0.0028 0.0175 0.1083 0.6707 1.0000 1.0000 0.0006 0.0037 0.0228 0.1413 0.8754 1.0000 1.0000 0.0008 0.0048 0.0298 0.1847 1.0000 1.0000 1.0000 0.0010 0.0064 0.0398 0.2490 1.0000 1.0000 1.0000 0.0015 0.0094 0.0605 0.3908 1.0000 1.0000 0.0004 0.0029 0.0094 0.0029 0.0004 1.0000 1.0000 0.4083 0.0632 0.0098 0.0015 1.0000 1.0000 1.0000 0.2597 0.0415 0.0066 0.0011 1.0000 1.0000 1.0000 0.1919 0.0310 0.0050 0.0008 1.0000 1.0000 0.9110 0.1470 0.0237 0.0038 0.0006 1.0000 1.0000 0.6967 0.1125 0.0182 0.0029 0.0005 1.0000 1.0000 0.5339 0.0862 0.0139 0.0022 0.0004 1.0000 1.0000 0.4083 0.0659 0.0106 0.0017 0.0002
0.0015 0.0119 0.0729 0.4516 1.0000 1.0000 0.0004 0.0025 0.0154 0.0951 0.5894 1.0000 1.0000 0.0005 0.0032 0.0201 0.1244 0.7706 1.0000 1.0000 0.0007 0.0042 0.0262 0.1623 1.0000 1.0000 1.0000 0.0009 0.0055 0.0343 0.2123 1.0000 1.0000 1.0000 0.0012 0.0072 0.0451 0.2813 1.0000 1.0000 0.0003 0.0016 0.0103 0.0653 0.4169 1.0000 1.0000 0.0004 0.0028 0.0209 0.0426 0.0093 0.0014 1.0000 1.0000 1.0000 0.2055 0.0321 0.0050 0.0008 1.0000 1.0000 0.8540 0.1365 0.0219 0.0035 0.0006 1.0000 1.0000 0.6335 0.1021 0.0165 0.0027 0.0004 1.0000 1.0000 0.4845 0.0782 0.0126 0.0020 0.0003 1.0000 1.0000 0.3713 0.0598 0.0097 0.0016 1.0000 1.0000 1.0000 0.2839 0.0458 0.0074 0.0012 1.0000 1.0000 1.0000 0.2176 0.0350 0.0058 0.0008
0.0109 0.0854 0.5208 1.0000 1.0000 0.0005 0.0029 0.0177 0.1099 0.6810 1.0000 1.0000 0.0006 0.0037 0.0232 0.1437 0.8905 1.0000 1.0000 0.0008 0.0049 0.0303 0.1876 1.0000 1.0000 1.0000 0.0010 0.0064 0.0396 0.2453 1.0000 1.0000 1.0000 0.0013 0.0084 0.0518 0.3213 1.0000 1.0000 0.0003 0.0018 0.0114 0.0721 0.4559 1.0000 1.0000 0.0004 0.0029 0.0203 0.0784 0.0162 0.0028 0.0004 1.0000 1.0000 0.4083 0.0632 0.0098 0.0015 1.0000 1.0000 1.0000 0.2597 0.0415 0.0066 0.0011 1.0000 1.0000 1.0000 0.1919 0.0310 0.0050 0.0008 1.0000 1.0000 0.9110 0.1470 0.0237 0.0038 0.0006 1.0000 1.0000 0.6967 0.1125 0.0182 0.0029 0.0005 1.0000 1.0000 0.5339 0.0862 0.0139 0.0022 0.0004 1.0000 1.0000 0.4083 0.0659 0.0106 0.0017 0.0002
0.0784 0.6192 1.0000 1.0000 0.0005 0.0034 0.0208 0.1290 0.7990 1.0000 1.0000 0.0007 0.0044 0.0272 0.1683 1.0000 1.0000 1.0000 0.0009 0.0057 0.0355 0.2201 1.0000 1.0000 1.0000 0.0012 0.0075 0.0464 0.2872 1.0000 1.0000 0.0003 0.0016 0.0098 0.0606 0.3755 1.0000 1.0000 0.0003 0.0021 0.0131 0.0819 0.5149 1.0000 1.0000 0.0005 0.0031 0.0203 0.1410 0.1487 0.0019 0.0004 1.0000 1.0000 0.3798 0.0581 0.0089 0.0014 1.0000 1.0000 1.0000 0.2256 0.0358 0.0057 0.0009 1.0000 1.0000 1.0000 0.1626 0.0262 0.0042 0.0007 1.0000 1.0000 0.7706 0.1244 0.0201 0.0032 0.0005 1.0000 1.0000 0.5894 0.0951 0.0154 0.0025 0.0004 1.0000 1.0000 0.4516 0.0729 0.0118 0.0019 0.0003 1.0000 1.0000 0.3454 0.0557 0.0090 0.0014 1.0000 1.0000
0.3953 1.0000 1.0000 0.0004 0.0026 0.0162 0.1003 0.6216 1.0000 1.0000 0.0006 0.0034 0.0211 0.1309 0.8112 1.0000 1.0000 0.0007 0.0045 0.0276 0.1712 1.0000 1.0000 1.0000 0.0009 0.0058 0.0361 0.2234 1.0000 1.0000 1.0000 0.0012 0.0076 0.0474 0.2949 1.0000 1.0000 1.0000 0.0017 0.0105 0.0660 0.4177 1.0000 1.0000 0.0004 0.0026 0.0169 0.1112 0.7265 1.0000 1.0000 1.0000 1.0000 0.3713 0.0560 0.0085 0.0013 1.0000 1.0000 1.0000 0.2028 0.0319 0.0050 0.0008 1.0000 1.0000 0.8787 0.1410 0.0227 0.0037 0.0006 1.0000 1.0000 0.6644 0.1070 0.0173 0.0028 0.0005 1.0000 1.0000 0.5081 0.0820 0.0132 0.0021 0.0003 1.0000 1.0000 0.3893 0.0627 0.0101 0.0016 0.0003 1.0000 1.0000 0.2978 0.0481 0.0078 0.0013 1.0000 1.0000 1.0000
0.1639 1.0000 1.0000 1.0000 0.0011 0.0071 0.0441 0.2728 1.0000 1.0000 1.0000 0.0015 0.0093 0.0576 0.3567 1.0000 1.0000 0.0003 0.0020 0.0121 0.0753 0.4656 1.0000 1.0000 0.0004 0.0026 0.0159 0.0983 0.6087 1.0000 1.0000 0.0005 0.0034 0.0210 0.1314 0.8221 1.0000 1.0000 0.0008 0.0049 0.0310 0.1990 1.0000 1.0000 1.0000 0.0013 0.0089 0.0597 0.4091 1.0000 1.0000 1.0000 0.3798 0.0559 0.0084 0.0013 1.0000 1.0000 1.0000 0.1876 0.0292 0.0046 0.0007 1.0000 1.0000 0.7765 0.1241 0.0199 0.0032 0.0005 1.0000 1.0000 0.5772 0.0932 0.0150 0.0024 0.0004 1.0000 1.0000 0.4423 0.0714 0.0115 0.0019 0.0003 1.0000 1.0000 0.3382 0.0546 0.0088 0.0014 1.0000 1.0000 1.0000 0.2592 0.0418 0.0068 0.0011 1.0000 1.0000 1.0000 0.1602
0.0228 0.1775 1.0000 1.0000 1.0000 0.0010 0.0060 0.0370 0.2290 1.0000 1.0000 1.0000 0.0013 0.0078 0.0483 0.2989 1.0000 1.0000 0.0003 0.0016 0.0102 0.0631 0.3908 1.0000 1.0000 0.0003 0.0021 0.0133 0.0823 0.5110 1.0000 1.0000 0.0005 0.0029 0.0179 0.1122 0.7061 1.0000 1.0000 0.0007 0.0043 0.0278 0.1809 1.0000 1.0000 1.0000 0.0013 0.0087 0.0592 0.4185 1.0000 0.4083 0.0581 0.0085 0.0013 1.0000 1.0000 1.0000 0.1778 0.0274 0.0042 0.0007 1.0000 1.0000 0.6941 0.1103 0.0176 0.0028 0.0005 1.0000 1.0000 0.5033 0.0811 0.0131 0.0021 0.0003 1.0000 1.0000 0.3849 0.0621 0.0100 0.0016 0.0003 1.0000 1.0000 0.2944 0.0475 0.0077 0.0012 1.0000 1.0000 1.0000 0.2256 0.0364 0.0059 0.0009 1.0000 1.0000 1.0000 0.1755 0.0225
