0.2172 0.2459 0.3455 0.4701 0.4487 0.2622 0.1837 0.2204 0.3037 0.4295 0.4748 0.3483 0.1879 0.2012 0.2675 0.3790 0.4811 0.4168 0.2130 0.1879 0.2377 0.3330 0.4610 0.4582 0.2874 0.1836 0.2143 0.2926 0.4149 0.4787 0.3705 0.1919 0.1968 0.2583 0.3652 0.4786 0.4312 0.2294 0.1856 0.2303 0.3208 0.4495 0.4660 0.3128 0.1845 0.2087 0.2821 0.4003 0.4808 0.3926 0.2566 0.3926 0.4808 0.4003 0.2821 0.2087 0.1845 0.3128 0.4660 0.4495 0.3208 0.2303 0.1856 0.2294 0.4312 0.4786 0.3652 0.2583 0.1968 0.1919 0.3705 0.4787 0.4149 0.2926 0.2143 0.1836 0.2874 0.4582 0.4610 0.3330 0.2377 0.1879 0.2130 0.4168 0.4811 0.3790 0.2675 0.2012 0.1879 0.3483 0.4748 0.4295 0.3037 0.2204 0.1837 0.2622 0.4487 0.4701 0.3455 0.2459 0.2172
0.2459 0.3470 0.4751 0.4470 0.2575 0.1559 0.2002 0.2949 0.4335 0.4743 0.3491 0.1624 0.1773 0.2540 0.3788 0.4828 0.4168 0.1980 0.1605 0.2201 0.3278 0.4655 0.4571 0.2860 0.1561 0.1929 0.2824 0.4179 0.4787 0.3714 0.1681 0.1718 0.2436 0.3636 0.4812 0.4307 0.2198 0.1577 0.2116 0.3141 0.4541 0.4651 0.3128 0.1576 0.1862 0.2705 0.4020 0.4816 0.3911 0.1771 0.1485 0.1771 0.3911 0.4816 0.4020 0.2705 0.1862 0.1576 0.3128 0.4651 0.4541 0.3141 0.2116 0.1577 0.2198 0.4307 0.4812 0.3636 0.2436 0.1718 0.1681 0.3714 0.4787 0.4179 0.2824 0.1929 0.1561 0.2860 0.4571 0.4655 0.3278 0.2201 0.1605 0.1980 0.4168 0.4828 0.3788 0.2540 0.1773 0.1624 0.3491 0.4743 0.4335 0.2949 0.2002 0.1559 0.2575 0.4470 0.4751 0.3470 0.2459
0.3455 0.4751 0.4495 0.2692 0.1557 0.1956 0.2864 0.4222 0.4766 0.3641 0.1658 0.1733 0.2464 0.3675 0.4809 0.4263 0.2119 0.1583 0.2139 0.3177 0.4567 0.4622 0.3040 0.1568 0.1880 0.2737 0.4059 0.4800 0.3852 0.1733 0.1682 0.2364 0.3526 0.4775 0.4388 0.2368 0.1563 0.2058 0.3044 0.4437 0.4691 0.3297 0.1592 0.1817 0.2623 0.3902 0.4817 0.4038 0.1844 0.1608 0.1873 0.1608 0.1844 0.4038 0.4817 0.3902 0.2623 0.1817 0.1592 0.3297 0.4691 0.4437 0.3044 0.2058 0.1563 0.2368 0.4388 0.4775 0.3526 0.2364 0.1682 0.1733 0.3852 0.4800 0.4059 0.2737 0.1880 0.1568 0.3040 0.4622 0.4567 0.3177 0.2139 0.1583 0.2119 0.4263 0.4809 0.3675 0.2464 0.1733 0.1658 0.3641 0.4766 0.4222 0.2864 0.1956 0.1557 0.2692 0.4495 0.4751 0.3455
0.4701 0.4470 0.2692 0.1558 0.1931 0.2807 0.4136 0.4789 0.3774 0.1703 0.1700 0.2397 0.3576 0.4790 0.4348 0.2281 0.1569 0.2085 0.3088 0.4484 0.4670 0.3214 0.1582 0.1838 0.2661 0.3955 0.4814 0.3979 0.1803 0.1650 0.2300 0.3430 0.4738 0.4461 0.2548 0.1557 0.2008 0.2959 0.4342 0.4730 0.3459 0.1617 0.1778 0.2550 0.3799 0.4820 0.4147 0.1953 0.1612 0.2177 0.2702 0.2177 0.1612 0.1953 0.4147 0.4820 0.3799 0.2550 0.1778 0.1617 0.3459 0.4730 0.4342 0.2959 0.2008 0.1557 0.2548 0.4461 0.4738 0.3430 0.2300 0.1650 0.1803 0.3979 0.4814 0.3955 0.2661 0.1838 0.1582 0.3214 0.4670 0.4484 0.3088 0.2085 0.1569 0.2281 0.4348 0.4790 0.3576 0.2397 0.1700 0.1703 0.3774 0.4789 0.4136 0.2807 0.1931 0.1558 0.2692 0.4470 0.4701
0.4487 0.2575 0.1557 0.1931 0.2784 0.4082 0.4802 0.3879 0.1753 0.1670 0.2336 0.3481 0.4759 0.4425 0.2457 0.1560 0.2033 0.3001 0.4390 0.4712 0.3380 0.1604 0.1798 0.2586 0.3850 0.4820 0.4094 0.1896 0.1621 0.2239 0.3335 0.4687 0.4526 0.2732 0.1557 0.1959 0.2875 0.4240 0.4762 0.3611 0.1650 0.1741 0.2479 0.3697 0.4812 0.4244 0.2088 0.1588 0.2157 0.3191 0.4020 0.3191 0.2157 0.1588 0.2088 0.4244 0.4812 0.3697 0.2479 0.1741 0.1650 0.3611 0.4762 0.4240 0.2875 0.1959 0.1557 0.2732 0.4526 0.4687 0.3335 0.2239 0.1621 0.1896 0.4094 0.4820 0.3850 0.2586 0.1798 0.1604 0.3380 0.4712 0.4390 0.3001 0.2033 0.1560 0.2457 0.4425 0.4759 0.3481 0.2336 0.1670 0.1753 0.3879 0.4802 0.4082 0.2784 0.1931 0.1557 0.2575 0.4487
0.2622 0.1559 0.1956 0.2807 0.4082 0.4806 0.3938 0.1799 0.1647 0.2284 0.3396 0.4718 0.4491 0.2635 0.1556 0.1983 0.2916 0.4291 0.4746 0.3537 0.1633 0.1759 0.2514 0.3748 0.4817 0.4196 0.2017 0.1597 0.2180 0.3242 0.4622 0.4585 0.2914 0.1561 0.1912 0.2794 0.4136 0.4787 0.3755 0.1694 0.1706 0.2411 0.3597 0.4795 0.4331 0.2246 0.1571 0.2097 0.3114 0.4515 0.4768 0.4515 0.3114 0.2097 0.1571 0.2246 0.4331 0.4795 0.3597 0.2411 0.1706 0.1694 0.3755 0.4787 0.4136 0.2794 0.1912 0.1561 0.2914 0.4585 0.4622 0.3242 0.2180 0.1597 0.2017 0.4196 0.4817 0.3748 0.2514 0.1759 0.1633 0.3537 0.4746 0.4291 0.2916 0.1983 0.1556 0.2635 0.4491 0.4718 0.3396 0.2284 0.1647 0.1799 0.3938 0.4806 0.4082 0.2807 0.1956 0.1559 0.2622
0.1837 0.2002 0.2864 0.4136 0.4802 0.3938 0.1818 0.1634 0.2249 0.3329 0.4674 0.4546 0.2802 0.1558 0.1937 0.2836 0.4188 0.4775 0.3685 0.1671 0.1723 0.2445 0.3647 0.4805 0.4288 0.2164 0.1578 0.2123 0.3151 0.4545 0.4637 0.3091 0.1571 0.1868 0.2715 0.4030 0.4805 0.3889 0.1751 0.1673 0.2345 0.3499 0.4766 0.4410 0.2419 0.1561 0.2044 0.3020 0.4417 0.4674 0.4078 0.4674 0.4417 0.3020 0.2044 0.1561 0.2419 0.4410 0.4766 0.3499 0.2345 0.1673 0.1751 0.3889 0.4805 0.4030 0.2715 0.1868 0.1571 0.3091 0.4637 0.4545 0.3151 0.2123 0.1578 0.2164 0.4288 0.4805 0.3647 0.2445 0.1723 0.1671 0.3685 0.4775 0.4188 0.2836 0.1937 0.1558 0.2802 0.4546 0.4674 0.3329 0.2249 0.1634 0.1818 0.3938 0.4802 0.4136 0.2864 0.2002 0.1837
0.2204 0.2949 0.4222 0.4789 0.3879 0.1799 0.1634 0.2236 0.3291 0.4638 0.4585 0.2942 0.1563 0.1897 0.2761 0.4088 0.4797 0.3822 0.1720 0.1689 0.2378 0.3548 0.4782 0.4371 0.2331 0.1565 0.2070 0.3063 0.4457 0.4683 0.3262 0.1588 0.1826 0.2639 0.3925 0.4817 0.4013 0.1827 0.1641 0.2282 0.3402 0.4725 0.4480 0.2601 0.1557 0.1993 0.2934 0.4313 0.4736 0.3528 0.2063 0.3528 0.4736 0.4313 0.2934 0.1993 0.1557 0.2601 0.4480 0.4725 0.3402 0.2282 0.1641 0.1827 0.4013 0.4817 0.3925 0.2639 0.1826 0.1588 0.3262 0.4683 0.4457 0.3063 0.2070 0.1565 0.2331 0.4371 0.4782 0.3548 0.2378 0.1689 0.1720 0.3822 0.4797 0.4088 0.2761 0.1897 0.1563 0.2942 0.4585 0.4638 0.3291 0.2236 0.1634 0.1799 0.3879 0.4789 0.4222 0.2949 0.2204
0.3037 0.4335 0.4766 0.3774 0.1753 0.1647 0.2249 0.3291 0.4623 0.4606 0.3036 0.1571 0.1864 0.2697 0.3996 0.4811 0.3945 0.1784 0.1657 0.2314 0.3451 0.4747 0.4446 0.2509 0.1558 0.2018 0.2976 0.4362 0.4722 0.3426 0.1611 0.1786 0.2565 0.3821 0.4820 0.4124 0.1928 0.1613 0.2221 0.3308 0.4669 0.4544 0.2784 0.1557 0.1945 0.2851 0.4210 0.4770 0.3647 0.1654 0.1510 0.1654 0.3647 0.4770 0.4210 0.2851 0.1945 0.1557 0.2784 0.4544 0.4669 0.3308 0.2221 0.1613 0.1928 0.4124 0.4820 0.3821 0.2565 0.1786 0.1611 0.3426 0.4722 0.4362 0.2976 0.2018 0.1558 0.2509 0.4446 0.4747 0.3451 0.2314 0.1657 0.1784 0.3945 0.4811 0.3996 0.2697 0.1864 0.1571 0.3036 0.4606 0.4623 0.3291 0.2249 0.1647 0.1753 0.3774 0.4766 0.4335 0.3037
0.4295 0.4743 0.3641 0.1703 0.1670 0.2284 0.3329 0.4638 0.4606 0.3070 0.1576 0.1843 0.2649 0.3918 0.4818 0.4048 0.1861 0.1629 0.2255 0.3357 0.4699 0.4513 0.2692 0.1556 0.1969 0.2892 0.4261 0.4755 0.3580 0.1642 0.1749 0.2494 0.3718 0.4815 0.4224 0.2057 0.1591 0.2163 0.3216 0.4601 0.4601 0.2965 0.1564 0.1899 0.2771 0.4105 0.4793 0.3794 0.1708 0.1668 0.1965 0.1668 0.1708 0.3794 0.4793 0.4105 0.2771 0.1899 0.1564 0.2965 0.4601 0.4601 0.3216 0.2163 0.1591 0.2057 0.4224 0.4815 0.3718 0.2494 0.1749 0.1642 0.3580 0.4755 0.4261 0.2892 0.1969 0.1556 0.2692 0.4513 0.4699 0.3357 0.2255 0.1629 0.1861 0.4048 0.4818 0.3918 0.2649 0.1843 0.1576 0.3070 0.4606 0.4638 0.3329 0.2284 0.1670 0.1703 0.3641 0.4743 0.4295
0.4748 0.3491 0.1658 0.1700 0.2336 0.3396 0.4674 0.4585 0.3036 0.1576 0.1835 0.2623 0.3866 0.4820 0.4127 0.1947 0.1607 0.2201 0.3270 0.4640 0.4572 0.2873 0.1560 0.1922 0.2811 0.4158 0.4782 0.3726 0.1684 0.1713 0.2425 0.3618 0.4800 0.4313 0.2210 0.1574 0.2108 0.3126 0.4521 0.4651 0.3141 0.1576 0.1856 0.2693 0.4000 0.4809 0.3926 0.1771 0.1667 0.2296 0.2866 0.2296 0.1667 0.1771 0.3926 0.4809 0.4000 0.2693 0.1856 0.1576 0.3141 0.4651 0.4521 0.3126 0.2108 0.1574 0.2210 0.4313 0.4800 0.3618 0.2425 0.1713 0.1684 0.3726 0.4782 0.4158 0.2811 0.1922 0.1560 0.2873 0.4572 0.4640 0.3270 0.2201 0.1607 0.1947 0.4127 0.4820 0.3866 0.2623 0.1835 0.1576 0.3036 0.4585 0.4674 0.3396 0.2336 0.1700 0.1658 0.3491 0.4748
0.3483 0.1624 0.1733 0.2397 0.3481 0.4718 0.4546 0.2942 0.1571 0.1843 0.2623 0.3847 0.4820 0.4176 0.2024 0.1592 0.2157 0.3194 0.4575 0.4621 0.3043 0.1568 0.1878 0.2732 0.4052 0.4802 0.3862 0.1738 0.1680 0.2359 0.3520 0.4773 0.4393 0.2381 0.1563 0.2054 0.3038 0.4431 0.4695 0.3310 0.1594 0.1815 0.2617 0.3895 0.4818 0.4046 0.1853 0.1634 0.2271 0.3377 0.4232 0.3377 0.2271 0.1634 0.1853 0.4046 0.4818 0.3895 0.2617 0.1815 0.1594 0.3310 0.4695 0.4431 0.3038 0.2054 0.1563 0.2381 0.4393 0.4773 0.3520 0.2359 0.1680 0.1738 0.3862 0.4802 0.4052 0.2732 0.1878 0.1568 0.3043 0.4621 0.4575 0.3194 0.2157 0.1592 0.2024 0.4176 0.4820 0.3847 0.2623 0.1843 0.1571 0.2942 0.4546 0.4718 0.3481 0.2397 0.1733 0.1624 0.3483
0.1879 0.1773 0.2464 0.3576 0.4759 0.4491 0.2802 0.1563 0.1864 0.2649 0.3866 0.4820 0.4193 0.2070 0.1583 0.2124 0.3132 0.4512 0.4661 0.3195 0.1582 0.1838 0.2658 0.3949 0.4815 0.3988 0.1810 0.1648 0.2295 0.3423 0.4735 0.4466 0.2561 0.1557 0.2004 0.2952 0.4334 0.4732 0.3471 0.1619 0.1775 0.2544 0.3791 0.4819 0.4154 0.1962 0.1606 0.2205 0.3288 0.4655 0.4734 0.4655 0.3288 0.2205 0.1606 0.1962 0.4154 0.4819 0.3791 0.2544 0.1775 0.1619 0.3471 0.4732 0.4334 0.2952 0.2004 0.1557 0.2561 0.4466 0.4735 0.3423 0.2295 0.1648 0.1810 0.3988 0.4815 0.3949 0.2658 0.1838 0.1582 0.3195 0.4661 0.4512 0.3132 0.2124 0.1583 0.2070 0.4193 0.4820 0.3866 0.2649 0.1864 0.1563 0.2802 0.4491 0.4759 0.3576 0.2464 0.1773 0.1879
0.2012 0.2540 0.3675 0.4790 0.4425 0.2635 0.1558 0.1897 0.2697 0.3918 0.4820 0.4176 0.2070 0.1580 0.2107 0.3092 0.4461 0.4691 0.3320 0.1598 0.1803 0.2591 0.3852 0.4820 0.4100 0.1903 0.1619 0.2235 0.3328 0.4682 0.4531 0.2745 0.1556 0.1955 0.2869 0.4232 0.4764 0.3623 0.1653 0.1738 0.2474 0.3689 0.4811 0.4251 0.2098 0.1585 0.2147 0.3190 0.4584 0.4585 0.3867 0.4585 0.4584 0.3190 0.2147 0.1585 0.2098 0.4251 0.4811 0.3689 0.2474 0.1738 0.1653 0.3623 0.4764 0.4232 0.2869 0.1955 0.1556 0.2745 0.4531 0.4682 0.3328 0.2235 0.1619 0.1903 0.4100 0.4820 0.3852 0.2591 0.1803 0.1598 0.3320 0.4691 0.4461 0.3092 0.2107 0.1580 0.2070 0.4176 0.4820 0.3918 0.2697 0.1897 0.1558 0.2635 0.4425 0.4790 0.3675 0.2540 0.2012
0.2675 0.3788 0.4809 0.4348 0.2457 0.1556 0.1937 0.2761 0.3996 0.4818 0.4127 0.2024 0.1583 0.2107 0.3078 0.4433 0.4708 0.3410 0.1615 0.1775 0.2533 0.3764 0.4818 0.4194 0.2019 0.1596 0.2177 0.3236 0.4617 0.4589 0.2927 0.1561 0.1909 0.2788 0.4127 0.4789 0.3766 0.1698 0.1703 0.2406 0.3590 0.4793 0.4337 0.2258 0.1570 0.2092 0.3100 0.4496 0.4660 0.3226 0.1801 0.3226 0.4660 0.4496 0.3100 0.2092 0.1570 0.2258 0.4337 0.4793 0.3590 0.2406 0.1703 0.1698 0.3766 0.4789 0.4127 0.2788 0.1909 0.1561 0.2927 0.4589 0.4617 0.3236 0.2177 0.1596 0.2019 0.4194 0.4818 0.3764 0.2533 0.1775 0.1615 0.3410 0.4708 0.4433 0.3078 0.2107 0.1583 0.2024 0.4127 0.4818 0.3996 0.2761 0.1937 0.1556 0.2457 0.4348 0.4809 0.3788 0.2675
0.3790 0.4828 0.4263 0.2281 0.1560 0.1983 0.2836 0.4088 0.4811 0.4048 0.1947 0.1592 0.2124 0.3092 0.4433 0.4714 0.3457 0.1628 0.1755 0.2488 0.3690 0.4810 0.4273 0.2148 0.1579 0.2124 0.3149 0.4540 0.4640 0.3104 0.1572 0.1865 0.2709 0.4022 0.4806 0.3900 0.1756 0.1670 0.2341 0.3492 0.4764 0.4415 0.2432 0.1561 0.2040 0.3013 0.4403 0.4706 0.3349 0.1587 0.1549 0.1587 0.3349 0.4706 0.4403 0.3013 0.2040 0.1561 0.2432 0.4415 0.4764 0.3492 0.2341 0.1670 0.1756 0.3900 0.4806 0.4022 0.2709 0.1865 0.1572 0.3104 0.4640 0.4540 0.3149 0.2124 0.1579 0.2148 0.4273 0.4810 0.3690 0.2488 0.1755 0.1628 0.3457 0.4714 0.4433 0.3092 0.2124 0.1592 0.1947 0.4048 0.4811 0.4088 0.2836 0.1983 0.1560 0.2281 0.4263 0.4828 0.3790
0.4811 0.4168 0.2119 0.1569 0.2033 0.2916 0.4188 0.4797 0.3945 0.1861 0.1607 0.2157 0.3132 0.4461 0.4708 0.3457 0.1633 0.1744 0.2459 0.3636 0.4798 0.4334 0.2275 0.1568 0.2076 0.3068 0.4458 0.4684 0.3271 0.1589 0.1823 0.2633 0.3917 0.4817 0.4022 0.1834 0.1639 0.2278 0.3395 0.4721 0.4485 0.2614 0.1556 0.1989 0.2928 0.4305 0.4742 0.3515 0.1628 0.1735 0.2066 0.1735 0.1628 0.3515 0.4742 0.4305 0.2928 0.1989 0.1556 0.2614 0.4485 0.4721 0.3395 0.2278 0.1639 0.1834 0.4022 0.4817 0.3917 0.2633 0.1823 0.1589 0.3271 0.4684 0.4458 0.3068 0.2076 0.1568 0.2275 0.4334 0.4798 0.3636 0.2459 0.1744 0.1633 0.3457 0.4708 0.4461 0.3132 0.2157 0.1607 0.1861 0.3945 0.4797 0.4188 0.2916 0.2033 0.1569 0.2119 0.4168 0.4811
0.4168 0.1980 0.1583 0.2085 0.3001 0.4291 0.4775 0.3822 0.1784 0.1629 0.2201 0.3194 0.4512 0.4691 0.3410 0.1628 0.1744 0.2449 0.3608 0.4789 0.4376 0.2384 0.1561 0.2036 0.2997 0.4375 0.4720 0.3423 0.1612 0.1785 0.2560 0.3813 0.4820 0.4133 0.1937 0.1612 0.2217 0.3301 0.4665 0.4548 0.2797 0.1557 0.1942 0.2845 0.4202 0.4772 0.3665 0.1665 0.1732 0.2425 0.3042 0.2425 0.1732 0.1665 0.3665 0.4772 0.4202 0.2845 0.1942 0.1557 0.2797 0.4548 0.4665 0.3301 0.2217 0.1612 0.1937 0.4133 0.4820 0.3813 0.2560 0.1785 0.1612 0.3423 0.4720 0.4375 0.2997 0.2036 0.1561 0.2384 0.4376 0.4789 0.3608 0.2449 0.1744 0.1628 0.3410 0.4691 0.4512 0.3194 0.2201 0.1629 0.1784 0.3822 0.4775 0.4291 0.3001 0.2085 0.1583 0.1980 0.4168
0.2130 0.1605 0.2139 0.3088 0.4390 0.4746 0.3685 0.1720 0.1657 0.2255 0.3270 0.4575 0.4661 0.3320 0.1615 0.1755 0.2459 0.3608 0.4785 0.4397 0.2455 0.1558 0.2005 0.2938 0.4300 0.4748 0.3556 0.1639 0.1750 0.2493 0.3714 0.4814 0.4231 0.2068 0.1590 0.2159 0.3209 0.4596 0.4604 0.2978 0.1564 0.1896 0.2765 0.4097 0.4794 0.3805 0.1713 0.1694 0.2393 0.3571 0.4426 0.3571 0.2393 0.1694 0.1713 0.3805 0.4794 0.4097 0.2765 0.1896 0.1564 0.2978 0.4604 0.4596 0.3209 0.2159 0.1590 0.2068 0.4231 0.4814 0.3714 0.2493 0.1750 0.1639 0.3556 0.4748 0.4300 0.2938 0.2005 0.1558 0.2455 0.4397 0.4785 0.3608 0.2459 0.1755 0.1615 0.3320 0.4661 0.4575 0.3270 0.2255 0.1657 0.1720 0.3685 0.4746 0.4390 0.3088 0.2139 0.1605 0.2130
0.1879 0.2201 0.3177 0.4484 0.4712 0.3537 0.1671 0.1689 0.2314 0.3357 0.4640 0.4621 0.3195 0.1598 0.1775 0.2488 0.3636 0.4789 0.4397 0.2479 0.1557 0.1986 0.2895 0.4237 0.4768 0.3668 0.1671 0.1719 0.2432 0.3622 0.4800 0.4316 0.2220 0.1573 0.2104 0.3119 0.4514 0.4654 0.3154 0.1576 0.1853 0.2687 0.3991 0.4810 0.3936 0.1777 0.1661 0.2323 0.3471 0.4747 0.4678 0.4747 0.3471 0.2323 0.1661 0.1777 0.3936 0.4810 0.3991 0.2687 0.1853 0.1576 0.3154 0.4654 0.4514 0.3119 0.2104 0.1573 0.2220 0.4316 0.4800 0.3622 0.2432 0.1719 0.1671 0.3668 0.4768 0.4237 0.2895 0.1986 0.1557 0.2479 0.4397 0.4789 0.3636 0.2488 0.1775 0.1598 0.3195 0.4621 0.4640 0.3357 0.2314 0.1689 0.1671 0.3537 0.4712 0.4484 0.3177 0.2201 0.1879
0.2377 0.3278 0.4567 0.4670 0.3380 0.1633 0.1723 0.2378 0.3451 0.4699 0.4572 0.3043 0.1582 0.1803 0.2533 0.3690 0.4798 0.4376 0.2455 0.1557 0.1980 0.2873 0.4197 0.4781 0.3753 0.1703 0.1694 0.2378 0.3538 0.4777 0.4389 0.2380 0.1563 0.2052 0.3032 0.4424 0.4698 0.3322 0.1595 0.1811 0.2612 0.3887 0.4819 0.4055 0.1861 0.1631 0.2260 0.3369 0.4709 0.4475 0.3620 0.4475 0.4709 0.3369 0.2260 0.1631 0.1861 0.4055 0.4819 0.3887 0.2612 0.1811 0.1595 0.3322 0.4698 0.4424 0.3032 0.2052 0.1563 0.2380 0.4389 0.4777 0.3538 0.2378 0.1694 0.1703 0.3753 0.4781 0.4197 0.2873 0.1980 0.1557 0.2455 0.4376 0.4798 0.3690 0.2533 0.1803 0.1582 0.3043 0.4572 0.4699 0.3451 0.2378 0.1723 0.1633 0.3380 0.4670 0.4567 0.3278 0.2377
0.3330 0.4655 0.4622 0.3214 0.1604 0.1759 0.2445 0.3548 0.4747 0.4513 0.2873 0.1568 0.1838 0.2591 0.3764 0.4810 0.4334 0.2384 0.1558 0.1986 0.2873 0.4183 0.4787 0.3805 0.1731 0.1675 0.2335 0.3466 0.4748 0.4451 0.2538 0.1557 0.2005 0.2950 0.4328 0.4735 0.3482 0.1621 0.1772 0.2539 0.3783 0.4819 0.4162 0.1972 0.1605 0.2200 0.3275 0.4647 0.4560 0.2889 0.1638 0.2889 0.4560 0.4647 0.3275 0.2200 0.1605 0.1972 0.4162 0.4819 0.3783 0.2539 0.1772 0.1621 0.3482 0.4735 0.4328 0.2950 0.2005 0.1557 0.2538 0.4451 0.4748 0.3466 0.2335 0.1675 0.1731 0.3805 0.4787 0.4183 0.2873 0.1986 0.1558 0.2384 0.4334 0.4810 0.3764 0.2591 0.1838 0.1568 0.2873 0.4513 0.4747 0.3548 0.2445 0.1759 0.1604 0.3214 0.4622 0.4655 0.3330
0.4610 0.4571 0.3040 0.1582 0.1798 0.2514 0.3647 0.4782 0.4446 0.2692 0.1560 0.1878 0.2658 0.3852 0.4818 0.4273 0.2275 0.1561 0.2005 0.2895 0.4197 0.4787 0.3823 0.1747 0.1663 0.2305 0.3411 0.4718 0.4501 0.2684 0.1556 0.1962 0.2875 0.4233 0.4764 0.3630 0.1656 0.1736 0.2469 0.3682 0.4810 0.4258 0.2110 0.1584 0.2143 0.3183 0.4573 0.4619 0.3021 0.1551 0.1601 0.1551 0.3021 0.4619 0.4573 0.3183 0.2143 0.1584 0.2110 0.4258 0.4810 0.3682 0.2469 0.1736 0.1656 0.3630 0.4764 0.4233 0.2875 0.1962 0.1556 0.2684 0.4501 0.4718 0.3411 0.2305 0.1663 0.1747 0.3823 0.4787 0.4197 0.2895 0.2005 0.1561 0.2275 0.4273 0.4818 0.3852 0.2658 0.1878 0.1560 0.2692 0.4446 0.4782 0.3647 0.2514 0.1798 0.1582 0.3040 0.4571 0.4610
0.4582 0.2860 0.1568 0.1838 0.2586 0.3748 0.4805 0.4371 0.2509 0.1556 0.1922 0.2732 0.3949 0.4820 0.4194 0.2148 0.1568 0.2036 0.2938 0.4237 0.4781 0.3805 0.1747 0.1659 0.2289 0.3375 0.4692 0.4537 0.2804 0.1558 0.1925 0.2807 0.4143 0.4787 0.3762 0.1699 0.1702 0.2402 0.3583 0.4791 0.4344 0.2271 0.1570 0.2088 0.3094 0.4489 0.4667 0.3202 0.1583 0.1810 0.2177 0.1810 0.1583 0.3202 0.4667 0.4489 0.3094 0.2088 0.1570 0.2271 0.4344 0.4791 0.3583 0.2402 0.1702 0.1699 0.3762 0.4787 0.4143 0.2807 0.1925 0.1558 0.2804 0.4537 0.4692 0.3375 0.2289 0.1659 0.1747 0.3805 0.4781 0.4237 0.2938 0.2036 0.1568 0.2148 0.4194 0.4820 0.3949 0.2732 0.1922 0.1556 0.2509 0.4371 0.4805 0.3748 0.2586 0.1838 0.1568 0.2860 0.4582
0.2874 0.1561 0.1880 0.2661 0.3850 0.4817 0.4288 0.2331 0.1558 0.1969 0.2811 0.4052 0.4815 0.4100 0.2019 0.1579 0.2076 0.2997 0.4300 0.4768 0.3753 0.1731 0.1663 0.2289 0.3363 0.4678 0.4559 0.2889 0.1562 0.1896 0.2750 0.4061 0.4802 0.3878 0.1750 0.1671 0.2340 0.3488 0.4761 0.4420 0.2446 0.1560 0.2036 0.3007 0.4396 0.4709 0.3369 0.1602 0.1805 0.2564 0.3228 0.2564 0.1805 0.1602 0.3369 0.4709 0.4396 0.3007 0.2036 0.1560 0.2446 0.4420 0.4761 0.3488 0.2340 0.1671 0.1750 0.3878 0.4802 0.4061 0.2750 0.1896 0.1562 0.2889 0.4559 0.4678 0.3363 0.2289 0.1663 0.1731 0.3753 0.4768 0.4300 0.2997 0.2076 0.1579 0.2019 0.4100 0.4815 0.4052 0.2811 0.1969 0.1558 0.2331 0.4288 0.4817 0.3850 0.2661 0.1880 0.1561 0.2874
0.1836 0.1929 0.2737 0.3955 0.4820 0.4196 0.2164 0.1565 0.2018 0.2892 0.4158 0.4802 0.3988 0.1903 0.1596 0.2124 0.3068 0.4375 0.4748 0.3668 0.1703 0.1675 0.2305 0.3375 0.4678 0.4566 0.2933 0.1565 0.1876 0.2707 0.3994 0.4812 0.3975 0.1810 0.1645 0.2284 0.3400 0.4721 0.4487 0.2625 0.1556 0.1986 0.2922 0.4297 0.4744 0.3527 0.1630 0.1762 0.2525 0.3772 0.4587 0.3772 0.2525 0.1762 0.1630 0.3527 0.4744 0.4297 0.2922 0.1986 0.1556 0.2625 0.4487 0.4721 0.3400 0.2284 0.1645 0.1810 0.3975 0.4812 0.3994 0.2707 0.1876 0.1565 0.2933 0.4566 0.4678 0.3375 0.2305 0.1675 0.1703 0.3668 0.4748 0.4375 0.3068 0.2124 0.1596 0.1903 0.3988 0.4802 0.4158 0.2892 0.2018 0.1565 0.2164 0.4196 0.4820 0.3955 0.2737 0.1929 0.1836
0.2143 0.2824 0.4059 0.4814 0.4094 0.2017 0.1578 0.2070 0.2976 0.4261 0.4782 0.3862 0.1810 0.1619 0.2177 0.3149 0.4458 0.4720 0.3556 0.1671 0.1694 0.2335 0.3411 0.4692 0.4559 0.2933 0.1567 0.1866 0.2681 0.3946 0.4817 0.4050 0.1875 0.1623 0.2235 0.3319 0.4672 0.4545 0.2796 0.1558 0.1939 0.2840 0.4194 0.4773 0.3675 0.1668 0.1725 0.2450 0.3660 0.4792 0.4601 0.4792 0.3660 0.2450 0.1725 0.1668 0.3675 0.4773 0.4194 0.2840 0.1939 0.1558 0.2796 0.4545 0.4672 0.3319 0.2235 0.1623 0.1875 0.4050 0.4817 0.3946 0.2681 0.1866 0.1567 0.2933 0.4559 0.4692 0.3411 0.2335 0.1694 0.1671 0.3556 0.4720 0.4458 0.3149 0.2177 0.1619 0.1810 0.3862 0.4782 0.4261 0.2976 0.2070 0.1578 0.2017 0.4094 0.4814 0.4059 0.2824 0.2143
0.2926 0.4179 0.4800 0.3979 0.1896 0.1597 0.2123 0.3063 0.4362 0.4755 0.3726 0.1738 0.1648 0.2235 0.3236 0.4540 0.4684 0.3423 0.1639 0.1719 0.2378 0.3466 0.4718 0.4537 0.2889 0.1565 0.1866 0.2671 0.3922 0.4819 0.4100 0.1933 0.1606 0.2194 0.3249 0.4618 0.4594 0.2955 0.1564 0.1897 0.2763 0.4091 0.4796 0.3815 0.1717 0.1691 0.2382 0.3554 0.4784 0.4340 0.3336 0.4340 0.4784 0.3554 0.2382 0.1691 0.1717 0.3815 0.4796 0.4091 0.2763 0.1897 0.1564 0.2955 0.4594 0.4618 0.3249 0.2194 0.1606 0.1933 0.4100 0.4819 0.3922 0.2671 0.1866 0.1565 0.2889 0.4537 0.4718 0.3466 0.2378 0.1719 0.1639 0.3423 0.4684 0.4540 0.3236 0.2235 0.1648 0.1738 0.3726 0.4755 0.4362 0.3063 0.2123 0.1597 0.1896 0.3979 0.4800 0.4179 0.2926
0.4149 0.4787 0.3852 0.1803 0.1621 0.2180 0.3151 0.4457 0.4722 0.3580 0.1684 0.1680 0.2295 0.3328 0.4617 0.4640 0.3271 0.1612 0.1750 0.2432 0.3538 0.4748 0.4501 0.2804 0.1562 0.1876 0.2681 0.3922 0.4819 0.4124 0.1975 0.1596 0.2163 0.3192 0.4565 0.4633 0.3097 0.1573 0.1859 0.2693 0.3993 0.4810 0.3942 0.1781 0.1659 0.2317 0.3456 0.4750 0.4436 0.2534 0.1545 0.2534 0.4436 0.4750 0.3456 0.2317 0.1659 0.1781 0.3942 0.4810 0.3993 0.2693 0.1859 0.1573 0.3097 0.4633 0.4565 0.3192 0.2163 0.1596 0.1975 0.4124 0.4819 0.3922 0.2681 0.1876 0.1562 0.2804 0.4501 0.4748 0.3538 0.2432 0.1750 0.1612 0.3271 0.4640 0.4617 0.3328 0.2295 0.1680 0.1684 0.3580 0.4722 0.4457 0.3151 0.2180 0.1621 0.1803 0.3852 0.4787 0.4149
0.4787 0.3714 0.1733 0.1650 0.2239 0.3242 0.4545 0.4683 0.3426 0.1642 0.1713 0.2359 0.3423 0.4682 0.4589 0.3104 0.1589 0.1785 0.2493 0.3622 0.4777 0.4451 0.2684 0.1558 0.1896 0.2707 0.3946 0.4819 0.4124 0.1990 0.1592 0.2144 0.3153 0.4521 0.4662 0.3215 0.1585 0.1826 0.2629 0.3902 0.4818 0.4053 0.1863 0.1630 0.2256 0.3361 0.4702 0.4509 0.2673 0.1536 0.1660 0.1536 0.2673 0.4509 0.4702 0.3361 0.2256 0.1630 0.1863 0.4053 0.4818 0.3902 0.2629 0.1826 0.1585 0.3215 0.4662 0.4521 0.3153 0.2144 0.1592 0.1990 0.4124 0.4819 0.3946 0.2707 0.1896 0.1558 0.2684 0.4451 0.4777 0.3622 0.2493 0.1785 0.1589 0.3104 0.4589 0.4682 0.3423 0.2359 0.1713 0.1642 0.3426 0.4683 0.4545 0.3242 0.2239 0.1650 0.1733 0.3714 0.4787
0.3705 0.1681 0.1682 0.2300 0.3335 0.4622 0.4637 0.3262 0.1611 0.1749 0.2425 0.3520 0.4735 0.4531 0.2927 0.1572 0.1823 0.2560 0.3714 0.4800 0.4389 0.2538 0.1556 0.1925 0.2750 0.3994 0.4817 0.4100 0.1975 0.1592 0.2138 0.3133 0.4492 0.4681 0.3303 0.1598 0.1799 0.2575 0.3820 0.4820 0.4146 0.1961 0.1605 0.2200 0.3271 0.4642 0.4569 0.2864 0.1561 0.1893 0.2299 0.1893 0.1561 0.2864 0.4569 0.4642 0.3271 0.2200 0.1605 0.1961 0.4146 0.4820 0.3820 0.2575 0.1799 0.1598 0.3303 0.4681 0.4492 0.3133 0.2138 0.1592 0.1975 0.4100 0.4817 0.3994 0.2750 0.1925 0.1556 0.2538 0.4389 0.4800 0.3714 0.2560 0.1823 0.1572 0.2927 0.4531 0.4735 0.3520 0.2425 0.1749 0.1611 0.3262 0.4637 0.4622 0.3335 0.2300 0.1682 0.1681 0.3705
0.1919 0.1718 0.2364 0.3430 0.4687 0.4585 0.3091 0.1588 0.1786 0.2494 0.3618 0.4773 0.4466 0.2745 0.1561 0.1865 0.2633 0.3813 0.4814 0.4316 0.2380 0.1557 0.1962 0.2807 0.4061 0.4812 0.4050 0.1933 0.1596 0.2144 0.3133 0.4482 0.4690 0.3357 0.1609 0.1778 0.2532 0.3750 0.4816 0.4223 0.2072 0.1587 0.2148 0.3186 0.4573 0.4621 0.3040 0.1568 0.1885 0.2714 0.3426 0.2714 0.1885 0.1568 0.3040 0.4621 0.4573 0.3186 0.2148 0.1587 0.2072 0.4223 0.4816 0.3750 0.2532 0.1778 0.1609 0.3357 0.4690 0.4482 0.3133 0.2144 0.1596 0.1933 0.4050 0.4812 0.4061 0.2807 0.1962 0.1557 0.2380 0.4316 0.4814 0.3813 0.2633 0.1865 0.1561 0.2745 0.4466 0.4773 0.3618 0.2494 0.1786 0.1588 0.3091 0.4585 0.4687 0.3430 0.2364 0.1718 0.1919
0.1968 0.2436 0.3526 0.4738 0.4526 0.2914 0.1571 0.1826 0.2565 0.3718 0.4800 0.4393 0.2561 0.1556 0.1909 0.2709 0.3917 0.4820 0.4231 0.2220 0.1563 0.2005 0.2875 0.4143 0.4802 0.3975 0.1875 0.1606 0.2163 0.3153 0.4492 0.4690 0.3375 0.1615 0.1766 0.2501 0.3698 0.4809 0.4284 0.2183 0.1575 0.2103 0.3109 0.4498 0.4666 0.3203 0.1582 0.1839 0.2668 0.3977 0.4699 0.3977 0.2668 0.1839 0.1582 0.3203 0.4666 0.4498 0.3109 0.2103 0.1575 0.2183 0.4284 0.4809 0.3698 0.2501 0.1766 0.1615 0.3375 0.4690 0.4492 0.3153 0.2163 0.1606 0.1875 0.3975 0.4802 0.4143 0.2875 0.2005 0.1563 0.2220 0.4231 0.4820 0.3917 0.2709 0.1909 0.1556 0.2561 0.4393 0.4800 0.3718 0.2565 0.1826 0.1571 0.2914 0.4526 0.4738 0.3526 0.2436 0.1968
0.2583 0.3636 0.4775 0.4461 0.2732 0.1561 0.1868 0.2639 0.3821 0.4815 0.4313 0.2381 0.1557 0.1955 0.2788 0.4022 0.4817 0.4133 0.2068 0.1573 0.2052 0.2950 0.4233 0.4787 0.3878 0.1810 0.1623 0.2194 0.3192 0.4521 0.4681 0.3357 0.1615 0.1762 0.2486 0.3666 0.4802 0.4328 0.2281 0.1566 0.2064 0.3041 0.4423 0.4702 0.3351 0.1601 0.1801 0.2590 0.3860 0.4800 0.4499 0.4800 0.3860 0.2590 0.1801 0.1601 0.3351 0.4702 0.4423 0.3041 0.2064 0.1566 0.2281 0.4328 0.4802 0.3666 0.2486 0.1762 0.1615 0.3357 0.4681 0.4521 0.3192 0.2194 0.1623 0.1810 0.3878 0.4787 0.4233 0.2950 0.2052 0.1573 0.2068 0.4133 0.4817 0.4022 0.2788 0.1955 0.1557 0.2381 0.4313 0.4815 0.3821 0.2639 0.1868 0.1561 0.2732 0.4461 0.4775 0.3636 0.2583
0.3652 0.4812 0.4388 0.2548 0.1557 0.1912 0.2715 0.3925 0.4820 0.4224 0.2210 0.1563 0.2004 0.2869 0.4127 0.4806 0.4022 0.1937 0.1590 0.2104 0.3032 0.4328 0.4764 0.3762 0.1750 0.1645 0.2235 0.3249 0.4565 0.4662 0.3303 0.1609 0.1766 0.2486 0.3655 0.4798 0.4354 0.2353 0.1562 0.2034 0.2985 0.4353 0.4731 0.3481 0.1624 0.1767 0.2523 0.3756 0.4817 0.4173 0.3015 0.4173 0.4817 0.3756 0.2523 0.1767 0.1624 0.3481 0.4731 0.4353 0.2985 0.2034 0.1562 0.2353 0.4354 0.4798 0.3655 0.2486 0.1766 0.1609 0.3303 0.4662 0.4565 0.3249 0.2235 0.1645 0.1750 0.3762 0.4764 0.4328 0.3032 0.2104 0.1590 0.1937 0.4022 0.4806 0.4127 0.2869 0.2004 0.1563 0.2210 0.4224 0.4820 0.3925 0.2715 0.1912 0.1557 0.2548 0.4388 0.4812 0.3652
0.4786 0.4307 0.2368 0.1557 0.1959 0.2794 0.4030 0.4817 0.4124 0.2057 0.1574 0.2054 0.2952 0.4232 0.4789 0.3900 0.1834 0.1612 0.2159 0.3119 0.4424 0.4735 0.3630 0.1699 0.1671 0.2284 0.3319 0.4618 0.4633 0.3215 0.1598 0.1778 0.2501 0.3666 0.4798 0.4363 0.2391 0.1559 0.2013 0.2942 0.4295 0.4752 0.3589 0.1650 0.1737 0.2464 0.3666 0.4807 0.4274 0.2182 0.1495 0.2182 0.4274 0.4807 0.3666 0.2464 0.1737 0.1650 0.3589 0.4752 0.4295 0.2942 0.2013 0.1559 0.2391 0.4363 0.4798 0.3666 0.2501 0.1778 0.1598 0.3215 0.4633 0.4618 0.3319 0.2284 0.1671 0.1699 0.3630 0.4735 0.4424 0.3119 0.2159 0.1612 0.1834 0.3900 0.4789 0.4232 0.2952 0.2054 0.1574 0.2057 0.4124 0.4817 0.4030 0.2794 0.1959 0.1557 0.2368 0.4307 0.4786
0.4312 0.2198 0.1563 0.2008 0.2875 0.4136 0.4805 0.4013 0.1928 0.1591 0.2108 0.3038 0.4334 0.4764 0.3766 0.1756 0.1639 0.2217 0.3209 0.4514 0.4698 0.3482 0.1656 0.1702 0.2340 0.3400 0.4672 0.4594 0.3097 0.1585 0.1799 0.2532 0.3698 0.4802 0.4354 0.2391 0.1559 0.2002 0.2916 0.4253 0.4766 0.3673 0.1677 0.1712 0.2412 0.3586 0.4790 0.4355 0.2297 0.1544 0.1732 0.1544 0.2297 0.4355 0.4790 0.3586 0.2412 0.1712 0.1677 0.3673 0.4766 0.4253 0.2916 0.2002 0.1559 0.2391 0.4354 0.4802 0.3698 0.2532 0.1799 0.1585 0.3097 0.4594 0.4672 0.3400 0.2340 0.1702 0.1656 0.3482 0.4698 0.4514 0.3209 0.2217 0.1639 0.1756 0.3766 0.4764 0.4334 0.3038 0.2108 0.1591 0.1928 0.4013 0.4805 0.4136 0.2875 0.2008 0.1563 0.2198 0.4312
0.2294 0.1577 0.2058 0.2959 0.4240 0.4787 0.3889 0.1827 0.1613 0.2163 0.3126 0.4431 0.4732 0.3623 0.1698 0.1670 0.2278 0.3301 0.4596 0.4654 0.3322 0.1621 0.1736 0.2402 0.3488 0.4721 0.4545 0.2955 0.1573 0.1826 0.2575 0.3750 0.4809 0.4328 0.2353 0.1559 0.2002 0.2907 0.4231 0.4775 0.3732 0.1700 0.1692 0.2370 0.3516 0.4767 0.4417 0.2454 0.1562 0.1995 0.2443 0.1995 0.1562 0.2454 0.4417 0.4767 0.3516 0.2370 0.1692 0.1700 0.3732 0.4775 0.4231 0.2907 0.2002 0.1559 0.2353 0.4328 0.4809 0.3750 0.2575 0.1826 0.1573 0.2955 0.4545 0.4721 0.3488 0.2402 0.1736 0.1621 0.3322 0.4654 0.4596 0.3301 0.2278 0.1670 0.1698 0.3623 0.4732 0.4431 0.3126 0.2163 0.1613 0.1827 0.3889 0.4787 0.4240 0.2959 0.2058 0.1577 0.2294
0.1856 0.2116 0.3044 0.4342 0.4762 0.3755 0.1751 0.1641 0.2221 0.3216 0.4521 0.4695 0.3471 0.1653 0.1703 0.2341 0.3395 0.4665 0.4604 0.3154 0.1595 0.1772 0.2469 0.3583 0.4761 0.4487 0.2796 0.1564 0.1859 0.2629 0.3820 0.4816 0.4284 0.2281 0.1562 0.2013 0.2916 0.4231 0.4777 0.3762 0.1718 0.1679 0.2338 0.3462 0.4742 0.4467 0.2593 0.1557 0.1990 0.2896 0.3656 0.2896 0.1990 0.1557 0.2593 0.4467 0.4742 0.3462 0.2338 0.1679 0.1718 0.3762 0.4777 0.4231 0.2916 0.2013 0.1562 0.2281 0.4284 0.4816 0.3820 0.2629 0.1859 0.1564 0.2796 0.4487 0.4761 0.3583 0.2469 0.1772 0.1595 0.3154 0.4604 0.4665 0.3395 0.2341 0.1703 0.1653 0.3471 0.4695 0.4521 0.3216 0.2221 0.1641 0.1751 0.3755 0.4762 0.4342 0.3044 0.2116 0.1856
0.2303 0.3141 0.4437 0.4730 0.3611 0.1694 0.1673 0.2282 0.3308 0.4601 0.4651 0.3310 0.1619 0.1738 0.2406 0.3492 0.4721 0.4548 0.2978 0.1576 0.1811 0.2539 0.3682 0.4791 0.4420 0.2625 0.1558 0.1897 0.2693 0.3902 0.4820 0.4223 0.2183 0.1566 0.2034 0.2942 0.4253 0.4775 0.3762 0.1724 0.1672 0.2318 0.3423 0.4720 0.4504 0.2710 0.1557 0.1949 0.2853 0.4216 0.4764 0.4216 0.2853 0.1949 0.1557 0.2710 0.4504 0.4720 0.3423 0.2318 0.1672 0.1724 0.3762 0.4775 0.4253 0.2942 0.2034 0.1566 0.2183 0.4223 0.4820 0.3902 0.2693 0.1897 0.1558 0.2625 0.4420 0.4791 0.3682 0.2539 0.1811 0.1576 0.2978 0.4548 0.4721 0.3492 0.2406 0.1738 0.1619 0.3310 0.4651 0.4601 0.3308 0.2282 0.1673 0.1694 0.3611 0.4730 0.4437 0.3141 0.2303
0.3208 0.4541 0.4691 0.3459 0.1650 0.1706 0.2345 0.3402 0.4669 0.4601 0.3141 0.1594 0.1775 0.2474 0.3590 0.4764 0.4485 0.2797 0.1564 0.1853 0.2612 0.3783 0.4810 0.4344 0.2446 0.1556 0.1939 0.2763 0.3993 0.4818 0.4146 0.2072 0.1575 0.2064 0.2985 0.4295 0.4766 0.3732 0.1718 0.1672 0.2311 0.3403 0.4704 0.4529 0.2797 0.1559 0.1919 0.2790 0.4120 0.4769 0.4345 0.4769 0.4120 0.2790 0.1919 0.1559 0.2797 0.4529 0.4704 0.3403 0.2311 0.1672 0.1718 0.3732 0.4766 0.4295 0.2985 0.2064 0.1575 0.2072 0.4146 0.4818 0.3993 0.2763 0.1939 0.1556 0.2446 0.4344 0.4810 0.3783 0.2612 0.1853 0.1564 0.2797 0.4485 0.4764 0.3590 0.2474 0.1775 0.1594 0.3141 0.4601 0.4669 0.3402 0.2345 0.1706 0.1650 0.3459 0.4691 0.4541 0.3208
0.4495 0.4651 0.3297 0.1617 0.1741 0.2411 0.3499 0.4725 0.4544 0.2965 0.1576 0.1815 0.2544 0.3689 0.4793 0.4415 0.2614 0.1557 0.1896 0.2687 0.3887 0.4819 0.4258 0.2271 0.1560 0.1986 0.2840 0.4091 0.4810 0.4053 0.1961 0.1587 0.2103 0.3041 0.4353 0.4752 0.3673 0.1700 0.1679 0.2318 0.3403 0.4698 0.4542 0.2852 0.1561 0.1897 0.2745 0.4046 0.4804 0.3911 0.2577 0.3911 0.4804 0.4046 0.2745 0.1897 0.1561 0.2852 0.4542 0.4698 0.3403 0.2318 0.1679 0.1700 0.3673 0.4752 0.4353 0.3041 0.2103 0.1587 0.1961 0.4053 0.4810 0.4091 0.2840 0.1986 0.1560 0.2271 0.4258 0.4819 0.3887 0.2687 0.1896 0.1557 0.2614 0.4415 0.4793 0.3689 0.2544 0.1815 0.1576 0.2965 0.4544 0.4725 0.3499 0.2411 0.1741 0.1617 0.3297 0.4651 0.4495
0.4660 0.3128 0.1592 0.1778 0.2479 0.3597 0.4766 0.4480 0.2784 0.1564 0.1856 0.2617 0.3791 0.4811 0.4337 0.2432 0.1556 0.1942 0.2765 0.3991 0.4819 0.4162 0.2110 0.1570 0.2036 0.2922 0.4194 0.4796 0.3942 0.1863 0.1605 0.2148 0.3109 0.4423 0.4731 0.3589 0.1677 0.1692 0.2338 0.3423 0.4704 0.4542 0.2872 0.1563 0.1884 0.2715 0.3996 0.4813 0.3986 0.1834 0.1482 0.1834 0.3986 0.4813 0.3996 0.2715 0.1884 0.1563 0.2872 0.4542 0.4704 0.3423 0.2338 0.1692 0.1677 0.3589 0.4731 0.4423 0.3109 0.2148 0.1605 0.1863 0.3942 0.4796 0.4194 0.2922 0.2036 0.1570 0.2110 0.4162 0.4819 0.3991 0.2765 0.1942 0.1556 0.2432 0.4337 0.4811 0.3791 0.2617 0.1856 0.1564 0.2784 0.4480 0.4766 0.3597 0.2479 0.1778 0.1592 0.3128 0.4660
0.3128 0.1576 0.1817 0.2550 0.3697 0.4795 0.4410 0.2601 0.1557 0.1899 0.2693 0.3895 0.4819 0.4251 0.2258 0.1561 0.1989 0.2845 0.4097 0.4810 0.4055 0.1972 0.1584 0.2088 0.3007 0.4297 0.4773 0.3815 0.1781 0.1630 0.2200 0.3186 0.4498 0.4702 0.3481 0.1650 0.1712 0.2370 0.3462 0.4720 0.4529 0.2852 0.1563 0.1880 0.2699 0.3965 0.4816 0.4047 0.1876 0.1594 0.1846 0.1594 0.1876 0.4047 0.4816 0.3965 0.2700 0.1880 0.1563 0.2852 0.4529 0.4720 0.3462 0.2370 0.1712 0.1650 0.3481 0.4702 0.4498 0.3186 0.2200 0.1630 0.1781 0.3815 0.4773 0.4297 0.3007 0.2088 0.1584 0.1972 0.4055 0.4810 0.4097 0.2845 0.1989 0.1561 0.2258 0.4251 0.4819 0.3895 0.2693 0.1899 0.1557 0.2601 0.4410 0.4795 0.3697 0.2550 0.1817 0.1576 0.3128
0.1845 0.1862 0.2623 0.3799 0.4812 0.4331 0.2419 0.1557 0.1945 0.2771 0.4000 0.4818 0.4154 0.2098 0.1570 0.2040 0.2928 0.4202 0.4794 0.3936 0.1861 0.1605 0.2143 0.3094 0.4396 0.4744 0.3675 0.1717 0.1659 0.2256 0.3271 0.4573 0.4666 0.3351 0.1624 0.1737 0.2412 0.3516 0.4742 0.4504 0.2797 0.1561 0.1884 0.2699 0.3954 0.4818 0.4080 0.1922 0.1610 0.2161 0.2671 0.2161 0.1610 0.1922 0.4080 0.4818 0.3954 0.2700 0.1884 0.1561 0.2797 0.4504 0.4742 0.3516 0.2412 0.1737 0.1624 0.3351 0.4666 0.4573 0.3271 0.2256 0.1659 0.1717 0.3675 0.4744 0.4396 0.3094 0.2143 0.1605 0.1861 0.3936 0.4794 0.4202 0.2928 0.2040 0.1570 0.2098 0.4154 0.4818 0.4000 0.2771 0.1945 0.1557 0.2419 0.4331 0.4812 0.3799 0.2623 0.1862 0.1845
0.2087 0.2705 0.3902 0.4820 0.4244 0.2246 0.1561 0.1993 0.2851 0.4105 0.4809 0.4046 0.1962 0.1585 0.2092 0.3013 0.4305 0.4772 0.3805 0.1777 0.1631 0.2200 0.3183 0.4489 0.4709 0.3527 0.1668 0.1691 0.2317 0.3361 0.4642 0.4621 0.3203 0.1601 0.1767 0.2464 0.3586 0.4767 0.4467 0.2710 0.1559 0.1897 0.2715 0.3965 0.4818 0.4092 0.1946 0.1601 0.2175 0.3191 0.4007 0.3191 0.2175 0.1600 0.1946 0.4092 0.4818 0.3965 0.2715 0.1897 0.1559 0.2710 0.4467 0.4767 0.3586 0.2464 0.1767 0.1601 0.3203 0.4621 0.4642 0.3361 0.2317 0.1691 0.1668 0.3527 0.4709 0.4489 0.3183 0.2200 0.1631 0.1777 0.3805 0.4772 0.4305 0.3013 0.2092 0.1585 0.1962 0.4046 0.4809 0.4105 0.2851 0.1993 0.1561 0.2246 0.4244 0.4820 0.3902 0.2705 0.2087
0.2821 0.4020 0.4817 0.4147 0.2088 0.1571 0.2044 0.2934 0.4210 0.4793 0.3926 0.1853 0.1606 0.2147 0.3100 0.4403 0.4742 0.3665 0.1713 0.1661 0.2260 0.3275 0.4573 0.4667 0.3369 0.1630 0.1725 0.2382 0.3456 0.4702 0.4569 0.3040 0.1582 0.1801 0.2523 0.3666 0.4790 0.4417 0.2593 0.1557 0.1919 0.2745 0.3996 0.4816 0.4080 0.1946 0.1598 0.2158 0.3175 0.4544 0.4768 0.4544 0.3176 0.2158 0.1598 0.1946 0.4080 0.4816 0.3996 0.2745 0.1919 0.1557 0.2593 0.4417 0.4790 0.3666 0.2523 0.1801 0.1582 0.3040 0.4569 0.4702 0.3456 0.2382 0.1725 0.1630 0.3369 0.4667 0.4573 0.3275 0.2260 0.1661 0.1713 0.3665 0.4742 0.4403 0.3100 0.2147 0.1606 0.1853 0.3926 0.4793 0.4210 0.2934 0.2044 0.1571 0.2088 0.4147 0.4817 0.4020 0.2821
0.4002 0.4816 0.4038 0.1953 0.1587 0.2096 0.3020 0.4313 0.4769 0.3795 0.1771 0.1633 0.2205 0.3190 0.4496 0.4706 0.3516 0.1665 0.1694 0.2322 0.3368 0.4646 0.4619 0.3203 0.1602 0.1762 0.2449 0.3554 0.4750 0.4509 0.2864 0.1568 0.1839 0.2589 0.3755 0.4807 0.4356 0.2456 0.1556 0.1948 0.2789 0.4046 0.4813 0.4047 0.1922 0.1600 0.2157 0.3159 0.4518 0.4644 0.4016 0.4645 0.4519 0.3160 0.2158 0.1600 0.1922 0.4047 0.4813 0.4046 0.2790 0.1949 0.1557 0.2454 0.4355 0.4807 0.3756 0.2590 0.1839 0.1568 0.2864 0.4509 0.4750 0.3554 0.2450 0.1762 0.1602 0.3202 0.4619 0.4647 0.3369 0.2323 0.1694 0.1665 0.3515 0.4706 0.4496 0.3190 0.2205 0.1634 0.1771 0.3794 0.4770 0.4313 0.3020 0.2097 0.1588 0.1953 0.4038 0.4816 0.4003
0.4810 0.3916 0.1846 0.1608 0.2152 0.3107 0.4411 0.4740 0.3654 0.1709 0.1663 0.2264 0.3281 0.4579 0.4664 0.3357 0.1628 0.1728 0.2387 0.3464 0.4706 0.4565 0.3029 0.1581 0.1800 0.2518 0.3653 0.4784 0.4442 0.2681 0.1559 0.1880 0.2660 0.3851 0.4817 0.4282 0.2308 0.1559 0.1984 0.2845 0.4112 0.4806 0.3993 0.1881 0.1607 0.2168 0.3167 0.4512 0.4674 0.3344 0.1908 0.3335 0.4670 0.4519 0.3176 0.2175 0.1610 0.1876 0.3986 0.4804 0.4120 0.2853 0.1990 0.1562 0.2297 0.4274 0.4817 0.3860 0.2668 0.1885 0.1561 0.2673 0.4436 0.4784 0.3660 0.2525 0.1805 0.1583 0.3021 0.4560 0.4709 0.3471 0.2393 0.1732 0.1628 0.3349 0.4660 0.4584 0.3288 0.2271 0.1667 0.1708 0.3647 0.4736 0.4417 0.3114 0.2157 0.1612 0.1844 0.3911 0.4808
0.3907 0.1766 0.1635 0.2209 0.3197 0.4503 0.4703 0.3503 0.1661 0.1696 0.2327 0.3375 0.4651 0.4616 0.3191 0.1600 0.1765 0.2454 0.3561 0.4753 0.4504 0.2850 0.1567 0.1841 0.2590 0.3754 0.4806 0.4367 0.2498 0.1556 0.1925 0.2736 0.3953 0.4820 0.4196 0.2159 0.1567 0.2025 0.2910 0.4190 0.4794 0.3917 0.1830 0.1618 0.2190 0.3193 0.4528 0.4675 0.3311 0.1600 0.1531 0.1582 0.3335 0.4645 0.4544 0.3191 0.2161 0.1594 0.1834 0.3911 0.4769 0.4216 0.2896 0.1995 0.1544 0.2182 0.4173 0.4800 0.3977 0.2714 0.1893 0.1536 0.2534 0.4340 0.4792 0.3772 0.2564 0.1810 0.1551 0.2889 0.4475 0.4747 0.3571 0.2425 0.1735 0.1587 0.3226 0.4585 0.4655 0.3377 0.2296 0.1668 0.1654 0.3528 0.4674 0.4515 0.3191 0.2177 0.1608 0.1771 0.3926
0.1980 0.1668 0.2269 0.3289 0.4585 0.4661 0.3344 0.1626 0.1731 0.2392 0.3471 0.4710 0.4561 0.3016 0.1580 0.1803 0.2524 0.3661 0.4786 0.4436 0.2666 0.1559 0.1884 0.2665 0.3857 0.4818 0.4283 0.2320 0.1559 0.1972 0.2816 0.4059 0.4814 0.4095 0.2018 0.1579 0.2072 0.2984 0.4276 0.4777 0.3819 0.1775 0.1636 0.2222 0.3236 0.4560 0.4662 0.3288 0.1611 0.1725 0.1830 0.1529 0.1907 0.4016 0.4768 0.4007 0.2671 0.1846 0.1482 0.2577 0.4345 0.4764 0.3656 0.2443 0.1732 0.1495 0.3015 0.4499 0.4699 0.3426 0.2299 0.1660 0.1545 0.3336 0.4601 0.4587 0.3228 0.2177 0.1601 0.1638 0.3620 0.4678 0.4426 0.3042 0.2066 0.1549 0.1801 0.3867 0.4734 0.4232 0.2866 0.1965 0.1510 0.2063 0.4078 0.4768 0.4020 0.2702 0.1873 0.1485 0.2566
0.1930 0.2340 0.3385 0.4658 0.4609 0.3173 0.1599 0.1770 0.2463 0.3572 0.4756 0.4496 0.2832 0.1567 0.1847 0.2600 0.3766 0.4807 0.4357 0.2479 0.1557 0.1931 0.2746 0.3965 0.4819 0.4187 0.2151 0.1568 0.2025 0.2902 0.4168 0.4800 0.3977 0.1896 0.1599 0.2127 0.3068 0.4370 0.4751 0.3699 0.1723 0.1661 0.2266 0.3295 0.4604 0.4638 0.3223 0.1602 0.1779 0.2103 0.1682 0.1596 0.3340 0.4644 0.4544 0.3191 0.2161 0.1594 0.1834 0.3911 0.4769 0.4216 0.2896 0.1995 0.1544 0.2182 0.4173 0.4800 0.3977 0.2714 0.1893 0.1536 0.2534 0.4340 0.4792 0.3772 0.2564 0.1810 0.1551 0.2889 0.4475 0.4747 0.3571 0.2425 0.1735 0.1587 0.3226 0.4585 0.4655 0.3377 0.2296 0.1668 0.1654 0.3528 0.4674 0.4515 0.3191 0.2177 0.1608 0.1771 0.3926
0.2479 0.3497 0.4711 0.4535 0.3019 0.1570 0.1791 0.2518 0.3681 0.4779 0.4411 0.2669 0.1548 0.1871 0.2662 0.3880 0.4805 0.4261 0.2321 0.1548 0.1960 0.2816 0.4082 0.4797 0.4079 0.2017 0.1567 0.2058 0.2979 0.4281 0.4762 0.3858 0.1805 0.1607 0.2165 0.3152 0.4467 0.4701 0.3583 0.1674 0.1673 0.2301 0.3368 0.4652 0.4591 0.3143 0.1584 0.1797 0.2470 0.2567 0.1970 0.3351 0.4670 0.4519 0.3176 0.2175 0.1610 0.1876 0.3986 0.4804 0.4120 0.2853 0.1990 0.1562 0.2297 0.4274 0.4817 0.3860 0.2668 0.1885 0.1561 0.2673 0.4436 0.4784 0.3660 0.2525 0.1805 0.1583 0.3021 0.4560 0.4709 0.3471 0.2393 0.1732 0.1628 0.3349 0.4660 0.4584 0.3288 0.2271 0.1667 0.1708 0.3647 0.4736 0.4417 0.3114 0.2157 0.1612 0.1844 0.3911 0.4808
0.3203 0.4597 0.4611 0.3367 0.1564 0.1657 0.2291 0.3413 0.4696 0.4512 0.3055 0.1511 0.1724 0.2423 0.3617 0.4760 0.4390 0.2719 0.1491 0.1799 0.2566 0.3829 0.4781 0.4242 0.2370 0.1492 0.1883 0.2720 0.4044 0.4771 0.4062 0.2042 0.1515 0.1979 0.2892 0.4267 0.4732 0.3825 0.1767 0.1565 0.2109 0.3127 0.4524 0.4638 0.3413 0.1577 0.1672 0.2347 0.3523 0.4507 0.4447 0.4634 0.4522 0.3160 0.2158 0.1601 0.1922 0.4047 0.4813 0.4046 0.2790 0.1949 0.1557 0.2454 0.4355 0.4807 0.3756 0.2590 0.1839 0.1568 0.2864 0.4509 0.4750 0.3554 0.2450 0.1762 0.1602 0.3202 0.4619 0.4647 0.3369 0.2323 0.1694 0.1665 0.3515 0.4706 0.4496 0.3190 0.2205 0.1634 0.1771 0.3794 0.4770 0.4313 0.3020 0.2097 0.1588 0.1953 0.4038 0.4816 0.4003
0.2772 0.4042 0.4793 0.4122 0.2127 0.1540 0.1998 0.2906 0.4239 0.4763 0.3917 0.1869 0.1571 0.2101 0.3080 0.4429 0.4708 0.3675 0.1710 0.1623 0.2214 0.3264 0.4589 0.4631 0.3398 0.1618 0.1685 0.2337 0.3457 0.4705 0.4531 0.3082 0.1562 0.1759 0.2482 0.3682 0.4780 0.4379 0.2642 0.1531 0.1875 0.2711 0.4027 0.4792 0.4051 0.1968 0.1564 0.2113 0.3163 0.4561 0.4755 0.4551 0.3176 0.2158 0.1598 0.1946 0.4080 0.4816 0.3996 0.2745 0.1919 0.1557 0.2593 0.4417 0.4790 0.3666 0.2523 0.1801 0.1582 0.3040 0.4569 0.4702 0.3456 0.2382 0.1725 0.1630 0.3369 0.4667 0.4573 0.3275 0.2260 0.1661 0.1713 0.3665 0.4742 0.4403 0.3100 0.2147 0.1606 0.1853 0.3926 0.4793 0.4210 0.2934 0.2044 0.1571 0.2088 0.4147 0.4817 0.4020 0.2821
0.2090 0.2714 0.3911 0.4818 0.4235 0.2234 0.1565 0.2001 0.2862 0.4115 0.4806 0.4038 0.1955 0.1590 0.2101 0.3024 0.4315 0.4766 0.3795 0.1773 0.1636 0.2209 0.3193 0.4497 0.4703 0.3516 0.1667 0.1697 0.2327 0.3372 0.4649 0.4614 0.3188 0.1601 0.1773 0.2474 0.3597 0.4769 0.4458 0.2693 0.1561 0.1906 0.2727 0.3978 0.4815 0.4080 0.1936 0.1606 0.2187 0.3208 0.4017 0.3192 0.2175 0.1600 0.1946 0.4092 0.4818 0.3965 0.2715 0.1897 0.1559 0.2710 0.4467 0.4767 0.3586 0.2464 0.1767 0.1601 0.3203 0.4621 0.4642 0.3361 0.2317 0.1691 0.1668 0.3527 0.4709 0.4489 0.3183 0.2200 0.1631 0.1777 0.3805 0.4772 0.4305 0.3013 0.2092 0.1585 0.1962 0.4046 0.4809 0.4105 0.2851 0.1993 0.1561 0.2246 0.4244 0.4820 0.3902 0.2705 0.2087
