0.0002 0.0017 0.0120 0.0857 0.6111 1.0000 1.0000 0.0008 0.0058 0.0416 0.2961 1.0000 1.0000 0.0004 0.0028 0.0202 0.1435 1.0000 1.0000 0.0002 0.0014 0.0098 0.0696 0.4957 1.0000 1.0000 0.0007 0.0047 0.0337 0.2406 1.0000 1.0000 0.0003 0.0023 0.0164 0.1166 0.8300 1.0000 1.0000 0.0011 0.0079 0.0566 0.4021 1.0000 1.0000 0.0005 0.0039 0.0275 0.1963 1.0000 1.0000 1.0000 0.1963 0.0275 0.0039 0.0005 1.0000 1.0000 0.4021 0.0566 0.0079 0.0011 1.0000 1.0000 0.8300 0.1166 0.0164 0.0023 0.0003 1.0000 1.0000 0.2406 0.0337 0.0047 0.0007 1.0000 1.0000 0.4957 0.0696 0.0098 0.0014 0.0002 1.0000 1.0000 0.1435 0.0202 0.0028 0.0004 1.0000 1.0000 0.2961 0.0416 0.0058 0.0008 1.0000 1.0000 0.6111 0.0857 0.0120 0.0017 0.0002
0.0017 0.0141 0.0964 0.6771 1.0000 1.0000 0.0009 0.0064 0.0456 0.3244 1.0000 1.0000 0.0004 0.0031 0.0221 0.1572 1.0000 1.0000 1.0000 0.0015 0.0107 0.0763 0.5421 1.0000 1.0000 0.0007 0.0052 0.0370 0.2631 1.0000 1.0000 0.0004 0.0025 0.0179 0.1275 0.9093 1.0000 1.0000 0.0012 0.0087 0.0619 0.4406 1.0000 1.0000 0.0006 0.0042 0.0300 0.2139 1.0000 1.0000 1.0000 1.0000 1.0000 0.2139 0.0300 0.0042 0.0006 1.0000 1.0000 0.4406 0.0619 0.0087 0.0012 1.0000 1.0000 0.9093 0.1275 0.0179 0.0025 0.0004 1.0000 1.0000 0.2631 0.0370 0.0052 0.0007 1.0000 1.0000 0.5421 0.0763 0.0107 0.0015 1.0000 1.0000 1.0000 0.1572 0.0221 0.0031 0.0004 1.0000 1.0000 0.3244 0.0456 0.0064 0.0009 1.0000 1.0000 0.6771 0.0964 0.0141 0.0017
0.0120 0.0964 0.6311 1.0000 1.0000 0.0008 0.0055 0.0392 0.2786 1.0000 1.0000 0.0004 0.0027 0.0189 0.1345 0.9572 1.0000 1.0000 0.0013 0.0092 0.0653 0.4647 1.0000 1.0000 0.0006 0.0044 0.0316 0.2251 1.0000 1.0000 0.0003 0.0022 0.0154 0.1093 0.7780 1.0000 1.0000 0.0010 0.0074 0.0530 0.3770 1.0000 1.0000 0.0005 0.0036 0.0257 0.1830 1.0000 1.0000 0.0003 0.0008 0.0003 1.0000 1.0000 0.1830 0.0257 0.0036 0.0005 1.0000 1.0000 0.3770 0.0530 0.0074 0.0010 1.0000 1.0000 0.7780 0.1093 0.0154 0.0022 0.0003 1.0000 1.0000 0.2251 0.0316 0.0044 0.0006 1.0000 1.0000 0.4647 0.0653 0.0092 0.0013 1.0000 1.0000 0.9572 0.1345 0.0189 0.0027 0.0004 1.0000 1.0000 0.2786 0.0392 0.0055 0.0008 1.0000 1.0000 0.6311 0.0964 0.0120
0.0857 0.6771 1.0000 1.0000 0.0007 0.0050 0.0350 0.2462 1.0000 1.0000 0.0003 0.0023 0.0165 0.1173 0.8347 1.0000 1.0000 0.0011 0.0080 0.0568 0.4044 1.0000 1.0000 0.0005 0.0039 0.0276 0.1963 1.0000 1.0000 0.0003 0.0019 0.0134 0.0951 0.6771 1.0000 1.0000 0.0009 0.0065 0.0462 0.3287 1.0000 1.0000 0.0004 0.0031 0.0224 0.1593 1.0000 1.0000 1.0000 0.0016 0.0052 0.0016 1.0000 1.0000 1.0000 0.1593 0.0224 0.0031 0.0004 1.0000 1.0000 0.3287 0.0462 0.0065 0.0009 1.0000 1.0000 0.6771 0.0951 0.0134 0.0019 0.0003 1.0000 1.0000 0.1963 0.0276 0.0039 0.0005 1.0000 1.0000 0.4044 0.0568 0.0080 0.0011 1.0000 1.0000 0.8347 0.1173 0.0165 0.0023 0.0003 1.0000 1.0000 0.2462 0.0350 0.0050 0.0007 1.0000 1.0000 0.6771 0.0857
0.6111 1.0000 1.0000 0.0007 0.0048 0.0326 0.2243 1.0000 1.0000 0.0003 0.0020 0.0144 0.1023 0.7279 1.0000 1.0000 0.0010 0.0069 0.0495 0.3520 1.0000 1.0000 0.0005 0.0034 0.0240 0.1709 1.0000 1.0000 1.0000 0.0016 0.0116 0.0828 0.5894 1.0000 1.0000 0.0008 0.0056 0.0402 0.2861 1.0000 1.0000 0.0004 0.0027 0.0195 0.1386 0.9868 1.0000 1.0000 0.0013 0.0098 0.0324 0.0098 0.0013 1.0000 1.0000 0.9868 0.1386 0.0195 0.0027 0.0004 1.0000 1.0000 0.2861 0.0402 0.0056 0.0008 1.0000 1.0000 0.5894 0.0828 0.0116 0.0016 1.0000 1.0000 1.0000 0.1709 0.0240 0.0034 0.0005 1.0000 1.0000 0.3520 0.0495 0.0069 0.0010 1.0000 1.0000 0.7279 0.1023 0.0144 0.0020 0.0003 1.0000 1.0000 0.2243 0.0326 0.0048 0.0007 1.0000 1.0000 0.6111
1.0000 1.0000 0.0008 0.0050 0.0326 0.2163 1.0000 1.0000 0.0003 0.0018 0.0127 0.0899 0.6372 1.0000 1.0000 0.0009 0.0060 0.0430 0.3064 1.0000 1.0000 0.0004 0.0029 0.0209 0.1487 1.0000 1.0000 1.0000 0.0014 0.0101 0.0721 0.5130 1.0000 1.0000 0.0007 0.0049 0.0350 0.2490 1.0000 1.0000 0.0003 0.0024 0.0170 0.1207 0.8589 1.0000 1.0000 0.0012 0.0083 0.0608 0.2009 0.0608 0.0083 0.0012 1.0000 1.0000 0.8589 0.1207 0.0170 0.0024 0.0003 1.0000 1.0000 0.2490 0.0350 0.0049 0.0007 1.0000 1.0000 0.5130 0.0721 0.0101 0.0014 1.0000 1.0000 1.0000 0.1487 0.0209 0.0029 0.0004 1.0000 1.0000 0.3064 0.0430 0.0060 0.0009 1.0000 1.0000 0.6372 0.0899 0.0127 0.0018 0.0003 1.0000 1.0000 0.2163 0.0326 0.0050 0.0008 1.0000 1.0000
1.0000 0.0009 0.0055 0.0350 0.2243 1.0000 1.0000 0.0002 0.0017 0.0115 0.0805 0.5641 1.0000 1.0000 0.0007 0.0053 0.0375 0.2667 1.0000 1.0000 0.0004 0.0026 0.0182 0.1295 0.9215 1.0000 1.0000 0.0012 0.0088 0.0627 0.4465 1.0000 1.0000 0.0006 0.0043 0.0304 0.2167 1.0000 1.0000 0.0003 0.0021 0.0148 0.1050 0.7475 1.0000 1.0000 0.0010 0.0072 0.0515 0.3770 1.0000 0.3770 0.0515 0.0072 0.0010 1.0000 1.0000 0.7475 0.1050 0.0148 0.0021 0.0003 1.0000 1.0000 0.2167 0.0304 0.0043 0.0006 1.0000 1.0000 0.4465 0.0627 0.0088 0.0012 1.0000 1.0000 0.9215 0.1295 0.0182 0.0026 0.0004 1.0000 1.0000 0.2667 0.0375 0.0053 0.0007 1.0000 1.0000 0.5641 0.0805 0.0115 0.0017 0.0002 1.0000 1.0000 0.2243 0.0350 0.0055 0.0009 1.0000
0.0008 0.0064 0.0392 0.2462 1.0000 1.0000 0.0002 0.0016 0.0109 0.0744 0.5130 1.0000 1.0000 0.0007 0.0046 0.0329 0.2330 1.0000 1.0000 0.0003 0.0022 0.0158 0.1127 0.8020 1.0000 1.0000 0.0011 0.0077 0.0546 0.3886 1.0000 1.0000 0.0005 0.0037 0.0265 0.1886 1.0000 1.0000 0.0003 0.0018 0.0128 0.0914 0.6506 1.0000 1.0000 0.0009 0.0062 0.0444 0.3189 1.0000 1.0000 1.0000 0.3189 0.0444 0.0062 0.0009 1.0000 1.0000 0.6506 0.0914 0.0128 0.0018 0.0003 1.0000 1.0000 0.1886 0.0265 0.0037 0.0005 1.0000 1.0000 0.3886 0.0546 0.0077 0.0011 1.0000 1.0000 0.8020 0.1127 0.0158 0.0022 0.0003 1.0000 1.0000 0.2330 0.0329 0.0046 0.0007 1.0000 1.0000 0.5130 0.0744 0.0109 0.0016 0.0002 1.0000 1.0000 0.2462 0.0392 0.0064 0.0008
0.0058 0.0456 0.2786 1.0000 1.0000 0.0003 0.0017 0.0109 0.0722 0.4864 1.0000 1.0000 0.0006 0.0041 0.0291 0.2051 1.0000 1.0000 0.0003 0.0019 0.0138 0.0981 0.6981 1.0000 1.0000 0.0009 0.0067 0.0475 0.3382 1.0000 1.0000 0.0005 0.0032 0.0231 0.1642 1.0000 1.0000 1.0000 0.0016 0.0112 0.0796 0.5663 1.0000 1.0000 0.0008 0.0054 0.0386 0.2749 1.0000 1.0000 1.0000 1.0000 1.0000 0.2749 0.0386 0.0054 0.0008 1.0000 1.0000 0.5663 0.0796 0.0112 0.0016 1.0000 1.0000 1.0000 0.1642 0.0231 0.0032 0.0005 1.0000 1.0000 0.3382 0.0475 0.0067 0.0009 1.0000 1.0000 0.6981 0.0981 0.0138 0.0019 0.0003 1.0000 1.0000 0.2051 0.0291 0.0041 0.0006 1.0000 1.0000 0.4864 0.0722 0.0109 0.0017 0.0003 1.0000 1.0000 0.2786 0.0456 0.0058
0.0416 0.3244 1.0000 1.0000 0.0003 0.0018 0.0115 0.0744 0.4864 1.0000 1.0000 0.0006 0.0038 0.0263 0.1833 1.0000 1.0000 0.0002 0.0017 0.0120 0.0855 0.6076 1.0000 1.0000 0.0008 0.0058 0.0414 0.2944 1.0000 1.0000 0.0004 0.0028 0.0201 0.1429 1.0000 1.0000 1.0000 0.0014 0.0097 0.0692 0.4929 1.0000 1.0000 0.0007 0.0047 0.0336 0.2393 1.0000 1.0000 0.0003 0.0011 0.0003 1.0000 1.0000 0.2393 0.0336 0.0047 0.0007 1.0000 1.0000 0.4929 0.0692 0.0097 0.0014 1.0000 1.0000 1.0000 0.1429 0.0201 0.0028 0.0004 1.0000 1.0000 0.2944 0.0414 0.0058 0.0008 1.0000 1.0000 0.6076 0.0855 0.0120 0.0017 0.0002 1.0000 1.0000 0.1833 0.0263 0.0038 0.0006 1.0000 1.0000 0.4864 0.0744 0.0115 0.0018 0.0003 1.0000 1.0000 0.3244 0.0416
0.2961 1.0000 1.0000 0.0003 0.0020 0.0127 0.0805 0.5130 1.0000 1.0000 0.0005 0.0036 0.0245 0.1683 1.0000 1.0000 1.0000 0.0015 0.0106 0.0747 0.5308 1.0000 1.0000 0.0007 0.0051 0.0360 0.2562 1.0000 1.0000 0.0003 0.0025 0.0175 0.1244 0.8854 1.0000 1.0000 0.0012 0.0085 0.0603 0.4290 1.0000 1.0000 0.0006 0.0041 0.0293 0.2083 1.0000 1.0000 0.0003 0.0021 0.0068 0.0021 0.0003 1.0000 1.0000 0.2083 0.0293 0.0041 0.0006 1.0000 1.0000 0.4290 0.0603 0.0085 0.0012 1.0000 1.0000 0.8854 0.1244 0.0175 0.0025 0.0003 1.0000 1.0000 0.2562 0.0360 0.0051 0.0007 1.0000 1.0000 0.5308 0.0747 0.0106 0.0015 1.0000 1.0000 1.0000 0.1683 0.0245 0.0036 0.0005 1.0000 1.0000 0.5130 0.0805 0.0127 0.0020 0.0003 1.0000 1.0000 0.2961
1.0000 1.0000 0.0004 0.0023 0.0144 0.0899 0.5641 1.0000 1.0000 0.0006 0.0036 0.0239 0.1605 1.0000 1.0000 1.0000 0.0013 0.0094 0.0662 0.4673 1.0000 1.0000 0.0006 0.0044 0.0313 0.2230 1.0000 1.0000 0.0003 0.0021 0.0152 0.1083 0.7706 1.0000 1.0000 0.0010 0.0074 0.0525 0.3734 1.0000 1.0000 0.0005 0.0036 0.0255 0.1813 1.0000 1.0000 0.0002 0.0018 0.0128 0.0423 0.0128 0.0018 0.0002 1.0000 1.0000 0.1813 0.0255 0.0036 0.0005 1.0000 1.0000 0.3734 0.0525 0.0074 0.0010 1.0000 1.0000 0.7706 0.1083 0.0152 0.0021 0.0003 1.0000 1.0000 0.2230 0.0313 0.0044 0.0006 1.0000 1.0000 0.4673 0.0662 0.0094 0.0013 1.0000 1.0000 1.0000 0.1605 0.0239 0.0036 0.0006 1.0000 1.0000 0.5641 0.0899 0.0144 0.0023 0.0004 1.0000 1.0000
1.0000 0.0004 0.0027 0.0165 0.1023 0.6372 1.0000 1.0000 0.0006 0.0038 0.0245 0.1605 1.0000 1.0000 1.0000 0.0012 0.0085 0.0595 0.4161 1.0000 1.0000 0.0005 0.0039 0.0274 0.1945 1.0000 1.0000 0.0003 0.0019 0.0132 0.0942 0.6707 1.0000 1.0000 0.0009 0.0064 0.0457 0.3250 1.0000 1.0000 0.0004 0.0031 0.0222 0.1578 1.0000 1.0000 1.0000 0.0015 0.0109 0.0796 0.2621 0.0796 0.0109 0.0015 1.0000 1.0000 1.0000 0.1578 0.0222 0.0031 0.0004 1.0000 1.0000 0.3250 0.0457 0.0064 0.0009 1.0000 1.0000 0.6707 0.0942 0.0132 0.0019 0.0003 1.0000 1.0000 0.1945 0.0274 0.0039 0.0005 1.0000 1.0000 0.4161 0.0595 0.0085 0.0012 1.0000 1.0000 1.0000 0.1605 0.0245 0.0038 0.0006 1.0000 1.0000 0.6372 0.1023 0.0165 0.0027 0.0004 1.0000
0.0004 0.0031 0.0189 0.1173 0.7279 1.0000 1.0000 0.0007 0.0041 0.0263 0.1683 1.0000 1.0000 1.0000 0.0012 0.0080 0.0549 0.3791 1.0000 1.0000 0.0005 0.0034 0.0241 0.1702 1.0000 1.0000 1.0000 0.0016 0.0115 0.0820 0.5838 1.0000 1.0000 0.0008 0.0056 0.0397 0.2829 1.0000 1.0000 0.0004 0.0027 0.0193 0.1373 0.9774 1.0000 1.0000 0.0013 0.0094 0.0673 0.4929 1.0000 0.4929 0.0673 0.0094 0.0013 1.0000 1.0000 0.9774 0.1373 0.0193 0.0027 0.0004 1.0000 1.0000 0.2829 0.0397 0.0056 0.0008 1.0000 1.0000 0.5838 0.0820 0.0115 0.0016 1.0000 1.0000 1.0000 0.1702 0.0241 0.0034 0.0005 1.0000 1.0000 0.3791 0.0549 0.0080 0.0012 1.0000 1.0000 1.0000 0.1683 0.0263 0.0041 0.0007 1.0000 1.0000 0.7279 0.1173 0.0189 0.0031 0.0004
0.0028 0.0221 0.1345 0.8347 1.0000 1.0000 0.0007 0.0046 0.0291 0.1833 1.0000 1.0000 1.0000 0.0012 0.0079 0.0527 0.3567 1.0000 1.0000 0.0004 0.0030 0.0214 0.1504 1.0000 1.0000 1.0000 0.0014 0.0100 0.0714 0.5081 1.0000 1.0000 0.0007 0.0049 0.0346 0.2462 1.0000 1.0000 0.0003 0.0024 0.0168 0.1195 0.8507 1.0000 1.0000 0.0011 0.0081 0.0579 0.4169 1.0000 1.0000 1.0000 0.4169 0.0579 0.0081 0.0011 1.0000 1.0000 0.8507 0.1195 0.0168 0.0024 0.0003 1.0000 1.0000 0.2462 0.0346 0.0049 0.0007 1.0000 1.0000 0.5081 0.0714 0.0100 0.0014 1.0000 1.0000 1.0000 0.1504 0.0214 0.0030 0.0004 1.0000 1.0000 0.3567 0.0527 0.0079 0.0012 1.0000 1.0000 1.0000 0.1833 0.0291 0.0046 0.0007 1.0000 1.0000 0.8347 0.1345 0.0221 0.0028
0.0202 0.1572 0.9572 1.0000 1.0000 0.0009 0.0053 0.0329 0.2051 1.0000 1.0000 1.0000 0.0012 0.0080 0.0527 0.3493 1.0000 1.0000 0.0004 0.0028 0.0193 0.1347 0.9445 1.0000 1.0000 0.0012 0.0088 0.0624 0.4431 1.0000 1.0000 0.0006 0.0042 0.0301 0.2143 1.0000 1.0000 0.0003 0.0021 0.0146 0.1040 0.7405 1.0000 1.0000 0.0010 0.0071 0.0504 0.3595 1.0000 1.0000 1.0000 1.0000 1.0000 0.3595 0.0504 0.0071 0.0010 1.0000 1.0000 0.7405 0.1040 0.0146 0.0021 0.0003 1.0000 1.0000 0.2143 0.0301 0.0042 0.0006 1.0000 1.0000 0.4431 0.0624 0.0088 0.0012 1.0000 1.0000 0.9445 0.1347 0.0193 0.0028 0.0004 1.0000 1.0000 0.3493 0.0527 0.0080 0.0012 1.0000 1.0000 1.0000 0.2051 0.0329 0.0053 0.0009 1.0000 1.0000 0.9572 0.1572 0.0202
0.1435 1.0000 1.0000 1.0000 0.0010 0.0060 0.0375 0.2330 1.0000 1.0000 1.0000 0.0013 0.0085 0.0549 0.3567 1.0000 1.0000 0.0004 0.0026 0.0179 0.1232 0.8556 1.0000 1.0000 0.0011 0.0077 0.0547 0.3879 1.0000 1.0000 0.0005 0.0037 0.0262 0.1865 1.0000 1.0000 0.0003 0.0018 0.0127 0.0905 0.6445 1.0000 1.0000 0.0009 0.0062 0.0439 0.3123 1.0000 1.0000 0.0004 0.0014 0.0004 1.0000 1.0000 0.3123 0.0439 0.0062 0.0009 1.0000 1.0000 0.6445 0.0905 0.0127 0.0018 0.0003 1.0000 1.0000 0.1865 0.0262 0.0037 0.0005 1.0000 1.0000 0.3879 0.0547 0.0077 0.0011 1.0000 1.0000 0.8556 0.1232 0.0179 0.0026 0.0004 1.0000 1.0000 0.3567 0.0549 0.0085 0.0013 1.0000 1.0000 1.0000 0.2330 0.0375 0.0060 0.0010 1.0000 1.0000 1.0000 0.1435
1.0000 1.0000 1.0000 0.0011 0.0069 0.0430 0.2667 1.0000 1.0000 0.0002 0.0015 0.0094 0.0595 0.3791 1.0000 1.0000 0.0004 0.0026 0.0172 0.1166 0.7944 1.0000 1.0000 0.0010 0.0069 0.0484 0.3415 1.0000 1.0000 0.0005 0.0032 0.0228 0.1623 1.0000 1.0000 1.0000 0.0016 0.0111 0.0788 0.5609 1.0000 1.0000 0.0008 0.0054 0.0382 0.2718 1.0000 1.0000 0.0004 0.0027 0.0089 0.0027 0.0004 1.0000 1.0000 0.2718 0.0382 0.0054 0.0008 1.0000 1.0000 0.5609 0.0788 0.0111 0.0016 1.0000 1.0000 1.0000 0.1623 0.0228 0.0032 0.0005 1.0000 1.0000 0.3415 0.0484 0.0069 0.0010 1.0000 1.0000 0.7944 0.1166 0.0172 0.0026 0.0004 1.0000 1.0000 0.3791 0.0595 0.0094 0.0015 0.0002 1.0000 1.0000 0.2667 0.0430 0.0069 0.0011 1.0000 1.0000 1.0000
1.0000 1.0000 0.0013 0.0080 0.0495 0.3064 1.0000 1.0000 0.0003 0.0017 0.0106 0.0662 0.4161 1.0000 1.0000 0.0004 0.0026 0.0172 0.1142 0.7662 1.0000 1.0000 0.0009 0.0063 0.0436 0.3052 1.0000 1.0000 0.0004 0.0028 0.0200 0.1418 1.0000 1.0000 1.0000 0.0014 0.0096 0.0686 0.4882 1.0000 1.0000 0.0007 0.0047 0.0332 0.2366 1.0000 1.0000 0.0003 0.0023 0.0168 0.0552 0.0168 0.0023 0.0003 1.0000 1.0000 0.2366 0.0332 0.0047 0.0007 1.0000 1.0000 0.4882 0.0686 0.0096 0.0014 1.0000 1.0000 1.0000 0.1418 0.0200 0.0028 0.0004 1.0000 1.0000 0.3052 0.0436 0.0063 0.0009 1.0000 1.0000 0.7662 0.1142 0.0172 0.0026 0.0004 1.0000 1.0000 0.4161 0.0662 0.0106 0.0017 0.0003 1.0000 1.0000 0.3064 0.0495 0.0080 0.0013 1.0000 1.0000
0.0002 0.0015 0.0092 0.0568 0.3520 1.0000 1.0000 0.0003 0.0019 0.0120 0.0747 0.4673 1.0000 1.0000 0.0004 0.0028 0.0179 0.1166 0.7662 1.0000 1.0000 0.0009 0.0058 0.0400 0.2770 1.0000 1.0000 0.0004 0.0025 0.0176 0.1244 0.8820 1.0000 1.0000 0.0012 0.0084 0.0597 0.4249 1.0000 1.0000 0.0006 0.0041 0.0289 0.2059 1.0000 1.0000 0.0003 0.0020 0.0142 0.1038 0.3428 0.1038 0.0142 0.0020 0.0003 1.0000 1.0000 0.2059 0.0289 0.0041 0.0006 1.0000 1.0000 0.4249 0.0597 0.0084 0.0012 1.0000 1.0000 0.8820 0.1244 0.0176 0.0025 0.0004 1.0000 1.0000 0.2770 0.0400 0.0058 0.0009 1.0000 1.0000 0.7662 0.1166 0.0179 0.0028 0.0004 1.0000 1.0000 0.4673 0.0747 0.0120 0.0019 0.0003 1.0000 1.0000 0.3520 0.0568 0.0092 0.0015 0.0002
0.0014 0.0107 0.0653 0.4044 1.0000 1.0000 0.0004 0.0022 0.0138 0.0855 0.5308 1.0000 1.0000 0.0005 0.0030 0.0193 0.1232 0.7944 1.0000 1.0000 0.0008 0.0056 0.0380 0.2587 1.0000 1.0000 0.0003 0.0022 0.0156 0.1099 0.7765 1.0000 1.0000 0.0010 0.0073 0.0520 0.3699 1.0000 1.0000 0.0005 0.0035 0.0252 0.1792 1.0000 1.0000 0.0002 0.0017 0.0122 0.0878 0.6433 1.0000 0.6433 0.0878 0.0122 0.0017 0.0002 1.0000 1.0000 0.1792 0.0252 0.0035 0.0005 1.0000 1.0000 0.3699 0.0520 0.0073 0.0010 1.0000 1.0000 0.7765 0.1099 0.0156 0.0022 0.0003 1.0000 1.0000 0.2587 0.0380 0.0056 0.0008 1.0000 1.0000 0.7944 0.1232 0.0193 0.0030 0.0005 1.0000 1.0000 0.5308 0.0855 0.0138 0.0022 0.0004 1.0000 1.0000 0.4044 0.0653 0.0107 0.0014
0.0098 0.0763 0.4647 1.0000 1.0000 0.0004 0.0026 0.0158 0.0981 0.6076 1.0000 1.0000 0.0005 0.0034 0.0214 0.1347 0.8556 1.0000 1.0000 0.0009 0.0056 0.0372 0.2495 1.0000 1.0000 0.0003 0.0020 0.0141 0.0984 0.6901 1.0000 1.0000 0.0009 0.0064 0.0453 0.3225 1.0000 1.0000 0.0004 0.0031 0.0219 0.1560 1.0000 1.0000 1.0000 0.0015 0.0106 0.0757 0.5441 1.0000 1.0000 1.0000 0.5441 0.0757 0.0106 0.0015 1.0000 1.0000 1.0000 0.1560 0.0219 0.0031 0.0004 1.0000 1.0000 0.3225 0.0453 0.0064 0.0009 1.0000 1.0000 0.6901 0.0984 0.0141 0.0020 0.0003 1.0000 1.0000 0.2495 0.0372 0.0056 0.0009 1.0000 1.0000 0.8556 0.1347 0.0214 0.0034 0.0005 1.0000 1.0000 0.6076 0.0981 0.0158 0.0026 0.0004 1.0000 1.0000 0.4647 0.0763 0.0098
0.0696 0.5421 1.0000 1.0000 0.0005 0.0029 0.0182 0.1127 0.6981 1.0000 1.0000 0.0006 0.0039 0.0241 0.1504 0.9445 1.0000 1.0000 0.0009 0.0058 0.0380 0.2495 1.0000 1.0000 0.0003 0.0019 0.0130 0.0899 0.6240 1.0000 1.0000 0.0008 0.0056 0.0398 0.2823 1.0000 1.0000 0.0004 0.0027 0.0191 0.1358 0.9663 1.0000 1.0000 0.0013 0.0093 0.0659 0.4691 1.0000 1.0000 0.0003 1.0000 1.0000 0.4691 0.0659 0.0093 0.0013 1.0000 1.0000 0.9663 0.1358 0.0191 0.0027 0.0004 1.0000 1.0000 0.2823 0.0398 0.0056 0.0008 1.0000 1.0000 0.6240 0.0899 0.0130 0.0019 0.0003 1.0000 1.0000 0.2495 0.0380 0.0058 0.0009 1.0000 1.0000 0.9445 0.1504 0.0241 0.0039 0.0006 1.0000 1.0000 0.6981 0.1127 0.0182 0.0029 0.0005 1.0000 1.0000 0.5421 0.0696
0.4957 1.0000 1.0000 0.0005 0.0034 0.0209 0.1295 0.8020 1.0000 1.0000 0.0007 0.0044 0.0274 0.1702 1.0000 1.0000 1.0000 0.0010 0.0063 0.0400 0.2587 1.0000 1.0000 0.0003 0.0018 0.0123 0.0839 0.5750 1.0000 1.0000 0.0007 0.0050 0.0353 0.2490 1.0000 1.0000 0.0003 0.0023 0.0166 0.1182 0.8411 1.0000 1.0000 0.0011 0.0081 0.0574 0.4083 1.0000 1.0000 0.0006 0.0019 0.0006 1.0000 1.0000 0.4083 0.0574 0.0081 0.0011 1.0000 1.0000 0.8411 0.1182 0.0166 0.0023 0.0003 1.0000 1.0000 0.2490 0.0353 0.0050 0.0007 1.0000 1.0000 0.5750 0.0839 0.0123 0.0018 0.0003 1.0000 1.0000 0.2587 0.0400 0.0063 0.0010 1.0000 1.0000 1.0000 0.1702 0.0274 0.0044 0.0007 1.0000 1.0000 0.8020 0.1295 0.0209 0.0034 0.0005 1.0000 1.0000 0.4957
1.0000 1.0000 0.0006 0.0039 0.0240 0.1487 0.9215 1.0000 1.0000 0.0008 0.0051 0.0313 0.1945 1.0000 1.0000 1.0000 0.0011 0.0069 0.0436 0.2770 1.0000 1.0000 0.0003 0.0018 0.0121 0.0811 0.5472 1.0000 1.0000 0.0007 0.0045 0.0317 0.2222 1.0000 1.0000 0.0003 0.0020 0.0145 0.1032 0.7335 1.0000 1.0000 0.0010 0.0070 0.0499 0.3554 1.0000 1.0000 0.0005 0.0035 0.0117 0.0035 0.0005 1.0000 1.0000 0.3554 0.0499 0.0070 0.0010 1.0000 1.0000 0.7335 0.1032 0.0145 0.0020 0.0003 1.0000 1.0000 0.2222 0.0317 0.0045 0.0007 1.0000 1.0000 0.5472 0.0811 0.0121 0.0018 0.0003 1.0000 1.0000 0.2770 0.0436 0.0069 0.0011 1.0000 1.0000 1.0000 0.1945 0.0313 0.0051 0.0008 1.0000 1.0000 0.9215 0.1487 0.0240 0.0039 0.0006 1.0000 1.0000
1.0000 0.0007 0.0044 0.0276 0.1709 1.0000 1.0000 1.0000 0.0009 0.0058 0.0360 0.2230 1.0000 1.0000 1.0000 0.0012 0.0077 0.0484 0.3052 1.0000 1.0000 0.0003 0.0019 0.0123 0.0811 0.5380 1.0000 1.0000 0.0006 0.0042 0.0290 0.2016 1.0000 1.0000 0.0003 0.0018 0.0128 0.0905 0.6420 1.0000 1.0000 0.0009 0.0061 0.0435 0.3093 1.0000 1.0000 0.0004 0.0030 0.0219 0.0722 0.0219 0.0030 0.0004 1.0000 1.0000 0.3093 0.0435 0.0061 0.0009 1.0000 1.0000 0.6420 0.0905 0.0128 0.0018 0.0003 1.0000 1.0000 0.2016 0.0290 0.0042 0.0006 1.0000 1.0000 0.5380 0.0811 0.0123 0.0019 0.0003 1.0000 1.0000 0.3052 0.0484 0.0077 0.0012 1.0000 1.0000 1.0000 0.2230 0.0360 0.0058 0.0009 1.0000 1.0000 1.0000 0.1709 0.0276 0.0044 0.0007 1.0000
0.0007 0.0052 0.0316 0.1963 1.0000 1.0000 1.0000 0.0011 0.0067 0.0414 0.2562 1.0000 1.0000 1.0000 0.0014 0.0088 0.0547 0.3415 1.0000 1.0000 0.0003 0.0020 0.0130 0.0839 0.5472 1.0000 1.0000 0.0006 0.0040 0.0273 0.1865 1.0000 1.0000 1.0000 0.0016 0.0114 0.0800 0.5652 1.0000 1.0000 0.0007 0.0053 0.0378 0.2692 1.0000 1.0000 0.0004 0.0026 0.0185 0.1358 0.4473 0.1358 0.0185 0.0026 0.0004 1.0000 1.0000 0.2692 0.0378 0.0053 0.0007 1.0000 1.0000 0.5652 0.0800 0.0114 0.0016 1.0000 1.0000 1.0000 0.1865 0.0273 0.0040 0.0006 1.0000 1.0000 0.5472 0.0839 0.0130 0.0020 0.0003 1.0000 1.0000 0.3415 0.0547 0.0088 0.0014 1.0000 1.0000 1.0000 0.2562 0.0414 0.0067 0.0011 1.0000 1.0000 1.0000 0.1963 0.0316 0.0052 0.0007
0.0047 0.0370 0.2251 1.0000 1.0000 1.0000 0.0012 0.0077 0.0475 0.2944 1.0000 1.0000 0.0003 0.0016 0.0100 0.0624 0.3879 1.0000 1.0000 0.0004 0.0022 0.0141 0.0899 0.5750 1.0000 1.0000 0.0006 0.0039 0.0264 0.1778 1.0000 1.0000 1.0000 0.0015 0.0102 0.0715 0.5024 1.0000 1.0000 0.0007 0.0047 0.0330 0.2348 1.0000 1.0000 0.0003 0.0022 0.0160 0.1148 0.8411 1.0000 0.8411 0.1148 0.0160 0.0022 0.0003 1.0000 1.0000 0.2348 0.0330 0.0047 0.0007 1.0000 1.0000 0.5024 0.0715 0.0102 0.0015 1.0000 1.0000 1.0000 0.1778 0.0264 0.0039 0.0006 1.0000 1.0000 0.5750 0.0899 0.0141 0.0022 0.0004 1.0000 1.0000 0.3879 0.0624 0.0100 0.0016 0.0003 1.0000 1.0000 0.2944 0.0475 0.0077 0.0012 1.0000 1.0000 1.0000 0.2251 0.0370 0.0047
0.0337 0.2631 1.0000 1.0000 1.0000 0.0014 0.0088 0.0546 0.3382 1.0000 1.0000 0.0003 0.0019 0.0115 0.0714 0.4431 1.0000 1.0000 0.0004 0.0025 0.0156 0.0984 0.6240 1.0000 1.0000 0.0006 0.0040 0.0264 0.1748 1.0000 1.0000 1.0000 0.0014 0.0094 0.0649 0.4525 1.0000 1.0000 0.0006 0.0041 0.0290 0.2055 1.0000 1.0000 0.0003 0.0020 0.0139 0.0988 0.7115 1.0000 1.0000 1.0000 0.7115 0.0988 0.0139 0.0020 0.0003 1.0000 1.0000 0.2055 0.0290 0.0041 0.0006 1.0000 1.0000 0.4525 0.0649 0.0094 0.0014 1.0000 1.0000 1.0000 0.1748 0.0264 0.0040 0.0006 1.0000 1.0000 0.6240 0.0984 0.0156 0.0025 0.0004 1.0000 1.0000 0.4431 0.0714 0.0115 0.0019 0.0003 1.0000 1.0000 0.3382 0.0546 0.0088 0.0014 1.0000 1.0000 1.0000 0.2631 0.0337
0.2406 1.0000 1.0000 0.0003 0.0016 0.0101 0.0627 0.3886 1.0000 1.0000 0.0003 0.0021 0.0132 0.0820 0.5081 1.0000 1.0000 0.0005 0.0028 0.0176 0.1099 0.6901 1.0000 1.0000 0.0007 0.0042 0.0273 0.1778 1.0000 1.0000 1.0000 0.0013 0.0088 0.0604 0.4153 1.0000 1.0000 0.0005 0.0037 0.0257 0.1813 1.0000 1.0000 0.0002 0.0017 0.0121 0.0860 0.6134 1.0000 1.0000 0.0004 1.0000 1.0000 0.6134 0.0860 0.0121 0.0017 0.0002 1.0000 1.0000 0.1813 0.0257 0.0037 0.0005 1.0000 1.0000 0.4153 0.0604 0.0088 0.0013 1.0000 1.0000 1.0000 0.1778 0.0273 0.0042 0.0007 1.0000 1.0000 0.6901 0.1099 0.0176 0.0028 0.0005 1.0000 1.0000 0.5081 0.0820 0.0132 0.0021 0.0003 1.0000 1.0000 0.3886 0.0627 0.0101 0.0016 0.0003 1.0000 1.0000 0.2406
1.0000 1.0000 0.0003 0.0019 0.0116 0.0721 0.4465 1.0000 1.0000 0.0004 0.0025 0.0152 0.0942 0.5838 1.0000 1.0000 0.0005 0.0032 0.0200 0.1244 0.7765 1.0000 1.0000 0.0007 0.0045 0.0290 0.1865 1.0000 1.0000 1.0000 0.0013 0.0086 0.0577 0.3916 1.0000 1.0000 0.0005 0.0033 0.0230 0.1614 1.0000 1.0000 1.0000 0.0015 0.0106 0.0751 0.5339 1.0000 1.0000 0.0007 0.0025 0.0007 1.0000 1.0000 0.5339 0.0751 0.0106 0.0015 1.0000 1.0000 1.0000 0.1614 0.0230 0.0033 0.0005 1.0000 1.0000 0.3916 0.0577 0.0086 0.0013 1.0000 1.0000 1.0000 0.1865 0.0290 0.0045 0.0007 1.0000 1.0000 0.7765 0.1244 0.0200 0.0032 0.0005 1.0000 1.0000 0.5838 0.0942 0.0152 0.0025 0.0004 1.0000 1.0000 0.4465 0.0721 0.0116 0.0019 0.0003 1.0000 1.0000
1.0000 0.0004 0.0022 0.0134 0.0828 0.5130 1.0000 1.0000 0.0005 0.0028 0.0175 0.1083 0.6707 1.0000 1.0000 0.0006 0.0037 0.0228 0.1418 0.8820 1.0000 1.0000 0.0008 0.0050 0.0317 0.2016 1.0000 1.0000 1.0000 0.0013 0.0086 0.0567 0.3791 1.0000 1.0000 0.0004 0.0030 0.0210 0.1459 1.0000 1.0000 1.0000 0.0013 0.0093 0.0659 0.4664 1.0000 1.0000 0.0006 0.0046 0.0152 0.0046 0.0006 1.0000 1.0000 0.4664 0.0659 0.0093 0.0013 1.0000 1.0000 1.0000 0.1459 0.0210 0.0030 0.0004 1.0000 1.0000 0.3791 0.0567 0.0086 0.0013 1.0000 1.0000 1.0000 0.2016 0.0317 0.0050 0.0008 1.0000 1.0000 0.8820 0.1418 0.0228 0.0037 0.0006 1.0000 1.0000 0.6707 0.1083 0.0175 0.0028 0.0005 1.0000 1.0000 0.5130 0.0828 0.0134 0.0022 0.0004 1.0000
0.0003 0.0025 0.0154 0.0951 0.5894 1.0000 1.0000 0.0005 0.0032 0.0201 0.1244 0.7706 1.0000 1.0000 0.0007 0.0042 0.0262 0.1623 1.0000 1.0000 1.0000 0.0009 0.0056 0.0353 0.2222 1.0000 1.0000 1.0000 0.0014 0.0088 0.0577 0.3791 1.0000 1.0000 0.0004 0.0029 0.0195 0.1342 0.9285 1.0000 1.0000 0.0012 0.0082 0.0581 0.4106 1.0000 1.0000 0.0005 0.0039 0.0287 0.0946 0.0287 0.0039 0.0005 1.0000 1.0000 0.4106 0.0581 0.0082 0.0012 1.0000 1.0000 0.9285 0.1342 0.0195 0.0029 0.0004 1.0000 1.0000 0.3791 0.0577 0.0088 0.0014 1.0000 1.0000 1.0000 0.2222 0.0353 0.0056 0.0009 1.0000 1.0000 1.0000 0.1623 0.0262 0.0042 0.0007 1.0000 1.0000 0.7706 0.1244 0.0201 0.0032 0.0005 1.0000 1.0000 0.5894 0.0951 0.0154 0.0025 0.0003
0.0023 0.0179 0.1093 0.6771 1.0000 1.0000 0.0006 0.0037 0.0231 0.1429 0.8854 1.0000 1.0000 0.0008 0.0049 0.0301 0.1865 1.0000 1.0000 1.0000 0.0010 0.0064 0.0398 0.2490 1.0000 1.0000 1.0000 0.0015 0.0094 0.0604 0.3916 1.0000 1.0000 0.0004 0.0028 0.0187 0.1265 0.8638 1.0000 1.0000 0.0011 0.0074 0.0519 0.3650 1.0000 1.0000 0.0005 0.0034 0.0243 0.1778 0.5871 0.1778 0.0243 0.0034 0.0005 1.0000 1.0000 0.3650 0.0519 0.0074 0.0011 1.0000 1.0000 0.8638 0.1265 0.0187 0.0028 0.0004 1.0000 1.0000 0.3916 0.0604 0.0094 0.0015 1.0000 1.0000 1.0000 0.2490 0.0398 0.0064 0.0010 1.0000 1.0000 1.0000 0.1865 0.0301 0.0049 0.0008 1.0000 1.0000 0.8854 0.1429 0.0231 0.0037 0.0006 1.0000 1.0000 0.6771 0.1093 0.0179 0.0023
0.0164 0.1275 0.7780 1.0000 1.0000 0.0007 0.0043 0.0265 0.1642 1.0000 1.0000 1.0000 0.0009 0.0056 0.0346 0.2143 1.0000 1.0000 1.0000 0.0012 0.0073 0.0453 0.2823 1.0000 1.0000 0.0003 0.0016 0.0102 0.0649 0.4153 1.0000 1.0000 0.0004 0.0028 0.0184 0.1227 0.8268 1.0000 1.0000 0.0010 0.0068 0.0470 0.3275 1.0000 1.0000 0.0004 0.0030 0.0211 0.1513 1.0000 1.0000 1.0000 0.1513 0.0211 0.0030 0.0004 1.0000 1.0000 0.3275 0.0470 0.0068 0.0010 1.0000 1.0000 0.8268 0.1227 0.0184 0.0028 0.0004 1.0000 1.0000 0.4153 0.0649 0.0102 0.0016 0.0003 1.0000 1.0000 0.2823 0.0453 0.0073 0.0012 1.0000 1.0000 1.0000 0.2143 0.0346 0.0056 0.0009 1.0000 1.0000 1.0000 0.1642 0.0265 0.0043 0.0007 1.0000 1.0000 0.7780 0.1275 0.0164
0.1166 0.9093 1.0000 1.0000 0.0008 0.0049 0.0304 0.1886 1.0000 1.0000 1.0000 0.0010 0.0064 0.0397 0.2462 1.0000 1.0000 1.0000 0.0014 0.0084 0.0520 0.3225 1.0000 1.0000 0.0003 0.0018 0.0114 0.0715 0.4525 1.0000 1.0000 0.0004 0.0029 0.0187 0.1227 0.8143 1.0000 1.0000 0.0009 0.0063 0.0434 0.2995 1.0000 1.0000 0.0004 0.0027 0.0187 0.1319 0.9427 1.0000 1.0000 1.0000 0.9427 0.1319 0.0187 0.0027 0.0004 1.0000 1.0000 0.2995 0.0434 0.0063 0.0009 1.0000 1.0000 0.8143 0.1227 0.0187 0.0029 0.0004 1.0000 1.0000 0.4525 0.0715 0.0114 0.0018 0.0003 1.0000 1.0000 0.3225 0.0520 0.0084 0.0014 1.0000 1.0000 1.0000 0.2462 0.0397 0.0064 0.0010 1.0000 1.0000 1.0000 0.1886 0.0304 0.0049 0.0008 1.0000 1.0000 0.9093 0.1166
0.8300 1.0000 1.0000 0.0009 0.0056 0.0350 0.2167 1.0000 1.0000 1.0000 0.0012 0.0074 0.0457 0.2829 1.0000 1.0000 0.0003 0.0016 0.0096 0.0597 0.3699 1.0000 1.0000 0.0003 0.0020 0.0128 0.0800 0.5024 1.0000 1.0000 0.0005 0.0030 0.0195 0.1265 0.8268 1.0000 1.0000 0.0009 0.0060 0.0410 0.2797 1.0000 1.0000 0.0003 0.0024 0.0167 0.1173 0.8252 1.0000 1.0000 0.0005 1.0000 1.0000 0.8252 0.1173 0.0167 0.0024 0.0003 1.0000 1.0000 0.2797 0.0410 0.0060 0.0009 1.0000 1.0000 0.8268 0.1265 0.0195 0.0030 0.0005 1.0000 1.0000 0.5024 0.0800 0.0128 0.0020 0.0003 1.0000 1.0000 0.3699 0.0597 0.0096 0.0016 0.0003 1.0000 1.0000 0.2829 0.0457 0.0074 0.0012 1.0000 1.0000 1.0000 0.2167 0.0350 0.0056 0.0009 1.0000 1.0000 0.8300
1.0000 1.0000 0.0010 0.0065 0.0402 0.2490 1.0000 1.0000 1.0000 0.0014 0.0085 0.0525 0.3250 1.0000 1.0000 0.0003 0.0018 0.0111 0.0686 0.4249 1.0000 1.0000 0.0004 0.0023 0.0145 0.0905 0.5652 1.0000 1.0000 0.0005 0.0033 0.0210 0.1342 0.8638 1.0000 1.0000 0.0009 0.0059 0.0397 0.2672 1.0000 1.0000 0.0003 0.0022 0.0152 0.1054 0.7376 1.0000 1.0000 0.0010 0.0033 0.0010 1.0000 1.0000 0.7376 0.1054 0.0152 0.0022 0.0003 1.0000 1.0000 0.2672 0.0397 0.0059 0.0009 1.0000 1.0000 0.8638 0.1342 0.0210 0.0033 0.0005 1.0000 1.0000 0.5652 0.0905 0.0145 0.0023 0.0004 1.0000 1.0000 0.4249 0.0686 0.0111 0.0018 0.0003 1.0000 1.0000 0.3250 0.0525 0.0085 0.0014 1.0000 1.0000 1.0000 0.2490 0.0402 0.0065 0.0010 1.0000 1.0000
1.0000 0.0012 0.0074 0.0462 0.2861 1.0000 1.0000 0.0003 0.0016 0.0097 0.0603 0.3734 1.0000 1.0000 0.0003 0.0021 0.0127 0.0788 0.4882 1.0000 1.0000 0.0004 0.0027 0.0166 0.1032 0.6420 1.0000 1.0000 0.0006 0.0037 0.0230 0.1459 0.9285 1.0000 1.0000 0.0009 0.0060 0.0397 0.2631 1.0000 1.0000 0.0003 0.0020 0.0140 0.0966 0.6695 1.0000 1.0000 0.0009 0.0062 0.0205 0.0062 0.0009 1.0000 1.0000 0.6695 0.0966 0.0140 0.0020 0.0003 1.0000 1.0000 0.2631 0.0397 0.0060 0.0009 1.0000 1.0000 0.9285 0.1459 0.0230 0.0037 0.0006 1.0000 1.0000 0.6420 0.1032 0.0166 0.0027 0.0004 1.0000 1.0000 0.4882 0.0788 0.0127 0.0021 0.0003 1.0000 1.0000 0.3734 0.0603 0.0097 0.0016 0.0003 1.0000 1.0000 0.2861 0.0462 0.0074 0.0012 1.0000
0.0011 0.0087 0.0530 0.3287 1.0000 1.0000 0.0003 0.0018 0.0112 0.0692 0.4290 1.0000 1.0000 0.0004 0.0024 0.0146 0.0905 0.5609 1.0000 1.0000 0.0005 0.0031 0.0191 0.1182 0.7335 1.0000 1.0000 0.0007 0.0041 0.0257 0.1614 1.0000 1.0000 1.0000 0.0010 0.0063 0.0410 0.2672 1.0000 1.0000 0.0003 0.0020 0.0132 0.0902 0.6181 1.0000 1.0000 0.0008 0.0054 0.0393 0.1287 0.0393 0.0054 0.0008 1.0000 1.0000 0.6181 0.0902 0.0132 0.0020 0.0003 1.0000 1.0000 0.2672 0.0410 0.0063 0.0010 1.0000 1.0000 1.0000 0.1614 0.0257 0.0041 0.0007 1.0000 1.0000 0.7335 0.1182 0.0191 0.0031 0.0005 1.0000 1.0000 0.5609 0.0905 0.0146 0.0024 0.0004 1.0000 1.0000 0.4290 0.0692 0.0112 0.0018 0.0003 1.0000 1.0000 0.3287 0.0530 0.0087 0.0011
0.0079 0.0619 0.3770 1.0000 1.0000 0.0003 0.0021 0.0128 0.0796 0.4929 1.0000 1.0000 0.0004 0.0027 0.0168 0.1040 0.6445 1.0000 1.0000 0.0006 0.0035 0.0219 0.1358 0.8411 1.0000 1.0000 0.0007 0.0047 0.0290 0.1813 1.0000 1.0000 1.0000 0.0011 0.0068 0.0434 0.2797 1.0000 1.0000 0.0003 0.0019 0.0128 0.0865 0.5860 1.0000 1.0000 0.0007 0.0049 0.0343 0.2471 0.8112 0.2471 0.0343 0.0049 0.0007 1.0000 1.0000 0.5860 0.0865 0.0128 0.0019 0.0003 1.0000 1.0000 0.2797 0.0434 0.0068 0.0011 1.0000 1.0000 1.0000 0.1813 0.0290 0.0047 0.0007 1.0000 1.0000 0.8411 0.1358 0.0219 0.0035 0.0006 1.0000 1.0000 0.6445 0.1040 0.0168 0.0027 0.0004 1.0000 1.0000 0.4929 0.0796 0.0128 0.0021 0.0003 1.0000 1.0000 0.3770 0.0619 0.0079
0.0566 0.4406 1.0000 1.0000 0.0004 0.0024 0.0148 0.0914 0.5663 1.0000 1.0000 0.0005 0.0031 0.0193 0.1195 0.7405 1.0000 1.0000 0.0007 0.0041 0.0252 0.1560 0.9663 1.0000 1.0000 0.0009 0.0053 0.0330 0.2055 1.0000 1.0000 1.0000 0.0012 0.0074 0.0470 0.2995 1.0000 1.0000 0.0003 0.0020 0.0128 0.0852 0.5685 1.0000 1.0000 0.0007 0.0045 0.0311 0.2180 1.0000 1.0000 1.0000 0.2180 0.0311 0.0045 0.0007 1.0000 1.0000 0.5685 0.0852 0.0128 0.0020 0.0003 1.0000 1.0000 0.2995 0.0470 0.0074 0.0012 1.0000 1.0000 1.0000 0.2055 0.0330 0.0053 0.0009 1.0000 1.0000 0.9663 0.1560 0.0252 0.0041 0.0007 1.0000 1.0000 0.7405 0.1195 0.0193 0.0031 0.0005 1.0000 1.0000 0.5663 0.0914 0.0148 0.0024 0.0004 1.0000 1.0000 0.4406 0.0566
0.4021 1.0000 1.0000 0.0004 0.0027 0.0170 0.1050 0.6506 1.0000 1.0000 0.0006 0.0036 0.0222 0.1373 0.8507 1.0000 1.0000 0.0008 0.0047 0.0289 0.1792 1.0000 1.0000 1.0000 0.0010 0.0061 0.0378 0.2348 1.0000 1.0000 1.0000 0.0013 0.0082 0.0519 0.3275 1.0000 1.0000 0.0003 0.0020 0.0132 0.0865 0.5685 1.0000 1.0000 0.0006 0.0043 0.0291 0.1997 1.0000 1.0000 1.0000 1.0000 1.0000 0.1997 0.0291 0.0043 0.0006 1.0000 1.0000 0.5685 0.0865 0.0132 0.0020 0.0003 1.0000 1.0000 0.3275 0.0519 0.0082 0.0013 1.0000 1.0000 1.0000 0.2348 0.0378 0.0061 0.0010 1.0000 1.0000 1.0000 0.1792 0.0289 0.0047 0.0008 1.0000 1.0000 0.8507 0.1373 0.0222 0.0036 0.0006 1.0000 1.0000 0.6506 0.1050 0.0170 0.0027 0.0004 1.0000 1.0000 0.4021
1.0000 1.0000 0.0005 0.0031 0.0195 0.1207 0.7475 1.0000 1.0000 0.0007 0.0041 0.0255 0.1578 0.9774 1.0000 1.0000 0.0009 0.0054 0.0332 0.2059 1.0000 1.0000 1.0000 0.0011 0.0070 0.0435 0.2692 1.0000 1.0000 0.0002 0.0015 0.0093 0.0581 0.3650 1.0000 1.0000 0.0003 0.0022 0.0140 0.0902 0.5860 1.0000 1.0000 0.0006 0.0042 0.0280 0.1894 1.0000 1.0000 1.0000 0.0008 1.0000 1.0000 1.0000 0.1894 0.0280 0.0042 0.0006 1.0000 1.0000 0.5860 0.0902 0.0140 0.0022 0.0003 1.0000 1.0000 0.3650 0.0581 0.0093 0.0015 0.0002 1.0000 1.0000 0.2692 0.0435 0.0070 0.0011 1.0000 1.0000 1.0000 0.2059 0.0332 0.0054 0.0009 1.0000 1.0000 0.9774 0.1578 0.0255 0.0041 0.0007 1.0000 1.0000 0.7475 0.1207 0.0195 0.0031 0.0005 1.0000 1.0000
1.0000 0.0006 0.0036 0.0224 0.1386 0.8589 1.0000 1.0000 0.0008 0.0047 0.0293 0.1813 1.0000 1.0000 1.0000 0.0010 0.0062 0.0382 0.2366 1.0000 1.0000 1.0000 0.0013 0.0081 0.0499 0.3093 1.0000 1.0000 0.0003 0.0017 0.0106 0.0659 0.4106 1.0000 1.0000 0.0004 0.0024 0.0152 0.0966 0.6181 1.0000 1.0000 0.0006 0.0042 0.0275 0.1840 1.0000 1.0000 1.0000 0.0015 0.0049 0.0015 1.0000 1.0000 1.0000 0.1840 0.0276 0.0042 0.0006 1.0000 1.0000 0.6181 0.0966 0.0152 0.0024 0.0004 1.0000 1.0000 0.4106 0.0659 0.0106 0.0017 0.0003 1.0000 1.0000 0.3093 0.0499 0.0081 0.0013 1.0000 1.0000 1.0000 0.2366 0.0382 0.0062 0.0010 1.0000 1.0000 1.0000 0.1813 0.0293 0.0047 0.0008 1.0000 1.0000 0.8589 0.1386 0.0224 0.0036 0.0006 1.0000
0.0005 0.0042 0.0257 0.1593 0.9868 1.0000 1.0000 0.0009 0.0054 0.0336 0.2083 1.0000 1.0000 1.0000 0.0011 0.0071 0.0439 0.2718 1.0000 1.0000 0.0002 0.0015 0.0093 0.0574 0.3554 1.0000 1.0000 0.0003 0.0020 0.0121 0.0751 0.4664 1.0000 1.0000 0.0004 0.0027 0.0167 0.1054 0.6695 1.0000 1.0000 0.0007 0.0043 0.0280 0.1840 1.0000 1.0000 1.0000 0.0014 0.0098 0.0319 0.0098 0.0014 1.0000 1.0000 1.0000 0.1840 0.0280 0.0043 0.0007 1.0000 1.0000 0.6695 0.1054 0.0167 0.0027 0.0004 1.0000 1.0000 0.4664 0.0751 0.0121 0.0020 0.0003 1.0000 1.0000 0.3554 0.0574 0.0093 0.0015 0.0002 1.0000 1.0000 0.2718 0.0439 0.0071 0.0011 1.0000 1.0000 1.0000 0.2083 0.0336 0.0054 0.0009 1.0000 1.0000 0.9868 0.1593 0.0257 0.0042 0.0005
0.0039 0.0300 0.1830 1.0000 1.0000 1.0000 0.0010 0.0062 0.0386 0.2393 1.0000 1.0000 1.0000 0.0013 0.0081 0.0504 0.3123 1.0000 1.0000 0.0003 0.0017 0.0106 0.0659 0.4083 1.0000 1.0000 0.0004 0.0022 0.0139 0.0860 0.5339 1.0000 1.0000 0.0005 0.0030 0.0187 0.1173 0.7376 1.0000 1.0000 0.0007 0.0045 0.0291 0.1894 1.0000 1.0000 1.0000 0.0013 0.0091 0.0638 0.2067 0.0638 0.0091 0.0013 1.0000 1.0000 1.0000 0.1894 0.0291 0.0045 0.0007 1.0000 1.0000 0.7376 0.1173 0.0187 0.0030 0.0005 1.0000 1.0000 0.5339 0.0860 0.0139 0.0022 0.0004 1.0000 1.0000 0.4083 0.0659 0.0106 0.0017 0.0003 1.0000 1.0000 0.3123 0.0504 0.0081 0.0013 1.0000 1.0000 1.0000 0.2393 0.0386 0.0062 0.0010 1.0000 1.0000 1.0000 0.1830 0.0300 0.0039
0.0274 0.2139 1.0000 1.0000 1.0000 0.0012 0.0072 0.0444 0.2749 1.0000 1.0000 0.0002 0.0015 0.0093 0.0579 0.3588 1.0000 1.0000 0.0003 0.0020 0.0122 0.0757 0.4691 1.0000 1.0000 0.0004 0.0026 0.0159 0.0988 0.6122 1.0000 1.0000 0.0005 0.0034 0.0211 0.1317 0.8237 1.0000 1.0000 0.0008 0.0049 0.0311 0.1997 1.0000 1.0000 1.0000 0.0013 0.0089 0.0602 0.4177 1.0000 0.4177 0.0602 0.0089 0.0013 1.0000 1.0000 1.0000 0.1997 0.0311 0.0049 0.0008 1.0000 1.0000 0.8252 0.1319 0.0211 0.0034 0.0005 1.0000 1.0000 0.6134 0.0988 0.0160 0.0026 0.0004 1.0000 1.0000 0.4691 0.0757 0.0122 0.0020 0.0003 1.0000 1.0000 0.3595 0.0579 0.0094 0.0015 0.0002 1.0000 1.0000 0.2749 0.0444 0.0072 0.0012 1.0000 1.0000 1.0000 0.2139 0.0275
0.1952 1.0000 1.0000 1.0000 0.0013 0.0082 0.0510 0.3158 1.0000 1.0000 0.0003 0.0017 0.0107 0.0665 0.4122 1.0000 1.0000 0.0004 0.0023 0.0140 0.0870 0.5390 1.0000 1.0000 0.0005 0.0030 0.0183 0.1135 0.7034 1.0000 1.0000 0.0006 0.0039 0.0241 0.1493 0.9321 1.0000 1.0000 0.0009 0.0054 0.0339 0.2151 1.0000 1.0000 1.0000 0.0014 0.0090 0.0595 0.3983 1.0000 1.0000 1.0000 0.4037 0.0602 0.0091 0.0014 1.0000 1.0000 1.0000 0.2180 0.0343 0.0054 0.0009 1.0000 1.0000 0.9427 0.1513 0.0243 0.0039 0.0006 1.0000 1.0000 0.7115 0.1148 0.0185 0.0030 0.0005 1.0000 1.0000 0.5441 0.0878 0.0142 0.0023 0.0004 1.0000 1.0000 0.4169 0.0673 0.0109 0.0018 0.0003 1.0000 1.0000 0.3189 0.0515 0.0083 0.0013 1.0000 1.0000 1.0000 0.1963
1.0000 1.0000 0.0002 0.0015 0.0095 0.0586 0.3629 1.0000 1.0000 0.0003 0.0020 0.0123 0.0764 0.4736 1.0000 1.0000 0.0004 0.0026 0.0161 0.0999 0.6192 1.0000 1.0000 0.0005 0.0034 0.0211 0.1304 0.8082 1.0000 1.0000 0.0007 0.0044 0.0275 0.1709 1.0000 1.0000 1.0000 0.0010 0.0060 0.0376 0.2370 1.0000 1.0000 1.0000 0.0015 0.0094 0.0611 0.3991 1.0000 1.0000 1.0000 1.0000 1.0000 0.4177 0.0638 0.0098 0.0015 1.0000 1.0000 1.0000 0.2471 0.0393 0.0062 0.0010 1.0000 1.0000 1.0000 0.1778 0.0287 0.0046 0.0007 1.0000 1.0000 0.8411 0.1358 0.0219 0.0035 0.0006 1.0000 1.0000 0.6433 0.1038 0.0168 0.0027 0.0004 1.0000 1.0000 0.4929 0.0796 0.0128 0.0021 0.0003 1.0000 1.0000 0.3770 0.0608 0.0098 0.0016 0.0003 1.0000 1.0000
1.0000 0.0003 0.0018 0.0109 0.0673 0.4169 1.0000 1.0000 0.0004 0.0023 0.0142 0.0878 0.5441 1.0000 1.0000 0.0005 0.0030 0.0185 0.1148 0.7115 1.0000 1.0000 0.0006 0.0039 0.0242 0.1499 0.9285 1.0000 1.0000 0.0008 0.0051 0.0316 0.1960 1.0000 1.0000 1.0000 0.0011 0.0068 0.0422 0.2646 1.0000 1.0000 0.0002 0.0016 0.0100 0.0644 0.4161 1.0000 1.0000 0.0005 0.0010 1.0000 1.0000 1.0000 0.2067 0.0319 0.0049 0.0008 1.0000 1.0000 0.8112 0.1287 0.0205 0.0033 0.0005 1.0000 1.0000 0.5871 0.0946 0.0152 0.0025 0.0004 1.0000 1.0000 0.4473 0.0722 0.0117 0.0019 0.0003 1.0000 1.0000 0.3428 0.0552 0.0089 0.0014 1.0000 1.0000 1.0000 0.2621 0.0423 0.0068 0.0011 1.0000 1.0000 1.0000 0.2009 0.0324 0.0052 0.0008 1.0000 1.0000
0.0003 0.0021 0.0125 0.0778 0.4818 1.0000 1.0000 0.0004 0.0026 0.0164 0.1015 0.6287 1.0000 1.0000 0.0006 0.0035 0.0214 0.1327 0.8221 1.0000 1.0000 0.0007 0.0045 0.0280 0.1732 1.0000 1.0000 1.0000 0.0010 0.0059 0.0365 0.2264 1.0000 1.0000 1.0000 0.0012 0.0077 0.0482 0.3000 1.0000 1.0000 0.0003 0.0017 0.0110 0.0696 0.4456 1.0000 1.0000 0.0005 0.0019 0.0004 1.0000 1.0000 0.4177 0.0638 0.0098 0.0015 1.0000 1.0000 1.0000 0.2471 0.0393 0.0062 0.0010 1.0000 1.0000 1.0000 0.1778 0.0287 0.0046 0.0007 1.0000 1.0000 0.8411 0.1358 0.0219 0.0035 0.0006 1.0000 1.0000 0.6433 0.1038 0.0168 0.0027 0.0004 1.0000 1.0000 0.4929 0.0796 0.0128 0.0021 0.0003 1.0000 1.0000 0.3770 0.0608 0.0098 0.0016 0.0003 1.0000 1.0000
0.0019 0.0149 0.0909 0.5641 1.0000 1.0000 0.0005 0.0031 0.0192 0.1191 0.7376 1.0000 1.0000 0.0007 0.0040 0.0251 0.1554 0.9627 1.0000 1.0000 0.0009 0.0053 0.0328 0.2032 1.0000 1.0000 1.0000 0.0011 0.0069 0.0428 0.2651 1.0000 1.0000 1.0000 0.0015 0.0090 0.0561 0.3480 1.0000 1.0000 0.0003 0.0020 0.0124 0.0779 0.4938 1.0000 1.0000 0.0005 0.0034 0.0036 1.0000 1.0000 0.4029 0.0602 0.0091 0.0014 1.0000 1.0000 1.0000 0.2180 0.0343 0.0054 0.0009 1.0000 1.0000 0.9427 0.1513 0.0243 0.0039 0.0006 1.0000 1.0000 0.7115 0.1148 0.0185 0.0030 0.0005 1.0000 1.0000 0.5441 0.0878 0.0142 0.0023 0.0004 1.0000 1.0000 0.4169 0.0673 0.0109 0.0018 0.0003 1.0000 1.0000 0.3189 0.0515 0.0083 0.0013 1.0000 1.0000 1.0000 0.1963
0.0095 0.0725 0.4381 1.0000 1.0000 0.0004 0.0024 0.0150 0.0926 0.5739 1.0000 1.0000 0.0005 0.0031 0.0195 0.1209 0.7490 1.0000 1.0000 0.0007 0.0041 0.0255 0.1581 0.9793 1.0000 1.0000 0.0009 0.0054 0.0333 0.2063 1.0000 1.0000 1.0000 0.0011 0.0071 0.0441 0.2749 1.0000 1.0000 1.0000 0.0016 0.0100 0.0638 0.4068 1.0000 1.0000 0.0004 0.0027 0.0175 0.0585 0.7128 0.4298 0.0605 0.0089 0.0013 1.0000 1.0000 1.0000 0.1997 0.0311 0.0049 0.0008 1.0000 1.0000 0.8252 0.1319 0.0211 0.0034 0.0005 1.0000 1.0000 0.6134 0.0988 0.0160 0.0026 0.0004 1.0000 1.0000 0.4691 0.0757 0.0122 0.0020 0.0003 1.0000 1.0000 0.3595 0.0579 0.0094 0.0015 0.0002 1.0000 1.0000 0.2749 0.0444 0.0072 0.0012 1.0000 1.0000 1.0000 0.2139 0.0275
0.0039 0.0314 0.1919 1.0000 1.0000 1.0000 0.0011 0.0066 0.0407 0.2519 1.0000 1.0000 1.0000 0.0014 0.0086 0.0532 0.3293 1.0000 1.0000 0.0003 0.0018 0.0112 0.0695 0.4298 1.0000 1.0000 0.0004 0.0024 0.0146 0.0907 0.5631 1.0000 1.0000 0.0005 0.0032 0.0198 0.1241 0.7810 1.0000 1.0000 0.0007 0.0048 0.0309 0.2012 1.0000 1.0000 1.0000 0.0014 0.0098 0.0677 0.2083 0.0645 0.0091 0.0013 1.0000 1.0000 1.0000 0.1894 0.0291 0.0045 0.0007 1.0000 1.0000 0.7376 0.1173 0.0187 0.0030 0.0005 1.0000 1.0000 0.5339 0.0860 0.0139 0.0022 0.0004 1.0000 1.0000 0.4083 0.0659 0.0106 0.0017 0.0003 1.0000 1.0000 0.3123 0.0504 0.0081 0.0013 1.0000 1.0000 1.0000 0.2393 0.0386 0.0062 0.0010 1.0000 1.0000 1.0000 0.1830 0.0300 0.0039
0.0005 0.0043 0.0261 0.1617 1.0000 1.0000 1.0000 0.0009 0.0055 0.0341 0.2114 1.0000 1.0000 1.0000 0.0012 0.0072 0.0446 0.2760 1.0000 1.0000 0.0002 0.0015 0.0094 0.0582 0.3608 1.0000 1.0000 0.0003 0.0020 0.0123 0.0763 0.4745 1.0000 1.0000 0.0004 0.0027 0.0170 0.1072 0.6810 1.0000 1.0000 0.0007 0.0044 0.0284 0.1872 1.0000 1.0000 1.0000 0.0014 0.0101 0.0322 0.0098 0.0014 1.0000 1.0000 1.0000 0.1840 0.0280 0.0043 0.0007 1.0000 1.0000 0.6695 0.1054 0.0167 0.0027 0.0004 1.0000 1.0000 0.4664 0.0751 0.0121 0.0020 0.0003 1.0000 1.0000 0.3554 0.0574 0.0093 0.0015 0.0002 1.0000 1.0000 0.2718 0.0439 0.0071 0.0011 1.0000 1.0000 1.0000 0.2083 0.0336 0.0054 0.0009 1.0000 1.0000 0.9868 0.1593 0.0257 0.0042 0.0005
