0.4808 0.3723 0.1923 0.1967 0.2579 0.3645 0.4784 0.4319 0.2304 0.1855 0.2300 0.3202 0.4488 0.4664 0.3140 0.1846 0.2084 0.2815 0.3995 0.4811 0.3917 0.1984 0.1927 0.2491 0.3512 0.4732 0.4441 0.2520 0.1840 0.2231 0.3085 0.4355 0.4726 0.3385 0.1866 0.2033 0.2716 0.3850 0.4815 0.4098 0.2077 0.1892 0.2410 0.3384 0.4652 0.4543 0.2766 0.1836 0.2170 0.2944 0.3653 0.2944 0.2170 0.1836 0.2766 0.4543 0.4652 0.3384 0.2410 0.1892 0.2077 0.4098 0.4815 0.3850 0.2716 0.2033 0.1866 0.3385 0.4726 0.4355 0.3085 0.2231 0.1840 0.2520 0.4441 0.4732 0.3512 0.2491 0.1927 0.1984 0.3917 0.4811 0.3995 0.2815 0.2084 0.1846 0.3140 0.4664 0.4488 0.3202 0.2300 0.1855 0.2304 0.4319 0.4784 0.3645 0.2579 0.1967 0.1923 0.3723 0.4808
0.3723 0.1667 0.1725 0.2440 0.3634 0.4811 0.4312 0.2209 0.1576 0.2112 0.3134 0.4535 0.4655 0.3140 0.1577 0.1859 0.2699 0.4012 0.4817 0.3926 0.1772 0.1665 0.2332 0.3481 0.4767 0.4431 0.2470 0.1561 0.2032 0.3002 0.4397 0.4720 0.3391 0.1607 0.1797 0.2587 0.3855 0.4829 0.4101 0.1905 0.1621 0.2239 0.3337 0.4695 0.4533 0.2745 0.1558 0.1959 0.2882 0.4264 0.4778 0.4264 0.2882 0.1959 0.1558 0.2745 0.4533 0.4695 0.3337 0.2239 0.1621 0.1905 0.4101 0.4829 0.3855 0.2587 0.1797 0.1607 0.3391 0.4720 0.4397 0.3002 0.2032 0.1561 0.2470 0.4431 0.4767 0.3481 0.2332 0.1665 0.1772 0.3926 0.4817 0.4012 0.2699 0.1859 0.1577 0.3140 0.4655 0.4535 0.3134 0.2112 0.1576 0.2209 0.4312 0.4811 0.3634 0.2440 0.1725 0.1667 0.3723
0.1923 0.1725 0.2409 0.3559 0.4781 0.4383 0.2367 0.1564 0.2056 0.3039 0.4431 0.4694 0.3310 0.1594 0.1814 0.2617 0.3894 0.4818 0.4047 0.1854 0.1633 0.2264 0.3375 0.4709 0.4499 0.2653 0.1556 0.1979 0.2910 0.4282 0.4748 0.3548 0.1635 0.1756 0.2508 0.3739 0.4816 0.4204 0.2027 0.1595 0.2175 0.3235 0.4616 0.4589 0.2927 0.1561 0.1909 0.2788 0.4133 0.4763 0.4322 0.4763 0.4133 0.2788 0.1909 0.1561 0.2927 0.4589 0.4616 0.3235 0.2175 0.1595 0.2027 0.4204 0.4816 0.3739 0.2508 0.1756 0.1635 0.3548 0.4748 0.4282 0.2910 0.1979 0.1556 0.2653 0.4499 0.4709 0.3375 0.2264 0.1633 0.1854 0.4047 0.4818 0.3894 0.2617 0.1814 0.1594 0.3310 0.4694 0.4431 0.3039 0.2056 0.1564 0.2367 0.4383 0.4781 0.3559 0.2409 0.1725 0.1923
0.1967 0.2440 0.3559 0.4772 0.4426 0.2495 0.1558 0.2011 0.2959 0.4338 0.4732 0.3469 0.1619 0.1776 0.2544 0.3791 0.4819 0.4154 0.1962 0.1606 0.2205 0.3281 0.4651 0.4561 0.2837 0.1559 0.1932 0.2828 0.4180 0.4777 0.3695 0.1674 0.1720 0.2439 0.3639 0.4804 0.4295 0.2176 0.1577 0.2120 0.3145 0.4539 0.4641 0.3104 0.1572 0.1865 0.2709 0.4022 0.4804 0.3900 0.2550 0.3900 0.4804 0.4022 0.2709 0.1865 0.1572 0.3104 0.4641 0.4539 0.3145 0.2120 0.1577 0.2176 0.4295 0.4804 0.3639 0.2439 0.1720 0.1674 0.3695 0.4777 0.4180 0.2828 0.1932 0.1559 0.2837 0.4561 0.4651 0.3281 0.2205 0.1606 0.1962 0.4154 0.4819 0.3791 0.2544 0.1776 0.1619 0.3469 0.4732 0.4338 0.2959 0.2011 0.1558 0.2495 0.4426 0.4772 0.3559 0.2440 0.1967
0.2579 0.3634 0.4781 0.4426 0.2546 0.1557 0.1979 0.2894 0.4251 0.4761 0.3613 0.1652 0.1739 0.2475 0.3689 0.4811 0.4251 0.2098 0.1585 0.2147 0.3190 0.4579 0.4616 0.3017 0.1566 0.1887 0.2748 0.4075 0.4798 0.3833 0.1725 0.1686 0.2373 0.3540 0.4780 0.4377 0.2344 0.1565 0.2066 0.3056 0.4451 0.4686 0.3274 0.1589 0.1823 0.2633 0.3917 0.4817 0.4016 0.1842 0.1479 0.1842 0.4016 0.4817 0.3917 0.2633 0.1823 0.1589 0.3274 0.4686 0.4451 0.3056 0.2066 0.1565 0.2344 0.4377 0.4780 0.3540 0.2373 0.1686 0.1725 0.3833 0.4798 0.4075 0.2748 0.1887 0.1566 0.3017 0.4616 0.4579 0.3190 0.2147 0.1585 0.2098 0.4251 0.4811 0.3689 0.2475 0.1739 0.1652 0.3613 0.4761 0.4251 0.2894 0.1979 0.1557 0.2546 0.4426 0.4781 0.3634 0.2579
0.3645 0.4811 0.4383 0.2495 0.1557 0.1967 0.2856 0.4185 0.4781 0.3733 0.1691 0.1707 0.2410 0.3592 0.4793 0.4337 0.2258 0.1570 0.2092 0.3100 0.4496 0.4664 0.3191 0.1580 0.1844 0.2671 0.3969 0.4813 0.3962 0.1792 0.1654 0.2309 0.3443 0.4744 0.4451 0.2523 0.1558 0.2014 0.2970 0.4355 0.4725 0.3437 0.1613 0.1783 0.2559 0.3813 0.4820 0.4132 0.1933 0.1586 0.1834 0.1586 0.1933 0.4132 0.4820 0.3813 0.2559 0.1783 0.1613 0.3437 0.4725 0.4355 0.2970 0.2014 0.1558 0.2523 0.4451 0.4744 0.3443 0.2309 0.1654 0.1792 0.3962 0.4813 0.3969 0.2671 0.1844 0.1580 0.3191 0.4664 0.4496 0.3100 0.2092 0.1570 0.2258 0.4337 0.4793 0.3592 0.2410 0.1707 0.1691 0.3733 0.4781 0.4185 0.2856 0.1967 0.1557 0.2495 0.4383 0.4811 0.3645
0.4784 0.4312 0.2367 0.1558 0.1979 0.2856 0.4161 0.4791 0.3813 0.1729 0.1680 0.2353 0.3502 0.4766 0.4413 0.2429 0.1561 0.2040 0.3013 0.4403 0.4706 0.3357 0.1600 0.1803 0.2596 0.3865 0.4820 0.4079 0.1882 0.1625 0.2247 0.3348 0.4695 0.4518 0.2706 0.1556 0.1965 0.2886 0.4254 0.4758 0.3591 0.1645 0.1746 0.2488 0.3711 0.4814 0.4231 0.2068 0.1593 0.2127 0.2632 0.2127 0.1593 0.2068 0.4231 0.4814 0.3711 0.2488 0.1746 0.1645 0.3591 0.4758 0.4254 0.2886 0.1965 0.1556 0.2706 0.4518 0.4695 0.3348 0.2247 0.1625 0.1882 0.4079 0.4820 0.3865 0.2596 0.1803 0.1600 0.3357 0.4706 0.4403 0.3013 0.2040 0.1561 0.2429 0.4413 0.4766 0.3502 0.2353 0.1680 0.1729 0.3813 0.4791 0.4161 0.2856 0.1979 0.1558 0.2367 0.4312 0.4784
0.4319 0.2209 0.1564 0.2011 0.2894 0.4185 0.4791 0.3842 0.1754 0.1662 0.2310 0.3428 0.4732 0.4476 0.2598 0.1557 0.1991 0.2929 0.4305 0.4742 0.3516 0.1628 0.1765 0.2524 0.3762 0.4818 0.4183 0.1999 0.1600 0.2188 0.3255 0.4632 0.4577 0.2889 0.1560 0.1919 0.2805 0.4150 0.4784 0.3736 0.1687 0.1710 0.2420 0.3610 0.4798 0.4320 0.2223 0.1574 0.2109 0.3110 0.3923 0.3110 0.2109 0.1574 0.2223 0.4320 0.4798 0.3610 0.2420 0.1710 0.1687 0.3736 0.4784 0.4150 0.2805 0.1919 0.1560 0.2889 0.4577 0.4632 0.3255 0.2188 0.1600 0.1999 0.4183 0.4818 0.3762 0.2524 0.1765 0.1628 0.3516 0.4742 0.4305 0.2929 0.1991 0.1557 0.2598 0.4476 0.4732 0.3428 0.2310 0.1662 0.1754 0.3842 0.4791 0.4185 0.2894 0.2011 0.1564 0.2209 0.4319
0.2304 0.1576 0.2056 0.2959 0.4251 0.4781 0.3813 0.1754 0.1656 0.2286 0.3377 0.4698 0.4525 0.2750 0.1557 0.1947 0.2850 0.4206 0.4771 0.3664 0.1665 0.1728 0.2454 0.3660 0.4807 0.4276 0.2142 0.1581 0.2131 0.3164 0.4556 0.4630 0.3067 0.1570 0.1874 0.2726 0.4045 0.4803 0.3871 0.1742 0.1677 0.2354 0.3512 0.4771 0.4399 0.2395 0.1562 0.2051 0.3038 0.4440 0.4775 0.4440 0.3038 0.2051 0.1562 0.2395 0.4399 0.4771 0.3512 0.2354 0.1677 0.1742 0.3871 0.4803 0.4045 0.2726 0.1874 0.1570 0.3067 0.4630 0.4556 0.3164 0.2131 0.1581 0.2142 0.4276 0.4807 0.3660 0.2454 0.1728 0.1665 0.3664 0.4771 0.4206 0.2850 0.1947 0.1557 0.2750 0.4525 0.4698 0.3377 0.2286 0.1656 0.1754 0.3813 0.4781 0.4251 0.2959 0.2056 0.1576 0.2304
0.1855 0.2112 0.3039 0.4338 0.4761 0.3733 0.1729 0.1662 0.2286 0.3359 0.4677 0.4556 0.2865 0.1561 0.1910 0.2781 0.4111 0.4793 0.3799 0.1712 0.1694 0.2387 0.3561 0.4786 0.4360 0.2307 0.1567 0.2077 0.3075 0.4470 0.4677 0.3239 0.1585 0.1832 0.2649 0.3939 0.4815 0.3997 0.1815 0.1645 0.2291 0.3415 0.4731 0.4471 0.2576 0.1557 0.2000 0.2946 0.4333 0.4707 0.4161 0.4707 0.4333 0.2946 0.2000 0.1557 0.2576 0.4471 0.4731 0.3415 0.2291 0.1645 0.1815 0.3997 0.4815 0.3939 0.2649 0.1832 0.1585 0.3239 0.4677 0.4470 0.3075 0.2077 0.1567 0.2307 0.4360 0.4786 0.3561 0.2387 0.1694 0.1712 0.3799 0.4793 0.4111 0.2781 0.1910 0.1561 0.2865 0.4556 0.4677 0.3359 0.2286 0.1662 0.1729 0.3733 0.4761 0.4338 0.3039 0.2112 0.1855
0.2300 0.3134 0.4431 0.4732 0.3613 0.1691 0.1680 0.2310 0.3377 0.4677 0.4567 0.2928 0.1565 0.1883 0.2725 0.4027 0.4807 0.3917 0.1770 0.1663 0.2324 0.3465 0.4753 0.4436 0.2484 0.1559 0.2025 0.2988 0.4376 0.4717 0.3404 0.1608 0.1792 0.2575 0.3835 0.4820 0.4110 0.1913 0.1617 0.2230 0.3321 0.4678 0.4535 0.2759 0.1557 0.1952 0.2863 0.4225 0.4762 0.3651 0.2206 0.3651 0.4762 0.4225 0.2863 0.1952 0.1557 0.2759 0.4535 0.4678 0.3321 0.2230 0.1617 0.1913 0.4110 0.4820 0.3835 0.2575 0.1792 0.1608 0.3404 0.4717 0.4376 0.2988 0.2025 0.1559 0.2484 0.4436 0.4753 0.3465 0.2324 0.1663 0.1770 0.3917 0.4807 0.4027 0.2725 0.1883 0.1565 0.2928 0.4567 0.4677 0.3377 0.2310 0.1680 0.1691 0.3613 0.4732 0.4431 0.3134 0.2300
0.3202 0.4535 0.4694 0.3469 0.1652 0.1707 0.2353 0.3428 0.4698 0.4556 0.2928 0.1567 0.1868 0.2688 0.3963 0.4815 0.4012 0.1837 0.1636 0.2267 0.3373 0.4708 0.4503 0.2665 0.1556 0.1975 0.2904 0.4275 0.4751 0.3560 0.1638 0.1754 0.2504 0.3732 0.4816 0.4211 0.2037 0.1594 0.2171 0.3228 0.4611 0.4593 0.2941 0.1562 0.1906 0.2782 0.4120 0.4790 0.3769 0.1698 0.1498 0.1698 0.3769 0.4790 0.4120 0.2782 0.1906 0.1562 0.2941 0.4593 0.4611 0.3228 0.2171 0.1594 0.2037 0.4211 0.4816 0.3732 0.2504 0.1754 0.1638 0.3560 0.4751 0.4275 0.2904 0.1975 0.1556 0.2665 0.4503 0.4708 0.3373 0.2267 0.1636 0.1837 0.4012 0.4815 0.3963 0.2688 0.1868 0.1567 0.2928 0.4556 0.4698 0.3428 0.2353 0.1707 0.1652 0.3469 0.4694 0.4535 0.3202
0.4488 0.4655 0.3310 0.1619 0.1739 0.2410 0.3502 0.4732 0.4525 0.2865 0.1565 0.1868 0.2675 0.3928 0.4819 0.4079 0.1905 0.1615 0.2217 0.3292 0.4654 0.4561 0.2842 0.1559 0.1929 0.2822 0.4172 0.4779 0.3706 0.1677 0.1718 0.2435 0.3632 0.4802 0.4301 0.2188 0.1576 0.2115 0.3138 0.4532 0.4644 0.3118 0.1574 0.1862 0.2704 0.4014 0.4807 0.3908 0.1760 0.1640 0.1922 0.1640 0.1760 0.3908 0.4807 0.4014 0.2704 0.1862 0.1574 0.3118 0.4644 0.4532 0.3138 0.2115 0.1576 0.2188 0.4301 0.4802 0.3632 0.2435 0.1718 0.1677 0.3706 0.4779 0.4172 0.2822 0.1929 0.1559 0.2842 0.4561 0.4654 0.3292 0.2217 0.1615 0.1905 0.4079 0.4819 0.3928 0.2675 0.1868 0.1565 0.2865 0.4525 0.4732 0.3502 0.2410 0.1739 0.1619 0.3310 0.4655 0.4488
0.4664 0.3140 0.1594 0.1776 0.2475 0.3592 0.4766 0.4476 0.2750 0.1561 0.1883 0.2688 0.3928 0.4820 0.4114 0.1956 0.1601 0.2178 0.3223 0.4597 0.4609 0.3005 0.1566 0.1886 0.2744 0.4068 0.4800 0.3844 0.1730 0.1684 0.2368 0.3533 0.4778 0.4383 0.2357 0.1564 0.2062 0.3050 0.4444 0.4689 0.3288 0.1591 0.1820 0.2628 0.3909 0.4818 0.4031 0.1841 0.1641 0.2241 0.2791 0.2241 0.1641 0.1841 0.4031 0.4818 0.3909 0.2628 0.1820 0.1591 0.3288 0.4689 0.4444 0.3050 0.2062 0.1564 0.2357 0.4383 0.4778 0.3533 0.2368 0.1684 0.1730 0.3844 0.4800 0.4068 0.2744 0.1886 0.1566 0.3005 0.4609 0.4597 0.3223 0.2178 0.1601 0.1956 0.4114 0.4820 0.3928 0.2688 0.1883 0.1561 0.2750 0.4476 0.4766 0.3592 0.2475 0.1776 0.1594 0.3140 0.4664
0.3140 0.1577 0.1814 0.2544 0.3689 0.4793 0.4413 0.2598 0.1557 0.1910 0.2725 0.3963 0.4819 0.4114 0.1976 0.1594 0.2153 0.3172 0.4545 0.4646 0.3145 0.1577 0.1848 0.2673 0.3968 0.4813 0.3969 0.1798 0.1652 0.2304 0.3436 0.4741 0.4456 0.2536 0.1557 0.2010 0.2964 0.4347 0.4728 0.3449 0.1615 0.1781 0.2554 0.3805 0.4820 0.4140 0.1946 0.1610 0.2219 0.3293 0.4138 0.3293 0.2219 0.1610 0.1946 0.4140 0.4820 0.3805 0.2554 0.1781 0.1615 0.3449 0.4728 0.4347 0.2964 0.2010 0.1557 0.2536 0.4456 0.4741 0.3436 0.2304 0.1652 0.1798 0.3969 0.4813 0.3968 0.2673 0.1848 0.1577 0.3145 0.4646 0.4545 0.3172 0.2153 0.1594 0.1976 0.4114 0.4819 0.3963 0.2725 0.1910 0.1557 0.2598 0.4413 0.4793 0.3689 0.2544 0.1814 0.1577 0.3140
0.1846 0.1859 0.2617 0.3791 0.4811 0.4337 0.2429 0.1557 0.1947 0.2781 0.4027 0.4815 0.4079 0.1956 0.1594 0.2145 0.3146 0.4508 0.4671 0.3255 0.1591 0.1815 0.2610 0.3875 0.4820 0.4079 0.1885 0.1624 0.2243 0.3341 0.4690 0.4522 0.2720 0.1556 0.1962 0.2880 0.4246 0.4760 0.3603 0.1648 0.1743 0.2483 0.3703 0.4813 0.4238 0.2078 0.1588 0.2156 0.3209 0.4598 0.4752 0.4598 0.3209 0.2156 0.1588 0.2078 0.4238 0.4813 0.3703 0.2483 0.1743 0.1648 0.3603 0.4760 0.4246 0.2880 0.1962 0.1556 0.2720 0.4522 0.4690 0.3341 0.2243 0.1624 0.1885 0.4079 0.4820 0.3875 0.2610 0.1815 0.1591 0.3255 0.4671 0.4508 0.3146 0.2145 0.1594 0.1956 0.4079 0.4815 0.4027 0.2781 0.1947 0.1557 0.2429 0.4337 0.4811 0.3791 0.2617 0.1859 0.1846
0.2084 0.2699 0.3894 0.4819 0.4251 0.2258 0.1561 0.1991 0.2850 0.4111 0.4807 0.4012 0.1905 0.1601 0.2153 0.3146 0.4495 0.4684 0.3325 0.1603 0.1790 0.2557 0.3794 0.4819 0.4171 0.1991 0.1600 0.2186 0.3250 0.4627 0.4581 0.2902 0.1560 0.1915 0.2799 0.4142 0.4786 0.3747 0.1691 0.1708 0.2415 0.3603 0.4796 0.4326 0.2235 0.1572 0.2100 0.3113 0.4513 0.4628 0.3966 0.4628 0.4513 0.3113 0.2100 0.1572 0.2235 0.4326 0.4796 0.3603 0.2415 0.1708 0.1691 0.3747 0.4786 0.4142 0.2799 0.1915 0.1560 0.2902 0.4581 0.4627 0.3250 0.2186 0.1600 0.1991 0.4171 0.4819 0.3794 0.2557 0.1790 0.1603 0.3325 0.4684 0.4495 0.3146 0.2153 0.1601 0.1905 0.4012 0.4807 0.4111 0.2850 0.1991 0.1561 0.2258 0.4251 0.4819 0.3894 0.2699 0.2084
0.2815 0.4012 0.4818 0.4154 0.2098 0.1570 0.2040 0.2929 0.4206 0.4793 0.3917 0.1837 0.1615 0.2178 0.3172 0.4508 0.4684 0.3349 0.1610 0.1774 0.2520 0.3730 0.4814 0.4246 0.2107 0.1583 0.2135 0.3165 0.4554 0.4633 0.3078 0.1571 0.1871 0.2720 0.4036 0.4804 0.3882 0.1747 0.1675 0.2349 0.3505 0.4768 0.4405 0.2408 0.1562 0.2047 0.3025 0.4417 0.4697 0.3366 0.1906 0.3366 0.4697 0.4417 0.3025 0.2047 0.1562 0.2408 0.4405 0.4768 0.3505 0.2349 0.1675 0.1747 0.3882 0.4804 0.4036 0.2720 0.1871 0.1571 0.3078 0.4633 0.4554 0.3165 0.2135 0.1583 0.2107 0.4246 0.4814 0.3730 0.2520 0.1774 0.1610 0.3349 0.4684 0.4508 0.3172 0.2178 0.1615 0.1837 0.3917 0.4793 0.4206 0.2929 0.2040 0.1570 0.2098 0.4154 0.4818 0.4012 0.2815
0.3995 0.4817 0.4047 0.1962 0.1585 0.2092 0.3013 0.4305 0.4771 0.3799 0.1770 0.1636 0.2217 0.3223 0.4545 0.4671 0.3325 0.1610 0.1769 0.2501 0.3689 0.4807 0.4301 0.2217 0.1571 0.2091 0.3089 0.4477 0.4676 0.3242 0.1586 0.1830 0.2644 0.3931 0.4816 0.4006 0.1822 0.1643 0.2286 0.3409 0.4728 0.4476 0.2589 0.1557 0.1996 0.2939 0.4319 0.4738 0.3487 0.1613 0.1530 0.1613 0.3487 0.4738 0.4319 0.2939 0.1996 0.1557 0.2589 0.4476 0.4728 0.3409 0.2286 0.1643 0.1822 0.4006 0.4816 0.3931 0.2644 0.1830 0.1586 0.3242 0.4676 0.4477 0.3089 0.2091 0.1571 0.2217 0.4301 0.4807 0.3689 0.2501 0.1769 0.1610 0.3325 0.4671 0.4545 0.3223 0.2217 0.1636 0.1770 0.3799 0.4771 0.4305 0.3013 0.2092 0.1585 0.1962 0.4047 0.4817 0.3995
0.4811 0.3926 0.1854 0.1606 0.2147 0.3100 0.4403 0.4742 0.3664 0.1712 0.1663 0.2267 0.3292 0.4597 0.4646 0.3255 0.1603 0.1774 0.2501 0.3676 0.4802 0.4334 0.2303 0.1565 0.2055 0.3023 0.4402 0.4711 0.3388 0.1607 0.1792 0.2573 0.3829 0.4820 0.4118 0.1921 0.1615 0.2225 0.3314 0.4673 0.4540 0.2772 0.1557 0.1948 0.2856 0.4216 0.4768 0.3645 0.1659 0.1704 0.2019 0.1704 0.1659 0.3645 0.4768 0.4216 0.2856 0.1948 0.1557 0.2772 0.4540 0.4673 0.3314 0.2225 0.1615 0.1921 0.4118 0.4820 0.3829 0.2573 0.1792 0.1607 0.3388 0.4711 0.4402 0.3023 0.2055 0.1565 0.2303 0.4334 0.4802 0.3676 0.2501 0.1774 0.1603 0.3255 0.4646 0.4597 0.3292 0.2267 0.1663 0.1712 0.3664 0.4742 0.4403 0.3100 0.2147 0.1606 0.1854 0.3926 0.4811
0.3917 0.1772 0.1633 0.2205 0.3190 0.4496 0.4706 0.3516 0.1665 0.1694 0.2324 0.3373 0.4654 0.4609 0.3145 0.1591 0.1790 0.2520 0.3689 0.4802 0.4344 0.2348 0.1561 0.2029 0.2972 0.4336 0.4737 0.3514 0.1631 0.1758 0.2508 0.3733 0.4815 0.4216 0.2048 0.1592 0.2167 0.3222 0.4606 0.4597 0.2954 0.1563 0.1902 0.2776 0.4111 0.4792 0.3787 0.1706 0.1702 0.2365 0.2961 0.2365 0.1702 0.1706 0.3787 0.4792 0.4111 0.2776 0.1902 0.1563 0.2954 0.4597 0.4606 0.3222 0.2167 0.1592 0.2048 0.4216 0.4815 0.3733 0.2508 0.1758 0.1631 0.3514 0.4737 0.4336 0.2972 0.2029 0.1561 0.2348 0.4344 0.4802 0.3689 0.2520 0.1790 0.1591 0.3145 0.4609 0.4654 0.3373 0.2324 0.1694 0.1665 0.3516 0.4706 0.4496 0.3190 0.2205 0.1633 0.1772 0.3917
0.1984 0.1665 0.2264 0.3281 0.4579 0.4664 0.3357 0.1628 0.1728 0.2387 0.3465 0.4708 0.4561 0.3005 0.1577 0.1815 0.2557 0.3730 0.4807 0.4334 0.2348 0.1560 0.2016 0.2940 0.4285 0.4756 0.3615 0.1658 0.1729 0.2449 0.3644 0.4803 0.4301 0.2193 0.1576 0.2112 0.3131 0.4526 0.4648 0.3130 0.1574 0.1858 0.2697 0.4006 0.4809 0.3919 0.1767 0.1666 0.2337 0.3483 0.4342 0.3483 0.2337 0.1666 0.1767 0.3919 0.4809 0.4006 0.2697 0.1858 0.1574 0.3130 0.4648 0.4526 0.3131 0.2112 0.1576 0.2193 0.4301 0.4803 0.3644 0.2449 0.1729 0.1658 0.3615 0.4756 0.4285 0.2940 0.2016 0.1560 0.2348 0.4334 0.4807 0.3730 0.2557 0.1815 0.1577 0.3005 0.4561 0.4708 0.3465 0.2387 0.1728 0.1628 0.3357 0.4664 0.4579 0.3281 0.2264 0.1665 0.1984
0.1927 0.2332 0.3375 0.4651 0.4616 0.3191 0.1600 0.1765 0.2454 0.3561 0.4753 0.4503 0.2842 0.1566 0.1848 0.2610 0.3794 0.4814 0.4301 0.2303 0.1561 0.2016 0.2929 0.4259 0.4767 0.3685 0.1683 0.1706 0.2400 0.3565 0.4784 0.4372 0.2345 0.1564 0.2061 0.3045 0.4437 0.4692 0.3299 0.1592 0.1817 0.2622 0.3901 0.4818 0.4040 0.1848 0.1635 0.2269 0.3388 0.4712 0.4706 0.4712 0.3388 0.2269 0.1635 0.1848 0.4040 0.4818 0.3901 0.2622 0.1817 0.1592 0.3299 0.4692 0.4437 0.3045 0.2061 0.1564 0.2345 0.4372 0.4784 0.3565 0.2400 0.1706 0.1683 0.3685 0.4767 0.4259 0.2929 0.2016 0.1561 0.2303 0.4301 0.4814 0.3794 0.2610 0.1848 0.1566 0.2842 0.4503 0.4753 0.3561 0.2454 0.1765 0.1600 0.3191 0.4616 0.4651 0.3375 0.2332 0.1927
0.2491 0.3481 0.4709 0.4561 0.3017 0.1580 0.1803 0.2524 0.3660 0.4786 0.4436 0.2665 0.1559 0.1886 0.2673 0.3875 0.4819 0.4246 0.2217 0.1565 0.2029 0.2940 0.4259 0.4771 0.3721 0.1701 0.1690 0.2362 0.3501 0.4761 0.4432 0.2493 0.1558 0.2015 0.2966 0.4345 0.4729 0.3459 0.1617 0.1778 0.2549 0.3797 0.4820 0.4148 0.1955 0.1608 0.2208 0.3288 0.4659 0.4527 0.3735 0.4527 0.4659 0.3288 0.2208 0.1608 0.1955 0.4148 0.4820 0.3797 0.2549 0.1778 0.1617 0.3459 0.4729 0.4345 0.2966 0.2015 0.1558 0.2493 0.4432 0.4761 0.3501 0.2362 0.1690 0.1701 0.3721 0.4771 0.4259 0.2940 0.2029 0.1565 0.2217 0.4246 0.4819 0.3875 0.2673 0.1886 0.1559 0.2665 0.4436 0.4786 0.3660 0.2524 0.1803 0.1580 0.3017 0.4561 0.4709 0.3481 0.2491
0.3512 0.4767 0.4499 0.2837 0.1566 0.1844 0.2596 0.3762 0.4807 0.4360 0.2484 0.1556 0.1929 0.2744 0.3968 0.4820 0.4171 0.2107 0.1571 0.2055 0.2972 0.4285 0.4767 0.3721 0.1708 0.1682 0.2339 0.3456 0.4738 0.4477 0.2624 0.1556 0.1974 0.2894 0.4255 0.4759 0.3603 0.1649 0.1741 0.2479 0.3695 0.4812 0.4245 0.2090 0.1587 0.2151 0.3196 0.4584 0.4607 0.3044 0.1700 0.3044 0.4607 0.4584 0.3196 0.2151 0.1587 0.2090 0.4245 0.4812 0.3695 0.2479 0.1741 0.1649 0.3603 0.4759 0.4255 0.2894 0.1974 0.1556 0.2624 0.4477 0.4738 0.3456 0.2339 0.1682 0.1708 0.3721 0.4767 0.4285 0.2972 0.2055 0.1571 0.2107 0.4171 0.4820 0.3968 0.2744 0.1929 0.1556 0.2484 0.4360 0.4807 0.3762 0.2596 0.1844 0.1566 0.2837 0.4499 0.4767 0.3512
0.4732 0.4431 0.2653 0.1559 0.1887 0.2671 0.3865 0.4818 0.4276 0.2307 0.1559 0.1975 0.2822 0.4068 0.4813 0.4079 0.1991 0.1583 0.2091 0.3023 0.4336 0.4756 0.3685 0.1701 0.1682 0.2331 0.3433 0.4721 0.4507 0.2725 0.1557 0.1941 0.2831 0.4170 0.4781 0.3732 0.1688 0.1708 0.2413 0.3597 0.4795 0.4332 0.2248 0.1571 0.2096 0.3106 0.4501 0.4661 0.3172 0.1564 0.1576 0.1564 0.3172 0.4661 0.4501 0.3106 0.2096 0.1571 0.2248 0.4332 0.4795 0.3597 0.2413 0.1708 0.1688 0.3732 0.4781 0.4170 0.2831 0.1941 0.1557 0.2725 0.4507 0.4721 0.3433 0.2331 0.1682 0.1701 0.3685 0.4756 0.4336 0.3023 0.2091 0.1583 0.1991 0.4079 0.4813 0.4068 0.2822 0.1975 0.1559 0.2307 0.4276 0.4818 0.3865 0.2671 0.1887 0.1559 0.2653 0.4431 0.4732
0.4441 0.2470 0.1556 0.1932 0.2748 0.3969 0.4820 0.4183 0.2142 0.1567 0.2025 0.2904 0.4172 0.4800 0.3969 0.1885 0.1600 0.2135 0.3089 0.4402 0.4737 0.3615 0.1683 0.1690 0.2339 0.3433 0.4715 0.4522 0.2789 0.1559 0.1916 0.2780 0.4096 0.4797 0.3843 0.1735 0.1679 0.2353 0.3506 0.4767 0.4409 0.2421 0.1561 0.2043 0.3018 0.4410 0.4704 0.3346 0.1600 0.1775 0.2126 0.1775 0.1600 0.3346 0.4704 0.4410 0.3018 0.2043 0.1561 0.2421 0.4409 0.4767 0.3506 0.2353 0.1679 0.1735 0.3843 0.4797 0.4096 0.2780 0.1916 0.1559 0.2789 0.4522 0.4715 0.3433 0.2339 0.1690 0.1683 0.3615 0.4737 0.4402 0.3089 0.2135 0.1600 0.1885 0.3969 0.4800 0.4172 0.2904 0.2025 0.1567 0.2142 0.4183 0.4820 0.3969 0.2748 0.1932 0.1556 0.2470 0.4441
0.2520 0.1561 0.1979 0.2828 0.4075 0.4813 0.4079 0.1999 0.1581 0.2077 0.2988 0.4275 0.4779 0.3844 0.1798 0.1624 0.2186 0.3165 0.4477 0.4711 0.3514 0.1658 0.1706 0.2362 0.3456 0.4721 0.4522 0.2812 0.1560 0.1900 0.2745 0.4039 0.4807 0.3934 0.1787 0.1653 0.2299 0.3421 0.4730 0.4475 0.2595 0.1557 0.1993 0.2933 0.4311 0.4740 0.3505 0.1626 0.1771 0.2500 0.3143 0.2500 0.1771 0.1626 0.3505 0.4740 0.4311 0.2933 0.1993 0.1557 0.2595 0.4475 0.4730 0.3421 0.2299 0.1653 0.1787 0.3934 0.4807 0.4039 0.2745 0.1900 0.1560 0.2812 0.4522 0.4721 0.3456 0.2362 0.1706 0.1658 0.3514 0.4711 0.4477 0.3165 0.2186 0.1624 0.1798 0.3844 0.4779 0.4275 0.2988 0.2077 0.1581 0.1999 0.4079 0.4813 0.4075 0.2828 0.1979 0.1561 0.2520
0.1840 0.2032 0.2910 0.4180 0.4798 0.3962 0.1882 0.1600 0.2131 0.3075 0.4376 0.4751 0.3706 0.1730 0.1652 0.2243 0.3250 0.4554 0.4676 0.3388 0.1631 0.1729 0.2400 0.3501 0.4738 0.4507 0.2789 0.1560 0.1895 0.2727 0.4003 0.4813 0.4000 0.1839 0.1632 0.2253 0.3345 0.4687 0.4532 0.2760 0.1557 0.1947 0.2852 0.4209 0.4770 0.3655 0.1662 0.1731 0.2465 0.3681 0.4520 0.3681 0.2465 0.1731 0.1662 0.3655 0.4770 0.4209 0.2852 0.1947 0.1557 0.2760 0.4532 0.4687 0.3345 0.2253 0.1632 0.1839 0.4000 0.4813 0.4003 0.2727 0.1895 0.1560 0.2789 0.4507 0.4738 0.3501 0.2400 0.1729 0.1631 0.3388 0.4676 0.4554 0.3250 0.2243 0.1652 0.1730 0.3706 0.4751 0.4376 0.3075 0.2131 0.1600 0.1882 0.3962 0.4798 0.4180 0.2910 0.2032 0.1840
0.2231 0.3002 0.4282 0.4777 0.3833 0.1792 0.1625 0.2188 0.3164 0.4470 0.4717 0.3560 0.1677 0.1684 0.2304 0.3341 0.4627 0.4633 0.3242 0.1607 0.1758 0.2449 0.3565 0.4761 0.4477 0.2725 0.1559 0.1900 0.2727 0.3990 0.4815 0.4039 0.1880 0.1617 0.2216 0.3280 0.4639 0.4578 0.2911 0.1561 0.1906 0.2778 0.4109 0.4793 0.3794 0.1709 0.1696 0.2391 0.3574 0.4777 0.4638 0.4777 0.3574 0.2391 0.1696 0.1709 0.3794 0.4793 0.4109 0.2778 0.1906 0.1561 0.2911 0.4578 0.4639 0.3280 0.2216 0.1617 0.1880 0.4039 0.4815 0.3990 0.2727 0.1900 0.1559 0.2725 0.4477 0.4761 0.3565 0.2449 0.1758 0.1607 0.3242 0.4633 0.4627 0.3341 0.2304 0.1684 0.1677 0.3560 0.4717 0.4470 0.3164 0.2188 0.1625 0.1792 0.3833 0.4777 0.4282 0.3002 0.2231
0.3085 0.4397 0.4748 0.3695 0.1725 0.1654 0.2247 0.3255 0.4556 0.4677 0.3404 0.1638 0.1718 0.2368 0.3436 0.4690 0.4581 0.3078 0.1586 0.1792 0.2508 0.3644 0.4784 0.4432 0.2624 0.1557 0.1916 0.2745 0.4003 0.4815 0.4052 0.1904 0.1609 0.2191 0.3232 0.4595 0.4615 0.3043 0.1569 0.1869 0.2710 0.4015 0.4808 0.3920 0.1769 0.1664 0.2326 0.3469 0.4756 0.4403 0.3467 0.4403 0.4756 0.3469 0.2326 0.1664 0.1769 0.3920 0.4808 0.4015 0.2710 0.1869 0.1569 0.3043 0.4615 0.4595 0.3232 0.2191 0.1609 0.1904 0.4052 0.4815 0.4003 0.2745 0.1916 0.1557 0.2624 0.4432 0.4784 0.3644 0.2508 0.1792 0.1586 0.3078 0.4581 0.4690 0.3436 0.2368 0.1718 0.1638 0.3404 0.4677 0.4556 0.3255 0.2247 0.1654 0.1725 0.3695 0.4748 0.4397 0.3085
0.4355 0.4720 0.3548 0.1674 0.1686 0.2309 0.3348 0.4632 0.4630 0.3239 0.1608 0.1754 0.2435 0.3533 0.4741 0.4522 0.2902 0.1571 0.1830 0.2573 0.3733 0.4803 0.4372 0.2493 0.1556 0.1941 0.2780 0.4039 0.4813 0.4039 0.1904 0.1606 0.2178 0.3202 0.4562 0.4641 0.3149 0.1579 0.1838 0.2650 0.3928 0.4817 0.4029 0.1845 0.1635 0.2266 0.3376 0.4710 0.4494 0.2693 0.1580 0.2693 0.4494 0.4710 0.3376 0.2266 0.1635 0.1845 0.4029 0.4817 0.3928 0.2650 0.1838 0.1579 0.3149 0.4641 0.4562 0.3202 0.2178 0.1606 0.1904 0.4039 0.4813 0.4039 0.2780 0.1941 0.1556 0.2493 0.4372 0.4803 0.3733 0.2573 0.1830 0.1571 0.2902 0.4522 0.4741 0.3533 0.2435 0.1754 0.1608 0.3239 0.4630 0.4632 0.3348 0.2309 0.1686 0.1674 0.3548 0.4720 0.4355
0.4726 0.3391 0.1635 0.1720 0.2373 0.3443 0.4695 0.4577 0.3067 0.1585 0.1792 0.2504 0.3632 0.4778 0.4456 0.2720 0.1560 0.1871 0.2644 0.3829 0.4815 0.4301 0.2345 0.1558 0.1974 0.2831 0.4096 0.4807 0.4000 0.1880 0.1609 0.2178 0.3192 0.4544 0.4656 0.3221 0.1589 0.1814 0.2601 0.3852 0.4820 0.4120 0.1934 0.1610 0.2211 0.3288 0.4653 0.4560 0.2828 0.1540 0.1633 0.1540 0.2828 0.4560 0.4653 0.3288 0.2211 0.1610 0.1934 0.4120 0.4820 0.3852 0.2601 0.1814 0.1589 0.3221 0.4656 0.4544 0.3192 0.2178 0.1609 0.1880 0.4000 0.4807 0.4096 0.2831 0.1974 0.1558 0.2345 0.4301 0.4815 0.3829 0.2644 0.1871 0.1560 0.2720 0.4456 0.4778 0.3632 0.2504 0.1792 0.1585 0.3067 0.4577 0.4695 0.3443 0.2373 0.1720 0.1635 0.3391 0.4726
0.3385 0.1607 0.1756 0.2439 0.3540 0.4744 0.4518 0.2889 0.1570 0.1832 0.2575 0.3732 0.4802 0.4383 0.2536 0.1556 0.1915 0.2720 0.3931 0.4820 0.4216 0.2193 0.1564 0.2015 0.2894 0.4170 0.4797 0.3934 0.1839 0.1617 0.2191 0.3202 0.4544 0.4662 0.3258 0.1595 0.1797 0.2563 0.3791 0.4818 0.4193 0.2032 0.1592 0.2161 0.3206 0.4588 0.4612 0.3009 0.1568 0.1856 0.2245 0.1856 0.1568 0.3009 0.4612 0.4588 0.3206 0.2161 0.1592 0.2032 0.4193 0.4818 0.3791 0.2563 0.1797 0.1595 0.3258 0.4662 0.4544 0.3202 0.2191 0.1617 0.1839 0.3934 0.4797 0.4170 0.2894 0.2015 0.1564 0.2193 0.4216 0.4820 0.3931 0.2720 0.1915 0.1556 0.2536 0.4383 0.4802 0.3732 0.2575 0.1832 0.1570 0.2889 0.4518 0.4744 0.3540 0.2439 0.1756 0.1607 0.3385
0.1866 0.1797 0.2508 0.3639 0.4780 0.4451 0.2706 0.1560 0.1874 0.2649 0.3835 0.4816 0.4301 0.2357 0.1557 0.1962 0.2799 0.4036 0.4816 0.4118 0.2048 0.1576 0.2061 0.2966 0.4255 0.4781 0.3843 0.1787 0.1632 0.2216 0.3232 0.4562 0.4656 0.3258 0.1598 0.1789 0.2540 0.3748 0.4815 0.4249 0.2128 0.1579 0.2119 0.3132 0.4519 0.4655 0.3169 0.1579 0.1851 0.2649 0.3340 0.2649 0.1851 0.1579 0.3169 0.4655 0.4519 0.3132 0.2119 0.1579 0.2128 0.4249 0.4815 0.3748 0.2540 0.1789 0.1598 0.3258 0.4656 0.4562 0.3232 0.2216 0.1632 0.1787 0.3843 0.4781 0.4255 0.2966 0.2061 0.1576 0.2048 0.4118 0.4816 0.4036 0.2799 0.1962 0.1557 0.2357 0.4301 0.4816 0.3835 0.2649 0.1874 0.1560 0.2706 0.4451 0.4780 0.3639 0.2508 0.1797 0.1866
0.2033 0.2587 0.3739 0.4804 0.4377 0.2523 0.1556 0.1919 0.2726 0.3939 0.4820 0.4211 0.2188 0.1564 0.2010 0.2880 0.4142 0.4804 0.4006 0.1921 0.1592 0.2112 0.3045 0.4345 0.4759 0.3732 0.1735 0.1653 0.2253 0.3280 0.4595 0.4641 0.3221 0.1595 0.1789 0.2532 0.3726 0.4811 0.4286 0.2207 0.1571 0.2084 0.3069 0.4450 0.4691 0.3312 0.1596 0.1809 0.2610 0.3892 0.4658 0.3892 0.2610 0.1809 0.1596 0.3312 0.4691 0.4450 0.3069 0.2084 0.1571 0.2207 0.4286 0.4811 0.3726 0.2532 0.1789 0.1595 0.3221 0.4641 0.4595 0.3280 0.2253 0.1653 0.1735 0.3732 0.4759 0.4345 0.3045 0.2112 0.1592 0.1921 0.4006 0.4804 0.4142 0.2880 0.2010 0.1564 0.2188 0.4211 0.4820 0.3939 0.2726 0.1919 0.1556 0.2523 0.4377 0.4804 0.3739 0.2587 0.2033
0.2716 0.3855 0.4816 0.4295 0.2344 0.1558 0.1965 0.2805 0.4045 0.4815 0.4110 0.2037 0.1576 0.2062 0.2964 0.4246 0.4786 0.3882 0.1822 0.1615 0.2167 0.3131 0.4437 0.4729 0.3603 0.1688 0.1679 0.2299 0.3345 0.4639 0.4615 0.3149 0.1589 0.1797 0.2540 0.3726 0.4809 0.4305 0.2260 0.1566 0.2057 0.3020 0.4389 0.4719 0.3435 0.1616 0.1775 0.2539 0.3784 0.4801 0.4544 0.4801 0.3784 0.2539 0.1775 0.1616 0.3435 0.4719 0.4389 0.3020 0.2057 0.1566 0.2260 0.4305 0.4809 0.3726 0.2540 0.1797 0.1589 0.3149 0.4615 0.4639 0.3345 0.2299 0.1679 0.1688 0.3603 0.4729 0.4437 0.3131 0.2167 0.1615 0.1822 0.3882 0.4786 0.4246 0.2964 0.2062 0.1576 0.2037 0.4110 0.4815 0.4045 0.2805 0.1965 0.1558 0.2344 0.4295 0.4816 0.3855 0.2716
0.3850 0.4829 0.4204 0.2176 0.1565 0.2014 0.2886 0.4150 0.4803 0.3997 0.1913 0.1594 0.2115 0.3050 0.4347 0.4760 0.3747 0.1747 0.1643 0.2225 0.3222 0.4526 0.4692 0.3459 0.1649 0.1708 0.2353 0.3421 0.4687 0.4578 0.3043 0.1579 0.1814 0.2563 0.3748 0.4811 0.4305 0.2279 0.1564 0.2041 0.2984 0.4341 0.4739 0.3535 0.1638 0.1747 0.2482 0.3690 0.4810 0.4239 0.3140 0.4239 0.4810 0.3690 0.2482 0.1747 0.1638 0.3535 0.4739 0.4341 0.2984 0.2041 0.1564 0.2279 0.4305 0.4811 0.3748 0.2563 0.1814 0.1579 0.3043 0.4578 0.4687 0.3421 0.2353 0.1708 0.1649 0.3459 0.4692 0.4526 0.3222 0.2225 0.1643 0.1747 0.3747 0.4760 0.4347 0.3050 0.2115 0.1594 0.1913 0.3997 0.4803 0.4150 0.2886 0.2014 0.1565 0.2176 0.4204 0.4829 0.3850
0.4815 0.4101 0.2027 0.1577 0.2066 0.2970 0.4254 0.4784 0.3871 0.1815 0.1617 0.2171 0.3138 0.4444 0.4728 0.3603 0.1691 0.1675 0.2286 0.3314 0.4606 0.4648 0.3299 0.1617 0.1741 0.2413 0.3506 0.4730 0.4532 0.2911 0.1569 0.1838 0.2601 0.3791 0.4815 0.4286 0.2260 0.1564 0.2035 0.2966 0.4309 0.4752 0.3608 0.1660 0.1724 0.2433 0.3614 0.4796 0.4329 0.2297 0.1509 0.2297 0.4329 0.4796 0.3614 0.2433 0.1724 0.1660 0.3608 0.4752 0.4309 0.2966 0.2035 0.1564 0.2260 0.4286 0.4815 0.3791 0.2601 0.1838 0.1569 0.2911 0.4532 0.4730 0.3506 0.2413 0.1741 0.1617 0.3299 0.4648 0.4606 0.3314 0.2286 0.1675 0.1691 0.3603 0.4728 0.4444 0.3138 0.2171 0.1617 0.1815 0.3871 0.4784 0.4254 0.2970 0.2066 0.1577 0.2027 0.4101 0.4815
0.4098 0.1905 0.1595 0.2120 0.3056 0.4355 0.4758 0.3736 0.1742 0.1645 0.2230 0.3228 0.4532 0.4689 0.3449 0.1648 0.1708 0.2349 0.3409 0.4673 0.4597 0.3130 0.1592 0.1778 0.2479 0.3597 0.4767 0.4475 0.2760 0.1561 0.1869 0.2650 0.3852 0.4818 0.4249 0.2207 0.1566 0.2041 0.2966 0.4298 0.4758 0.3654 0.1677 0.1708 0.2396 0.3551 0.4777 0.4396 0.2398 0.1540 0.1709 0.1540 0.2398 0.4396 0.4777 0.3551 0.2396 0.1708 0.1677 0.3654 0.4758 0.4298 0.2966 0.2041 0.1566 0.2207 0.4249 0.4818 0.3852 0.2650 0.1869 0.1561 0.2760 0.4475 0.4767 0.3597 0.2479 0.1778 0.1592 0.3130 0.4597 0.4673 0.3409 0.2349 0.1708 0.1648 0.3449 0.4689 0.4532 0.3228 0.2230 0.1645 0.1742 0.3736 0.4758 0.4355 0.3056 0.2120 0.1595 0.1905 0.4098
0.2077 0.1621 0.2175 0.3145 0.4451 0.4725 0.3591 0.1687 0.1677 0.2291 0.3321 0.4611 0.4644 0.3288 0.1615 0.1743 0.2415 0.3505 0.4728 0.4540 0.2954 0.1574 0.1817 0.2549 0.3695 0.4795 0.4409 0.2595 0.1557 0.1906 0.2710 0.3928 0.4820 0.4193 0.2128 0.1571 0.2057 0.2984 0.4309 0.4758 0.3670 0.1687 0.1697 0.2370 0.3505 0.4758 0.4442 0.2533 0.1560 0.1967 0.2402 0.1967 0.1560 0.2533 0.4442 0.4758 0.3505 0.2370 0.1697 0.1687 0.3670 0.4758 0.4309 0.2984 0.2057 0.1571 0.2128 0.4193 0.4820 0.3928 0.2710 0.1906 0.1557 0.2595 0.4409 0.4795 0.3695 0.2549 0.1817 0.1574 0.2954 0.4540 0.4728 0.3505 0.2415 0.1743 0.1615 0.3288 0.4644 0.4611 0.3321 0.2291 0.1677 0.1687 0.3591 0.4725 0.4451 0.3145 0.2175 0.1621 0.2077
0.1892 0.2239 0.3235 0.4539 0.4686 0.3437 0.1645 0.1710 0.2354 0.3415 0.4678 0.4593 0.3118 0.1591 0.1781 0.2483 0.3603 0.4768 0.4476 0.2772 0.1563 0.1858 0.2622 0.3797 0.4812 0.4332 0.2421 0.1557 0.1947 0.2778 0.4015 0.4817 0.4120 0.2032 0.1579 0.2084 0.3020 0.4341 0.4752 0.3654 0.1687 0.1693 0.2357 0.3475 0.4743 0.4475 0.2635 0.1557 0.1969 0.2854 0.3599 0.2854 0.1969 0.1557 0.2635 0.4475 0.4743 0.3475 0.2357 0.1693 0.1687 0.3654 0.4752 0.4341 0.3020 0.2084 0.1579 0.2032 0.4120 0.4817 0.4015 0.2778 0.1947 0.1557 0.2421 0.4332 0.4812 0.3797 0.2622 0.1858 0.1563 0.2772 0.4476 0.4768 0.3603 0.2483 0.1781 0.1591 0.3118 0.4593 0.4678 0.3415 0.2354 0.1710 0.1645 0.3437 0.4686 0.4539 0.3235 0.2239 0.1892
0.2410 0.3337 0.4616 0.4641 0.3274 0.1613 0.1746 0.2420 0.3512 0.4731 0.4535 0.2941 0.1574 0.1820 0.2554 0.3703 0.4796 0.4405 0.2589 0.1557 0.1902 0.2697 0.3901 0.4820 0.4245 0.2248 0.1561 0.1993 0.2852 0.4109 0.4808 0.4029 0.1934 0.1592 0.2119 0.3069 0.4389 0.4739 0.3608 0.1677 0.1697 0.2357 0.3465 0.4734 0.4495 0.2706 0.1557 0.1939 0.2827 0.4173 0.4756 0.4173 0.2827 0.1939 0.1557 0.2706 0.4495 0.4734 0.3465 0.2357 0.1697 0.1677 0.3608 0.4739 0.4389 0.3069 0.2119 0.1592 0.1934 0.4029 0.4808 0.4109 0.2852 0.1993 0.1561 0.2248 0.4245 0.4820 0.3901 0.2697 0.1902 0.1557 0.2589 0.4405 0.4796 0.3703 0.2554 0.1820 0.1574 0.2941 0.4535 0.4731 0.3512 0.2420 0.1746 0.1613 0.3274 0.4641 0.4616 0.3337 0.2410
0.3384 0.4695 0.4589 0.3104 0.1589 0.1783 0.2488 0.3610 0.4771 0.4471 0.2759 0.1562 0.1862 0.2628 0.3805 0.4813 0.4326 0.2408 0.1557 0.1948 0.2776 0.4006 0.4818 0.4148 0.2090 0.1571 0.2043 0.2933 0.4209 0.4793 0.3920 0.1845 0.1610 0.2161 0.3132 0.4450 0.4719 0.3535 0.1660 0.1708 0.2370 0.3475 0.4734 0.4501 0.2743 0.1558 0.1920 0.2783 0.4098 0.4776 0.4371 0.4776 0.4098 0.2783 0.1920 0.1558 0.2742 0.4501 0.4734 0.3475 0.2370 0.1708 0.1660 0.3535 0.4719 0.4450 0.3132 0.2161 0.1610 0.1845 0.3920 0.4793 0.4209 0.2933 0.2043 0.1571 0.2090 0.4148 0.4818 0.4006 0.2776 0.1948 0.1557 0.2408 0.4326 0.4813 0.3805 0.2628 0.1862 0.1562 0.2759 0.4471 0.4771 0.3610 0.2488 0.1783 0.1589 0.3104 0.4589 0.4695 0.3384
0.4652 0.4533 0.2927 0.1572 0.1823 0.2559 0.3711 0.4798 0.4399 0.2576 0.1557 0.1906 0.2704 0.3909 0.4820 0.4238 0.2235 0.1562 0.1996 0.2856 0.4111 0.4809 0.4040 0.1955 0.1587 0.2096 0.3018 0.4311 0.4770 0.3794 0.1769 0.1635 0.2211 0.3206 0.4519 0.4691 0.3435 0.1638 0.1724 0.2396 0.3505 0.4743 0.4495 0.2743 0.1558 0.1911 0.2758 0.4049 0.4805 0.3933 0.2620 0.3933 0.4805 0.4049 0.2758 0.1911 0.1558 0.2742 0.4495 0.4743 0.3505 0.2396 0.1724 0.1638 0.3435 0.4691 0.4519 0.3206 0.2211 0.1635 0.1769 0.3794 0.4770 0.4311 0.3018 0.2096 0.1587 0.1955 0.4040 0.4809 0.4111 0.2856 0.1996 0.1562 0.2235 0.4238 0.4820 0.3909 0.2704 0.1906 0.1557 0.2576 0.4399 0.4798 0.3711 0.2559 0.1823 0.1572 0.2927 0.4533 0.4652
0.4543 0.2745 0.1561 0.1865 0.2633 0.3813 0.4814 0.4320 0.2395 0.1557 0.1952 0.2782 0.4014 0.4818 0.4140 0.2078 0.1572 0.2047 0.2939 0.4216 0.4792 0.3919 0.1848 0.1608 0.2151 0.3106 0.4410 0.4740 0.3655 0.1709 0.1664 0.2266 0.3288 0.4588 0.4655 0.3312 0.1616 0.1747 0.2434 0.3551 0.4758 0.4475 0.2706 0.1558 0.1911 0.2750 0.4028 0.4811 0.3981 0.1841 0.1483 0.1841 0.3981 0.4811 0.4028 0.2750 0.1911 0.1558 0.2706 0.4475 0.4758 0.3551 0.2433 0.1747 0.1616 0.3312 0.4655 0.4588 0.3288 0.2266 0.1664 0.1709 0.3655 0.4740 0.4410 0.3106 0.2151 0.1608 0.1848 0.3919 0.4792 0.4216 0.2939 0.2047 0.1572 0.2078 0.4140 0.4818 0.4014 0.2782 0.1952 0.1557 0.2395 0.4320 0.4814 0.3813 0.2633 0.1865 0.1561 0.2745 0.4543
0.2767 0.1558 0.1909 0.2709 0.3917 0.4820 0.4231 0.2223 0.1562 0.2000 0.2863 0.4120 0.4807 0.4031 0.1946 0.1588 0.2100 0.3025 0.4319 0.4768 0.3787 0.1767 0.1635 0.2208 0.3196 0.4501 0.4704 0.3506 0.1662 0.1696 0.2326 0.3376 0.4653 0.4612 0.3169 0.1596 0.1775 0.2481 0.3614 0.4777 0.4442 0.2635 0.1557 0.1920 0.2759 0.4028 0.4812 0.4012 0.1860 0.1596 0.1848 0.1596 0.1860 0.4012 0.4812 0.4028 0.2758 0.1920 0.1557 0.2635 0.4442 0.4777 0.3614 0.2482 0.1775 0.1596 0.3169 0.4612 0.4653 0.3376 0.2326 0.1696 0.1662 0.3505 0.4704 0.4501 0.3196 0.2208 0.1635 0.1767 0.3787 0.4768 0.4319 0.3025 0.2100 0.1588 0.1946 0.4031 0.4807 0.4120 0.2863 0.2000 0.1562 0.2223 0.4231 0.4820 0.3917 0.2709 0.1909 0.1558 0.2766
0.1835 0.1959 0.2787 0.4022 0.4817 0.4133 0.2068 0.1573 0.2051 0.2946 0.4224 0.4790 0.3909 0.1841 0.1610 0.2155 0.3112 0.4416 0.4738 0.3645 0.1706 0.1665 0.2268 0.3287 0.4584 0.4661 0.3347 0.1626 0.1730 0.2391 0.3469 0.4710 0.4560 0.3011 0.1579 0.1808 0.2538 0.3690 0.4796 0.4396 0.2533 0.1556 0.1938 0.2782 0.4049 0.4811 0.4012 0.1873 0.1618 0.2172 0.2684 0.2173 0.1619 0.1873 0.4012 0.4811 0.4049 0.2783 0.1939 0.1557 0.2533 0.4396 0.4796 0.3690 0.2539 0.1809 0.1579 0.3009 0.4560 0.4710 0.3469 0.2391 0.1731 0.1626 0.3346 0.4661 0.4584 0.3288 0.2269 0.1666 0.1706 0.3645 0.4738 0.4417 0.3113 0.2156 0.1610 0.1841 0.3908 0.4790 0.4225 0.2946 0.2051 0.1574 0.2068 0.4132 0.4817 0.4022 0.2788 0.1959 0.1836
0.2168 0.2876 0.4127 0.4806 0.4022 0.1937 0.1590 0.2104 0.3031 0.4326 0.4766 0.3776 0.1761 0.1637 0.2213 0.3202 0.4508 0.4701 0.3494 0.1659 0.1698 0.2331 0.3381 0.4655 0.4612 0.3180 0.1599 0.1767 0.2458 0.3567 0.4755 0.4500 0.2838 0.1566 0.1845 0.2602 0.3775 0.4810 0.4336 0.2408 0.1557 0.1963 0.2819 0.4090 0.4807 0.3989 0.1864 0.1615 0.2201 0.3222 0.4043 0.3230 0.2208 0.1619 0.1860 0.3981 0.4805 0.4098 0.2827 0.1969 0.1560 0.2398 0.4329 0.4810 0.3784 0.2610 0.1851 0.1568 0.2828 0.4494 0.4756 0.3574 0.2465 0.1771 0.1600 0.3172 0.4607 0.4659 0.3388 0.2337 0.1702 0.1659 0.3487 0.4697 0.4513 0.3209 0.2219 0.1641 0.1760 0.3769 0.4762 0.4333 0.3038 0.2109 0.1593 0.1933 0.4016 0.4804 0.4133 0.2882 0.2170
0.2972 0.4246 0.4788 0.3899 0.1834 0.1612 0.2159 0.3119 0.4424 0.4735 0.3634 0.1701 0.1668 0.2273 0.3294 0.4590 0.4658 0.3335 0.1624 0.1733 0.2396 0.3477 0.4713 0.4557 0.3005 0.1579 0.1805 0.2528 0.3666 0.4788 0.4432 0.2656 0.1559 0.1887 0.2672 0.3868 0.4819 0.4264 0.2270 0.1561 0.1997 0.2869 0.4146 0.4800 0.3943 0.1837 0.1619 0.2200 0.3230 0.4588 0.4750 0.4593 0.3230 0.2173 0.1596 0.1841 0.3933 0.4776 0.4173 0.2854 0.1967 0.1540 0.2297 0.4239 0.4801 0.3892 0.2649 0.1856 0.1540 0.2693 0.4403 0.4777 0.3681 0.2500 0.1775 0.1564 0.3044 0.4527 0.4712 0.3483 0.2365 0.1704 0.1613 0.3366 0.4628 0.4598 0.3293 0.2241 0.1640 0.1698 0.3651 0.4707 0.4440 0.3110 0.2127 0.1586 0.1842 0.3900 0.4763 0.4264 0.2944
0.4212 0.4770 0.3765 0.1757 0.1640 0.2218 0.3209 0.4515 0.4698 0.3482 0.1656 0.1701 0.2336 0.3388 0.4660 0.4609 0.3167 0.1597 0.1770 0.2464 0.3575 0.4758 0.4495 0.2825 0.1566 0.1847 0.2601 0.3768 0.4808 0.4356 0.2473 0.1557 0.1932 0.2748 0.3969 0.4820 0.4179 0.2129 0.1569 0.2037 0.2931 0.4218 0.4788 0.3873 0.1798 0.1630 0.2217 0.3241 0.4588 0.4573 0.4206 0.4751 0.4044 0.2684 0.1848 0.1483 0.2620 0.4371 0.4756 0.3599 0.2402 0.1709 0.1509 0.3140 0.4544 0.4658 0.3340 0.2245 0.1633 0.1580 0.3467 0.4638 0.4520 0.3143 0.2126 0.1576 0.1700 0.3735 0.4706 0.4342 0.2961 0.2019 0.1530 0.1906 0.3966 0.4752 0.4138 0.2791 0.1922 0.1498 0.2206 0.4161 0.4775 0.3923 0.2632 0.1834 0.1479 0.2550 0.4322 0.4778 0.3653
0.4771 0.3619 0.1697 0.1673 0.2281 0.3305 0.4598 0.4652 0.3318 0.1622 0.1738 0.2405 0.3488 0.4719 0.4550 0.2987 0.1579 0.1811 0.2538 0.3678 0.4790 0.4423 0.2637 0.1559 0.1892 0.2679 0.3875 0.4818 0.4268 0.2293 0.1561 0.1982 0.2831 0.4077 0.4812 0.4076 0.1993 0.1583 0.2086 0.3006 0.4303 0.4769 0.3777 0.1753 0.1648 0.2247 0.3277 0.4602 0.4595 0.3765 0.4657 0.4575 0.3225 0.2173 0.1596 0.1841 0.3933 0.4776 0.4173 0.2854 0.1967 0.1540 0.2297 0.4239 0.4801 0.3892 0.2649 0.1856 0.1540 0.2693 0.4403 0.4777 0.3681 0.2500 0.1775 0.1564 0.3044 0.4527 0.4712 0.3483 0.2365 0.1704 0.1613 0.3366 0.4628 0.4598 0.3293 0.2241 0.1640 0.1698 0.3651 0.4707 0.4440 0.3110 0.2127 0.1586 0.1842 0.3900 0.4763 0.4264 0.2944
0.3634 0.1650 0.1688 0.2327 0.3403 0.4666 0.4583 0.3170 0.1588 0.1758 0.2456 0.3594 0.4755 0.4470 0.2828 0.1555 0.1834 0.2596 0.3791 0.4798 0.4332 0.2475 0.1545 0.1919 0.2745 0.3991 0.4804 0.4165 0.2144 0.1556 0.2013 0.2905 0.4192 0.4781 0.3963 0.1886 0.1588 0.2119 0.3081 0.4396 0.4727 0.3679 0.1706 0.1657 0.2273 0.3331 0.4633 0.4595 0.3154 0.2934 0.4389 0.3209 0.2203 0.1619 0.1860 0.3981 0.4805 0.4098 0.2827 0.1969 0.1560 0.2398 0.4329 0.4810 0.3784 0.2610 0.1851 0.1568 0.2828 0.4494 0.4756 0.3574 0.2465 0.1771 0.1600 0.3172 0.4607 0.4659 0.3388 0.2337 0.1702 0.1659 0.3487 0.4697 0.4513 0.3209 0.2219 0.1641 0.1760 0.3769 0.4762 0.4333 0.3038 0.2109 0.1593 0.1933 0.4016 0.4804 0.4133 0.2882 0.2170
0.1986 0.1575 0.2119 0.3132 0.4512 0.4648 0.3496 0.1601 0.1629 0.2236 0.3323 0.4651 0.4559 0.3198 0.1530 0.1693 0.2362 0.3524 0.4737 0.4448 0.2872 0.1497 0.1764 0.2501 0.3733 0.4776 0.4312 0.2525 0.1489 0.1844 0.2650 0.3949 0.4779 0.4143 0.2173 0.1504 0.1941 0.2829 0.4194 0.4748 0.3893 0.1820 0.1556 0.2092 0.3106 0.4515 0.4641 0.3391 0.1565 0.1627 0.2405 0.2145 0.1621 0.1873 0.4012 0.4811 0.4049 0.2783 0.1939 0.1557 0.2533 0.4396 0.4796 0.3690 0.2539 0.1809 0.1579 0.3009 0.4560 0.4710 0.3469 0.2391 0.1731 0.1626 0.3346 0.4661 0.4584 0.3288 0.2269 0.1666 0.1706 0.3645 0.4738 0.4417 0.3113 0.2156 0.1610 0.1841 0.3908 0.4790 0.4225 0.2946 0.2051 0.1574 0.2068 0.4132 0.4817 0.4022 0.2788 0.1959 0.1836
0.2838 0.1533 0.1863 0.2671 0.3940 0.4798 0.4201 0.2268 0.1533 0.1954 0.2831 0.4148 0.4780 0.4013 0.1972 0.1555 0.2053 0.3000 0.4346 0.4736 0.3788 0.1771 0.1598 0.2162 0.3180 0.4521 0.4668 0.3527 0.1653 0.1657 0.2282 0.3373 0.4663 0.4573 0.3204 0.1578 0.1735 0.2440 0.3627 0.4771 0.4402 0.2683 0.1531 0.1877 0.2723 0.4061 0.4786 0.3984 0.1871 0.1539 0.1810 0.1599 0.1860 0.4012 0.4812 0.4028 0.2758 0.1920 0.1557 0.2635 0.4442 0.4777 0.3614 0.2482 0.1775 0.1596 0.3169 0.4612 0.4653 0.3376 0.2326 0.1696 0.1662 0.3505 0.4704 0.4501 0.3196 0.2208 0.1635 0.1767 0.3787 0.4768 0.4319 0.3025 0.2100 0.1588 0.1946 0.4031 0.4807 0.4120 0.2863 0.2000 0.1562 0.2223 0.4231 0.4820 0.3917 0.2709 0.1909 0.1558 0.2766
0.4536 0.2734 0.1564 0.1872 0.2643 0.3824 0.4813 0.4311 0.2382 0.1560 0.1959 0.2792 0.4024 0.4815 0.4131 0.2070 0.1576 0.2055 0.2950 0.4227 0.4787 0.3909 0.1843 0.1613 0.2159 0.3116 0.4418 0.4735 0.3645 0.1708 0.1669 0.2276 0.3299 0.4596 0.4648 0.3298 0.1617 0.1754 0.2445 0.3564 0.4762 0.4465 0.2689 0.1560 0.1920 0.2763 0.4042 0.4808 0.3968 0.1834 0.1484 0.1841 0.3981 0.4811 0.4028 0.2750 0.1911 0.1558 0.2706 0.4475 0.4758 0.3551 0.2433 0.1747 0.1616 0.3312 0.4655 0.4588 0.3288 0.2266 0.1664 0.1709 0.3655 0.4740 0.4410 0.3106 0.2151 0.1608 0.1848 0.3919 0.4792 0.4216 0.2939 0.2047 0.1572 0.2078 0.4140 0.4818 0.4014 0.2782 0.1952 0.1557 0.2395 0.4320 0.4814 0.3813 0.2633 0.1865 0.1561 0.2745 0.4543
