-0.2208 0.0499 0.2122 -0.0997 -0.2437 -0.2808 -0.2589 -0.0248 0.1476 0.0695 -0.2113 -0.2721 -0.2742 -0.1552 0.0874 0.2205 -0.1530 -0.2571 -0.2817 -0.2431 0.0317 0.1998 -0.0686 -0.2378 -0.2791 -0.2634 -0.0568 0.1274 0.1387 -0.1948 -0.2683 -0.2774 -0.1906 0.0723 0.2233 -0.1339 -0.2519 -0.2820 -0.2522 0.0119 0.1842 -0.0255 -0.2316 -0.2767 -0.2680 -0.0951 0.1102 0.1881 -0.1785 -0.2657 -0.2930 -0.2657 -0.1785 0.1881 0.1102 -0.0951 -0.2680 -0.2767 -0.2316 -0.0255 0.1842 0.0119 -0.2522 -0.2820 -0.2519 -0.1339 0.2233 0.0723 -0.1906 -0.2774 -0.2683 -0.1948 0.1387 0.1274 -0.0568 -0.2634 -0.2791 -0.2378 -0.0686 0.1998 0.0317 -0.2431 -0.2817 -0.2571 -0.1530 0.2205 0.0874 -0.1552 -0.2742 -0.2721 -0.2113 0.0695 0.1476 -0.0248 -0.2589 -0.2808 -0.2437 -0.0997 0.2122 0.0499 -0.2208
0.0499 0.2190 -0.0977 -0.3036 -0.3315 -0.2893 -0.0130 0.1406 0.1270 -0.2512 -0.3270 -0.3146 -0.1509 0.0885 0.2375 -0.1637 -0.3149 -0.3290 -0.2634 0.0389 0.1998 -0.0493 -0.2981 -0.3314 -0.2973 -0.0441 0.1229 0.1887 -0.2243 -0.3242 -0.3201 -0.1942 0.0753 0.2324 -0.1379 -0.3105 -0.3308 -0.2771 0.0209 0.1765 0.0113 -0.2906 -0.3301 -0.3049 -0.0834 0.1081 0.2232 -0.1994 -0.3207 -0.3382 -0.3186 -0.3382 -0.3207 -0.1994 0.2232 0.1081 -0.0834 -0.3049 -0.3301 -0.2906 0.0113 0.1765 0.0209 -0.2771 -0.3308 -0.3105 -0.1379 0.2324 0.0753 -0.1942 -0.3201 -0.3242 -0.2243 0.1887 0.1229 -0.0441 -0.2973 -0.3314 -0.2981 -0.0493 0.1998 0.0389 -0.2634 -0.3290 -0.3149 -0.1637 0.2375 0.0885 -0.1509 -0.3146 -0.3270 -0.2512 0.1270 0.1406 -0.0130 -0.2893 -0.3315 -0.3036 -0.0977 0.2190 0.0499
0.2122 -0.0977 -0.3019 -0.3307 -0.2926 -0.0322 0.1283 0.1698 -0.2335 -0.3248 -0.3179 -0.1818 0.0779 0.2350 -0.1467 -0.3116 -0.3300 -0.2731 0.0255 0.1852 -0.0110 -0.2941 -0.3302 -0.3020 -0.0715 0.1113 0.2148 -0.2076 -0.3216 -0.3227 -0.2193 0.0644 0.2255 -0.1188 -0.3070 -0.3311 -0.2828 0.0050 0.1582 0.0635 -0.2754 -0.3285 -0.3091 -0.1154 0.0973 0.2341 -0.1833 -0.3178 -0.3256 -0.2416 -0.0206 -0.2416 -0.3256 -0.3178 -0.1833 0.2341 0.0973 -0.1154 -0.3091 -0.3285 -0.2754 0.0635 0.1582 0.0050 -0.2828 -0.3311 -0.3070 -0.1188 0.2255 0.0644 -0.2193 -0.3227 -0.3216 -0.2076 0.2148 0.1113 -0.0715 -0.3020 -0.3302 -0.2941 -0.0110 0.1852 0.0255 -0.2731 -0.3300 -0.3116 -0.1467 0.2350 0.0779 -0.1818 -0.3179 -0.3248 -0.2335 0.1698 0.1283 -0.0322 -0.2926 -0.3307 -0.3019 -0.0977 0.2122
-0.0997 -0.3036 -0.3307 -0.2941 -0.0445 0.1203 0.1974 -0.2181 -0.3228 -0.3210 -0.2073 0.0692 0.2292 -0.1285 -0.3086 -0.3309 -0.2800 0.0124 0.1669 0.0368 -0.2837 -0.3292 -0.3069 -0.1001 0.1019 0.2298 -0.1913 -0.3192 -0.3253 -0.2389 0.0551 0.2168 -0.0971 -0.3037 -0.3314 -0.2880 -0.0112 0.1427 0.1172 -0.2552 -0.3270 -0.3134 -0.1461 0.0886 0.2375 -0.1672 -0.3152 -0.3281 -0.2600 0.0414 0.1137 0.0414 -0.2600 -0.3281 -0.3152 -0.1672 0.2375 0.0886 -0.1461 -0.3134 -0.3270 -0.2552 0.1172 0.1427 -0.0112 -0.2880 -0.3314 -0.3037 -0.0971 0.2168 0.0551 -0.2389 -0.3253 -0.3192 -0.1913 0.2298 0.1019 -0.1001 -0.3069 -0.3292 -0.2837 0.0368 0.1669 0.0124 -0.2800 -0.3309 -0.3086 -0.1285 0.2292 0.0692 -0.2073 -0.3210 -0.3228 -0.2181 0.1974 0.1203 -0.0445 -0.2941 -0.3307 -0.3036 -0.0997
-0.2437 -0.3315 -0.2926 -0.0445 0.1174 0.2100 -0.2070 -0.3210 -0.3233 -0.2275 0.0605 0.2216 -0.1087 -0.3054 -0.3313 -0.2854 -0.0027 0.1502 0.0907 -0.2651 -0.3278 -0.3114 -0.1308 0.0930 0.2365 -0.1752 -0.3166 -0.3274 -0.2545 0.0451 0.2071 -0.0713 -0.3003 -0.3313 -0.2933 -0.0304 0.1297 0.1635 -0.2367 -0.3252 -0.3172 -0.1759 0.0799 0.2359 -0.1504 -0.3123 -0.3298 -0.2713 0.0290 0.1689 0.2199 0.1689 0.0290 -0.2713 -0.3298 -0.3123 -0.1504 0.2359 0.0799 -0.1759 -0.3172 -0.3252 -0.2367 0.1635 0.1297 -0.0304 -0.2933 -0.3313 -0.3003 -0.0713 0.2071 0.0451 -0.2545 -0.3274 -0.3166 -0.1752 0.2365 0.0930 -0.1308 -0.3114 -0.3278 -0.2651 0.0907 0.1502 -0.0027 -0.2854 -0.3313 -0.3054 -0.1087 0.2216 0.0605 -0.2275 -0.3233 -0.3210 -0.2070 0.2100 0.1174 -0.0445 -0.2926 -0.3315 -0.2437
-0.2808 -0.2893 -0.0322 0.1203 0.2100 -0.2029 -0.3198 -0.3247 -0.2414 0.0525 0.2134 -0.0871 -0.3022 -0.3313 -0.2906 -0.0204 0.1360 0.1416 -0.2459 -0.3262 -0.3154 -0.1614 0.0842 0.2372 -0.1588 -0.3138 -0.3291 -0.2665 0.0341 0.1967 -0.0391 -0.2967 -0.3308 -0.2985 -0.0531 0.1185 0.1978 -0.2194 -0.3232 -0.3206 -0.2026 0.0710 0.2307 -0.1326 -0.3092 -0.3307 -0.2788 0.0153 0.1702 0.0404 -0.2087 0.0404 0.1702 0.0153 -0.2788 -0.3307 -0.3092 -0.1326 0.2307 0.0710 -0.2026 -0.3206 -0.3232 -0.2194 0.1978 0.1185 -0.0531 -0.2985 -0.3308 -0.2967 -0.0391 0.1967 0.0341 -0.2665 -0.3291 -0.3138 -0.1588 0.2372 0.0842 -0.1614 -0.3154 -0.3262 -0.2459 0.1416 0.1360 -0.0204 -0.2906 -0.3313 -0.3022 -0.0871 0.2134 0.0525 -0.2414 -0.3247 -0.3198 -0.2029 0.2100 0.1203 -0.0322 -0.2893 -0.2808
-0.2589 -0.0130 0.1283 0.1974 -0.2070 -0.3198 -0.3252 -0.2485 0.0465 0.2064 -0.0651 -0.2992 -0.3310 -0.2954 -0.0406 0.1241 0.1819 -0.2280 -0.3242 -0.3190 -0.1898 0.0755 0.2336 -0.1416 -0.3108 -0.3303 -0.2753 0.0220 0.1808 0.0018 -0.2930 -0.3300 -0.3035 -0.0794 0.1086 0.2201 -0.2028 -0.3209 -0.3235 -0.2253 0.0619 0.2231 -0.1129 -0.3060 -0.3313 -0.2844 0.0006 0.1537 0.0762 -0.2675 -0.3187 -0.2675 0.0762 0.1537 0.0006 -0.2844 -0.3313 -0.3060 -0.1129 0.2231 0.0619 -0.2253 -0.3235 -0.3209 -0.2028 0.2201 0.1086 -0.0794 -0.3035 -0.3300 -0.2930 0.0018 0.1808 0.0220 -0.2753 -0.3303 -0.3108 -0.1416 0.2336 0.0755 -0.1898 -0.3190 -0.3242 -0.2280 0.1819 0.1241 -0.0406 -0.2954 -0.3310 -0.2992 -0.0651 0.2064 0.0465 -0.2485 -0.3252 -0.3198 -0.2070 0.1974 0.1283 -0.0130 -0.2589
-0.0248 0.1406 0.1698 -0.2181 -0.3210 -0.3247 -0.2485 0.0443 0.2024 -0.0472 -0.2967 -0.3305 -0.2996 -0.0622 0.1143 0.2091 -0.2115 -0.3221 -0.3221 -0.2145 0.0665 0.2271 -0.1230 -0.3077 -0.3310 -0.2817 0.0083 0.1618 0.0520 -0.2800 -0.3288 -0.3082 -0.1088 0.0993 0.2325 -0.1867 -0.3184 -0.3260 -0.2438 0.0523 0.2141 -0.0902 -0.3027 -0.3314 -0.2895 -0.0164 0.1387 0.1314 -0.2504 -0.3323 -0.3505 -0.3323 -0.2504 0.1314 0.1387 -0.0164 -0.2895 -0.3314 -0.3027 -0.0902 0.2141 0.0523 -0.2438 -0.3260 -0.3184 -0.1867 0.2325 0.0993 -0.1088 -0.3082 -0.3288 -0.2800 0.0520 0.1618 0.0083 -0.2817 -0.3310 -0.3077 -0.1230 0.2271 0.0665 -0.2145 -0.3221 -0.3221 -0.2115 0.2091 0.1143 -0.0622 -0.2996 -0.3305 -0.2967 -0.0472 0.2024 0.0443 -0.2485 -0.3247 -0.3210 -0.2181 0.1698 0.1406 -0.0248
0.1476 0.1270 -0.2335 -0.3228 -0.3233 -0.2414 0.0465 0.2024 -0.0402 -0.2953 -0.3300 -0.3027 -0.0827 0.1063 0.2251 -0.1965 -0.3198 -0.3247 -0.2348 0.0572 0.2187 -0.1019 -0.3044 -0.3314 -0.2869 -0.0075 0.1458 0.1061 -0.2594 -0.3274 -0.3126 -0.1397 0.0904 0.2373 -0.1706 -0.3158 -0.3280 -0.2583 0.0420 0.2042 -0.0628 -0.2993 -0.3312 -0.2948 -0.0366 0.1263 0.1746 -0.2316 -0.3245 -0.3330 -0.3020 -0.3330 -0.3245 -0.2316 0.1746 0.1263 -0.0366 -0.2948 -0.3312 -0.2993 -0.0628 0.2042 0.0420 -0.2583 -0.3280 -0.3158 -0.1706 0.2373 0.0904 -0.1397 -0.3126 -0.3274 -0.2594 0.1061 0.1458 -0.0075 -0.2869 -0.3314 -0.3044 -0.1019 0.2187 0.0572 -0.2348 -0.3247 -0.3198 -0.1965 0.2251 0.1063 -0.0827 -0.3027 -0.3300 -0.2953 -0.0402 0.2024 0.0465 -0.2414 -0.3233 -0.3228 -0.2335 0.1270 0.1476
0.0695 -0.2512 -0.3248 -0.3210 -0.2275 0.0525 0.2064 -0.0472 -0.2953 -0.3298 -0.3044 -0.0976 0.1005 0.2329 -0.1836 -0.3176 -0.3266 -0.2504 0.0477 0.2094 -0.0773 -0.3010 -0.3314 -0.2921 -0.0260 0.1323 0.1545 -0.2406 -0.3256 -0.3165 -0.1699 0.0817 0.2365 -0.1540 -0.3129 -0.3295 -0.2693 0.0308 0.1920 -0.0284 -0.2957 -0.3306 -0.3000 -0.0603 0.1156 0.2053 -0.2146 -0.3225 -0.3206 -0.2004 0.0099 -0.2004 -0.3206 -0.3225 -0.2146 0.2053 0.1156 -0.0603 -0.3000 -0.3306 -0.2957 -0.0284 0.1920 0.0308 -0.2693 -0.3295 -0.3129 -0.1540 0.2365 0.0817 -0.1699 -0.3165 -0.3256 -0.2406 0.1545 0.1323 -0.0260 -0.2921 -0.3314 -0.3010 -0.0773 0.2094 0.0477 -0.2504 -0.3266 -0.3176 -0.1836 0.2329 0.1005 -0.0976 -0.3044 -0.3298 -0.2953 -0.0472 0.2064 0.0525 -0.2275 -0.3210 -0.3248 -0.2512 0.0695
-0.2113 -0.3270 -0.3179 -0.2073 0.0605 0.2134 -0.0651 -0.2967 -0.3300 -0.3044 -0.1030 0.0974 0.2359 -0.1737 -0.3157 -0.3280 -0.2617 0.0382 0.2000 -0.0483 -0.2976 -0.3309 -0.2973 -0.0479 0.1208 0.1915 -0.2231 -0.3236 -0.3200 -0.1973 0.0729 0.2320 -0.1364 -0.3099 -0.3305 -0.2774 0.0182 0.1750 0.0154 -0.2892 -0.3297 -0.3049 -0.0876 0.1058 0.2246 -0.1982 -0.3202 -0.3241 -0.2295 0.0598 0.1334 0.0598 -0.2295 -0.3241 -0.3202 -0.1982 0.2246 0.1058 -0.0876 -0.3049 -0.3297 -0.2892 0.0154 0.1750 0.0182 -0.2774 -0.3305 -0.3099 -0.1364 0.2320 0.0729 -0.1973 -0.3200 -0.3236 -0.2231 0.1915 0.1208 -0.0479 -0.2973 -0.3309 -0.2976 -0.0483 0.2000 0.0382 -0.2617 -0.3280 -0.3157 -0.1737 0.2359 0.0974 -0.1030 -0.3044 -0.3300 -0.2967 -0.0651 0.2134 0.0605 -0.2073 -0.3179 -0.3270 -0.2113
-0.2721 -0.3146 -0.1818 0.0692 0.2216 -0.0871 -0.2992 -0.3305 -0.3027 -0.0976 0.0974 0.2366 -0.1682 -0.3143 -0.3288 -0.2691 0.0292 0.1888 -0.0150 -0.2943 -0.3302 -0.3022 -0.0730 0.1107 0.2162 -0.2064 -0.3214 -0.3230 -0.2209 0.0639 0.2248 -0.1172 -0.3067 -0.3312 -0.2833 0.0040 0.1570 0.0676 -0.2739 -0.3284 -0.3095 -0.1176 0.0967 0.2345 -0.1821 -0.3177 -0.3266 -0.2484 0.0500 0.1942 0.1850 0.1942 0.0500 -0.2484 -0.3266 -0.3177 -0.1821 0.2345 0.0967 -0.1176 -0.3095 -0.3284 -0.2739 0.0676 0.1570 0.0040 -0.2833 -0.3312 -0.3067 -0.1172 0.2248 0.0639 -0.2209 -0.3230 -0.3214 -0.2064 0.2162 0.1107 -0.0730 -0.3022 -0.3302 -0.2943 -0.0150 0.1888 0.0292 -0.2691 -0.3288 -0.3143 -0.1682 0.2366 0.0974 -0.0976 -0.3027 -0.3305 -0.2992 -0.0871 0.2216 0.0692 -0.1818 -0.3146 -0.2721
-0.2742 -0.1509 0.0779 0.2292 -0.1087 -0.3022 -0.3310 -0.2996 -0.0827 0.1005 0.2359 -0.1682 -0.3138 -0.3292 -0.2733 0.0219 0.1766 0.0199 -0.2875 -0.3292 -0.3065 -0.1002 0.1016 0.2303 -0.1903 -0.3190 -0.3255 -0.2403 0.0544 0.2160 -0.0952 -0.3034 -0.3314 -0.2884 -0.0125 0.1417 0.1209 -0.2539 -0.3269 -0.3137 -0.1486 0.0879 0.2375 -0.1658 -0.3150 -0.3284 -0.2618 0.0389 0.2017 -0.0446 -0.2412 -0.0446 0.2017 0.0389 -0.2618 -0.3284 -0.3150 -0.1658 0.2375 0.0879 -0.1486 -0.3137 -0.3269 -0.2539 0.1209 0.1417 -0.0125 -0.2884 -0.3314 -0.3034 -0.0952 0.2160 0.0544 -0.2403 -0.3255 -0.3190 -0.1903 0.2303 0.1016 -0.1002 -0.3065 -0.3292 -0.2875 0.0199 0.1766 0.0219 -0.2733 -0.3292 -0.3138 -0.1682 0.2359 0.1005 -0.0827 -0.2996 -0.3310 -0.3022 -0.1087 0.2292 0.0779 -0.1509 -0.2742
-0.1552 0.0885 0.2350 -0.1285 -0.3054 -0.3313 -0.2954 -0.0622 0.1063 0.2329 -0.1737 -0.3143 -0.3292 -0.2746 0.0177 0.1680 0.0494 -0.2762 -0.3282 -0.3101 -0.1268 0.0936 0.2365 -0.1748 -0.3164 -0.3275 -0.2555 0.0442 0.2063 -0.0690 -0.3000 -0.3313 -0.2936 -0.0320 0.1288 0.1664 -0.2354 -0.3251 -0.3175 -0.1781 0.0792 0.2356 -0.1491 -0.3121 -0.3298 -0.2719 0.0273 0.1874 -0.0189 -0.2953 -0.3255 -0.2953 -0.0189 0.1874 0.0273 -0.2719 -0.3298 -0.3121 -0.1491 0.2356 0.0792 -0.1781 -0.3175 -0.3251 -0.2354 0.1664 0.1288 -0.0320 -0.2936 -0.3313 -0.3000 -0.0690 0.2063 0.0442 -0.2555 -0.3275 -0.3164 -0.1748 0.2365 0.0936 -0.1268 -0.3101 -0.3282 -0.2762 0.0494 0.1680 0.0177 -0.2746 -0.3292 -0.3143 -0.1737 0.2329 0.1063 -0.0622 -0.2954 -0.3313 -0.3054 -0.1285 0.2350 0.0885 -0.1552
0.0874 0.2375 -0.1467 -0.3086 -0.3313 -0.2906 -0.0406 0.1143 0.2251 -0.1836 -0.3157 -0.3288 -0.2733 0.0177 0.1652 0.0657 -0.2671 -0.3274 -0.3128 -0.1495 0.0865 0.2374 -0.1603 -0.3138 -0.3290 -0.2669 0.0334 0.1955 -0.0363 -0.2965 -0.3307 -0.2988 -0.0549 0.1178 0.1998 -0.2182 -0.3230 -0.3209 -0.2045 0.0703 0.2301 -0.1311 -0.3090 -0.3308 -0.2792 0.0143 0.1695 0.0295 -0.2857 -0.3364 -0.3506 -0.3364 -0.2857 0.0295 0.1695 0.0143 -0.2792 -0.3308 -0.3090 -0.1311 0.2301 0.0703 -0.2045 -0.3209 -0.3230 -0.2182 0.1998 0.1178 -0.0549 -0.2988 -0.3307 -0.2965 -0.0363 0.1955 0.0334 -0.2669 -0.3290 -0.3138 -0.1603 0.2374 0.0865 -0.1495 -0.3128 -0.3274 -0.2671 0.0657 0.1652 0.0177 -0.2733 -0.3288 -0.3157 -0.1836 0.2251 0.1143 -0.0406 -0.2906 -0.3313 -0.3086 -0.1467 0.2375 0.0874
0.2205 -0.1637 -0.3116 -0.3309 -0.2854 -0.0204 0.1241 0.2091 -0.1965 -0.3176 -0.3280 -0.2691 0.0219 0.1680 0.0657 -0.2640 -0.3269 -0.3145 -0.1659 0.0808 0.2356 -0.1468 -0.3113 -0.3301 -0.2751 0.0220 0.1801 0.0044 -0.2921 -0.3299 -0.3038 -0.0814 0.1079 0.2213 -0.2017 -0.3207 -0.3238 -0.2269 0.0612 0.2224 -0.1112 -0.3058 -0.3313 -0.2847 -0.0005 0.1523 0.0832 -0.2679 -0.3277 -0.3257 -0.2750 -0.3257 -0.3277 -0.2679 0.0832 0.1523 -0.0005 -0.2847 -0.3313 -0.3058 -0.1112 0.2224 0.0612 -0.2269 -0.3238 -0.3207 -0.2017 0.2213 0.1079 -0.0814 -0.3038 -0.3299 -0.2921 0.0044 0.1801 0.0220 -0.2751 -0.3301 -0.3113 -0.1468 0.2356 0.0808 -0.1659 -0.3145 -0.3269 -0.2640 0.0657 0.1680 0.0219 -0.2691 -0.3280 -0.3176 -0.1965 0.2091 0.1241 -0.0204 -0.2854 -0.3309 -0.3116 -0.1637 0.2205
-0.1530 -0.3149 -0.3300 -0.2800 -0.0027 0.1360 0.1819 -0.2115 -0.3198 -0.3266 -0.2617 0.0292 0.1766 0.0494 -0.2671 -0.3269 -0.3150 -0.1743 0.0771 0.2330 -0.1354 -0.3091 -0.3307 -0.2805 0.0100 0.1629 0.0516 -0.2793 -0.3287 -0.3084 -0.1110 0.0987 0.2331 -0.1855 -0.3182 -0.3262 -0.2451 0.0515 0.2133 -0.0882 -0.3025 -0.3314 -0.2899 -0.0178 0.1378 0.1351 -0.2484 -0.3263 -0.3138 -0.1462 0.0324 -0.1462 -0.3138 -0.3263 -0.2484 0.1351 0.1378 -0.0178 -0.2899 -0.3314 -0.3025 -0.0882 0.2133 0.0515 -0.2451 -0.3262 -0.3182 -0.1855 0.2331 0.0987 -0.1110 -0.3084 -0.3287 -0.2793 0.0516 0.1629 0.0100 -0.2805 -0.3307 -0.3091 -0.1354 0.2330 0.0771 -0.1743 -0.3150 -0.3269 -0.2671 0.0494 0.1766 0.0292 -0.2617 -0.3266 -0.3198 -0.2115 0.1819 0.1360 -0.0027 -0.2800 -0.3300 -0.3149 -0.1530
-0.2571 -0.3290 -0.2731 0.0124 0.1502 0.1416 -0.2280 -0.3221 -0.3247 -0.2504 0.0382 0.1888 0.0199 -0.2762 -0.3274 -0.3145 -0.1743 0.0759 0.2314 -0.1277 -0.3074 -0.3310 -0.2842 -0.0019 0.1493 0.0985 -0.2608 -0.3273 -0.3126 -0.1413 0.0899 0.2374 -0.1694 -0.3156 -0.3281 -0.2593 0.0412 0.2034 -0.0604 -0.2990 -0.3312 -0.2952 -0.0382 0.1255 0.1773 -0.2304 -0.3245 -0.3183 -0.1839 0.0761 0.1560 0.0761 -0.1839 -0.3183 -0.3245 -0.2304 0.1773 0.1255 -0.0382 -0.2952 -0.3312 -0.2990 -0.0604 0.2034 0.0412 -0.2593 -0.3281 -0.3156 -0.1694 0.2374 0.0899 -0.1413 -0.3126 -0.3273 -0.2608 0.0985 0.1493 -0.0019 -0.2842 -0.3310 -0.3074 -0.1277 0.2314 0.0759 -0.1743 -0.3145 -0.3274 -0.2762 0.0199 0.1888 0.0382 -0.2504 -0.3247 -0.3221 -0.2280 0.1416 0.1502 0.0124 -0.2731 -0.3290 -0.2571
-0.2817 -0.2634 0.0255 0.1669 0.0907 -0.2459 -0.3242 -0.3221 -0.2348 0.0477 0.2000 -0.0150 -0.2875 -0.3282 -0.3128 -0.1659 0.0771 0.2314 -0.1251 -0.3066 -0.3311 -0.2867 -0.0123 0.1392 0.1373 -0.2452 -0.3259 -0.3161 -0.1692 0.0816 0.2364 -0.1530 -0.3127 -0.3296 -0.2701 0.0298 0.1907 -0.0253 -0.2954 -0.3305 -0.3003 -0.0621 0.1148 0.2071 -0.2134 -0.3224 -0.3218 -0.2114 0.0682 0.2162 0.1062 0.2162 0.0682 -0.2114 -0.3218 -0.3224 -0.2134 0.2071 0.1148 -0.0621 -0.3003 -0.3305 -0.2954 -0.0253 0.1907 0.0298 -0.2701 -0.3296 -0.3127 -0.1530 0.2364 0.0816 -0.1692 -0.3161 -0.3259 -0.2452 0.1373 0.1392 -0.0123 -0.2867 -0.3311 -0.3066 -0.1251 0.2314 0.0771 -0.1659 -0.3128 -0.3282 -0.2875 -0.0150 0.2000 0.0477 -0.2348 -0.3221 -0.3242 -0.2459 0.0907 0.1669 0.0255 -0.2634 -0.2817
-0.2431 0.0389 0.1852 0.0368 -0.2651 -0.3262 -0.3190 -0.2145 0.0572 0.2094 -0.0483 -0.2943 -0.3292 -0.3101 -0.1495 0.0808 0.2330 -0.1277 -0.3066 -0.3312 -0.2881 -0.0196 0.1326 0.1641 -0.2328 -0.3244 -0.3189 -0.1929 0.0738 0.2322 -0.1364 -0.3098 -0.3305 -0.2779 0.0172 0.1734 0.0192 -0.2882 -0.3296 -0.3052 -0.0897 0.1052 0.2256 -0.1970 -0.3200 -0.3245 -0.2325 0.0585 0.2203 -0.0996 -0.2637 -0.0996 0.2203 0.0585 -0.2325 -0.3245 -0.3200 -0.1970 0.2256 0.1052 -0.0897 -0.3052 -0.3296 -0.2882 0.0192 0.1734 0.0172 -0.2779 -0.3305 -0.3098 -0.1364 0.2322 0.0738 -0.1929 -0.3189 -0.3244 -0.2328 0.1641 0.1326 -0.0196 -0.2881 -0.3312 -0.3066 -0.1277 0.2330 0.0808 -0.1495 -0.3101 -0.3292 -0.2943 -0.0483 0.2094 0.0572 -0.2145 -0.3190 -0.3262 -0.2651 0.0368 0.1852 0.0389 -0.2431
0.0317 0.1998 -0.0110 -0.2837 -0.3278 -0.3154 -0.1898 0.0665 0.2187 -0.0773 -0.2976 -0.3302 -0.3065 -0.1268 0.0865 0.2356 -0.1354 -0.3074 -0.3311 -0.2881 -0.0221 0.1293 0.1789 -0.2241 -0.3231 -0.3210 -0.2113 0.0665 0.2264 -0.1195 -0.3069 -0.3312 -0.2834 0.0031 0.1558 0.0718 -0.2722 -0.3283 -0.3098 -0.1199 0.0961 0.2350 -0.1809 -0.3175 -0.3268 -0.2495 0.0486 0.2105 -0.0822 -0.3028 -0.3318 -0.3028 -0.0822 0.2105 0.0486 -0.2495 -0.3268 -0.3175 -0.1809 0.2350 0.0961 -0.1199 -0.3098 -0.3283 -0.2722 0.0718 0.1558 0.0031 -0.2834 -0.3312 -0.3069 -0.1195 0.2264 0.0665 -0.2113 -0.3210 -0.3231 -0.2241 0.1789 0.1293 -0.0221 -0.2881 -0.3311 -0.3074 -0.1354 0.2356 0.0865 -0.1268 -0.3065 -0.3302 -0.2976 -0.0773 0.2187 0.0665 -0.1898 -0.3154 -0.3278 -0.2837 -0.0110 0.1998 0.0317
0.1998 -0.0493 -0.2941 -0.3292 -0.3114 -0.1614 0.0755 0.2271 -0.1019 -0.3010 -0.3309 -0.3022 -0.1002 0.0936 0.2374 -0.1468 -0.3091 -0.3310 -0.2867 -0.0196 0.1293 0.1834 -0.2197 -0.3223 -0.3224 -0.2243 0.0603 0.2202 -0.1026 -0.3041 -0.3314 -0.2880 -0.0124 0.1412 0.1238 -0.2525 -0.3267 -0.3140 -0.1508 0.0873 0.2376 -0.1647 -0.3148 -0.3286 -0.2627 0.0380 0.2004 -0.0513 -0.2982 -0.3394 -0.3489 -0.3394 -0.2982 -0.0513 0.2004 0.0380 -0.2627 -0.3286 -0.3148 -0.1647 0.2376 0.0873 -0.1508 -0.3140 -0.3267 -0.2525 0.1238 0.1412 -0.0124 -0.2880 -0.3314 -0.3041 -0.1026 0.2202 0.0603 -0.2243 -0.3224 -0.3223 -0.2197 0.1834 0.1293 -0.0196 -0.2867 -0.3310 -0.3091 -0.1468 0.2374 0.0936 -0.1002 -0.3022 -0.3309 -0.3010 -0.1019 0.2271 0.0755 -0.1614 -0.3114 -0.3292 -0.2941 -0.0493 0.1998
-0.0686 -0.2981 -0.3302 -0.3069 -0.1308 0.0842 0.2336 -0.1230 -0.3044 -0.3314 -0.2973 -0.0730 0.1016 0.2365 -0.1603 -0.3113 -0.3307 -0.2842 -0.0123 0.1326 0.1789 -0.2197 -0.3220 -0.3231 -0.2319 0.0557 0.2149 -0.0868 -0.3016 -0.3313 -0.2923 -0.0292 0.1296 0.1658 -0.2350 -0.3249 -0.3177 -0.1801 0.0786 0.2353 -0.1478 -0.3118 -0.3299 -0.2726 0.0263 0.1861 -0.0135 -0.2944 -0.3299 -0.3158 -0.2337 -0.3158 -0.3299 -0.2944 -0.0135 0.1861 0.0263 -0.2726 -0.3299 -0.3118 -0.1478 0.2353 0.0786 -0.1801 -0.3177 -0.3249 -0.2350 0.1658 0.1296 -0.0292 -0.2923 -0.3313 -0.3016 -0.0868 0.2149 0.0557 -0.2319 -0.3231 -0.3220 -0.2197 0.1789 0.1326 -0.0123 -0.2842 -0.3307 -0.3113 -0.1603 0.2365 0.1016 -0.0730 -0.2973 -0.3314 -0.3044 -0.1230 0.2336 0.0842 -0.1308 -0.3069 -0.3302 -0.2981 -0.0686
-0.2378 -0.3314 -0.3020 -0.1001 0.0930 0.2372 -0.1416 -0.3077 -0.3314 -0.2921 -0.0479 0.1107 0.2303 -0.1748 -0.3138 -0.3301 -0.2805 -0.0019 0.1392 0.1641 -0.2241 -0.3223 -0.3231 -0.2344 0.0532 0.2114 -0.0741 -0.2996 -0.3310 -0.2961 -0.0465 0.1203 0.1956 -0.2195 -0.3230 -0.3208 -0.2057 0.0698 0.2297 -0.1298 -0.3088 -0.3308 -0.2797 0.0132 0.1680 0.0338 -0.2845 -0.3291 -0.3056 -0.0882 0.0504 -0.0882 -0.3056 -0.3291 -0.2845 0.0338 0.1680 0.0132 -0.2797 -0.3308 -0.3088 -0.1298 0.2297 0.0698 -0.2057 -0.3208 -0.3230 -0.2195 0.1956 0.1203 -0.0465 -0.2961 -0.3310 -0.2996 -0.0741 0.2114 0.0532 -0.2344 -0.3231 -0.3223 -0.2241 0.1641 0.1392 -0.0019 -0.2805 -0.3301 -0.3138 -0.1748 0.2303 0.1107 -0.0479 -0.2921 -0.3314 -0.3077 -0.1416 0.2372 0.0930 -0.1001 -0.3020 -0.3314 -0.2378
-0.2791 -0.2973 -0.0715 0.1019 0.2365 -0.1588 -0.3108 -0.3310 -0.2869 -0.0260 0.1208 0.2162 -0.1903 -0.3164 -0.3290 -0.2751 0.0100 0.1493 0.1373 -0.2328 -0.3231 -0.3224 -0.2319 0.0532 0.2101 -0.0670 -0.2984 -0.3307 -0.2989 -0.0624 0.1129 0.2145 -0.2059 -0.3211 -0.3234 -0.2262 0.0611 0.2222 -0.1101 -0.3056 -0.3313 -0.2851 -0.0018 0.1510 0.0875 -0.2663 -0.3279 -0.3108 -0.1264 0.0915 0.1831 0.0915 -0.1264 -0.3108 -0.3279 -0.2663 0.0875 0.1510 -0.0018 -0.2851 -0.3313 -0.3056 -0.1101 0.2222 0.0611 -0.2262 -0.3234 -0.3211 -0.2059 0.2145 0.1129 -0.0624 -0.2989 -0.3307 -0.2984 -0.0670 0.2101 0.0532 -0.2319 -0.3224 -0.3231 -0.2328 0.1373 0.1493 0.0100 -0.2751 -0.3290 -0.3164 -0.1903 0.2162 0.1208 -0.0260 -0.2869 -0.3310 -0.3108 -0.1588 0.2365 0.1019 -0.0715 -0.2973 -0.2791
-0.2634 -0.0441 0.1113 0.2298 -0.1752 -0.3138 -0.3303 -0.2817 -0.0075 0.1323 0.1915 -0.2064 -0.3190 -0.3275 -0.2669 0.0220 0.1629 0.0985 -0.2452 -0.3244 -0.3210 -0.2243 0.0557 0.2114 -0.0670 -0.2979 -0.3306 -0.3007 -0.0747 0.1075 0.2253 -0.1943 -0.3192 -0.3254 -0.2421 0.0526 0.2138 -0.0884 -0.3024 -0.3314 -0.2903 -0.0193 0.1367 0.1388 -0.2469 -0.3263 -0.3151 -0.1594 0.0851 0.2372 0.0050 0.2372 0.0851 -0.1594 -0.3151 -0.3263 -0.2469 0.1388 0.1367 -0.0193 -0.2903 -0.3314 -0.3024 -0.0884 0.2138 0.0526 -0.2421 -0.3254 -0.3192 -0.1943 0.2253 0.1075 -0.0747 -0.3007 -0.3306 -0.2979 -0.0670 0.2114 0.0557 -0.2243 -0.3210 -0.3244 -0.2452 0.0985 0.1629 0.0220 -0.2669 -0.3275 -0.3190 -0.2064 0.1915 0.1323 -0.0075 -0.2817 -0.3303 -0.3138 -0.1752 0.2298 0.1113 -0.0441 -0.2634
-0.0568 0.1229 0.2148 -0.1913 -0.3166 -0.3291 -0.2753 0.0083 0.1458 0.1545 -0.2231 -0.3214 -0.3255 -0.2555 0.0334 0.1801 0.0516 -0.2608 -0.3259 -0.3189 -0.2113 0.0603 0.2149 -0.0741 -0.2984 -0.3306 -0.3013 -0.0814 0.1042 0.2306 -0.1855 -0.3176 -0.3269 -0.2538 0.0442 0.2053 -0.0640 -0.2992 -0.3311 -0.2952 -0.0395 0.1247 0.1800 -0.2290 -0.3244 -0.3188 -0.1880 0.0761 0.2341 -0.1389 -0.2885 -0.1389 0.2341 0.0761 -0.1880 -0.3188 -0.3244 -0.2290 0.1800 0.1247 -0.0395 -0.2952 -0.3311 -0.2992 -0.0640 0.2053 0.0442 -0.2538 -0.3269 -0.3176 -0.1855 0.2306 0.1042 -0.0814 -0.3013 -0.3306 -0.2984 -0.0741 0.2149 0.0603 -0.2113 -0.3189 -0.3259 -0.2608 0.0516 0.1801 0.0334 -0.2555 -0.3255 -0.3214 -0.2231 0.1545 0.1458 0.0083 -0.2753 -0.3291 -0.3166 -0.1913 0.2148 0.1229 -0.0568
0.1274 0.1887 -0.2076 -0.3192 -0.3274 -0.2665 0.0220 0.1618 0.1061 -0.2406 -0.3236 -0.3230 -0.2403 0.0442 0.1955 0.0044 -0.2793 -0.3273 -0.3161 -0.1929 0.0665 0.2202 -0.0868 -0.2996 -0.3307 -0.3007 -0.0814 0.1031 0.2327 -0.1800 -0.3164 -0.3279 -0.2619 0.0367 0.1975 -0.0371 -0.2962 -0.3306 -0.2999 -0.0620 0.1145 0.2084 -0.2122 -0.3222 -0.3220 -0.2131 0.0671 0.2276 -0.1251 -0.3099 -0.3375 -0.3099 -0.1251 0.2276 0.0671 -0.2131 -0.3220 -0.3222 -0.2122 0.2084 0.1145 -0.0620 -0.2999 -0.3306 -0.2962 -0.0371 0.1975 0.0367 -0.2619 -0.3279 -0.3164 -0.1800 0.2327 0.1031 -0.0814 -0.3007 -0.3307 -0.2996 -0.0868 0.2202 0.0665 -0.1929 -0.3161 -0.3273 -0.2793 0.0044 0.1955 0.0442 -0.2403 -0.3230 -0.3236 -0.2406 0.1061 0.1618 0.0220 -0.2665 -0.3274 -0.3192 -0.2076 0.1887 0.1274
0.1387 -0.2243 -0.3216 -0.3253 -0.2545 0.0341 0.1808 0.0520 -0.2594 -0.3256 -0.3200 -0.2209 0.0544 0.2063 -0.0363 -0.2921 -0.3287 -0.3126 -0.1692 0.0738 0.2264 -0.1026 -0.3016 -0.3310 -0.2989 -0.0747 0.1042 0.2327 -0.1781 -0.3157 -0.3284 -0.2668 0.0305 0.1892 -0.0094 -0.2934 -0.3299 -0.3040 -0.0858 0.1058 0.2254 -0.1966 -0.3199 -0.3246 -0.2339 0.0578 0.2193 -0.1035 -0.3047 -0.3412 -0.3450 -0.3412 -0.3047 -0.1035 0.2193 0.0578 -0.2339 -0.3246 -0.3199 -0.1966 0.2254 0.1058 -0.0858 -0.3040 -0.3299 -0.2934 -0.0094 0.1892 0.0305 -0.2668 -0.3284 -0.3157 -0.1781 0.2327 0.1042 -0.0747 -0.2989 -0.3310 -0.3016 -0.1026 0.2264 0.0738 -0.1692 -0.3126 -0.3287 -0.2921 -0.0363 0.2063 0.0544 -0.2209 -0.3200 -0.3256 -0.2594 0.0520 0.1808 0.0341 -0.2545 -0.3253 -0.3216 -0.2243 0.1387
-0.1948 -0.3242 -0.3227 -0.2389 0.0451 0.1967 0.0018 -0.2800 -0.3274 -0.3165 -0.1973 0.0639 0.2160 -0.0690 -0.2965 -0.3299 -0.3084 -0.1413 0.0816 0.2322 -0.1195 -0.3041 -0.3313 -0.2961 -0.0624 0.1075 0.2306 -0.1800 -0.3157 -0.3285 -0.2690 0.0264 0.1812 0.0150 -0.2883 -0.3291 -0.3075 -0.1093 0.0982 0.2341 -0.1821 -0.3175 -0.3267 -0.2502 0.0480 0.2099 -0.0789 -0.3012 -0.3309 -0.3030 -0.1766 -0.3030 -0.3309 -0.3012 -0.0789 0.2099 0.0480 -0.2502 -0.3267 -0.3175 -0.1821 0.2341 0.0982 -0.1093 -0.3075 -0.3291 -0.2883 0.0150 0.1812 0.0264 -0.2690 -0.3285 -0.3157 -0.1800 0.2306 0.1075 -0.0624 -0.2961 -0.3313 -0.3041 -0.1195 0.2322 0.0816 -0.1413 -0.3084 -0.3299 -0.2965 -0.0690 0.2160 0.0639 -0.1973 -0.3165 -0.3274 -0.2800 0.0018 0.1967 0.0451 -0.2389 -0.3227 -0.3242 -0.1948
-0.2683 -0.3201 -0.2193 0.0551 0.2071 -0.0391 -0.2930 -0.3288 -0.3126 -0.1699 0.0729 0.2248 -0.0952 -0.3000 -0.3307 -0.3038 -0.1110 0.0899 0.2364 -0.1364 -0.3069 -0.3314 -0.2923 -0.0465 0.1129 0.2253 -0.1855 -0.3164 -0.3284 -0.2690 0.0250 0.1766 0.0315 -0.2809 -0.3284 -0.3102 -0.1304 0.0916 0.2373 -0.1687 -0.3152 -0.3284 -0.2624 0.0379 0.2000 -0.0492 -0.2977 -0.3308 -0.2962 -0.0392 0.0664 -0.0392 -0.2962 -0.3308 -0.2977 -0.0492 0.2000 0.0379 -0.2624 -0.3284 -0.3152 -0.1687 0.2373 0.0916 -0.1304 -0.3102 -0.3284 -0.2809 0.0315 0.1766 0.0250 -0.2690 -0.3284 -0.3164 -0.1855 0.2253 0.1129 -0.0465 -0.2923 -0.3314 -0.3069 -0.1364 0.2364 0.0899 -0.1110 -0.3038 -0.3307 -0.3000 -0.0952 0.2248 0.0729 -0.1699 -0.3126 -0.3288 -0.2930 -0.0391 0.2071 0.0551 -0.2193 -0.3201 -0.2683
-0.2774 -0.1942 0.0644 0.2168 -0.0713 -0.2967 -0.3300 -0.3082 -0.1397 0.0817 0.2320 -0.1172 -0.3034 -0.3313 -0.2988 -0.0814 0.0987 0.2374 -0.1530 -0.3098 -0.3312 -0.2880 -0.0292 0.1203 0.2145 -0.1943 -0.3176 -0.3279 -0.2668 0.0264 0.1766 0.0375 -0.2762 -0.3279 -0.3120 -0.1466 0.0863 0.2373 -0.1566 -0.3129 -0.3295 -0.2712 0.0275 0.1871 -0.0134 -0.2943 -0.3302 -0.3019 -0.0697 0.1073 0.2023 0.1073 -0.0697 -0.3019 -0.3302 -0.2943 -0.0134 0.1871 0.0275 -0.2712 -0.3295 -0.3129 -0.1566 0.2373 0.0863 -0.1466 -0.3120 -0.3279 -0.2762 0.0375 0.1766 0.0264 -0.2668 -0.3279 -0.3176 -0.1943 0.2145 0.1203 -0.0292 -0.2880 -0.3312 -0.3098 -0.1530 0.2374 0.0987 -0.0814 -0.2988 -0.3313 -0.3034 -0.1172 0.2320 0.0817 -0.1397 -0.3082 -0.3300 -0.2967 -0.0713 0.2168 0.0644 -0.1942 -0.2774
-0.1906 0.0753 0.2255 -0.0971 -0.3003 -0.3308 -0.3035 -0.1088 0.0904 0.2365 -0.1364 -0.3067 -0.3314 -0.2936 -0.0549 0.1079 0.2331 -0.1694 -0.3127 -0.3305 -0.2834 -0.0124 0.1296 0.1956 -0.2059 -0.3192 -0.3269 -0.2619 0.0305 0.1812 0.0315 -0.2762 -0.3277 -0.3129 -0.1564 0.0826 0.2359 -0.1464 -0.3109 -0.3303 -0.2772 0.0169 0.1714 0.0284 -0.2856 -0.3292 -0.3066 -0.0998 0.1022 0.2336 -0.0724 0.2336 0.1022 -0.0998 -0.3066 -0.3292 -0.2856 0.0284 0.1714 0.0169 -0.2772 -0.3303 -0.3109 -0.1464 0.2359 0.0826 -0.1564 -0.3129 -0.3277 -0.2762 0.0315 0.1812 0.0305 -0.2619 -0.3269 -0.3192 -0.2059 0.1956 0.1296 -0.0124 -0.2834 -0.3305 -0.3127 -0.1694 0.2331 0.1079 -0.0549 -0.2936 -0.3314 -0.3067 -0.1364 0.2365 0.0904 -0.1088 -0.3035 -0.3308 -0.3003 -0.0971 0.2255 0.0753 -0.1906
0.0723 0.2324 -0.1188 -0.3037 -0.3313 -0.2985 -0.0794 0.0993 0.2373 -0.1540 -0.3099 -0.3312 -0.2884 -0.0320 0.1178 0.2213 -0.1855 -0.3156 -0.3296 -0.2779 0.0031 0.1412 0.1658 -0.2195 -0.3211 -0.3254 -0.2538 0.0367 0.1892 0.0150 -0.2809 -0.3279 -0.3129 -0.1598 0.0807 0.2346 -0.1389 -0.3093 -0.3308 -0.2812 0.0067 0.1576 0.0721 -0.2703 -0.3280 -0.3107 -0.1286 0.0934 0.2361 -0.1726 -0.2975 -0.1726 0.2361 0.0934 -0.1286 -0.3107 -0.3280 -0.2703 0.0721 0.1576 0.0067 -0.2812 -0.3308 -0.3093 -0.1389 0.2346 0.0807 -0.1598 -0.3129 -0.3279 -0.2809 0.0150 0.1892 0.0367 -0.2538 -0.3254 -0.3211 -0.2195 0.1658 0.1412 0.0031 -0.2779 -0.3296 -0.3156 -0.1855 0.2213 0.1178 -0.0320 -0.2884 -0.3312 -0.3099 -0.1540 0.2373 0.0993 -0.0794 -0.2985 -0.3313 -0.3037 -0.1188 0.2324 0.0723
0.2233 -0.1379 -0.3070 -0.3314 -0.2933 -0.0531 0.1086 0.2325 -0.1706 -0.3129 -0.3305 -0.2833 -0.0125 0.1288 0.1998 -0.2017 -0.3182 -0.3281 -0.2701 0.0172 0.1558 0.1238 -0.2350 -0.3230 -0.3234 -0.2421 0.0442 0.1975 -0.0094 -0.2883 -0.3284 -0.3120 -0.1564 0.0807 0.2341 -0.1349 -0.3083 -0.3310 -0.2838 -0.0024 0.1472 0.1108 -0.2549 -0.3267 -0.3143 -0.1558 0.0853 0.2373 -0.1605 -0.3167 -0.3425 -0.3167 -0.1605 0.2373 0.0853 -0.1558 -0.3143 -0.3267 -0.2549 0.1108 0.1472 -0.0024 -0.2838 -0.3310 -0.3083 -0.1349 0.2341 0.0807 -0.1564 -0.3120 -0.3284 -0.2883 -0.0094 0.1975 0.0442 -0.2421 -0.3234 -0.3230 -0.2350 0.1238 0.1558 0.0172 -0.2701 -0.3281 -0.3182 -0.2017 0.1998 0.1288 -0.0125 -0.2833 -0.3305 -0.3129 -0.1706 0.2325 0.1086 -0.0531 -0.2933 -0.3314 -0.3070 -0.1379 0.2233
-0.1339 -0.3105 -0.3311 -0.2880 -0.0304 0.1185 0.2201 -0.1867 -0.3158 -0.3295 -0.2774 0.0040 0.1417 0.1664 -0.2182 -0.3207 -0.3262 -0.2593 0.0298 0.1734 0.0718 -0.2525 -0.3249 -0.3208 -0.2262 0.0526 0.2053 -0.0371 -0.2934 -0.3291 -0.3102 -0.1466 0.0826 0.2346 -0.1349 -0.3080 -0.3311 -0.2854 -0.0094 0.1399 0.1395 -0.2427 -0.3255 -0.3171 -0.1797 0.0779 0.2346 -0.1441 -0.3111 -0.3415 -0.3382 -0.3415 -0.3111 -0.1441 0.2346 0.0779 -0.1797 -0.3171 -0.3255 -0.2427 0.1395 0.1399 -0.0094 -0.2854 -0.3311 -0.3080 -0.1349 0.2346 0.0826 -0.1466 -0.3102 -0.3291 -0.2934 -0.0371 0.2053 0.0526 -0.2262 -0.3208 -0.3249 -0.2525 0.0718 0.1734 0.0298 -0.2593 -0.3262 -0.3207 -0.2182 0.1664 0.1417 0.0040 -0.2774 -0.3295 -0.3158 -0.1867 0.2201 0.1185 -0.0304 -0.2880 -0.3311 -0.3105 -0.1339
-0.2519 -0.3308 -0.2828 -0.0112 0.1297 0.1978 -0.2028 -0.3184 -0.3280 -0.2693 0.0182 0.1570 0.1209 -0.2354 -0.3230 -0.3238 -0.2451 0.0412 0.1907 0.0192 -0.2722 -0.3267 -0.3177 -0.2057 0.0611 0.2138 -0.0640 -0.2962 -0.3299 -0.3075 -0.1304 0.0863 0.2359 -0.1389 -0.3083 -0.3311 -0.2859 -0.0132 0.1357 0.1577 -0.2338 -0.3243 -0.3193 -0.1986 0.0711 0.2299 -0.1285 -0.3083 -0.3303 -0.2863 -0.1086 -0.2863 -0.3303 -0.3083 -0.1285 0.2299 0.0711 -0.1986 -0.3193 -0.3243 -0.2338 0.1577 0.1357 -0.0132 -0.2859 -0.3311 -0.3083 -0.1389 0.2359 0.0863 -0.1304 -0.3075 -0.3299 -0.2962 -0.0640 0.2138 0.0611 -0.2057 -0.3177 -0.3267 -0.2722 0.0192 0.1907 0.0412 -0.2451 -0.3238 -0.3230 -0.2354 0.1209 0.1570 0.0182 -0.2693 -0.3280 -0.3184 -0.2028 0.1978 0.1297 -0.0112 -0.2828 -0.3308 -0.2519
-0.2820 -0.2771 0.0050 0.1427 0.1635 -0.2194 -0.3209 -0.3260 -0.2583 0.0308 0.1750 0.0676 -0.2539 -0.3251 -0.3209 -0.2269 0.0515 0.2034 -0.0253 -0.2882 -0.3283 -0.3140 -0.1801 0.0698 0.2222 -0.0884 -0.2992 -0.3306 -0.3040 -0.1093 0.0916 0.2373 -0.1464 -0.3093 -0.3310 -0.2854 -0.0132 0.1342 0.1665 -0.2283 -0.3235 -0.3209 -0.2124 0.0653 0.2246 -0.1134 -0.3057 -0.3311 -0.2852 -0.0003 0.0838 -0.0003 -0.2852 -0.3311 -0.3057 -0.1134 0.2246 0.0653 -0.2124 -0.3209 -0.3235 -0.2283 0.1665 0.1342 -0.0132 -0.2854 -0.3310 -0.3093 -0.1464 0.2373 0.0916 -0.1093 -0.3040 -0.3306 -0.2992 -0.0884 0.2222 0.0698 -0.1801 -0.3140 -0.3283 -0.2882 -0.0253 0.2034 0.0515 -0.2269 -0.3209 -0.3251 -0.2539 0.0676 0.1750 0.0308 -0.2583 -0.3260 -0.3209 -0.2194 0.1635 0.1427 0.0050 -0.2771 -0.2820
-0.2522 0.0209 0.1582 0.1172 -0.2367 -0.3232 -0.3235 -0.2438 0.0420 0.1920 0.0154 -0.2739 -0.3269 -0.3175 -0.2045 0.0612 0.2133 -0.0604 -0.2954 -0.3296 -0.3098 -0.1508 0.0786 0.2297 -0.1101 -0.3024 -0.3311 -0.2999 -0.0858 0.0982 0.2373 -0.1566 -0.3109 -0.3308 -0.2838 -0.0094 0.1357 0.1665 -0.2264 -0.3230 -0.3218 -0.2214 0.0608 0.2198 -0.0995 -0.3034 -0.3313 -0.2898 -0.0186 0.1278 0.2195 0.1278 -0.0186 -0.2898 -0.3313 -0.3034 -0.0995 0.2198 0.0608 -0.2214 -0.3218 -0.3230 -0.2264 0.1665 0.1357 -0.0094 -0.2838 -0.3308 -0.3109 -0.1566 0.2373 0.0982 -0.0858 -0.2999 -0.3311 -0.3024 -0.1101 0.2297 0.0786 -0.1508 -0.3098 -0.3296 -0.2954 -0.0604 0.2133 0.0612 -0.2045 -0.3175 -0.3269 -0.2739 0.0154 0.1920 0.0420 -0.2438 -0.3235 -0.3232 -0.2367 0.1172 0.1582 0.0209 -0.2522
0.0119 0.1765 0.0635 -0.2552 -0.3252 -0.3206 -0.2253 0.0523 0.2042 -0.0284 -0.2892 -0.3284 -0.3137 -0.1781 0.0703 0.2224 -0.0882 -0.2990 -0.3305 -0.3052 -0.1199 0.0873 0.2353 -0.1298 -0.3056 -0.3314 -0.2952 -0.0620 0.1058 0.2341 -0.1687 -0.3129 -0.3303 -0.2812 -0.0024 0.1399 0.1577 -0.2283 -0.3230 -0.3221 -0.2260 0.0578 0.2161 -0.0878 -0.3015 -0.3312 -0.2935 -0.0355 0.1256 0.1905 -0.1340 0.1905 0.1256 -0.0355 -0.2935 -0.3312 -0.3015 -0.0878 0.2161 0.0578 -0.2260 -0.3221 -0.3230 -0.2283 0.1577 0.1399 -0.0024 -0.2812 -0.3303 -0.3129 -0.1687 0.2341 0.1058 -0.0620 -0.2952 -0.3314 -0.3056 -0.1298 0.2353 0.0873 -0.1199 -0.3052 -0.3305 -0.2990 -0.0882 0.2224 0.0703 -0.1781 -0.3137 -0.3284 -0.2892 -0.0284 0.2042 0.0523 -0.2253 -0.3206 -0.3252 -0.2552 0.0635 0.1765 0.0119
0.1842 0.0113 -0.2754 -0.3270 -0.3172 -0.2026 0.0619 0.2141 -0.0628 -0.2957 -0.3297 -0.3095 -0.1486 0.0792 0.2301 -0.1112 -0.3025 -0.3312 -0.3003 -0.0897 0.0961 0.2376 -0.1478 -0.3088 -0.3313 -0.2903 -0.0395 0.1145 0.2254 -0.1821 -0.3152 -0.3295 -0.2772 0.0067 0.1472 0.1395 -0.2338 -0.3235 -0.3218 -0.2260 0.0567 0.2141 -0.0798 -0.3001 -0.3310 -0.2964 -0.0499 0.1180 0.2018 -0.2117 -0.3069 -0.2117 0.2018 0.1180 -0.0499 -0.2964 -0.3310 -0.3001 -0.0798 0.2141 0.0567 -0.2260 -0.3218 -0.3235 -0.2338 0.1395 0.1472 0.0067 -0.2772 -0.3295 -0.3152 -0.1821 0.2254 0.1145 -0.0395 -0.2903 -0.3313 -0.3088 -0.1478 0.2376 0.0961 -0.0897 -0.3003 -0.3312 -0.3025 -0.1112 0.2301 0.0792 -0.1486 -0.3095 -0.3297 -0.2957 -0.0628 0.2141 0.0619 -0.2026 -0.3172 -0.3270 -0.2754 0.0113 0.1842
-0.0255 -0.2906 -0.3285 -0.3134 -0.1759 0.0710 0.2231 -0.0902 -0.2993 -0.3306 -0.3049 -0.1176 0.0879 0.2356 -0.1311 -0.3058 -0.3314 -0.2952 -0.0621 0.1052 0.2350 -0.1647 -0.3118 -0.3308 -0.2851 -0.0193 0.1247 0.2084 -0.1966 -0.3175 -0.3284 -0.2712 0.0169 0.1576 0.1108 -0.2427 -0.3243 -0.3209 -0.2214 0.0578 0.2141 -0.0769 -0.2994 -0.3309 -0.2983 -0.0617 0.1123 0.2172 -0.2031 -0.3244 -0.3469 -0.3244 -0.2031 0.2172 0.1123 -0.0617 -0.2984 -0.3309 -0.2994 -0.0769 0.2141 0.0578 -0.2214 -0.3209 -0.3243 -0.2427 0.1108 0.1576 0.0169 -0.2712 -0.3284 -0.3175 -0.1966 0.2084 0.1247 -0.0193 -0.2851 -0.3308 -0.3118 -0.1647 0.2350 0.1052 -0.0621 -0.2952 -0.3314 -0.3058 -0.1311 0.2356 0.0879 -0.1176 -0.3049 -0.3306 -0.2993 -0.0902 0.2231 0.0710 -0.1759 -0.3134 -0.3285 -0.2906 -0.0255
-0.2316 -0.3301 -0.3091 -0.1461 0.0799 0.2307 -0.1129 -0.3027 -0.3312 -0.3000 -0.0876 0.0967 0.2375 -0.1491 -0.3090 -0.3313 -0.2899 -0.0382 0.1148 0.2256 -0.1809 -0.3148 -0.3299 -0.2797 -0.0018 0.1367 0.1800 -0.2122 -0.3199 -0.3267 -0.2624 0.0275 0.1714 0.0721 -0.2549 -0.3255 -0.3193 -0.2124 0.0608 0.2161 -0.0798 -0.2994 -0.3308 -0.2993 -0.0696 0.1085 0.2250 -0.1934 -0.3188 -0.3387 -0.3242 -0.3387 -0.3188 -0.1934 0.2250 0.1085 -0.0697 -0.2994 -0.3308 -0.2994 -0.0798 0.2161 0.0608 -0.2124 -0.3193 -0.3255 -0.2549 0.0721 0.1714 0.0275 -0.2624 -0.3267 -0.3199 -0.2122 0.1800 0.1367 -0.0018 -0.2797 -0.3299 -0.3148 -0.1809 0.2256 0.1148 -0.0382 -0.2899 -0.3313 -0.3090 -0.1491 0.2375 0.0967 -0.0876 -0.3000 -0.3312 -0.3027 -0.1129 0.2307 0.0799 -0.1461 -0.3091 -0.3301 -0.2316
-0.2767 -0.3049 -0.1154 0.0886 0.2359 -0.1326 -0.3060 -0.3314 -0.2948 -0.0603 0.1058 0.2345 -0.1658 -0.3121 -0.3308 -0.2847 -0.0178 0.1255 0.2071 -0.1970 -0.3175 -0.3286 -0.2726 0.0132 0.1510 0.1388 -0.2290 -0.3222 -0.3246 -0.2502 0.0379 0.1871 0.0284 -0.2703 -0.3267 -0.3171 -0.1986 0.0653 0.2198 -0.0878 -0.3001 -0.3309 -0.2993 -0.0722 0.1066 0.2287 -0.1872 -0.3176 -0.3261 -0.2512 -0.0334 -0.2512 -0.3261 -0.3176 -0.1871 0.2287 0.1066 -0.0725 -0.2994 -0.3309 -0.3001 -0.0878 0.2198 0.0653 -0.1986 -0.3171 -0.3267 -0.2703 0.0284 0.1871 0.0379 -0.2502 -0.3246 -0.3222 -0.2290 0.1388 0.1510 0.0132 -0.2726 -0.3286 -0.3175 -0.1970 0.2071 0.1255 -0.0178 -0.2847 -0.3308 -0.3121 -0.1658 0.2345 0.1058 -0.0603 -0.2948 -0.3314 -0.3060 -0.1326 0.2359 0.0886 -0.1154 -0.3049 -0.2767
-0.2680 -0.0834 0.0973 0.2375 -0.1504 -0.3092 -0.3313 -0.2895 -0.0366 0.1156 0.2246 -0.1821 -0.3150 -0.3298 -0.2792 -0.0005 0.1378 0.1773 -0.2134 -0.3200 -0.3268 -0.2627 0.0263 0.1680 0.0875 -0.2469 -0.3244 -0.3220 -0.2339 0.0480 0.2000 -0.0134 -0.2856 -0.3280 -0.3143 -0.1797 0.0711 0.2246 -0.0995 -0.3014 -0.3310 -0.2983 -0.0696 0.1066 0.2298 -0.1840 -0.3169 -0.3275 -0.2606 0.0384 0.1105 0.0384 -0.2606 -0.3275 -0.3169 -0.1839 0.2298 0.1066 -0.0697 -0.2984 -0.3310 -0.3015 -0.0995 0.2246 0.0711 -0.1797 -0.3143 -0.3280 -0.2856 -0.0134 0.2000 0.0480 -0.2339 -0.3220 -0.3244 -0.2469 0.0875 0.1680 0.0263 -0.2627 -0.3268 -0.3200 -0.2134 0.1773 0.1378 -0.0005 -0.2792 -0.3298 -0.3150 -0.1821 0.2246 0.1156 -0.0366 -0.2895 -0.3313 -0.3092 -0.1504 0.2375 0.0973 -0.0834 -0.2680
-0.0951 0.1081 0.2341 -0.1672 -0.3123 -0.3307 -0.2844 -0.0164 0.1263 0.2053 -0.1982 -0.3177 -0.3284 -0.2719 0.0143 0.1523 0.1351 -0.2304 -0.3224 -0.3245 -0.2495 0.0380 0.1861 0.0338 -0.2663 -0.3263 -0.3188 -0.2131 0.0578 0.2099 -0.0492 -0.2943 -0.3292 -0.3107 -0.1558 0.0779 0.2299 -0.1134 -0.3034 -0.3312 -0.2964 -0.0617 0.1085 0.2287 -0.1840 -0.3166 -0.3281 -0.2649 0.0325 0.1706 0.2204 0.1706 0.0325 -0.2649 -0.3281 -0.3166 -0.1839 0.2287 0.1085 -0.0617 -0.2964 -0.3312 -0.3034 -0.1134 0.2299 0.0779 -0.1558 -0.3107 -0.3292 -0.2943 -0.0492 0.2099 0.0578 -0.2131 -0.3188 -0.3263 -0.2663 0.0338 0.1861 0.0380 -0.2495 -0.3245 -0.3224 -0.2304 0.1351 0.1523 0.0143 -0.2719 -0.3284 -0.3177 -0.1982 0.2053 0.1263 -0.0164 -0.2844 -0.3307 -0.3123 -0.1672 0.2341 0.1081 -0.0951
0.1102 0.2232 -0.1833 -0.3152 -0.3298 -0.2788 0.0006 0.1387 0.1746 -0.2146 -0.3202 -0.3266 -0.2618 0.0273 0.1695 0.0833 -0.2484 -0.3245 -0.3218 -0.2325 0.0486 0.2004 -0.0135 -0.2845 -0.3279 -0.3151 -0.1880 0.0671 0.2193 -0.0789 -0.2977 -0.3302 -0.3066 -0.1285 0.0853 0.2346 -0.1285 -0.3057 -0.3314 -0.2935 -0.0499 0.1122 0.2250 -0.1872 -0.3169 -0.3281 -0.2660 0.0292 0.1842 0.0219 -0.2143 0.0219 0.1843 0.0292 -0.2660 -0.3281 -0.3169 -0.1871 0.2250 0.1123 -0.0499 -0.2935 -0.3313 -0.3057 -0.1285 0.2346 0.0853 -0.1286 -0.3066 -0.3302 -0.2977 -0.0789 0.2193 0.0671 -0.1880 -0.3151 -0.3279 -0.2845 -0.0135 0.2004 0.0486 -0.2325 -0.3218 -0.3245 -0.2484 0.0832 0.1695 0.0273 -0.2618 -0.3266 -0.3202 -0.2146 0.1746 0.1387 0.0006 -0.2788 -0.3298 -0.3152 -0.1833 0.2232 0.1102
0.1883 -0.1994 -0.3179 -0.3283 -0.2713 0.0153 0.1534 0.1316 -0.2316 -0.3226 -0.3243 -0.2484 0.0389 0.1874 0.0297 -0.2679 -0.3264 -0.3186 -0.2114 0.0585 0.2105 -0.0511 -0.2944 -0.3292 -0.3110 -0.1595 0.0760 0.2276 -0.1034 -0.3012 -0.3310 -0.3021 -0.0999 0.0932 0.2373 -0.1439 -0.3083 -0.3313 -0.2899 -0.0356 0.1179 0.2173 -0.1933 -0.3177 -0.3277 -0.2649 0.0292 0.1829 0.0170 -0.2833 -0.3205 -0.2834 0.0167 0.1834 0.0292 -0.2649 -0.3275 -0.3176 -0.1934 0.2172 0.1180 -0.0355 -0.2898 -0.3311 -0.3083 -0.1441 0.2373 0.0934 -0.0998 -0.3019 -0.3308 -0.3012 -0.1035 0.2276 0.0761 -0.1594 -0.3108 -0.3291 -0.2944 -0.0513 0.2105 0.0585 -0.2114 -0.3183 -0.3263 -0.2679 0.0295 0.1874 0.0389 -0.2484 -0.3241 -0.3225 -0.2316 0.1314 0.1537 0.0153 -0.2713 -0.3281 -0.3178 -0.1994 0.1881
-0.1783 -0.3208 -0.3264 -0.2610 0.0282 0.1708 0.0793 -0.2497 -0.3247 -0.3215 -0.2310 0.0494 0.2012 -0.0168 -0.2855 -0.3280 -0.3149 -0.1861 0.0677 0.2199 -0.0808 -0.2980 -0.3303 -0.3066 -0.1288 0.0848 0.2339 -0.1242 -0.3046 -0.3314 -0.2971 -0.0718 0.1018 0.2365 -0.1594 -0.3110 -0.3309 -0.2858 -0.0202 0.1254 0.2036 -0.2022 -0.3189 -0.3270 -0.2616 0.0316 0.1845 0.0200 -0.2832 -0.3341 -0.3486 -0.3341 -0.2842 0.0167 0.1843 0.0325 -0.2606 -0.3261 -0.3188 -0.2031 0.2018 0.1256 -0.0186 -0.2852 -0.3303 -0.3111 -0.1605 0.2361 0.1022 -0.0697 -0.2962 -0.3309 -0.3047 -0.1251 0.2341 0.0851 -0.1264 -0.3056 -0.3299 -0.2982 -0.0822 0.2203 0.0682 -0.1839 -0.3138 -0.3277 -0.2857 -0.0189 0.2017 0.0500 -0.2295 -0.3206 -0.3245 -0.2504 0.0762 0.1702 0.0290 -0.2600 -0.3256 -0.3207 -0.1785
-0.2641 -0.3245 -0.2472 0.0397 0.1885 0.0261 -0.2694 -0.3265 -0.3183 -0.2096 0.0592 0.2113 -0.0537 -0.2947 -0.3293 -0.3108 -0.1573 0.0767 0.2281 -0.1050 -0.3015 -0.3310 -0.3017 -0.0982 0.0935 0.2373 -0.1428 -0.3079 -0.3314 -0.2918 -0.0465 0.1112 0.2299 -0.1751 -0.3138 -0.3302 -0.2812 -0.0052 0.1350 0.1814 -0.2135 -0.3204 -0.3259 -0.2559 0.0358 0.1898 0.0110 -0.2844 -0.3276 -0.3227 -0.2778 -0.3410 -0.3341 -0.2834 0.0219 0.1706 0.0384 -0.2512 -0.3387 -0.3244 -0.2117 0.1905 0.1278 -0.0003 -0.2863 -0.3415 -0.3167 -0.1726 0.2336 0.1073 -0.0392 -0.3030 -0.3412 -0.3099 -0.1389 0.2372 0.0915 -0.0882 -0.3158 -0.3394 -0.3028 -0.0996 0.2162 0.0761 -0.1462 -0.3257 -0.3364 -0.2953 -0.0446 0.1942 0.0598 -0.2004 -0.3330 -0.3323 -0.2675 0.0404 0.1689 0.0414 -0.2416 -0.3382 -0.2657
-0.2798 -0.2290 0.0501 0.2020 -0.0199 -0.2864 -0.3281 -0.3144 -0.1839 0.0685 0.2206 -0.0829 -0.2982 -0.3303 -0.3061 -0.1265 0.0854 0.2343 -0.1257 -0.3048 -0.3313 -0.2966 -0.0697 0.1026 0.2363 -0.1599 -0.3109 -0.3309 -0.2866 -0.0248 0.1215 0.2150 -0.1911 -0.3165 -0.3289 -0.2753 0.0088 0.1472 0.1480 -0.2268 -0.3221 -0.3242 -0.2470 0.0418 0.1960 -0.0065 -0.2891 -0.3281 -0.3064 -0.1148 0.0024 -0.2792 -0.3489 -0.3204 -0.2143 0.2204 0.1105 -0.0334 -0.3242 -0.3469 -0.3069 -0.1340 0.2195 0.0838 -0.1086 -0.3382 -0.3425 -0.2975 -0.0724 0.2023 0.0664 -0.1766 -0.3450 -0.3375 -0.2885 0.0050 0.1831 0.0504 -0.2337 -0.3489 -0.3318 -0.2637 0.1062 0.1560 0.0324 -0.2750 -0.3506 -0.3255 -0.2412 0.1850 0.1334 0.0099 -0.3020 -0.3505 -0.3187 -0.2087 0.2199 0.1137 -0.0206 -0.3186 -0.2930
