0.4086 0.4786 0.3615 0.1900 0.1987 0.2621 0.3710 0.4799 0.4254 0.2218 0.1864 0.2334 0.3260 0.4546 0.4629 0.3021 0.1840 0.2110 0.2865 0.4064 0.4802 0.3824 0.1951 0.1945 0.2532 0.3575 0.4760 0.4385 0.2412 0.1846 0.2263 0.3140 0.4420 0.4698 0.3270 0.1855 0.2056 0.2763 0.3919 0.4816 0.4015 0.2028 0.1908 0.2448 0.3444 0.4693 0.4497 0.2647 0.1838 0.2165 0.2560 0.2165 0.1838 0.2647 0.4497 0.4693 0.3444 0.2448 0.1908 0.2028 0.4015 0.4816 0.3919 0.2763 0.2056 0.1855 0.3270 0.4698 0.4420 0.3140 0.2263 0.1846 0.2412 0.4385 0.4760 0.3575 0.2532 0.1945 0.1951 0.3824 0.4802 0.4064 0.2865 0.2110 0.1840 0.3021 0.4629 0.4546 0.3260 0.2334 0.1864 0.2218 0.4254 0.4799 0.3710 0.2621 0.1987 0.1900 0.3615 0.4786 0.4086
0.4786 0.3553 0.1647 0.1746 0.2484 0.3703 0.4822 0.4250 0.2098 0.1587 0.2152 0.3199 0.4593 0.4619 0.3015 0.1568 0.1890 0.2755 0.4088 0.4806 0.3833 0.1726 0.1689 0.2378 0.3551 0.4791 0.4377 0.2343 0.1566 0.2069 0.3064 0.4464 0.4691 0.3274 0.1591 0.1826 0.2640 0.3929 0.4826 0.4021 0.1835 0.1641 0.2282 0.3405 0.4733 0.4487 0.2614 0.1559 0.1998 0.2917 0.3697 0.2917 0.1998 0.1559 0.2614 0.4487 0.4733 0.3405 0.2282 0.1641 0.1835 0.4021 0.4826 0.3929 0.2640 0.1826 0.1591 0.3274 0.4691 0.4464 0.3064 0.2069 0.1566 0.2343 0.4377 0.4791 0.3551 0.2378 0.1689 0.1726 0.3833 0.4806 0.4088 0.2755 0.1890 0.1568 0.3015 0.4619 0.4593 0.3199 0.2152 0.1587 0.2098 0.4250 0.4822 0.3703 0.2484 0.1746 0.1647 0.3553 0.4786
0.3615 0.1647 0.1731 0.2436 0.3612 0.4796 0.4331 0.2250 0.1571 0.2093 0.3100 0.4495 0.4664 0.3190 0.1580 0.1844 0.2670 0.3968 0.4812 0.3962 0.1792 0.1654 0.2308 0.3442 0.4743 0.4451 0.2523 0.1558 0.2014 0.2970 0.4354 0.4725 0.3437 0.1613 0.1783 0.2559 0.3812 0.4819 0.4132 0.1937 0.1612 0.2217 0.3301 0.4664 0.4548 0.2798 0.1557 0.1942 0.2851 0.4221 0.4764 0.4221 0.2851 0.1942 0.1557 0.2798 0.4548 0.4664 0.3301 0.2217 0.1612 0.1937 0.4132 0.4819 0.3812 0.2559 0.1783 0.1613 0.3437 0.4725 0.4354 0.2970 0.2014 0.1558 0.2523 0.4451 0.4743 0.3442 0.2308 0.1654 0.1792 0.3962 0.4812 0.3968 0.2670 0.1844 0.1580 0.3190 0.4664 0.4495 0.3100 0.2093 0.1571 0.2250 0.4331 0.4796 0.3612 0.2436 0.1731 0.1647 0.3615
0.1900 0.1746 0.2436 0.3581 0.4783 0.4389 0.2393 0.1562 0.2044 0.3017 0.4406 0.4706 0.3356 0.1600 0.1803 0.2596 0.3865 0.4820 0.4079 0.1882 0.1625 0.2247 0.3348 0.4695 0.4518 0.2706 0.1556 0.1965 0.2886 0.4254 0.4758 0.3591 0.1645 0.1746 0.2488 0.3711 0.4814 0.4231 0.2068 0.1590 0.2159 0.3209 0.4596 0.4604 0.2978 0.1564 0.1896 0.2765 0.4104 0.4769 0.4345 0.4769 0.4104 0.2765 0.1896 0.1564 0.2978 0.4604 0.4596 0.3209 0.2159 0.1590 0.2068 0.4231 0.4814 0.3711 0.2488 0.1746 0.1645 0.3591 0.4758 0.4254 0.2886 0.1965 0.1556 0.2706 0.4518 0.4695 0.3348 0.2247 0.1625 0.1882 0.4079 0.4820 0.3865 0.2596 0.1803 0.1600 0.3356 0.4706 0.4406 0.3017 0.2044 0.1562 0.2393 0.4389 0.4783 0.3581 0.2436 0.1746 0.1900
0.1987 0.2484 0.3612 0.4783 0.4410 0.2483 0.1558 0.2005 0.2944 0.4316 0.4740 0.3510 0.1628 0.1765 0.2524 0.3762 0.4818 0.4183 0.1999 0.1600 0.2188 0.3255 0.4632 0.4577 0.2889 0.1560 0.1919 0.2805 0.4150 0.4784 0.3736 0.1687 0.1710 0.2420 0.3610 0.4798 0.4320 0.2223 0.1573 0.2104 0.3119 0.4514 0.4654 0.3154 0.1576 0.1853 0.2687 0.3992 0.4808 0.3933 0.2602 0.3933 0.4808 0.3992 0.2687 0.1853 0.1576 0.3154 0.4654 0.4514 0.3119 0.2104 0.1573 0.2223 0.4320 0.4798 0.3610 0.2420 0.1710 0.1687 0.3736 0.4784 0.4150 0.2805 0.1919 0.1560 0.2889 0.4577 0.4632 0.3255 0.2188 0.1600 0.1999 0.4183 0.4818 0.3762 0.2524 0.1765 0.1628 0.3510 0.4740 0.4316 0.2944 0.2005 0.1558 0.2483 0.4410 0.4783 0.3612 0.2484 0.1987
0.2621 0.3703 0.4796 0.4389 0.2483 0.1557 0.1983 0.2892 0.4240 0.4766 0.3643 0.1661 0.1730 0.2456 0.3661 0.4807 0.4276 0.2142 0.1581 0.2131 0.3164 0.4556 0.4630 0.3067 0.1570 0.1874 0.2726 0.4045 0.4803 0.3871 0.1742 0.1677 0.2354 0.3512 0.4771 0.4399 0.2395 0.1562 0.2051 0.3031 0.4424 0.4698 0.3322 0.1595 0.1811 0.2612 0.3887 0.4819 0.4049 0.1871 0.1478 0.1871 0.4049 0.4819 0.3887 0.2612 0.1811 0.1595 0.3322 0.4698 0.4424 0.3031 0.2051 0.1562 0.2395 0.4399 0.4771 0.3512 0.2354 0.1677 0.1742 0.3871 0.4803 0.4045 0.2726 0.1874 0.1570 0.3067 0.4630 0.4556 0.3164 0.2131 0.1581 0.2142 0.4276 0.4807 0.3661 0.2456 0.1730 0.1661 0.3643 0.4766 0.4240 0.2892 0.1983 0.1557 0.2483 0.4389 0.4796 0.3703 0.2621
0.3710 0.4822 0.4331 0.2393 0.1558 0.1983 0.2873 0.4194 0.4781 0.3745 0.1698 0.1700 0.2395 0.3567 0.4787 0.4359 0.2306 0.1567 0.2077 0.3075 0.4470 0.4677 0.3239 0.1585 0.1832 0.2649 0.3939 0.4815 0.3997 0.1815 0.1645 0.2291 0.3415 0.4731 0.4471 0.2576 0.1557 0.2000 0.2946 0.4326 0.4735 0.3482 0.1621 0.1772 0.2539 0.3783 0.4819 0.4162 0.1967 0.1579 0.1822 0.1579 0.1967 0.4162 0.4819 0.3783 0.2539 0.1772 0.1621 0.3482 0.4735 0.4326 0.2946 0.2000 0.1557 0.2576 0.4471 0.4731 0.3415 0.2291 0.1645 0.1815 0.3997 0.4815 0.3939 0.2649 0.1832 0.1585 0.3239 0.4677 0.4470 0.3075 0.2077 0.1567 0.2306 0.4359 0.4787 0.3567 0.2395 0.1700 0.1698 0.3745 0.4781 0.4194 0.2873 0.1983 0.1558 0.2393 0.4331 0.4822 0.3710
0.4799 0.4250 0.2250 0.1562 0.2005 0.2892 0.4194 0.4786 0.3800 0.1728 0.1678 0.2345 0.3485 0.4758 0.4430 0.2475 0.1559 0.2026 0.2989 0.4376 0.4717 0.3404 0.1608 0.1792 0.2575 0.3835 0.4820 0.4110 0.1913 0.1617 0.2230 0.3321 0.4678 0.4535 0.2759 0.1557 0.1952 0.2863 0.4224 0.4766 0.3634 0.1656 0.1735 0.2468 0.3682 0.4810 0.4258 0.2110 0.1587 0.2111 0.2609 0.2111 0.1587 0.2110 0.4258 0.4810 0.3682 0.2468 0.1735 0.1656 0.3634 0.4766 0.4224 0.2863 0.1952 0.1557 0.2759 0.4535 0.4678 0.3321 0.2230 0.1617 0.1913 0.4110 0.4820 0.3835 0.2575 0.1792 0.1608 0.3404 0.4717 0.4376 0.2989 0.2026 0.1559 0.2475 0.4430 0.4758 0.3485 0.2345 0.1678 0.1728 0.3800 0.4786 0.4194 0.2892 0.2005 0.1562 0.2250 0.4250 0.4799
0.4254 0.2098 0.1571 0.2044 0.2944 0.4240 0.4781 0.3800 0.1741 0.1666 0.2311 0.3422 0.4726 0.4487 0.2635 0.1556 0.1979 0.2907 0.4277 0.4751 0.3559 0.1638 0.1754 0.2504 0.3732 0.4816 0.4211 0.2037 0.1594 0.2171 0.3228 0.4611 0.4593 0.2941 0.1562 0.1906 0.2782 0.4120 0.4790 0.3776 0.1701 0.1701 0.2401 0.3582 0.4791 0.4344 0.2271 0.1570 0.2094 0.3083 0.3891 0.3083 0.2094 0.1570 0.2271 0.4344 0.4791 0.3582 0.2401 0.1701 0.1701 0.3776 0.4790 0.4120 0.2782 0.1906 0.1562 0.2941 0.4593 0.4611 0.3228 0.2171 0.1594 0.2037 0.4211 0.4816 0.3732 0.2504 0.1754 0.1638 0.3559 0.4751 0.4277 0.2907 0.1979 0.1556 0.2635 0.4487 0.4726 0.3422 0.2311 0.1666 0.1741 0.3800 0.4781 0.4240 0.2944 0.2044 0.1571 0.2098 0.4254
0.2218 0.1587 0.2093 0.3017 0.4316 0.4766 0.3745 0.1728 0.1666 0.2299 0.3387 0.4700 0.4528 0.2769 0.1558 0.1938 0.2833 0.4181 0.4778 0.3703 0.1677 0.1718 0.2435 0.3632 0.4802 0.4301 0.2188 0.1576 0.2115 0.3138 0.4532 0.4644 0.3118 0.1574 0.1862 0.2704 0.4014 0.4807 0.3909 0.1761 0.1668 0.2335 0.3484 0.4761 0.4421 0.2446 0.1560 0.2037 0.3013 0.4413 0.4776 0.4413 0.3013 0.2037 0.1560 0.2446 0.4421 0.4761 0.3484 0.2335 0.1668 0.1761 0.3909 0.4807 0.4014 0.2704 0.1862 0.1574 0.3118 0.4644 0.4532 0.3138 0.2115 0.1576 0.2188 0.4301 0.4802 0.3632 0.2435 0.1718 0.1677 0.3703 0.4778 0.4181 0.2833 0.1938 0.1558 0.2769 0.4528 0.4700 0.3387 0.2299 0.1666 0.1728 0.3745 0.4766 0.4316 0.3017 0.2093 0.1587 0.2218
0.1864 0.2152 0.3100 0.4406 0.4740 0.3643 0.1698 0.1678 0.2311 0.3387 0.4689 0.4549 0.2859 0.1561 0.1906 0.2769 0.4091 0.4797 0.3831 0.1726 0.1685 0.2369 0.3533 0.4778 0.4383 0.2357 0.1564 0.2062 0.3050 0.4444 0.4689 0.3288 0.1591 0.1820 0.2628 0.3909 0.4818 0.4031 0.1841 0.1637 0.2273 0.3388 0.4717 0.4490 0.2628 0.1556 0.1986 0.2922 0.4304 0.4716 0.4187 0.4716 0.4304 0.2922 0.1986 0.1556 0.2628 0.4490 0.4717 0.3388 0.2273 0.1637 0.1841 0.4031 0.4818 0.3909 0.2628 0.1820 0.1591 0.3288 0.4689 0.4444 0.3050 0.2062 0.1564 0.2357 0.4383 0.4778 0.3533 0.2369 0.1685 0.1726 0.3831 0.4797 0.4091 0.2769 0.1906 0.1561 0.2859 0.4549 0.4689 0.3387 0.2311 0.1678 0.1698 0.3643 0.4740 0.4406 0.3100 0.2152 0.1864
0.2334 0.3199 0.4495 0.4706 0.3510 0.1661 0.1700 0.2345 0.3422 0.4700 0.4549 0.2892 0.1563 0.1884 0.2722 0.4017 0.4809 0.3940 0.1785 0.1655 0.2308 0.3439 0.4741 0.4456 0.2536 0.1557 0.2010 0.2964 0.4347 0.4728 0.3449 0.1615 0.1781 0.2554 0.3805 0.4820 0.4140 0.1946 0.1610 0.2213 0.3294 0.4660 0.4553 0.2812 0.1558 0.1938 0.2839 0.4195 0.4770 0.3691 0.2256 0.3691 0.4770 0.4195 0.2839 0.1938 0.1558 0.2812 0.4553 0.4660 0.3294 0.2213 0.1610 0.1946 0.4140 0.4820 0.3805 0.2554 0.1781 0.1615 0.3449 0.4728 0.4347 0.2964 0.2010 0.1557 0.2536 0.4456 0.4741 0.3439 0.2308 0.1655 0.1785 0.3940 0.4809 0.4017 0.2722 0.1884 0.1563 0.2892 0.4549 0.4700 0.3422 0.2345 0.1700 0.1661 0.3510 0.4706 0.4495 0.3199 0.2334
0.3260 0.4593 0.4664 0.3356 0.1628 0.1730 0.2395 0.3485 0.4726 0.4528 0.2859 0.1563 0.1877 0.2697 0.3967 0.4816 0.4023 0.1849 0.1631 0.2254 0.3352 0.4694 0.4520 0.2716 0.1556 0.1962 0.2880 0.4246 0.4760 0.3603 0.1648 0.1743 0.2483 0.3703 0.4813 0.4238 0.2078 0.1588 0.2155 0.3202 0.4590 0.4609 0.2992 0.1565 0.1893 0.2759 0.4089 0.4796 0.3809 0.1715 0.1494 0.1715 0.3809 0.4796 0.4089 0.2759 0.1893 0.1565 0.2992 0.4609 0.4590 0.3202 0.2155 0.1588 0.2078 0.4238 0.4813 0.3703 0.2483 0.1743 0.1648 0.3603 0.4760 0.4246 0.2880 0.1962 0.1556 0.2716 0.4520 0.4694 0.3352 0.2254 0.1631 0.1849 0.4023 0.4816 0.3967 0.2697 0.1877 0.1563 0.2859 0.4528 0.4726 0.3485 0.2395 0.1730 0.1628 0.3356 0.4664 0.4593 0.3260
0.4546 0.4619 0.3190 0.1600 0.1765 0.2456 0.3567 0.4758 0.4487 0.2769 0.1561 0.1884 0.2697 0.3950 0.4818 0.4074 0.1907 0.1613 0.2210 0.3276 0.4641 0.4574 0.2886 0.1560 0.1916 0.2800 0.4142 0.4785 0.3747 0.1691 0.1708 0.2415 0.3603 0.4796 0.4326 0.2235 0.1572 0.2100 0.3112 0.4508 0.4658 0.3167 0.1578 0.1850 0.2681 0.3984 0.4811 0.3945 0.1780 0.1631 0.1909 0.1631 0.1780 0.3945 0.4811 0.3984 0.2681 0.1850 0.1578 0.3167 0.4658 0.4508 0.3112 0.2100 0.1572 0.2235 0.4326 0.4796 0.3603 0.2415 0.1708 0.1691 0.3747 0.4785 0.4142 0.2800 0.1916 0.1560 0.2886 0.4574 0.4641 0.3276 0.2210 0.1613 0.1907 0.4074 0.4818 0.3950 0.2697 0.1884 0.1561 0.2769 0.4487 0.4758 0.3567 0.2456 0.1765 0.1600 0.3190 0.4619 0.4546
0.4629 0.3015 0.1580 0.1803 0.2524 0.3661 0.4787 0.4430 0.2635 0.1558 0.1906 0.2722 0.3967 0.4818 0.4092 0.1942 0.1602 0.2177 0.3216 0.4587 0.4617 0.3039 0.1569 0.1875 0.2725 0.4040 0.4804 0.3881 0.1747 0.1675 0.2349 0.3505 0.4768 0.4405 0.2408 0.1562 0.2047 0.3025 0.4416 0.4701 0.3335 0.1597 0.1809 0.2606 0.3879 0.4819 0.4063 0.1868 0.1632 0.2224 0.2767 0.2224 0.1632 0.1868 0.4063 0.4819 0.3879 0.2606 0.1809 0.1597 0.3335 0.4701 0.4416 0.3025 0.2047 0.1562 0.2408 0.4405 0.4768 0.3505 0.2349 0.1675 0.1747 0.3881 0.4804 0.4040 0.2725 0.1875 0.1569 0.3039 0.4617 0.4587 0.3216 0.2177 0.1602 0.1942 0.4092 0.4818 0.3967 0.2722 0.1906 0.1558 0.2635 0.4430 0.4787 0.3661 0.2524 0.1803 0.1580 0.3015 0.4629
0.3021 0.1568 0.1844 0.2596 0.3762 0.4807 0.4359 0.2475 0.1556 0.1938 0.2769 0.4017 0.4816 0.4074 0.1942 0.1599 0.2160 0.3177 0.4544 0.4649 0.3166 0.1580 0.1840 0.2657 0.3943 0.4816 0.4001 0.1821 0.1644 0.2286 0.3409 0.4728 0.4476 0.2589 0.1557 0.1996 0.2939 0.4319 0.4738 0.3494 0.1624 0.1770 0.2534 0.3776 0.4819 0.4169 0.1981 0.1603 0.2202 0.3265 0.4106 0.3265 0.2202 0.1603 0.1981 0.4169 0.4819 0.3776 0.2534 0.1770 0.1624 0.3494 0.4738 0.4319 0.2939 0.1996 0.1557 0.2589 0.4476 0.4728 0.3409 0.2286 0.1644 0.1821 0.4001 0.4816 0.3943 0.2657 0.1840 0.1580 0.3166 0.4649 0.4544 0.3177 0.2160 0.1599 0.1942 0.4074 0.4816 0.4017 0.2769 0.1938 0.1556 0.2475 0.4359 0.4807 0.3762 0.2596 0.1844 0.1568 0.3021
0.1840 0.1890 0.2670 0.3865 0.4818 0.4276 0.2306 0.1559 0.1979 0.2833 0.4091 0.4809 0.4023 0.1907 0.1602 0.2160 0.3164 0.4519 0.4669 0.3257 0.1592 0.1811 0.2599 0.3856 0.4820 0.4104 0.1912 0.1616 0.2227 0.3315 0.4673 0.4540 0.2772 0.1557 0.1948 0.2856 0.4216 0.4768 0.3645 0.1659 0.1733 0.2464 0.3674 0.4809 0.4264 0.2121 0.1583 0.2140 0.3183 0.4577 0.4757 0.4577 0.3183 0.2140 0.1583 0.2121 0.4264 0.4809 0.3674 0.2464 0.1733 0.1659 0.3645 0.4768 0.4216 0.2856 0.1948 0.1557 0.2772 0.4540 0.4673 0.3315 0.2227 0.1616 0.1912 0.4104 0.4820 0.3856 0.2599 0.1811 0.1592 0.3257 0.4669 0.4519 0.3164 0.2160 0.1602 0.1907 0.4023 0.4809 0.4091 0.2833 0.1979 0.1559 0.2306 0.4276 0.4818 0.3865 0.2670 0.1890 0.1840
0.2110 0.2755 0.3968 0.4820 0.4183 0.2142 0.1567 0.2026 0.2907 0.4181 0.4797 0.3940 0.1849 0.1613 0.2177 0.3177 0.4519 0.4675 0.3304 0.1601 0.1790 0.2553 0.3783 0.4819 0.4189 0.2018 0.1595 0.2172 0.3226 0.4607 0.4597 0.2953 0.1563 0.1902 0.2776 0.4111 0.4792 0.3787 0.1706 0.1698 0.2396 0.3575 0.4790 0.4349 0.2283 0.1568 0.2084 0.3087 0.4488 0.4641 0.3997 0.4641 0.4488 0.3087 0.2084 0.1568 0.2283 0.4349 0.4790 0.3575 0.2396 0.1698 0.1706 0.3787 0.4792 0.4111 0.2776 0.1902 0.1563 0.2953 0.4597 0.4607 0.3226 0.2172 0.1595 0.2018 0.4189 0.4819 0.3783 0.2553 0.1790 0.1601 0.3304 0.4675 0.4519 0.3177 0.2177 0.1613 0.1849 0.3940 0.4797 0.4181 0.2907 0.2026 0.1567 0.2142 0.4183 0.4820 0.3968 0.2755 0.2110
0.2865 0.4088 0.4812 0.4079 0.1999 0.1581 0.2077 0.2989 0.4277 0.4778 0.3831 0.1785 0.1631 0.2210 0.3216 0.4544 0.4669 0.3304 0.1605 0.1780 0.2525 0.3730 0.4813 0.4255 0.2128 0.1580 0.2124 0.3146 0.4534 0.4645 0.3125 0.1574 0.1859 0.2698 0.4006 0.4809 0.3919 0.1767 0.1665 0.2331 0.3477 0.4758 0.4426 0.2459 0.1560 0.2032 0.3000 0.4389 0.4708 0.3411 0.1946 0.3411 0.4708 0.4389 0.3000 0.2032 0.1560 0.2459 0.4426 0.4758 0.3477 0.2331 0.1665 0.1767 0.3919 0.4809 0.4006 0.2698 0.1859 0.1574 0.3125 0.4645 0.4534 0.3146 0.2124 0.1580 0.2128 0.4255 0.4813 0.3730 0.2525 0.1780 0.1605 0.3304 0.4669 0.4544 0.3216 0.2210 0.1631 0.1785 0.3831 0.4778 0.4277 0.2989 0.2077 0.1581 0.1999 0.4079 0.4812 0.4088 0.2865
0.4064 0.4806 0.3962 0.1882 0.1600 0.2131 0.3075 0.4376 0.4751 0.3703 0.1726 0.1655 0.2254 0.3276 0.4587 0.4649 0.3257 0.1601 0.1780 0.2515 0.3703 0.4808 0.4300 0.2225 0.1570 0.2084 0.3074 0.4459 0.4685 0.3281 0.1591 0.1819 0.2623 0.3901 0.4818 0.4040 0.1848 0.1635 0.2268 0.3381 0.4713 0.4495 0.2642 0.1556 0.1982 0.2915 0.4289 0.4747 0.3531 0.1623 0.1524 0.1623 0.3531 0.4747 0.4289 0.2915 0.1982 0.1556 0.2642 0.4495 0.4713 0.3381 0.2268 0.1635 0.1848 0.4040 0.4818 0.3901 0.2623 0.1819 0.1591 0.3281 0.4685 0.4459 0.3074 0.2084 0.1570 0.2225 0.4300 0.4808 0.3703 0.2515 0.1780 0.1601 0.3257 0.4649 0.4587 0.3276 0.2254 0.1655 0.1726 0.3703 0.4751 0.4376 0.3075 0.2131 0.1600 0.1882 0.3962 0.4806 0.4064
0.4802 0.3833 0.1792 0.1625 0.2188 0.3164 0.4470 0.4717 0.3559 0.1677 0.1685 0.2308 0.3352 0.4641 0.4617 0.3166 0.1592 0.1790 0.2525 0.3703 0.4806 0.4322 0.2291 0.1565 0.2052 0.3015 0.4389 0.4717 0.3419 0.1612 0.1783 0.2555 0.3802 0.4819 0.4148 0.1955 0.1608 0.2208 0.3287 0.4655 0.4557 0.2825 0.1558 0.1935 0.2833 0.4186 0.4775 0.3686 0.1671 0.1694 0.2004 0.1694 0.1671 0.3686 0.4775 0.4186 0.2833 0.1935 0.1558 0.2825 0.4557 0.4655 0.3287 0.2208 0.1608 0.1955 0.4148 0.4819 0.3802 0.2555 0.1783 0.1612 0.3419 0.4717 0.4389 0.3015 0.2052 0.1565 0.2291 0.4322 0.4806 0.3703 0.2525 0.1790 0.1592 0.3166 0.4617 0.4641 0.3352 0.2308 0.1685 0.1677 0.3559 0.4717 0.4470 0.3164 0.2188 0.1625 0.1792 0.3833 0.4802
0.3824 0.1726 0.1654 0.2247 0.3255 0.4556 0.4677 0.3404 0.1638 0.1718 0.2369 0.3439 0.4694 0.4574 0.3039 0.1580 0.1811 0.2553 0.3730 0.4808 0.4322 0.2314 0.1562 0.2033 0.2973 0.4331 0.4740 0.3534 0.1637 0.1751 0.2492 0.3709 0.4813 0.4241 0.2087 0.1587 0.2151 0.3196 0.4584 0.4612 0.3005 0.1565 0.1889 0.2753 0.4081 0.4797 0.3826 0.1722 0.1692 0.2346 0.2935 0.2346 0.1692 0.1722 0.3826 0.4797 0.4081 0.2753 0.1889 0.1565 0.3005 0.4612 0.4584 0.3196 0.2151 0.1587 0.2087 0.4241 0.4813 0.3709 0.2492 0.1751 0.1637 0.3534 0.4740 0.4331 0.2973 0.2033 0.1562 0.2314 0.4322 0.4808 0.3730 0.2553 0.1811 0.1580 0.3039 0.4574 0.4694 0.3439 0.2369 0.1718 0.1638 0.3404 0.4677 0.4556 0.3255 0.2247 0.1654 0.1726 0.3824
0.1951 0.1689 0.2308 0.3348 0.4632 0.4630 0.3239 0.1608 0.1754 0.2435 0.3533 0.4741 0.4520 0.2886 0.1569 0.1840 0.2599 0.3783 0.4813 0.4300 0.2291 0.1562 0.2026 0.2951 0.4293 0.4756 0.3620 0.1661 0.1725 0.2438 0.3625 0.4799 0.4320 0.2233 0.1572 0.2097 0.3107 0.4501 0.4661 0.3180 0.1579 0.1846 0.2675 0.3976 0.4812 0.3955 0.1788 0.1657 0.2319 0.3454 0.4312 0.3454 0.2319 0.1657 0.1788 0.3955 0.4812 0.3976 0.2675 0.1846 0.1579 0.3180 0.4661 0.4501 0.3107 0.2097 0.1572 0.2233 0.4320 0.4799 0.3625 0.2438 0.1725 0.1661 0.3620 0.4756 0.4293 0.2951 0.2026 0.1562 0.2291 0.4300 0.4813 0.3783 0.2599 0.1840 0.1569 0.2886 0.4520 0.4741 0.3533 0.2435 0.1754 0.1608 0.3239 0.4630 0.4632 0.3348 0.2308 0.1689 0.1951
0.1945 0.2378 0.3442 0.4695 0.4577 0.3067 0.1585 0.1792 0.2504 0.3632 0.4778 0.4456 0.2716 0.1560 0.1875 0.2657 0.3856 0.4819 0.4255 0.2225 0.1565 0.2033 0.2951 0.4280 0.4763 0.3675 0.1682 0.1705 0.2394 0.3553 0.4779 0.4387 0.2381 0.1562 0.2048 0.3023 0.4412 0.4703 0.3346 0.1599 0.1805 0.2600 0.3871 0.4819 0.4072 0.1876 0.1627 0.2252 0.3361 0.4698 0.4715 0.4698 0.3361 0.2252 0.1627 0.1876 0.4072 0.4819 0.3871 0.2600 0.1805 0.1599 0.3346 0.4703 0.4412 0.3023 0.2048 0.1562 0.2381 0.4387 0.4779 0.3553 0.2394 0.1705 0.1682 0.3675 0.4763 0.4280 0.2951 0.2033 0.1565 0.2225 0.4255 0.4819 0.3856 0.2657 0.1875 0.1560 0.2716 0.4456 0.4778 0.3632 0.2504 0.1792 0.1585 0.3067 0.4577 0.4695 0.3442 0.2378 0.1945
0.2532 0.3551 0.4743 0.4518 0.2889 0.1570 0.1832 0.2575 0.3732 0.4802 0.4383 0.2536 0.1556 0.1916 0.2725 0.3943 0.4820 0.4189 0.2128 0.1570 0.2052 0.2973 0.4293 0.4763 0.3693 0.1694 0.1693 0.2363 0.3498 0.4758 0.4440 0.2520 0.1557 0.2005 0.2947 0.4322 0.4738 0.3499 0.1625 0.1767 0.2528 0.3768 0.4818 0.4177 0.1991 0.1601 0.2192 0.3261 0.4640 0.4544 0.3773 0.4544 0.4640 0.3261 0.2192 0.1601 0.1991 0.4177 0.4818 0.3768 0.2528 0.1767 0.1625 0.3499 0.4738 0.4322 0.2947 0.2005 0.1557 0.2520 0.4440 0.4758 0.3498 0.2363 0.1693 0.1694 0.3693 0.4763 0.4293 0.2973 0.2052 0.1570 0.2128 0.4189 0.4820 0.3943 0.2725 0.1916 0.1556 0.2536 0.4383 0.4802 0.3732 0.2575 0.1832 0.1570 0.2889 0.4518 0.4743 0.3551 0.2532
0.3575 0.4791 0.4451 0.2706 0.1560 0.1874 0.2649 0.3835 0.4816 0.4301 0.2357 0.1557 0.1962 0.2800 0.4040 0.4816 0.4104 0.2018 0.1580 0.2084 0.3015 0.4331 0.4756 0.3675 0.1694 0.1689 0.2348 0.3464 0.4739 0.4478 0.2637 0.1556 0.1967 0.2879 0.4235 0.4765 0.3638 0.1659 0.1732 0.2460 0.3667 0.4808 0.4271 0.2133 0.1582 0.2135 0.3170 0.4562 0.4622 0.3094 0.1725 0.3094 0.4622 0.4562 0.3170 0.2135 0.1582 0.2133 0.4271 0.4808 0.3667 0.2460 0.1732 0.1659 0.3638 0.4765 0.4235 0.2879 0.1967 0.1556 0.2637 0.4478 0.4739 0.3464 0.2348 0.1689 0.1694 0.3675 0.4756 0.4331 0.3015 0.2084 0.1580 0.2018 0.4104 0.4816 0.4040 0.2800 0.1962 0.1557 0.2357 0.4301 0.4816 0.3835 0.2649 0.1874 0.1560 0.2706 0.4451 0.4791 0.3575
0.4760 0.4377 0.2523 0.1556 0.1919 0.2726 0.3939 0.4820 0.4211 0.2188 0.1564 0.2010 0.2880 0.4142 0.4804 0.4001 0.1912 0.1595 0.2124 0.3074 0.4389 0.4740 0.3620 0.1682 0.1693 0.2348 0.3452 0.4728 0.4502 0.2720 0.1557 0.1937 0.2822 0.4155 0.4785 0.3760 0.1699 0.1700 0.2397 0.3571 0.4788 0.4355 0.2297 0.1568 0.2080 0.3080 0.4476 0.4674 0.3221 0.1570 0.1568 0.1570 0.3221 0.4674 0.4476 0.3080 0.2080 0.1568 0.2297 0.4355 0.4788 0.3571 0.2397 0.1700 0.1699 0.3760 0.4785 0.4155 0.2822 0.1937 0.1557 0.2720 0.4502 0.4728 0.3452 0.2348 0.1693 0.1682 0.3620 0.4740 0.4389 0.3074 0.2124 0.1595 0.1912 0.4001 0.4804 0.4142 0.2880 0.2010 0.1564 0.2188 0.4211 0.4820 0.3939 0.2726 0.1919 0.1556 0.2523 0.4377 0.4760
0.4385 0.2343 0.1558 0.1965 0.2805 0.4045 0.4815 0.4110 0.2037 0.1576 0.2062 0.2964 0.4246 0.4785 0.3881 0.1821 0.1616 0.2172 0.3146 0.4459 0.4717 0.3534 0.1661 0.1705 0.2363 0.3464 0.4728 0.4510 0.2763 0.1558 0.1917 0.2778 0.4089 0.4799 0.3863 0.1746 0.1672 0.2339 0.3483 0.4758 0.4428 0.2470 0.1559 0.2028 0.2994 0.4382 0.4715 0.3393 0.1607 0.1764 0.2110 0.1764 0.1607 0.3393 0.4715 0.4382 0.2994 0.2028 0.1559 0.2470 0.4428 0.4758 0.3483 0.2339 0.1672 0.1746 0.3863 0.4799 0.4089 0.2778 0.1917 0.1558 0.2763 0.4510 0.4728 0.3464 0.2363 0.1705 0.1661 0.3534 0.4717 0.4459 0.3146 0.2172 0.1616 0.1821 0.3881 0.4785 0.4246 0.2964 0.2062 0.1576 0.2037 0.4110 0.4815 0.4045 0.2805 0.1965 0.1558 0.2343 0.4385
0.2412 0.1566 0.2014 0.2886 0.4150 0.4803 0.3997 0.1913 0.1594 0.2115 0.3050 0.4347 0.4760 0.3747 0.1747 0.1644 0.2227 0.3226 0.4534 0.4685 0.3419 0.1637 0.1725 0.2394 0.3498 0.4739 0.4502 0.2763 0.1559 0.1906 0.2751 0.4042 0.4808 0.3942 0.1795 0.1649 0.2289 0.3402 0.4720 0.4491 0.2639 0.1556 0.1980 0.2910 0.4282 0.4749 0.3550 0.1636 0.1760 0.2479 0.3116 0.2479 0.1760 0.1636 0.3550 0.4749 0.4282 0.2910 0.1980 0.1556 0.2639 0.4491 0.4720 0.3402 0.2289 0.1649 0.1795 0.3942 0.4808 0.4042 0.2751 0.1906 0.1559 0.2763 0.4502 0.4739 0.3498 0.2394 0.1725 0.1637 0.3419 0.4685 0.4534 0.3226 0.2227 0.1644 0.1747 0.3747 0.4760 0.4347 0.3050 0.2115 0.1594 0.1913 0.3997 0.4803 0.4150 0.2886 0.2014 0.1566 0.2412
0.1846 0.2069 0.2970 0.4254 0.4784 0.3871 0.1815 0.1617 0.2171 0.3138 0.4444 0.4728 0.3603 0.1691 0.1675 0.2286 0.3315 0.4607 0.4645 0.3281 0.1612 0.1751 0.2438 0.3553 0.4758 0.4478 0.2720 0.1558 0.1906 0.2742 0.4018 0.4812 0.3996 0.1840 0.1630 0.2247 0.3332 0.4677 0.4543 0.2798 0.1558 0.1936 0.2832 0.4181 0.4777 0.3696 0.1674 0.1721 0.2445 0.3651 0.4496 0.3651 0.2445 0.1721 0.1674 0.3696 0.4777 0.4181 0.2832 0.1936 0.1558 0.2798 0.4543 0.4677 0.3332 0.2247 0.1630 0.1840 0.3996 0.4812 0.4018 0.2742 0.1906 0.1558 0.2720 0.4478 0.4758 0.3553 0.2438 0.1751 0.1612 0.3281 0.4645 0.4607 0.3315 0.2286 0.1675 0.1691 0.3603 0.4728 0.4444 0.3138 0.2171 0.1617 0.1815 0.3871 0.4784 0.4254 0.2970 0.2069 0.1846
0.2263 0.3064 0.4354 0.4758 0.3736 0.1742 0.1645 0.2230 0.3228 0.4532 0.4689 0.3449 0.1648 0.1708 0.2349 0.3409 0.4673 0.4597 0.3125 0.1591 0.1783 0.2492 0.3625 0.4779 0.4440 0.2637 0.1557 0.1917 0.2751 0.4018 0.4813 0.4023 0.1871 0.1618 0.2216 0.3275 0.4633 0.4586 0.2941 0.1563 0.1897 0.2760 0.4084 0.4797 0.3830 0.1725 0.1686 0.2373 0.3546 0.4770 0.4650 0.4770 0.3546 0.2373 0.1686 0.1725 0.3830 0.4797 0.4084 0.2760 0.1897 0.1563 0.2941 0.4586 0.4633 0.3275 0.2216 0.1618 0.1871 0.4023 0.4813 0.4018 0.2751 0.1917 0.1557 0.2637 0.4440 0.4779 0.3625 0.2492 0.1783 0.1591 0.3125 0.4597 0.4673 0.3409 0.2349 0.1708 0.1648 0.3449 0.4689 0.4532 0.3228 0.2230 0.1645 0.1742 0.3736 0.4758 0.4354 0.3064 0.2263
0.3140 0.4464 0.4725 0.3591 0.1687 0.1677 0.2291 0.3321 0.4611 0.4644 0.3288 0.1615 0.1743 0.2415 0.3505 0.4728 0.4540 0.2953 0.1574 0.1819 0.2555 0.3709 0.4799 0.4387 0.2520 0.1556 0.1937 0.2778 0.4042 0.4812 0.4023 0.1883 0.1612 0.2196 0.3235 0.4595 0.4618 0.3060 0.1571 0.1862 0.2696 0.3993 0.4811 0.3950 0.1788 0.1655 0.2309 0.3442 0.4745 0.4423 0.3509 0.4423 0.4745 0.3442 0.2309 0.1655 0.1788 0.3950 0.4811 0.3993 0.2696 0.1862 0.1571 0.3060 0.4618 0.4595 0.3235 0.2196 0.1612 0.1883 0.4023 0.4812 0.4042 0.2778 0.1937 0.1556 0.2520 0.4387 0.4799 0.3709 0.2555 0.1819 0.1574 0.2953 0.4540 0.4728 0.3505 0.2415 0.1743 0.1615 0.3288 0.4644 0.4611 0.3321 0.2291 0.1677 0.1687 0.3591 0.4725 0.4464 0.3140
0.4420 0.4691 0.3437 0.1645 0.1710 0.2354 0.3415 0.4678 0.4593 0.3118 0.1591 0.1781 0.2483 0.3603 0.4768 0.4476 0.2772 0.1563 0.1859 0.2623 0.3802 0.4813 0.4320 0.2381 0.1557 0.1967 0.2822 0.4089 0.4808 0.3996 0.1871 0.1612 0.2190 0.3215 0.4569 0.4639 0.3150 0.1580 0.1835 0.2640 0.3911 0.4818 0.4052 0.1866 0.1628 0.2251 0.3351 0.4695 0.4512 0.2745 0.1594 0.2745 0.4512 0.4695 0.3351 0.2251 0.1628 0.1866 0.4052 0.4818 0.3911 0.2640 0.1835 0.1580 0.3150 0.4639 0.4569 0.3215 0.2190 0.1612 0.1871 0.3996 0.4808 0.4089 0.2822 0.1967 0.1557 0.2381 0.4320 0.4813 0.3802 0.2623 0.1859 0.1563 0.2772 0.4476 0.4768 0.3603 0.2483 0.1781 0.1591 0.3118 0.4593 0.4678 0.3415 0.2354 0.1710 0.1645 0.3437 0.4691 0.4420
0.4698 0.3274 0.1613 0.1746 0.2420 0.3512 0.4731 0.4535 0.2941 0.1574 0.1820 0.2554 0.3703 0.4796 0.4405 0.2589 0.1557 0.1902 0.2698 0.3901 0.4819 0.4241 0.2233 0.1562 0.2005 0.2879 0.4155 0.4799 0.3942 0.1840 0.1618 0.2196 0.3215 0.4561 0.4650 0.3206 0.1588 0.1814 0.2597 0.3842 0.4820 0.4136 0.1956 0.1605 0.2198 0.3266 0.4637 0.4575 0.2876 0.1542 0.1625 0.1542 0.2876 0.4575 0.4637 0.3266 0.2198 0.1605 0.1956 0.4136 0.4820 0.3842 0.2597 0.1814 0.1588 0.3206 0.4650 0.4561 0.3215 0.2196 0.1618 0.1840 0.3942 0.4799 0.4155 0.2879 0.2005 0.1562 0.2233 0.4241 0.4819 0.3901 0.2698 0.1902 0.1557 0.2589 0.4405 0.4796 0.3703 0.2554 0.1820 0.1574 0.2941 0.4535 0.4731 0.3512 0.2420 0.1746 0.1613 0.3274 0.4698
0.3270 0.1591 0.1783 0.2488 0.3610 0.4771 0.4471 0.2759 0.1562 0.1862 0.2628 0.3805 0.4813 0.4326 0.2408 0.1557 0.1948 0.2776 0.4006 0.4818 0.4148 0.2087 0.1572 0.2048 0.2947 0.4235 0.4785 0.3863 0.1795 0.1630 0.2216 0.3235 0.4569 0.4650 0.3224 0.1592 0.1801 0.2566 0.3790 0.4818 0.4202 0.2050 0.1589 0.2151 0.3188 0.4571 0.4624 0.3053 0.1571 0.1845 0.2228 0.1845 0.1571 0.3053 0.4624 0.4571 0.3188 0.2151 0.1589 0.2050 0.4202 0.4818 0.3790 0.2566 0.1801 0.1592 0.3224 0.4650 0.4569 0.3235 0.2216 0.1630 0.1795 0.3863 0.4785 0.4235 0.2947 0.2048 0.1572 0.2087 0.4148 0.4818 0.4006 0.2776 0.1948 0.1557 0.2408 0.4326 0.4813 0.3805 0.2628 0.1862 0.1562 0.2759 0.4471 0.4771 0.3610 0.2488 0.1783 0.1591 0.3270
0.1855 0.1826 0.2559 0.3711 0.4798 0.4399 0.2576 0.1557 0.1906 0.2704 0.3909 0.4820 0.4238 0.2235 0.1562 0.1996 0.2856 0.4111 0.4809 0.4040 0.1955 0.1587 0.2097 0.3023 0.4322 0.4765 0.3760 0.1746 0.1649 0.2247 0.3275 0.4595 0.4639 0.3206 0.1592 0.1796 0.2550 0.3757 0.4815 0.4250 0.2135 0.1578 0.2112 0.3119 0.4503 0.4665 0.3206 0.1583 0.1841 0.2629 0.3313 0.2629 0.1841 0.1583 0.3206 0.4665 0.4503 0.3119 0.2112 0.1578 0.2135 0.4250 0.4815 0.3757 0.2550 0.1796 0.1592 0.3206 0.4639 0.4595 0.3275 0.2247 0.1649 0.1746 0.3760 0.4765 0.4322 0.3023 0.2097 0.1587 0.1955 0.4040 0.4809 0.4111 0.2856 0.1996 0.1562 0.2235 0.4238 0.4820 0.3909 0.2704 0.1906 0.1557 0.2576 0.4399 0.4798 0.3711 0.2559 0.1826 0.1855
0.2056 0.2640 0.3812 0.4814 0.4320 0.2395 0.1557 0.1952 0.2782 0.4014 0.4818 0.4140 0.2078 0.1572 0.2047 0.2939 0.4216 0.4792 0.3919 0.1848 0.1608 0.2151 0.3107 0.4412 0.4738 0.3638 0.1699 0.1672 0.2289 0.3332 0.4633 0.4618 0.3150 0.1588 0.1801 0.2550 0.3746 0.4813 0.4278 0.2200 0.1571 0.2081 0.3062 0.4439 0.4697 0.3341 0.1600 0.1801 0.2593 0.3866 0.4644 0.3866 0.2593 0.1801 0.1600 0.3341 0.4697 0.4439 0.3062 0.2081 0.1571 0.2200 0.4278 0.4813 0.3746 0.2550 0.1801 0.1588 0.3150 0.4618 0.4633 0.3332 0.2289 0.1672 0.1699 0.3638 0.4738 0.4412 0.3107 0.2151 0.1608 0.1848 0.3919 0.4792 0.4216 0.2939 0.2047 0.1572 0.2078 0.4140 0.4818 0.4014 0.2782 0.1952 0.1557 0.2395 0.4320 0.4814 0.3812 0.2640 0.2056
0.2763 0.3929 0.4819 0.4231 0.2223 0.1562 0.2000 0.2863 0.4120 0.4807 0.4031 0.1946 0.1588 0.2100 0.3025 0.4319 0.4768 0.3787 0.1767 0.1635 0.2208 0.3196 0.4501 0.4703 0.3499 0.1659 0.1700 0.2339 0.3402 0.4677 0.4586 0.3060 0.1580 0.1814 0.2566 0.3757 0.4813 0.4288 0.2235 0.1567 0.2060 0.3020 0.4385 0.4722 0.3454 0.1621 0.1769 0.2525 0.3762 0.4800 0.4556 0.4800 0.3762 0.2525 0.1769 0.1621 0.3454 0.4722 0.4385 0.3020 0.2060 0.1567 0.2235 0.4288 0.4813 0.3757 0.2566 0.1814 0.1580 0.3060 0.4586 0.4677 0.3402 0.2339 0.1700 0.1659 0.3499 0.4703 0.4501 0.3196 0.2208 0.1635 0.1767 0.3787 0.4768 0.4319 0.3025 0.2100 0.1588 0.1946 0.4031 0.4807 0.4120 0.2863 0.2000 0.1562 0.2223 0.4231 0.4819 0.3929 0.2763
0.3919 0.4826 0.4132 0.2068 0.1573 0.2051 0.2946 0.4224 0.4790 0.3909 0.1841 0.1610 0.2155 0.3112 0.4416 0.4738 0.3645 0.1706 0.1665 0.2268 0.3287 0.4584 0.4661 0.3346 0.1625 0.1732 0.2397 0.3483 0.4720 0.4543 0.2941 0.1571 0.1835 0.2597 0.3790 0.4815 0.4278 0.2235 0.1566 0.2048 0.2992 0.4345 0.4739 0.3541 0.1641 0.1743 0.2472 0.3673 0.4808 0.4257 0.3175 0.4257 0.4808 0.3673 0.2472 0.1743 0.1641 0.3541 0.4739 0.4345 0.2992 0.2048 0.1566 0.2235 0.4278 0.4815 0.3790 0.2597 0.1835 0.1571 0.2941 0.4543 0.4720 0.3483 0.2397 0.1732 0.1625 0.3346 0.4661 0.4584 0.3287 0.2268 0.1665 0.1706 0.3645 0.4738 0.4416 0.3112 0.2155 0.1610 0.1841 0.3909 0.4790 0.4224 0.2946 0.2051 0.1573 0.2068 0.4132 0.4826 0.3919
0.4816 0.4021 0.1937 0.1590 0.2104 0.3031 0.4326 0.4766 0.3776 0.1761 0.1637 0.2213 0.3202 0.4508 0.4701 0.3494 0.1659 0.1698 0.2331 0.3381 0.4655 0.4612 0.3180 0.1599 0.1767 0.2460 0.3571 0.4758 0.4491 0.2798 0.1563 0.1862 0.2640 0.3842 0.4818 0.4250 0.2200 0.1567 0.2048 0.2983 0.4323 0.4749 0.3602 0.1660 0.1723 0.2428 0.3602 0.4793 0.4343 0.2330 0.1513 0.2330 0.4343 0.4793 0.3602 0.2428 0.1723 0.1660 0.3602 0.4749 0.4323 0.2983 0.2048 0.1567 0.2200 0.4250 0.4818 0.3842 0.2640 0.1862 0.1563 0.2798 0.4491 0.4758 0.3571 0.2460 0.1767 0.1599 0.3180 0.4612 0.4655 0.3381 0.2331 0.1698 0.1659 0.3494 0.4701 0.4508 0.3202 0.2213 0.1637 0.1761 0.3776 0.4766 0.4326 0.3031 0.2104 0.1590 0.1937 0.4021 0.4816
0.4015 0.1835 0.1612 0.2159 0.3119 0.4424 0.4735 0.3634 0.1701 0.1668 0.2273 0.3294 0.4590 0.4658 0.3335 0.1624 0.1733 0.2396 0.3477 0.4713 0.4557 0.3005 0.1579 0.1805 0.2528 0.3667 0.4788 0.4428 0.2639 0.1558 0.1897 0.2696 0.3911 0.4820 0.4202 0.2135 0.1571 0.2060 0.2992 0.4323 0.4752 0.3633 0.1673 0.1709 0.2396 0.3548 0.4775 0.4404 0.2424 0.1539 0.1703 0.1539 0.2424 0.4404 0.4775 0.3548 0.2396 0.1709 0.1673 0.3633 0.4752 0.4323 0.2992 0.2060 0.1571 0.2135 0.4202 0.4820 0.3911 0.2696 0.1897 0.1558 0.2639 0.4428 0.4788 0.3667 0.2528 0.1805 0.1579 0.3005 0.4557 0.4713 0.3477 0.2396 0.1733 0.1624 0.3335 0.4658 0.4590 0.3294 0.2273 0.1668 0.1701 0.3634 0.4735 0.4424 0.3119 0.2159 0.1612 0.1835 0.4015
0.2028 0.1641 0.2217 0.3209 0.4514 0.4698 0.3482 0.1656 0.1701 0.2335 0.3388 0.4660 0.4609 0.3167 0.1597 0.1770 0.2464 0.3575 0.4758 0.4495 0.2825 0.1565 0.1846 0.2600 0.3768 0.4808 0.4355 0.2470 0.1556 0.1936 0.2760 0.3993 0.4818 0.4136 0.2050 0.1578 0.2081 0.3020 0.4345 0.4749 0.3633 0.1677 0.1702 0.2376 0.3510 0.4758 0.4445 0.2546 0.1559 0.1960 0.2392 0.1960 0.1559 0.2546 0.4445 0.4758 0.3510 0.2377 0.1702 0.1677 0.3633 0.4749 0.4345 0.3020 0.2081 0.1578 0.2050 0.4136 0.4818 0.3993 0.2760 0.1936 0.1556 0.2470 0.4355 0.4808 0.3768 0.2600 0.1846 0.1565 0.2825 0.4495 0.4758 0.3575 0.2464 0.1770 0.1597 0.3167 0.4609 0.4660 0.3388 0.2335 0.1701 0.1656 0.3482 0.4698 0.4514 0.3209 0.2217 0.1641 0.2028
0.1908 0.2282 0.3301 0.4596 0.4654 0.3322 0.1621 0.1735 0.2401 0.3484 0.4717 0.4553 0.2992 0.1578 0.1809 0.2534 0.3674 0.4790 0.4426 0.2642 0.1558 0.1889 0.2675 0.3871 0.4818 0.4271 0.2297 0.1559 0.1980 0.2832 0.4084 0.4811 0.4052 0.1956 0.1589 0.2112 0.3062 0.4385 0.4739 0.3602 0.1673 0.1702 0.2369 0.3490 0.4747 0.4471 0.2634 0.1556 0.1966 0.2845 0.3586 0.2845 0.1966 0.1556 0.2634 0.4472 0.4746 0.3490 0.2370 0.1702 0.1673 0.3602 0.4739 0.4385 0.3062 0.2112 0.1589 0.1956 0.4052 0.4811 0.4084 0.2832 0.1980 0.1559 0.2297 0.4271 0.4818 0.3871 0.2675 0.1889 0.1558 0.2642 0.4426 0.4790 0.3674 0.2534 0.1809 0.1578 0.2992 0.4553 0.4717 0.3484 0.2401 0.1735 0.1621 0.3322 0.4654 0.4596 0.3301 0.2282 0.1908
0.2448 0.3405 0.4664 0.4604 0.3154 0.1595 0.1772 0.2468 0.3582 0.4761 0.4490 0.2812 0.1565 0.1850 0.2606 0.3776 0.4809 0.4349 0.2459 0.1556 0.1935 0.2753 0.3976 0.4819 0.4177 0.2133 0.1568 0.2028 0.2910 0.4181 0.4797 0.3950 0.1866 0.1605 0.2151 0.3119 0.4439 0.4722 0.3541 0.1660 0.1709 0.2376 0.3490 0.4743 0.4485 0.2687 0.1556 0.1939 0.2825 0.4166 0.4755 0.4166 0.2825 0.1939 0.1557 0.2688 0.4485 0.4742 0.3490 0.2377 0.1709 0.1660 0.3541 0.4722 0.4439 0.3119 0.2151 0.1605 0.1866 0.3950 0.4797 0.4181 0.2910 0.2028 0.1568 0.2133 0.4177 0.4819 0.3976 0.2753 0.1935 0.1556 0.2459 0.4349 0.4809 0.3776 0.2606 0.1850 0.1565 0.2812 0.4490 0.4761 0.3582 0.2468 0.1772 0.1595 0.3154 0.4604 0.4664 0.3405 0.2448
0.3444 0.4733 0.4548 0.2978 0.1576 0.1811 0.2539 0.3682 0.4791 0.4421 0.2628 0.1558 0.1893 0.2681 0.3879 0.4819 0.4264 0.2283 0.1560 0.1982 0.2833 0.4081 0.4812 0.4072 0.1991 0.1582 0.2080 0.2994 0.4282 0.4777 0.3830 0.1788 0.1628 0.2198 0.3188 0.4503 0.4697 0.3454 0.1641 0.1723 0.2396 0.3510 0.4747 0.4485 0.2705 0.1557 0.1925 0.2787 0.4099 0.4776 0.4375 0.4776 0.4099 0.2787 0.1925 0.1557 0.2707 0.4485 0.4746 0.3510 0.2396 0.1723 0.1641 0.3454 0.4697 0.4503 0.3188 0.2198 0.1628 0.1788 0.3830 0.4777 0.4282 0.2994 0.2080 0.1582 0.1991 0.4072 0.4812 0.4081 0.2833 0.1982 0.1560 0.2283 0.4264 0.4819 0.3879 0.2681 0.1893 0.1558 0.2628 0.4421 0.4791 0.3682 0.2539 0.1811 0.1576 0.2978 0.4548 0.4733 0.3444
0.4693 0.4487 0.2798 0.1564 0.1853 0.2612 0.3783 0.4810 0.4344 0.2446 0.1556 0.1938 0.2759 0.3984 0.4819 0.4169 0.2121 0.1568 0.2032 0.2915 0.4186 0.4797 0.3955 0.1876 0.1601 0.2135 0.3080 0.4382 0.4749 0.3696 0.1725 0.1655 0.2251 0.3266 0.4571 0.4665 0.3341 0.1621 0.1743 0.2428 0.3547 0.4758 0.4471 0.2687 0.1557 0.1920 0.2770 0.4060 0.4804 0.3932 0.2621 0.3932 0.4804 0.4060 0.2770 0.1920 0.1557 0.2688 0.4472 0.4758 0.3548 0.2428 0.1743 0.1621 0.3341 0.4665 0.4571 0.3266 0.2251 0.1655 0.1725 0.3696 0.4749 0.4382 0.3080 0.2135 0.1601 0.1876 0.3955 0.4797 0.4186 0.2915 0.2032 0.1568 0.2121 0.4169 0.4819 0.3984 0.2759 0.1938 0.1556 0.2446 0.4344 0.4810 0.3783 0.2612 0.1853 0.1564 0.2798 0.4487 0.4693
0.4497 0.2614 0.1557 0.1896 0.2687 0.3887 0.4819 0.4258 0.2271 0.1560 0.1986 0.2839 0.4089 0.4811 0.4063 0.1981 0.1583 0.2084 0.3000 0.4289 0.4775 0.3826 0.1788 0.1627 0.2192 0.3170 0.4476 0.4715 0.3550 0.1674 0.1686 0.2309 0.3351 0.4637 0.4624 0.3206 0.1600 0.1769 0.2472 0.3602 0.4775 0.4444 0.2634 0.1556 0.1925 0.2770 0.4049 0.4809 0.3969 0.1836 0.1484 0.1836 0.3969 0.4809 0.4049 0.2770 0.1925 0.1557 0.2634 0.4445 0.4775 0.3602 0.2472 0.1769 0.1600 0.3206 0.4624 0.4637 0.3351 0.2309 0.1686 0.1674 0.3550 0.4715 0.4476 0.3170 0.2192 0.1627 0.1788 0.3826 0.4775 0.4289 0.3000 0.2084 0.1583 0.1981 0.4063 0.4811 0.4089 0.2839 0.1986 0.1560 0.2271 0.4258 0.4819 0.3887 0.2687 0.1896 0.1557 0.2614 0.4497
0.2647 0.1558 0.1941 0.2765 0.3991 0.4819 0.4162 0.2110 0.1570 0.2036 0.2922 0.4194 0.4796 0.3945 0.1868 0.1603 0.2139 0.3087 0.4389 0.4747 0.3687 0.1722 0.1656 0.2251 0.3261 0.4561 0.4674 0.3393 0.1635 0.1720 0.2372 0.3442 0.4695 0.4575 0.3055 0.1583 0.1800 0.2524 0.3672 0.4792 0.4404 0.2547 0.1556 0.1938 0.2786 0.4060 0.4809 0.3987 0.1846 0.1599 0.1852 0.1600 0.1846 0.3987 0.4809 0.4060 0.2787 0.1939 0.1556 0.2546 0.4404 0.4793 0.3673 0.2525 0.1801 0.1583 0.3053 0.4575 0.4695 0.3442 0.2373 0.1721 0.1636 0.3393 0.4674 0.4562 0.3261 0.2252 0.1657 0.1722 0.3686 0.4747 0.4389 0.3087 0.2140 0.1603 0.1868 0.3945 0.4796 0.4195 0.2922 0.2037 0.1570 0.2110 0.4162 0.4819 0.3992 0.2765 0.1942 0.1559 0.2647
0.1837 0.1993 0.2845 0.4097 0.4810 0.4055 0.1972 0.1584 0.2088 0.3007 0.4297 0.4773 0.3815 0.1782 0.1629 0.2196 0.3176 0.4482 0.4712 0.3539 0.1671 0.1689 0.2313 0.3354 0.4636 0.4627 0.3228 0.1606 0.1756 0.2438 0.3539 0.4743 0.4518 0.2888 0.1569 0.1835 0.2585 0.3753 0.4807 0.4350 0.2434 0.1557 0.1960 0.2817 0.4091 0.4806 0.3976 0.1850 0.1623 0.2183 0.2700 0.2188 0.1628 0.1846 0.3969 0.4804 0.4099 0.2825 0.1966 0.1559 0.2424 0.4343 0.4808 0.3762 0.2593 0.1841 0.1571 0.2876 0.4512 0.4745 0.3546 0.2445 0.1760 0.1607 0.3221 0.4622 0.4640 0.3361 0.2319 0.1692 0.1671 0.3531 0.4708 0.4488 0.3183 0.2202 0.1632 0.1780 0.3809 0.4770 0.4304 0.3013 0.2094 0.1587 0.1967 0.4049 0.4808 0.4104 0.2851 0.1998 0.1838
0.2197 0.2936 0.4201 0.4794 0.3936 0.1861 0.1605 0.2143 0.3094 0.4396 0.4744 0.3675 0.1717 0.1659 0.2255 0.3267 0.4567 0.4671 0.3382 0.1633 0.1723 0.2377 0.3449 0.4698 0.4574 0.3056 0.1584 0.1794 0.2508 0.3638 0.4779 0.4452 0.2709 0.1560 0.1875 0.2652 0.3843 0.4817 0.4283 0.2303 0.1560 0.1990 0.2860 0.4139 0.4801 0.3941 0.1832 0.1623 0.2217 0.3253 0.4084 0.3240 0.2188 0.1600 0.1836 0.3932 0.4776 0.4166 0.2845 0.1960 0.1539 0.2330 0.4257 0.4800 0.3866 0.2629 0.1845 0.1542 0.2745 0.4423 0.4770 0.3651 0.2479 0.1764 0.1570 0.3094 0.4544 0.4698 0.3454 0.2346 0.1694 0.1623 0.3411 0.4641 0.4577 0.3265 0.2224 0.1631 0.1715 0.3691 0.4716 0.4413 0.3083 0.2111 0.1579 0.1871 0.3933 0.4769 0.4221 0.2917 0.2165
0.3025 0.4319 0.4771 0.3805 0.1777 0.1631 0.2201 0.3183 0.4489 0.4709 0.3526 0.1668 0.1691 0.2318 0.3361 0.4641 0.4623 0.3216 0.1604 0.1759 0.2444 0.3547 0.4747 0.4514 0.2877 0.1569 0.1835 0.2580 0.3738 0.4804 0.4378 0.2525 0.1557 0.1919 0.2726 0.3940 0.4820 0.4203 0.2165 0.1567 0.2027 0.2917 0.4204 0.4790 0.3882 0.1801 0.1631 0.2223 0.3271 0.4641 0.4758 0.4073 0.2700 0.1853 0.1484 0.2621 0.4375 0.4755 0.3586 0.2392 0.1703 0.1513 0.3175 0.4556 0.4644 0.3313 0.2228 0.1625 0.1594 0.3509 0.4650 0.4496 0.3116 0.2110 0.1568 0.1725 0.3773 0.4715 0.4312 0.2935 0.2004 0.1524 0.1946 0.3997 0.4757 0.4106 0.2767 0.1909 0.1494 0.2256 0.4187 0.4776 0.3891 0.2609 0.1822 0.1478 0.2602 0.4345 0.4764 0.3697 0.2560
0.4282 0.4746 0.3661 0.1713 0.1663 0.2264 0.3279 0.4576 0.4665 0.3365 0.1631 0.1728 0.2386 0.3460 0.4704 0.4567 0.3039 0.1584 0.1800 0.2517 0.3649 0.4782 0.4444 0.2690 0.1561 0.1880 0.2658 0.3845 0.4816 0.4293 0.2342 0.1559 0.1968 0.2808 0.4047 0.4814 0.4104 0.2028 0.1580 0.2073 0.2988 0.4284 0.4773 0.3796 0.1760 0.1646 0.2246 0.3285 0.4636 0.4700 0.4508 0.3235 0.2183 0.1599 0.1836 0.3932 0.4776 0.4166 0.2845 0.1960 0.1539 0.2330 0.4257 0.4800 0.3866 0.2629 0.1845 0.1542 0.2745 0.4423 0.4770 0.3651 0.2479 0.1764 0.1570 0.3094 0.4544 0.4698 0.3454 0.2346 0.1694 0.1623 0.3411 0.4641 0.4577 0.3265 0.2224 0.1631 0.1715 0.3691 0.4716 0.4413 0.3083 0.2111 0.1579 0.1871 0.3933 0.4769 0.4221 0.2917 0.2165
0.4734 0.3532 0.1660 0.1679 0.2308 0.3375 0.4648 0.4598 0.3219 0.1595 0.1747 0.2436 0.3565 0.4745 0.4488 0.2880 0.1559 0.1822 0.2575 0.3761 0.4794 0.4354 0.2527 0.1546 0.1906 0.2723 0.3961 0.4805 0.4192 0.2190 0.1553 0.1998 0.2880 0.4162 0.4786 0.3994 0.1917 0.1582 0.2105 0.3059 0.4375 0.4734 0.3705 0.1716 0.1654 0.2268 0.3326 0.4638 0.4555 0.4583 0.3054 0.2188 0.1624 0.1846 0.3969 0.4804 0.4099 0.2825 0.1966 0.1559 0.2424 0.4343 0.4808 0.3762 0.2593 0.1841 0.1571 0.2876 0.4512 0.4745 0.3546 0.2445 0.1760 0.1607 0.3221 0.4622 0.4640 0.3361 0.2319 0.1692 0.1671 0.3531 0.4708 0.4488 0.3183 0.2202 0.1632 0.1780 0.3809 0.4770 0.4304 0.3013 0.2094 0.1587 0.1967 0.4049 0.4808 0.4104 0.2851 0.1998 0.1838
0.3895 0.1746 0.1565 0.2103 0.3104 0.4487 0.4660 0.3537 0.1615 0.1620 0.2218 0.3294 0.4633 0.4574 0.3245 0.1538 0.1683 0.2343 0.3493 0.4727 0.4466 0.2923 0.1500 0.1753 0.2479 0.3702 0.4773 0.4334 0.2578 0.1489 0.1832 0.2628 0.3919 0.4781 0.4168 0.2217 0.1501 0.1930 0.2811 0.4174 0.4752 0.3909 0.1833 0.1554 0.2090 0.3107 0.4518 0.4634 0.3410 0.1933 0.1746 0.1580 0.1845 0.3987 0.4809 0.4060 0.2787 0.1939 0.1556 0.2546 0.4404 0.4793 0.3673 0.2525 0.1801 0.1583 0.3053 0.4575 0.4695 0.3442 0.2373 0.1721 0.1636 0.3393 0.4674 0.4562 0.3261 0.2252 0.1657 0.1722 0.3686 0.4747 0.4389 0.3087 0.2140 0.1603 0.1868 0.3945 0.4796 0.4195 0.2922 0.2037 0.1570 0.2110 0.4162 0.4819 0.3992 0.2765 0.1942 0.1559 0.2647
0.4469 0.2679 0.1533 0.1851 0.2648 0.3910 0.4798 0.4226 0.2319 0.1531 0.1940 0.2806 0.4118 0.4784 0.4043 0.2011 0.1550 0.2038 0.2974 0.4318 0.4744 0.3824 0.1795 0.1590 0.2145 0.3153 0.4497 0.4680 0.3568 0.1667 0.1648 0.2265 0.3347 0.4648 0.4586 0.3240 0.1583 0.1729 0.2430 0.3615 0.4769 0.4405 0.2681 0.1531 0.1881 0.2735 0.4083 0.4783 0.3939 0.1855 0.1461 0.1834 0.3968 0.4810 0.4049 0.2770 0.1925 0.1557 0.2634 0.4445 0.4775 0.3602 0.2472 0.1769 0.1600 0.3206 0.4624 0.4637 0.3351 0.2309 0.1686 0.1674 0.3550 0.4715 0.4476 0.3170 0.2192 0.1627 0.1788 0.3826 0.4775 0.4289 0.3000 0.2084 0.1583 0.1981 0.4063 0.4811 0.4089 0.2839 0.1986 0.1560 0.2271 0.4258 0.4819 0.3887 0.2687 0.1896 0.1557 0.2614 0.4497
0.4695 0.4479 0.2786 0.1566 0.1859 0.2622 0.3794 0.4810 0.4334 0.2433 0.1559 0.1945 0.2769 0.3994 0.4817 0.4160 0.2112 0.1573 0.2040 0.2926 0.4197 0.4793 0.3945 0.1870 0.1606 0.2143 0.3091 0.4391 0.4744 0.3686 0.1722 0.1661 0.2261 0.3277 0.4579 0.4657 0.3327 0.1621 0.1750 0.2439 0.3560 0.4762 0.4462 0.2670 0.1560 0.1929 0.2783 0.4074 0.4800 0.3918 0.2611 0.3931 0.4804 0.4060 0.2770 0.1920 0.1557 0.2688 0.4472 0.4758 0.3548 0.2428 0.1743 0.1621 0.3341 0.4665 0.4571 0.3266 0.2251 0.1655 0.1725 0.3696 0.4749 0.4382 0.3080 0.2135 0.1601 0.1876 0.3955 0.4797 0.4186 0.2915 0.2032 0.1568 0.2121 0.4169 0.4819 0.3984 0.2759 0.1938 0.1556 0.2446 0.4344 0.4810 0.3783 0.2612 0.1853 0.1564 0.2798 0.4487 0.4693
