0.0011 0.0096 0.0683 0.4882 1.0000 1.0000 0.0007 0.0047 0.0333 0.2370 1.0000 1.0000 0.0003 0.0023 0.0161 0.1151 0.8174 1.0000 1.0000 0.0011 0.0078 0.0557 0.3968 1.0000 1.0000 0.0005 0.0038 0.0271 0.1923 1.0000 1.0000 0.0003 0.0018 0.0131 0.0933 0.6644 1.0000 1.0000 0.0009 0.0064 0.0452 0.3225 1.0000 1.0000 0.0004 0.0031 0.0220 0.1566 1.0000 1.0000 1.0000 1.0000 1.0000 0.1566 0.0220 0.0031 0.0004 1.0000 1.0000 0.3225 0.0452 0.0064 0.0009 1.0000 1.0000 0.6644 0.0933 0.0131 0.0018 0.0003 1.0000 1.0000 0.1923 0.0271 0.0038 0.0005 1.0000 1.0000 0.3968 0.0557 0.0078 0.0011 1.0000 1.0000 0.8174 0.1151 0.0161 0.0023 0.0003 1.0000 1.0000 0.2370 0.0333 0.0047 0.0007 1.0000 1.0000 0.4882 0.0683 0.0096 0.0011
0.0096 0.0806 0.5493 1.0000 1.0000 0.0007 0.0051 0.0365 0.2597 1.0000 1.0000 0.0003 0.0025 0.0177 0.1258 0.8956 1.0000 1.0000 0.0012 0.0086 0.0610 0.4347 1.0000 1.0000 0.0006 0.0042 0.0296 0.2106 1.0000 1.0000 0.0003 0.0020 0.0143 0.1023 0.7265 1.0000 1.0000 0.0010 0.0070 0.0495 0.3527 1.0000 1.0000 0.0005 0.0034 0.0241 0.1709 1.0000 1.0000 1.0000 0.0008 1.0000 1.0000 1.0000 0.1709 0.0241 0.0034 0.0005 1.0000 1.0000 0.3527 0.0495 0.0070 0.0010 1.0000 1.0000 0.7265 0.1023 0.0143 0.0020 0.0003 1.0000 1.0000 0.2106 0.0296 0.0042 0.0006 1.0000 1.0000 0.4347 0.0610 0.0086 0.0012 1.0000 1.0000 0.8956 0.1258 0.0177 0.0025 0.0003 1.0000 1.0000 0.2597 0.0365 0.0051 0.0007 1.0000 1.0000 0.5493 0.0806 0.0096
0.0683 0.5493 1.0000 1.0000 0.0006 0.0045 0.0316 0.2234 1.0000 1.0000 0.0003 0.0021 0.0151 0.1076 0.7662 1.0000 1.0000 0.0010 0.0073 0.0523 0.3720 1.0000 1.0000 0.0005 0.0036 0.0253 0.1802 1.0000 1.0000 0.0002 0.0017 0.0123 0.0875 0.6228 1.0000 1.0000 0.0008 0.0060 0.0424 0.3018 1.0000 1.0000 0.0004 0.0029 0.0206 0.1465 1.0000 1.0000 1.0000 0.0015 0.0048 0.0015 1.0000 1.0000 1.0000 0.1465 0.0206 0.0029 0.0004 1.0000 1.0000 0.3018 0.0424 0.0060 0.0008 1.0000 1.0000 0.6228 0.0875 0.0123 0.0017 0.0002 1.0000 1.0000 0.1802 0.0253 0.0036 0.0005 1.0000 1.0000 0.3720 0.0523 0.0073 0.0010 1.0000 1.0000 0.7662 0.1076 0.0151 0.0021 0.0003 1.0000 1.0000 0.2234 0.0316 0.0045 0.0006 1.0000 1.0000 0.5493 0.0683
0.4882 1.0000 1.0000 0.0006 0.0041 0.0285 0.1993 1.0000 1.0000 0.0003 0.0019 0.0132 0.0939 0.6682 1.0000 1.0000 0.0009 0.0064 0.0455 0.3238 1.0000 1.0000 0.0004 0.0031 0.0221 0.1572 1.0000 1.0000 1.0000 0.0015 0.0107 0.0762 0.5421 1.0000 1.0000 0.0007 0.0052 0.0370 0.2631 1.0000 1.0000 0.0004 0.0025 0.0179 0.1275 0.9076 1.0000 1.0000 0.0012 0.0090 0.0298 0.0090 0.0012 1.0000 1.0000 0.9076 0.1275 0.0179 0.0025 0.0004 1.0000 1.0000 0.2631 0.0370 0.0052 0.0007 1.0000 1.0000 0.5421 0.0762 0.0107 0.0015 1.0000 1.0000 1.0000 0.1572 0.0221 0.0031 0.0004 1.0000 1.0000 0.3238 0.0455 0.0064 0.0009 1.0000 1.0000 0.6682 0.0939 0.0132 0.0019 0.0003 1.0000 1.0000 0.1993 0.0285 0.0041 0.0006 1.0000 1.0000 0.4882
1.0000 1.0000 0.0006 0.0041 0.0274 0.1858 1.0000 1.0000 1.0000 0.0016 0.0116 0.0820 0.5827 1.0000 1.0000 0.0008 0.0056 0.0396 0.2818 1.0000 1.0000 0.0004 0.0027 0.0192 0.1368 0.9737 1.0000 1.0000 0.0013 0.0093 0.0663 0.4718 1.0000 1.0000 0.0006 0.0045 0.0322 0.2290 1.0000 1.0000 0.0003 0.0022 0.0156 0.1110 0.7899 1.0000 1.0000 0.0011 0.0076 0.0560 0.1844 0.0560 0.0076 0.0011 1.0000 1.0000 0.7899 0.1110 0.0156 0.0022 0.0003 1.0000 1.0000 0.2290 0.0322 0.0045 0.0006 1.0000 1.0000 0.4718 0.0663 0.0093 0.0013 1.0000 1.0000 0.9737 0.1368 0.0192 0.0027 0.0004 1.0000 1.0000 0.2818 0.0396 0.0056 0.0008 1.0000 1.0000 0.5827 0.0820 0.0116 0.0016 1.0000 1.0000 1.0000 0.1858 0.0274 0.0041 0.0006 1.0000 1.0000
1.0000 0.0007 0.0045 0.0285 0.1858 1.0000 1.0000 1.0000 0.0015 0.0103 0.0725 0.5120 1.0000 1.0000 0.0007 0.0048 0.0345 0.2453 1.0000 1.0000 0.0003 0.0023 0.0167 0.1191 0.8475 1.0000 1.0000 0.0011 0.0081 0.0577 0.4106 1.0000 1.0000 0.0006 0.0039 0.0280 0.1993 1.0000 1.0000 0.0003 0.0019 0.0136 0.0966 0.6875 1.0000 1.0000 0.0009 0.0066 0.0473 0.3467 1.0000 0.3467 0.0473 0.0066 0.0009 1.0000 1.0000 0.6875 0.0966 0.0136 0.0019 0.0003 1.0000 1.0000 0.1993 0.0280 0.0039 0.0006 1.0000 1.0000 0.4106 0.0577 0.0081 0.0011 1.0000 1.0000 0.8475 0.1191 0.0167 0.0023 0.0003 1.0000 1.0000 0.2453 0.0345 0.0048 0.0007 1.0000 1.0000 0.5120 0.0725 0.0103 0.0015 1.0000 1.0000 1.0000 0.1858 0.0285 0.0045 0.0007 1.0000
0.0007 0.0051 0.0316 0.1993 1.0000 1.0000 1.0000 0.0014 0.0095 0.0657 0.4585 1.0000 1.0000 0.0006 0.0042 0.0301 0.2139 1.0000 1.0000 0.0003 0.0020 0.0146 0.1036 0.7376 1.0000 1.0000 0.0010 0.0071 0.0502 0.3574 1.0000 1.0000 0.0005 0.0034 0.0244 0.1735 1.0000 1.0000 1.0000 0.0017 0.0118 0.0841 0.5984 1.0000 1.0000 0.0008 0.0057 0.0408 0.2933 1.0000 1.0000 1.0000 0.2933 0.0408 0.0057 0.0008 1.0000 1.0000 0.5984 0.0841 0.0118 0.0017 1.0000 1.0000 1.0000 0.1735 0.0244 0.0034 0.0005 1.0000 1.0000 0.3574 0.0502 0.0071 0.0010 1.0000 1.0000 0.7376 0.1036 0.0146 0.0020 0.0003 1.0000 1.0000 0.2139 0.0301 0.0042 0.0006 1.0000 1.0000 0.4585 0.0657 0.0095 0.0014 1.0000 1.0000 1.0000 0.1993 0.0316 0.0051 0.0007
0.0047 0.0365 0.2234 1.0000 1.0000 1.0000 0.0014 0.0092 0.0621 0.4241 1.0000 1.0000 0.0005 0.0037 0.0265 0.1872 1.0000 1.0000 0.0003 0.0018 0.0127 0.0902 0.6420 1.0000 1.0000 0.0009 0.0061 0.0437 0.3111 1.0000 1.0000 0.0004 0.0030 0.0212 0.1510 1.0000 1.0000 1.0000 0.0014 0.0103 0.0732 0.5208 1.0000 1.0000 0.0007 0.0050 0.0355 0.2528 1.0000 1.0000 1.0000 1.0000 1.0000 0.2528 0.0355 0.0050 0.0007 1.0000 1.0000 0.5208 0.0732 0.0103 0.0014 1.0000 1.0000 1.0000 0.1510 0.0212 0.0030 0.0004 1.0000 1.0000 0.3111 0.0437 0.0061 0.0009 1.0000 1.0000 0.6420 0.0902 0.0127 0.0018 0.0003 1.0000 1.0000 0.1872 0.0265 0.0037 0.0005 1.0000 1.0000 0.4241 0.0621 0.0092 0.0014 1.0000 1.0000 1.0000 0.2234 0.0365 0.0047
0.0333 0.2597 1.0000 1.0000 1.0000 0.0015 0.0095 0.0621 0.4114 1.0000 1.0000 0.0005 0.0034 0.0236 0.1658 1.0000 1.0000 1.0000 0.0016 0.0110 0.0785 0.5588 1.0000 1.0000 0.0008 0.0053 0.0380 0.2708 1.0000 1.0000 0.0004 0.0026 0.0185 0.1314 0.9356 1.0000 1.0000 0.0013 0.0089 0.0637 0.4533 1.0000 1.0000 0.0006 0.0043 0.0309 0.2201 1.0000 1.0000 0.0003 0.0010 0.0003 1.0000 1.0000 0.2201 0.0309 0.0043 0.0006 1.0000 1.0000 0.4533 0.0637 0.0089 0.0013 1.0000 1.0000 0.9356 0.1314 0.0185 0.0026 0.0004 1.0000 1.0000 0.2708 0.0380 0.0053 0.0008 1.0000 1.0000 0.5588 0.0785 0.0110 0.0016 1.0000 1.0000 1.0000 0.1658 0.0236 0.0034 0.0005 1.0000 1.0000 0.4114 0.0621 0.0095 0.0015 1.0000 1.0000 1.0000 0.2597 0.0333
0.2370 1.0000 1.0000 0.0003 0.0016 0.0103 0.0657 0.4241 1.0000 1.0000 0.0005 0.0031 0.0216 0.1499 1.0000 1.0000 1.0000 0.0014 0.0097 0.0686 0.4873 1.0000 1.0000 0.0007 0.0047 0.0331 0.2357 1.0000 1.0000 0.0003 0.0023 0.0161 0.1144 0.8143 1.0000 1.0000 0.0011 0.0078 0.0554 0.3946 1.0000 1.0000 0.0005 0.0038 0.0269 0.1915 1.0000 1.0000 0.0003 0.0019 0.0063 0.0019 0.0003 1.0000 1.0000 0.1915 0.0269 0.0038 0.0005 1.0000 1.0000 0.3946 0.0554 0.0078 0.0011 1.0000 1.0000 0.8143 0.1144 0.0161 0.0023 0.0003 1.0000 1.0000 0.2357 0.0331 0.0047 0.0007 1.0000 1.0000 0.4873 0.0686 0.0097 0.0014 1.0000 1.0000 1.0000 0.1499 0.0216 0.0031 0.0005 1.0000 1.0000 0.4241 0.0657 0.0103 0.0016 0.0003 1.0000 1.0000 0.2370
1.0000 1.0000 0.0003 0.0019 0.0116 0.0725 0.4585 1.0000 1.0000 0.0005 0.0031 0.0205 0.1397 0.9590 1.0000 1.0000 0.0012 0.0085 0.0603 0.4257 1.0000 1.0000 0.0006 0.0040 0.0288 0.2051 1.0000 1.0000 0.0003 0.0020 0.0140 0.0996 0.7088 1.0000 1.0000 0.0010 0.0068 0.0482 0.3434 1.0000 1.0000 0.0005 0.0033 0.0234 0.1667 1.0000 1.0000 1.0000 0.0016 0.0118 0.0389 0.0118 0.0016 1.0000 1.0000 1.0000 0.1667 0.0234 0.0033 0.0005 1.0000 1.0000 0.3434 0.0482 0.0068 0.0010 1.0000 1.0000 0.7088 0.0996 0.0140 0.0020 0.0003 1.0000 1.0000 0.2051 0.0288 0.0040 0.0006 1.0000 1.0000 0.4257 0.0603 0.0085 0.0012 1.0000 1.0000 0.9590 0.1397 0.0205 0.0031 0.0005 1.0000 1.0000 0.4585 0.0725 0.0116 0.0019 0.0003 1.0000 1.0000
1.0000 0.0003 0.0021 0.0132 0.0820 0.5120 1.0000 1.0000 0.0005 0.0031 0.0205 0.1363 0.9145 1.0000 1.0000 0.0011 0.0077 0.0536 0.3770 1.0000 1.0000 0.0005 0.0035 0.0251 0.1785 1.0000 1.0000 0.0002 0.0017 0.0122 0.0867 0.6169 1.0000 1.0000 0.0008 0.0059 0.0420 0.2989 1.0000 1.0000 0.0004 0.0029 0.0204 0.1451 1.0000 1.0000 1.0000 0.0014 0.0100 0.0732 0.2411 0.0732 0.0100 0.0014 1.0000 1.0000 1.0000 0.1451 0.0204 0.0029 0.0004 1.0000 1.0000 0.2989 0.0420 0.0059 0.0008 1.0000 1.0000 0.6169 0.0867 0.0122 0.0017 0.0002 1.0000 1.0000 0.1785 0.0251 0.0035 0.0005 1.0000 1.0000 0.3770 0.0536 0.0077 0.0011 1.0000 1.0000 0.9145 0.1363 0.0205 0.0031 0.0005 1.0000 1.0000 0.5120 0.0820 0.0132 0.0021 0.0003 1.0000
0.0003 0.0025 0.0151 0.0939 0.5827 1.0000 1.0000 0.0005 0.0034 0.0216 0.1397 0.9145 1.0000 1.0000 0.0010 0.0071 0.0487 0.3389 1.0000 1.0000 0.0004 0.0031 0.0220 0.1560 1.0000 1.0000 1.0000 0.0015 0.0106 0.0754 0.5369 1.0000 1.0000 0.0007 0.0051 0.0365 0.2602 1.0000 1.0000 0.0004 0.0025 0.0177 0.1263 0.8990 1.0000 1.0000 0.0012 0.0086 0.0619 0.4533 1.0000 0.4533 0.0619 0.0086 0.0012 1.0000 1.0000 0.8990 0.1263 0.0177 0.0025 0.0004 1.0000 1.0000 0.2602 0.0365 0.0051 0.0007 1.0000 1.0000 0.5369 0.0754 0.0106 0.0015 1.0000 1.0000 1.0000 0.1560 0.0220 0.0031 0.0004 1.0000 1.0000 0.3389 0.0487 0.0071 0.0010 1.0000 1.0000 0.9145 0.1397 0.0216 0.0034 0.0005 1.0000 1.0000 0.5827 0.0939 0.0151 0.0025 0.0003
0.0023 0.0177 0.1076 0.6682 1.0000 1.0000 0.0006 0.0037 0.0236 0.1499 0.9590 1.0000 1.0000 0.0010 0.0068 0.0457 0.3129 1.0000 1.0000 0.0004 0.0028 0.0194 0.1371 0.9700 1.0000 1.0000 0.0013 0.0092 0.0657 0.4673 1.0000 1.0000 0.0006 0.0045 0.0318 0.2264 1.0000 1.0000 0.0003 0.0022 0.0154 0.1099 0.7824 1.0000 1.0000 0.0011 0.0075 0.0534 0.3835 1.0000 1.0000 1.0000 0.3835 0.0534 0.0075 0.0011 1.0000 1.0000 0.7824 0.1099 0.0154 0.0022 0.0003 1.0000 1.0000 0.2264 0.0318 0.0045 0.0006 1.0000 1.0000 0.4673 0.0657 0.0092 0.0013 1.0000 1.0000 0.9700 0.1371 0.0194 0.0028 0.0004 1.0000 1.0000 0.3129 0.0457 0.0068 0.0010 1.0000 1.0000 0.9590 0.1499 0.0236 0.0037 0.0006 1.0000 1.0000 0.6682 0.1076 0.0177 0.0023
0.0161 0.1258 0.7662 1.0000 1.0000 0.0007 0.0042 0.0265 0.1658 1.0000 1.0000 1.0000 0.0010 0.0068 0.0448 0.3000 1.0000 1.0000 0.0004 0.0025 0.0173 0.1218 0.8572 1.0000 1.0000 0.0011 0.0080 0.0573 0.4068 1.0000 1.0000 0.0005 0.0039 0.0277 0.1971 1.0000 1.0000 0.0003 0.0019 0.0134 0.0957 0.6810 1.0000 1.0000 0.0009 0.0065 0.0464 0.3300 1.0000 1.0000 1.0000 1.0000 1.0000 0.3300 0.0464 0.0065 0.0009 1.0000 1.0000 0.6810 0.0957 0.0134 0.0019 0.0003 1.0000 1.0000 0.1971 0.0277 0.0039 0.0005 1.0000 1.0000 0.4068 0.0573 0.0080 0.0011 1.0000 1.0000 0.8572 0.1218 0.0173 0.0025 0.0004 1.0000 1.0000 0.3000 0.0448 0.0068 0.0010 1.0000 1.0000 1.0000 0.1658 0.0265 0.0042 0.0007 1.0000 1.0000 0.7662 0.1258 0.0161
0.1151 0.8956 1.0000 1.0000 0.0008 0.0048 0.0301 0.1872 1.0000 1.0000 1.0000 0.0011 0.0071 0.0457 0.3000 1.0000 1.0000 0.0003 0.0023 0.0159 0.1099 0.7677 1.0000 1.0000 0.0010 0.0071 0.0500 0.3554 1.0000 1.0000 0.0005 0.0034 0.0241 0.1715 1.0000 1.0000 1.0000 0.0016 0.0117 0.0833 0.5927 1.0000 1.0000 0.0008 0.0057 0.0403 0.2872 1.0000 1.0000 0.0004 0.0013 0.0004 1.0000 1.0000 0.2872 0.0403 0.0057 0.0008 1.0000 1.0000 0.5927 0.0833 0.0117 0.0016 1.0000 1.0000 1.0000 0.1715 0.0241 0.0034 0.0005 1.0000 1.0000 0.3554 0.0500 0.0071 0.0010 1.0000 1.0000 0.7677 0.1099 0.0159 0.0023 0.0003 1.0000 1.0000 0.3000 0.0457 0.0071 0.0011 1.0000 1.0000 1.0000 0.1872 0.0301 0.0048 0.0008 1.0000 1.0000 0.8956 0.1151
0.8174 1.0000 1.0000 0.0009 0.0056 0.0345 0.2139 1.0000 1.0000 1.0000 0.0012 0.0077 0.0487 0.3129 1.0000 1.0000 0.0003 0.0022 0.0150 0.1021 0.7021 1.0000 1.0000 0.0009 0.0062 0.0441 0.3117 1.0000 1.0000 0.0004 0.0029 0.0210 0.1493 1.0000 1.0000 1.0000 0.0014 0.0102 0.0725 0.5159 1.0000 1.0000 0.0007 0.0049 0.0351 0.2500 1.0000 1.0000 0.0003 0.0025 0.0082 0.0025 0.0003 1.0000 1.0000 0.2500 0.0351 0.0049 0.0007 1.0000 1.0000 0.5159 0.0725 0.0102 0.0014 1.0000 1.0000 1.0000 0.1493 0.0210 0.0029 0.0004 1.0000 1.0000 0.3117 0.0441 0.0062 0.0009 1.0000 1.0000 0.7021 0.1021 0.0150 0.0022 0.0003 1.0000 1.0000 0.3129 0.0487 0.0077 0.0012 1.0000 1.0000 1.0000 0.2139 0.0345 0.0056 0.0009 1.0000 1.0000 0.8174
1.0000 1.0000 0.0010 0.0064 0.0396 0.2453 1.0000 1.0000 1.0000 0.0014 0.0085 0.0536 0.3389 1.0000 1.0000 0.0003 0.0022 0.0146 0.0981 0.6644 1.0000 1.0000 0.0008 0.0056 0.0393 0.2760 1.0000 1.0000 0.0004 0.0026 0.0183 0.1302 0.9250 1.0000 1.0000 0.0012 0.0089 0.0631 0.4490 1.0000 1.0000 0.0006 0.0043 0.0306 0.2176 1.0000 1.0000 0.0003 0.0021 0.0154 0.0509 0.0154 0.0021 0.0003 1.0000 1.0000 0.2176 0.0306 0.0043 0.0006 1.0000 1.0000 0.4490 0.0631 0.0089 0.0012 1.0000 1.0000 0.9250 0.1302 0.0183 0.0026 0.0004 1.0000 1.0000 0.2760 0.0393 0.0056 0.0008 1.0000 1.0000 0.6644 0.0981 0.0146 0.0022 0.0003 1.0000 1.0000 0.3389 0.0536 0.0085 0.0014 1.0000 1.0000 1.0000 0.2453 0.0396 0.0064 0.0010 1.0000 1.0000
1.0000 0.0012 0.0073 0.0455 0.2818 1.0000 1.0000 0.0003 0.0016 0.0097 0.0603 0.3770 1.0000 1.0000 0.0004 0.0023 0.0150 0.0981 0.6506 1.0000 1.0000 0.0007 0.0052 0.0357 0.2485 1.0000 1.0000 0.0003 0.0023 0.0160 0.1137 0.8082 1.0000 1.0000 0.0011 0.0077 0.0549 0.3908 1.0000 1.0000 0.0005 0.0037 0.0266 0.1894 1.0000 1.0000 0.0003 0.0018 0.0130 0.0955 0.3146 0.0955 0.0130 0.0018 0.0003 1.0000 1.0000 0.1894 0.0266 0.0037 0.0005 1.0000 1.0000 0.3908 0.0549 0.0077 0.0011 1.0000 1.0000 0.8082 0.1137 0.0160 0.0023 0.0003 1.0000 1.0000 0.2485 0.0357 0.0052 0.0007 1.0000 1.0000 0.6506 0.0981 0.0150 0.0023 0.0004 1.0000 1.0000 0.3770 0.0603 0.0097 0.0016 0.0003 1.0000 1.0000 0.2818 0.0455 0.0073 0.0012 1.0000
0.0011 0.0086 0.0523 0.3238 1.0000 1.0000 0.0003 0.0018 0.0110 0.0686 0.4257 1.0000 1.0000 0.0004 0.0025 0.0159 0.1021 0.6644 1.0000 1.0000 0.0007 0.0049 0.0332 0.2282 1.0000 1.0000 0.0003 0.0020 0.0142 0.1001 0.7088 1.0000 1.0000 0.0009 0.0067 0.0478 0.3402 1.0000 1.0000 0.0005 0.0033 0.0232 0.1648 1.0000 1.0000 1.0000 0.0016 0.0112 0.0808 0.5916 1.0000 0.5916 0.0808 0.0112 0.0016 1.0000 1.0000 1.0000 0.1648 0.0232 0.0033 0.0005 1.0000 1.0000 0.3402 0.0478 0.0067 0.0009 1.0000 1.0000 0.7088 0.1001 0.0142 0.0020 0.0003 1.0000 1.0000 0.2282 0.0332 0.0049 0.0007 1.0000 1.0000 0.6644 0.1021 0.0159 0.0025 0.0004 1.0000 1.0000 0.4257 0.0686 0.0110 0.0018 0.0003 1.0000 1.0000 0.3238 0.0523 0.0086 0.0011
0.0078 0.0610 0.3720 1.0000 1.0000 0.0003 0.0020 0.0127 0.0785 0.4873 1.0000 1.0000 0.0004 0.0028 0.0173 0.1099 0.7021 1.0000 1.0000 0.0007 0.0048 0.0321 0.2163 1.0000 1.0000 0.0003 0.0018 0.0127 0.0890 0.6264 1.0000 1.0000 0.0008 0.0059 0.0417 0.2961 1.0000 1.0000 0.0004 0.0028 0.0202 0.1435 1.0000 1.0000 1.0000 0.0014 0.0098 0.0696 0.5004 1.0000 1.0000 1.0000 0.5004 0.0696 0.0098 0.0014 1.0000 1.0000 1.0000 0.1435 0.0202 0.0028 0.0004 1.0000 1.0000 0.2961 0.0417 0.0059 0.0008 1.0000 1.0000 0.6264 0.0890 0.0127 0.0018 0.0003 1.0000 1.0000 0.2163 0.0321 0.0048 0.0007 1.0000 1.0000 0.7021 0.1099 0.0173 0.0028 0.0004 1.0000 1.0000 0.4873 0.0785 0.0127 0.0020 0.0003 1.0000 1.0000 0.3720 0.0610 0.0078
0.0557 0.4347 1.0000 1.0000 0.0004 0.0023 0.0146 0.0902 0.5588 1.0000 1.0000 0.0005 0.0031 0.0194 0.1218 0.7677 1.0000 1.0000 0.0007 0.0049 0.0321 0.2123 1.0000 1.0000 0.0002 0.0017 0.0116 0.0803 0.5609 1.0000 1.0000 0.0007 0.0052 0.0364 0.2587 1.0000 1.0000 0.0003 0.0025 0.0175 0.1249 0.8888 1.0000 1.0000 0.0012 0.0085 0.0606 0.4315 1.0000 1.0000 0.0003 1.0000 1.0000 0.4315 0.0606 0.0085 0.0012 1.0000 1.0000 0.8888 0.1249 0.0175 0.0025 0.0003 1.0000 1.0000 0.2587 0.0364 0.0052 0.0007 1.0000 1.0000 0.5609 0.0803 0.0116 0.0017 0.0002 1.0000 1.0000 0.2123 0.0321 0.0049 0.0007 1.0000 1.0000 0.7677 0.1218 0.0194 0.0031 0.0005 1.0000 1.0000 0.5588 0.0902 0.0146 0.0023 0.0004 1.0000 1.0000 0.4347 0.0557
0.3968 1.0000 1.0000 0.0004 0.0027 0.0167 0.1036 0.6420 1.0000 1.0000 0.0006 0.0035 0.0220 0.1371 0.8572 1.0000 1.0000 0.0008 0.0052 0.0332 0.2163 1.0000 1.0000 0.0002 0.0016 0.0108 0.0740 0.5120 1.0000 1.0000 0.0006 0.0046 0.0321 0.2273 1.0000 1.0000 0.0003 0.0021 0.0153 0.1087 0.7736 1.0000 1.0000 0.0010 0.0074 0.0528 0.3755 1.0000 1.0000 0.0005 0.0017 0.0005 1.0000 1.0000 0.3755 0.0528 0.0074 0.0010 1.0000 1.0000 0.7736 0.1087 0.0153 0.0021 0.0003 1.0000 1.0000 0.2273 0.0321 0.0046 0.0006 1.0000 1.0000 0.5120 0.0740 0.0108 0.0016 0.0002 1.0000 1.0000 0.2163 0.0332 0.0052 0.0008 1.0000 1.0000 0.8572 0.1371 0.0220 0.0035 0.0006 1.0000 1.0000 0.6420 0.1036 0.0167 0.0027 0.0004 1.0000 1.0000 0.3968
1.0000 1.0000 0.0005 0.0031 0.0192 0.1191 0.7376 1.0000 1.0000 0.0007 0.0040 0.0251 0.1560 0.9700 1.0000 1.0000 0.0009 0.0056 0.0357 0.2282 1.0000 1.0000 0.0002 0.0016 0.0104 0.0703 0.4781 1.0000 1.0000 0.0006 0.0041 0.0287 0.2012 1.0000 1.0000 0.0003 0.0019 0.0133 0.0948 0.6733 1.0000 1.0000 0.0009 0.0065 0.0459 0.3268 1.0000 1.0000 0.0004 0.0033 0.0107 0.0033 0.0004 1.0000 1.0000 0.3268 0.0459 0.0065 0.0009 1.0000 1.0000 0.6733 0.0948 0.0133 0.0019 0.0003 1.0000 1.0000 0.2012 0.0287 0.0041 0.0006 1.0000 1.0000 0.4781 0.0703 0.0104 0.0016 0.0002 1.0000 1.0000 0.2282 0.0357 0.0056 0.0009 1.0000 1.0000 0.9700 0.1560 0.0251 0.0040 0.0007 1.0000 1.0000 0.7376 0.1191 0.0192 0.0031 0.0005 1.0000 1.0000
1.0000 0.0006 0.0036 0.0221 0.1368 0.8475 1.0000 1.0000 0.0008 0.0047 0.0288 0.1785 1.0000 1.0000 1.0000 0.0010 0.0062 0.0393 0.2485 1.0000 1.0000 0.0002 0.0016 0.0104 0.0691 0.4620 1.0000 1.0000 0.0005 0.0037 0.0259 0.1809 1.0000 1.0000 1.0000 0.0016 0.0117 0.0828 0.5882 1.0000 1.0000 0.0008 0.0056 0.0400 0.2845 1.0000 1.0000 0.0004 0.0028 0.0202 0.0664 0.0202 0.0028 0.0004 1.0000 1.0000 0.2845 0.0400 0.0056 0.0008 1.0000 1.0000 0.5882 0.0828 0.0117 0.0016 1.0000 1.0000 1.0000 0.1809 0.0259 0.0037 0.0005 1.0000 1.0000 0.4620 0.0691 0.0104 0.0016 0.0002 1.0000 1.0000 0.2485 0.0393 0.0062 0.0010 1.0000 1.0000 1.0000 0.1785 0.0288 0.0047 0.0008 1.0000 1.0000 0.8475 0.1368 0.0221 0.0036 0.0006 1.0000
0.0005 0.0042 0.0253 0.1572 0.9737 1.0000 1.0000 0.0009 0.0053 0.0331 0.2051 1.0000 1.0000 1.0000 0.0011 0.0071 0.0441 0.2760 1.0000 1.0000 0.0003 0.0017 0.0108 0.0703 0.4620 1.0000 1.0000 0.0005 0.0035 0.0240 0.1654 1.0000 1.0000 1.0000 0.0015 0.0103 0.0729 0.5159 1.0000 1.0000 0.0007 0.0049 0.0348 0.2476 1.0000 1.0000 0.0003 0.0024 0.0170 0.1249 0.4114 0.1249 0.0170 0.0024 0.0003 1.0000 1.0000 0.2476 0.0348 0.0049 0.0007 1.0000 1.0000 0.5159 0.0729 0.0103 0.0015 1.0000 1.0000 1.0000 0.1654 0.0240 0.0035 0.0005 1.0000 1.0000 0.4620 0.0703 0.0108 0.0017 0.0003 1.0000 1.0000 0.2760 0.0441 0.0071 0.0011 1.0000 1.0000 1.0000 0.2051 0.0331 0.0053 0.0009 1.0000 1.0000 0.9737 0.1572 0.0253 0.0042 0.0005
0.0038 0.0296 0.1802 1.0000 1.0000 1.0000 0.0010 0.0061 0.0380 0.2357 1.0000 1.0000 1.0000 0.0013 0.0080 0.0500 0.3117 1.0000 1.0000 0.0003 0.0018 0.0116 0.0740 0.4781 1.0000 1.0000 0.0005 0.0034 0.0228 0.1554 1.0000 1.0000 1.0000 0.0013 0.0092 0.0648 0.4559 1.0000 1.0000 0.0006 0.0043 0.0303 0.2155 1.0000 1.0000 0.0003 0.0021 0.0147 0.1056 0.7736 1.0000 0.7736 0.1056 0.0147 0.0021 0.0003 1.0000 1.0000 0.2155 0.0303 0.0043 0.0006 1.0000 1.0000 0.4559 0.0648 0.0092 0.0013 1.0000 1.0000 1.0000 0.1554 0.0228 0.0034 0.0005 1.0000 1.0000 0.4781 0.0740 0.0116 0.0018 0.0003 1.0000 1.0000 0.3117 0.0500 0.0080 0.0013 1.0000 1.0000 1.0000 0.2357 0.0380 0.0061 0.0010 1.0000 1.0000 1.0000 0.1802 0.0296 0.0038
0.0271 0.2106 1.0000 1.0000 1.0000 0.0011 0.0071 0.0437 0.2708 1.0000 1.0000 0.0002 0.0015 0.0092 0.0573 0.3554 1.0000 1.0000 0.0003 0.0020 0.0127 0.0803 0.5120 1.0000 1.0000 0.0005 0.0034 0.0225 0.1504 1.0000 1.0000 1.0000 0.0012 0.0084 0.0583 0.4075 1.0000 1.0000 0.0005 0.0037 0.0266 0.1879 1.0000 1.0000 0.0003 0.0018 0.0128 0.0911 0.6544 1.0000 1.0000 1.0000 0.6544 0.0911 0.0128 0.0018 0.0003 1.0000 1.0000 0.1879 0.0266 0.0037 0.0005 1.0000 1.0000 0.4075 0.0583 0.0084 0.0012 1.0000 1.0000 1.0000 0.1504 0.0225 0.0034 0.0005 1.0000 1.0000 0.5120 0.0803 0.0127 0.0020 0.0003 1.0000 1.0000 0.3554 0.0573 0.0092 0.0015 0.0002 1.0000 1.0000 0.2708 0.0437 0.0071 0.0011 1.0000 1.0000 1.0000 0.2106 0.0271
0.1923 1.0000 1.0000 1.0000 0.0013 0.0081 0.0502 0.3111 1.0000 1.0000 0.0003 0.0017 0.0106 0.0657 0.4068 1.0000 1.0000 0.0004 0.0023 0.0142 0.0890 0.5609 1.0000 1.0000 0.0005 0.0035 0.0228 0.1504 0.9962 1.0000 1.0000 0.0011 0.0078 0.0535 0.3699 1.0000 1.0000 0.0005 0.0033 0.0234 0.1651 1.0000 1.0000 1.0000 0.0016 0.0111 0.0791 0.5631 1.0000 1.0000 0.0004 1.0000 1.0000 0.5631 0.0791 0.0111 0.0016 1.0000 1.0000 1.0000 0.1651 0.0234 0.0033 0.0005 1.0000 1.0000 0.3699 0.0535 0.0078 0.0011 1.0000 1.0000 0.9962 0.1504 0.0228 0.0035 0.0005 1.0000 1.0000 0.5609 0.0890 0.0142 0.0023 0.0004 1.0000 1.0000 0.4068 0.0657 0.0106 0.0017 0.0003 1.0000 1.0000 0.3111 0.0502 0.0081 0.0013 1.0000 1.0000 1.0000 0.1923
1.0000 1.0000 0.0002 0.0015 0.0093 0.0577 0.3574 1.0000 1.0000 0.0003 0.0020 0.0122 0.0754 0.4673 1.0000 1.0000 0.0004 0.0026 0.0160 0.1001 0.6264 1.0000 1.0000 0.0006 0.0037 0.0240 0.1554 1.0000 1.0000 1.0000 0.0011 0.0074 0.0503 0.3441 1.0000 1.0000 0.0004 0.0030 0.0208 0.1465 1.0000 1.0000 1.0000 0.0014 0.0097 0.0690 0.4901 1.0000 1.0000 0.0007 0.0023 0.0007 1.0000 1.0000 0.4901 0.0690 0.0097 0.0014 1.0000 1.0000 1.0000 0.1465 0.0208 0.0030 0.0004 1.0000 1.0000 0.3441 0.0503 0.0074 0.0011 1.0000 1.0000 1.0000 0.1554 0.0240 0.0037 0.0006 1.0000 1.0000 0.6264 0.1001 0.0160 0.0026 0.0004 1.0000 1.0000 0.4673 0.0754 0.0122 0.0020 0.0003 1.0000 1.0000 0.3574 0.0577 0.0093 0.0015 0.0002 1.0000 1.0000
1.0000 0.0003 0.0017 0.0107 0.0663 0.4106 1.0000 1.0000 0.0004 0.0023 0.0140 0.0867 0.5369 1.0000 1.0000 0.0005 0.0029 0.0183 0.1137 0.7088 1.0000 1.0000 0.0006 0.0041 0.0259 0.1654 1.0000 1.0000 1.0000 0.0011 0.0073 0.0488 0.3287 1.0000 1.0000 0.0004 0.0027 0.0188 0.1312 0.9197 1.0000 1.0000 0.0012 0.0085 0.0603 0.4282 1.0000 1.0000 0.0006 0.0042 0.0140 0.0042 0.0006 1.0000 1.0000 0.4282 0.0603 0.0085 0.0012 1.0000 1.0000 0.9197 0.1312 0.0188 0.0027 0.0004 1.0000 1.0000 0.3287 0.0488 0.0073 0.0011 1.0000 1.0000 1.0000 0.1654 0.0259 0.0041 0.0006 1.0000 1.0000 0.7088 0.1137 0.0183 0.0029 0.0005 1.0000 1.0000 0.5369 0.0867 0.0140 0.0023 0.0004 1.0000 1.0000 0.4106 0.0663 0.0107 0.0017 0.0003 1.0000
0.0003 0.0020 0.0123 0.0762 0.4718 1.0000 1.0000 0.0004 0.0026 0.0161 0.0996 0.6169 1.0000 1.0000 0.0005 0.0034 0.0210 0.1302 0.8082 1.0000 1.0000 0.0007 0.0046 0.0287 0.1809 1.0000 1.0000 1.0000 0.0011 0.0074 0.0488 0.3231 1.0000 1.0000 0.0004 0.0025 0.0173 0.1195 0.8315 1.0000 1.0000 0.0011 0.0075 0.0531 0.3755 1.0000 1.0000 0.0005 0.0036 0.0263 0.0868 0.0263 0.0036 0.0005 1.0000 1.0000 0.3755 0.0531 0.0075 0.0011 1.0000 1.0000 0.8315 0.1195 0.0173 0.0025 0.0004 1.0000 1.0000 0.3231 0.0488 0.0074 0.0011 1.0000 1.0000 1.0000 0.1809 0.0287 0.0046 0.0007 1.0000 1.0000 0.8082 0.1302 0.0210 0.0034 0.0005 1.0000 1.0000 0.6169 0.0996 0.0161 0.0026 0.0004 1.0000 1.0000 0.4718 0.0762 0.0123 0.0020 0.0003
0.0018 0.0143 0.0875 0.5421 1.0000 1.0000 0.0005 0.0030 0.0185 0.1144 0.7088 1.0000 1.0000 0.0006 0.0039 0.0241 0.1493 0.9250 1.0000 1.0000 0.0008 0.0052 0.0321 0.2012 1.0000 1.0000 1.0000 0.0012 0.0078 0.0503 0.3287 1.0000 1.0000 0.0004 0.0024 0.0163 0.1112 0.7648 1.0000 1.0000 0.0010 0.0067 0.0470 0.3312 1.0000 1.0000 0.0004 0.0031 0.0223 0.1633 0.5390 0.1633 0.0223 0.0031 0.0004 1.0000 1.0000 0.3312 0.0470 0.0067 0.0010 1.0000 1.0000 0.7648 0.1112 0.0163 0.0024 0.0004 1.0000 1.0000 0.3287 0.0503 0.0078 0.0012 1.0000 1.0000 1.0000 0.2012 0.0321 0.0052 0.0008 1.0000 1.0000 0.9250 0.1493 0.0241 0.0039 0.0006 1.0000 1.0000 0.7088 0.1144 0.0185 0.0030 0.0005 1.0000 1.0000 0.5421 0.0875 0.0143 0.0018
0.0131 0.1023 0.6228 1.0000 1.0000 0.0006 0.0034 0.0212 0.1314 0.8143 1.0000 1.0000 0.0007 0.0045 0.0277 0.1715 1.0000 1.0000 1.0000 0.0009 0.0059 0.0364 0.2273 1.0000 1.0000 1.0000 0.0013 0.0084 0.0535 0.3441 1.0000 1.0000 0.0004 0.0024 0.0158 0.1064 0.7210 1.0000 1.0000 0.0009 0.0061 0.0422 0.2955 1.0000 1.0000 0.0004 0.0027 0.0193 0.1386 1.0000 1.0000 1.0000 0.1386 0.0193 0.0027 0.0004 1.0000 1.0000 0.2955 0.0422 0.0061 0.0009 1.0000 1.0000 0.7210 0.1064 0.0158 0.0024 0.0004 1.0000 1.0000 0.3441 0.0535 0.0084 0.0013 1.0000 1.0000 1.0000 0.2273 0.0364 0.0059 0.0009 1.0000 1.0000 1.0000 0.1715 0.0277 0.0045 0.0007 1.0000 1.0000 0.8143 0.1314 0.0212 0.0034 0.0006 1.0000 1.0000 0.6228 0.1023 0.0131
0.0933 0.7265 1.0000 1.0000 0.0006 0.0039 0.0244 0.1510 0.9356 1.0000 1.0000 0.0008 0.0051 0.0318 0.1971 1.0000 1.0000 1.0000 0.0011 0.0067 0.0417 0.2587 1.0000 1.0000 1.0000 0.0015 0.0092 0.0583 0.3699 1.0000 1.0000 0.0004 0.0024 0.0158 0.1048 0.6994 1.0000 1.0000 0.0008 0.0056 0.0385 0.2677 1.0000 1.0000 0.0003 0.0024 0.0170 0.1204 0.8621 1.0000 1.0000 1.0000 0.8621 0.1204 0.0170 0.0024 0.0003 1.0000 1.0000 0.2677 0.0385 0.0056 0.0008 1.0000 1.0000 0.6994 0.1048 0.0158 0.0024 0.0004 1.0000 1.0000 0.3699 0.0583 0.0092 0.0015 1.0000 1.0000 1.0000 0.2587 0.0417 0.0067 0.0011 1.0000 1.0000 1.0000 0.1971 0.0318 0.0051 0.0008 1.0000 1.0000 0.9356 0.1510 0.0244 0.0039 0.0006 1.0000 1.0000 0.7265 0.0933
0.6644 1.0000 1.0000 0.0007 0.0045 0.0280 0.1735 1.0000 1.0000 1.0000 0.0010 0.0059 0.0365 0.2264 1.0000 1.0000 1.0000 0.0012 0.0077 0.0478 0.2961 1.0000 1.0000 0.0003 0.0016 0.0103 0.0648 0.4075 1.0000 1.0000 0.0004 0.0025 0.0163 0.1064 0.6994 1.0000 1.0000 0.0008 0.0053 0.0360 0.2471 1.0000 1.0000 0.0003 0.0022 0.0151 0.1064 0.7518 1.0000 1.0000 0.0005 1.0000 1.0000 0.7518 0.1064 0.0151 0.0022 0.0003 1.0000 1.0000 0.2471 0.0360 0.0053 0.0008 1.0000 1.0000 0.6994 0.1064 0.0163 0.0025 0.0004 1.0000 1.0000 0.4075 0.0648 0.0103 0.0016 0.0003 1.0000 1.0000 0.2961 0.0478 0.0077 0.0012 1.0000 1.0000 1.0000 0.2264 0.0365 0.0059 0.0010 1.0000 1.0000 1.0000 0.1735 0.0280 0.0045 0.0007 1.0000 1.0000 0.6644
1.0000 1.0000 0.0008 0.0052 0.0322 0.1993 1.0000 1.0000 1.0000 0.0011 0.0068 0.0420 0.2602 1.0000 1.0000 1.0000 0.0014 0.0089 0.0549 0.3402 1.0000 1.0000 0.0003 0.0019 0.0117 0.0729 0.4559 1.0000 1.0000 0.0004 0.0027 0.0173 0.1112 0.7210 1.0000 1.0000 0.0008 0.0051 0.0344 0.2334 1.0000 1.0000 0.0003 0.0020 0.0136 0.0951 0.6682 1.0000 1.0000 0.0009 0.0030 0.0009 1.0000 1.0000 0.6682 0.0951 0.0136 0.0020 0.0003 1.0000 1.0000 0.2334 0.0344 0.0051 0.0008 1.0000 1.0000 0.7210 0.1112 0.0173 0.0027 0.0004 1.0000 1.0000 0.4559 0.0729 0.0117 0.0019 0.0003 1.0000 1.0000 0.3402 0.0549 0.0089 0.0014 1.0000 1.0000 1.0000 0.2602 0.0420 0.0068 0.0011 1.0000 1.0000 1.0000 0.1993 0.0322 0.0052 0.0008 1.0000 1.0000
1.0000 0.0010 0.0060 0.0370 0.2290 1.0000 1.0000 1.0000 0.0013 0.0078 0.0482 0.2989 1.0000 1.0000 0.0003 0.0016 0.0102 0.0631 0.3908 1.0000 1.0000 0.0003 0.0021 0.0133 0.0828 0.5159 1.0000 1.0000 0.0005 0.0030 0.0188 0.1195 0.7648 1.0000 1.0000 0.0008 0.0051 0.0339 0.2264 1.0000 1.0000 0.0003 0.0018 0.0124 0.0863 0.6007 1.0000 1.0000 0.0008 0.0057 0.0187 0.0057 0.0008 1.0000 1.0000 0.6007 0.0863 0.0124 0.0018 0.0003 1.0000 1.0000 0.2264 0.0339 0.0051 0.0008 1.0000 1.0000 0.7648 0.1195 0.0188 0.0030 0.0005 1.0000 1.0000 0.5159 0.0828 0.0133 0.0021 0.0003 1.0000 1.0000 0.3908 0.0631 0.0102 0.0016 0.0003 1.0000 1.0000 0.2989 0.0482 0.0078 0.0013 1.0000 1.0000 1.0000 0.2290 0.0370 0.0060 0.0010 1.0000
0.0009 0.0070 0.0424 0.2631 1.0000 1.0000 1.0000 0.0014 0.0089 0.0554 0.3434 1.0000 1.0000 0.0003 0.0019 0.0117 0.0725 0.4490 1.0000 1.0000 0.0004 0.0025 0.0153 0.0948 0.5882 1.0000 1.0000 0.0005 0.0033 0.0208 0.1312 0.8315 1.0000 1.0000 0.0008 0.0053 0.0344 0.2264 1.0000 1.0000 0.0003 0.0017 0.0116 0.0797 0.5504 1.0000 1.0000 0.0007 0.0049 0.0356 0.1170 0.0356 0.0049 0.0007 1.0000 1.0000 0.5504 0.0797 0.0116 0.0017 0.0003 1.0000 1.0000 0.2264 0.0344 0.0053 0.0008 1.0000 1.0000 0.8315 0.1312 0.0208 0.0033 0.0005 1.0000 1.0000 0.5882 0.0948 0.0153 0.0025 0.0004 1.0000 1.0000 0.4490 0.0725 0.0117 0.0019 0.0003 1.0000 1.0000 0.3434 0.0554 0.0089 0.0014 1.0000 1.0000 1.0000 0.2631 0.0424 0.0070 0.0009
0.0064 0.0495 0.3018 1.0000 1.0000 0.0003 0.0017 0.0103 0.0637 0.3946 1.0000 1.0000 0.0004 0.0022 0.0134 0.0833 0.5159 1.0000 1.0000 0.0005 0.0028 0.0175 0.1087 0.6733 1.0000 1.0000 0.0006 0.0037 0.0234 0.1465 0.9197 1.0000 1.0000 0.0009 0.0056 0.0360 0.2334 1.0000 1.0000 0.0002 0.0017 0.0111 0.0754 0.5139 1.0000 1.0000 0.0006 0.0044 0.0309 0.2239 0.7335 0.2239 0.0309 0.0044 0.0006 1.0000 1.0000 0.5139 0.0754 0.0111 0.0017 0.0002 1.0000 1.0000 0.2334 0.0360 0.0056 0.0009 1.0000 1.0000 0.9197 0.1465 0.0234 0.0037 0.0006 1.0000 1.0000 0.6733 0.1087 0.0175 0.0028 0.0005 1.0000 1.0000 0.5159 0.0833 0.0134 0.0022 0.0004 1.0000 1.0000 0.3946 0.0637 0.0103 0.0017 0.0003 1.0000 1.0000 0.3018 0.0495 0.0064
0.0452 0.3527 1.0000 1.0000 0.0003 0.0019 0.0118 0.0732 0.4533 1.0000 1.0000 0.0004 0.0025 0.0154 0.0957 0.5927 1.0000 1.0000 0.0005 0.0033 0.0202 0.1249 0.7736 1.0000 1.0000 0.0007 0.0043 0.0266 0.1651 1.0000 1.0000 1.0000 0.0010 0.0061 0.0385 0.2471 1.0000 1.0000 0.0003 0.0017 0.0110 0.0732 0.4929 1.0000 1.0000 0.0006 0.0040 0.0278 0.1956 1.0000 1.0000 1.0000 0.1956 0.0278 0.0040 0.0006 1.0000 1.0000 0.4929 0.0732 0.0110 0.0017 0.0003 1.0000 1.0000 0.2471 0.0385 0.0061 0.0010 1.0000 1.0000 1.0000 0.1651 0.0266 0.0043 0.0007 1.0000 1.0000 0.7736 0.1249 0.0202 0.0033 0.0005 1.0000 1.0000 0.5927 0.0957 0.0154 0.0025 0.0004 1.0000 1.0000 0.4533 0.0732 0.0118 0.0019 0.0003 1.0000 1.0000 0.3527 0.0452
0.3225 1.0000 1.0000 0.0004 0.0022 0.0136 0.0841 0.5208 1.0000 1.0000 0.0005 0.0029 0.0177 0.1099 0.6810 1.0000 1.0000 0.0006 0.0037 0.0232 0.1435 0.8888 1.0000 1.0000 0.0008 0.0049 0.0303 0.1879 1.0000 1.0000 1.0000 0.0011 0.0067 0.0422 0.2677 1.0000 1.0000 0.0003 0.0017 0.0111 0.0732 0.4854 1.0000 1.0000 0.0006 0.0038 0.0257 0.1772 1.0000 1.0000 1.0000 1.0000 1.0000 0.1772 0.0257 0.0038 0.0006 1.0000 1.0000 0.4854 0.0732 0.0111 0.0017 0.0003 1.0000 1.0000 0.2677 0.0422 0.0067 0.0011 1.0000 1.0000 1.0000 0.1879 0.0303 0.0049 0.0008 1.0000 1.0000 0.8888 0.1435 0.0232 0.0037 0.0006 1.0000 1.0000 0.6810 0.1099 0.0177 0.0029 0.0005 1.0000 1.0000 0.5208 0.0841 0.0136 0.0022 0.0004 1.0000 1.0000 0.3225
1.0000 1.0000 0.0004 0.0025 0.0156 0.0966 0.5984 1.0000 1.0000 0.0005 0.0033 0.0204 0.1263 0.7824 1.0000 1.0000 0.0007 0.0043 0.0266 0.1648 1.0000 1.0000 1.0000 0.0009 0.0056 0.0348 0.2155 1.0000 1.0000 1.0000 0.0012 0.0075 0.0470 0.2955 1.0000 1.0000 0.0003 0.0018 0.0116 0.0754 0.4929 1.0000 1.0000 0.0005 0.0036 0.0244 0.1661 1.0000 1.0000 1.0000 0.0007 1.0000 1.0000 1.0000 0.1661 0.0244 0.0036 0.0005 1.0000 1.0000 0.4929 0.0754 0.0116 0.0018 0.0003 1.0000 1.0000 0.2955 0.0470 0.0075 0.0012 1.0000 1.0000 1.0000 0.2155 0.0348 0.0056 0.0009 1.0000 1.0000 1.0000 0.1648 0.0266 0.0043 0.0007 1.0000 1.0000 0.7824 0.1263 0.0204 0.0033 0.0005 1.0000 1.0000 0.5984 0.0966 0.0156 0.0025 0.0004 1.0000 1.0000
1.0000 0.0005 0.0029 0.0179 0.1110 0.6875 1.0000 1.0000 0.0006 0.0038 0.0234 0.1451 0.8990 1.0000 1.0000 0.0008 0.0049 0.0306 0.1894 1.0000 1.0000 1.0000 0.0010 0.0065 0.0400 0.2476 1.0000 1.0000 1.0000 0.0014 0.0085 0.0531 0.3312 1.0000 1.0000 0.0003 0.0020 0.0124 0.0797 0.5139 1.0000 1.0000 0.0005 0.0035 0.0237 0.1593 1.0000 1.0000 1.0000 0.0013 0.0044 0.0013 1.0000 1.0000 1.0000 0.1593 0.0237 0.0036 0.0005 1.0000 1.0000 0.5139 0.0797 0.0124 0.0020 0.0003 1.0000 1.0000 0.3312 0.0531 0.0085 0.0014 1.0000 1.0000 1.0000 0.2476 0.0400 0.0065 0.0010 1.0000 1.0000 1.0000 0.1894 0.0306 0.0049 0.0008 1.0000 1.0000 0.8990 0.1451 0.0234 0.0038 0.0006 1.0000 1.0000 0.6875 0.1110 0.0179 0.0029 0.0005 1.0000
0.0004 0.0034 0.0206 0.1275 0.7899 1.0000 1.0000 0.0007 0.0043 0.0269 0.1667 1.0000 1.0000 1.0000 0.0009 0.0057 0.0351 0.2176 1.0000 1.0000 1.0000 0.0012 0.0074 0.0459 0.2845 1.0000 1.0000 0.0003 0.0016 0.0097 0.0603 0.3755 1.0000 1.0000 0.0003 0.0022 0.0136 0.0863 0.5504 1.0000 1.0000 0.0006 0.0036 0.0237 0.1569 1.0000 1.0000 1.0000 0.0012 0.0087 0.0282 0.0087 0.0012 1.0000 1.0000 1.0000 0.1569 0.0237 0.0036 0.0006 1.0000 1.0000 0.5504 0.0863 0.0136 0.0022 0.0003 1.0000 1.0000 0.3755 0.0603 0.0097 0.0016 0.0003 1.0000 1.0000 0.2845 0.0459 0.0074 0.0012 1.0000 1.0000 1.0000 0.2176 0.0351 0.0057 0.0009 1.0000 1.0000 1.0000 0.1667 0.0269 0.0043 0.0007 1.0000 1.0000 0.7899 0.1275 0.0206 0.0034 0.0004
0.0031 0.0241 0.1465 0.9076 1.0000 1.0000 0.0008 0.0050 0.0309 0.1915 1.0000 1.0000 1.0000 0.0011 0.0065 0.0403 0.2500 1.0000 1.0000 1.0000 0.0014 0.0085 0.0528 0.3268 1.0000 1.0000 0.0003 0.0018 0.0111 0.0690 0.4282 1.0000 1.0000 0.0004 0.0024 0.0151 0.0951 0.6007 1.0000 1.0000 0.0006 0.0038 0.0244 0.1593 1.0000 1.0000 1.0000 0.0012 0.0080 0.0560 0.1816 0.0560 0.0080 0.0012 1.0000 1.0000 1.0000 0.1593 0.0244 0.0038 0.0006 1.0000 1.0000 0.6007 0.0951 0.0151 0.0024 0.0004 1.0000 1.0000 0.4282 0.0690 0.0111 0.0018 0.0003 1.0000 1.0000 0.3268 0.0528 0.0085 0.0014 1.0000 1.0000 1.0000 0.2500 0.0403 0.0065 0.0011 1.0000 1.0000 1.0000 0.1915 0.0309 0.0050 0.0008 1.0000 1.0000 0.9076 0.1465 0.0241 0.0031
0.0220 0.1709 1.0000 1.0000 1.0000 0.0009 0.0057 0.0355 0.2201 1.0000 1.0000 1.0000 0.0012 0.0075 0.0464 0.2872 1.0000 1.0000 0.0003 0.0016 0.0098 0.0606 0.3755 1.0000 1.0000 0.0003 0.0021 0.0128 0.0791 0.4901 1.0000 1.0000 0.0004 0.0027 0.0170 0.1064 0.6682 1.0000 1.0000 0.0006 0.0040 0.0257 0.1661 1.0000 1.0000 1.0000 0.0011 0.0077 0.0521 0.3636 1.0000 0.3636 0.0521 0.0077 0.0011 1.0000 1.0000 1.0000 0.1661 0.0257 0.0040 0.0006 1.0000 1.0000 0.6682 0.1064 0.0170 0.0027 0.0004 1.0000 1.0000 0.4901 0.0791 0.0128 0.0021 0.0003 1.0000 1.0000 0.3755 0.0606 0.0098 0.0016 0.0003 1.0000 1.0000 0.2872 0.0464 0.0075 0.0012 1.0000 1.0000 1.0000 0.2201 0.0355 0.0057 0.0009 1.0000 1.0000 1.0000 0.1709 0.0220
0.1563 1.0000 1.0000 1.0000 0.0011 0.0066 0.0408 0.2528 1.0000 1.0000 1.0000 0.0014 0.0086 0.0533 0.3300 1.0000 1.0000 0.0003 0.0018 0.0112 0.0696 0.4315 1.0000 1.0000 0.0004 0.0024 0.0147 0.0909 0.5631 1.0000 1.0000 0.0005 0.0031 0.0193 0.1202 0.7504 1.0000 1.0000 0.0007 0.0044 0.0277 0.1772 1.0000 1.0000 1.0000 0.0012 0.0077 0.0508 0.3428 1.0000 1.0000 1.0000 0.3428 0.0509 0.0077 0.0012 1.0000 1.0000 1.0000 0.1772 0.0278 0.0044 0.0007 1.0000 1.0000 0.7518 0.1204 0.0193 0.0031 0.0005 1.0000 1.0000 0.5631 0.0911 0.0147 0.0024 0.0004 1.0000 1.0000 0.4315 0.0696 0.0112 0.0018 0.0003 1.0000 1.0000 0.3300 0.0534 0.0086 0.0014 1.0000 1.0000 1.0000 0.2528 0.0408 0.0066 0.0011 1.0000 1.0000 1.0000 0.1566
1.0000 1.0000 1.0000 0.0012 0.0076 0.0469 0.2905 1.0000 1.0000 0.0003 0.0016 0.0099 0.0612 0.3791 1.0000 1.0000 0.0003 0.0021 0.0129 0.0800 0.4957 1.0000 1.0000 0.0004 0.0027 0.0169 0.1044 0.6469 1.0000 1.0000 0.0006 0.0036 0.0221 0.1368 0.8524 1.0000 1.0000 0.0008 0.0048 0.0306 0.1934 1.0000 1.0000 1.0000 0.0012 0.0079 0.0515 0.3389 1.0000 1.0000 1.0000 1.0000 1.0000 0.3428 0.0521 0.0080 0.0012 1.0000 1.0000 1.0000 0.1956 0.0309 0.0049 0.0008 1.0000 1.0000 0.8621 0.1386 0.0223 0.0036 0.0006 1.0000 1.0000 0.6544 0.1056 0.0170 0.0028 0.0004 1.0000 1.0000 0.5004 0.0808 0.0130 0.0021 0.0003 1.0000 1.0000 0.3835 0.0619 0.0100 0.0016 0.0003 1.0000 1.0000 0.2933 0.0473 0.0076 0.0012 1.0000 1.0000 1.0000
1.0000 1.0000 0.0014 0.0087 0.0539 0.3338 1.0000 1.0000 0.0003 0.0018 0.0113 0.0703 0.4356 1.0000 1.0000 0.0004 0.0024 0.0148 0.0919 0.5695 1.0000 1.0000 0.0005 0.0031 0.0194 0.1200 0.7433 1.0000 1.0000 0.0007 0.0041 0.0253 0.1569 0.9737 1.0000 1.0000 0.0009 0.0055 0.0341 0.2143 1.0000 1.0000 1.0000 0.0013 0.0083 0.0536 0.3480 1.0000 1.0000 0.0004 0.0013 0.0004 1.0000 1.0000 0.3636 0.0560 0.0087 0.0013 1.0000 1.0000 1.0000 0.2239 0.0356 0.0057 0.0009 1.0000 1.0000 1.0000 0.1633 0.0263 0.0042 0.0007 1.0000 1.0000 0.7736 0.1249 0.0202 0.0033 0.0005 1.0000 1.0000 0.5916 0.0955 0.0154 0.0025 0.0004 1.0000 1.0000 0.4533 0.0732 0.0118 0.0019 0.0003 1.0000 1.0000 0.3467 0.0560 0.0090 0.0015 1.0000 1.0000
0.0002 0.0016 0.0100 0.0619 0.3835 1.0000 1.0000 0.0003 0.0021 0.0130 0.0808 0.5004 1.0000 1.0000 0.0004 0.0028 0.0170 0.1056 0.6544 1.0000 1.0000 0.0006 0.0036 0.0222 0.1378 0.8540 1.0000 1.0000 0.0008 0.0047 0.0291 0.1802 1.0000 1.0000 1.0000 0.0010 0.0062 0.0385 0.2406 1.0000 1.0000 1.0000 0.0014 0.0089 0.0571 0.3671 1.0000 1.0000 0.0004 0.0029 0.0058 0.0013 1.0000 1.0000 1.0000 0.1816 0.0282 0.0044 0.0007 1.0000 1.0000 0.7335 0.1170 0.0187 0.0030 0.0005 1.0000 1.0000 0.5390 0.0868 0.0140 0.0023 0.0004 1.0000 1.0000 0.4114 0.0664 0.0107 0.0017 0.0003 1.0000 1.0000 0.3146 0.0509 0.0082 0.0013 1.0000 1.0000 1.0000 0.2411 0.0389 0.0063 0.0010 1.0000 1.0000 1.0000 0.1844 0.0298 0.0048 0.0008 1.0000
0.0015 0.0117 0.0714 0.4431 1.0000 1.0000 0.0004 0.0024 0.0151 0.0933 0.5783 1.0000 1.0000 0.0005 0.0032 0.0197 0.1220 0.7561 1.0000 1.0000 0.0007 0.0041 0.0257 0.1593 0.9868 1.0000 1.0000 0.0009 0.0054 0.0336 0.2083 1.0000 1.0000 1.0000 0.0011 0.0071 0.0440 0.2744 1.0000 1.0000 0.0002 0.0016 0.0099 0.0625 0.3968 1.0000 1.0000 0.0004 0.0028 0.0108 0.0022 0.0004 1.0000 1.0000 0.3636 0.0560 0.0087 0.0013 1.0000 1.0000 1.0000 0.2239 0.0356 0.0057 0.0009 1.0000 1.0000 1.0000 0.1633 0.0263 0.0042 0.0007 1.0000 1.0000 0.7736 0.1249 0.0202 0.0033 0.0005 1.0000 1.0000 0.5916 0.0955 0.0154 0.0025 0.0004 1.0000 1.0000 0.4533 0.0732 0.0118 0.0019 0.0003 1.0000 1.0000 0.3467 0.0560 0.0090 0.0015 1.0000 1.0000
0.0107 0.0849 0.5179 1.0000 1.0000 0.0005 0.0029 0.0177 0.1095 0.6784 1.0000 1.0000 0.0006 0.0037 0.0231 0.1429 0.8854 1.0000 1.0000 0.0008 0.0049 0.0302 0.1869 1.0000 1.0000 1.0000 0.0010 0.0064 0.0394 0.2439 1.0000 1.0000 1.0000 0.0013 0.0083 0.0515 0.3195 1.0000 1.0000 0.0003 0.0018 0.0112 0.0706 0.4439 1.0000 1.0000 0.0004 0.0028 0.0193 0.0204 0.0003 1.0000 1.0000 0.3434 0.0521 0.0080 0.0012 1.0000 1.0000 1.0000 0.1956 0.0309 0.0049 0.0008 1.0000 1.0000 0.8621 0.1386 0.0223 0.0036 0.0006 1.0000 1.0000 0.6544 0.1056 0.0170 0.0028 0.0004 1.0000 1.0000 0.5004 0.0808 0.0130 0.0021 0.0003 1.0000 1.0000 0.3835 0.0619 0.0100 0.0016 0.0003 1.0000 1.0000 0.2933 0.0473 0.0076 0.0012 1.0000 1.0000 1.0000
0.0542 0.4130 1.0000 1.0000 0.0004 0.0022 0.0138 0.0852 0.5278 1.0000 1.0000 0.0005 0.0029 0.0179 0.1112 0.6888 1.0000 1.0000 0.0006 0.0038 0.0235 0.1454 0.9007 1.0000 1.0000 0.0008 0.0049 0.0306 0.1897 1.0000 1.0000 1.0000 0.0010 0.0065 0.0404 0.2514 1.0000 1.0000 1.0000 0.0014 0.0090 0.0573 0.3636 1.0000 1.0000 0.0004 0.0023 0.0152 0.0996 0.3331 1.0000 1.0000 0.3447 0.0509 0.0077 0.0012 1.0000 1.0000 1.0000 0.1772 0.0278 0.0044 0.0007 1.0000 1.0000 0.7518 0.1204 0.0193 0.0031 0.0005 1.0000 1.0000 0.5631 0.0911 0.0147 0.0024 0.0004 1.0000 1.0000 0.4315 0.0696 0.0112 0.0018 0.0003 1.0000 1.0000 0.3300 0.0534 0.0086 0.0014 1.0000 1.0000 1.0000 0.2528 0.0408 0.0066 0.0011 1.0000 1.0000 1.0000 0.1566
0.0225 0.1789 1.0000 1.0000 1.0000 0.0010 0.0060 0.0374 0.2321 1.0000 1.0000 1.0000 0.0013 0.0079 0.0489 0.3029 1.0000 1.0000 0.0003 0.0017 0.0103 0.0638 0.3961 1.0000 1.0000 0.0004 0.0022 0.0135 0.0834 0.5169 1.0000 1.0000 0.0005 0.0029 0.0180 0.1127 0.7074 1.0000 1.0000 0.0007 0.0043 0.0273 0.1762 1.0000 1.0000 1.0000 0.0012 0.0082 0.0561 0.3857 1.0000 0.3678 0.0521 0.0077 0.0011 1.0000 1.0000 1.0000 0.1661 0.0257 0.0040 0.0006 1.0000 1.0000 0.6682 0.1064 0.0170 0.0027 0.0004 1.0000 1.0000 0.4901 0.0791 0.0128 0.0021 0.0003 1.0000 1.0000 0.3755 0.0606 0.0098 0.0016 0.0003 1.0000 1.0000 0.2872 0.0464 0.0075 0.0012 1.0000 1.0000 1.0000 0.2201 0.0355 0.0057 0.0009 1.0000 1.0000 1.0000 0.1709 0.0220
0.0031 0.0243 0.1484 0.9215 1.0000 1.0000 0.0008 0.0051 0.0314 0.1945 1.0000 1.0000 1.0000 0.0011 0.0066 0.0410 0.2543 1.0000 1.0000 1.0000 0.0014 0.0086 0.0536 0.3319 1.0000 1.0000 0.0003 0.0018 0.0113 0.0700 0.4347 1.0000 1.0000 0.0004 0.0025 0.0154 0.0968 0.6111 1.0000 1.0000 0.0006 0.0038 0.0248 0.1620 1.0000 1.0000 1.0000 0.0012 0.0081 0.0574 0.1837 0.0560 0.0080 0.0012 1.0000 1.0000 1.0000 0.1593 0.0244 0.0038 0.0006 1.0000 1.0000 0.6007 0.0951 0.0151 0.0024 0.0004 1.0000 1.0000 0.4282 0.0690 0.0111 0.0018 0.0003 1.0000 1.0000 0.3268 0.0528 0.0085 0.0014 1.0000 1.0000 1.0000 0.2500 0.0403 0.0065 0.0011 1.0000 1.0000 1.0000 0.1915 0.0309 0.0050 0.0008 1.0000 1.0000 0.9076 0.1465 0.0241 0.0031
