0.2397 0.3080 0.4346 0.4730 0.3395 0.1867 0.2030 0.2711 0.3843 0.4815 0.4107 0.2083 0.1891 0.2406 0.3377 0.4647 0.4548 0.2779 0.1835 0.2165 0.2967 0.4204 0.4774 0.3624 0.1902 0.1984 0.2617 0.3703 0.4798 0.4261 0.2226 0.1863 0.2330 0.3253 0.4540 0.4633 0.3034 0.1841 0.2107 0.2860 0.4057 0.4804 0.3834 0.1954 0.1943 0.2528 0.3568 0.4757 0.4387 0.2463 0.1784 0.2463 0.4387 0.4757 0.3568 0.2528 0.1943 0.1954 0.3834 0.4804 0.4057 0.2860 0.2107 0.1841 0.3034 0.4633 0.4540 0.3253 0.2330 0.1863 0.2226 0.4261 0.4798 0.3703 0.2617 0.1984 0.1902 0.3624 0.4774 0.4204 0.2967 0.2165 0.1835 0.2779 0.4548 0.4647 0.3377 0.2406 0.1891 0.2083 0.4107 0.4815 0.3843 0.2711 0.2030 0.1867 0.3395 0.4730 0.4346 0.3080 0.2397
0.3080 0.4445 0.4716 0.3383 0.1608 0.1796 0.2583 0.3848 0.4829 0.4109 0.1913 0.1619 0.2234 0.3331 0.4691 0.4538 0.2758 0.1558 0.1955 0.2870 0.4238 0.4772 0.3633 0.1657 0.1738 0.2474 0.3693 0.4821 0.4257 0.2110 0.1586 0.2147 0.3192 0.4587 0.4623 0.3029 0.1569 0.1886 0.2749 0.4080 0.4807 0.3843 0.1730 0.1686 0.2373 0.3543 0.4789 0.4384 0.2351 0.1544 0.1727 0.1544 0.2351 0.4384 0.4789 0.3543 0.2373 0.1686 0.1730 0.3843 0.4807 0.4080 0.2749 0.1886 0.1569 0.3029 0.4623 0.4587 0.3192 0.2147 0.1586 0.2110 0.4257 0.4821 0.3693 0.2474 0.1738 0.1657 0.3633 0.4772 0.4238 0.2870 0.1955 0.1558 0.2758 0.4538 0.4691 0.3331 0.2234 0.1619 0.1913 0.4109 0.4829 0.3848 0.2583 0.1796 0.1608 0.3383 0.4716 0.4445 0.3080
0.4346 0.4716 0.3445 0.1624 0.1764 0.2514 0.3739 0.4816 0.4208 0.2036 0.1594 0.2171 0.3228 0.4610 0.4593 0.2940 0.1562 0.1905 0.2781 0.4119 0.4790 0.3776 0.1701 0.1701 0.2401 0.3581 0.4791 0.4343 0.2271 0.1569 0.2088 0.3093 0.4488 0.4667 0.3203 0.1581 0.1840 0.2665 0.3961 0.4813 0.3971 0.1798 0.1652 0.2304 0.3435 0.4740 0.4456 0.2536 0.1560 0.1977 0.2421 0.1977 0.1560 0.2536 0.4456 0.4740 0.3435 0.2304 0.1652 0.1798 0.3971 0.4813 0.3961 0.2665 0.1840 0.1581 0.3203 0.4667 0.4488 0.3093 0.2088 0.1569 0.2271 0.4343 0.4791 0.3581 0.2401 0.1701 0.1701 0.3776 0.4790 0.4119 0.2781 0.1905 0.1562 0.2940 0.4593 0.4610 0.3228 0.2171 0.1594 0.2036 0.4208 0.4816 0.3739 0.2514 0.1764 0.1624 0.3445 0.4716 0.4346
0.4730 0.3383 0.1624 0.1753 0.2476 0.3667 0.4807 0.4291 0.2176 0.1577 0.2117 0.3139 0.4533 0.4644 0.3118 0.1574 0.1862 0.2704 0.4014 0.4808 0.3909 0.1761 0.1668 0.2335 0.3484 0.4761 0.4421 0.2446 0.1560 0.2036 0.3007 0.4397 0.4709 0.3369 0.1602 0.1800 0.2590 0.3857 0.4820 0.4087 0.1890 0.1623 0.2243 0.3341 0.4691 0.4522 0.2719 0.1557 0.1967 0.2861 0.3616 0.2861 0.1967 0.1557 0.2719 0.4522 0.4691 0.3341 0.2243 0.1623 0.1890 0.4087 0.4820 0.3857 0.2590 0.1800 0.1602 0.3369 0.4709 0.4397 0.3007 0.2036 0.1560 0.2446 0.4421 0.4761 0.3484 0.2335 0.1668 0.1761 0.3909 0.4808 0.4014 0.2704 0.1862 0.1574 0.3118 0.4644 0.4533 0.3139 0.2117 0.1577 0.2176 0.4291 0.4807 0.3667 0.2476 0.1753 0.1624 0.3383 0.4730
0.3395 0.1608 0.1764 0.2476 0.3639 0.4797 0.4347 0.2306 0.1566 0.2068 0.3055 0.4447 0.4688 0.3286 0.1591 0.1820 0.2628 0.3909 0.4818 0.4031 0.1841 0.1637 0.2273 0.3388 0.4717 0.4490 0.2628 0.1556 0.1986 0.2922 0.4297 0.4744 0.3527 0.1630 0.1762 0.2518 0.3754 0.4818 0.4191 0.2009 0.1598 0.2184 0.3248 0.4627 0.4581 0.2902 0.1560 0.1916 0.2806 0.4164 0.4755 0.4164 0.2806 0.1916 0.1560 0.2902 0.4581 0.4627 0.3248 0.2184 0.1598 0.2009 0.4191 0.4818 0.3754 0.2518 0.1762 0.1630 0.3527 0.4744 0.4297 0.2922 0.1986 0.1556 0.2628 0.4490 0.4717 0.3388 0.2273 0.1637 0.1841 0.4031 0.4818 0.3909 0.2628 0.1820 0.1591 0.3286 0.4688 0.4447 0.3055 0.2068 0.1566 0.2306 0.4347 0.4797 0.3639 0.2476 0.1764 0.1608 0.3395
0.1867 0.1796 0.2514 0.3667 0.4797 0.4368 0.2386 0.1561 0.2030 0.2984 0.4361 0.4725 0.3441 0.1615 0.1781 0.2554 0.3805 0.4820 0.4140 0.1946 0.1610 0.2213 0.3294 0.4660 0.4553 0.2812 0.1558 0.1938 0.2839 0.4194 0.4773 0.3675 0.1668 0.1725 0.2449 0.3653 0.4806 0.4283 0.2155 0.1579 0.2127 0.3157 0.4550 0.4634 0.3080 0.1570 0.1871 0.2720 0.4043 0.4780 0.4386 0.4780 0.4043 0.2720 0.1871 0.1570 0.3080 0.4634 0.4550 0.3157 0.2127 0.1579 0.2155 0.4283 0.4806 0.3653 0.2449 0.1725 0.1668 0.3675 0.4773 0.4194 0.2839 0.1938 0.1558 0.2812 0.4553 0.4660 0.3294 0.2213 0.1610 0.1946 0.4140 0.4820 0.3805 0.2554 0.1781 0.1615 0.3441 0.4725 0.4361 0.2984 0.2030 0.1561 0.2386 0.4368 0.4797 0.3667 0.2514 0.1796 0.1867
0.2030 0.2583 0.3739 0.4807 0.4347 0.2386 0.1560 0.2009 0.2934 0.4290 0.4752 0.3574 0.1644 0.1746 0.2486 0.3705 0.4813 0.4238 0.2078 0.1588 0.2155 0.3202 0.4590 0.4609 0.2992 0.1565 0.1893 0.2759 0.4089 0.4796 0.3815 0.1717 0.1691 0.2382 0.3554 0.4784 0.4367 0.2321 0.1566 0.2073 0.3068 0.4463 0.4680 0.3252 0.1586 0.1829 0.2643 0.3931 0.4814 0.3998 0.2707 0.3998 0.4814 0.3931 0.2643 0.1829 0.1586 0.3252 0.4680 0.4463 0.3068 0.2073 0.1566 0.2321 0.4367 0.4784 0.3554 0.2382 0.1691 0.1717 0.3815 0.4796 0.4089 0.2759 0.1893 0.1565 0.2992 0.4609 0.4590 0.3202 0.2155 0.1588 0.2078 0.4238 0.4813 0.3705 0.2486 0.1746 0.1644 0.3574 0.4752 0.4290 0.2934 0.2009 0.1560 0.2386 0.4347 0.4807 0.3739 0.2583 0.2030
0.2711 0.3848 0.4816 0.4291 0.2306 0.1561 0.2009 0.2916 0.4249 0.4768 0.3675 0.1675 0.1716 0.2425 0.3611 0.4797 0.4324 0.2234 0.1572 0.2100 0.3112 0.4508 0.4658 0.3167 0.1578 0.1850 0.2681 0.3984 0.4811 0.3945 0.1782 0.1659 0.2317 0.3456 0.4750 0.4442 0.2498 0.1559 0.2021 0.2982 0.4368 0.4720 0.3415 0.1609 0.1789 0.2569 0.3827 0.4820 0.4112 0.1936 0.1478 0.1936 0.4112 0.4820 0.3827 0.2569 0.1789 0.1609 0.3415 0.4720 0.4368 0.2982 0.2021 0.1559 0.2498 0.4442 0.4750 0.3456 0.2317 0.1659 0.1782 0.3945 0.4811 0.3984 0.2681 0.1850 0.1578 0.3167 0.4658 0.4508 0.3112 0.2100 0.1572 0.2234 0.4324 0.4797 0.3611 0.2425 0.1716 0.1675 0.3675 0.4768 0.4249 0.2916 0.2009 0.1561 0.2306 0.4291 0.4816 0.3848 0.2711
0.3843 0.4829 0.4208 0.2176 0.1566 0.2030 0.2934 0.4249 0.4774 0.3729 0.1701 0.1694 0.2375 0.3530 0.4774 0.4397 0.2398 0.1562 0.2048 0.3025 0.4416 0.4701 0.3335 0.1597 0.1809 0.2606 0.3879 0.4819 0.4063 0.1868 0.1629 0.2255 0.3361 0.4702 0.4509 0.2681 0.1556 0.1972 0.2898 0.4268 0.4753 0.3570 0.1640 0.1751 0.2498 0.3724 0.4815 0.4218 0.2043 0.1567 0.1798 0.1567 0.2043 0.4218 0.4815 0.3724 0.2498 0.1751 0.1640 0.3570 0.4753 0.4268 0.2898 0.1972 0.1556 0.2681 0.4509 0.4702 0.3361 0.2255 0.1629 0.1868 0.4063 0.4819 0.3879 0.2606 0.1809 0.1597 0.3335 0.4701 0.4416 0.3025 0.2048 0.1562 0.2398 0.4397 0.4774 0.3530 0.2375 0.1694 0.1701 0.3729 0.4774 0.4249 0.2934 0.2030 0.1566 0.2176 0.4208 0.4829 0.3843
0.4815 0.4109 0.2036 0.1577 0.2068 0.2984 0.4290 0.4768 0.3729 0.1711 0.1682 0.2342 0.3468 0.4747 0.4456 0.2553 0.1557 0.2001 0.2943 0.4320 0.4737 0.3494 0.1624 0.1770 0.2534 0.3776 0.4819 0.4169 0.1981 0.1603 0.2196 0.3267 0.4641 0.4569 0.2864 0.1559 0.1925 0.2816 0.4164 0.4781 0.3716 0.1680 0.1715 0.2429 0.3624 0.4801 0.4308 0.2200 0.1578 0.2079 0.2564 0.2079 0.1578 0.2200 0.4308 0.4801 0.3624 0.2429 0.1715 0.1680 0.3716 0.4781 0.4164 0.2816 0.1925 0.1559 0.2864 0.4569 0.4641 0.3267 0.2196 0.1603 0.1981 0.4169 0.4819 0.3776 0.2534 0.1770 0.1624 0.3494 0.4737 0.4320 0.2943 0.2001 0.1557 0.2553 0.4456 0.4747 0.3468 0.2342 0.1682 0.1711 0.3729 0.4768 0.4290 0.2984 0.2068 0.1577 0.2036 0.4109 0.4815
0.4107 0.1913 0.1594 0.2117 0.3055 0.4361 0.4752 0.3675 0.1701 0.1682 0.2331 0.3435 0.4725 0.4497 0.2683 0.1557 0.1959 0.2869 0.4225 0.4767 0.3641 0.1659 0.1733 0.2464 0.3674 0.4809 0.4264 0.2121 0.1583 0.2139 0.3176 0.4567 0.4623 0.3043 0.1568 0.1880 0.2736 0.4059 0.4801 0.3853 0.1734 0.1681 0.2363 0.3525 0.4775 0.4389 0.2371 0.1564 0.2063 0.3031 0.3827 0.3031 0.2063 0.1564 0.2371 0.4389 0.4775 0.3525 0.2363 0.1681 0.1734 0.3853 0.4801 0.4059 0.2736 0.1880 0.1568 0.3043 0.4623 0.4567 0.3176 0.2139 0.1583 0.2121 0.4264 0.4809 0.3674 0.2464 0.1733 0.1659 0.3641 0.4767 0.4225 0.2869 0.1959 0.1557 0.2683 0.4497 0.4725 0.3435 0.2331 0.1682 0.1701 0.3675 0.4752 0.4361 0.3055 0.2117 0.1594 0.1913 0.4107
0.2083 0.1619 0.2171 0.3139 0.4447 0.4725 0.3574 0.1675 0.1694 0.2342 0.3435 0.4716 0.4519 0.2771 0.1558 0.1927 0.2806 0.4138 0.4788 0.3771 0.1702 0.1699 0.2397 0.3575 0.4789 0.4349 0.2283 0.1568 0.2084 0.3087 0.4482 0.4671 0.3216 0.1583 0.1838 0.2660 0.3954 0.4814 0.3980 0.1804 0.1650 0.2299 0.3429 0.4737 0.4462 0.2551 0.1557 0.2008 0.2964 0.4359 0.4776 0.4359 0.2964 0.2008 0.1557 0.2551 0.4462 0.4737 0.3429 0.2299 0.1650 0.1804 0.3980 0.4814 0.3954 0.2660 0.1838 0.1583 0.3216 0.4671 0.4482 0.3087 0.2084 0.1568 0.2283 0.4349 0.4789 0.3575 0.2397 0.1699 0.1702 0.3771 0.4788 0.4138 0.2806 0.1927 0.1558 0.2771 0.4519 0.4716 0.3435 0.2342 0.1694 0.1675 0.3574 0.4725 0.4447 0.3139 0.2171 0.1619 0.2083
0.1891 0.2234 0.3228 0.4533 0.4688 0.3441 0.1644 0.1716 0.2375 0.3468 0.4725 0.4519 0.2802 0.1560 0.1906 0.2759 0.4066 0.4803 0.3882 0.1754 0.1669 0.2336 0.3481 0.4759 0.4426 0.2459 0.1560 0.2032 0.3000 0.4389 0.4712 0.3382 0.1604 0.1797 0.2585 0.3849 0.4820 0.4095 0.1898 0.1621 0.2238 0.3334 0.4686 0.4527 0.2734 0.1557 0.1958 0.2875 0.4245 0.4735 0.4237 0.4735 0.4245 0.2875 0.1958 0.1557 0.2734 0.4527 0.4686 0.3334 0.2238 0.1621 0.1898 0.4095 0.4820 0.3849 0.2585 0.1797 0.1604 0.3382 0.4712 0.4389 0.3000 0.2032 0.1560 0.2459 0.4426 0.4759 0.3481 0.2336 0.1669 0.1754 0.3882 0.4803 0.4066 0.2759 0.1906 0.1560 0.2802 0.4519 0.4725 0.3468 0.2375 0.1716 0.1644 0.3441 0.4688 0.4533 0.3228 0.2234 0.1891
0.2406 0.3331 0.4610 0.4644 0.3286 0.1615 0.1746 0.2425 0.3530 0.4747 0.4497 0.2771 0.1560 0.1898 0.2735 0.4018 0.4811 0.3967 0.1809 0.1644 0.2281 0.3394 0.4718 0.4492 0.2638 0.1556 0.1982 0.2915 0.4289 0.4747 0.3539 0.1633 0.1759 0.2513 0.3746 0.4817 0.4198 0.2019 0.1596 0.2179 0.3241 0.4621 0.4586 0.2916 0.1561 0.1912 0.2793 0.4134 0.4784 0.3767 0.2358 0.3767 0.4784 0.4134 0.2793 0.1912 0.1561 0.2916 0.4586 0.4621 0.3241 0.2179 0.1596 0.2019 0.4198 0.4817 0.3746 0.2513 0.1759 0.1633 0.3539 0.4747 0.4289 0.2915 0.1982 0.1556 0.2638 0.4492 0.4718 0.3394 0.2281 0.1644 0.1809 0.3967 0.4811 0.4018 0.2735 0.1898 0.1560 0.2771 0.4497 0.4747 0.3530 0.2425 0.1746 0.1615 0.3286 0.4644 0.4610 0.3331 0.2406
0.3377 0.4691 0.4593 0.3118 0.1591 0.1781 0.2486 0.3611 0.4774 0.4456 0.2683 0.1558 0.1906 0.2735 0.4002 0.4814 0.4020 0.1859 0.1625 0.2237 0.3319 0.4670 0.4548 0.2807 0.1558 0.1936 0.2834 0.4187 0.4775 0.3687 0.1671 0.1723 0.2444 0.3645 0.4805 0.4290 0.2166 0.1578 0.2123 0.3150 0.4544 0.4638 0.3094 0.1572 0.1868 0.2714 0.4029 0.4806 0.3885 0.1753 0.1488 0.1753 0.3885 0.4806 0.4029 0.2714 0.1868 0.1572 0.3094 0.4638 0.4544 0.3150 0.2123 0.1578 0.2166 0.4290 0.4805 0.3645 0.2444 0.1723 0.1671 0.3687 0.4775 0.4187 0.2834 0.1936 0.1558 0.2807 0.4548 0.4670 0.3319 0.2237 0.1625 0.1859 0.4020 0.4814 0.4002 0.2735 0.1906 0.1558 0.2683 0.4456 0.4774 0.3611 0.2486 0.1781 0.1591 0.3118 0.4593 0.4691 0.3377
0.4647 0.4538 0.2940 0.1574 0.1820 0.2554 0.3705 0.4797 0.4397 0.2553 0.1557 0.1927 0.2759 0.4018 0.4814 0.4038 0.1888 0.1613 0.2205 0.3259 0.4621 0.4593 0.2959 0.1564 0.1895 0.2759 0.4086 0.4797 0.3825 0.1722 0.1689 0.2377 0.3546 0.4782 0.4372 0.2333 0.1565 0.2069 0.3062 0.4456 0.4683 0.3265 0.1588 0.1826 0.2638 0.3923 0.4817 0.4014 0.1826 0.1614 0.1882 0.1614 0.1826 0.4014 0.4817 0.3923 0.2638 0.1826 0.1588 0.3265 0.4683 0.4456 0.3062 0.2069 0.1565 0.2333 0.4372 0.4782 0.3546 0.2377 0.1689 0.1722 0.3825 0.4797 0.4086 0.2759 0.1895 0.1564 0.2959 0.4593 0.4621 0.3259 0.2205 0.1613 0.1888 0.4038 0.4814 0.4018 0.2759 0.1927 0.1557 0.2553 0.4397 0.4797 0.3705 0.2554 0.1820 0.1574 0.2940 0.4538 0.4647
0.4548 0.2758 0.1562 0.1862 0.2628 0.3805 0.4813 0.4324 0.2398 0.1557 0.1959 0.2806 0.4066 0.4811 0.4020 0.1888 0.1610 0.2188 0.3220 0.4581 0.4627 0.3085 0.1573 0.1859 0.2691 0.3990 0.4811 0.3949 0.1786 0.1657 0.2313 0.3449 0.4747 0.4447 0.2511 0.1558 0.2017 0.2975 0.4361 0.4723 0.3428 0.1612 0.1786 0.2564 0.3819 0.4820 0.4126 0.1929 0.1617 0.2189 0.2718 0.2189 0.1617 0.1929 0.4126 0.4820 0.3819 0.2564 0.1786 0.1612 0.3428 0.4723 0.4361 0.2975 0.2017 0.1558 0.2511 0.4447 0.4747 0.3449 0.2313 0.1657 0.1786 0.3949 0.4811 0.3990 0.2691 0.1859 0.1573 0.3085 0.4627 0.4581 0.3220 0.2188 0.1610 0.1888 0.4020 0.4811 0.4066 0.2806 0.1959 0.1557 0.2398 0.4324 0.4813 0.3805 0.2628 0.1862 0.1562 0.2758 0.4548
0.2779 0.1558 0.1905 0.2704 0.3909 0.4820 0.4238 0.2234 0.1562 0.2001 0.2869 0.4138 0.4803 0.3967 0.1859 0.1613 0.2188 0.3207 0.4559 0.4647 0.3177 0.1583 0.1829 0.2632 0.3903 0.4818 0.4056 0.1867 0.1628 0.2252 0.3355 0.4698 0.4514 0.2694 0.1556 0.1968 0.2891 0.4260 0.4756 0.3582 0.1643 0.1748 0.2493 0.3717 0.4815 0.4225 0.2058 0.1591 0.2169 0.3210 0.4042 0.3210 0.2169 0.1591 0.2058 0.4225 0.4815 0.3717 0.2493 0.1748 0.1643 0.3582 0.4756 0.4260 0.2891 0.1968 0.1556 0.2694 0.4514 0.4698 0.3355 0.2252 0.1628 0.1867 0.4056 0.4818 0.3903 0.2632 0.1829 0.1583 0.3177 0.4647 0.4559 0.3207 0.2188 0.1613 0.1859 0.3967 0.4803 0.4138 0.2869 0.2001 0.1562 0.2234 0.4238 0.4820 0.3909 0.2704 0.1905 0.1558 0.2779
0.1835 0.1955 0.2781 0.4014 0.4818 0.4140 0.2078 0.1572 0.2048 0.2943 0.4225 0.4788 0.3882 0.1809 0.1625 0.2205 0.3220 0.4559 0.4653 0.3223 0.1591 0.1808 0.2587 0.3830 0.4820 0.4144 0.1961 0.1605 0.2197 0.3266 0.4638 0.4573 0.2876 0.1560 0.1921 0.2810 0.4156 0.4782 0.3728 0.1684 0.1713 0.2424 0.3617 0.4799 0.4314 0.2212 0.1574 0.2108 0.3132 0.4532 0.4766 0.4532 0.3132 0.2108 0.1574 0.2212 0.4314 0.4799 0.3617 0.2424 0.1713 0.1684 0.3728 0.4782 0.4156 0.2810 0.1921 0.1560 0.2876 0.4573 0.4638 0.3266 0.2197 0.1605 0.1961 0.4144 0.4820 0.3830 0.2587 0.1808 0.1591 0.3223 0.4653 0.4559 0.3220 0.2205 0.1625 0.1809 0.3882 0.4788 0.4225 0.2943 0.2048 0.1572 0.2078 0.4140 0.4818 0.4014 0.2781 0.1955 0.1835
0.2165 0.2870 0.4119 0.4808 0.4031 0.1946 0.1588 0.2100 0.3025 0.4320 0.4767 0.3771 0.1754 0.1644 0.2237 0.3259 0.4581 0.4647 0.3223 0.1593 0.1798 0.2558 0.3777 0.4818 0.4212 0.2062 0.1588 0.2149 0.3185 0.4570 0.4624 0.3048 0.1569 0.1877 0.2730 0.4051 0.4802 0.3864 0.1739 0.1679 0.2358 0.3518 0.4773 0.4394 0.2383 0.1563 0.2054 0.3037 0.4435 0.4666 0.4058 0.4666 0.4435 0.3037 0.2054 0.1563 0.2383 0.4394 0.4773 0.3518 0.2358 0.1679 0.1739 0.3864 0.4802 0.4051 0.2730 0.1877 0.1569 0.3048 0.4624 0.4570 0.3185 0.2149 0.1588 0.2062 0.4212 0.4818 0.3777 0.2558 0.1798 0.1593 0.3223 0.4647 0.4581 0.3259 0.2237 0.1644 0.1754 0.3771 0.4767 0.4320 0.3025 0.2100 0.1588 0.1946 0.4031 0.4808 0.4119 0.2870 0.2165
0.2967 0.4238 0.4790 0.3909 0.1841 0.1610 0.2155 0.3112 0.4416 0.4737 0.3641 0.1702 0.1669 0.2281 0.3319 0.4621 0.4627 0.3177 0.1591 0.1798 0.2549 0.3751 0.4814 0.4259 0.2152 0.1577 0.2108 0.3113 0.4499 0.4666 0.3207 0.1582 0.1836 0.2655 0.3946 0.4815 0.3990 0.1811 0.1647 0.2295 0.3422 0.4734 0.4467 0.2564 0.1557 0.2003 0.2951 0.4332 0.4729 0.3498 0.2031 0.3498 0.4729 0.4332 0.2951 0.2003 0.1557 0.2564 0.4467 0.4734 0.3422 0.2295 0.1647 0.1811 0.3990 0.4815 0.3946 0.2655 0.1836 0.1582 0.3207 0.4666 0.4499 0.3113 0.2108 0.1577 0.2152 0.4259 0.4814 0.3751 0.2549 0.1798 0.1591 0.3177 0.4627 0.4621 0.3319 0.2281 0.1669 0.1702 0.3641 0.4737 0.4416 0.3112 0.2155 0.1610 0.1841 0.3909 0.4790 0.4238 0.2967
0.4204 0.4772 0.3776 0.1761 0.1637 0.2213 0.3202 0.4508 0.4701 0.3494 0.1659 0.1699 0.2336 0.3394 0.4670 0.4593 0.3085 0.1583 0.1808 0.2558 0.3751 0.4813 0.4282 0.2213 0.1570 0.2076 0.3054 0.4432 0.4700 0.3348 0.1601 0.1800 0.2586 0.3845 0.4820 0.4103 0.1906 0.1619 0.2234 0.3327 0.4682 0.4532 0.2747 0.1557 0.1954 0.2867 0.4230 0.4764 0.3618 0.1645 0.1514 0.1645 0.3618 0.4764 0.4230 0.2867 0.1954 0.1557 0.2747 0.4532 0.4682 0.3327 0.2234 0.1619 0.1906 0.4103 0.4820 0.3845 0.2586 0.1800 0.1601 0.3348 0.4700 0.4432 0.3054 0.2076 0.1570 0.2213 0.4282 0.4813 0.3751 0.2558 0.1808 0.1583 0.3085 0.4593 0.4670 0.3394 0.2336 0.1699 0.1659 0.3494 0.4701 0.4508 0.3202 0.2213 0.1637 0.1761 0.3776 0.4772 0.4204
0.4774 0.3633 0.1701 0.1668 0.2273 0.3294 0.4590 0.4658 0.3335 0.1624 0.1733 0.2397 0.3481 0.4718 0.4548 0.2959 0.1573 0.1829 0.2587 0.3777 0.4814 0.4282 0.2235 0.1567 0.2057 0.3012 0.4377 0.4725 0.3464 0.1622 0.1768 0.2523 0.3753 0.4817 0.4200 0.2026 0.1595 0.2175 0.3234 0.4616 0.4590 0.2929 0.1562 0.1908 0.2787 0.4126 0.4789 0.3767 0.1698 0.1674 0.1975 0.1674 0.1698 0.3767 0.4789 0.4126 0.2787 0.1908 0.1562 0.2929 0.4590 0.4616 0.3234 0.2175 0.1595 0.2026 0.4200 0.4817 0.3753 0.2523 0.1768 0.1622 0.3464 0.4725 0.4377 0.3012 0.2057 0.1567 0.2235 0.4282 0.4814 0.3777 0.2587 0.1829 0.1573 0.2959 0.4548 0.4718 0.3481 0.2397 0.1733 0.1624 0.3335 0.4658 0.4590 0.3294 0.2273 0.1668 0.1701 0.3633 0.4774
0.3624 0.1657 0.1701 0.2335 0.3388 0.4660 0.4609 0.3167 0.1597 0.1770 0.2464 0.3575 0.4759 0.4492 0.2807 0.1564 0.1859 0.2632 0.3830 0.4818 0.4259 0.2213 0.1567 0.2050 0.2991 0.4340 0.4741 0.3553 0.1644 0.1741 0.2468 0.3669 0.4807 0.4283 0.2162 0.1578 0.2120 0.3145 0.4538 0.4641 0.3106 0.1572 0.1864 0.2708 0.4020 0.4807 0.3901 0.1758 0.1674 0.2308 0.2884 0.2308 0.1674 0.1758 0.3901 0.4807 0.4020 0.2708 0.1864 0.1572 0.3106 0.4641 0.4538 0.3145 0.2120 0.1578 0.2162 0.4283 0.4807 0.3669 0.2468 0.1741 0.1644 0.3553 0.4741 0.4340 0.2991 0.2050 0.1567 0.2213 0.4259 0.4818 0.3830 0.2632 0.1859 0.1564 0.2807 0.4492 0.4759 0.3575 0.2464 0.1770 0.1597 0.3167 0.4609 0.4660 0.3388 0.2335 0.1701 0.1657 0.3624
0.1902 0.1738 0.2401 0.3484 0.4717 0.4553 0.2992 0.1578 0.1809 0.2534 0.3674 0.4789 0.4426 0.2638 0.1558 0.1895 0.2691 0.3903 0.4820 0.4212 0.2152 0.1570 0.2057 0.2991 0.4327 0.4749 0.3607 0.1662 0.1721 0.2424 0.3597 0.4792 0.4352 0.2304 0.1566 0.2071 0.3061 0.4453 0.4685 0.3276 0.1589 0.1822 0.2632 0.3915 0.4817 0.4024 0.1836 0.1639 0.2283 0.3397 0.4252 0.3397 0.2283 0.1639 0.1836 0.4024 0.4817 0.3915 0.2632 0.1822 0.1589 0.3276 0.4685 0.4453 0.3061 0.2071 0.1566 0.2304 0.4352 0.4792 0.3597 0.2424 0.1721 0.1662 0.3607 0.4749 0.4327 0.2991 0.2057 0.1570 0.2152 0.4212 0.4820 0.3903 0.2691 0.1895 0.1558 0.2638 0.4426 0.4789 0.3674 0.2534 0.1809 0.1578 0.2992 0.4553 0.4717 0.3484 0.2401 0.1738 0.1902
0.1984 0.2474 0.3581 0.4761 0.4490 0.2812 0.1565 0.1850 0.2606 0.3776 0.4809 0.4349 0.2459 0.1556 0.1936 0.2759 0.3990 0.4818 0.4144 0.2062 0.1577 0.2076 0.3012 0.4340 0.4749 0.3626 0.1672 0.1709 0.2394 0.3543 0.4773 0.4407 0.2439 0.1560 0.2027 0.2984 0.4365 0.4722 0.3432 0.1613 0.1783 0.2559 0.3811 0.4820 0.4134 0.1939 0.1611 0.2217 0.3307 0.4667 0.4730 0.4667 0.3307 0.2217 0.1611 0.1939 0.4134 0.4820 0.3811 0.2559 0.1783 0.1613 0.3432 0.4722 0.4365 0.2984 0.2027 0.1560 0.2439 0.4407 0.4773 0.3543 0.2394 0.1709 0.1672 0.3626 0.4749 0.4340 0.3012 0.2076 0.1577 0.2062 0.4144 0.4818 0.3990 0.2759 0.1936 0.1556 0.2459 0.4349 0.4809 0.3776 0.2606 0.1850 0.1565 0.2812 0.4490 0.4761 0.3581 0.2474 0.1984
0.2617 0.3693 0.4791 0.4421 0.2628 0.1558 0.1893 0.2681 0.3879 0.4819 0.4264 0.2283 0.1560 0.1982 0.2834 0.4086 0.4811 0.4056 0.1961 0.1588 0.2108 0.3054 0.4377 0.4741 0.3607 0.1672 0.1704 0.2378 0.3509 0.4758 0.4447 0.2555 0.1557 0.1989 0.2915 0.4280 0.4752 0.3572 0.1642 0.1747 0.2489 0.3710 0.4814 0.4233 0.2070 0.1589 0.2159 0.3208 0.4599 0.4575 0.3844 0.4575 0.4599 0.3208 0.2159 0.1589 0.2070 0.4233 0.4814 0.3710 0.2489 0.1747 0.1642 0.3572 0.4752 0.4280 0.2915 0.1989 0.1557 0.2555 0.4447 0.4758 0.3509 0.2378 0.1704 0.1672 0.3607 0.4741 0.4377 0.3054 0.2108 0.1588 0.1961 0.4056 0.4811 0.4086 0.2834 0.1982 0.1560 0.2283 0.4264 0.4819 0.3879 0.2681 0.1893 0.1558 0.2628 0.4421 0.4791 0.3693 0.2617
0.3703 0.4821 0.4343 0.2446 0.1556 0.1938 0.2759 0.3984 0.4819 0.4169 0.2121 0.1568 0.2032 0.2915 0.4187 0.4797 0.3949 0.1867 0.1605 0.2149 0.3113 0.4432 0.4725 0.3553 0.1662 0.1709 0.2378 0.3497 0.4748 0.4471 0.2637 0.1556 0.1959 0.2858 0.4201 0.4775 0.3697 0.1678 0.1715 0.2425 0.3613 0.4798 0.4320 0.2225 0.1573 0.2103 0.3118 0.4514 0.4650 0.3193 0.1780 0.3193 0.4650 0.4514 0.3118 0.2103 0.1573 0.2225 0.4320 0.4798 0.3613 0.2425 0.1715 0.1678 0.3697 0.4775 0.4201 0.2858 0.1959 0.1556 0.2637 0.4471 0.4748 0.3497 0.2378 0.1709 0.1662 0.3553 0.4725 0.4432 0.3113 0.2149 0.1605 0.1867 0.3949 0.4797 0.4187 0.2915 0.2032 0.1568 0.2121 0.4169 0.4819 0.3984 0.2759 0.1938 0.1556 0.2446 0.4343 0.4821 0.3703
0.4798 0.4257 0.2271 0.1560 0.1986 0.2839 0.4089 0.4811 0.4063 0.1981 0.1583 0.2084 0.3000 0.4289 0.4775 0.3825 0.1786 0.1628 0.2197 0.3185 0.4499 0.4700 0.3464 0.1644 0.1721 0.2394 0.3509 0.4748 0.4479 0.2679 0.1557 0.1938 0.2814 0.4136 0.4791 0.3802 0.1719 0.1687 0.2367 0.3525 0.4773 0.4397 0.2393 0.1562 0.2050 0.3030 0.4423 0.4698 0.3317 0.1583 0.1554 0.1583 0.3317 0.4698 0.4423 0.3030 0.2050 0.1562 0.2393 0.4397 0.4773 0.3525 0.2367 0.1687 0.1719 0.3802 0.4791 0.4136 0.2814 0.1938 0.1557 0.2679 0.4479 0.4748 0.3509 0.2394 0.1721 0.1644 0.3464 0.4700 0.4499 0.3185 0.2197 0.1628 0.1786 0.3825 0.4775 0.4289 0.3000 0.2084 0.1583 0.1981 0.4063 0.4811 0.4089 0.2839 0.1986 0.1560 0.2271 0.4257 0.4798
0.4261 0.2110 0.1569 0.2036 0.2922 0.4194 0.4796 0.3945 0.1868 0.1603 0.2139 0.3087 0.4389 0.4747 0.3687 0.1722 0.1657 0.2252 0.3266 0.4570 0.4666 0.3348 0.1622 0.1741 0.2424 0.3543 0.4758 0.4471 0.2679 0.1557 0.1927 0.2788 0.4090 0.4801 0.3885 0.1762 0.1663 0.2317 0.3444 0.4740 0.4462 0.2560 0.1557 0.2001 0.2946 0.4326 0.4735 0.3484 0.1622 0.1742 0.2077 0.1742 0.1622 0.3484 0.4735 0.4326 0.2946 0.2001 0.1557 0.2560 0.4462 0.4740 0.3444 0.2317 0.1663 0.1762 0.3885 0.4801 0.4090 0.2788 0.1927 0.1557 0.2679 0.4471 0.4758 0.3543 0.2424 0.1741 0.1622 0.3348 0.4666 0.4570 0.3266 0.2252 0.1657 0.1722 0.3687 0.4747 0.4389 0.3087 0.2139 0.1603 0.1868 0.3945 0.4796 0.4194 0.2922 0.2036 0.1569 0.2110 0.4261
0.2226 0.1586 0.2088 0.3007 0.4297 0.4773 0.3815 0.1782 0.1629 0.2196 0.3176 0.4482 0.4712 0.3539 0.1671 0.1689 0.2313 0.3355 0.4638 0.4624 0.3207 0.1601 0.1768 0.2468 0.3597 0.4773 0.4447 0.2637 0.1557 0.1927 0.2779 0.4066 0.4806 0.3940 0.1801 0.1644 0.2274 0.3374 0.4702 0.4516 0.2718 0.1557 0.1956 0.2867 0.4226 0.4766 0.3634 0.1657 0.1739 0.2439 0.3061 0.2439 0.1739 0.1657 0.3634 0.4766 0.4226 0.2867 0.1956 0.1557 0.2718 0.4516 0.4702 0.3374 0.2274 0.1644 0.1801 0.3940 0.4806 0.4066 0.2779 0.1927 0.1557 0.2637 0.4447 0.4773 0.3597 0.2468 0.1768 0.1601 0.3207 0.4624 0.4638 0.3355 0.2313 0.1689 0.1671 0.3539 0.4712 0.4482 0.3176 0.2196 0.1629 0.1782 0.3815 0.4773 0.4297 0.3007 0.2088 0.1586 0.2226
0.1863 0.2147 0.3093 0.4397 0.4744 0.3675 0.1717 0.1659 0.2255 0.3267 0.4567 0.4671 0.3382 0.1633 0.1723 0.2377 0.3449 0.4698 0.4573 0.3048 0.1582 0.1800 0.2523 0.3669 0.4792 0.4407 0.2555 0.1556 0.1938 0.2788 0.4066 0.4808 0.3968 0.1828 0.1631 0.2242 0.3317 0.4662 0.4561 0.2861 0.1560 0.1916 0.2794 0.4129 0.4789 0.3772 0.1701 0.1701 0.2407 0.3592 0.4445 0.3592 0.2407 0.1701 0.1701 0.3772 0.4789 0.4129 0.2794 0.1916 0.1560 0.2861 0.4561 0.4662 0.3317 0.2242 0.1631 0.1828 0.3968 0.4808 0.4066 0.2788 0.1938 0.1556 0.2555 0.4407 0.4792 0.3669 0.2523 0.1800 0.1582 0.3048 0.4573 0.4698 0.3449 0.2377 0.1723 0.1633 0.3382 0.4671 0.4567 0.3267 0.2255 0.1659 0.1717 0.3675 0.4744 0.4397 0.3093 0.2147 0.1863
0.2330 0.3192 0.4488 0.4709 0.3527 0.1668 0.1691 0.2317 0.3361 0.4641 0.4623 0.3216 0.1604 0.1759 0.2444 0.3546 0.4747 0.4514 0.2876 0.1569 0.1836 0.2586 0.3753 0.4807 0.4352 0.2439 0.1557 0.1959 0.2814 0.4090 0.4806 0.3968 0.1838 0.1625 0.2223 0.3277 0.4628 0.4594 0.2981 0.1566 0.1882 0.2729 0.4039 0.4805 0.3895 0.1757 0.1669 0.2337 0.3491 0.4754 0.4671 0.4754 0.3491 0.2337 0.1669 0.1757 0.3895 0.4805 0.4039 0.2729 0.1882 0.1566 0.2981 0.4594 0.4628 0.3277 0.2223 0.1625 0.1838 0.3968 0.4806 0.4090 0.2814 0.1959 0.1557 0.2439 0.4352 0.4807 0.3753 0.2586 0.1836 0.1569 0.2876 0.4514 0.4747 0.3546 0.2444 0.1759 0.1604 0.3216 0.4623 0.4641 0.3361 0.2317 0.1691 0.1668 0.3527 0.4709 0.4488 0.3192 0.2330
0.3253 0.4587 0.4667 0.3369 0.1630 0.1725 0.2382 0.3456 0.4702 0.4569 0.3043 0.1583 0.1797 0.2513 0.3645 0.4782 0.4447 0.2694 0.1560 0.1877 0.2655 0.3845 0.4817 0.4283 0.2304 0.1560 0.1989 0.2858 0.4136 0.4801 0.3940 0.1828 0.1625 0.2217 0.3257 0.4604 0.4617 0.3072 0.1573 0.1853 0.2674 0.3957 0.4815 0.4001 0.1825 0.1641 0.2277 0.3392 0.4721 0.4460 0.3588 0.4460 0.4721 0.3392 0.2277 0.1641 0.1825 0.4001 0.4815 0.3957 0.2674 0.1853 0.1573 0.3072 0.4617 0.4604 0.3257 0.2217 0.1625 0.1828 0.3940 0.4801 0.4136 0.2858 0.1989 0.1560 0.2304 0.4283 0.4817 0.3845 0.2655 0.1877 0.1560 0.2694 0.4447 0.4782 0.3645 0.2513 0.1797 0.1583 0.3043 0.4569 0.4702 0.3456 0.2382 0.1725 0.1630 0.3369 0.4667 0.4587 0.3253
0.4540 0.4623 0.3203 0.1602 0.1762 0.2449 0.3554 0.4750 0.4509 0.2864 0.1568 0.1838 0.2585 0.3746 0.4805 0.4372 0.2511 0.1556 0.1921 0.2730 0.3946 0.4820 0.4200 0.2162 0.1566 0.2027 0.2915 0.4201 0.4791 0.3885 0.1801 0.1631 0.2223 0.3257 0.4596 0.4628 0.3128 0.1580 0.1832 0.2629 0.3888 0.4820 0.4090 0.1905 0.1616 0.2224 0.3306 0.4665 0.4545 0.2843 0.1623 0.2843 0.4545 0.4665 0.3306 0.2224 0.1616 0.1905 0.4090 0.4820 0.3888 0.2629 0.1832 0.1580 0.3128 0.4628 0.4596 0.3257 0.2223 0.1631 0.1801 0.3885 0.4791 0.4201 0.2915 0.2027 0.1566 0.2162 0.4200 0.4820 0.3946 0.2730 0.1921 0.1556 0.2511 0.4372 0.4805 0.3746 0.2585 0.1838 0.1568 0.2864 0.4509 0.4750 0.3554 0.2449 0.1762 0.1602 0.3203 0.4623 0.4540
0.4633 0.3029 0.1581 0.1800 0.2518 0.3653 0.4784 0.4442 0.2681 0.1559 0.1880 0.2660 0.3849 0.4817 0.4290 0.2333 0.1558 0.1968 0.2810 0.4051 0.4815 0.4103 0.2026 0.1578 0.2071 0.2984 0.4280 0.4775 0.3802 0.1762 0.1644 0.2242 0.3277 0.4604 0.4628 0.3147 0.1584 0.1819 0.2599 0.3836 0.4820 0.4158 0.1989 0.1598 0.2176 0.3227 0.4604 0.4602 0.2967 0.1547 0.1609 0.1547 0.2967 0.4602 0.4604 0.3227 0.2176 0.1598 0.1989 0.4158 0.4820 0.3836 0.2599 0.1819 0.1584 0.3147 0.4628 0.4604 0.3277 0.2242 0.1644 0.1762 0.3802 0.4775 0.4280 0.2984 0.2071 0.1578 0.2026 0.4103 0.4815 0.4051 0.2810 0.1968 0.1558 0.2333 0.4290 0.4817 0.3849 0.2660 0.1880 0.1559 0.2681 0.4442 0.4784 0.3653 0.2518 0.1800 0.1581 0.3029 0.4633
0.3034 0.1569 0.1840 0.2590 0.3754 0.4806 0.4367 0.2498 0.1556 0.1925 0.2736 0.3954 0.4820 0.4198 0.2166 0.1565 0.2017 0.2891 0.4156 0.4802 0.3990 0.1906 0.1595 0.2120 0.3061 0.4365 0.4752 0.3697 0.1719 0.1663 0.2274 0.3317 0.4628 0.4617 0.3128 0.1584 0.1814 0.2583 0.3803 0.4818 0.4207 0.2068 0.1585 0.2136 0.3158 0.4540 0.4645 0.3131 0.1577 0.1823 0.2196 0.1823 0.1577 0.3131 0.4645 0.4540 0.3158 0.2136 0.1585 0.2068 0.4207 0.4818 0.3803 0.2583 0.1814 0.1584 0.3128 0.4617 0.4628 0.3317 0.2274 0.1663 0.1719 0.3697 0.4752 0.4365 0.3061 0.2120 0.1595 0.1906 0.3990 0.4802 0.4156 0.2891 0.2017 0.1565 0.2166 0.4198 0.4820 0.3954 0.2736 0.1925 0.1556 0.2498 0.4367 0.4806 0.3754 0.2590 0.1840 0.1569 0.3034
0.1841 0.1886 0.2665 0.3857 0.4818 0.4283 0.2321 0.1559 0.1972 0.2816 0.4059 0.4814 0.4095 0.2019 0.1578 0.2069 0.2975 0.4260 0.4782 0.3864 0.1811 0.1619 0.2175 0.3145 0.4453 0.4722 0.3572 0.1678 0.1687 0.2317 0.3374 0.4662 0.4594 0.3072 0.1580 0.1819 0.2583 0.3792 0.4817 0.4237 0.2128 0.1577 0.2105 0.3101 0.4479 0.4679 0.3269 0.1591 0.1822 0.2593 0.3264 0.2593 0.1822 0.1591 0.3269 0.4679 0.4479 0.3101 0.2105 0.1577 0.2128 0.4237 0.4817 0.3792 0.2583 0.1819 0.1580 0.3072 0.4594 0.4662 0.3374 0.2317 0.1687 0.1678 0.3572 0.4722 0.4453 0.3145 0.2175 0.1619 0.1811 0.3864 0.4782 0.4260 0.2975 0.2069 0.1578 0.2019 0.4095 0.4814 0.4059 0.2816 0.1972 0.1559 0.2321 0.4283 0.4818 0.3857 0.2665 0.1886 0.1841
0.2107 0.2749 0.3961 0.4820 0.4191 0.2155 0.1566 0.2021 0.2898 0.4164 0.4801 0.3980 0.1898 0.1596 0.2123 0.3062 0.4361 0.4756 0.3728 0.1739 0.1647 0.2234 0.3234 0.4538 0.4685 0.3432 0.1642 0.1715 0.2367 0.3444 0.4702 0.4561 0.2981 0.1573 0.1832 0.2599 0.3803 0.4817 0.4247 0.2162 0.1573 0.2084 0.3058 0.4427 0.4705 0.3384 0.1608 0.1786 0.2563 0.3820 0.4617 0.3820 0.2563 0.1786 0.1608 0.3384 0.4705 0.4427 0.3058 0.2084 0.1573 0.2162 0.4247 0.4817 0.3803 0.2599 0.1832 0.1573 0.2981 0.4561 0.4702 0.3444 0.2367 0.1715 0.1642 0.3432 0.4685 0.4538 0.3234 0.2234 0.1647 0.1739 0.3728 0.4756 0.4361 0.3062 0.2123 0.1596 0.1898 0.3980 0.4801 0.4164 0.2898 0.2021 0.1566 0.2155 0.4191 0.4820 0.3961 0.2749 0.2107
0.2860 0.4080 0.4813 0.4087 0.2009 0.1579 0.2073 0.2982 0.4268 0.4781 0.3853 0.1804 0.1621 0.2179 0.3150 0.4456 0.4723 0.3582 0.1684 0.1679 0.2295 0.3327 0.4616 0.4641 0.3276 0.1613 0.1747 0.2425 0.3525 0.4740 0.4516 0.2861 0.1566 0.1853 0.2629 0.3836 0.4818 0.4237 0.2162 0.1571 0.2072 0.3031 0.4389 0.4723 0.3473 0.1626 0.1759 0.2503 0.3725 0.4798 0.4577 0.4798 0.3725 0.2503 0.1759 0.1626 0.3473 0.4723 0.4389 0.3031 0.2072 0.1571 0.2162 0.4237 0.4818 0.3836 0.2629 0.1853 0.1566 0.2861 0.4516 0.4740 0.3525 0.2425 0.1747 0.1613 0.3276 0.4641 0.4616 0.3327 0.2295 0.1679 0.1684 0.3582 0.4723 0.4456 0.3150 0.2179 0.1621 0.1804 0.3853 0.4781 0.4268 0.2982 0.2073 0.1579 0.2009 0.4087 0.4813 0.4080 0.2860
0.4057 0.4807 0.3971 0.1890 0.1598 0.2127 0.3068 0.4368 0.4753 0.3716 0.1734 0.1650 0.2238 0.3241 0.4544 0.4683 0.3428 0.1643 0.1713 0.2358 0.3422 0.4682 0.4590 0.3106 0.1589 0.1783 0.2489 0.3613 0.4773 0.4462 0.2718 0.1560 0.1882 0.2674 0.3888 0.4820 0.4207 0.2128 0.1573 0.2072 0.3022 0.4368 0.4734 0.3534 0.1643 0.1739 0.2458 0.3647 0.4802 0.4287 0.3235 0.4287 0.4802 0.3647 0.2458 0.1739 0.1643 0.3534 0.4734 0.4368 0.3022 0.2072 0.1573 0.2128 0.4207 0.4820 0.3888 0.2674 0.1882 0.1560 0.2718 0.4462 0.4773 0.3613 0.2489 0.1783 0.1589 0.3106 0.4590 0.4682 0.3422 0.2358 0.1713 0.1643 0.3428 0.4683 0.4544 0.3241 0.2238 0.1650 0.1734 0.3716 0.4753 0.4368 0.3068 0.2127 0.1598 0.1890 0.3971 0.4807 0.4057
0.4804 0.3843 0.1798 0.1623 0.2184 0.3157 0.4463 0.4720 0.3570 0.1680 0.1681 0.2299 0.3334 0.4621 0.4638 0.3265 0.1612 0.1748 0.2424 0.3518 0.4734 0.4532 0.2929 0.1572 0.1822 0.2559 0.3710 0.4798 0.4397 0.2560 0.1557 0.1916 0.2729 0.3957 0.4820 0.4158 0.2068 0.1577 0.2084 0.3031 0.4368 0.4738 0.3566 0.1654 0.1725 0.2426 0.3591 0.4788 0.4363 0.2384 0.1522 0.2384 0.4363 0.4788 0.3591 0.2426 0.1725 0.1654 0.3566 0.4738 0.4368 0.3031 0.2084 0.1577 0.2068 0.4158 0.4820 0.3957 0.2729 0.1916 0.1557 0.2560 0.4397 0.4798 0.3710 0.2559 0.1822 0.1572 0.2929 0.4532 0.4734 0.3518 0.2424 0.1748 0.1612 0.3265 0.4638 0.4621 0.3334 0.2299 0.1681 0.1680 0.3570 0.4720 0.4463 0.3157 0.2184 0.1623 0.1798 0.3843 0.4804
0.3834 0.1730 0.1652 0.2243 0.3248 0.4550 0.4680 0.3415 0.1640 0.1715 0.2363 0.3429 0.4686 0.4586 0.3094 0.1588 0.1786 0.2493 0.3617 0.4773 0.4467 0.2747 0.1562 0.1864 0.2632 0.3811 0.4814 0.4320 0.2393 0.1557 0.1956 0.2794 0.4039 0.4815 0.4090 0.1989 0.1585 0.2105 0.3058 0.4389 0.4734 0.3566 0.1658 0.1718 0.2406 0.3553 0.4774 0.4412 0.2455 0.1538 0.1694 0.1538 0.2455 0.4412 0.4774 0.3553 0.2406 0.1718 0.1658 0.3566 0.4734 0.4389 0.3058 0.2105 0.1585 0.1989 0.4090 0.4815 0.4039 0.2794 0.1956 0.1557 0.2393 0.4320 0.4814 0.3811 0.2632 0.1864 0.1562 0.2747 0.4467 0.4773 0.3617 0.2493 0.1786 0.1588 0.3094 0.4586 0.4686 0.3429 0.2363 0.1715 0.1640 0.3415 0.4680 0.4550 0.3248 0.2243 0.1652 0.1730 0.3834
0.1954 0.1686 0.2304 0.3341 0.4627 0.4634 0.3252 0.1609 0.1751 0.2429 0.3525 0.4737 0.4527 0.2916 0.1572 0.1826 0.2564 0.3717 0.4799 0.4394 0.2564 0.1557 0.1908 0.2708 0.3915 0.4820 0.4233 0.2225 0.1562 0.2001 0.2867 0.4129 0.4805 0.4001 0.1905 0.1598 0.2136 0.3101 0.4427 0.4723 0.3534 0.1654 0.1718 0.2400 0.3534 0.4764 0.4440 0.2549 0.1559 0.1952 0.2379 0.1952 0.1559 0.2549 0.4440 0.4764 0.3534 0.2400 0.1718 0.1654 0.3534 0.4723 0.4427 0.3101 0.2136 0.1598 0.1905 0.4001 0.4805 0.4129 0.2867 0.2001 0.1562 0.2225 0.4233 0.4820 0.3915 0.2708 0.1908 0.1557 0.2564 0.4394 0.4799 0.3717 0.2564 0.1826 0.1572 0.2916 0.4527 0.4737 0.3525 0.2429 0.1751 0.1609 0.3252 0.4634 0.4627 0.3341 0.2304 0.1686 0.1954
0.1943 0.2373 0.3435 0.4691 0.4581 0.3080 0.1586 0.1789 0.2498 0.3624 0.4775 0.4462 0.2734 0.1561 0.1868 0.2638 0.3819 0.4815 0.4314 0.2383 0.1557 0.1954 0.2787 0.4020 0.4817 0.4134 0.2070 0.1573 0.2050 0.2946 0.4226 0.4789 0.3895 0.1825 0.1616 0.2176 0.3158 0.4479 0.4705 0.3473 0.1643 0.1725 0.2406 0.3534 0.4760 0.4454 0.2605 0.1556 0.1965 0.2837 0.3572 0.2837 0.1965 0.1556 0.2605 0.4454 0.4761 0.3534 0.2406 0.1725 0.1643 0.3473 0.4705 0.4479 0.3158 0.2176 0.1616 0.1825 0.3895 0.4789 0.4226 0.2946 0.2050 0.1573 0.2070 0.4134 0.4817 0.4020 0.2787 0.1954 0.1557 0.2383 0.4314 0.4815 0.3819 0.2638 0.1868 0.1561 0.2734 0.4462 0.4775 0.3624 0.2498 0.1789 0.1586 0.3080 0.4581 0.4691 0.3435 0.2373 0.1943
0.2527 0.3543 0.4740 0.4522 0.2902 0.1570 0.1829 0.2569 0.3724 0.4801 0.4389 0.2551 0.1557 0.1912 0.2714 0.3923 0.4820 0.4225 0.2212 0.1563 0.2003 0.2867 0.4126 0.4807 0.4024 0.1939 0.1589 0.2103 0.3030 0.4326 0.4766 0.3772 0.1757 0.1641 0.2224 0.3227 0.4540 0.4679 0.3384 0.1626 0.1739 0.2426 0.3553 0.4764 0.4454 0.2624 0.1556 0.1946 0.2830 0.4164 0.4754 0.4164 0.2830 0.1946 0.1556 0.2624 0.4454 0.4764 0.3553 0.2426 0.1739 0.1626 0.3384 0.4679 0.4540 0.3227 0.2224 0.1641 0.1757 0.3772 0.4766 0.4326 0.3030 0.2103 0.1589 0.1939 0.4024 0.4807 0.4126 0.2867 0.2003 0.1563 0.2212 0.4225 0.4820 0.3923 0.2714 0.1912 0.1557 0.2551 0.4389 0.4801 0.3724 0.2569 0.1829 0.1570 0.2902 0.4522 0.4740 0.3543 0.2528
0.3568 0.4789 0.4456 0.2720 0.1560 0.1871 0.2643 0.3827 0.4815 0.4308 0.2371 0.1557 0.1958 0.2793 0.4029 0.4817 0.4126 0.2059 0.1574 0.2054 0.2951 0.4230 0.4789 0.3901 0.1836 0.1611 0.2159 0.3118 0.4423 0.4735 0.3634 0.1701 0.1669 0.2277 0.3306 0.4604 0.4645 0.3269 0.1608 0.1759 0.2458 0.3591 0.4774 0.4440 0.2605 0.1556 0.1941 0.2807 0.4116 0.4776 0.4372 0.4776 0.4115 0.2807 0.1941 0.1556 0.2605 0.4440 0.4774 0.3591 0.2458 0.1759 0.1608 0.3269 0.4645 0.4604 0.3306 0.2277 0.1669 0.1701 0.3634 0.4735 0.4423 0.3118 0.2159 0.1611 0.1836 0.3901 0.4789 0.4230 0.2951 0.2054 0.1574 0.2058 0.4126 0.4817 0.4029 0.2793 0.1958 0.1557 0.2371 0.4308 0.4815 0.3827 0.2643 0.1871 0.1560 0.2719 0.4456 0.4789 0.3568
0.4757 0.4384 0.2536 0.1556 0.1915 0.2720 0.3931 0.4820 0.4218 0.2201 0.1564 0.2007 0.2874 0.4134 0.4806 0.4015 0.1930 0.1591 0.2107 0.3036 0.4332 0.4764 0.3768 0.1757 0.1639 0.2216 0.3208 0.4513 0.4698 0.3484 0.1656 0.1700 0.2336 0.3391 0.4664 0.4602 0.3133 0.1591 0.1785 0.2502 0.3647 0.4788 0.4412 0.2551 0.1556 0.1946 0.2806 0.4097 0.4800 0.3912 0.2595 0.3911 0.4801 0.4097 0.2807 0.1946 0.1556 0.2549 0.4412 0.4788 0.3647 0.2503 0.1786 0.1591 0.3131 0.4602 0.4665 0.3392 0.2337 0.1701 0.1657 0.3484 0.4698 0.4514 0.3208 0.2217 0.1639 0.1758 0.3767 0.4764 0.4332 0.3037 0.2108 0.1591 0.1929 0.4014 0.4806 0.4134 0.2875 0.2008 0.1564 0.2200 0.4218 0.4820 0.3931 0.2720 0.1916 0.1557 0.2536 0.4384 0.4757
0.4392 0.2357 0.1557 0.1962 0.2799 0.4036 0.4816 0.4118 0.2048 0.1575 0.2058 0.2957 0.4238 0.4787 0.3891 0.1828 0.1613 0.2163 0.3124 0.4429 0.4733 0.3625 0.1699 0.1670 0.2277 0.3300 0.4595 0.4655 0.3324 0.1622 0.1735 0.2400 0.3483 0.4717 0.4551 0.2979 0.1576 0.1817 0.2555 0.3717 0.4802 0.4370 0.2466 0.1556 0.1959 0.2822 0.4107 0.4803 0.3925 0.1812 0.1489 0.1808 0.3917 0.4801 0.4115 0.2830 0.1965 0.1559 0.2455 0.4363 0.4802 0.3725 0.2563 0.1822 0.1577 0.2967 0.4545 0.4721 0.3491 0.2407 0.1739 0.1622 0.3317 0.4650 0.4599 0.3307 0.2283 0.1674 0.1698 0.3618 0.4729 0.4435 0.3132 0.2169 0.1617 0.1826 0.3885 0.4784 0.4245 0.2964 0.2063 0.1578 0.2043 0.4112 0.4814 0.4043 0.2806 0.1967 0.1560 0.2351 0.4387
0.2423 0.1566 0.2010 0.2880 0.4142 0.4804 0.4006 0.1921 0.1592 0.2111 0.3043 0.4340 0.4762 0.3757 0.1752 0.1641 0.2221 0.3215 0.4520 0.4695 0.3473 0.1654 0.1703 0.2340 0.3394 0.4664 0.4605 0.3156 0.1595 0.1772 0.2468 0.3580 0.4760 0.4491 0.2811 0.1565 0.1853 0.2617 0.3798 0.4813 0.4314 0.2356 0.1558 0.1981 0.2852 0.4137 0.4799 0.3920 0.1807 0.1618 0.1853 0.1583 0.1808 0.3911 0.4776 0.4164 0.2837 0.1952 0.1538 0.2384 0.4287 0.4798 0.3820 0.2593 0.1823 0.1547 0.2843 0.4460 0.4754 0.3592 0.2439 0.1742 0.1583 0.3193 0.4575 0.4667 0.3397 0.2308 0.1674 0.1645 0.3498 0.4666 0.4532 0.3210 0.2189 0.1614 0.1753 0.3767 0.4735 0.4359 0.3031 0.2079 0.1567 0.1936 0.3998 0.4780 0.4164 0.2861 0.1977 0.1544 0.2463
0.1845 0.2066 0.2964 0.4246 0.4786 0.3882 0.1822 0.1616 0.2168 0.3132 0.4437 0.4730 0.3613 0.1694 0.1672 0.2282 0.3307 0.4600 0.4652 0.3312 0.1620 0.1738 0.2405 0.3490 0.4720 0.4549 0.2980 0.1577 0.1811 0.2538 0.3680 0.4791 0.4422 0.2631 0.1558 0.1894 0.2685 0.3888 0.4819 0.4244 0.2229 0.1563 0.2012 0.2897 0.4186 0.4792 0.3884 0.1795 0.1650 0.2190 0.2398 0.1850 0.1488 0.2595 0.4372 0.4754 0.3572 0.2379 0.1694 0.1522 0.3235 0.4577 0.4617 0.3264 0.2196 0.1609 0.1623 0.3588 0.4671 0.4445 0.3061 0.2077 0.1554 0.1780 0.3844 0.4730 0.4252 0.2884 0.1975 0.1514 0.2031 0.4058 0.4766 0.4042 0.2718 0.1882 0.1488 0.2358 0.4237 0.4776 0.3827 0.2564 0.1798 0.1478 0.2707 0.4386 0.4755 0.3616 0.2421 0.1727 0.1784
0.2261 0.3061 0.4350 0.4758 0.3743 0.1747 0.1646 0.2229 0.3226 0.4529 0.4690 0.3456 0.1651 0.1708 0.2348 0.3405 0.4671 0.4599 0.3139 0.1595 0.1778 0.2477 0.3592 0.4764 0.4483 0.2795 0.1565 0.1855 0.2615 0.3786 0.4810 0.4341 0.2444 0.1558 0.1941 0.2763 0.3990 0.4818 0.4157 0.2094 0.1573 0.2053 0.2958 0.4253 0.4779 0.3820 0.1766 0.1652 0.2253 0.2817 0.2112 0.1602 0.1810 0.3911 0.4776 0.4164 0.2837 0.1952 0.1538 0.2384 0.4287 0.4798 0.3820 0.2593 0.1823 0.1547 0.2843 0.4460 0.4754 0.3592 0.2439 0.1742 0.1583 0.3193 0.4575 0.4667 0.3397 0.2308 0.1674 0.1645 0.3498 0.4666 0.4532 0.3210 0.2189 0.1614 0.1753 0.3767 0.4735 0.4359 0.3031 0.2079 0.1567 0.1936 0.3998 0.4780 0.4164 0.2861 0.1977 0.1544 0.2463
0.3124 0.4466 0.4707 0.3616 0.1687 0.1660 0.2272 0.3320 0.4610 0.4626 0.3315 0.1611 0.1726 0.2397 0.3507 0.4721 0.4524 0.2984 0.1567 0.1799 0.2532 0.3702 0.4784 0.4397 0.2633 0.1547 0.1880 0.2677 0.3901 0.4806 0.4244 0.2286 0.1549 0.1970 0.2832 0.4103 0.4795 0.4054 0.1979 0.1574 0.2081 0.3022 0.4336 0.4746 0.3745 0.1730 0.1651 0.2276 0.3309 0.3372 0.1835 0.1820 0.3919 0.4800 0.4115 0.2830 0.1965 0.1559 0.2455 0.4363 0.4802 0.3725 0.2563 0.1822 0.1577 0.2967 0.4545 0.4721 0.3491 0.2407 0.1739 0.1622 0.3317 0.4650 0.4599 0.3307 0.2283 0.1674 0.1698 0.3618 0.4729 0.4435 0.3132 0.2169 0.1617 0.1826 0.3885 0.4784 0.4245 0.2964 0.2063 0.1578 0.2043 0.4112 0.4814 0.4043 0.2806 0.1967 0.1560 0.2351 0.4387
0.4133 0.4743 0.3867 0.1808 0.1551 0.2071 0.3049 0.4435 0.4681 0.3618 0.1648 0.1603 0.2182 0.3236 0.4595 0.4602 0.3335 0.1556 0.1663 0.2304 0.3433 0.4705 0.4501 0.3022 0.1508 0.1731 0.2437 0.3639 0.4764 0.4376 0.2681 0.1490 0.1809 0.2585 0.3860 0.4782 0.4213 0.2298 0.1498 0.1912 0.2781 0.4141 0.4758 0.3931 0.1849 0.1554 0.2094 0.3125 0.4532 0.4823 0.3376 0.3895 0.4799 0.4098 0.2807 0.1946 0.1556 0.2549 0.4412 0.4788 0.3647 0.2503 0.1786 0.1591 0.3131 0.4602 0.4665 0.3392 0.2337 0.1701 0.1657 0.3484 0.4698 0.4514 0.3208 0.2217 0.1639 0.1758 0.3767 0.4764 0.4332 0.3037 0.2108 0.1591 0.1929 0.4014 0.4806 0.4134 0.2875 0.2008 0.1564 0.2200 0.4218 0.4820 0.3931 0.2720 0.1916 0.1557 0.2536 0.4384 0.4757
0.3551 0.4779 0.4422 0.2777 0.1537 0.1827 0.2604 0.3848 0.4797 0.4275 0.2421 0.1529 0.1913 0.2758 0.4056 0.4791 0.4102 0.2095 0.1542 0.2008 0.2923 0.4259 0.4758 0.3894 0.1848 0.1576 0.2112 0.3098 0.4447 0.4701 0.3646 0.1696 0.1631 0.2233 0.3299 0.4619 0.4607 0.3297 0.1592 0.1719 0.2416 0.3603 0.4769 0.4399 0.2652 0.1530 0.1897 0.2774 0.4157 0.4750 0.4362 0.4773 0.4116 0.2807 0.1941 0.1556 0.2605 0.4440 0.4774 0.3591 0.2458 0.1759 0.1608 0.3269 0.4645 0.4604 0.3306 0.2277 0.1669 0.1701 0.3634 0.4735 0.4423 0.3118 0.2159 0.1611 0.1836 0.3901 0.4789 0.4230 0.2951 0.2054 0.1574 0.2058 0.4126 0.4817 0.4029 0.2793 0.1958 0.1557 0.2371 0.4308 0.4815 0.3827 0.2643 0.1871 0.1560 0.2719 0.4456 0.4789 0.3568
0.2533 0.3553 0.4742 0.4514 0.2890 0.1573 0.1835 0.2580 0.3735 0.4801 0.4380 0.2537 0.1559 0.1919 0.2724 0.3934 0.4818 0.4216 0.2202 0.1567 0.2011 0.2878 0.4137 0.4803 0.4014 0.1931 0.1594 0.2111 0.3040 0.4335 0.4761 0.3761 0.1754 0.1646 0.2234 0.3239 0.4549 0.4672 0.3369 0.1626 0.1746 0.2437 0.3566 0.4767 0.4444 0.2606 0.1559 0.1956 0.2844 0.4181 0.4755 0.4165 0.2830 0.1946 0.1556 0.2624 0.4454 0.4764 0.3553 0.2426 0.1739 0.1626 0.3384 0.4679 0.4540 0.3227 0.2224 0.1641 0.1757 0.3772 0.4766 0.4326 0.3030 0.2103 0.1589 0.1939 0.4024 0.4807 0.4126 0.2867 0.2003 0.1563 0.2212 0.4225 0.4820 0.3923 0.2714 0.1912 0.1557 0.2551 0.4389 0.4801 0.3724 0.2569 0.1829 0.1570 0.2902 0.4522 0.4740 0.3543 0.2528
