0.2140 0.2263 0.3133 0.4413 0.4702 0.3282 0.1856 0.2054 0.2757 0.3911 0.4816 0.4024 0.2033 0.1906 0.2444 0.3438 0.4689 0.4502 0.2659 0.1836 0.2194 0.3019 0.4273 0.4755 0.3518 0.1884 0.2006 0.2661 0.3769 0.4809 0.4191 0.2151 0.1875 0.2366 0.3311 0.4594 0.4595 0.2913 0.1837 0.2134 0.2910 0.4127 0.4792 0.3736 0.1927 0.1962 0.2569 0.3632 0.4779 0.4319 0.3219 0.4319 0.4779 0.3632 0.2569 0.1962 0.1927 0.3736 0.4792 0.4127 0.2910 0.2134 0.1837 0.2913 0.4595 0.4594 0.3311 0.2366 0.1875 0.2151 0.4191 0.4809 0.3769 0.2661 0.2006 0.1884 0.3518 0.4755 0.4273 0.3019 0.2194 0.1836 0.2659 0.4502 0.4689 0.3438 0.2444 0.1906 0.2033 0.4024 0.4816 0.3911 0.2757 0.2054 0.1856 0.3282 0.4702 0.4413 0.3133 0.2263 0.2140
0.2263 0.3106 0.4476 0.4691 0.3276 0.1592 0.1824 0.2635 0.3922 0.4826 0.4030 0.1842 0.1639 0.2278 0.3398 0.4730 0.4492 0.2627 0.1558 0.1989 0.2929 0.4311 0.4750 0.3527 0.1632 0.1764 0.2524 0.3766 0.4827 0.4190 0.2009 0.1600 0.2188 0.3257 0.4640 0.4584 0.2902 0.1562 0.1918 0.2806 0.4155 0.4792 0.3746 0.1692 0.1710 0.2420 0.3613 0.4807 0.4321 0.2273 0.1501 0.2273 0.4321 0.4807 0.3613 0.2420 0.1710 0.1692 0.3746 0.4792 0.4155 0.2806 0.1918 0.1562 0.2902 0.4584 0.4640 0.3257 0.2188 0.1600 0.2009 0.4190 0.4827 0.3766 0.2524 0.1764 0.1632 0.3527 0.4750 0.4311 0.2929 0.1989 0.1558 0.2627 0.4492 0.4730 0.3398 0.2278 0.1639 0.1842 0.4030 0.4826 0.3922 0.2635 0.1824 0.1592 0.3276 0.4691 0.4476 0.3106 0.2263
0.3133 0.4476 0.4702 0.3380 0.1609 0.1787 0.2560 0.3809 0.4819 0.4139 0.1945 0.1610 0.2213 0.3294 0.4659 0.4552 0.2811 0.1558 0.1938 0.2839 0.4193 0.4773 0.3675 0.1668 0.1725 0.2448 0.3652 0.4805 0.4283 0.2154 0.1579 0.2127 0.3156 0.4549 0.4634 0.3080 0.1570 0.1871 0.2719 0.4035 0.4804 0.3881 0.1747 0.1674 0.2349 0.3504 0.4767 0.4405 0.2401 0.1540 0.1712 0.1540 0.2401 0.4405 0.4767 0.3504 0.2349 0.1674 0.1747 0.3881 0.4804 0.4035 0.2719 0.1871 0.1570 0.3080 0.4634 0.4549 0.3156 0.2127 0.1579 0.2154 0.4283 0.4805 0.3652 0.2448 0.1725 0.1668 0.3675 0.4773 0.4193 0.2839 0.1938 0.1558 0.2811 0.4552 0.4659 0.3294 0.2213 0.1610 0.1945 0.4139 0.4819 0.3809 0.2560 0.1787 0.1609 0.3380 0.4702 0.4476 0.3133
0.4413 0.4691 0.3380 0.1618 0.1767 0.2510 0.3725 0.4815 0.4231 0.2072 0.1589 0.2156 0.3203 0.4590 0.4609 0.2992 0.1565 0.1893 0.2759 0.4089 0.4796 0.3815 0.1717 0.1691 0.2382 0.3554 0.4784 0.4367 0.2320 0.1566 0.2073 0.3069 0.4463 0.4680 0.3252 0.1586 0.1829 0.2643 0.3931 0.4816 0.4006 0.1822 0.1643 0.2286 0.3409 0.4728 0.4476 0.2588 0.1559 0.1964 0.2401 0.1964 0.1559 0.2588 0.4476 0.4728 0.3409 0.2286 0.1643 0.1822 0.4006 0.4816 0.3931 0.2643 0.1829 0.1586 0.3252 0.4680 0.4463 0.3069 0.2073 0.1566 0.2320 0.4367 0.4784 0.3554 0.2382 0.1691 0.1717 0.3815 0.4796 0.4089 0.2759 0.1893 0.1565 0.2992 0.4609 0.4590 0.3203 0.2156 0.1589 0.2072 0.4231 0.4815 0.3725 0.2510 0.1767 0.1618 0.3380 0.4691 0.4413
0.4702 0.3276 0.1609 0.1767 0.2491 0.3674 0.4806 0.4302 0.2205 0.1574 0.2103 0.3116 0.4509 0.4658 0.3167 0.1578 0.1850 0.2681 0.3984 0.4811 0.3945 0.1782 0.1659 0.2317 0.3456 0.4750 0.4442 0.2498 0.1559 0.2021 0.2982 0.4368 0.4720 0.3415 0.1609 0.1789 0.2569 0.3827 0.4820 0.4118 0.1921 0.1615 0.2225 0.3314 0.4673 0.4540 0.2772 0.1557 0.1953 0.2837 0.3584 0.2837 0.1953 0.1557 0.2772 0.4540 0.4673 0.3314 0.2225 0.1615 0.1921 0.4118 0.4820 0.3827 0.2569 0.1789 0.1609 0.3415 0.4720 0.4368 0.2982 0.2021 0.1559 0.2498 0.4442 0.4750 0.3456 0.2317 0.1659 0.1782 0.3945 0.4811 0.3984 0.2681 0.1850 0.1578 0.3167 0.4658 0.4509 0.3116 0.2103 0.1574 0.2205 0.4302 0.4806 0.3674 0.2491 0.1767 0.1609 0.3276 0.4702
0.3282 0.1592 0.1787 0.2510 0.3674 0.4801 0.4341 0.2310 0.1565 0.2060 0.3038 0.4425 0.4699 0.3331 0.1597 0.1809 0.2606 0.3879 0.4819 0.4063 0.1868 0.1629 0.2255 0.3361 0.4702 0.4509 0.2681 0.1556 0.1972 0.2898 0.4268 0.4753 0.3570 0.1640 0.1751 0.2498 0.3724 0.4815 0.4218 0.2048 0.1592 0.2167 0.3222 0.4606 0.4597 0.2954 0.1563 0.1903 0.2783 0.4134 0.4748 0.4134 0.2783 0.1903 0.1563 0.2954 0.4597 0.4606 0.3222 0.2167 0.1592 0.2048 0.4218 0.4815 0.3724 0.2498 0.1751 0.1640 0.3570 0.4753 0.4268 0.2898 0.1972 0.1556 0.2681 0.4509 0.4702 0.3361 0.2255 0.1629 0.1868 0.4063 0.4819 0.3879 0.2606 0.1809 0.1597 0.3331 0.4699 0.4425 0.3038 0.2060 0.1565 0.2310 0.4341 0.4801 0.3674 0.2510 0.1787 0.1592 0.3282
0.1856 0.1824 0.2560 0.3725 0.4806 0.4341 0.2349 0.1562 0.2030 0.2977 0.4347 0.4732 0.3476 0.1622 0.1771 0.2535 0.3776 0.4819 0.4169 0.1981 0.1603 0.2196 0.3267 0.4641 0.4569 0.2864 0.1559 0.1925 0.2816 0.4164 0.4781 0.3716 0.1680 0.1715 0.2429 0.3624 0.4801 0.4308 0.2201 0.1575 0.2111 0.3131 0.4526 0.4648 0.3130 0.1574 0.1858 0.2698 0.4013 0.4785 0.4406 0.4785 0.4013 0.2698 0.1858 0.1574 0.3130 0.4648 0.4526 0.3131 0.2111 0.1575 0.2201 0.4308 0.4801 0.3624 0.2429 0.1715 0.1680 0.3716 0.4781 0.4164 0.2816 0.1925 0.1559 0.2864 0.4569 0.4641 0.3267 0.2196 0.1603 0.1981 0.4169 0.4819 0.3776 0.2535 0.1771 0.1622 0.3476 0.4732 0.4347 0.2977 0.2030 0.1562 0.2349 0.4341 0.4806 0.3725 0.2560 0.1824 0.1856
0.2054 0.2635 0.3809 0.4815 0.4302 0.2310 0.1562 0.2019 0.2943 0.4291 0.4754 0.3594 0.1650 0.1738 0.2470 0.3679 0.4809 0.4263 0.2121 0.1583 0.2139 0.3176 0.4567 0.4623 0.3043 0.1568 0.1880 0.2736 0.4059 0.4801 0.3853 0.1734 0.1681 0.2363 0.3525 0.4775 0.4389 0.2371 0.1564 0.2058 0.3043 0.4437 0.4692 0.3299 0.1592 0.1817 0.2622 0.3901 0.4816 0.4029 0.2759 0.4029 0.4816 0.3901 0.2622 0.1817 0.1592 0.3299 0.4692 0.4437 0.3043 0.2058 0.1564 0.2371 0.4389 0.4775 0.3525 0.2363 0.1681 0.1734 0.3853 0.4801 0.4059 0.2736 0.1880 0.1568 0.3043 0.4623 0.4567 0.3176 0.2139 0.1583 0.2121 0.4263 0.4809 0.3679 0.2470 0.1738 0.1650 0.3594 0.4754 0.4291 0.2943 0.2019 0.1562 0.2310 0.4302 0.4815 0.3809 0.2635 0.2054
0.2757 0.3922 0.4819 0.4231 0.2205 0.1565 0.2030 0.2943 0.4270 0.4765 0.3673 0.1678 0.1712 0.2414 0.3592 0.4792 0.4345 0.2278 0.1569 0.2085 0.3087 0.4482 0.4671 0.3216 0.1583 0.1838 0.2660 0.3954 0.4814 0.3980 0.1804 0.1650 0.2299 0.3429 0.4737 0.4462 0.2551 0.1557 0.2007 0.2957 0.4340 0.4730 0.3461 0.1617 0.1778 0.2549 0.3797 0.4820 0.4142 0.1972 0.1479 0.1972 0.4142 0.4820 0.3797 0.2549 0.1778 0.1617 0.3461 0.4730 0.4340 0.2957 0.2007 0.1557 0.2551 0.4462 0.4737 0.3429 0.2299 0.1650 0.1804 0.3980 0.4814 0.3954 0.2660 0.1838 0.1583 0.3216 0.4671 0.4482 0.3087 0.2085 0.1569 0.2278 0.4345 0.4792 0.3592 0.2414 0.1712 0.1678 0.3673 0.4765 0.4270 0.2943 0.2030 0.1565 0.2205 0.4231 0.4819 0.3922 0.2757
0.3911 0.4826 0.4139 0.2072 0.1574 0.2060 0.2977 0.4291 0.4765 0.3700 0.1695 0.1695 0.2372 0.3520 0.4769 0.4412 0.2437 0.1560 0.2034 0.3002 0.4389 0.4712 0.3382 0.1604 0.1797 0.2585 0.3849 0.4820 0.4095 0.1898 0.1621 0.2238 0.3334 0.4686 0.4527 0.2734 0.1557 0.1958 0.2874 0.4238 0.4762 0.3613 0.1650 0.1740 0.2478 0.3695 0.4812 0.4245 0.2084 0.1562 0.1786 0.1562 0.2084 0.4245 0.4812 0.3695 0.2478 0.1740 0.1650 0.3613 0.4762 0.4238 0.2874 0.1958 0.1557 0.2734 0.4527 0.4686 0.3334 0.2238 0.1621 0.1898 0.4095 0.4820 0.3849 0.2585 0.1797 0.1604 0.3382 0.4712 0.4389 0.3002 0.2034 0.1560 0.2437 0.4412 0.4769 0.3520 0.2372 0.1695 0.1695 0.3700 0.4765 0.4291 0.2977 0.2060 0.1574 0.2072 0.4139 0.4826 0.3911
0.4816 0.4030 0.1945 0.1589 0.2103 0.3038 0.4347 0.4754 0.3673 0.1695 0.1689 0.2350 0.3471 0.4745 0.4463 0.2580 0.1557 0.1990 0.2923 0.4294 0.4746 0.3537 0.1633 0.1759 0.2513 0.3746 0.4817 0.4198 0.2019 0.1596 0.2179 0.3241 0.4621 0.4586 0.2916 0.1561 0.1912 0.2793 0.4134 0.4787 0.3757 0.1694 0.1705 0.2410 0.3595 0.4795 0.4332 0.2248 0.1574 0.2063 0.2542 0.2063 0.1574 0.2248 0.4332 0.4795 0.3595 0.2410 0.1705 0.1694 0.3757 0.4787 0.4134 0.2793 0.1912 0.1561 0.2916 0.4586 0.4621 0.3241 0.2179 0.1596 0.2019 0.4198 0.4817 0.3746 0.2513 0.1759 0.1633 0.3537 0.4746 0.4294 0.2923 0.1990 0.1557 0.2580 0.4463 0.4745 0.3471 0.2350 0.1689 0.1695 0.3673 0.4754 0.4347 0.3038 0.2103 0.1589 0.1945 0.4030 0.4816
0.4024 0.1842 0.1610 0.2156 0.3116 0.4425 0.4732 0.3594 0.1678 0.1695 0.2350 0.3454 0.4730 0.4495 0.2690 0.1557 0.1953 0.2854 0.4204 0.4773 0.3677 0.1670 0.1723 0.2444 0.3645 0.4805 0.4290 0.2166 0.1578 0.2123 0.3150 0.4544 0.4638 0.3094 0.1572 0.1868 0.2714 0.4029 0.4806 0.3891 0.1752 0.1672 0.2344 0.3497 0.4766 0.4411 0.2422 0.1562 0.2048 0.3005 0.3795 0.3005 0.2048 0.1562 0.2422 0.4411 0.4766 0.3497 0.2344 0.1672 0.1752 0.3891 0.4806 0.4029 0.2714 0.1868 0.1572 0.3094 0.4638 0.4544 0.3150 0.2123 0.1578 0.2166 0.4290 0.4805 0.3645 0.2444 0.1723 0.1670 0.3677 0.4773 0.4204 0.2854 0.1953 0.1557 0.2690 0.4495 0.4730 0.3454 0.2350 0.1695 0.1678 0.3594 0.4732 0.4425 0.3116 0.2156 0.1610 0.1842 0.4024
0.2033 0.1639 0.2213 0.3203 0.4509 0.4699 0.3476 0.1650 0.1712 0.2372 0.3471 0.4730 0.4507 0.2750 0.1558 0.1926 0.2799 0.4124 0.4792 0.3799 0.1714 0.1691 0.2380 0.3548 0.4782 0.4372 0.2333 0.1565 0.2069 0.3062 0.4456 0.4683 0.3265 0.1588 0.1826 0.2638 0.3923 0.4817 0.4015 0.1828 0.1641 0.2281 0.3401 0.4724 0.4481 0.2603 0.1557 0.1993 0.2940 0.4331 0.4775 0.4331 0.2940 0.1993 0.1557 0.2603 0.4481 0.4724 0.3401 0.2281 0.1641 0.1828 0.4015 0.4817 0.3923 0.2638 0.1826 0.1588 0.3265 0.4683 0.4456 0.3062 0.2069 0.1565 0.2333 0.4372 0.4782 0.3548 0.2380 0.1691 0.1714 0.3799 0.4792 0.4124 0.2799 0.1926 0.1558 0.2750 0.4507 0.4730 0.3471 0.2372 0.1712 0.1650 0.3476 0.4699 0.4509 0.3203 0.2213 0.1639 0.2033
0.1906 0.2278 0.3294 0.4590 0.4658 0.3331 0.1622 0.1738 0.2414 0.3520 0.4745 0.4495 0.2750 0.1559 0.1911 0.2763 0.4063 0.4804 0.3899 0.1765 0.1663 0.2322 0.3458 0.4748 0.4445 0.2510 0.1558 0.2017 0.2975 0.4361 0.4723 0.3428 0.1612 0.1786 0.2564 0.3819 0.4820 0.4126 0.1930 0.1613 0.2221 0.3307 0.4669 0.4545 0.2787 0.1557 0.1945 0.2851 0.4215 0.4743 0.4262 0.4743 0.4215 0.2851 0.1945 0.1557 0.2787 0.4545 0.4669 0.3307 0.2221 0.1613 0.1930 0.4126 0.4820 0.3819 0.2564 0.1786 0.1612 0.3428 0.4723 0.4361 0.2975 0.2017 0.1558 0.2510 0.4445 0.4748 0.3458 0.2322 0.1663 0.1765 0.3899 0.4804 0.4063 0.2763 0.1911 0.1559 0.2750 0.4495 0.4745 0.3520 0.2414 0.1738 0.1622 0.3331 0.4658 0.4590 0.3294 0.2278 0.1906
0.2444 0.3398 0.4659 0.4609 0.3167 0.1597 0.1771 0.2470 0.3592 0.4769 0.4463 0.2690 0.1558 0.1911 0.2751 0.4031 0.4810 0.3969 0.1815 0.1641 0.2272 0.3376 0.4706 0.4508 0.2684 0.1556 0.1969 0.2892 0.4260 0.4756 0.3582 0.1643 0.1748 0.2493 0.3717 0.4815 0.4225 0.2059 0.1591 0.2163 0.3215 0.4600 0.4601 0.2968 0.1564 0.1899 0.2770 0.4104 0.4790 0.3804 0.2410 0.3804 0.4790 0.4104 0.2770 0.1899 0.1564 0.2968 0.4601 0.4600 0.3215 0.2163 0.1591 0.2059 0.4225 0.4815 0.3717 0.2493 0.1748 0.1643 0.3582 0.4756 0.4260 0.2892 0.1969 0.1556 0.2684 0.4508 0.4706 0.3376 0.2272 0.1641 0.1815 0.3969 0.4810 0.4031 0.2751 0.1911 0.1558 0.2690 0.4463 0.4769 0.3592 0.2470 0.1771 0.1597 0.3167 0.4609 0.4659 0.3398 0.2444
0.3438 0.4730 0.4552 0.2992 0.1578 0.1809 0.2535 0.3679 0.4792 0.4412 0.2580 0.1557 0.1926 0.2763 0.4031 0.4812 0.4005 0.1853 0.1625 0.2233 0.3307 0.4660 0.4559 0.2845 0.1559 0.1925 0.2813 0.4158 0.4782 0.3728 0.1684 0.1713 0.2424 0.3617 0.4799 0.4314 0.2212 0.1574 0.2107 0.3124 0.4520 0.4651 0.3144 0.1576 0.1855 0.2692 0.3998 0.4810 0.3922 0.1774 0.1485 0.1774 0.3922 0.4810 0.3998 0.2692 0.1855 0.1576 0.3144 0.4651 0.4520 0.3124 0.2107 0.1574 0.2212 0.4314 0.4799 0.3617 0.2424 0.1713 0.1684 0.3728 0.4782 0.4158 0.2813 0.1925 0.1559 0.2845 0.4559 0.4660 0.3307 0.2233 0.1625 0.1853 0.4005 0.4812 0.4031 0.2763 0.1926 0.1557 0.2580 0.4412 0.4792 0.3679 0.2535 0.1809 0.1578 0.2992 0.4552 0.4730 0.3438
0.4689 0.4492 0.2811 0.1565 0.1850 0.2606 0.3776 0.4809 0.4345 0.2437 0.1557 0.1953 0.2799 0.4063 0.4810 0.4005 0.1868 0.1617 0.2208 0.3258 0.4617 0.4599 0.2986 0.1566 0.1886 0.2741 0.4060 0.4801 0.3861 0.1738 0.1679 0.2358 0.3518 0.4773 0.4394 0.2383 0.1563 0.2054 0.3036 0.4429 0.4695 0.3313 0.1594 0.1814 0.2616 0.3893 0.4818 0.4048 0.1852 0.1606 0.1869 0.1606 0.1852 0.4048 0.4818 0.3893 0.2616 0.1814 0.1594 0.3313 0.4695 0.4429 0.3036 0.2054 0.1563 0.2383 0.4394 0.4773 0.3518 0.2358 0.1679 0.1738 0.3861 0.4801 0.4060 0.2741 0.1886 0.1566 0.2986 0.4599 0.4617 0.3258 0.2208 0.1617 0.1868 0.4005 0.4810 0.4063 0.2799 0.1953 0.1557 0.2437 0.4345 0.4809 0.3776 0.2606 0.1850 0.1565 0.2811 0.4492 0.4689
0.4502 0.2627 0.1558 0.1893 0.2681 0.3879 0.4819 0.4263 0.2278 0.1560 0.1990 0.2854 0.4124 0.4804 0.3969 0.1853 0.1617 0.2199 0.3232 0.4586 0.4627 0.3096 0.1574 0.1853 0.2677 0.3968 0.4814 0.3979 0.1806 0.1648 0.2295 0.3422 0.4734 0.4467 0.2564 0.1557 0.2003 0.2951 0.4332 0.4733 0.3473 0.1620 0.1775 0.2543 0.3790 0.4819 0.4155 0.1964 0.1610 0.2172 0.2695 0.2172 0.1610 0.1964 0.4155 0.4819 0.3790 0.2543 0.1775 0.1620 0.3473 0.4733 0.4332 0.2951 0.2003 0.1557 0.2564 0.4467 0.4734 0.3422 0.2295 0.1648 0.1806 0.3979 0.4814 0.3968 0.2677 0.1853 0.1574 0.3096 0.4627 0.4586 0.3232 0.2199 0.1617 0.1853 0.3969 0.4804 0.4124 0.2854 0.1990 0.1560 0.2278 0.4263 0.4819 0.3879 0.2681 0.1893 0.1558 0.2627 0.4502
0.2659 0.1558 0.1938 0.2759 0.3984 0.4819 0.4169 0.2121 0.1569 0.2034 0.2923 0.4204 0.4792 0.3899 0.1815 0.1625 0.2208 0.3232 0.4575 0.4640 0.3165 0.1583 0.1827 0.2625 0.3888 0.4819 0.4078 0.1889 0.1621 0.2237 0.3330 0.4683 0.4531 0.2747 0.1557 0.1954 0.2867 0.4230 0.4764 0.3625 0.1654 0.1738 0.2473 0.3688 0.4811 0.4252 0.2101 0.1586 0.2152 0.3182 0.4010 0.3182 0.2152 0.1586 0.2101 0.4252 0.4811 0.3688 0.2473 0.1738 0.1654 0.3625 0.4764 0.4230 0.2867 0.1954 0.1557 0.2747 0.4531 0.4683 0.3330 0.2237 0.1621 0.1889 0.4078 0.4819 0.3888 0.2625 0.1827 0.1583 0.3165 0.4640 0.4575 0.3232 0.2208 0.1625 0.1815 0.3899 0.4792 0.4204 0.2923 0.2034 0.1569 0.2121 0.4169 0.4819 0.3984 0.2759 0.1938 0.1558 0.2659
0.1836 0.1989 0.2839 0.4089 0.4811 0.4063 0.1981 0.1583 0.2085 0.3002 0.4294 0.4773 0.3799 0.1765 0.1641 0.2233 0.3258 0.4586 0.4640 0.3189 0.1588 0.1811 0.2587 0.3825 0.4820 0.4158 0.1983 0.1600 0.2185 0.3245 0.4621 0.4587 0.2925 0.1562 0.1908 0.2787 0.4126 0.4789 0.3768 0.1699 0.1703 0.2405 0.3588 0.4793 0.4338 0.2260 0.1570 0.2092 0.3106 0.4508 0.4769 0.4508 0.3106 0.2092 0.1570 0.2260 0.4338 0.4793 0.3588 0.2405 0.1703 0.1699 0.3768 0.4789 0.4126 0.2787 0.1908 0.1562 0.2925 0.4587 0.4621 0.3245 0.2185 0.1600 0.1983 0.4158 0.4820 0.3825 0.2587 0.1811 0.1588 0.3189 0.4640 0.4586 0.3258 0.2233 0.1641 0.1765 0.3799 0.4773 0.4294 0.3002 0.2085 0.1583 0.1981 0.4063 0.4811 0.4089 0.2839 0.1989 0.1836
0.2194 0.2929 0.4193 0.4796 0.3945 0.1868 0.1603 0.2139 0.3087 0.4389 0.4746 0.3677 0.1714 0.1663 0.2272 0.3307 0.4617 0.4627 0.3165 0.1588 0.1806 0.2568 0.3784 0.4818 0.4217 0.2076 0.1585 0.2140 0.3168 0.4553 0.4635 0.3092 0.1572 0.1865 0.2709 0.4020 0.4807 0.3901 0.1757 0.1670 0.2340 0.3490 0.4763 0.4416 0.2435 0.1560 0.2039 0.3012 0.4408 0.4677 0.4086 0.4677 0.4408 0.3012 0.2039 0.1560 0.2435 0.4416 0.4763 0.3490 0.2340 0.1670 0.1757 0.3901 0.4807 0.4020 0.2709 0.1865 0.1572 0.3092 0.4635 0.4553 0.3168 0.2140 0.1585 0.2076 0.4217 0.4818 0.3784 0.2568 0.1806 0.1588 0.3165 0.4627 0.4617 0.3307 0.2272 0.1663 0.1714 0.3677 0.4746 0.4389 0.3087 0.2139 0.1603 0.1868 0.3945 0.4796 0.4193 0.2929 0.2194
0.3019 0.4311 0.4773 0.3815 0.1782 0.1629 0.2196 0.3176 0.4482 0.4712 0.3537 0.1670 0.1691 0.2322 0.3376 0.4660 0.4599 0.3096 0.1583 0.1811 0.2568 0.3771 0.4815 0.4253 0.2150 0.1576 0.2103 0.3102 0.4485 0.4674 0.3243 0.1587 0.1826 0.2636 0.3917 0.4817 0.4024 0.1836 0.1639 0.2277 0.3394 0.4720 0.4486 0.2616 0.1556 0.1989 0.2927 0.4304 0.4739 0.3541 0.2076 0.3541 0.4739 0.4304 0.2927 0.1989 0.1556 0.2616 0.4486 0.4720 0.3394 0.2277 0.1639 0.1836 0.4024 0.4817 0.3917 0.2636 0.1826 0.1587 0.3243 0.4674 0.4485 0.3102 0.2103 0.1576 0.2150 0.4253 0.4815 0.3771 0.2568 0.1811 0.1583 0.3096 0.4599 0.4660 0.3376 0.2322 0.1691 0.1670 0.3537 0.4712 0.4482 0.3176 0.2196 0.1629 0.1782 0.3815 0.4773 0.4311 0.3019
0.4273 0.4750 0.3675 0.1717 0.1659 0.2255 0.3267 0.4567 0.4671 0.3382 0.1633 0.1723 0.2380 0.3458 0.4706 0.4559 0.2986 0.1574 0.1827 0.2587 0.3784 0.4815 0.4265 0.2191 0.1571 0.2077 0.3051 0.4424 0.4705 0.3374 0.1606 0.1791 0.2569 0.3820 0.4820 0.4131 0.1937 0.1611 0.2217 0.3300 0.4664 0.4549 0.2800 0.1557 0.1941 0.2844 0.4201 0.4772 0.3660 0.1658 0.1509 0.1658 0.3660 0.4772 0.4201 0.2844 0.1941 0.1557 0.2800 0.4549 0.4664 0.3300 0.2217 0.1611 0.1937 0.4131 0.4820 0.3820 0.2569 0.1791 0.1606 0.3374 0.4705 0.4424 0.3051 0.2077 0.1571 0.2191 0.4265 0.4815 0.3784 0.2587 0.1827 0.1574 0.2986 0.4559 0.4706 0.3458 0.2380 0.1723 0.1633 0.3382 0.4671 0.4567 0.3267 0.2255 0.1659 0.1717 0.3675 0.4750 0.4273
0.4755 0.3527 0.1668 0.1691 0.2317 0.3361 0.4641 0.4623 0.3216 0.1604 0.1759 0.2444 0.3548 0.4748 0.4508 0.2845 0.1566 0.1853 0.2625 0.3825 0.4818 0.4253 0.2191 0.1569 0.2064 0.3019 0.4378 0.4726 0.3478 0.1626 0.1762 0.2510 0.3732 0.4815 0.4223 0.2061 0.1590 0.2160 0.3209 0.4594 0.4605 0.2981 0.1564 0.1895 0.2764 0.4096 0.4795 0.3807 0.1713 0.1665 0.1960 0.1665 0.1713 0.3807 0.4795 0.4096 0.2764 0.1895 0.1564 0.2981 0.4605 0.4594 0.3209 0.2160 0.1590 0.2061 0.4223 0.4815 0.3732 0.2510 0.1762 0.1626 0.3478 0.4726 0.4378 0.3019 0.2064 0.1569 0.2191 0.4253 0.4818 0.3825 0.2625 0.1853 0.1566 0.2845 0.4508 0.4748 0.3548 0.2444 0.1759 0.1604 0.3216 0.4623 0.4641 0.3361 0.2317 0.1691 0.1668 0.3527 0.4755
0.3518 0.1632 0.1725 0.2382 0.3456 0.4702 0.4569 0.3043 0.1583 0.1797 0.2513 0.3645 0.4782 0.4445 0.2684 0.1559 0.1886 0.2677 0.3888 0.4820 0.4217 0.2150 0.1571 0.2064 0.3008 0.4353 0.4739 0.3550 0.1645 0.1738 0.2460 0.3654 0.4804 0.4300 0.2198 0.1575 0.2107 0.3122 0.4515 0.4654 0.3156 0.1577 0.1852 0.2686 0.3990 0.4810 0.3938 0.1778 0.1664 0.2290 0.2858 0.2290 0.1664 0.1778 0.3938 0.4810 0.3990 0.2686 0.1852 0.1577 0.3156 0.4654 0.4515 0.3122 0.2107 0.1575 0.2198 0.4300 0.4804 0.3654 0.2460 0.1738 0.1645 0.3550 0.4739 0.4353 0.3008 0.2064 0.1571 0.2150 0.4217 0.4820 0.3888 0.2677 0.1886 0.1559 0.2684 0.4445 0.4782 0.3645 0.2513 0.1797 0.1583 0.3043 0.4569 0.4702 0.3456 0.2382 0.1725 0.1632 0.3518
0.1884 0.1764 0.2448 0.3554 0.4750 0.4509 0.2864 0.1568 0.1838 0.2585 0.3746 0.4805 0.4372 0.2510 0.1556 0.1925 0.2741 0.3968 0.4819 0.4158 0.2076 0.1576 0.2077 0.3019 0.4353 0.4743 0.3586 0.1659 0.1722 0.2423 0.3590 0.4789 0.4364 0.2335 0.1564 0.2059 0.3041 0.4430 0.4696 0.3321 0.1595 0.1811 0.2611 0.3885 0.4819 0.4057 0.1862 0.1631 0.2265 0.3368 0.4222 0.3368 0.2265 0.1631 0.1862 0.4057 0.4819 0.3885 0.2611 0.1811 0.1595 0.3321 0.4696 0.4430 0.3041 0.2059 0.1564 0.2335 0.4364 0.4789 0.3590 0.2423 0.1722 0.1659 0.3586 0.4743 0.4353 0.3019 0.2077 0.1576 0.2076 0.4158 0.4819 0.3968 0.2741 0.1925 0.1556 0.2510 0.4372 0.4805 0.3746 0.2585 0.1838 0.1568 0.2864 0.4509 0.4750 0.3554 0.2448 0.1764 0.1884
0.2006 0.2524 0.3652 0.4784 0.4442 0.2681 0.1559 0.1880 0.2660 0.3849 0.4817 0.4290 0.2333 0.1558 0.1969 0.2813 0.4060 0.4814 0.4078 0.1983 0.1585 0.2103 0.3051 0.4378 0.4739 0.3586 0.1664 0.1713 0.2399 0.3546 0.4773 0.4413 0.2460 0.1559 0.2018 0.2967 0.4344 0.4731 0.3471 0.1620 0.1773 0.2538 0.3782 0.4819 0.4164 0.1974 0.1604 0.2200 0.3280 0.4650 0.4736 0.4650 0.3280 0.2200 0.1604 0.1974 0.4164 0.4819 0.3782 0.2538 0.1773 0.1620 0.3471 0.4731 0.4344 0.2967 0.2018 0.1559 0.2460 0.4413 0.4773 0.3546 0.2399 0.1713 0.1664 0.3586 0.4739 0.4378 0.3051 0.2103 0.1585 0.1983 0.4078 0.4814 0.4060 0.2813 0.1969 0.1558 0.2333 0.4290 0.4817 0.3849 0.2660 0.1880 0.1559 0.2681 0.4442 0.4784 0.3652 0.2524 0.2006
0.2661 0.3766 0.4805 0.4367 0.2498 0.1556 0.1925 0.2736 0.3954 0.4820 0.4198 0.2166 0.1565 0.2017 0.2892 0.4158 0.4801 0.3979 0.1889 0.1600 0.2140 0.3102 0.4424 0.4726 0.3550 0.1659 0.1713 0.2391 0.3523 0.4761 0.4446 0.2559 0.1557 0.1983 0.2903 0.4262 0.4758 0.3604 0.1651 0.1738 0.2471 0.3682 0.4810 0.4259 0.2112 0.1584 0.2142 0.3182 0.4577 0.4590 0.3879 0.4590 0.4577 0.3182 0.2142 0.1584 0.2112 0.4259 0.4810 0.3682 0.2471 0.1738 0.1651 0.3604 0.4758 0.4262 0.2903 0.1983 0.1557 0.2559 0.4446 0.4761 0.3523 0.2391 0.1713 0.1659 0.3550 0.4726 0.4424 0.3102 0.2140 0.1600 0.1889 0.3979 0.4801 0.4158 0.2892 0.2017 0.1565 0.2166 0.4198 0.4820 0.3954 0.2736 0.1925 0.1556 0.2498 0.4367 0.4805 0.3766 0.2661
0.3769 0.4827 0.4283 0.2320 0.1559 0.1972 0.2816 0.4059 0.4814 0.4095 0.2019 0.1578 0.2069 0.2975 0.4260 0.4782 0.3861 0.1806 0.1621 0.2185 0.3168 0.4485 0.4705 0.3478 0.1645 0.1722 0.2399 0.3523 0.4756 0.4462 0.2621 0.1556 0.1958 0.2852 0.4190 0.4778 0.3722 0.1687 0.1708 0.2410 0.3589 0.4792 0.4343 0.2271 0.1569 0.2088 0.3093 0.4488 0.4664 0.3241 0.1811 0.3241 0.4664 0.4488 0.3093 0.2088 0.1569 0.2271 0.4343 0.4792 0.3589 0.2410 0.1708 0.1687 0.3722 0.4778 0.4190 0.2852 0.1958 0.1556 0.2621 0.4462 0.4756 0.3523 0.2399 0.1722 0.1645 0.3478 0.4705 0.4485 0.3168 0.2185 0.1621 0.1806 0.3861 0.4782 0.4260 0.2975 0.2069 0.1578 0.2019 0.4095 0.4814 0.4059 0.2816 0.1972 0.1559 0.2320 0.4283 0.4827 0.3769
0.4809 0.4190 0.2154 0.1566 0.2021 0.2898 0.4164 0.4801 0.3980 0.1898 0.1596 0.2123 0.3062 0.4361 0.4756 0.3728 0.1738 0.1648 0.2237 0.3245 0.4553 0.4674 0.3374 0.1626 0.1738 0.2423 0.3546 0.4761 0.4462 0.2642 0.1556 0.1942 0.2817 0.4134 0.4792 0.3817 0.1727 0.1681 0.2355 0.3505 0.4766 0.4415 0.2438 0.1560 0.2036 0.3006 0.4395 0.4710 0.3364 0.1590 0.1547 0.1590 0.3364 0.4710 0.4395 0.3006 0.2036 0.1560 0.2438 0.4415 0.4766 0.3505 0.2355 0.1681 0.1727 0.3817 0.4792 0.4134 0.2817 0.1942 0.1556 0.2642 0.4462 0.4761 0.3546 0.2423 0.1738 0.1626 0.3374 0.4674 0.4553 0.3245 0.2237 0.1648 0.1738 0.3728 0.4756 0.4361 0.3062 0.2123 0.1596 0.1898 0.3980 0.4801 0.4164 0.2898 0.2021 0.1566 0.2154 0.4190 0.4809
0.4191 0.2009 0.1579 0.2073 0.2982 0.4268 0.4781 0.3853 0.1804 0.1621 0.2179 0.3150 0.4456 0.4723 0.3582 0.1684 0.1679 0.2295 0.3330 0.4621 0.4635 0.3243 0.1606 0.1762 0.2460 0.3590 0.4773 0.4446 0.2621 0.1556 0.1937 0.2799 0.4099 0.4800 0.3886 0.1766 0.1659 0.2308 0.3428 0.4732 0.4476 0.2601 0.1556 0.1988 0.2924 0.4297 0.4745 0.3528 0.1631 0.1731 0.2061 0.1731 0.1631 0.3528 0.4745 0.4297 0.2924 0.1988 0.1556 0.2601 0.4476 0.4732 0.3428 0.2308 0.1659 0.1766 0.3886 0.4800 0.4099 0.2799 0.1937 0.1556 0.2621 0.4446 0.4773 0.3590 0.2460 0.1762 0.1606 0.3243 0.4635 0.4621 0.3330 0.2295 0.1679 0.1684 0.3582 0.4723 0.4456 0.3150 0.2179 0.1621 0.1804 0.3853 0.4781 0.4268 0.2982 0.2073 0.1579 0.2009 0.4191
0.2151 0.1600 0.2127 0.3069 0.4368 0.4753 0.3716 0.1734 0.1650 0.2238 0.3241 0.4544 0.4683 0.3428 0.1643 0.1713 0.2358 0.3422 0.4683 0.4587 0.3092 0.1587 0.1791 0.2510 0.3654 0.4789 0.4413 0.2559 0.1556 0.1942 0.2799 0.4087 0.4804 0.3928 0.1798 0.1643 0.2270 0.3364 0.4695 0.4526 0.2753 0.1557 0.1945 0.2847 0.4200 0.4773 0.3674 0.1668 0.1729 0.2419 0.3034 0.2419 0.1729 0.1668 0.3674 0.4773 0.4200 0.2847 0.1945 0.1557 0.2753 0.4526 0.4695 0.3364 0.2270 0.1643 0.1798 0.3928 0.4804 0.4087 0.2799 0.1942 0.1556 0.2559 0.4413 0.4789 0.3654 0.2510 0.1791 0.1587 0.3092 0.4587 0.4683 0.3422 0.2358 0.1713 0.1643 0.3428 0.4683 0.4544 0.3241 0.2238 0.1650 0.1734 0.3716 0.4753 0.4368 0.3069 0.2127 0.1600 0.2151
0.1875 0.2188 0.3156 0.4463 0.4720 0.3570 0.1680 0.1681 0.2299 0.3334 0.4621 0.4638 0.3265 0.1612 0.1748 0.2424 0.3518 0.4734 0.4531 0.2925 0.1572 0.1826 0.2569 0.3732 0.4804 0.4364 0.2460 0.1557 0.1958 0.2817 0.4099 0.4804 0.3942 0.1816 0.1634 0.2245 0.3316 0.4658 0.4566 0.2885 0.1561 0.1908 0.2778 0.4106 0.4794 0.3806 0.1715 0.1692 0.2388 0.3563 0.4419 0.3563 0.2388 0.1692 0.1715 0.3806 0.4794 0.4106 0.2778 0.1908 0.1561 0.2885 0.4566 0.4658 0.3316 0.2245 0.1634 0.1816 0.3942 0.4804 0.4099 0.2817 0.1958 0.1557 0.2460 0.4364 0.4804 0.3732 0.2569 0.1826 0.1572 0.2925 0.4531 0.4734 0.3518 0.2424 0.1748 0.1612 0.3265 0.4638 0.4621 0.3334 0.2299 0.1681 0.1680 0.3570 0.4720 0.4463 0.3156 0.2188 0.1875
0.2366 0.3257 0.4549 0.4680 0.3415 0.1640 0.1715 0.2363 0.3429 0.4686 0.4586 0.3094 0.1588 0.1786 0.2493 0.3617 0.4773 0.4467 0.2747 0.1562 0.1865 0.2636 0.3820 0.4815 0.4300 0.2335 0.1559 0.1983 0.2852 0.4134 0.4800 0.3928 0.1816 0.1630 0.2231 0.3286 0.4630 0.4595 0.2991 0.1567 0.1876 0.2717 0.4019 0.4808 0.3923 0.1773 0.1661 0.2321 0.3465 0.4745 0.4681 0.4745 0.3465 0.2321 0.1661 0.1773 0.3923 0.4808 0.4019 0.2717 0.1876 0.1567 0.2991 0.4595 0.4630 0.3286 0.2231 0.1630 0.1816 0.3928 0.4800 0.4134 0.2852 0.1983 0.1559 0.2335 0.4300 0.4815 0.3820 0.2636 0.1865 0.1562 0.2747 0.4467 0.4773 0.3617 0.2493 0.1786 0.1588 0.3094 0.4586 0.4686 0.3429 0.2363 0.1715 0.1640 0.3415 0.4680 0.4549 0.3257 0.2366
0.3311 0.4640 0.4634 0.3252 0.1609 0.1751 0.2429 0.3525 0.4737 0.4527 0.2916 0.1572 0.1826 0.2564 0.3717 0.4799 0.4394 0.2564 0.1557 0.1908 0.2709 0.3917 0.4820 0.4223 0.2198 0.1564 0.2018 0.2903 0.4190 0.4792 0.3886 0.1798 0.1634 0.2231 0.3275 0.4614 0.4612 0.3065 0.1573 0.1851 0.2667 0.3943 0.4816 0.4023 0.1843 0.1634 0.2263 0.3369 0.4708 0.4477 0.3625 0.4477 0.4708 0.3369 0.2263 0.1634 0.1843 0.4023 0.4816 0.3943 0.2667 0.1851 0.1573 0.3065 0.4612 0.4614 0.3275 0.2231 0.1634 0.1798 0.3886 0.4792 0.4190 0.2903 0.2018 0.1564 0.2198 0.4223 0.4820 0.3917 0.2709 0.1908 0.1557 0.2564 0.4394 0.4799 0.3717 0.2564 0.1826 0.1572 0.2916 0.4527 0.4737 0.3525 0.2429 0.1751 0.1609 0.3252 0.4634 0.4640 0.3311
0.4594 0.4584 0.3080 0.1586 0.1789 0.2498 0.3624 0.4775 0.4462 0.2734 0.1561 0.1868 0.2638 0.3819 0.4815 0.4314 0.2383 0.1557 0.1954 0.2787 0.4020 0.4817 0.4131 0.2061 0.1575 0.2059 0.2967 0.4262 0.4778 0.3817 0.1766 0.1643 0.2245 0.3286 0.4614 0.4618 0.3104 0.1578 0.1834 0.2629 0.3883 0.4820 0.4103 0.1921 0.1612 0.2212 0.3286 0.4650 0.4559 0.2889 0.1639 0.2889 0.4559 0.4650 0.3286 0.2212 0.1612 0.1921 0.4103 0.4820 0.3883 0.2629 0.1834 0.1578 0.3104 0.4618 0.4614 0.3286 0.2245 0.1643 0.1766 0.3817 0.4778 0.4262 0.2967 0.2059 0.1575 0.2061 0.4131 0.4817 0.4020 0.2787 0.1954 0.1557 0.2383 0.4314 0.4815 0.3819 0.2638 0.1868 0.1561 0.2734 0.4462 0.4775 0.3624 0.2498 0.1789 0.1586 0.3080 0.4584 0.4594
0.4595 0.2902 0.1570 0.1829 0.2569 0.3724 0.4801 0.4389 0.2551 0.1557 0.1912 0.2714 0.3923 0.4820 0.4225 0.2212 0.1563 0.2003 0.2867 0.4126 0.4807 0.4024 0.1937 0.1590 0.2107 0.3041 0.4344 0.4758 0.3722 0.1727 0.1659 0.2270 0.3316 0.4630 0.4612 0.3104 0.1580 0.1825 0.2606 0.3841 0.4820 0.4163 0.2000 0.1595 0.2168 0.3211 0.4589 0.4613 0.3008 0.1550 0.1601 0.1550 0.3008 0.4613 0.4589 0.3211 0.2168 0.1595 0.2000 0.4163 0.4820 0.3841 0.2606 0.1825 0.1580 0.3104 0.4612 0.4630 0.3316 0.2270 0.1659 0.1727 0.3722 0.4758 0.4344 0.3041 0.2107 0.1590 0.1937 0.4024 0.4807 0.4126 0.2867 0.2003 0.1563 0.2212 0.4225 0.4820 0.3923 0.2714 0.1912 0.1557 0.2551 0.4389 0.4801 0.3724 0.2569 0.1829 0.1570 0.2902 0.4595
0.2913 0.1562 0.1871 0.2643 0.3827 0.4815 0.4308 0.2371 0.1557 0.1958 0.2793 0.4029 0.4817 0.4126 0.2059 0.1574 0.2054 0.2951 0.4230 0.4789 0.3901 0.1836 0.1611 0.2160 0.3122 0.4430 0.4731 0.3604 0.1687 0.1681 0.2308 0.3364 0.4658 0.4595 0.3065 0.1578 0.1825 0.2597 0.3818 0.4819 0.4203 0.2068 0.1584 0.2132 0.3148 0.4528 0.4653 0.3165 0.1580 0.1814 0.2182 0.1814 0.1580 0.3165 0.4653 0.4528 0.3148 0.2132 0.1584 0.2068 0.4203 0.4819 0.3818 0.2597 0.1825 0.1578 0.3065 0.4595 0.4658 0.3364 0.2308 0.1681 0.1687 0.3604 0.4731 0.4430 0.3122 0.2160 0.1611 0.1836 0.3901 0.4789 0.4230 0.2951 0.2054 0.1574 0.2059 0.4126 0.4817 0.4029 0.2793 0.1958 0.1557 0.2371 0.4308 0.4815 0.3827 0.2643 0.1871 0.1562 0.2913
0.1837 0.1918 0.2719 0.3931 0.4820 0.4218 0.2201 0.1564 0.2007 0.2874 0.4134 0.4806 0.4015 0.1930 0.1591 0.2107 0.3036 0.4332 0.4764 0.3768 0.1757 0.1639 0.2217 0.3209 0.4515 0.4696 0.3471 0.1651 0.1708 0.2355 0.3428 0.4695 0.4566 0.2991 0.1573 0.1834 0.2606 0.3818 0.4818 0.4224 0.2115 0.1578 0.2105 0.3098 0.4472 0.4684 0.3293 0.1595 0.1815 0.2577 0.3243 0.2577 0.1815 0.1595 0.3293 0.4684 0.4472 0.3098 0.2105 0.1578 0.2115 0.4224 0.4818 0.3818 0.2606 0.1834 0.1573 0.2991 0.4566 0.4695 0.3428 0.2355 0.1708 0.1651 0.3471 0.4696 0.4515 0.3209 0.2217 0.1639 0.1757 0.3768 0.4764 0.4332 0.3036 0.2107 0.1591 0.1930 0.4015 0.4806 0.4134 0.2874 0.2007 0.1564 0.2201 0.4218 0.4820 0.3931 0.2719 0.1918 0.1837
0.2134 0.2806 0.4035 0.4816 0.4118 0.2048 0.1575 0.2058 0.2957 0.4238 0.4787 0.3891 0.1828 0.1613 0.2163 0.3124 0.4429 0.4733 0.3625 0.1699 0.1670 0.2277 0.3300 0.4594 0.4654 0.3321 0.1620 0.1738 0.2410 0.3505 0.4732 0.4526 0.2885 0.1567 0.1851 0.2629 0.3841 0.4819 0.4224 0.2132 0.1574 0.2088 0.3062 0.4427 0.4707 0.3396 0.1611 0.1781 0.2551 0.3800 0.4604 0.3800 0.2551 0.1781 0.1611 0.3396 0.4707 0.4427 0.3062 0.2088 0.1574 0.2132 0.4224 0.4819 0.3841 0.2629 0.1851 0.1567 0.2885 0.4526 0.4732 0.3505 0.2410 0.1738 0.1620 0.3321 0.4654 0.4594 0.3300 0.2277 0.1670 0.1699 0.3625 0.4733 0.4429 0.3124 0.2163 0.1613 0.1828 0.3891 0.4787 0.4238 0.2957 0.2058 0.1575 0.2048 0.4118 0.4816 0.4035 0.2806 0.2134
0.2910 0.4155 0.4804 0.4006 0.1921 0.1592 0.2111 0.3043 0.4340 0.4762 0.3757 0.1752 0.1641 0.2221 0.3215 0.4520 0.4695 0.3473 0.1654 0.1703 0.2340 0.3394 0.4664 0.4605 0.3156 0.1595 0.1773 0.2471 0.3589 0.4766 0.4476 0.2753 0.1561 0.1876 0.2667 0.3883 0.4820 0.4203 0.2115 0.1574 0.2083 0.3043 0.4398 0.4722 0.3472 0.1628 0.1756 0.2495 0.3710 0.4797 0.4585 0.4797 0.3710 0.2495 0.1756 0.1628 0.3472 0.4722 0.4398 0.3043 0.2083 0.1574 0.2115 0.4203 0.4820 0.3883 0.2667 0.1876 0.1561 0.2753 0.4476 0.4766 0.3589 0.2471 0.1773 0.1595 0.3156 0.4605 0.4664 0.3394 0.2340 0.1703 0.1654 0.3473 0.4695 0.4520 0.3215 0.2221 0.1641 0.1752 0.3757 0.4762 0.4340 0.3043 0.2111 0.1592 0.1921 0.4006 0.4804 0.4155 0.2910
0.4127 0.4792 0.3881 0.1822 0.1615 0.2167 0.3131 0.4437 0.4730 0.3613 0.1694 0.1672 0.2281 0.3307 0.4600 0.4651 0.3313 0.1620 0.1738 0.2405 0.3490 0.4720 0.4549 0.2981 0.1577 0.1811 0.2538 0.3682 0.4792 0.4415 0.2601 0.1557 0.1908 0.2717 0.3943 0.4820 0.4163 0.2068 0.1578 0.2088 0.3043 0.4387 0.4729 0.3519 0.1641 0.1739 0.2456 0.3639 0.4800 0.4298 0.3259 0.4298 0.4800 0.3639 0.2456 0.1739 0.1641 0.3519 0.4729 0.4387 0.3043 0.2088 0.1578 0.2068 0.4163 0.4820 0.3943 0.2717 0.1908 0.1557 0.2601 0.4415 0.4792 0.3682 0.2538 0.1811 0.1577 0.2981 0.4549 0.4720 0.3490 0.2405 0.1738 0.1620 0.3313 0.4651 0.4600 0.3307 0.2281 0.1672 0.1694 0.3613 0.4730 0.4437 0.3131 0.2167 0.1615 0.1822 0.3881 0.4792 0.4127
0.4792 0.3746 0.1747 0.1643 0.2225 0.3222 0.4526 0.4692 0.3461 0.1650 0.1705 0.2344 0.3401 0.4669 0.4601 0.3144 0.1594 0.1775 0.2473 0.3588 0.4763 0.4486 0.2800 0.1564 0.1852 0.2611 0.3782 0.4810 0.4343 0.2438 0.1556 0.1945 0.2778 0.4019 0.4816 0.4103 0.2000 0.1584 0.2105 0.3062 0.4398 0.4729 0.3535 0.1648 0.1728 0.2430 0.3592 0.4787 0.4369 0.2402 0.1526 0.2402 0.4369 0.4787 0.3592 0.2429 0.1728 0.1648 0.3535 0.4729 0.4398 0.3062 0.2105 0.1584 0.2000 0.4103 0.4816 0.4019 0.2778 0.1945 0.1556 0.2438 0.4343 0.4810 0.3782 0.2611 0.1852 0.1564 0.2800 0.4486 0.4763 0.3588 0.2473 0.1775 0.1594 0.3144 0.4601 0.4669 0.3401 0.2344 0.1705 0.1650 0.3461 0.4692 0.4526 0.3222 0.2225 0.1643 0.1747 0.3746 0.4792
0.3736 0.1692 0.1674 0.2286 0.3314 0.4606 0.4648 0.3299 0.1617 0.1740 0.2410 0.3497 0.4724 0.4545 0.2968 0.1576 0.1814 0.2543 0.3688 0.4793 0.4416 0.2616 0.1557 0.1895 0.2686 0.3885 0.4819 0.4259 0.2271 0.1560 0.1988 0.2847 0.4106 0.4808 0.4023 0.1921 0.1595 0.2132 0.3098 0.4427 0.4722 0.3519 0.1648 0.1725 0.2416 0.3563 0.4776 0.4411 0.2461 0.1538 0.1692 0.1538 0.2461 0.4411 0.4776 0.3563 0.2416 0.1724 0.1648 0.3519 0.4722 0.4427 0.3098 0.2132 0.1595 0.1921 0.4023 0.4808 0.4106 0.2847 0.1988 0.1560 0.2271 0.4259 0.4819 0.3885 0.2686 0.1895 0.1557 0.2616 0.4416 0.4793 0.3688 0.2543 0.1814 0.1576 0.2968 0.4545 0.4724 0.3497 0.2410 0.1740 0.1617 0.3299 0.4648 0.4606 0.3314 0.2286 0.1674 0.1692 0.3736
0.1927 0.1710 0.2349 0.3409 0.4673 0.4597 0.3130 0.1592 0.1778 0.2478 0.3595 0.4766 0.4481 0.2787 0.1564 0.1855 0.2616 0.3790 0.4811 0.4338 0.2435 0.1556 0.1941 0.2764 0.3990 0.4819 0.4164 0.2112 0.1569 0.2036 0.2924 0.4200 0.4794 0.3923 0.1843 0.1612 0.2168 0.3148 0.4472 0.4707 0.3472 0.1641 0.1728 0.2416 0.3554 0.4769 0.4433 0.2540 0.1559 0.1951 0.2376 0.1951 0.1559 0.2540 0.4433 0.4769 0.3553 0.2416 0.1728 0.1641 0.3472 0.4707 0.4472 0.3148 0.2168 0.1612 0.1843 0.3923 0.4794 0.4200 0.2924 0.2036 0.1569 0.2112 0.4164 0.4819 0.3990 0.2764 0.1941 0.1556 0.2435 0.4338 0.4811 0.3790 0.2616 0.1855 0.1564 0.2787 0.4481 0.4766 0.3595 0.2478 0.1778 0.1592 0.3130 0.4597 0.4673 0.3409 0.2349 0.1710 0.1927
0.1962 0.2420 0.3504 0.4728 0.4540 0.2954 0.1574 0.1817 0.2549 0.3695 0.4795 0.4411 0.2603 0.1557 0.1899 0.2692 0.3893 0.4819 0.4252 0.2260 0.1560 0.1989 0.2844 0.4096 0.4810 0.4057 0.1974 0.1584 0.2088 0.3006 0.4297 0.4773 0.3806 0.1773 0.1634 0.2212 0.3211 0.4528 0.4684 0.3397 0.1628 0.1739 0.2430 0.3563 0.4769 0.4440 0.2578 0.1556 0.1968 0.2839 0.3572 0.2839 0.1968 0.1556 0.2578 0.4440 0.4769 0.3563 0.2429 0.1739 0.1628 0.3396 0.4684 0.4528 0.3211 0.2212 0.1634 0.1773 0.3806 0.4773 0.4297 0.3006 0.2088 0.1584 0.1974 0.4057 0.4810 0.4096 0.2844 0.1989 0.1560 0.2260 0.4252 0.4819 0.3893 0.2692 0.1899 0.1557 0.2603 0.4411 0.4795 0.3695 0.2549 0.1817 0.1574 0.2954 0.4540 0.4728 0.3504 0.2420 0.1962
0.2569 0.3613 0.4767 0.4476 0.2772 0.1563 0.1858 0.2622 0.3797 0.4812 0.4332 0.2422 0.1557 0.1945 0.2770 0.3998 0.4818 0.4156 0.2101 0.1570 0.2039 0.2927 0.4201 0.4795 0.3938 0.1862 0.1604 0.2142 0.3093 0.4395 0.4745 0.3674 0.1715 0.1661 0.2263 0.3286 0.4589 0.4653 0.3293 0.1611 0.1756 0.2456 0.3592 0.4776 0.4433 0.2578 0.1556 0.1954 0.2838 0.4170 0.4756 0.4170 0.2838 0.1953 0.1556 0.2578 0.4433 0.4776 0.3592 0.2456 0.1756 0.1611 0.3293 0.4653 0.4589 0.3286 0.2263 0.1661 0.1715 0.3674 0.4745 0.4395 0.3093 0.2142 0.1604 0.1862 0.3938 0.4795 0.4201 0.2927 0.2039 0.1570 0.2101 0.4155 0.4818 0.3998 0.2770 0.1945 0.1557 0.2422 0.4332 0.4812 0.3797 0.2622 0.1858 0.1563 0.2772 0.4476 0.4767 0.3613 0.2569
0.3632 0.4807 0.4405 0.2589 0.1557 0.1902 0.2697 0.3901 0.4820 0.4245 0.2248 0.1561 0.1993 0.2850 0.4104 0.4809 0.4048 0.1964 0.1585 0.2091 0.3012 0.4303 0.4772 0.3807 0.1778 0.1630 0.2200 0.3182 0.4488 0.4710 0.3529 0.1668 0.1691 0.2319 0.3368 0.4649 0.4613 0.3166 0.1594 0.1780 0.2494 0.3639 0.4787 0.4411 0.2541 0.1556 0.1953 0.2823 0.4131 0.4774 0.4366 0.4774 0.4131 0.2824 0.1953 0.1556 0.2540 0.4411 0.4787 0.3639 0.2495 0.1781 0.1595 0.3165 0.4613 0.4650 0.3369 0.2321 0.1692 0.1668 0.3528 0.4710 0.4488 0.3182 0.2200 0.1631 0.1778 0.3807 0.4772 0.4304 0.3012 0.2092 0.1586 0.1964 0.4048 0.4810 0.4104 0.2851 0.1993 0.1562 0.2248 0.4245 0.4820 0.3901 0.2698 0.1903 0.1557 0.2588 0.4405 0.4807 0.3632
0.4779 0.4326 0.2408 0.1557 0.1948 0.2776 0.4006 0.4818 0.4148 0.2090 0.1571 0.2043 0.2933 0.4209 0.4793 0.3928 0.1855 0.1606 0.2146 0.3099 0.4402 0.4743 0.3667 0.1714 0.1661 0.2259 0.3273 0.4572 0.4668 0.3371 0.1631 0.1725 0.2381 0.3457 0.4704 0.4565 0.3020 0.1579 0.1809 0.2543 0.3702 0.4800 0.4376 0.2471 0.1556 0.1962 0.2830 0.4123 0.4797 0.3893 0.2565 0.3886 0.4794 0.4131 0.2838 0.1968 0.1559 0.2461 0.4369 0.4800 0.3710 0.2551 0.1815 0.1580 0.3008 0.4559 0.4708 0.3465 0.2388 0.1729 0.1631 0.3364 0.4664 0.4577 0.3280 0.2265 0.1664 0.1713 0.3660 0.4739 0.4408 0.3106 0.2152 0.1610 0.1852 0.3922 0.4790 0.4215 0.2940 0.2048 0.1574 0.2084 0.4142 0.4816 0.4013 0.2783 0.1953 0.1559 0.2401 0.4321 0.4779
0.4332 0.2235 0.1562 0.1996 0.2856 0.4111 0.4809 0.4040 0.1955 0.1587 0.2096 0.3018 0.4311 0.4770 0.3796 0.1772 0.1633 0.2204 0.3188 0.4495 0.4707 0.3518 0.1665 0.1693 0.2321 0.3367 0.4645 0.4620 0.3205 0.1602 0.1761 0.2448 0.3552 0.4749 0.4509 0.2858 0.1567 0.1844 0.2601 0.3777 0.4811 0.4326 0.2375 0.1558 0.1980 0.2853 0.4143 0.4798 0.3892 0.1794 0.1476 0.1796 0.3886 0.4774 0.4170 0.2839 0.1951 0.1538 0.2402 0.4298 0.4797 0.3800 0.2577 0.1814 0.1550 0.2889 0.4477 0.4745 0.3563 0.2419 0.1731 0.1590 0.3241 0.4590 0.4650 0.3368 0.2290 0.1665 0.1658 0.3541 0.4677 0.4508 0.3182 0.2172 0.1606 0.1774 0.3804 0.4743 0.4331 0.3005 0.2063 0.1562 0.1972 0.4029 0.4785 0.4134 0.2837 0.1964 0.1540 0.2273 0.4319
0.2323 0.1574 0.2047 0.2940 0.4216 0.4792 0.3919 0.1848 0.1608 0.2151 0.3106 0.4410 0.4740 0.3655 0.1709 0.1663 0.2264 0.3280 0.4578 0.4665 0.3359 0.1629 0.1728 0.2386 0.3463 0.4706 0.4566 0.3031 0.1582 0.1800 0.2518 0.3651 0.4784 0.4443 0.2682 0.1560 0.1882 0.2667 0.3864 0.4819 0.4262 0.2257 0.1562 0.2007 0.2892 0.4183 0.4792 0.3874 0.1784 0.1594 0.1669 0.1475 0.2564 0.4366 0.4756 0.3572 0.2376 0.1692 0.1526 0.3259 0.4585 0.4604 0.3243 0.2182 0.1601 0.1639 0.3625 0.4681 0.4419 0.3034 0.2061 0.1547 0.1811 0.3879 0.4736 0.4222 0.2858 0.1960 0.1509 0.2076 0.4086 0.4769 0.4010 0.2695 0.1869 0.1485 0.2410 0.4262 0.4775 0.3795 0.2542 0.1786 0.1479 0.2759 0.4406 0.4748 0.3584 0.2401 0.1712 0.1501 0.3219
0.1853 0.2107 0.3028 0.4322 0.4766 0.3783 0.1766 0.1637 0.2212 0.3200 0.4504 0.4701 0.3501 0.1662 0.1698 0.2330 0.3378 0.4652 0.4614 0.3188 0.1601 0.1767 0.2457 0.3564 0.4753 0.4502 0.2847 0.1568 0.1843 0.2593 0.3756 0.4806 0.4365 0.2496 0.1558 0.1928 0.2742 0.3962 0.4819 0.4179 0.2126 0.1571 0.2044 0.2946 0.4242 0.4781 0.3823 0.1766 0.1641 0.1891 0.1570 0.1804 0.3890 0.4774 0.4170 0.2839 0.1951 0.1538 0.2402 0.4298 0.4797 0.3800 0.2577 0.1814 0.1550 0.2889 0.4477 0.4745 0.3563 0.2419 0.1731 0.1590 0.3241 0.4590 0.4650 0.3368 0.2290 0.1665 0.1658 0.3541 0.4677 0.4508 0.3182 0.2172 0.1606 0.1774 0.3804 0.4743 0.4331 0.3005 0.2063 0.1562 0.1972 0.4029 0.4785 0.4134 0.2837 0.1964 0.1540 0.2273 0.4319
0.2276 0.3121 0.4425 0.4717 0.3657 0.1702 0.1651 0.2254 0.3292 0.4589 0.4640 0.3362 0.1620 0.1716 0.2378 0.3479 0.4708 0.4540 0.3035 0.1572 0.1787 0.2511 0.3672 0.4777 0.4417 0.2686 0.1549 0.1867 0.2655 0.3871 0.4805 0.4268 0.2336 0.1547 0.1956 0.2809 0.4074 0.4798 0.4081 0.2011 0.1570 0.2070 0.3005 0.4320 0.4750 0.3758 0.1734 0.1658 0.2203 0.2314 0.2330 0.3917 0.4794 0.4132 0.2838 0.1968 0.1559 0.2461 0.4369 0.4800 0.3710 0.2551 0.1815 0.1580 0.3008 0.4559 0.4708 0.3465 0.2388 0.1729 0.1631 0.3364 0.4664 0.4577 0.3280 0.2265 0.1664 0.1713 0.3660 0.4739 0.4408 0.3106 0.2152 0.1610 0.1852 0.3922 0.4790 0.4215 0.2940 0.2048 0.1574 0.2084 0.4142 0.4816 0.4013 0.2783 0.1953 0.1559 0.2401 0.4321 0.4779
0.2884 0.4228 0.4744 0.3901 0.1840 0.1544 0.2055 0.3022 0.4407 0.4691 0.3658 0.1667 0.1595 0.2165 0.3208 0.4574 0.4615 0.3380 0.1567 0.1654 0.2285 0.3403 0.4692 0.4517 0.3071 0.1513 0.1721 0.2417 0.3608 0.4758 0.4396 0.2731 0.1492 0.1797 0.2565 0.3831 0.4782 0.4232 0.2336 0.1497 0.1904 0.2770 0.4129 0.4760 0.3936 0.1851 0.1556 0.2102 0.3108 0.4094 0.4696 0.4768 0.4135 0.2824 0.1953 0.1556 0.2540 0.4411 0.4787 0.3639 0.2495 0.1781 0.1595 0.3165 0.4613 0.4650 0.3369 0.2321 0.1692 0.1668 0.3528 0.4710 0.4488 0.3182 0.2200 0.1631 0.1778 0.3807 0.4772 0.4304 0.3012 0.2092 0.1586 0.1964 0.4048 0.4810 0.4104 0.2851 0.1993 0.1562 0.2248 0.4245 0.4820 0.3901 0.2698 0.1903 0.1557 0.2588 0.4405 0.4807 0.3632
0.2518 0.3619 0.4759 0.4440 0.2828 0.1540 0.1815 0.2582 0.3817 0.4795 0.4298 0.2474 0.1529 0.1900 0.2734 0.4025 0.4794 0.4129 0.2140 0.1539 0.1993 0.2898 0.4230 0.4765 0.3927 0.1879 0.1569 0.2096 0.3072 0.4421 0.4711 0.3682 0.1712 0.1624 0.2218 0.3278 0.4606 0.4614 0.3320 0.1596 0.1716 0.2414 0.3604 0.4770 0.4392 0.2624 0.1530 0.1910 0.2808 0.4184 0.4746 0.4180 0.2839 0.1954 0.1556 0.2578 0.4433 0.4776 0.3592 0.2456 0.1756 0.1611 0.3293 0.4653 0.4589 0.3286 0.2263 0.1661 0.1715 0.3674 0.4745 0.4395 0.3093 0.2142 0.1604 0.1862 0.3938 0.4795 0.4201 0.2927 0.2039 0.1570 0.2101 0.4155 0.4818 0.3998 0.2770 0.1945 0.1557 0.2422 0.4332 0.4812 0.3797 0.2622 0.1858 0.1563 0.2772 0.4476 0.4767 0.3613 0.2569
0.1965 0.2429 0.3514 0.4731 0.4532 0.2941 0.1576 0.1824 0.2559 0.3706 0.4795 0.4402 0.2590 0.1560 0.1906 0.2702 0.3904 0.4818 0.4243 0.2249 0.1564 0.1997 0.2855 0.4106 0.4807 0.4047 0.1966 0.1588 0.2096 0.3016 0.4308 0.4768 0.3795 0.1769 0.1640 0.2222 0.3223 0.4537 0.4677 0.3382 0.1628 0.1746 0.2441 0.3576 0.4772 0.4430 0.2559 0.1560 0.1979 0.2853 0.3581 0.2840 0.1968 0.1556 0.2578 0.4440 0.4769 0.3563 0.2429 0.1739 0.1628 0.3396 0.4684 0.4528 0.3211 0.2212 0.1634 0.1773 0.3806 0.4773 0.4297 0.3006 0.2088 0.1584 0.1974 0.4057 0.4810 0.4096 0.2844 0.1989 0.1560 0.2260 0.4252 0.4819 0.3893 0.2692 0.1899 0.1557 0.2603 0.4411 0.4795 0.3695 0.2549 0.1817 0.1574 0.2954 0.4540 0.4728 0.3504 0.2420 0.1962
