1.0000 1.0000 0.0011 0.0077 0.0548 0.3901 1.0000 1.0000 0.0005 0.0037 0.0266 0.1894 1.0000 1.0000 0.0003 0.0018 0.0129 0.0918 0.6531 1.0000 1.0000 0.0009 0.0062 0.0445 0.3164 1.0000 1.0000 0.0004 0.0030 0.0216 0.1536 1.0000 1.0000 0.0002 0.0015 0.0105 0.0744 0.5308 1.0000 1.0000 0.0007 0.0051 0.0361 0.2572 1.0000 1.0000 0.0003 0.0025 0.0176 0.1265 0.4482 0.1265 0.0176 0.0025 0.0003 1.0000 1.0000 0.2572 0.0361 0.0051 0.0007 1.0000 1.0000 0.5308 0.0744 0.0105 0.0015 0.0002 1.0000 1.0000 0.1536 0.0216 0.0030 0.0004 1.0000 1.0000 0.3164 0.0445 0.0062 0.0009 1.0000 1.0000 0.6531 0.0918 0.0129 0.0018 0.0003 1.0000 1.0000 0.1894 0.0266 0.0037 0.0005 1.0000 1.0000 0.3901 0.0548 0.0077 0.0011 1.0000 1.0000
1.0000 0.0013 0.0087 0.0608 0.4298 1.0000 1.0000 0.0006 0.0041 0.0291 0.2071 1.0000 1.0000 0.0003 0.0020 0.0141 0.1003 0.7155 1.0000 1.0000 0.0010 0.0068 0.0487 0.3467 1.0000 1.0000 0.0005 0.0033 0.0236 0.1683 1.0000 1.0000 1.0000 0.0016 0.0115 0.0815 0.5805 1.0000 1.0000 0.0008 0.0056 0.0396 0.2813 1.0000 1.0000 0.0004 0.0027 0.0192 0.1376 1.0000 1.0000 1.0000 0.1376 0.0192 0.0027 0.0004 1.0000 1.0000 0.2813 0.0396 0.0056 0.0008 1.0000 1.0000 0.5805 0.0815 0.0115 0.0016 1.0000 1.0000 1.0000 0.1683 0.0236 0.0033 0.0005 1.0000 1.0000 0.3467 0.0487 0.0068 0.0010 1.0000 1.0000 0.7155 0.1003 0.0141 0.0020 0.0003 1.0000 1.0000 0.2071 0.0291 0.0041 0.0006 1.0000 1.0000 0.4298 0.0608 0.0087 0.0013 1.0000
0.0011 0.0087 0.0567 0.3871 1.0000 1.0000 0.0005 0.0035 0.0250 0.1775 1.0000 1.0000 0.0002 0.0017 0.0121 0.0860 0.6122 1.0000 1.0000 0.0008 0.0059 0.0417 0.2966 1.0000 1.0000 0.0004 0.0028 0.0202 0.1440 1.0000 1.0000 1.0000 0.0014 0.0098 0.0698 0.4967 1.0000 1.0000 0.0007 0.0048 0.0339 0.2411 1.0000 1.0000 0.0003 0.0023 0.0164 0.1170 0.8395 1.0000 1.0000 1.0000 0.8395 0.1170 0.0164 0.0023 0.0003 1.0000 1.0000 0.2411 0.0339 0.0048 0.0007 1.0000 1.0000 0.4967 0.0698 0.0098 0.0014 1.0000 1.0000 1.0000 0.1440 0.0202 0.0028 0.0004 1.0000 1.0000 0.2966 0.0417 0.0059 0.0008 1.0000 1.0000 0.6122 0.0860 0.0121 0.0017 0.0002 1.0000 1.0000 0.1775 0.0250 0.0035 0.0005 1.0000 1.0000 0.3871 0.0567 0.0087 0.0011
0.0077 0.0608 0.3871 1.0000 1.0000 0.0005 0.0031 0.0221 0.1563 1.0000 1.0000 1.0000 0.0015 0.0105 0.0749 0.5329 1.0000 1.0000 0.0007 0.0051 0.0363 0.2587 1.0000 1.0000 0.0003 0.0025 0.0176 0.1253 0.8922 1.0000 1.0000 0.0012 0.0085 0.0608 0.4331 1.0000 1.0000 0.0006 0.0041 0.0295 0.2098 1.0000 1.0000 0.0003 0.0020 0.0143 0.1019 0.7251 1.0000 1.0000 0.0005 1.0000 1.0000 0.7251 0.1019 0.0143 0.0020 0.0003 1.0000 1.0000 0.2098 0.0295 0.0041 0.0006 1.0000 1.0000 0.4331 0.0608 0.0085 0.0012 1.0000 1.0000 0.8922 0.1253 0.0176 0.0025 0.0003 1.0000 1.0000 0.2587 0.0363 0.0051 0.0007 1.0000 1.0000 0.5329 0.0749 0.0105 0.0015 1.0000 1.0000 1.0000 0.1563 0.0221 0.0031 0.0005 1.0000 1.0000 0.3871 0.0608 0.0077
0.0548 0.4298 1.0000 1.0000 0.0004 0.0029 0.0201 0.1400 0.9812 1.0000 1.0000 0.0013 0.0092 0.0653 0.4638 1.0000 1.0000 0.0006 0.0044 0.0316 0.2251 1.0000 1.0000 0.0003 0.0022 0.0153 0.1091 0.7765 1.0000 1.0000 0.0010 0.0074 0.0530 0.3770 1.0000 1.0000 0.0005 0.0036 0.0257 0.1826 1.0000 1.0000 0.0002 0.0017 0.0125 0.0887 0.6311 1.0000 1.0000 0.0009 0.0029 0.0009 1.0000 1.0000 0.6311 0.0887 0.0125 0.0017 0.0002 1.0000 1.0000 0.1826 0.0257 0.0036 0.0005 1.0000 1.0000 0.3770 0.0530 0.0074 0.0010 1.0000 1.0000 0.7765 0.1091 0.0153 0.0022 0.0003 1.0000 1.0000 0.2251 0.0316 0.0044 0.0006 1.0000 1.0000 0.4638 0.0653 0.0092 0.0013 1.0000 1.0000 0.9812 0.1400 0.0201 0.0029 0.0004 1.0000 1.0000 0.4298 0.0548
0.3901 1.0000 1.0000 0.0005 0.0029 0.0194 0.1312 0.8990 1.0000 1.0000 0.0011 0.0081 0.0571 0.4052 1.0000 1.0000 0.0005 0.0039 0.0275 0.1960 1.0000 1.0000 0.0003 0.0019 0.0133 0.0949 0.6759 1.0000 1.0000 0.0009 0.0065 0.0461 0.3281 1.0000 1.0000 0.0004 0.0031 0.0223 0.1590 1.0000 1.0000 1.0000 0.0015 0.0108 0.0772 0.5493 1.0000 1.0000 0.0007 0.0055 0.0180 0.0055 0.0007 1.0000 1.0000 0.5493 0.0772 0.0108 0.0015 1.0000 1.0000 1.0000 0.1590 0.0223 0.0031 0.0004 1.0000 1.0000 0.3281 0.0461 0.0065 0.0009 1.0000 1.0000 0.6759 0.0949 0.0133 0.0019 0.0003 1.0000 1.0000 0.1960 0.0275 0.0039 0.0005 1.0000 1.0000 0.4052 0.0571 0.0081 0.0011 1.0000 1.0000 0.8990 0.1312 0.0194 0.0029 0.0005 1.0000 1.0000 0.3901
1.0000 1.0000 0.0005 0.0031 0.0201 0.1312 0.8704 1.0000 1.0000 0.0010 0.0072 0.0507 0.3574 1.0000 1.0000 0.0005 0.0034 0.0240 0.1706 1.0000 1.0000 1.0000 0.0016 0.0116 0.0826 0.5882 1.0000 1.0000 0.0008 0.0056 0.0401 0.2856 1.0000 1.0000 0.0004 0.0027 0.0194 0.1384 0.9849 1.0000 1.0000 0.0013 0.0094 0.0672 0.4781 1.0000 1.0000 0.0006 0.0046 0.0339 0.1116 0.0339 0.0046 0.0006 1.0000 1.0000 0.4781 0.0672 0.0094 0.0013 1.0000 1.0000 0.9849 0.1384 0.0194 0.0027 0.0004 1.0000 1.0000 0.2856 0.0401 0.0056 0.0008 1.0000 1.0000 0.5882 0.0826 0.0116 0.0016 1.0000 1.0000 1.0000 0.1706 0.0240 0.0034 0.0005 1.0000 1.0000 0.3574 0.0507 0.0072 0.0010 1.0000 1.0000 0.8704 0.1312 0.0201 0.0031 0.0005 1.0000 1.0000
1.0000 0.0006 0.0035 0.0221 0.1400 0.8990 1.0000 1.0000 0.0010 0.0067 0.0461 0.3207 1.0000 1.0000 0.0004 0.0030 0.0209 0.1487 1.0000 1.0000 1.0000 0.0014 0.0101 0.0719 0.5120 1.0000 1.0000 0.0007 0.0049 0.0349 0.2485 1.0000 1.0000 0.0003 0.0024 0.0169 0.1204 0.8572 1.0000 1.0000 0.0012 0.0082 0.0585 0.4161 1.0000 1.0000 0.0006 0.0040 0.0287 0.2098 0.6915 0.2098 0.0287 0.0040 0.0006 1.0000 1.0000 0.4161 0.0585 0.0082 0.0012 1.0000 1.0000 0.8572 0.1204 0.0169 0.0024 0.0003 1.0000 1.0000 0.2485 0.0349 0.0049 0.0007 1.0000 1.0000 0.5120 0.0719 0.0101 0.0014 1.0000 1.0000 1.0000 0.1487 0.0209 0.0030 0.0004 1.0000 1.0000 0.3207 0.0461 0.0067 0.0010 1.0000 1.0000 0.8990 0.1400 0.0221 0.0035 0.0006 1.0000
0.0005 0.0041 0.0250 0.1563 0.9812 1.0000 1.0000 0.0010 0.0065 0.0437 0.2978 1.0000 1.0000 0.0004 0.0026 0.0184 0.1302 0.9232 1.0000 1.0000 0.0012 0.0088 0.0626 0.4456 1.0000 1.0000 0.0006 0.0043 0.0304 0.2163 1.0000 1.0000 0.0003 0.0021 0.0147 0.1048 0.7461 1.0000 1.0000 0.0010 0.0071 0.0509 0.3622 1.0000 1.0000 0.0005 0.0035 0.0247 0.1775 1.0000 1.0000 1.0000 0.1775 0.0247 0.0035 0.0005 1.0000 1.0000 0.3622 0.0509 0.0071 0.0010 1.0000 1.0000 0.7461 0.1048 0.0147 0.0021 0.0003 1.0000 1.0000 0.2163 0.0304 0.0043 0.0006 1.0000 1.0000 0.4456 0.0626 0.0088 0.0012 1.0000 1.0000 0.9232 0.1302 0.0184 0.0026 0.0004 1.0000 1.0000 0.2978 0.0437 0.0065 0.0010 1.0000 1.0000 0.9812 0.1563 0.0250 0.0041 0.0005
0.0037 0.0291 0.1775 1.0000 1.0000 1.0000 0.0010 0.0067 0.0437 0.2894 1.0000 1.0000 0.0003 0.0024 0.0165 0.1155 0.8143 1.0000 1.0000 0.0011 0.0077 0.0545 0.3879 1.0000 1.0000 0.0005 0.0037 0.0265 0.1883 1.0000 1.0000 0.0003 0.0018 0.0128 0.0912 0.6494 1.0000 1.0000 0.0009 0.0062 0.0443 0.3152 1.0000 1.0000 0.0004 0.0030 0.0215 0.1530 1.0000 1.0000 1.0000 1.0000 1.0000 0.1530 0.0215 0.0030 0.0004 1.0000 1.0000 0.3152 0.0443 0.0062 0.0009 1.0000 1.0000 0.6494 0.0912 0.0128 0.0018 0.0003 1.0000 1.0000 0.1883 0.0265 0.0037 0.0005 1.0000 1.0000 0.3879 0.0545 0.0077 0.0011 1.0000 1.0000 0.8143 0.1155 0.0165 0.0024 0.0003 1.0000 1.0000 0.2894 0.0437 0.0067 0.0010 1.0000 1.0000 1.0000 0.1775 0.0291 0.0037
0.0266 0.2071 1.0000 1.0000 1.0000 0.0011 0.0072 0.0461 0.2978 1.0000 1.0000 0.0003 0.0022 0.0151 0.1046 0.7293 1.0000 1.0000 0.0009 0.0067 0.0476 0.3382 1.0000 1.0000 0.0005 0.0032 0.0230 0.1639 1.0000 1.0000 1.0000 0.0016 0.0112 0.0794 0.5652 1.0000 1.0000 0.0008 0.0054 0.0385 0.2744 1.0000 1.0000 0.0004 0.0026 0.0187 0.1329 0.9463 1.0000 1.0000 0.0006 1.0000 1.0000 0.9463 0.1329 0.0187 0.0026 0.0004 1.0000 1.0000 0.2744 0.0385 0.0054 0.0008 1.0000 1.0000 0.5652 0.0794 0.0112 0.0016 1.0000 1.0000 1.0000 0.1639 0.0230 0.0032 0.0005 1.0000 1.0000 0.3382 0.0476 0.0067 0.0009 1.0000 1.0000 0.7293 0.1046 0.0151 0.0022 0.0003 1.0000 1.0000 0.2978 0.0461 0.0072 0.0011 1.0000 1.0000 1.0000 0.2071 0.0266
0.1894 1.0000 1.0000 1.0000 0.0013 0.0081 0.0507 0.3207 1.0000 1.0000 0.0003 0.0021 0.0144 0.0979 0.6707 1.0000 1.0000 0.0008 0.0059 0.0419 0.2966 1.0000 1.0000 0.0004 0.0028 0.0200 0.1426 1.0000 1.0000 1.0000 0.0014 0.0097 0.0691 0.4920 1.0000 1.0000 0.0007 0.0047 0.0335 0.2388 1.0000 1.0000 0.0003 0.0023 0.0163 0.1157 0.8237 1.0000 1.0000 0.0012 0.0038 0.0012 1.0000 1.0000 0.8237 0.1157 0.0163 0.0023 0.0003 1.0000 1.0000 0.2388 0.0335 0.0047 0.0007 1.0000 1.0000 0.4920 0.0691 0.0097 0.0014 1.0000 1.0000 1.0000 0.1426 0.0200 0.0028 0.0004 1.0000 1.0000 0.2966 0.0419 0.0059 0.0008 1.0000 1.0000 0.6707 0.0979 0.0144 0.0021 0.0003 1.0000 1.0000 0.3207 0.0507 0.0081 0.0013 1.0000 1.0000 1.0000 0.1894
1.0000 1.0000 0.0002 0.0015 0.0092 0.0571 0.3574 1.0000 1.0000 0.0003 0.0022 0.0144 0.0955 0.6408 1.0000 1.0000 0.0008 0.0053 0.0374 0.2626 1.0000 1.0000 0.0003 0.0025 0.0175 0.1241 0.8837 1.0000 1.0000 0.0012 0.0085 0.0602 0.4282 1.0000 1.0000 0.0006 0.0041 0.0292 0.2079 1.0000 1.0000 0.0003 0.0020 0.0141 0.1007 0.7169 1.0000 1.0000 0.0010 0.0071 0.0235 0.0071 0.0010 1.0000 1.0000 0.7169 0.1007 0.0141 0.0020 0.0003 1.0000 1.0000 0.2079 0.0292 0.0041 0.0006 1.0000 1.0000 0.4282 0.0602 0.0085 0.0012 1.0000 1.0000 0.8837 0.1241 0.0175 0.0025 0.0003 1.0000 1.0000 0.2626 0.0374 0.0053 0.0008 1.0000 1.0000 0.6408 0.0955 0.0144 0.0022 0.0003 1.0000 1.0000 0.3574 0.0571 0.0092 0.0015 0.0002 1.0000 1.0000
1.0000 0.0003 0.0017 0.0105 0.0653 0.4052 1.0000 1.0000 0.0004 0.0024 0.0151 0.0979 0.6408 1.0000 1.0000 0.0007 0.0049 0.0341 0.2366 1.0000 1.0000 0.0003 0.0022 0.0153 0.1085 0.7706 1.0000 1.0000 0.0010 0.0074 0.0524 0.3727 1.0000 1.0000 0.0005 0.0036 0.0254 0.1809 1.0000 1.0000 0.0002 0.0017 0.0123 0.0877 0.6240 1.0000 1.0000 0.0008 0.0060 0.0442 0.1459 0.0442 0.0060 0.0008 1.0000 1.0000 0.6240 0.0877 0.0123 0.0017 0.0002 1.0000 1.0000 0.1809 0.0254 0.0036 0.0005 1.0000 1.0000 0.3727 0.0524 0.0074 0.0010 1.0000 1.0000 0.7706 0.1085 0.0153 0.0022 0.0003 1.0000 1.0000 0.2366 0.0341 0.0049 0.0007 1.0000 1.0000 0.6408 0.0979 0.0151 0.0024 0.0004 1.0000 1.0000 0.4052 0.0653 0.0105 0.0017 0.0003 1.0000
0.0003 0.0020 0.0121 0.0749 0.4638 1.0000 1.0000 0.0004 0.0026 0.0165 0.1046 0.6707 1.0000 1.0000 0.0007 0.0047 0.0320 0.2192 1.0000 1.0000 0.0003 0.0019 0.0135 0.0953 0.6746 1.0000 1.0000 0.0009 0.0064 0.0456 0.3244 1.0000 1.0000 0.0004 0.0031 0.0221 0.1575 1.0000 1.0000 1.0000 0.0015 0.0107 0.0763 0.5431 1.0000 1.0000 0.0007 0.0052 0.0374 0.2739 0.9024 0.2739 0.0374 0.0052 0.0007 1.0000 1.0000 0.5431 0.0763 0.0107 0.0015 1.0000 1.0000 1.0000 0.1575 0.0221 0.0031 0.0004 1.0000 1.0000 0.3244 0.0456 0.0064 0.0009 1.0000 1.0000 0.6746 0.0953 0.0135 0.0019 0.0003 1.0000 1.0000 0.2192 0.0320 0.0047 0.0007 1.0000 1.0000 0.6707 0.1046 0.0165 0.0026 0.0004 1.0000 1.0000 0.4638 0.0749 0.0121 0.0020 0.0003
0.0018 0.0141 0.0860 0.5329 1.0000 1.0000 0.0005 0.0030 0.0184 0.1155 0.7293 1.0000 1.0000 0.0007 0.0047 0.0313 0.2102 1.0000 1.0000 0.0002 0.0017 0.0121 0.0849 0.5973 1.0000 1.0000 0.0008 0.0056 0.0397 0.2823 1.0000 1.0000 0.0004 0.0027 0.0193 0.1371 0.9756 1.0000 1.0000 0.0013 0.0093 0.0664 0.4727 1.0000 1.0000 0.0006 0.0045 0.0322 0.2317 1.0000 1.0000 1.0000 0.2317 0.0322 0.0045 0.0006 1.0000 1.0000 0.4727 0.0664 0.0093 0.0013 1.0000 1.0000 0.9756 0.1371 0.0193 0.0027 0.0004 1.0000 1.0000 0.2823 0.0397 0.0056 0.0008 1.0000 1.0000 0.5973 0.0849 0.0121 0.0017 0.0002 1.0000 1.0000 0.2102 0.0313 0.0047 0.0007 1.0000 1.0000 0.7293 0.1155 0.0184 0.0030 0.0005 1.0000 1.0000 0.5329 0.0860 0.0141 0.0018
0.0129 0.1003 0.6122 1.0000 1.0000 0.0005 0.0034 0.0209 0.1302 0.8143 1.0000 1.0000 0.0008 0.0049 0.0320 0.2102 1.0000 1.0000 0.0002 0.0016 0.0111 0.0767 0.5359 1.0000 1.0000 0.0007 0.0049 0.0348 0.2467 1.0000 1.0000 0.0003 0.0024 0.0168 0.1193 0.8491 1.0000 1.0000 0.0011 0.0081 0.0578 0.4114 1.0000 1.0000 0.0006 0.0039 0.0281 0.1997 1.0000 1.0000 1.0000 1.0000 1.0000 0.1997 0.0281 0.0039 0.0006 1.0000 1.0000 0.4114 0.0578 0.0081 0.0011 1.0000 1.0000 0.8491 0.1193 0.0168 0.0024 0.0003 1.0000 1.0000 0.2467 0.0348 0.0049 0.0007 1.0000 1.0000 0.5359 0.0767 0.0111 0.0016 0.0002 1.0000 1.0000 0.2102 0.0320 0.0049 0.0008 1.0000 1.0000 0.8143 0.1302 0.0209 0.0034 0.0005 1.0000 1.0000 0.6122 0.1003 0.0129
0.0918 0.7155 1.0000 1.0000 0.0006 0.0039 0.0240 0.1487 0.9232 1.0000 1.0000 0.0008 0.0053 0.0341 0.2192 1.0000 1.0000 1.0000 0.0015 0.0105 0.0714 0.4910 1.0000 1.0000 0.0006 0.0044 0.0307 0.2167 1.0000 1.0000 0.0003 0.0020 0.0146 0.1038 0.7391 1.0000 1.0000 0.0010 0.0071 0.0503 0.3581 1.0000 1.0000 0.0005 0.0034 0.0244 0.1738 1.0000 1.0000 1.0000 0.0008 1.0000 1.0000 1.0000 0.1738 0.0244 0.0034 0.0005 1.0000 1.0000 0.3581 0.0503 0.0071 0.0010 1.0000 1.0000 0.7391 0.1038 0.0146 0.0020 0.0003 1.0000 1.0000 0.2167 0.0307 0.0044 0.0006 1.0000 1.0000 0.4910 0.0714 0.0105 0.0015 1.0000 1.0000 1.0000 0.2192 0.0341 0.0053 0.0008 1.0000 1.0000 0.9232 0.1487 0.0240 0.0039 0.0006 1.0000 1.0000 0.7155 0.0918
0.6531 1.0000 1.0000 0.0007 0.0044 0.0275 0.1706 1.0000 1.0000 1.0000 0.0009 0.0059 0.0374 0.2366 1.0000 1.0000 0.0002 0.0015 0.0103 0.0687 0.4647 1.0000 1.0000 0.0006 0.0039 0.0274 0.1923 1.0000 1.0000 0.0003 0.0018 0.0127 0.0905 0.6433 1.0000 1.0000 0.0009 0.0062 0.0438 0.3117 1.0000 1.0000 0.0004 0.0030 0.0213 0.1513 1.0000 1.0000 1.0000 0.0015 0.0050 0.0015 1.0000 1.0000 1.0000 0.1513 0.0213 0.0030 0.0004 1.0000 1.0000 0.3117 0.0438 0.0062 0.0009 1.0000 1.0000 0.6433 0.0905 0.0127 0.0018 0.0003 1.0000 1.0000 0.1923 0.0274 0.0039 0.0006 1.0000 1.0000 0.4647 0.0687 0.0103 0.0015 0.0002 1.0000 1.0000 0.2366 0.0374 0.0059 0.0009 1.0000 1.0000 1.0000 0.1706 0.0275 0.0044 0.0007 1.0000 1.0000 0.6531
1.0000 1.0000 0.0008 0.0051 0.0316 0.1960 1.0000 1.0000 1.0000 0.0011 0.0067 0.0419 0.2626 1.0000 1.0000 0.0002 0.0016 0.0105 0.0687 0.4559 1.0000 1.0000 0.0005 0.0036 0.0249 0.1732 1.0000 1.0000 1.0000 0.0016 0.0112 0.0791 0.5620 1.0000 1.0000 0.0008 0.0054 0.0381 0.2713 1.0000 1.0000 0.0004 0.0026 0.0185 0.1317 0.9374 1.0000 1.0000 0.0013 0.0093 0.0307 0.0093 0.0013 1.0000 1.0000 0.9374 0.1317 0.0185 0.0026 0.0004 1.0000 1.0000 0.2713 0.0381 0.0054 0.0008 1.0000 1.0000 0.5620 0.0791 0.0112 0.0016 1.0000 1.0000 1.0000 0.1732 0.0249 0.0036 0.0005 1.0000 1.0000 0.4559 0.0687 0.0105 0.0016 0.0002 1.0000 1.0000 0.2626 0.0419 0.0067 0.0011 1.0000 1.0000 1.0000 0.1960 0.0316 0.0051 0.0008 1.0000 1.0000
1.0000 0.0010 0.0059 0.0363 0.2251 1.0000 1.0000 1.0000 0.0012 0.0077 0.0476 0.2966 1.0000 1.0000 0.0003 0.0017 0.0111 0.0714 0.4647 1.0000 1.0000 0.0005 0.0034 0.0232 0.1593 1.0000 1.0000 1.0000 0.0014 0.0099 0.0696 0.4929 1.0000 1.0000 0.0007 0.0047 0.0332 0.2361 1.0000 1.0000 0.0003 0.0023 0.0161 0.1146 0.8159 1.0000 1.0000 0.0011 0.0079 0.0578 0.1904 0.0578 0.0079 0.0011 1.0000 1.0000 0.8159 0.1146 0.0161 0.0023 0.0003 1.0000 1.0000 0.2361 0.0332 0.0047 0.0007 1.0000 1.0000 0.4929 0.0696 0.0099 0.0014 1.0000 1.0000 1.0000 0.1593 0.0232 0.0034 0.0005 1.0000 1.0000 0.4647 0.0714 0.0111 0.0017 0.0003 1.0000 1.0000 0.2966 0.0476 0.0077 0.0012 1.0000 1.0000 1.0000 0.2251 0.0363 0.0059 0.0010 1.0000
0.0009 0.0068 0.0417 0.2587 1.0000 1.0000 1.0000 0.0014 0.0088 0.0545 0.3382 1.0000 1.0000 0.0003 0.0019 0.0121 0.0767 0.4910 1.0000 1.0000 0.0005 0.0033 0.0224 0.1510 1.0000 1.0000 1.0000 0.0013 0.0088 0.0619 0.4364 1.0000 1.0000 0.0006 0.0041 0.0289 0.2055 1.0000 1.0000 0.0003 0.0020 0.0140 0.0998 0.7101 1.0000 1.0000 0.0010 0.0068 0.0489 0.3581 1.0000 0.3581 0.0489 0.0068 0.0010 1.0000 1.0000 0.7101 0.0998 0.0140 0.0020 0.0003 1.0000 1.0000 0.2055 0.0289 0.0041 0.0006 1.0000 1.0000 0.4364 0.0619 0.0088 0.0013 1.0000 1.0000 1.0000 0.1510 0.0224 0.0033 0.0005 1.0000 1.0000 0.4910 0.0767 0.0121 0.0019 0.0003 1.0000 1.0000 0.3382 0.0545 0.0088 0.0014 1.0000 1.0000 1.0000 0.2587 0.0417 0.0068 0.0009
0.0062 0.0487 0.2966 1.0000 1.0000 0.0003 0.0016 0.0101 0.0626 0.3879 1.0000 1.0000 0.0003 0.0022 0.0135 0.0849 0.5359 1.0000 1.0000 0.0005 0.0034 0.0224 0.1484 0.9924 1.0000 1.0000 0.0012 0.0081 0.0560 0.3908 1.0000 1.0000 0.0005 0.0036 0.0253 0.1795 1.0000 1.0000 0.0002 0.0017 0.0122 0.0868 0.6181 1.0000 1.0000 0.0008 0.0059 0.0421 0.3029 1.0000 1.0000 1.0000 0.3029 0.0421 0.0059 0.0008 1.0000 1.0000 0.6181 0.0868 0.0122 0.0017 0.0002 1.0000 1.0000 0.1795 0.0253 0.0036 0.0005 1.0000 1.0000 0.3908 0.0560 0.0081 0.0012 1.0000 1.0000 0.9924 0.1484 0.0224 0.0034 0.0005 1.0000 1.0000 0.5359 0.0849 0.0135 0.0022 0.0003 1.0000 1.0000 0.3879 0.0626 0.0101 0.0016 0.0003 1.0000 1.0000 0.2966 0.0487 0.0062
0.0445 0.3467 1.0000 1.0000 0.0003 0.0019 0.0116 0.0719 0.4456 1.0000 1.0000 0.0004 0.0025 0.0153 0.0953 0.5973 1.0000 1.0000 0.0006 0.0036 0.0232 0.1510 0.9924 1.0000 1.0000 0.0011 0.0075 0.0517 0.3567 1.0000 1.0000 0.0005 0.0032 0.0224 0.1581 1.0000 1.0000 1.0000 0.0015 0.0106 0.0756 0.5380 1.0000 1.0000 0.0007 0.0051 0.0366 0.2611 1.0000 1.0000 1.0000 1.0000 1.0000 0.2611 0.0366 0.0051 0.0007 1.0000 1.0000 0.5380 0.0756 0.0106 0.0015 1.0000 1.0000 1.0000 0.1581 0.0224 0.0032 0.0005 1.0000 1.0000 0.3567 0.0517 0.0075 0.0011 1.0000 1.0000 0.9924 0.1510 0.0232 0.0036 0.0006 1.0000 1.0000 0.5973 0.0953 0.0153 0.0025 0.0004 1.0000 1.0000 0.4456 0.0719 0.0116 0.0019 0.0003 1.0000 1.0000 0.3467 0.0445
0.3164 1.0000 1.0000 0.0003 0.0022 0.0133 0.0826 0.5120 1.0000 1.0000 0.0005 0.0028 0.0175 0.1085 0.6746 1.0000 1.0000 0.0006 0.0039 0.0249 0.1593 1.0000 1.0000 1.0000 0.0011 0.0073 0.0491 0.3344 1.0000 1.0000 0.0004 0.0028 0.0200 0.1402 0.9868 1.0000 1.0000 0.0013 0.0093 0.0659 0.4682 1.0000 1.0000 0.0006 0.0045 0.0319 0.2269 1.0000 1.0000 0.0003 0.0010 0.0003 1.0000 1.0000 0.2269 0.0319 0.0045 0.0006 1.0000 1.0000 0.4682 0.0659 0.0093 0.0013 1.0000 1.0000 0.9868 0.1402 0.0200 0.0028 0.0004 1.0000 1.0000 0.3344 0.0491 0.0073 0.0011 1.0000 1.0000 1.0000 0.1593 0.0249 0.0039 0.0006 1.0000 1.0000 0.6746 0.1085 0.0175 0.0028 0.0005 1.0000 1.0000 0.5120 0.0826 0.0133 0.0022 0.0003 1.0000 1.0000 0.3164
1.0000 1.0000 0.0004 0.0025 0.0153 0.0949 0.5882 1.0000 1.0000 0.0005 0.0032 0.0200 0.1241 0.7706 1.0000 1.0000 0.0007 0.0044 0.0274 0.1732 1.0000 1.0000 1.0000 0.0011 0.0073 0.0482 0.3231 1.0000 1.0000 0.0004 0.0026 0.0181 0.1261 0.8820 1.0000 1.0000 0.0011 0.0081 0.0577 0.4083 1.0000 1.0000 0.0005 0.0039 0.0277 0.1975 1.0000 1.0000 0.0003 0.0020 0.0065 0.0020 0.0003 1.0000 1.0000 0.1975 0.0277 0.0039 0.0005 1.0000 1.0000 0.4083 0.0577 0.0081 0.0011 1.0000 1.0000 0.8820 0.1261 0.0181 0.0026 0.0004 1.0000 1.0000 0.3231 0.0482 0.0073 0.0011 1.0000 1.0000 1.0000 0.1732 0.0274 0.0044 0.0007 1.0000 1.0000 0.7706 0.1241 0.0200 0.0032 0.0005 1.0000 1.0000 0.5882 0.0949 0.0153 0.0025 0.0004 1.0000 1.0000
1.0000 0.0005 0.0028 0.0176 0.1091 0.6759 1.0000 1.0000 0.0006 0.0037 0.0230 0.1426 0.8837 1.0000 1.0000 0.0008 0.0049 0.0307 0.1923 1.0000 1.0000 1.0000 0.0012 0.0075 0.0491 0.3231 1.0000 1.0000 0.0004 0.0024 0.0167 0.1155 0.8005 1.0000 1.0000 0.0010 0.0072 0.0508 0.3588 1.0000 1.0000 0.0005 0.0034 0.0241 0.1719 1.0000 1.0000 1.0000 0.0017 0.0122 0.0401 0.0122 0.0017 1.0000 1.0000 1.0000 0.1719 0.0241 0.0034 0.0005 1.0000 1.0000 0.3588 0.0508 0.0072 0.0010 1.0000 1.0000 0.8005 0.1155 0.0167 0.0024 0.0004 1.0000 1.0000 0.3231 0.0491 0.0075 0.0012 1.0000 1.0000 1.0000 0.1923 0.0307 0.0049 0.0008 1.0000 1.0000 0.8837 0.1426 0.0230 0.0037 0.0006 1.0000 1.0000 0.6759 0.1091 0.0176 0.0028 0.0005 1.0000
0.0004 0.0033 0.0202 0.1253 0.7765 1.0000 1.0000 0.0007 0.0043 0.0265 0.1639 1.0000 1.0000 1.0000 0.0009 0.0056 0.0348 0.2167 1.0000 1.0000 1.0000 0.0013 0.0081 0.0517 0.3344 1.0000 1.0000 0.0004 0.0024 0.0159 0.1083 0.7405 1.0000 1.0000 0.0009 0.0064 0.0451 0.3177 1.0000 1.0000 0.0004 0.0030 0.0211 0.1496 1.0000 1.0000 1.0000 0.0014 0.0103 0.0754 0.2490 0.0754 0.0103 0.0014 1.0000 1.0000 1.0000 0.1496 0.0211 0.0030 0.0004 1.0000 1.0000 0.3177 0.0451 0.0064 0.0009 1.0000 1.0000 0.7405 0.1083 0.0159 0.0024 0.0004 1.0000 1.0000 0.3344 0.0517 0.0081 0.0013 1.0000 1.0000 1.0000 0.2167 0.0348 0.0056 0.0009 1.0000 1.0000 1.0000 0.1639 0.0265 0.0043 0.0007 1.0000 1.0000 0.7765 0.1253 0.0202 0.0033 0.0004
0.0030 0.0236 0.1440 0.8922 1.0000 1.0000 0.0008 0.0049 0.0304 0.1883 1.0000 1.0000 1.0000 0.0010 0.0064 0.0397 0.2467 1.0000 1.0000 1.0000 0.0014 0.0088 0.0560 0.3567 1.0000 1.0000 0.0004 0.0024 0.0157 0.1050 0.7074 1.0000 1.0000 0.0008 0.0058 0.0407 0.2839 1.0000 1.0000 0.0004 0.0026 0.0184 0.1307 0.9285 1.0000 1.0000 0.0012 0.0089 0.0638 0.4673 1.0000 0.4673 0.0638 0.0089 0.0012 1.0000 1.0000 0.9285 0.1307 0.0184 0.0026 0.0004 1.0000 1.0000 0.2839 0.0407 0.0058 0.0008 1.0000 1.0000 0.7074 0.1050 0.0157 0.0024 0.0004 1.0000 1.0000 0.3567 0.0560 0.0088 0.0014 1.0000 1.0000 1.0000 0.2467 0.0397 0.0064 0.0010 1.0000 1.0000 1.0000 0.1883 0.0304 0.0049 0.0008 1.0000 1.0000 0.8922 0.1440 0.0236 0.0030
0.0216 0.1683 1.0000 1.0000 1.0000 0.0009 0.0056 0.0349 0.2163 1.0000 1.0000 1.0000 0.0012 0.0074 0.0456 0.2823 1.0000 1.0000 0.0003 0.0016 0.0099 0.0619 0.3908 1.0000 1.0000 0.0004 0.0024 0.0159 0.1050 0.6954 1.0000 1.0000 0.0008 0.0054 0.0372 0.2582 1.0000 1.0000 0.0003 0.0023 0.0163 0.1151 0.8143 1.0000 1.0000 0.0011 0.0077 0.0550 0.3953 1.0000 1.0000 1.0000 0.3953 0.0550 0.0077 0.0011 1.0000 1.0000 0.8143 0.1151 0.0163 0.0023 0.0003 1.0000 1.0000 0.2582 0.0372 0.0054 0.0008 1.0000 1.0000 0.6954 0.1050 0.0159 0.0024 0.0004 1.0000 1.0000 0.3908 0.0619 0.0099 0.0016 0.0003 1.0000 1.0000 0.2823 0.0456 0.0074 0.0012 1.0000 1.0000 1.0000 0.2163 0.0349 0.0056 0.0009 1.0000 1.0000 1.0000 0.1683 0.0216
0.1536 1.0000 1.0000 1.0000 0.0010 0.0065 0.0401 0.2485 1.0000 1.0000 1.0000 0.0014 0.0085 0.0524 0.3244 1.0000 1.0000 0.0003 0.0018 0.0112 0.0696 0.4364 1.0000 1.0000 0.0004 0.0026 0.0167 0.1083 0.7074 1.0000 1.0000 0.0008 0.0052 0.0351 0.2397 1.0000 1.0000 0.0003 0.0021 0.0145 0.1019 0.7183 1.0000 1.0000 0.0010 0.0067 0.0480 0.3408 1.0000 1.0000 1.0000 1.0000 1.0000 0.3408 0.0480 0.0067 0.0010 1.0000 1.0000 0.7183 0.1019 0.0145 0.0021 0.0003 1.0000 1.0000 0.2397 0.0351 0.0052 0.0008 1.0000 1.0000 0.7074 0.1083 0.0167 0.0026 0.0004 1.0000 1.0000 0.4364 0.0696 0.0112 0.0018 0.0003 1.0000 1.0000 0.3244 0.0524 0.0085 0.0014 1.0000 1.0000 1.0000 0.2485 0.0401 0.0065 0.0010 1.0000 1.0000 1.0000 0.1536
1.0000 1.0000 1.0000 0.0012 0.0074 0.0461 0.2856 1.0000 1.0000 0.0003 0.0016 0.0097 0.0602 0.3727 1.0000 1.0000 0.0003 0.0020 0.0127 0.0791 0.4929 1.0000 1.0000 0.0005 0.0028 0.0181 0.1155 0.7405 1.0000 1.0000 0.0008 0.0051 0.0341 0.2295 1.0000 1.0000 0.0003 0.0019 0.0131 0.0914 0.6408 1.0000 1.0000 0.0008 0.0059 0.0419 0.2978 1.0000 1.0000 0.0004 0.0014 0.0004 1.0000 1.0000 0.2978 0.0419 0.0059 0.0008 1.0000 1.0000 0.6408 0.0914 0.0131 0.0019 0.0003 1.0000 1.0000 0.2295 0.0341 0.0051 0.0008 1.0000 1.0000 0.7405 0.1155 0.0181 0.0028 0.0005 1.0000 1.0000 0.4929 0.0791 0.0127 0.0020 0.0003 1.0000 1.0000 0.3727 0.0602 0.0097 0.0016 0.0003 1.0000 1.0000 0.2856 0.0461 0.0074 0.0012 1.0000 1.0000 1.0000
1.0000 1.0000 0.0014 0.0085 0.0530 0.3281 1.0000 1.0000 0.0003 0.0018 0.0112 0.0691 0.4282 1.0000 1.0000 0.0004 0.0024 0.0146 0.0905 0.5620 1.0000 1.0000 0.0005 0.0032 0.0200 0.1261 0.8005 1.0000 1.0000 0.0008 0.0052 0.0341 0.2256 1.0000 1.0000 0.0003 0.0018 0.0121 0.0833 0.5794 1.0000 1.0000 0.0007 0.0052 0.0369 0.2611 1.0000 1.0000 0.0004 0.0026 0.0085 0.0026 0.0004 1.0000 1.0000 0.2611 0.0369 0.0052 0.0007 1.0000 1.0000 0.5794 0.0833 0.0121 0.0018 0.0003 1.0000 1.0000 0.2256 0.0341 0.0052 0.0008 1.0000 1.0000 0.8005 0.1261 0.0200 0.0032 0.0005 1.0000 1.0000 0.5620 0.0905 0.0146 0.0024 0.0004 1.0000 1.0000 0.4282 0.0691 0.0112 0.0018 0.0003 1.0000 1.0000 0.3281 0.0530 0.0085 0.0014 1.0000 1.0000
0.0002 0.0016 0.0098 0.0608 0.3770 1.0000 1.0000 0.0003 0.0021 0.0128 0.0794 0.4920 1.0000 1.0000 0.0004 0.0027 0.0168 0.1038 0.6433 1.0000 1.0000 0.0006 0.0036 0.0224 0.1402 0.8820 1.0000 1.0000 0.0008 0.0054 0.0351 0.2295 1.0000 1.0000 0.0002 0.0017 0.0114 0.0776 0.5329 1.0000 1.0000 0.0007 0.0047 0.0327 0.2308 1.0000 1.0000 0.0003 0.0022 0.0160 0.0527 0.0160 0.0022 0.0003 1.0000 1.0000 0.2308 0.0327 0.0047 0.0007 1.0000 1.0000 0.5329 0.0776 0.0114 0.0017 0.0002 1.0000 1.0000 0.2295 0.0351 0.0054 0.0008 1.0000 1.0000 0.8820 0.1402 0.0224 0.0036 0.0006 1.0000 1.0000 0.6433 0.1038 0.0168 0.0027 0.0004 1.0000 1.0000 0.4920 0.0794 0.0128 0.0021 0.0003 1.0000 1.0000 0.3770 0.0608 0.0098 0.0016 0.0002
0.0015 0.0115 0.0698 0.4331 1.0000 1.0000 0.0004 0.0024 0.0147 0.0912 0.5652 1.0000 1.0000 0.0005 0.0031 0.0193 0.1193 0.7391 1.0000 1.0000 0.0007 0.0041 0.0253 0.1581 0.9868 1.0000 1.0000 0.0009 0.0058 0.0372 0.2397 1.0000 1.0000 0.0002 0.0016 0.0110 0.0741 0.5033 1.0000 1.0000 0.0006 0.0042 0.0294 0.2059 1.0000 1.0000 0.0003 0.0019 0.0136 0.0992 0.3275 0.0992 0.0136 0.0019 0.0003 1.0000 1.0000 0.2059 0.0294 0.0042 0.0006 1.0000 1.0000 0.5033 0.0741 0.0110 0.0016 0.0002 1.0000 1.0000 0.2397 0.0372 0.0058 0.0009 1.0000 1.0000 0.9868 0.1581 0.0253 0.0041 0.0007 1.0000 1.0000 0.7391 0.1193 0.0193 0.0031 0.0005 1.0000 1.0000 0.5652 0.0912 0.0147 0.0024 0.0004 1.0000 1.0000 0.4331 0.0698 0.0115 0.0015
0.0105 0.0815 0.4967 1.0000 1.0000 0.0004 0.0027 0.0169 0.1048 0.6494 1.0000 1.0000 0.0006 0.0036 0.0221 0.1371 0.8491 1.0000 1.0000 0.0008 0.0047 0.0289 0.1795 1.0000 1.0000 1.0000 0.0010 0.0064 0.0407 0.2582 1.0000 1.0000 0.0003 0.0017 0.0110 0.0730 0.4882 1.0000 1.0000 0.0006 0.0039 0.0269 0.1865 1.0000 1.0000 0.0002 0.0017 0.0118 0.0845 0.6181 1.0000 0.6181 0.0845 0.0118 0.0017 0.0002 1.0000 1.0000 0.1865 0.0269 0.0039 0.0006 1.0000 1.0000 0.4882 0.0730 0.0110 0.0017 0.0003 1.0000 1.0000 0.2582 0.0407 0.0064 0.0010 1.0000 1.0000 1.0000 0.1795 0.0289 0.0047 0.0008 1.0000 1.0000 0.8491 0.1371 0.0221 0.0036 0.0006 1.0000 1.0000 0.6494 0.1048 0.0169 0.0027 0.0004 1.0000 1.0000 0.4967 0.0815 0.0105
0.0744 0.5805 1.0000 1.0000 0.0005 0.0031 0.0194 0.1204 0.7461 1.0000 1.0000 0.0007 0.0041 0.0254 0.1575 0.9756 1.0000 1.0000 0.0009 0.0054 0.0332 0.2055 1.0000 1.0000 1.0000 0.0011 0.0072 0.0451 0.2839 1.0000 1.0000 0.0003 0.0018 0.0114 0.0741 0.4882 1.0000 1.0000 0.0005 0.0037 0.0251 0.1722 1.0000 1.0000 1.0000 0.0015 0.0105 0.0740 0.5278 1.0000 1.0000 1.0000 0.5278 0.0740 0.0105 0.0015 1.0000 1.0000 1.0000 0.1722 0.0251 0.0037 0.0005 1.0000 1.0000 0.4882 0.0741 0.0114 0.0018 0.0003 1.0000 1.0000 0.2839 0.0451 0.0072 0.0011 1.0000 1.0000 1.0000 0.2055 0.0332 0.0054 0.0009 1.0000 1.0000 0.9756 0.1575 0.0254 0.0041 0.0007 1.0000 1.0000 0.7461 0.1204 0.0194 0.0031 0.0005 1.0000 1.0000 0.5805 0.0744
0.5308 1.0000 1.0000 0.0006 0.0036 0.0223 0.1384 0.8572 1.0000 1.0000 0.0008 0.0047 0.0292 0.1809 1.0000 1.0000 1.0000 0.0010 0.0062 0.0381 0.2361 1.0000 1.0000 1.0000 0.0013 0.0081 0.0508 0.3177 1.0000 1.0000 0.0003 0.0019 0.0121 0.0776 0.5033 1.0000 1.0000 0.0005 0.0036 0.0240 0.1626 1.0000 1.0000 1.0000 0.0014 0.0095 0.0662 0.4647 1.0000 1.0000 0.0003 1.0000 1.0000 0.4647 0.0662 0.0095 0.0014 1.0000 1.0000 1.0000 0.1626 0.0240 0.0036 0.0005 1.0000 1.0000 0.5033 0.0776 0.0121 0.0019 0.0003 1.0000 1.0000 0.3177 0.0508 0.0081 0.0013 1.0000 1.0000 1.0000 0.2361 0.0381 0.0062 0.0010 1.0000 1.0000 1.0000 0.1809 0.0292 0.0047 0.0008 1.0000 1.0000 0.8572 0.1384 0.0223 0.0036 0.0006 1.0000 1.0000 0.5308
1.0000 1.0000 0.0007 0.0041 0.0257 0.1590 0.9849 1.0000 1.0000 0.0009 0.0054 0.0335 0.2079 1.0000 1.0000 1.0000 0.0011 0.0071 0.0438 0.2713 1.0000 1.0000 0.0002 0.0015 0.0093 0.0577 0.3588 1.0000 1.0000 0.0003 0.0021 0.0131 0.0833 0.5329 1.0000 1.0000 0.0005 0.0036 0.0236 0.1578 1.0000 1.0000 1.0000 0.0013 0.0087 0.0600 0.4185 1.0000 1.0000 0.0006 0.0018 0.0006 1.0000 1.0000 0.4185 0.0600 0.0087 0.0013 1.0000 1.0000 1.0000 0.1578 0.0236 0.0036 0.0005 1.0000 1.0000 0.5329 0.0833 0.0131 0.0021 0.0003 1.0000 1.0000 0.3588 0.0577 0.0093 0.0015 0.0002 1.0000 1.0000 0.2713 0.0438 0.0071 0.0011 1.0000 1.0000 1.0000 0.2079 0.0335 0.0054 0.0009 1.0000 1.0000 0.9849 0.1590 0.0257 0.0041 0.0007 1.0000 1.0000
1.0000 0.0008 0.0048 0.0295 0.1826 1.0000 1.0000 1.0000 0.0010 0.0062 0.0385 0.2388 1.0000 1.0000 1.0000 0.0013 0.0081 0.0503 0.3117 1.0000 1.0000 0.0003 0.0017 0.0106 0.0659 0.4083 1.0000 1.0000 0.0004 0.0023 0.0145 0.0914 0.5794 1.0000 1.0000 0.0006 0.0037 0.0240 0.1578 1.0000 1.0000 1.0000 0.0012 0.0081 0.0555 0.3827 1.0000 1.0000 0.0005 0.0035 0.0116 0.0035 0.0005 1.0000 1.0000 0.3827 0.0555 0.0081 0.0012 1.0000 1.0000 1.0000 0.1578 0.0240 0.0037 0.0006 1.0000 1.0000 0.5794 0.0914 0.0145 0.0023 0.0004 1.0000 1.0000 0.4083 0.0659 0.0106 0.0017 0.0003 1.0000 1.0000 0.3117 0.0503 0.0081 0.0013 1.0000 1.0000 1.0000 0.2388 0.0385 0.0062 0.0010 1.0000 1.0000 1.0000 0.1826 0.0295 0.0048 0.0008 1.0000
0.0007 0.0056 0.0339 0.2098 1.0000 1.0000 1.0000 0.0012 0.0071 0.0443 0.2744 1.0000 1.0000 0.0002 0.0015 0.0093 0.0578 0.3581 1.0000 1.0000 0.0003 0.0020 0.0122 0.0756 0.4682 1.0000 1.0000 0.0004 0.0026 0.0163 0.1019 0.6408 1.0000 1.0000 0.0006 0.0039 0.0251 0.1626 1.0000 1.0000 1.0000 0.0012 0.0078 0.0526 0.3581 1.0000 1.0000 0.0004 0.0031 0.0222 0.0728 0.0222 0.0031 0.0004 1.0000 1.0000 0.3581 0.0526 0.0078 0.0012 1.0000 1.0000 1.0000 0.1626 0.0251 0.0039 0.0006 1.0000 1.0000 0.6408 0.1019 0.0163 0.0026 0.0004 1.0000 1.0000 0.4682 0.0756 0.0122 0.0020 0.0003 1.0000 1.0000 0.3581 0.0578 0.0093 0.0015 0.0002 1.0000 1.0000 0.2744 0.0443 0.0071 0.0012 1.0000 1.0000 1.0000 0.2098 0.0339 0.0056 0.0007
0.0051 0.0396 0.2411 1.0000 1.0000 1.0000 0.0013 0.0082 0.0509 0.3152 1.0000 1.0000 0.0003 0.0017 0.0107 0.0664 0.4114 1.0000 1.0000 0.0004 0.0023 0.0140 0.0868 0.5380 1.0000 1.0000 0.0005 0.0030 0.0184 0.1151 0.7183 1.0000 1.0000 0.0007 0.0042 0.0269 0.1722 1.0000 1.0000 1.0000 0.0012 0.0076 0.0511 0.3434 1.0000 1.0000 0.0004 0.0028 0.0195 0.1405 0.4603 0.1405 0.0195 0.0028 0.0004 1.0000 1.0000 0.3434 0.0511 0.0076 0.0012 1.0000 1.0000 1.0000 0.1722 0.0269 0.0042 0.0007 1.0000 1.0000 0.7183 0.1151 0.0184 0.0030 0.0005 1.0000 1.0000 0.5380 0.0868 0.0140 0.0023 0.0004 1.0000 1.0000 0.4114 0.0664 0.0107 0.0017 0.0003 1.0000 1.0000 0.3152 0.0509 0.0082 0.0013 1.0000 1.0000 1.0000 0.2411 0.0396 0.0051
0.0361 0.2813 1.0000 1.0000 0.0002 0.0015 0.0094 0.0585 0.3622 1.0000 1.0000 0.0003 0.0020 0.0123 0.0763 0.4727 1.0000 1.0000 0.0004 0.0026 0.0161 0.0998 0.6181 1.0000 1.0000 0.0005 0.0034 0.0211 0.1307 0.8143 1.0000 1.0000 0.0007 0.0047 0.0294 0.1865 1.0000 1.0000 1.0000 0.0012 0.0078 0.0511 0.3382 1.0000 1.0000 0.0004 0.0026 0.0179 0.1249 0.8922 1.0000 0.8922 0.1249 0.0179 0.0026 0.0004 1.0000 1.0000 0.3382 0.0511 0.0078 0.0012 1.0000 1.0000 1.0000 0.1865 0.0294 0.0047 0.0007 1.0000 1.0000 0.8143 0.1307 0.0211 0.0034 0.0005 1.0000 1.0000 0.6181 0.0998 0.0161 0.0026 0.0004 1.0000 1.0000 0.4727 0.0763 0.0123 0.0020 0.0003 1.0000 1.0000 0.3622 0.0585 0.0094 0.0015 0.0002 1.0000 1.0000 0.2813 0.0361
0.2572 1.0000 1.0000 0.0003 0.0017 0.0108 0.0672 0.4161 1.0000 1.0000 0.0004 0.0023 0.0141 0.0877 0.5431 1.0000 1.0000 0.0005 0.0030 0.0185 0.1146 0.7101 1.0000 1.0000 0.0006 0.0039 0.0241 0.1496 0.9285 1.0000 1.0000 0.0008 0.0052 0.0327 0.2059 1.0000 1.0000 1.0000 0.0013 0.0081 0.0526 0.3434 1.0000 1.0000 0.0004 0.0025 0.0170 0.1157 0.8020 1.0000 1.0000 1.0000 0.8020 0.1157 0.0170 0.0025 0.0004 1.0000 1.0000 0.3434 0.0526 0.0081 0.0013 1.0000 1.0000 1.0000 0.2059 0.0327 0.0052 0.0008 1.0000 1.0000 0.9285 0.1496 0.0241 0.0039 0.0006 1.0000 1.0000 0.7101 0.1146 0.0185 0.0030 0.0005 1.0000 1.0000 0.5431 0.0877 0.0141 0.0023 0.0004 1.0000 1.0000 0.4161 0.0672 0.0108 0.0017 0.0003 1.0000 1.0000 0.2572
1.0000 1.0000 0.0003 0.0020 0.0125 0.0772 0.4781 1.0000 1.0000 0.0004 0.0026 0.0163 0.1007 0.6240 1.0000 1.0000 0.0006 0.0034 0.0213 0.1317 0.8159 1.0000 1.0000 0.0007 0.0045 0.0277 0.1719 1.0000 1.0000 1.0000 0.0010 0.0059 0.0369 0.2308 1.0000 1.0000 1.0000 0.0014 0.0087 0.0555 0.3581 1.0000 1.0000 0.0004 0.0025 0.0165 0.1110 0.7518 1.0000 1.0000 0.0004 1.0000 1.0000 0.7518 0.1110 0.0165 0.0025 0.0004 1.0000 1.0000 0.3581 0.0555 0.0087 0.0014 1.0000 1.0000 1.0000 0.2308 0.0369 0.0059 0.0010 1.0000 1.0000 1.0000 0.1719 0.0277 0.0045 0.0007 1.0000 1.0000 0.8159 0.1317 0.0213 0.0034 0.0006 1.0000 1.0000 0.6240 0.1007 0.0163 0.0026 0.0004 1.0000 1.0000 0.4781 0.0772 0.0125 0.0020 0.0003 1.0000 1.0000
1.0000 0.0004 0.0023 0.0143 0.0887 0.5493 1.0000 1.0000 0.0005 0.0030 0.0187 0.1157 0.7169 1.0000 1.0000 0.0006 0.0039 0.0244 0.1513 0.9374 1.0000 1.0000 0.0008 0.0051 0.0319 0.1975 1.0000 1.0000 1.0000 0.0011 0.0067 0.0419 0.2611 1.0000 1.0000 0.0002 0.0015 0.0095 0.0600 0.3827 1.0000 1.0000 0.0004 0.0025 0.0165 0.1095 0.7307 1.0000 1.0000 0.0009 0.0029 0.0009 1.0000 1.0000 0.7307 0.1095 0.0165 0.0025 0.0004 1.0000 1.0000 0.3827 0.0600 0.0095 0.0015 0.0002 1.0000 1.0000 0.2611 0.0419 0.0067 0.0011 1.0000 1.0000 1.0000 0.1975 0.0319 0.0051 0.0008 1.0000 1.0000 0.9374 0.1513 0.0244 0.0039 0.0006 1.0000 1.0000 0.7169 0.1157 0.0187 0.0030 0.0005 1.0000 1.0000 0.5493 0.0887 0.0143 0.0023 0.0004 1.0000
0.0003 0.0027 0.0164 0.1019 0.6311 1.0000 1.0000 0.0006 0.0035 0.0215 0.1329 0.8237 1.0000 1.0000 0.0007 0.0045 0.0281 0.1738 1.0000 1.0000 1.0000 0.0010 0.0059 0.0366 0.2269 1.0000 1.0000 1.0000 0.0012 0.0077 0.0480 0.2978 1.0000 1.0000 0.0003 0.0017 0.0105 0.0662 0.4185 1.0000 1.0000 0.0004 0.0026 0.0170 0.1110 0.7307 1.0000 1.0000 0.0008 0.0057 0.0186 0.0057 0.0008 1.0000 1.0000 0.7307 0.1110 0.0170 0.0026 0.0004 1.0000 1.0000 0.4185 0.0662 0.0105 0.0017 0.0003 1.0000 1.0000 0.2978 0.0480 0.0077 0.0012 1.0000 1.0000 1.0000 0.2269 0.0366 0.0059 0.0010 1.0000 1.0000 1.0000 0.1738 0.0281 0.0045 0.0007 1.0000 1.0000 0.8237 0.1329 0.0215 0.0035 0.0006 1.0000 1.0000 0.6311 0.1019 0.0164 0.0027 0.0003
0.0025 0.0192 0.1168 0.7251 1.0000 1.0000 0.0006 0.0040 0.0247 0.1527 0.9463 1.0000 1.0000 0.0008 0.0052 0.0322 0.1997 1.0000 1.0000 1.0000 0.0011 0.0068 0.0421 0.2606 1.0000 1.0000 1.0000 0.0014 0.0089 0.0550 0.3408 1.0000 1.0000 0.0003 0.0019 0.0118 0.0740 0.4647 1.0000 1.0000 0.0004 0.0028 0.0179 0.1157 0.7518 1.0000 1.0000 0.0008 0.0054 0.0375 0.1211 0.0375 0.0054 0.0008 1.0000 1.0000 0.7518 0.1157 0.0179 0.0028 0.0004 1.0000 1.0000 0.4647 0.0740 0.0118 0.0019 0.0003 1.0000 1.0000 0.3408 0.0550 0.0089 0.0014 1.0000 1.0000 1.0000 0.2611 0.0421 0.0068 0.0011 1.0000 1.0000 1.0000 0.1997 0.0322 0.0052 0.0008 1.0000 1.0000 0.9463 0.1530 0.0247 0.0040 0.0006 1.0000 1.0000 0.7251 0.1170 0.0192 0.0025
0.0175 0.1365 0.8315 1.0000 1.0000 0.0007 0.0046 0.0283 0.1755 1.0000 1.0000 1.0000 0.0010 0.0060 0.0370 0.2295 1.0000 1.0000 1.0000 0.0013 0.0078 0.0483 0.2995 1.0000 1.0000 0.0003 0.0016 0.0102 0.0632 0.3916 1.0000 1.0000 0.0003 0.0022 0.0134 0.0836 0.5218 1.0000 1.0000 0.0005 0.0030 0.0193 0.1234 0.7929 1.0000 1.0000 0.0008 0.0053 0.0358 0.2467 0.8005 0.2500 0.0362 0.0054 0.0008 1.0000 1.0000 0.8020 0.1249 0.0195 0.0031 0.0005 1.0000 1.0000 0.5278 0.0845 0.0136 0.0022 0.0004 1.0000 1.0000 0.3953 0.0638 0.0103 0.0017 0.0003 1.0000 1.0000 0.3029 0.0489 0.0079 0.0013 1.0000 1.0000 1.0000 0.2317 0.0374 0.0060 0.0010 1.0000 1.0000 1.0000 0.1775 0.0287 0.0046 0.0007 1.0000 1.0000 0.8395 0.1376 0.0176
0.1249 0.9719 1.0000 1.0000 0.0008 0.0053 0.0325 0.2016 1.0000 1.0000 1.0000 0.0011 0.0069 0.0426 0.2636 1.0000 1.0000 1.0000 0.0014 0.0090 0.0555 0.3441 1.0000 1.0000 0.0003 0.0019 0.0117 0.0726 0.4499 1.0000 1.0000 0.0004 0.0025 0.0153 0.0951 0.5916 1.0000 1.0000 0.0005 0.0034 0.0213 0.1345 0.8540 1.0000 1.0000 0.0008 0.0055 0.0359 0.2388 1.0000 1.0000 1.0000 0.2500 0.0375 0.0057 0.0009 1.0000 1.0000 0.8922 0.1405 0.0222 0.0035 0.0006 1.0000 1.0000 0.6181 0.0992 0.0160 0.0026 0.0004 1.0000 1.0000 0.4673 0.0754 0.0122 0.0020 0.0003 1.0000 1.0000 0.3581 0.0578 0.0093 0.0015 1.0000 1.0000 1.0000 0.2739 0.0442 0.0071 0.0012 1.0000 1.0000 1.0000 0.2098 0.0339 0.0055 0.0009 1.0000 1.0000 1.0000 0.1265
0.8888 1.0000 1.0000 0.0010 0.0060 0.0374 0.2317 1.0000 1.0000 1.0000 0.0013 0.0079 0.0489 0.3029 1.0000 1.0000 0.0003 0.0017 0.0103 0.0638 0.3953 1.0000 1.0000 0.0004 0.0022 0.0135 0.0834 0.5169 1.0000 1.0000 0.0005 0.0028 0.0176 0.1089 0.6759 1.0000 1.0000 0.0006 0.0038 0.0237 0.1490 0.9392 1.0000 1.0000 0.0009 0.0058 0.0373 0.2425 1.0000 1.0000 1.0000 1.0000 0.8020 0.1211 0.0186 0.0029 0.0004 1.0000 1.0000 0.4603 0.0728 0.0116 0.0018 0.0003 1.0000 1.0000 0.3275 0.0527 0.0085 0.0014 1.0000 1.0000 1.0000 0.2490 0.0401 0.0065 0.0010 1.0000 1.0000 1.0000 0.1904 0.0307 0.0050 0.0008 1.0000 1.0000 0.9024 0.1459 0.0235 0.0038 0.0006 1.0000 1.0000 0.6915 0.1116 0.0180 0.0029 0.0005 1.0000 1.0000 0.4482
1.0000 1.0000 0.0011 0.0070 0.0432 0.2677 1.0000 1.0000 0.0002 0.0015 0.0091 0.0565 0.3500 1.0000 1.0000 0.0003 0.0019 0.0119 0.0737 0.4568 1.0000 1.0000 0.0004 0.0025 0.0156 0.0964 0.5973 1.0000 1.0000 0.0005 0.0033 0.0203 0.1258 0.7795 1.0000 1.0000 0.0007 0.0043 0.0269 0.1683 1.0000 1.0000 1.0000 0.0010 0.0063 0.0400 0.2567 1.0000 1.0000 1.0000 1.0000 1.0000 0.2481 0.0375 0.0057 0.0009 1.0000 1.0000 0.8922 0.1405 0.0222 0.0035 0.0006 1.0000 1.0000 0.6181 0.0992 0.0160 0.0026 0.0004 1.0000 1.0000 0.4673 0.0754 0.0122 0.0020 0.0003 1.0000 1.0000 0.3581 0.0578 0.0093 0.0015 1.0000 1.0000 1.0000 0.2739 0.0442 0.0071 0.0012 1.0000 1.0000 1.0000 0.2098 0.0339 0.0055 0.0009 1.0000 1.0000 1.0000 0.1265
1.0000 0.0013 0.0082 0.0507 0.3141 1.0000 1.0000 0.0003 0.0017 0.0107 0.0662 0.4099 1.0000 1.0000 0.0004 0.0023 0.0140 0.0865 0.5359 1.0000 1.0000 0.0005 0.0029 0.0182 0.1129 0.6994 1.0000 1.0000 0.0006 0.0038 0.0238 0.1476 0.9145 1.0000 1.0000 0.0008 0.0050 0.0313 0.1945 1.0000 1.0000 1.0000 0.0011 0.0070 0.0443 0.2813 1.0000 1.0000 0.0003 0.0003 1.0000 0.2352 0.0361 0.0054 0.0008 1.0000 1.0000 0.8020 0.1249 0.0195 0.0031 0.0005 1.0000 1.0000 0.5278 0.0845 0.0136 0.0022 0.0004 1.0000 1.0000 0.3953 0.0638 0.0103 0.0017 0.0003 1.0000 1.0000 0.3029 0.0489 0.0079 0.0013 1.0000 1.0000 1.0000 0.2317 0.0374 0.0060 0.0010 1.0000 1.0000 1.0000 0.1775 0.0287 0.0046 0.0007 1.0000 1.0000 0.8395 0.1376 0.0176
0.0009 0.0065 0.0394 0.2439 1.0000 1.0000 1.0000 0.0013 0.0083 0.0515 0.3189 1.0000 1.0000 0.0003 0.0018 0.0109 0.0673 0.4169 1.0000 1.0000 0.0004 0.0023 0.0142 0.0878 0.5441 1.0000 1.0000 0.0005 0.0030 0.0185 0.1148 0.7128 1.0000 1.0000 0.0006 0.0040 0.0247 0.1542 0.9663 1.0000 1.0000 0.0009 0.0057 0.0365 0.2343 1.0000 1.0000 1.0000 0.0016 0.0053 0.0639 0.0385 0.0054 0.0008 1.0000 1.0000 0.7518 0.1157 0.0179 0.0028 0.0004 1.0000 1.0000 0.4647 0.0740 0.0118 0.0019 0.0003 1.0000 1.0000 0.3408 0.0550 0.0089 0.0014 1.0000 1.0000 1.0000 0.2611 0.0421 0.0068 0.0011 1.0000 1.0000 1.0000 0.1997 0.0322 0.0052 0.0008 1.0000 1.0000 0.9463 0.1530 0.0247 0.0040 0.0006 1.0000 1.0000 0.7251 0.1170 0.0192 0.0025
0.0004 0.0028 0.0172 0.1072 0.6644 1.0000 1.0000 0.0006 0.0037 0.0226 0.1402 0.8687 1.0000 1.0000 0.0008 0.0048 0.0296 0.1830 1.0000 1.0000 1.0000 0.0010 0.0062 0.0386 0.2393 1.0000 1.0000 1.0000 0.0013 0.0082 0.0505 0.3141 1.0000 1.0000 0.0003 0.0018 0.0111 0.0702 0.4439 1.0000 1.0000 0.0004 0.0028 0.0181 0.1182 0.7795 1.0000 1.0000 0.0009 0.0061 0.0187 0.0058 0.0008 1.0000 1.0000 0.7307 0.1110 0.0170 0.0026 0.0004 1.0000 1.0000 0.4185 0.0662 0.0105 0.0017 0.0003 1.0000 1.0000 0.2978 0.0480 0.0077 0.0012 1.0000 1.0000 1.0000 0.2269 0.0366 0.0059 0.0010 1.0000 1.0000 1.0000 0.1738 0.0281 0.0045 0.0007 1.0000 1.0000 0.8237 0.1329 0.0215 0.0035 0.0006 1.0000 1.0000 0.6311 0.1019 0.0164 0.0027 0.0003
1.0000 0.0004 0.0023 0.0145 0.0900 0.5577 1.0000 1.0000 0.0005 0.0031 0.0190 0.1175 0.7293 1.0000 1.0000 0.0006 0.0040 0.0248 0.1536 0.9518 1.0000 1.0000 0.0008 0.0052 0.0324 0.2005 1.0000 1.0000 1.0000 0.0011 0.0069 0.0426 0.2651 1.0000 1.0000 0.0002 0.0015 0.0096 0.0611 0.3901 1.0000 1.0000 0.0004 0.0026 0.0168 0.1116 0.7447 1.0000 1.0000 0.0009 0.0029 0.0009 1.0000 1.0000 0.7307 0.1095 0.0165 0.0025 0.0004 1.0000 1.0000 0.3827 0.0600 0.0095 0.0015 0.0002 1.0000 1.0000 0.2611 0.0419 0.0067 0.0011 1.0000 1.0000 1.0000 0.1975 0.0319 0.0051 0.0008 1.0000 1.0000 0.9374 0.1513 0.0244 0.0039 0.0006 1.0000 1.0000 0.7169 0.1157 0.0187 0.0030 0.0005 1.0000 1.0000 0.5493 0.0887 0.0143 0.0023 0.0004 1.0000
