0.4274 0.3896 0.3485 0.3006 0.2486 0.2003 0.1694 0.1543 0.1456 0.1400 0.1364 0.1344 0.1336 0.1341 0.1357 0.1386 0.1426 0.1480 0.1548 0.1631 0.1730 0.1847 0.1983 0.2142 0.2323 0.2531 0.2767 0.3033 0.3329 0.3653 0.3999 0.4350 0.4675 0.4922 0.5047 0.5071 0.5026 0.4924 0.4770 0.4564 0.4304 0.3989 0.3619 0.3203 0.2763 0.2343 0.2004 0.1791 0.1680 0.1628 0.1613 0.1628 0.1680 0.1791 0.2004 0.2344 0.2763 0.3203 0.3619 0.3989 0.4304 0.4564 0.4770 0.4924 0.5026 0.5071 0.5047 0.4922 0.4675 0.4350 0.3999 0.3653 0.3329 0.3033 0.2767 0.2531 0.2323 0.2141 0.1983 0.1847 0.1730 0.1631 0.1548 0.1480 0.1426 0.1386 0.1357 0.1341 0.1336 0.1344 0.1364 0.1400 0.1456 0.1543 0.1694 0.2003 0.2486 0.3006 0.3485 0.3896 0.4274
0.3896 0.3456 0.2982 0.2467 0.1990 0.1687 0.1539 0.1454 0.1400 0.1365 0.1345 0.1338 0.1343 0.1360 0.1389 0.1430 0.1484 0.1552 0.1635 0.1735 0.1852 0.1989 0.2147 0.2329 0.2536 0.2772 0.3036 0.3330 0.3650 0.3991 0.4335 0.4651 0.4888 0.5006 0.5027 0.4980 0.4878 0.4724 0.4517 0.4256 0.3936 0.3559 0.3129 0.2669 0.2227 0.1884 0.1687 0.1586 0.1531 0.1503 0.1494 0.1503 0.1531 0.1586 0.1687 0.1884 0.2228 0.2670 0.3129 0.3559 0.3936 0.4256 0.4517 0.4724 0.4878 0.4980 0.5027 0.5006 0.4888 0.4651 0.4335 0.3991 0.3650 0.3330 0.3036 0.2772 0.2536 0.2329 0.2147 0.1989 0.1852 0.1735 0.1635 0.1552 0.1484 0.1430 0.1389 0.1360 0.1343 0.1338 0.1345 0.1365 0.1400 0.1454 0.1539 0.1687 0.1990 0.2467 0.2982 0.3456 0.3896
0.3485 0.2982 0.2464 0.1986 0.1684 0.1538 0.1453 0.1399 0.1364 0.1344 0.1338 0.1343 0.1360 0.1389 0.1431 0.1485 0.1553 0.1637 0.1737 0.1854 0.1991 0.2150 0.2332 0.2540 0.2776 0.3041 0.3335 0.3656 0.3997 0.4341 0.4657 0.4891 0.5007 0.5027 0.4979 0.4875 0.4719 0.4510 0.4245 0.3920 0.3533 0.3090 0.2612 0.2154 0.1814 0.1632 0.1537 0.1481 0.1448 0.1430 0.1424 0.1430 0.1448 0.1481 0.1537 0.1632 0.1814 0.2155 0.2612 0.3090 0.3533 0.3920 0.4245 0.4510 0.4719 0.4875 0.4979 0.5027 0.5007 0.4891 0.4656 0.4341 0.3997 0.3656 0.3335 0.3041 0.2776 0.2540 0.2332 0.2150 0.1991 0.1854 0.1737 0.1637 0.1553 0.1485 0.1431 0.1389 0.1360 0.1343 0.1338 0.1344 0.1364 0.1399 0.1453 0.1537 0.1685 0.1986 0.2464 0.2982 0.3485
0.3006 0.2467 0.1986 0.1684 0.1537 0.1453 0.1398 0.1364 0.1344 0.1338 0.1343 0.1360 0.1390 0.1431 0.1486 0.1555 0.1638 0.1739 0.1857 0.1994 0.2153 0.2336 0.2544 0.2781 0.3046 0.3341 0.3662 0.4003 0.4347 0.4662 0.4894 0.5008 0.5026 0.4977 0.4872 0.4715 0.4504 0.4236 0.3906 0.3513 0.3061 0.2571 0.2104 0.1770 0.1599 0.1507 0.1451 0.1416 0.1394 0.1383 0.1379 0.1383 0.1394 0.1416 0.1451 0.1507 0.1599 0.1770 0.2104 0.2571 0.3061 0.3514 0.3907 0.4236 0.4504 0.4715 0.4873 0.4977 0.5026 0.5008 0.4894 0.4662 0.4347 0.4003 0.3662 0.3341 0.3046 0.2780 0.2544 0.2336 0.2153 0.1994 0.1856 0.1739 0.1638 0.1555 0.1486 0.1431 0.1390 0.1360 0.1343 0.1338 0.1344 0.1364 0.1398 0.1453 0.1537 0.1684 0.1986 0.2467 0.3006
0.2486 0.1990 0.1684 0.1537 0.1452 0.1398 0.1364 0.1344 0.1338 0.1343 0.1361 0.1390 0.1432 0.1487 0.1556 0.1640 0.1740 0.1859 0.1997 0.2156 0.2339 0.2548 0.2785 0.3051 0.3346 0.3668 0.4009 0.4353 0.4667 0.4897 0.5009 0.5026 0.4976 0.4870 0.4711 0.4499 0.4228 0.3895 0.3498 0.3038 0.2540 0.2068 0.1742 0.1578 0.1489 0.1433 0.1397 0.1374 0.1360 0.1354 0.1352 0.1354 0.1360 0.1374 0.1397 0.1433 0.1489 0.1578 0.1742 0.2068 0.2540 0.3039 0.3498 0.3896 0.4228 0.4499 0.4711 0.4870 0.4976 0.5026 0.5009 0.4897 0.4667 0.4353 0.4009 0.3668 0.3346 0.3051 0.2785 0.2548 0.2339 0.2156 0.1997 0.1859 0.1740 0.1640 0.1556 0.1487 0.1432 0.1390 0.1361 0.1343 0.1338 0.1344 0.1364 0.1398 0.1452 0.1537 0.1685 0.1990 0.2486
0.2003 0.1687 0.1538 0.1453 0.1398 0.1363 0.1344 0.1338 0.1343 0.1361 0.1391 0.1433 0.1488 0.1557 0.1641 0.1742 0.1861 0.1999 0.2159 0.2343 0.2552 0.2789 0.3056 0.3352 0.3674 0.4015 0.4359 0.4672 0.4900 0.5010 0.5026 0.4974 0.4867 0.4708 0.4494 0.4221 0.3886 0.3485 0.3021 0.2516 0.2042 0.1723 0.1564 0.1477 0.1421 0.1385 0.1362 0.1349 0.1342 0.1339 0.1339 0.1339 0.1342 0.1349 0.1362 0.1385 0.1421 0.1477 0.1565 0.1723 0.2042 0.2517 0.3021 0.3485 0.3886 0.4221 0.4494 0.4708 0.4868 0.4974 0.5026 0.5010 0.4900 0.4672 0.4359 0.4015 0.3674 0.3352 0.3056 0.2789 0.2552 0.2343 0.2159 0.1999 0.1861 0.1742 0.1641 0.1557 0.1488 0.1433 0.1391 0.1361 0.1343 0.1338 0.1344 0.1363 0.1398 0.1453 0.1537 0.1687 0.2003
0.1694 0.1539 0.1453 0.1398 0.1364 0.1344 0.1338 0.1343 0.1361 0.1391 0.1433 0.1489 0.1558 0.1643 0.1744 0.1863 0.2001 0.2162 0.2346 0.2556 0.2794 0.3061 0.3357 0.3680 0.4021 0.4365 0.4677 0.4903 0.5011 0.5025 0.4973 0.4865 0.4704 0.4489 0.4215 0.3878 0.3474 0.3006 0.2498 0.2023 0.1709 0.1555 0.1469 0.1413 0.1377 0.1355 0.1343 0.1338 0.1337 0.1338 0.1339 0.1338 0.1337 0.1338 0.1343 0.1355 0.1377 0.1413 0.1469 0.1555 0.1710 0.2023 0.2498 0.3006 0.3474 0.3878 0.4215 0.4489 0.4704 0.4865 0.4973 0.5025 0.5011 0.4903 0.4677 0.4365 0.4021 0.3680 0.3357 0.3060 0.2793 0.2556 0.2346 0.2162 0.2001 0.1863 0.1744 0.1643 0.1558 0.1489 0.1433 0.1391 0.1361 0.1343 0.1338 0.1344 0.1364 0.1398 0.1453 0.1539 0.1694
0.1543 0.1454 0.1399 0.1364 0.1344 0.1338 0.1343 0.1361 0.1391 0.1434 0.1489 0.1559 0.1644 0.1745 0.1864 0.2004 0.2164 0.2349 0.2559 0.2797 0.3065 0.3362 0.3685 0.4027 0.4371 0.4681 0.4906 0.5012 0.5025 0.4971 0.4863 0.4701 0.4484 0.4209 0.3870 0.3464 0.2993 0.2483 0.2008 0.1700 0.1548 0.1463 0.1408 0.1373 0.1351 0.1340 0.1337 0.1340 0.1345 0.1350 0.1352 0.1350 0.1345 0.1340 0.1337 0.1340 0.1351 0.1373 0.1408 0.1463 0.1548 0.1700 0.2008 0.2483 0.2993 0.3464 0.3870 0.4209 0.4484 0.4701 0.4863 0.4971 0.5025 0.5012 0.4906 0.4681 0.4371 0.4027 0.3685 0.3362 0.3065 0.2797 0.2559 0.2349 0.2164 0.2004 0.1864 0.1745 0.1644 0.1559 0.1489 0.1434 0.1391 0.1361 0.1343 0.1338 0.1344 0.1364 0.1399 0.1454 0.1543
0.1456 0.1400 0.1364 0.1344 0.1338 0.1343 0.1361 0.1391 0.1434 0.1490 0.1559 0.1645 0.1746 0.1866 0.2005 0.2167 0.2352 0.2563 0.2801 0.3069 0.3367 0.3691 0.4033 0.4376 0.4686 0.4909 0.5013 0.5024 0.4970 0.4860 0.4697 0.4480 0.4203 0.3863 0.3455 0.2982 0.2470 0.1995 0.1692 0.1543 0.1459 0.1405 0.1369 0.1348 0.1339 0.1338 0.1344 0.1355 0.1365 0.1374 0.1377 0.1374 0.1365 0.1355 0.1344 0.1338 0.1339 0.1348 0.1369 0.1405 0.1459 0.1544 0.1692 0.1996 0.2470 0.2982 0.3455 0.3863 0.4203 0.4480 0.4698 0.4860 0.4970 0.5024 0.5013 0.4909 0.4686 0.4376 0.4033 0.3690 0.3367 0.3069 0.2801 0.2563 0.2352 0.2167 0.2005 0.1866 0.1746 0.1645 0.1559 0.1490 0.1434 0.1391 0.1361 0.1343 0.1338 0.1344 0.1364 0.1400 0.1456
0.1400 0.1365 0.1344 0.1338 0.1343 0.1361 0.1391 0.1434 0.1490 0.1560 0.1645 0.1747 0.1867 0.2007 0.2168 0.2354 0.2565 0.2805 0.3074 0.3371 0.3696 0.4038 0.4381 0.4690 0.4911 0.5014 0.5024 0.4969 0.4858 0.4694 0.4476 0.4198 0.3856 0.3446 0.2972 0.2458 0.1985 0.1686 0.1540 0.1456 0.1402 0.1367 0.1347 0.1338 0.1339 0.1349 0.1364 0.1381 0.1398 0.1410 0.1415 0.1410 0.1398 0.1381 0.1364 0.1349 0.1339 0.1338 0.1347 0.1367 0.1402 0.1456 0.1540 0.1686 0.1985 0.2458 0.2972 0.3446 0.3856 0.4198 0.4476 0.4694 0.4858 0.4969 0.5024 0.5014 0.4911 0.4690 0.4381 0.4038 0.3695 0.3371 0.3074 0.2805 0.2565 0.2354 0.2168 0.2007 0.1867 0.1747 0.1645 0.1560 0.1490 0.1434 0.1391 0.1361 0.1343 0.1338 0.1344 0.1365 0.1400
0.1364 0.1345 0.1338 0.1343 0.1361 0.1391 0.1433 0.1489 0.1559 0.1645 0.1747 0.1867 0.2008 0.2170 0.2356 0.2568 0.2808 0.3077 0.3376 0.3700 0.4043 0.4386 0.4695 0.4914 0.5014 0.5024 0.4967 0.4856 0.4691 0.4472 0.4193 0.3850 0.3438 0.2962 0.2448 0.1976 0.1681 0.1537 0.1453 0.1400 0.1365 0.1346 0.1338 0.1341 0.1352 0.1372 0.1396 0.1421 0.1444 0.1460 0.1466 0.1460 0.1444 0.1421 0.1396 0.1372 0.1352 0.1341 0.1338 0.1346 0.1365 0.1400 0.1453 0.1537 0.1681 0.1976 0.2448 0.2962 0.3438 0.3850 0.4193 0.4472 0.4691 0.4856 0.4967 0.5024 0.5014 0.4914 0.4694 0.4386 0.4043 0.3700 0.3376 0.3077 0.2808 0.2568 0.2356 0.2170 0.2008 0.1867 0.1747 0.1645 0.1559 0.1489 0.1433 0.1391 0.1361 0.1343 0.1338 0.1345 0.1364
0.1344 0.1338 0.1343 0.1360 0.1390 0.1433 0.1489 0.1559 0.1645 0.1747 0.1867 0.2008 0.2170 0.2357 0.2569 0.2810 0.3080 0.3379 0.3705 0.4048 0.4391 0.4699 0.4916 0.5015 0.5023 0.4966 0.4854 0.4688 0.4468 0.4188 0.3844 0.3431 0.2954 0.2438 0.1968 0.1676 0.1534 0.1452 0.1398 0.1364 0.1345 0.1338 0.1342 0.1355 0.1378 0.1407 0.1440 0.1474 0.1504 0.1525 0.1532 0.1525 0.1504 0.1474 0.1440 0.1407 0.1378 0.1355 0.1342 0.1338 0.1345 0.1364 0.1398 0.1452 0.1534 0.1676 0.1968 0.2438 0.2954 0.3431 0.3844 0.4188 0.4468 0.4688 0.4854 0.4966 0.5023 0.5015 0.4916 0.4699 0.4391 0.4048 0.3705 0.3379 0.3080 0.2810 0.2569 0.2357 0.2170 0.2008 0.1867 0.1747 0.1645 0.1559 0.1489 0.1433 0.1390 0.1360 0.1343 0.1338 0.1344
0.1336 0.1343 0.1360 0.1390 0.1432 0.1488 0.1558 0.1644 0.1746 0.1867 0.2008 0.2170 0.2357 0.2570 0.2811 0.3082 0.3382 0.3708 0.4052 0.4395 0.4702 0.4918 0.5016 0.5023 0.4965 0.4851 0.4685 0.4464 0.4183 0.3838 0.3424 0.2945 0.2430 0.1961 0.1673 0.1532 0.1450 0.1397 0.1363 0.1344 0.1338 0.1342 0.1358 0.1382 0.1416 0.1456 0.1499 0.1542 0.1579 0.1604 0.1613 0.1604 0.1579 0.1542 0.1499 0.1456 0.1416 0.1382 0.1358 0.1342 0.1338 0.1344 0.1363 0.1397 0.1450 0.1532 0.1673 0.1961 0.2430 0.2946 0.3424 0.3838 0.4183 0.4464 0.4685 0.4852 0.4965 0.5023 0.5016 0.4918 0.4702 0.4395 0.4052 0.3708 0.3382 0.3082 0.2811 0.2570 0.2357 0.2170 0.2008 0.1867 0.1746 0.1644 0.1558 0.1488 0.1432 0.1390 0.1360 0.1343 0.1336
0.1341 0.1360 0.1389 0.1431 0.1487 0.1557 0.1643 0.1745 0.1866 0.2007 0.2170 0.2357 0.2570 0.2812 0.3083 0.3383 0.3710 0.4055 0.4398 0.4705 0.4920 0.5016 0.5022 0.4963 0.4849 0.4682 0.4460 0.4178 0.3832 0.3417 0.2937 0.2422 0.1955 0.1669 0.1530 0.1449 0.1396 0.1363 0.1344 0.1338 0.1343 0.1359 0.1386 0.1422 0.1467 0.1518 0.1572 0.1625 0.1670 0.1700 0.1711 0.1700 0.1670 0.1625 0.1572 0.1518 0.1467 0.1422 0.1386 0.1359 0.1343 0.1338 0.1344 0.1363 0.1396 0.1449 0.1530 0.1669 0.1955 0.2422 0.2938 0.3417 0.3832 0.4178 0.4460 0.4682 0.4849 0.4963 0.5022 0.5016 0.4920 0.4705 0.4398 0.4055 0.3710 0.3383 0.3083 0.2812 0.2570 0.2357 0.2170 0.2007 0.1866 0.1745 0.1643 0.1557 0.1487 0.1431 0.1389 0.1360 0.1341
0.1357 0.1389 0.1431 0.1486 0.1556 0.1641 0.1744 0.1865 0.2005 0.2168 0.2356 0.2569 0.2811 0.3083 0.3384 0.3712 0.4056 0.4400 0.4707 0.4922 0.5017 0.5022 0.4962 0.4847 0.4679 0.4456 0.4173 0.3826 0.3410 0.2930 0.2414 0.1949 0.1666 0.1528 0.1447 0.1395 0.1362 0.1343 0.1338 0.1343 0.1361 0.1389 0.1427 0.1475 0.1532 0.1596 0.1662 0.1725 0.1779 0.1815 0.1828 0.1815 0.1779 0.1725 0.1662 0.1596 0.1532 0.1475 0.1427 0.1389 0.1361 0.1343 0.1338 0.1343 0.1362 0.1395 0.1447 0.1528 0.1666 0.1949 0.2414 0.2930 0.3410 0.3826 0.4173 0.4456 0.4679 0.4847 0.4962 0.5022 0.5017 0.4922 0.4707 0.4400 0.4056 0.3711 0.3384 0.3083 0.2811 0.2569 0.2356 0.2168 0.2005 0.1864 0.1744 0.1641 0.1556 0.1486 0.1431 0.1389 0.1357
0.1386 0.1430 0.1485 0.1555 0.1640 0.1742 0.1863 0.2004 0.2167 0.2354 0.2568 0.2810 0.3082 0.3383 0.3712 0.4057 0.4402 0.4709 0.4923 0.5017 0.5022 0.4961 0.4846 0.4677 0.4453 0.4169 0.3820 0.3403 0.2922 0.2406 0.1943 0.1663 0.1526 0.1446 0.1394 0.1361 0.1343 0.1338 0.1344 0.1362 0.1391 0.1431 0.1482 0.1543 0.1613 0.1690 0.1769 0.1844 0.1907 0.1949 0.1964 0.1949 0.1907 0.1844 0.1769 0.1690 0.1613 0.1543 0.1482 0.1431 0.1391 0.1362 0.1344 0.1338 0.1343 0.1361 0.1395 0.1446 0.1526 0.1663 0.1943 0.2406 0.2922 0.3403 0.3820 0.4169 0.4453 0.4677 0.4846 0.4961 0.5022 0.5017 0.4923 0.4709 0.4402 0.4057 0.3711 0.3383 0.3082 0.2810 0.2568 0.2354 0.2167 0.2004 0.1863 0.1742 0.1640 0.1555 0.1485 0.1430 0.1386
0.1426 0.1484 0.1553 0.1638 0.1740 0.1861 0.2001 0.2164 0.2352 0.2565 0.2808 0.3080 0.3382 0.3710 0.4056 0.4402 0.4709 0.4923 0.5017 0.5021 0.4961 0.4845 0.4675 0.4450 0.4165 0.3815 0.3396 0.2914 0.2398 0.1937 0.1660 0.1525 0.1445 0.1394 0.1361 0.1343 0.1338 0.1344 0.1362 0.1392 0.1433 0.1486 0.1551 0.1626 0.1711 0.1802 0.1895 0.1983 0.2056 0.2105 0.2123 0.2105 0.2056 0.1983 0.1895 0.1802 0.1711 0.1626 0.1551 0.1486 0.1433 0.1392 0.1362 0.1344 0.1338 0.1343 0.1361 0.1394 0.1445 0.1525 0.1661 0.1937 0.2398 0.2915 0.3397 0.3815 0.4165 0.4450 0.4675 0.4845 0.4961 0.5021 0.5017 0.4923 0.4709 0.4402 0.4056 0.3710 0.3382 0.3080 0.2808 0.2565 0.2352 0.2164 0.2001 0.1861 0.1740 0.1638 0.1553 0.1484 0.1426
0.1480 0.1552 0.1637 0.1739 0.1859 0.1999 0.2162 0.2349 0.2563 0.2805 0.3077 0.3379 0.3708 0.4055 0.4400 0.4709 0.4923 0.5018 0.5021 0.4960 0.4844 0.4673 0.4448 0.4162 0.3811 0.3391 0.2908 0.2391 0.1931 0.1658 0.1523 0.1444 0.1393 0.1361 0.1343 0.1338 0.1344 0.1363 0.1393 0.1435 0.1490 0.1556 0.1635 0.1726 0.1826 0.1933 0.2042 0.2144 0.2229 0.2286 0.2306 0.2286 0.2229 0.2144 0.2042 0.1933 0.1826 0.1726 0.1635 0.1556 0.1490 0.1435 0.1393 0.1363 0.1344 0.1338 0.1343 0.1361 0.1393 0.1444 0.1523 0.1658 0.1931 0.2391 0.2908 0.3391 0.3811 0.4162 0.4448 0.4673 0.4844 0.4960 0.5021 0.5018 0.4923 0.4709 0.4400 0.4055 0.3708 0.3379 0.3077 0.2805 0.2563 0.2349 0.2162 0.1999 0.1859 0.1739 0.1637 0.1552 0.1480
0.1548 0.1635 0.1737 0.1856 0.1997 0.2159 0.2346 0.2559 0.2801 0.3074 0.3376 0.3705 0.4052 0.4398 0.4707 0.4923 0.5017 0.5021 0.4960 0.4843 0.4672 0.4446 0.4159 0.3807 0.3387 0.2902 0.2385 0.1926 0.1655 0.1522 0.1443 0.1393 0.1360 0.1343 0.1338 0.1345 0.1364 0.1394 0.1437 0.1492 0.1560 0.1642 0.1737 0.1844 0.1962 0.2086 0.2212 0.2330 0.2427 0.2493 0.2516 0.2493 0.2427 0.2330 0.2212 0.2086 0.1962 0.1844 0.1737 0.1642 0.1560 0.1492 0.1437 0.1394 0.1364 0.1345 0.1338 0.1343 0.1360 0.1393 0.1443 0.1522 0.1655 0.1926 0.2385 0.2902 0.3387 0.3807 0.4159 0.4446 0.4672 0.4843 0.4960 0.5021 0.5017 0.4923 0.4707 0.4398 0.4052 0.3705 0.3376 0.3074 0.2801 0.2559 0.2346 0.2159 0.1997 0.1856 0.1737 0.1635 0.1548
0.1631 0.1735 0.1854 0.1994 0.2156 0.2343 0.2556 0.2797 0.3069 0.3372 0.3701 0.4048 0.4395 0.4705 0.4922 0.5017 0.5021 0.4960 0.4843 0.4672 0.4445 0.4158 0.3805 0.3383 0.2898 0.2380 0.1922 0.1653 0.1521 0.1443 0.1392 0.1360 0.1342 0.1338 0.1345 0.1364 0.1395 0.1438 0.1494 0.1564 0.1647 0.1745 0.1857 0.1982 0.2119 0.2263 0.2408 0.2542 0.2654 0.2729 0.2755 0.2729 0.2654 0.2542 0.2408 0.2263 0.2119 0.1982 0.1857 0.1745 0.1647 0.1564 0.1494 0.1438 0.1395 0.1364 0.1345 0.1338 0.1342 0.1360 0.1392 0.1443 0.1521 0.1653 0.1922 0.2380 0.2898 0.3383 0.3805 0.4158 0.4445 0.4672 0.4843 0.4960 0.5021 0.5017 0.4922 0.4705 0.4395 0.4048 0.3700 0.3371 0.3069 0.2797 0.2556 0.2343 0.2156 0.1994 0.1854 0.1735 0.1631
0.1730 0.1852 0.1991 0.2153 0.2339 0.2552 0.2794 0.3065 0.3367 0.3696 0.4043 0.4391 0.4702 0.4920 0.5017 0.5022 0.4961 0.4844 0.4672 0.4445 0.4157 0.3804 0.3381 0.2895 0.2376 0.1919 0.1651 0.1520 0.1442 0.1391 0.1360 0.1342 0.1338 0.1345 0.1364 0.1396 0.1439 0.1496 0.1566 0.1651 0.1750 0.1866 0.1997 0.2142 0.2300 0.2466 0.2631 0.2784 0.2911 0.2995 0.3024 0.2995 0.2911 0.2784 0.2631 0.2466 0.2300 0.2142 0.1997 0.1866 0.1750 0.1651 0.1566 0.1496 0.1439 0.1396 0.1364 0.1345 0.1338 0.1342 0.1360 0.1391 0.1442 0.1520 0.1651 0.1919 0.2376 0.2895 0.3381 0.3804 0.4157 0.4445 0.4672 0.4844 0.4961 0.5022 0.5017 0.4920 0.4702 0.4391 0.4043 0.3695 0.3367 0.3065 0.2793 0.2552 0.2339 0.2153 0.1991 0.1852 0.1730
0.1847 0.1989 0.2150 0.2336 0.2548 0.2789 0.3061 0.3362 0.3691 0.4038 0.4386 0.4699 0.4918 0.5016 0.5022 0.4961 0.4844 0.4673 0.4446 0.4158 0.3804 0.3380 0.2893 0.2374 0.1917 0.1650 0.1519 0.1441 0.1391 0.1359 0.1342 0.1338 0.1345 0.1365 0.1396 0.1440 0.1497 0.1568 0.1654 0.1755 0.1873 0.2007 0.2159 0.2327 0.2508 0.2697 0.2884 0.3056 0.3198 0.3292 0.3325 0.3292 0.3198 0.3056 0.2884 0.2697 0.2508 0.2327 0.2159 0.2007 0.1873 0.1755 0.1654 0.1568 0.1497 0.1440 0.1396 0.1365 0.1345 0.1338 0.1342 0.1359 0.1391 0.1441 0.1519 0.1650 0.1917 0.2374 0.2893 0.3380 0.3804 0.4158 0.4446 0.4673 0.4845 0.4961 0.5022 0.5016 0.4918 0.4699 0.4386 0.4038 0.3690 0.3362 0.3060 0.2789 0.2548 0.2336 0.2150 0.1989 0.1847
0.1983 0.2147 0.2332 0.2544 0.2785 0.3056 0.3357 0.3685 0.4033 0.4381 0.4695 0.4916 0.5016 0.5022 0.4962 0.4846 0.4675 0.4448 0.4159 0.3805 0.3381 0.2893 0.2373 0.1916 0.1649 0.1518 0.1441 0.1391 0.1359 0.1342 0.1338 0.1346 0.1365 0.1397 0.1441 0.1498 0.1570 0.1656 0.1758 0.1878 0.2015 0.2171 0.2346 0.2538 0.2744 0.2957 0.3167 0.3359 0.3515 0.3617 0.3653 0.3617 0.3515 0.3359 0.3167 0.2957 0.2744 0.2538 0.2346 0.2171 0.2015 0.1878 0.1758 0.1656 0.1570 0.1498 0.1441 0.1397 0.1365 0.1346 0.1338 0.1342 0.1359 0.1391 0.1441 0.1518 0.1649 0.1916 0.2373 0.2893 0.3381 0.3805 0.4159 0.4448 0.4675 0.4846 0.4962 0.5022 0.5016 0.4916 0.4694 0.4381 0.4033 0.3685 0.3357 0.3056 0.2785 0.2544 0.2332 0.2147 0.1983
0.2141 0.2329 0.2540 0.2780 0.3051 0.3352 0.3680 0.4027 0.4376 0.4690 0.4914 0.5015 0.5023 0.4963 0.4847 0.4677 0.4450 0.4162 0.3807 0.3383 0.2895 0.2374 0.1916 0.1649 0.1518 0.1441 0.1390 0.1359 0.1342 0.1338 0.1346 0.1366 0.1397 0.1442 0.1499 0.1571 0.1658 0.1761 0.1882 0.2021 0.2180 0.2360 0.2560 0.2778 0.3011 0.3249 0.3481 0.3690 0.3857 0.3965 0.4003 0.3965 0.3857 0.3690 0.3481 0.3249 0.3011 0.2778 0.2560 0.2360 0.2180 0.2021 0.1882 0.1761 0.1658 0.1571 0.1499 0.1442 0.1397 0.1366 0.1346 0.1338 0.1342 0.1359 0.1390 0.1441 0.1518 0.1649 0.1916 0.2374 0.2895 0.3383 0.3807 0.4162 0.4450 0.4677 0.4847 0.4963 0.5023 0.5015 0.4914 0.4690 0.4376 0.4027 0.3680 0.3352 0.3051 0.2780 0.2540 0.2329 0.2141
0.2323 0.2536 0.2776 0.3046 0.3346 0.3674 0.4021 0.4371 0.4686 0.4911 0.5014 0.5023 0.4965 0.4849 0.4679 0.4453 0.4165 0.3811 0.3386 0.2897 0.2376 0.1917 0.1649 0.1518 0.1440 0.1390 0.1359 0.1342 0.1338 0.1346 0.1366 0.1398 0.1442 0.1500 0.1572 0.1660 0.1763 0.1885 0.2026 0.2187 0.2370 0.2576 0.2803 0.3048 0.3307 0.3569 0.3819 0.4040 0.4211 0.4319 0.4355 0.4319 0.4211 0.4040 0.3819 0.3569 0.3307 0.3048 0.2803 0.2576 0.2370 0.2187 0.2026 0.1885 0.1763 0.1660 0.1572 0.1500 0.1442 0.1398 0.1366 0.1346 0.1338 0.1342 0.1359 0.1390 0.1440 0.1518 0.1649 0.1917 0.2376 0.2898 0.3387 0.3811 0.4165 0.4453 0.4679 0.4849 0.4965 0.5023 0.5014 0.4911 0.4686 0.4371 0.4021 0.3674 0.3346 0.3046 0.2776 0.2536 0.2323
0.2531 0.2772 0.3041 0.3341 0.3668 0.4015 0.4365 0.4681 0.4909 0.5014 0.5024 0.4966 0.4851 0.4682 0.4456 0.4169 0.3815 0.3391 0.2902 0.2380 0.1919 0.1650 0.1518 0.1441 0.1390 0.1359 0.1342 0.1338 0.1346 0.1366 0.1398 0.1443 0.1501 0.1573 0.1661 0.1765 0.1887 0.2029 0.2192 0.2378 0.2587 0.2820 0.3075 0.3349 0.3632 0.3913 0.4172 0.4390 0.4550 0.4645 0.4676 0.4645 0.4550 0.4390 0.4172 0.3913 0.3632 0.3349 0.3075 0.2820 0.2587 0.2378 0.2192 0.2029 0.1887 0.1765 0.1661 0.1573 0.1501 0.1443 0.1398 0.1366 0.1346 0.1338 0.1342 0.1359 0.1390 0.1441 0.1518 0.1650 0.1919 0.2380 0.2902 0.3391 0.3815 0.4169 0.4456 0.4682 0.4852 0.4966 0.5024 0.5014 0.4909 0.4681 0.4365 0.4015 0.3668 0.3341 0.3041 0.2772 0.2531
0.2767 0.3036 0.3335 0.3662 0.4009 0.4359 0.4677 0.4906 0.5013 0.5024 0.4967 0.4854 0.4685 0.4460 0.4173 0.3820 0.3397 0.2908 0.2385 0.1922 0.1651 0.1519 0.1441 0.1390 0.1359 0.1342 0.1338 0.1346 0.1366 0.1398 0.1443 0.1501 0.1574 0.1662 0.1767 0.1889 0.2032 0.2196 0.2384 0.2596 0.2833 0.3095 0.3378 0.3677 0.3978 0.4265 0.4514 0.4703 0.4825 0.4888 0.4907 0.4888 0.4825 0.4703 0.4514 0.4265 0.3978 0.3677 0.3378 0.3095 0.2833 0.2595 0.2383 0.2196 0.2032 0.1889 0.1767 0.1662 0.1574 0.1501 0.1443 0.1398 0.1366 0.1346 0.1338 0.1342 0.1359 0.1390 0.1441 0.1519 0.1651 0.1922 0.2385 0.2908 0.3397 0.3820 0.4173 0.4460 0.4685 0.4854 0.4967 0.5024 0.5013 0.4906 0.4677 0.4359 0.4009 0.3662 0.3335 0.3036 0.2767
0.3033 0.3330 0.3656 0.4003 0.4353 0.4672 0.4903 0.5012 0.5024 0.4969 0.4856 0.4688 0.4464 0.4178 0.3826 0.3403 0.2914 0.2391 0.1926 0.1653 0.1520 0.1441 0.1391 0.1359 0.1342 0.1338 0.1346 0.1366 0.1398 0.1443 0.1502 0.1575 0.1663 0.1768 0.1891 0.2034 0.2199 0.2388 0.2602 0.2842 0.3109 0.3399 0.3708 0.4024 0.4329 0.4596 0.4799 0.4922 0.4983 0.5007 0.5013 0.5007 0.4983 0.4922 0.4799 0.4596 0.4329 0.4024 0.3708 0.3399 0.3109 0.2842 0.2602 0.2388 0.2199 0.2034 0.1891 0.1768 0.1663 0.1575 0.1502 0.1443 0.1398 0.1366 0.1346 0.1338 0.1342 0.1359 0.1391 0.1441 0.1520 0.1653 0.1926 0.2391 0.2915 0.3403 0.3826 0.4178 0.4464 0.4688 0.4856 0.4969 0.5024 0.5012 0.4903 0.4672 0.4353 0.4003 0.3656 0.3330 0.3033
0.3329 0.3650 0.3997 0.4347 0.4667 0.4900 0.5011 0.5025 0.4970 0.4858 0.4691 0.4468 0.4183 0.3832 0.3410 0.2922 0.2398 0.1931 0.1655 0.1521 0.1442 0.1391 0.1359 0.1342 0.1338 0.1346 0.1366 0.1398 0.1444 0.1502 0.1575 0.1663 0.1769 0.1892 0.2036 0.2202 0.2391 0.2607 0.2849 0.3119 0.3414 0.3730 0.4056 0.4373 0.4652 0.4856 0.4971 0.5018 0.5029 0.5026 0.5023 0.5026 0.5029 0.5018 0.4971 0.4856 0.4652 0.4373 0.4056 0.3730 0.3414 0.3119 0.2849 0.2607 0.2391 0.2202 0.2036 0.1892 0.1769 0.1663 0.1575 0.1502 0.1444 0.1398 0.1366 0.1346 0.1338 0.1342 0.1359 0.1391 0.1442 0.1521 0.1655 0.1931 0.2398 0.2922 0.3410 0.3832 0.4183 0.4468 0.4691 0.4858 0.4970 0.5025 0.5011 0.4900 0.4667 0.4347 0.3997 0.3650 0.3329
0.3653 0.3991 0.4341 0.4662 0.4897 0.5010 0.5025 0.4971 0.4860 0.4694 0.4472 0.4188 0.3838 0.3417 0.2930 0.2406 0.1937 0.1658 0.1522 0.1443 0.1391 0.1359 0.1342 0.1338 0.1346 0.1366 0.1398 0.1443 0.1502 0.1575 0.1664 0.1769 0.1893 0.2037 0.2204 0.2394 0.2610 0.2854 0.3126 0.3425 0.3746 0.4079 0.4404 0.4688 0.4891 0.4995 0.5028 0.5021 0.4997 0.4974 0.4965 0.4974 0.4997 0.5021 0.5028 0.4995 0.4891 0.4688 0.4404 0.4079 0.3746 0.3425 0.3126 0.2854 0.2610 0.2394 0.2204 0.2037 0.1893 0.1769 0.1664 0.1575 0.1502 0.1443 0.1398 0.1366 0.1346 0.1338 0.1342 0.1359 0.1391 0.1443 0.1522 0.1658 0.1937 0.2406 0.2930 0.3417 0.3838 0.4188 0.4472 0.4694 0.4860 0.4971 0.5025 0.5010 0.4897 0.4662 0.4341 0.3991 0.3653
0.3999 0.4335 0.4656 0.4894 0.5009 0.5026 0.4973 0.4863 0.4697 0.4476 0.4193 0.3843 0.3424 0.2937 0.2414 0.1943 0.1660 0.1523 0.1443 0.1392 0.1360 0.1342 0.1338 0.1346 0.1366 0.1398 0.1443 0.1502 0.1575 0.1664 0.1769 0.1893 0.2038 0.2205 0.2396 0.2613 0.2858 0.3132 0.3433 0.3758 0.4095 0.4425 0.4713 0.4912 0.5008 0.5028 0.5005 0.4957 0.4905 0.4865 0.4849 0.4865 0.4905 0.4957 0.5005 0.5028 0.5008 0.4912 0.4713 0.4425 0.4095 0.3758 0.3433 0.3132 0.2858 0.2613 0.2396 0.2205 0.2038 0.1893 0.1769 0.1664 0.1575 0.1502 0.1443 0.1398 0.1366 0.1346 0.1338 0.1342 0.1360 0.1392 0.1443 0.1523 0.1661 0.1943 0.2414 0.2938 0.3424 0.3844 0.4193 0.4476 0.4698 0.4863 0.4973 0.5026 0.5009 0.4894 0.4656 0.4335 0.3999
0.4350 0.4651 0.4891 0.5008 0.5026 0.4974 0.4865 0.4701 0.4480 0.4198 0.3850 0.3431 0.2945 0.2422 0.1949 0.1663 0.1525 0.1444 0.1393 0.1360 0.1342 0.1338 0.1346 0.1366 0.1398 0.1443 0.1502 0.1575 0.1663 0.1769 0.1893 0.2038 0.2205 0.2397 0.2615 0.2861 0.3136 0.3439 0.3766 0.4106 0.4440 0.4729 0.4926 0.5015 0.5026 0.4988 0.4920 0.4837 0.4758 0.4700 0.4678 0.4700 0.4758 0.4837 0.4920 0.4988 0.5026 0.5015 0.4926 0.4729 0.4440 0.4106 0.3766 0.3439 0.3136 0.2860 0.2615 0.2397 0.2205 0.2038 0.1893 0.1769 0.1663 0.1575 0.1501 0.1443 0.1398 0.1366 0.1346 0.1338 0.1342 0.1360 0.1393 0.1444 0.1525 0.1663 0.1949 0.2422 0.2946 0.3431 0.3850 0.4198 0.4480 0.4701 0.4865 0.4974 0.5026 0.5008 0.4891 0.4651 0.4350
0.4675 0.4888 0.5007 0.5026 0.4976 0.4867 0.4704 0.4484 0.4203 0.3856 0.3438 0.2953 0.2430 0.1955 0.1666 0.1526 0.1445 0.1393 0.1360 0.1342 0.1338 0.1345 0.1365 0.1397 0.1442 0.1501 0.1574 0.1663 0.1769 0.1893 0.2038 0.2205 0.2397 0.2615 0.2862 0.3138 0.3443 0.3771 0.4114 0.4450 0.4741 0.4935 0.5019 0.5023 0.4975 0.4889 0.4780 0.4662 0.4554 0.4477 0.4450 0.4477 0.4554 0.4662 0.4780 0.4889 0.4975 0.5023 0.5019 0.4935 0.4741 0.4450 0.4114 0.3771 0.3442 0.3138 0.2862 0.2615 0.2397 0.2205 0.2038 0.1893 0.1769 0.1663 0.1574 0.1501 0.1442 0.1397 0.1365 0.1345 0.1338 0.1342 0.1360 0.1393 0.1445 0.1526 0.1666 0.1955 0.2430 0.2954 0.3438 0.3856 0.4203 0.4484 0.4704 0.4868 0.4976 0.5026 0.5007 0.4888 0.4675
0.4922 0.5006 0.5027 0.4977 0.4870 0.4708 0.4489 0.4209 0.3863 0.3446 0.2962 0.2438 0.1961 0.1669 0.1528 0.1446 0.1394 0.1361 0.1343 0.1338 0.1345 0.1365 0.1397 0.1442 0.1500 0.1573 0.1662 0.1768 0.1892 0.2037 0.2205 0.2397 0.2615 0.2863 0.3139 0.3445 0.3775 0.4119 0.4457 0.4748 0.4941 0.5021 0.5020 0.4964 0.4866 0.4735 0.4585 0.4429 0.4291 0.4194 0.4159 0.4194 0.4291 0.4429 0.4585 0.4736 0.4866 0.4964 0.5020 0.5021 0.4941 0.4748 0.4456 0.4119 0.3775 0.3444 0.3139 0.2862 0.2615 0.2397 0.2205 0.2037 0.1892 0.1768 0.1662 0.1573 0.1500 0.1442 0.1397 0.1365 0.1345 0.1338 0.1343 0.1361 0.1394 0.1446 0.1528 0.1669 0.1961 0.2438 0.2962 0.3446 0.3863 0.4209 0.4489 0.4708 0.4870 0.4977 0.5027 0.5006 0.4922
0.5047 0.5027 0.4979 0.4872 0.4711 0.4493 0.4215 0.3870 0.3454 0.2971 0.2447 0.1968 0.1672 0.1530 0.1447 0.1394 0.1361 0.1343 0.1338 0.1345 0.1365 0.1396 0.1441 0.1500 0.1572 0.1661 0.1767 0.1891 0.2036 0.2204 0.2396 0.2615 0.2862 0.3140 0.3446 0.3777 0.4122 0.4461 0.4753 0.4945 0.5022 0.5018 0.4957 0.4849 0.4703 0.4526 0.4330 0.4134 0.3963 0.3844 0.3801 0.3844 0.3963 0.4134 0.4330 0.4526 0.4703 0.4849 0.4957 0.5018 0.5022 0.4945 0.4753 0.4460 0.4122 0.3776 0.3445 0.3139 0.2862 0.2615 0.2396 0.2204 0.2036 0.1891 0.1767 0.1661 0.1572 0.1499 0.1441 0.1396 0.1364 0.1345 0.1338 0.1343 0.1361 0.1395 0.1447 0.1530 0.1673 0.1968 0.2448 0.2972 0.3455 0.3870 0.4215 0.4494 0.4711 0.4873 0.4979 0.5027 0.5047
0.5071 0.4980 0.4875 0.4715 0.4498 0.4221 0.3877 0.3463 0.2981 0.2457 0.1975 0.1676 0.1531 0.1448 0.1395 0.1361 0.1343 0.1338 0.1345 0.1364 0.1396 0.1440 0.1499 0.1571 0.1660 0.1765 0.1890 0.2035 0.2202 0.2394 0.2613 0.2861 0.3139 0.3445 0.3777 0.4123 0.4463 0.4756 0.4947 0.5023 0.5017 0.4952 0.4837 0.4680 0.4484 0.4257 0.4012 0.3772 0.3565 0.3423 0.3373 0.3423 0.3566 0.3773 0.4013 0.4257 0.4484 0.4680 0.4838 0.4952 0.5017 0.5023 0.4947 0.4755 0.4463 0.4123 0.3776 0.3444 0.3138 0.2860 0.2613 0.2394 0.2202 0.2034 0.1889 0.1765 0.1660 0.1571 0.1498 0.1440 0.1396 0.1364 0.1345 0.1338 0.1343 0.1361 0.1395 0.1449 0.1532 0.1676 0.1976 0.2458 0.2982 0.3464 0.3878 0.4221 0.4499 0.4715 0.4875 0.4980 0.5071
0.5025 0.4878 0.4719 0.4503 0.4227 0.3885 0.3472 0.2991 0.2468 0.1984 0.1680 0.1533 0.1450 0.1396 0.1362 0.1343 0.1338 0.1345 0.1364 0.1395 0.1440 0.1497 0.1570 0.1658 0.1764 0.1888 0.2033 0.2200 0.2392 0.2611 0.2859 0.3137 0.3443 0.3776 0.4123 0.4464 0.4757 0.4948 0.5024 0.5016 0.4948 0.4830 0.4664 0.4454 0.4205 0.3923 0.3626 0.3340 0.3099 0.2937 0.2880 0.2937 0.3100 0.3341 0.3628 0.3924 0.4205 0.4455 0.4665 0.4830 0.4948 0.5016 0.5023 0.4948 0.4756 0.4463 0.4122 0.3775 0.3442 0.3136 0.2858 0.2610 0.2391 0.2199 0.2032 0.1887 0.1763 0.1658 0.1570 0.1497 0.1439 0.1395 0.1364 0.1344 0.1338 0.1343 0.1362 0.1396 0.1450 0.1534 0.1681 0.1985 0.2470 0.2993 0.3474 0.3886 0.4228 0.4504 0.4719 0.4878 0.5026
0.4923 0.4723 0.4509 0.4234 0.3893 0.3482 0.3003 0.2480 0.1993 0.1685 0.1536 0.1451 0.1397 0.1362 0.1343 0.1338 0.1344 0.1363 0.1394 0.1439 0.1496 0.1569 0.1657 0.1762 0.1886 0.2030 0.2197 0.2389 0.2608 0.2856 0.3133 0.3440 0.3773 0.4121 0.4462 0.4757 0.4948 0.5024 0.5015 0.4946 0.4825 0.4654 0.4435 0.4169 0.3861 0.3521 0.3171 0.2845 0.2583 0.2415 0.2358 0.2415 0.2584 0.2848 0.3174 0.3523 0.3862 0.4170 0.4436 0.4655 0.4825 0.4947 0.5016 0.5024 0.4948 0.4755 0.4460 0.4119 0.3771 0.3439 0.3132 0.2854 0.2607 0.2388 0.2196 0.2029 0.1885 0.1761 0.1656 0.1568 0.1496 0.1438 0.1394 0.1363 0.1344 0.1338 0.1343 0.1363 0.1397 0.1452 0.1537 0.1686 0.1996 0.2483 0.3006 0.3485 0.3896 0.4236 0.4510 0.4724 0.4924
0.4768 0.4515 0.4242 0.3903 0.3494 0.3016 0.2493 0.2004 0.1690 0.1539 0.1453 0.1398 0.1363 0.1344 0.1338 0.1344 0.1363 0.1394 0.1437 0.1495 0.1567 0.1654 0.1759 0.1883 0.2027 0.2194 0.2385 0.2604 0.2851 0.3129 0.3436 0.3769 0.4117 0.4459 0.4755 0.4948 0.5024 0.5015 0.4945 0.4822 0.4648 0.4422 0.4146 0.3819 0.3449 0.3052 0.2663 0.2327 0.2083 0.1948 0.1906 0.1948 0.2085 0.2328 0.2666 0.3055 0.3451 0.3821 0.4148 0.4424 0.4649 0.4823 0.4946 0.5016 0.5023 0.4947 0.4753 0.4456 0.4114 0.3766 0.3433 0.3126 0.2849 0.2602 0.2383 0.2192 0.2026 0.1882 0.1758 0.1654 0.1566 0.1494 0.1437 0.1393 0.1362 0.1344 0.1338 0.1344 0.1363 0.1398 0.1453 0.1540 0.1692 0.2008 0.2498 0.3021 0.3498 0.3907 0.4245 0.4517 0.4770
0.4560 0.4251 0.3914 0.3507 0.3031 0.2509 0.2017 0.1696 0.1542 0.1455 0.1399 0.1364 0.1344 0.1338 0.1344 0.1362 0.1393 0.1436 0.1493 0.1565 0.1652 0.1756 0.1879 0.2023 0.2189 0.2380 0.2598 0.2845 0.3122 0.3429 0.3762 0.4111 0.4454 0.4751 0.4946 0.5023 0.5016 0.4945 0.4821 0.4645 0.4416 0.4132 0.3792 0.3401 0.2972 0.2539 0.2157 0.1885 0.1735 0.1666 0.1646 0.1667 0.1737 0.1887 0.2161 0.2544 0.2977 0.3406 0.3796 0.4135 0.4419 0.4647 0.4823 0.4947 0.5016 0.5023 0.4945 0.4748 0.4450 0.4106 0.3758 0.3425 0.3119 0.2842 0.2595 0.2378 0.2187 0.2021 0.1878 0.1755 0.1651 0.1564 0.1492 0.1435 0.1392 0.1362 0.1343 0.1338 0.1344 0.1364 0.1400 0.1456 0.1544 0.1700 0.2023 0.2517 0.3039 0.3514 0.3920 0.4256 0.4564
0.4297 0.3928 0.3523 0.3050 0.2528 0.2032 0.1705 0.1546 0.1457 0.1401 0.1365 0.1344 0.1338 0.1343 0.1361 0.1391 0.1434 0.1491 0.1562 0.1649 0.1753 0.1875 0.2018 0.2184 0.2374 0.2591 0.2838 0.3114 0.3420 0.3753 0.4101 0.4446 0.4745 0.4943 0.5023 0.5016 0.4947 0.4823 0.4646 0.4414 0.4126 0.3778 0.3373 0.2922 0.2460 0.2052 0.1778 0.1637 0.1564 0.1528 0.1518 0.1529 0.1565 0.1638 0.1782 0.2058 0.2468 0.2930 0.3380 0.3785 0.4131 0.4419 0.4649 0.4825 0.4948 0.5017 0.5022 0.4941 0.4741 0.4440 0.4095 0.3746 0.3414 0.3109 0.2833 0.2587 0.2370 0.2180 0.2015 0.1873 0.1750 0.1647 0.1560 0.1490 0.1433 0.1391 0.1361 0.1343 0.1338 0.1345 0.1365 0.1402 0.1459 0.1548 0.1710 0.2042 0.2540 0.3061 0.3533 0.3936 0.4304
0.3976 0.3544 0.3073 0.2553 0.2053 0.1715 0.1551 0.1461 0.1403 0.1366 0.1345 0.1338 0.1343 0.1360 0.1390 0.1432 0.1488 0.1559 0.1645 0.1748 0.1870 0.2012 0.2177 0.2366 0.2582 0.2828 0.3103 0.3408 0.3740 0.4089 0.4434 0.4737 0.4939 0.5022 0.5017 0.4949 0.4826 0.4649 0.4417 0.4127 0.3775 0.3361 0.2896 0.2414 0.1991 0.1722 0.1587 0.1513 0.1471 0.1448 0.1441 0.1449 0.1472 0.1515 0.1589 0.1727 0.2000 0.2426 0.2908 0.3372 0.3785 0.4135 0.4424 0.4655 0.4830 0.4952 0.5018 0.5021 0.4935 0.4729 0.4425 0.4079 0.3730 0.3399 0.3095 0.2820 0.2576 0.2360 0.2171 0.2007 0.1866 0.1745 0.1642 0.1556 0.1486 0.1431 0.1389 0.1359 0.1342 0.1338 0.1346 0.1367 0.1405 0.1463 0.1555 0.1723 0.2068 0.2571 0.3090 0.3559 0.3989
0.3597 0.3105 0.2586 0.2081 0.1730 0.1559 0.1465 0.1406 0.1368 0.1346 0.1338 0.1342 0.1359 0.1388 0.1429 0.1484 0.1554 0.1639 0.1742 0.1862 0.2003 0.2167 0.2355 0.2570 0.2814 0.3088 0.3392 0.3722 0.4071 0.4417 0.4724 0.4932 0.5020 0.5019 0.4953 0.4832 0.4657 0.4426 0.4135 0.3781 0.3363 0.2889 0.2394 0.1960 0.1693 0.1560 0.1485 0.1439 0.1412 0.1397 0.1392 0.1397 0.1412 0.1441 0.1488 0.1564 0.1700 0.1974 0.2413 0.2908 0.3380 0.3796 0.4148 0.4436 0.4665 0.4838 0.4957 0.5020 0.5019 0.4926 0.4713 0.4404 0.4056 0.3708 0.3378 0.3075 0.2803 0.2560 0.2346 0.2159 0.1997 0.1857 0.1737 0.1635 0.1551 0.1482 0.1427 0.1386 0.1358 0.1342 0.1338 0.1347 0.1369 0.1408 0.1469 0.1565 0.1742 0.2104 0.2612 0.3129 0.3619
0.3167 0.2632 0.2121 0.1751 0.1569 0.1471 0.1410 0.1370 0.1347 0.1338 0.1341 0.1357 0.1385 0.1425 0.1479 0.1548 0.1632 0.1733 0.1852 0.1992 0.2153 0.2340 0.2553 0.2794 0.3066 0.3369 0.3698 0.4046 0.4394 0.4705 0.4922 0.5017 0.5021 0.4959 0.4841 0.4669 0.4440 0.4152 0.3799 0.3380 0.2902 0.2398 0.1953 0.1681 0.1547 0.1471 0.1422 0.1392 0.1373 0.1364 0.1361 0.1364 0.1374 0.1393 0.1425 0.1474 0.1553 0.1692 0.1974 0.2426 0.2930 0.3406 0.3821 0.4170 0.4455 0.4680 0.4849 0.4964 0.5023 0.5015 0.4912 0.4688 0.4373 0.4024 0.3677 0.3349 0.3048 0.2778 0.2538 0.2327 0.2142 0.1982 0.1844 0.1726 0.1626 0.1543 0.1475 0.1422 0.1382 0.1355 0.1341 0.1338 0.1348 0.1373 0.1413 0.1477 0.1578 0.1770 0.2155 0.2670 0.3203
0.2709 0.2178 0.1784 0.1585 0.1481 0.1416 0.1374 0.1349 0.1338 0.1340 0.1354 0.1381 0.1420 0.1473 0.1539 0.1622 0.1721 0.1838 0.1975 0.2135 0.2318 0.2528 0.2767 0.3036 0.3335 0.3662 0.4010 0.4359 0.4677 0.4906 0.5013 0.5024 0.4968 0.4854 0.4687 0.4463 0.4179 0.3831 0.3415 0.2936 0.2426 0.1968 0.1684 0.1545 0.1465 0.1414 0.1382 0.1362 0.1350 0.1345 0.1344 0.1346 0.1351 0.1363 0.1384 0.1418 0.1470 0.1553 0.1700 0.2000 0.2468 0.2977 0.3451 0.3862 0.4205 0.4484 0.4703 0.4866 0.4975 0.5026 0.5008 0.4891 0.4652 0.4329 0.3978 0.3632 0.3307 0.3011 0.2744 0.2508 0.2300 0.2119 0.1962 0.1826 0.1711 0.1613 0.1532 0.1467 0.1416 0.1378 0.1352 0.1339 0.1339 0.1351 0.1377 0.1421 0.1489 0.1599 0.1814 0.2228 0.2763
0.2271 0.1836 0.1609 0.1495 0.1425 0.1380 0.1352 0.1339 0.1339 0.1351 0.1376 0.1413 0.1463 0.1528 0.1607 0.1704 0.1818 0.1952 0.2108 0.2288 0.2494 0.2728 0.2992 0.3287 0.3611 0.3956 0.4308 0.4634 0.4880 0.5004 0.5027 0.4979 0.4874 0.4714 0.4498 0.4222 0.3881 0.3472 0.2998 0.2485 0.2009 0.1701 0.1551 0.1466 0.1412 0.1378 0.1356 0.1345 0.1339 0.1338 0.1337 0.1338 0.1340 0.1346 0.1358 0.1381 0.1418 0.1474 0.1564 0.1727 0.2058 0.2544 0.3055 0.3523 0.3924 0.4257 0.4526 0.4736 0.4889 0.4988 0.5028 0.4995 0.4856 0.4596 0.4265 0.3913 0.3569 0.3249 0.2957 0.2697 0.2466 0.2263 0.2086 0.1933 0.1802 0.1690 0.1596 0.1518 0.1456 0.1407 0.1372 0.1349 0.1338 0.1340 0.1355 0.1385 0.1433 0.1507 0.1632 0.1884 0.2344
0.1928 0.1650 0.1517 0.1439 0.1389 0.1357 0.1341 0.1338 0.1347 0.1369 0.1403 0.1450 0.1511 0.1587 0.1680 0.1790 0.1919 0.2070 0.2244 0.2444 0.2672 0.2930 0.3218 0.3536 0.3878 0.4231 0.4567 0.4836 0.4987 0.5029 0.4995 0.4901 0.4752 0.4548 0.4284 0.3956 0.3560 0.3096 0.2584 0.2089 0.1741 0.1569 0.1476 0.1417 0.1379 0.1355 0.1343 0.1338 0.1337 0.1339 0.1339 0.1338 0.1337 0.1338 0.1344 0.1358 0.1384 0.1425 0.1488 0.1589 0.1782 0.2161 0.2666 0.3174 0.3628 0.4013 0.4330 0.4585 0.4780 0.4920 0.5005 0.5028 0.4971 0.4799 0.4514 0.4172 0.3819 0.3481 0.3167 0.2884 0.2631 0.2408 0.2212 0.2042 0.1895 0.1769 0.1662 0.1572 0.1499 0.1440 0.1396 0.1364 0.1344 0.1337 0.1343 0.1362 0.1397 0.1451 0.1537 0.1687 0.2004
0.1728 0.1555 0.1463 0.1404 0.1367 0.1345 0.1337 0.1342 0.1360 0.1390 0.1432 0.1489 0.1560 0.1646 0.1751 0.1873 0.2017 0.2183 0.2375 0.2593 0.2842 0.3120 0.3430 0.3765 0.4117 0.4463 0.4761 0.4953 0.5025 0.5012 0.4936 0.4805 0.4618 0.4373 0.4064 0.3688 0.3243 0.2740 0.2227 0.1820 0.1606 0.1497 0.1429 0.1386 0.1358 0.1343 0.1338 0.1338 0.1342 0.1345 0.1346 0.1345 0.1341 0.1338 0.1338 0.1346 0.1363 0.1393 0.1441 0.1515 0.1639 0.1888 0.2329 0.2847 0.3341 0.3773 0.4134 0.4429 0.4662 0.4837 0.4957 0.5021 0.5018 0.4922 0.4703 0.4390 0.4040 0.3690 0.3359 0.3056 0.2784 0.2542 0.2330 0.2144 0.1983 0.1844 0.1725 0.1625 0.1542 0.1474 0.1421 0.1381 0.1355 0.1340 0.1338 0.1349 0.1374 0.1416 0.1481 0.1586 0.1791
0.1628 0.1503 0.1430 0.1383 0.1354 0.1340 0.1338 0.1350 0.1373 0.1410 0.1460 0.1523 0.1603 0.1698 0.1812 0.1945 0.2101 0.2280 0.2486 0.2720 0.2985 0.3280 0.3604 0.3951 0.4304 0.4632 0.4880 0.5004 0.5027 0.4978 0.4872 0.4710 0.4492 0.4213 0.3867 0.3452 0.2971 0.2451 0.1977 0.1681 0.1537 0.1454 0.1401 0.1367 0.1347 0.1338 0.1338 0.1342 0.1349 0.1354 0.1356 0.1353 0.1347 0.1341 0.1337 0.1340 0.1351 0.1375 0.1413 0.1472 0.1566 0.1737 0.2086 0.2584 0.3100 0.3566 0.3963 0.4291 0.4554 0.4758 0.4905 0.4997 0.5029 0.4983 0.4825 0.4550 0.4211 0.3857 0.3515 0.3198 0.2911 0.2654 0.2427 0.2229 0.2056 0.1907 0.1779 0.1670 0.1579 0.1504 0.1444 0.1398 0.1365 0.1345 0.1337 0.1342 0.1360 0.1394 0.1448 0.1531 0.1680
0.1580 0.1476 0.1412 0.1372 0.1348 0.1338 0.1341 0.1356 0.1384 0.1425 0.1479 0.1548 0.1632 0.1734 0.1854 0.1995 0.2159 0.2347 0.2562 0.2807 0.3082 0.3388 0.3721 0.4072 0.4422 0.4730 0.4937 0.5022 0.5017 0.4948 0.4821 0.4640 0.4401 0.4099 0.3728 0.3288 0.2787 0.2269 0.1846 0.1618 0.1502 0.1432 0.1386 0.1358 0.1342 0.1337 0.1340 0.1347 0.1355 0.1362 0.1363 0.1360 0.1353 0.1344 0.1338 0.1338 0.1346 0.1365 0.1398 0.1449 0.1529 0.1667 0.1949 0.2416 0.2938 0.3424 0.3844 0.4194 0.4477 0.4700 0.4865 0.4974 0.5026 0.5007 0.4888 0.4645 0.4319 0.3965 0.3617 0.3292 0.2995 0.2729 0.2493 0.2286 0.2105 0.1949 0.1815 0.1700 0.1604 0.1525 0.1460 0.1410 0.1374 0.1350 0.1338 0.1339 0.1354 0.1383 0.1430 0.1503 0.1628
0.1567 0.1468 0.1407 0.1368 0.1346 0.1337 0.1342 0.1358 0.1388 0.1430 0.1486 0.1557 0.1643 0.1747 0.1869 0.2012 0.2179 0.2370 0.2588 0.2837 0.3116 0.3425 0.3761 0.4114 0.4461 0.4760 0.4952 0.5025 0.5012 0.4935 0.4803 0.4615 0.4368 0.4058 0.3679 0.3230 0.2723 0.2209 0.1808 0.1600 0.1492 0.1425 0.1382 0.1355 0.1341 0.1337 0.1341 0.1348 0.1358 0.1364 0.1366 0.1363 0.1355 0.1346 0.1339 0.1337 0.1344 0.1362 0.1393 0.1442 0.1518 0.1647 0.1907 0.2359 0.2881 0.3373 0.3801 0.4159 0.4450 0.4678 0.4849 0.4965 0.5023 0.5013 0.4907 0.4676 0.4355 0.4003 0.3653 0.3325 0.3024 0.2755 0.2516 0.2306 0.2123 0.1964 0.1828 0.1711 0.1613 0.1532 0.1466 0.1415 0.1377 0.1352 0.1339 0.1339 0.1352 0.1379 0.1424 0.1494 0.1613
0.1582 0.1477 0.1413 0.1372 0.1348 0.1338 0.1341 0.1356 0.1384 0.1424 0.1478 0.1547 0.1632 0.1733 0.1853 0.1994 0.2157 0.2345 0.2560 0.2804 0.3079 0.3385 0.3718 0.4069 0.4419 0.4727 0.4935 0.5021 0.5017 0.4948 0.4823 0.4642 0.4403 0.4101 0.3732 0.3292 0.2792 0.2273 0.1849 0.1619 0.1503 0.1432 0.1387 0.1358 0.1343 0.1337 0.1339 0.1347 0.1355 0.1361 0.1363 0.1360 0.1353 0.1344 0.1338 0.1338 0.1346 0.1365 0.1398 0.1449 0.1529 0.1667 0.1949 0.2416 0.2938 0.3424 0.3844 0.4194 0.4477 0.4700 0.4865 0.4974 0.5026 0.5007 0.4888 0.4645 0.4319 0.3965 0.3617 0.3292 0.2995 0.2729 0.2493 0.2286 0.2105 0.1949 0.1815 0.1700 0.1604 0.1525 0.1460 0.1410 0.1374 0.1350 0.1338 0.1339 0.1354 0.1383 0.1430 0.1503 0.1628
0.1631 0.1505 0.1431 0.1383 0.1354 0.1340 0.1338 0.1349 0.1373 0.1409 0.1459 0.1522 0.1601 0.1696 0.1810 0.1943 0.2098 0.2277 0.2483 0.2716 0.2980 0.3275 0.3599 0.3945 0.4298 0.4627 0.4876 0.5003 0.5027 0.4980 0.4874 0.4713 0.4496 0.4217 0.3873 0.3460 0.2979 0.2460 0.1984 0.1684 0.1539 0.1455 0.1402 0.1368 0.1348 0.1338 0.1338 0.1342 0.1349 0.1354 0.1356 0.1353 0.1347 0.1341 0.1337 0.1340 0.1351 0.1375 0.1413 0.1472 0.1566 0.1737 0.2086 0.2584 0.3100 0.3566 0.3963 0.4291 0.4554 0.4758 0.4905 0.4997 0.5029 0.4983 0.4825 0.4550 0.4211 0.3857 0.3515 0.3198 0.2911 0.2654 0.2427 0.2229 0.2056 0.1907 0.1779 0.1670 0.1579 0.1504 0.1444 0.1398 0.1365 0.1345 0.1337 0.1342 0.1360 0.1394 0.1448 0.1531 0.1680
0.1733 0.1558 0.1464 0.1405 0.1367 0.1345 0.1337 0.1342 0.1359 0.1389 0.1431 0.1487 0.1558 0.1644 0.1748 0.1871 0.2014 0.2180 0.2371 0.2589 0.2836 0.3115 0.3423 0.3758 0.4110 0.4456 0.4756 0.4950 0.5024 0.5013 0.4938 0.4808 0.4622 0.4378 0.4071 0.3696 0.3252 0.2750 0.2236 0.1826 0.1609 0.1498 0.1430 0.1386 0.1359 0.1344 0.1338 0.1338 0.1341 0.1345 0.1346 0.1344 0.1341 0.1338 0.1338 0.1346 0.1363 0.1393 0.1441 0.1515 0.1639 0.1888 0.2329 0.2847 0.3341 0.3773 0.4134 0.4429 0.4662 0.4837 0.4957 0.5021 0.5018 0.4922 0.4703 0.4390 0.4040 0.3690 0.3359 0.3056 0.2784 0.2542 0.2330 0.2144 0.1983 0.1844 0.1725 0.1625 0.1542 0.1474 0.1421 0.1381 0.1355 0.1340 0.1338 0.1349 0.1374 0.1416 0.1481 0.1586 0.1791
0.1937 0.1654 0.1520 0.1441 0.1390 0.1358 0.1341 0.1338 0.1347 0.1368 0.1402 0.1449 0.1510 0.1585 0.1677 0.1787 0.1916 0.2066 0.2240 0.2440 0.2667 0.2925 0.3212 0.3530 0.3871 0.4224 0.4561 0.4832 0.4985 0.5029 0.4996 0.4903 0.4755 0.4552 0.4289 0.3963 0.3568 0.3105 0.2594 0.2097 0.1746 0.1572 0.1477 0.1418 0.1379 0.1356 0.1343 0.1338 0.1337 0.1338 0.1339 0.1338 0.1337 0.1338 0.1344 0.1358 0.1384 0.1425 0.1488 0.1589 0.1782 0.2161 0.2666 0.3174 0.3628 0.4013 0.4330 0.4585 0.4780 0.4920 0.5005 0.5028 0.4971 0.4799 0.4514 0.4172 0.3819 0.3481 0.3167 0.2884 0.2631 0.2408 0.2212 0.2042 0.1895 0.1769 0.1662 0.1572 0.1499 0.1440 0.1396 0.1364 0.1344 0.1337 0.1343 0.1362 0.1397 0.1451 0.1537 0.1687 0.2004
0.2282 0.1842 0.1612 0.1497 0.1426 0.1381 0.1353 0.1339 0.1339 0.1351 0.1375 0.1412 0.1462 0.1526 0.1606 0.1702 0.1815 0.1949 0.2105 0.2284 0.2490 0.2723 0.2987 0.3282 0.3605 0.3950 0.4302 0.4628 0.4877 0.5003 0.5027 0.4981 0.4876 0.4717 0.4502 0.4227 0.3887 0.3479 0.3006 0.2493 0.2016 0.1705 0.1553 0.1467 0.1413 0.1378 0.1357 0.1345 0.1339 0.1338 0.1337 0.1338 0.1340 0.1346 0.1358 0.1381 0.1418 0.1474 0.1564 0.1727 0.2058 0.2544 0.3055 0.3523 0.3924 0.4257 0.4526 0.4736 0.4889 0.4988 0.5028 0.4995 0.4856 0.4596 0.4265 0.3913 0.3569 0.3249 0.2957 0.2697 0.2466 0.2263 0.2086 0.1933 0.1802 0.1690 0.1596 0.1518 0.1456 0.1407 0.1372 0.1349 0.1338 0.1340 0.1355 0.1385 0.1433 0.1507 0.1632 0.1884 0.2344
