0.1670 0.1779 0.1904 0.2049 0.2217 0.2410 0.2629 0.2878 0.3157 0.3465 0.3800 0.4151 0.4496 0.4795 0.4991 0.5068 0.5059 0.4987 0.4861 0.4680 0.4443 0.4145 0.3780 0.3345 0.2849 0.2327 0.1884 0.1636 0.1511 0.1436 0.1387 0.1357 0.1340 0.1336 0.1345 0.1365 0.1397 0.1442 0.1500 0.1572 0.1659 0.1763 0.1885 0.2025 0.2185 0.2363 0.2556 0.2752 0.2933 0.3066 0.3117 0.3066 0.2933 0.2752 0.2556 0.2363 0.2185 0.2025 0.1885 0.1763 0.1659 0.1572 0.1500 0.1442 0.1397 0.1365 0.1345 0.1336 0.1340 0.1357 0.1387 0.1436 0.1511 0.1636 0.1884 0.2327 0.2849 0.3345 0.3780 0.4145 0.4443 0.4680 0.4861 0.4987 0.5059 0.5068 0.4991 0.4795 0.4496 0.4151 0.3800 0.3465 0.3157 0.2878 0.2629 0.2410 0.2217 0.2049 0.1904 0.1779 0.1670
0.1779 0.1908 0.2054 0.2222 0.2415 0.2634 0.2881 0.3159 0.3464 0.3795 0.4140 0.4477 0.4766 0.4953 0.5025 0.5014 0.4942 0.4816 0.4637 0.4402 0.4106 0.3745 0.3315 0.2824 0.2309 0.1873 0.1630 0.1508 0.1435 0.1387 0.1357 0.1341 0.1338 0.1347 0.1367 0.1400 0.1445 0.1504 0.1576 0.1664 0.1769 0.1891 0.2033 0.2195 0.2379 0.2582 0.2800 0.3020 0.3222 0.3369 0.3425 0.3369 0.3222 0.3020 0.2799 0.2582 0.2379 0.2195 0.2033 0.1891 0.1769 0.1664 0.1576 0.1503 0.1445 0.1400 0.1367 0.1347 0.1338 0.1341 0.1357 0.1387 0.1435 0.1508 0.1630 0.1873 0.2310 0.2824 0.3315 0.3745 0.4106 0.4402 0.4637 0.4816 0.4942 0.5014 0.5025 0.4953 0.4766 0.4477 0.4140 0.3795 0.3464 0.3158 0.2882 0.2634 0.2415 0.2222 0.2054 0.1908 0.1779
0.1904 0.2054 0.2223 0.2417 0.2637 0.2885 0.3163 0.3469 0.3800 0.4145 0.4482 0.4771 0.4955 0.5025 0.5013 0.4940 0.4813 0.4633 0.4397 0.4100 0.3738 0.3307 0.2815 0.2300 0.1867 0.1627 0.1507 0.1434 0.1386 0.1357 0.1341 0.1338 0.1347 0.1368 0.1401 0.1446 0.1505 0.1578 0.1666 0.1771 0.1894 0.2037 0.2201 0.2388 0.2597 0.2827 0.3073 0.3319 0.3541 0.3702 0.3762 0.3702 0.3541 0.3319 0.3073 0.2827 0.2597 0.2388 0.2201 0.2037 0.1894 0.1771 0.1666 0.1578 0.1505 0.1446 0.1401 0.1368 0.1347 0.1338 0.1341 0.1357 0.1386 0.1434 0.1507 0.1627 0.1867 0.2301 0.2815 0.3307 0.3738 0.4100 0.4397 0.4633 0.4813 0.4940 0.5013 0.5025 0.4955 0.4770 0.4482 0.4145 0.3800 0.3469 0.3163 0.2885 0.2637 0.2417 0.2223 0.2054 0.1904
0.2049 0.2222 0.2417 0.2638 0.2887 0.3166 0.3473 0.3805 0.4150 0.4487 0.4774 0.4957 0.5025 0.5012 0.4939 0.4811 0.4630 0.4392 0.4095 0.3731 0.3298 0.2806 0.2291 0.1861 0.1624 0.1505 0.1433 0.1386 0.1356 0.1341 0.1338 0.1347 0.1368 0.1401 0.1447 0.1506 0.1579 0.1668 0.1773 0.1897 0.2040 0.2206 0.2394 0.2607 0.2845 0.3104 0.3376 0.3646 0.3885 0.4054 0.4115 0.4054 0.3885 0.3646 0.3376 0.3104 0.2845 0.2607 0.2394 0.2205 0.2040 0.1897 0.1773 0.1668 0.1579 0.1506 0.1447 0.1401 0.1368 0.1347 0.1338 0.1341 0.1356 0.1386 0.1433 0.1505 0.1624 0.1861 0.2292 0.2806 0.3299 0.3731 0.4095 0.4393 0.4630 0.4811 0.4939 0.5012 0.5025 0.4957 0.4774 0.4487 0.4150 0.3805 0.3473 0.3166 0.2887 0.2638 0.2417 0.2222 0.2049
0.2217 0.2415 0.2637 0.2887 0.3167 0.3475 0.3808 0.4154 0.4491 0.4778 0.4959 0.5026 0.5012 0.4937 0.4808 0.4626 0.4388 0.4089 0.3724 0.3290 0.2797 0.2283 0.1855 0.1621 0.1503 0.1432 0.1385 0.1356 0.1341 0.1338 0.1348 0.1369 0.1402 0.1448 0.1507 0.1580 0.1669 0.1775 0.1899 0.2043 0.2210 0.2399 0.2615 0.2856 0.3123 0.3410 0.3707 0.3994 0.4238 0.4404 0.4463 0.4404 0.4238 0.3994 0.3707 0.3410 0.3123 0.2856 0.2615 0.2399 0.2209 0.2043 0.1899 0.1775 0.1669 0.1580 0.1507 0.1448 0.1402 0.1369 0.1348 0.1338 0.1341 0.1356 0.1385 0.1432 0.1503 0.1621 0.1855 0.2283 0.2797 0.3290 0.3724 0.4089 0.4388 0.4626 0.4808 0.4937 0.5012 0.5026 0.4959 0.4778 0.4491 0.4154 0.3808 0.3475 0.3167 0.2887 0.2637 0.2415 0.2217
0.2410 0.2634 0.2885 0.3166 0.3475 0.3809 0.4156 0.4494 0.4780 0.4960 0.5026 0.5011 0.4936 0.4806 0.4623 0.4384 0.4083 0.3717 0.3282 0.2788 0.2274 0.1849 0.1619 0.1502 0.1431 0.1384 0.1355 0.1340 0.1338 0.1348 0.1369 0.1403 0.1449 0.1508 0.1582 0.1671 0.1777 0.1902 0.2046 0.2213 0.2404 0.2621 0.2865 0.3136 0.3431 0.3743 0.4057 0.4345 0.4574 0.4715 0.4762 0.4715 0.4574 0.4345 0.4057 0.3743 0.3431 0.3136 0.2865 0.2621 0.2404 0.2213 0.2046 0.1902 0.1777 0.1671 0.1582 0.1508 0.1449 0.1403 0.1369 0.1348 0.1338 0.1340 0.1355 0.1384 0.1431 0.1502 0.1619 0.1850 0.2274 0.2788 0.3283 0.3717 0.4084 0.4384 0.4623 0.4806 0.4936 0.5011 0.5026 0.4960 0.4780 0.4494 0.4156 0.3809 0.3475 0.3166 0.2885 0.2634 0.2410
0.2629 0.2881 0.3163 0.3473 0.3808 0.4156 0.4495 0.4781 0.4961 0.5026 0.5011 0.4934 0.4804 0.4620 0.4380 0.4078 0.3711 0.3275 0.2780 0.2266 0.1844 0.1616 0.1500 0.1430 0.1384 0.1355 0.1340 0.1338 0.1348 0.1370 0.1403 0.1450 0.1509 0.1583 0.1673 0.1779 0.1904 0.2049 0.2217 0.2408 0.2626 0.2871 0.3145 0.3445 0.3765 0.4094 0.4405 0.4666 0.4842 0.4929 0.4953 0.4929 0.4842 0.4666 0.4405 0.4094 0.3766 0.3445 0.3145 0.2871 0.2626 0.2408 0.2216 0.2049 0.1904 0.1779 0.1673 0.1583 0.1509 0.1450 0.1403 0.1370 0.1348 0.1338 0.1340 0.1355 0.1384 0.1430 0.1500 0.1616 0.1844 0.2266 0.2780 0.3275 0.3711 0.4079 0.4380 0.4620 0.4804 0.4934 0.5011 0.5026 0.4961 0.4781 0.4495 0.4156 0.3808 0.3473 0.3163 0.2882 0.2629
0.2878 0.3158 0.3469 0.3805 0.4154 0.4494 0.4781 0.4961 0.5026 0.5010 0.4933 0.4802 0.4617 0.4376 0.4074 0.3705 0.3268 0.2772 0.2258 0.1839 0.1614 0.1499 0.1429 0.1383 0.1355 0.1340 0.1338 0.1348 0.1370 0.1404 0.1451 0.1511 0.1585 0.1675 0.1781 0.1906 0.2052 0.2220 0.2412 0.2631 0.2877 0.3152 0.3455 0.3780 0.4116 0.4440 0.4715 0.4900 0.4990 0.5020 0.5025 0.5020 0.4990 0.4900 0.4715 0.4440 0.4116 0.3780 0.3455 0.3152 0.2877 0.2630 0.2412 0.2220 0.2052 0.1906 0.1781 0.1675 0.1585 0.1511 0.1451 0.1404 0.1370 0.1348 0.1338 0.1340 0.1355 0.1383 0.1429 0.1499 0.1614 0.1839 0.2258 0.2772 0.3268 0.3705 0.4074 0.4376 0.4617 0.4802 0.4933 0.5010 0.5026 0.4961 0.4781 0.4494 0.4154 0.3805 0.3469 0.3158 0.2878
0.3157 0.3464 0.3800 0.4150 0.4491 0.4780 0.4961 0.5026 0.5010 0.4933 0.4801 0.4616 0.4374 0.4070 0.3700 0.3262 0.2764 0.2251 0.1834 0.1611 0.1498 0.1428 0.1382 0.1354 0.1340 0.1338 0.1349 0.1371 0.1405 0.1452 0.1512 0.1586 0.1676 0.1783 0.1909 0.2055 0.2223 0.2416 0.2635 0.2882 0.3159 0.3463 0.3791 0.4131 0.4461 0.4742 0.4928 0.5011 0.5029 0.5019 0.5012 0.5019 0.5029 0.5011 0.4928 0.4742 0.4461 0.4131 0.3791 0.3463 0.3159 0.2882 0.2635 0.2416 0.2223 0.2055 0.1909 0.1783 0.1676 0.1586 0.1512 0.1452 0.1405 0.1371 0.1349 0.1338 0.1340 0.1354 0.1382 0.1428 0.1498 0.1611 0.1834 0.2251 0.2764 0.3262 0.3700 0.4070 0.4374 0.4616 0.4801 0.4933 0.5010 0.5026 0.4961 0.4780 0.4491 0.4150 0.3800 0.3464 0.3157
0.3465 0.3795 0.4145 0.4487 0.4778 0.4960 0.5026 0.5010 0.4933 0.4801 0.4615 0.4372 0.4067 0.3696 0.3257 0.2758 0.2245 0.1830 0.1609 0.1496 0.1427 0.1382 0.1354 0.1340 0.1338 0.1349 0.1371 0.1406 0.1452 0.1513 0.1588 0.1678 0.1785 0.1911 0.2058 0.2226 0.2419 0.2639 0.2887 0.3165 0.3470 0.3800 0.4142 0.4475 0.4759 0.4943 0.5019 0.5025 0.4992 0.4953 0.4935 0.4953 0.4992 0.5025 0.5019 0.4943 0.4759 0.4475 0.4142 0.3800 0.3470 0.3165 0.2887 0.2639 0.2419 0.2226 0.2058 0.1911 0.1785 0.1678 0.1588 0.1513 0.1452 0.1405 0.1371 0.1349 0.1338 0.1340 0.1354 0.1382 0.1427 0.1496 0.1609 0.1830 0.2245 0.2758 0.3257 0.3696 0.4068 0.4372 0.4615 0.4801 0.4933 0.5010 0.5026 0.4960 0.4778 0.4487 0.4145 0.3795 0.3465
0.3800 0.4140 0.4482 0.4774 0.4959 0.5026 0.5011 0.4933 0.4801 0.4615 0.4371 0.4066 0.3694 0.3253 0.2754 0.2240 0.1826 0.1607 0.1495 0.1426 0.1381 0.1354 0.1340 0.1339 0.1349 0.1372 0.1406 0.1453 0.1514 0.1589 0.1680 0.1787 0.1914 0.2060 0.2229 0.2423 0.2643 0.2892 0.3170 0.3477 0.3807 0.4151 0.4485 0.4769 0.4951 0.5023 0.5020 0.4969 0.4896 0.4830 0.4802 0.4830 0.4896 0.4969 0.5020 0.5023 0.4951 0.4769 0.4485 0.4151 0.3807 0.3477 0.3170 0.2892 0.2643 0.2423 0.2229 0.2060 0.1914 0.1787 0.1680 0.1589 0.1514 0.1453 0.1406 0.1372 0.1349 0.1339 0.1340 0.1354 0.1381 0.1426 0.1495 0.1607 0.1826 0.2240 0.2754 0.3253 0.3694 0.4066 0.4371 0.4615 0.4801 0.4933 0.5011 0.5026 0.4959 0.4774 0.4482 0.4140 0.3800
0.4151 0.4477 0.4770 0.4957 0.5026 0.5011 0.4934 0.4802 0.4616 0.4372 0.4066 0.3693 0.3251 0.2751 0.2236 0.1823 0.1606 0.1494 0.1426 0.1381 0.1353 0.1340 0.1339 0.1349 0.1372 0.1407 0.1454 0.1515 0.1590 0.1681 0.1789 0.1916 0.2063 0.2232 0.2427 0.2647 0.2897 0.3175 0.3483 0.3814 0.4159 0.4493 0.4777 0.4956 0.5025 0.5016 0.4954 0.4857 0.4745 0.4651 0.4614 0.4651 0.4745 0.4857 0.4954 0.5016 0.5025 0.4956 0.4777 0.4493 0.4158 0.3814 0.3483 0.3175 0.2897 0.2647 0.2427 0.2232 0.2063 0.1916 0.1789 0.1681 0.1590 0.1515 0.1454 0.1407 0.1372 0.1349 0.1339 0.1340 0.1353 0.1381 0.1426 0.1494 0.1606 0.1823 0.2236 0.2751 0.3251 0.3693 0.4066 0.4372 0.4616 0.4802 0.4934 0.5011 0.5026 0.4957 0.4770 0.4477 0.4151
0.4496 0.4766 0.4955 0.5025 0.5012 0.4936 0.4804 0.4617 0.4374 0.4068 0.3694 0.3251 0.2750 0.2234 0.1822 0.1605 0.1493 0.1425 0.1380 0.1353 0.1340 0.1339 0.1350 0.1372 0.1407 0.1455 0.1516 0.1592 0.1683 0.1791 0.1918 0.2065 0.2235 0.2430 0.2651 0.2901 0.3180 0.3488 0.3820 0.4165 0.4500 0.4783 0.4960 0.5026 0.5013 0.4944 0.4832 0.4689 0.4538 0.4415 0.4367 0.4415 0.4538 0.4689 0.4832 0.4944 0.5013 0.5026 0.4960 0.4783 0.4500 0.4165 0.3820 0.3488 0.3180 0.2901 0.2651 0.2430 0.2235 0.2065 0.1918 0.1791 0.1683 0.1592 0.1516 0.1455 0.1407 0.1372 0.1350 0.1339 0.1340 0.1353 0.1380 0.1425 0.1493 0.1605 0.1822 0.2234 0.2750 0.3251 0.3694 0.4068 0.4374 0.4617 0.4804 0.4936 0.5012 0.5025 0.4955 0.4766 0.4496
0.4795 0.4953 0.5025 0.5012 0.4937 0.4806 0.4620 0.4376 0.4070 0.3696 0.3253 0.2751 0.2234 0.1821 0.1604 0.1493 0.1425 0.1380 0.1353 0.1340 0.1339 0.1350 0.1373 0.1408 0.1456 0.1517 0.1593 0.1684 0.1793 0.1920 0.2068 0.2238 0.2433 0.2655 0.2905 0.3185 0.3494 0.3826 0.4171 0.4506 0.4788 0.4963 0.5026 0.5011 0.4938 0.4817 0.4655 0.4464 0.4271 0.4117 0.4056 0.4117 0.4271 0.4464 0.4655 0.4817 0.4938 0.5011 0.5026 0.4963 0.4788 0.4506 0.4171 0.3826 0.3493 0.3185 0.2905 0.2655 0.2433 0.2238 0.2068 0.1920 0.1793 0.1684 0.1593 0.1517 0.1456 0.1408 0.1373 0.1350 0.1339 0.1340 0.1353 0.1380 0.1425 0.1493 0.1604 0.1821 0.2234 0.2751 0.3253 0.3696 0.4070 0.4376 0.4620 0.4806 0.4937 0.5012 0.5025 0.4953 0.4795
0.4991 0.5025 0.5013 0.4939 0.4808 0.4623 0.4380 0.4074 0.3700 0.3257 0.2754 0.2236 0.1822 0.1604 0.1493 0.1424 0.1380 0.1353 0.1339 0.1339 0.1350 0.1373 0.1409 0.1457 0.1518 0.1594 0.1686 0.1795 0.1922 0.2070 0.2241 0.2436 0.2659 0.2909 0.3190 0.3499 0.3831 0.4177 0.4512 0.4792 0.4965 0.5027 0.5009 0.4934 0.4807 0.4634 0.4420 0.4178 0.3938 0.3750 0.3677 0.3750 0.3938 0.4178 0.4420 0.4634 0.4807 0.4934 0.5010 0.5027 0.4965 0.4792 0.4512 0.4177 0.3831 0.3498 0.3190 0.2909 0.2659 0.2436 0.2241 0.2070 0.1922 0.1795 0.1686 0.1594 0.1518 0.1457 0.1409 0.1373 0.1350 0.1339 0.1339 0.1353 0.1380 0.1424 0.1493 0.1604 0.1822 0.2236 0.2754 0.3257 0.3700 0.4074 0.4380 0.4623 0.4808 0.4939 0.5013 0.5025 0.4991
0.5068 0.5014 0.4940 0.4811 0.4626 0.4384 0.4079 0.3705 0.3262 0.2758 0.2240 0.1823 0.1605 0.1493 0.1424 0.1380 0.1353 0.1339 0.1339 0.1350 0.1373 0.1409 0.1457 0.1519 0.1595 0.1687 0.1796 0.1924 0.2073 0.2244 0.2440 0.2662 0.2913 0.3194 0.3504 0.3837 0.4182 0.4517 0.4796 0.4967 0.5027 0.5008 0.4930 0.4800 0.4621 0.4393 0.4123 0.3825 0.3535 0.3312 0.3227 0.3312 0.3535 0.3825 0.4123 0.4393 0.4621 0.4800 0.4930 0.5008 0.5027 0.4967 0.4796 0.4517 0.4182 0.3837 0.3503 0.3194 0.2913 0.2662 0.2440 0.2244 0.2073 0.1924 0.1796 0.1687 0.1595 0.1519 0.1457 0.1409 0.1373 0.1350 0.1339 0.1339 0.1353 0.1380 0.1424 0.1493 0.1605 0.1823 0.2240 0.2758 0.3262 0.3705 0.4079 0.4384 0.4626 0.4811 0.4940 0.5014 0.5068
0.5059 0.4942 0.4813 0.4630 0.4388 0.4084 0.3711 0.3268 0.2764 0.2245 0.1826 0.1606 0.1493 0.1425 0.1380 0.1353 0.1339 0.1339 0.1350 0.1374 0.1409 0.1458 0.1520 0.1596 0.1689 0.1798 0.1926 0.2075 0.2247 0.2443 0.2666 0.2918 0.3199 0.3508 0.3842 0.4188 0.4522 0.4800 0.4969 0.5027 0.5007 0.4928 0.4796 0.4612 0.4376 0.4090 0.3758 0.3401 0.3063 0.2812 0.2718 0.2812 0.3063 0.3401 0.3758 0.4090 0.4376 0.4612 0.4796 0.4928 0.5007 0.5027 0.4969 0.4800 0.4522 0.4188 0.3842 0.3508 0.3199 0.2918 0.2666 0.2443 0.2246 0.2075 0.1926 0.1798 0.1689 0.1596 0.1520 0.1458 0.1409 0.1374 0.1350 0.1339 0.1339 0.1353 0.1380 0.1425 0.1493 0.1606 0.1826 0.2245 0.2764 0.3268 0.3711 0.4084 0.4388 0.4630 0.4813 0.4942 0.5059
0.4987 0.4816 0.4633 0.4393 0.4089 0.3717 0.3275 0.2772 0.2251 0.1830 0.1607 0.1494 0.1425 0.1380 0.1353 0.1339 0.1339 0.1350 0.1374 0.1410 0.1458 0.1520 0.1597 0.1690 0.1799 0.1928 0.2077 0.2249 0.2446 0.2669 0.2922 0.3203 0.3513 0.3847 0.4193 0.4526 0.4803 0.4971 0.5028 0.5006 0.4926 0.4792 0.4606 0.4365 0.4069 0.3718 0.3322 0.2911 0.2543 0.2289 0.2201 0.2289 0.2543 0.2911 0.3322 0.3718 0.4069 0.4365 0.4606 0.4792 0.4926 0.5006 0.5028 0.4971 0.4803 0.4526 0.4193 0.3847 0.3513 0.3203 0.2922 0.2669 0.2446 0.2249 0.2077 0.1928 0.1799 0.1690 0.1597 0.1520 0.1458 0.1410 0.1374 0.1350 0.1339 0.1339 0.1353 0.1380 0.1425 0.1494 0.1607 0.1830 0.2251 0.2772 0.3275 0.3717 0.4089 0.4393 0.4633 0.4816 0.4987
0.4861 0.4637 0.4397 0.4095 0.3724 0.3283 0.2780 0.2258 0.1834 0.1609 0.1495 0.1426 0.1380 0.1353 0.1339 0.1339 0.1350 0.1374 0.1410 0.1458 0.1521 0.1598 0.1690 0.1800 0.1929 0.2079 0.2252 0.2449 0.2673 0.2926 0.3208 0.3518 0.3853 0.4198 0.4531 0.4807 0.4972 0.5028 0.5006 0.4924 0.4789 0.4601 0.4357 0.4055 0.3693 0.3275 0.2823 0.2387 0.2046 0.1856 0.1799 0.1856 0.2046 0.2387 0.2823 0.3275 0.3693 0.4055 0.4358 0.4601 0.4789 0.4924 0.5006 0.5028 0.4972 0.4807 0.4531 0.4198 0.3852 0.3518 0.3208 0.2926 0.2673 0.2449 0.2251 0.2079 0.1929 0.1800 0.1690 0.1598 0.1521 0.1458 0.1410 0.1374 0.1350 0.1339 0.1339 0.1353 0.1380 0.1426 0.1495 0.1609 0.1834 0.2258 0.2780 0.3283 0.3724 0.4095 0.4397 0.4637 0.4861
0.4680 0.4402 0.4100 0.3731 0.3290 0.2788 0.2266 0.1839 0.1611 0.1496 0.1426 0.1381 0.1353 0.1340 0.1339 0.1350 0.1374 0.1410 0.1458 0.1521 0.1598 0.1691 0.1801 0.1930 0.2080 0.2253 0.2451 0.2676 0.2929 0.3212 0.3523 0.3858 0.4204 0.4536 0.4810 0.4974 0.5028 0.5005 0.4922 0.4786 0.4597 0.4351 0.4046 0.3677 0.3246 0.2771 0.2299 0.1923 0.1712 0.1620 0.1593 0.1620 0.1712 0.1923 0.2299 0.2771 0.3246 0.3677 0.4046 0.4351 0.4597 0.4786 0.4922 0.5005 0.5028 0.4974 0.4810 0.4536 0.4203 0.3858 0.3523 0.3212 0.2929 0.2676 0.2451 0.2253 0.2080 0.1930 0.1801 0.1691 0.1598 0.1521 0.1458 0.1410 0.1374 0.1350 0.1339 0.1340 0.1353 0.1381 0.1426 0.1496 0.1611 0.1839 0.2266 0.2788 0.3290 0.3731 0.4100 0.4402 0.4680
0.4443 0.4106 0.3738 0.3299 0.2797 0.2274 0.1844 0.1614 0.1498 0.1427 0.1381 0.1353 0.1340 0.1339 0.1350 0.1373 0.1409 0.1458 0.1521 0.1598 0.1691 0.1802 0.1931 0.2081 0.2255 0.2453 0.2678 0.2932 0.3216 0.3527 0.3862 0.4209 0.4541 0.4814 0.4976 0.5028 0.5004 0.4921 0.4784 0.4593 0.4346 0.4038 0.3665 0.3227 0.2740 0.2250 0.1861 0.1651 0.1550 0.1501 0.1486 0.1501 0.1550 0.1651 0.1861 0.2250 0.2740 0.3228 0.3665 0.4038 0.4346 0.4593 0.4784 0.4921 0.5004 0.5028 0.4976 0.4814 0.4541 0.4209 0.3862 0.3527 0.3216 0.2932 0.2678 0.2453 0.2255 0.2081 0.1931 0.1802 0.1691 0.1598 0.1521 0.1458 0.1409 0.1373 0.1350 0.1339 0.1340 0.1353 0.1381 0.1427 0.1498 0.1614 0.1844 0.2274 0.2797 0.3299 0.3738 0.4106 0.4443
0.4145 0.3745 0.3307 0.2806 0.2283 0.1850 0.1616 0.1499 0.1428 0.1382 0.1354 0.1340 0.1339 0.1350 0.1373 0.1409 0.1458 0.1520 0.1598 0.1691 0.1802 0.1931 0.2082 0.2255 0.2454 0.2680 0.2934 0.3218 0.3531 0.3867 0.4213 0.4545 0.4817 0.4977 0.5028 0.5003 0.4919 0.4781 0.4590 0.4342 0.4032 0.3657 0.3215 0.2719 0.2220 0.1828 0.1622 0.1518 0.1460 0.1429 0.1419 0.1429 0.1460 0.1518 0.1622 0.1829 0.2221 0.2720 0.3215 0.3657 0.4032 0.4342 0.4590 0.4781 0.4919 0.5003 0.5028 0.4977 0.4817 0.4545 0.4213 0.3867 0.3531 0.3218 0.2934 0.2680 0.2454 0.2255 0.2082 0.1931 0.1802 0.1691 0.1598 0.1520 0.1458 0.1409 0.1373 0.1350 0.1339 0.1340 0.1354 0.1382 0.1428 0.1499 0.1616 0.1850 0.2283 0.2806 0.3307 0.3745 0.4145
0.3780 0.3315 0.2815 0.2292 0.1855 0.1619 0.1500 0.1429 0.1382 0.1354 0.1340 0.1339 0.1350 0.1373 0.1409 0.1457 0.1520 0.1597 0.1690 0.1801 0.1931 0.2082 0.2256 0.2455 0.2681 0.2936 0.3220 0.3533 0.3870 0.4217 0.4549 0.4820 0.4979 0.5028 0.5002 0.4917 0.4779 0.4587 0.4337 0.4027 0.3649 0.3205 0.2705 0.2202 0.1810 0.1606 0.1502 0.1440 0.1402 0.1382 0.1376 0.1382 0.1402 0.1440 0.1502 0.1606 0.1810 0.2202 0.2706 0.3205 0.3649 0.4027 0.4337 0.4587 0.4779 0.4917 0.5002 0.5028 0.4979 0.4820 0.4549 0.4217 0.3870 0.3533 0.3220 0.2936 0.2681 0.2455 0.2256 0.2082 0.1931 0.1801 0.1690 0.1597 0.1520 0.1457 0.1409 0.1373 0.1350 0.1339 0.1340 0.1354 0.1382 0.1429 0.1500 0.1619 0.1855 0.2292 0.2815 0.3315 0.3780
0.3345 0.2824 0.2301 0.1861 0.1621 0.1502 0.1430 0.1383 0.1354 0.1340 0.1339 0.1349 0.1372 0.1408 0.1457 0.1519 0.1596 0.1690 0.1800 0.1930 0.2081 0.2255 0.2455 0.2681 0.2937 0.3222 0.3535 0.3872 0.4219 0.4552 0.4822 0.4980 0.5028 0.5001 0.4916 0.4776 0.4583 0.4333 0.4021 0.3642 0.3196 0.2694 0.2189 0.1799 0.1598 0.1493 0.1430 0.1390 0.1366 0.1354 0.1350 0.1354 0.1366 0.1390 0.1430 0.1493 0.1598 0.1799 0.2189 0.2694 0.3196 0.3642 0.4021 0.4333 0.4583 0.4776 0.4916 0.5001 0.5028 0.4980 0.4822 0.4552 0.4219 0.3872 0.3535 0.3222 0.2937 0.2681 0.2455 0.2255 0.2081 0.1930 0.1800 0.1690 0.1596 0.1519 0.1457 0.1408 0.1372 0.1349 0.1339 0.1340 0.1354 0.1383 0.1430 0.1502 0.1621 0.1861 0.2301 0.2824 0.3345
0.2849 0.2310 0.1867 0.1624 0.1503 0.1431 0.1384 0.1355 0.1340 0.1338 0.1349 0.1372 0.1407 0.1456 0.1518 0.1595 0.1689 0.1799 0.1929 0.2080 0.2255 0.2454 0.2681 0.2937 0.3222 0.3536 0.3873 0.4221 0.4554 0.4824 0.4981 0.5029 0.5001 0.4914 0.4774 0.4580 0.4329 0.4016 0.3636 0.3188 0.2685 0.2179 0.1791 0.1592 0.1488 0.1424 0.1383 0.1358 0.1345 0.1339 0.1338 0.1339 0.1345 0.1358 0.1383 0.1424 0.1488 0.1592 0.1791 0.2179 0.2685 0.3188 0.3636 0.4016 0.4329 0.4580 0.4774 0.4914 0.5001 0.5029 0.4981 0.4824 0.4554 0.4221 0.3873 0.3536 0.3222 0.2937 0.2681 0.2454 0.2255 0.2080 0.1929 0.1799 0.1689 0.1595 0.1518 0.1456 0.1407 0.1372 0.1349 0.1338 0.1340 0.1355 0.1384 0.1431 0.1503 0.1624 0.1867 0.2310 0.2849
0.2327 0.1873 0.1627 0.1505 0.1432 0.1384 0.1355 0.1340 0.1338 0.1349 0.1372 0.1407 0.1455 0.1517 0.1594 0.1687 0.1798 0.1928 0.2079 0.2253 0.2453 0.2680 0.2936 0.3222 0.3536 0.3874 0.4222 0.4555 0.4825 0.4981 0.5029 0.5000 0.4913 0.4772 0.4577 0.4325 0.4011 0.3630 0.3180 0.2677 0.2170 0.1785 0.1588 0.1485 0.1421 0.1380 0.1354 0.1341 0.1337 0.1338 0.1339 0.1338 0.1337 0.1341 0.1354 0.1380 0.1421 0.1485 0.1589 0.1785 0.2170 0.2677 0.3181 0.3630 0.4011 0.4325 0.4577 0.4772 0.4913 0.5000 0.5029 0.4981 0.4825 0.4555 0.4222 0.3874 0.3536 0.3222 0.2936 0.2680 0.2453 0.2253 0.2079 0.1928 0.1798 0.1687 0.1594 0.1517 0.1455 0.1407 0.1372 0.1349 0.1338 0.1340 0.1355 0.1384 0.1432 0.1505 0.1627 0.1873 0.2327
0.1884 0.1630 0.1507 0.1433 0.1385 0.1355 0.1340 0.1338 0.1349 0.1371 0.1406 0.1454 0.1516 0.1593 0.1686 0.1796 0.1926 0.2077 0.2251 0.2451 0.2678 0.2934 0.3220 0.3535 0.3873 0.4222 0.4555 0.4826 0.4982 0.5029 0.5000 0.4912 0.4771 0.4575 0.4322 0.4007 0.3624 0.3173 0.2669 0.2162 0.1780 0.1586 0.1483 0.1419 0.1378 0.1352 0.1340 0.1338 0.1342 0.1349 0.1352 0.1349 0.1342 0.1338 0.1340 0.1352 0.1378 0.1419 0.1483 0.1586 0.1780 0.2163 0.2669 0.3174 0.3624 0.4007 0.4322 0.4575 0.4771 0.4912 0.5000 0.5029 0.4982 0.4826 0.4555 0.4222 0.3873 0.3535 0.3220 0.2934 0.2678 0.2451 0.2251 0.2077 0.1926 0.1796 0.1686 0.1593 0.1516 0.1454 0.1406 0.1371 0.1349 0.1338 0.1340 0.1355 0.1385 0.1433 0.1507 0.1630 0.1884
0.1636 0.1508 0.1434 0.1386 0.1356 0.1340 0.1338 0.1348 0.1371 0.1405 0.1453 0.1515 0.1592 0.1684 0.1795 0.1924 0.2075 0.2249 0.2449 0.2676 0.2932 0.3218 0.3533 0.3872 0.4221 0.4555 0.4826 0.4982 0.5029 0.5000 0.4912 0.4770 0.4573 0.4319 0.4003 0.3619 0.3167 0.2662 0.2156 0.1776 0.1583 0.1482 0.1418 0.1376 0.1351 0.1339 0.1338 0.1346 0.1360 0.1373 0.1378 0.1373 0.1360 0.1346 0.1338 0.1339 0.1351 0.1376 0.1418 0.1482 0.1583 0.1776 0.2156 0.2662 0.3168 0.3619 0.4003 0.4320 0.4573 0.4770 0.4912 0.5000 0.5029 0.4982 0.4826 0.4555 0.4221 0.3872 0.3533 0.3218 0.2932 0.2676 0.2449 0.2249 0.2075 0.1924 0.1795 0.1684 0.1592 0.1515 0.1453 0.1405 0.1371 0.1348 0.1338 0.1340 0.1356 0.1386 0.1434 0.1508 0.1636
0.1511 0.1435 0.1386 0.1356 0.1341 0.1338 0.1348 0.1370 0.1405 0.1452 0.1514 0.1590 0.1683 0.1793 0.1922 0.2073 0.2246 0.2446 0.2673 0.2929 0.3216 0.3531 0.3870 0.4219 0.4554 0.4825 0.4982 0.5029 0.5000 0.4911 0.4769 0.4572 0.4318 0.4000 0.3616 0.3163 0.2656 0.2150 0.1772 0.1581 0.1480 0.1417 0.1375 0.1351 0.1339 0.1339 0.1349 0.1367 0.1389 0.1408 0.1416 0.1408 0.1389 0.1367 0.1349 0.1339 0.1339 0.1351 0.1375 0.1417 0.1480 0.1581 0.1772 0.2150 0.2656 0.3163 0.3616 0.4001 0.4318 0.4572 0.4769 0.4911 0.5000 0.5029 0.4982 0.4825 0.4554 0.4219 0.3870 0.3531 0.3216 0.2929 0.2673 0.2446 0.2246 0.2073 0.1922 0.1793 0.1683 0.1590 0.1514 0.1452 0.1405 0.1370 0.1348 0.1338 0.1341 0.1356 0.1386 0.1435 0.1511
0.1436 0.1387 0.1357 0.1341 0.1338 0.1348 0.1370 0.1404 0.1452 0.1513 0.1589 0.1681 0.1791 0.1920 0.2070 0.2244 0.2443 0.2669 0.2926 0.3212 0.3527 0.3867 0.4217 0.4552 0.4824 0.4981 0.5029 0.5000 0.4911 0.4769 0.4572 0.4317 0.3999 0.3613 0.3159 0.2651 0.2145 0.1769 0.1580 0.1479 0.1416 0.1375 0.1350 0.1339 0.1339 0.1351 0.1372 0.1401 0.1432 0.1457 0.1467 0.1457 0.1432 0.1401 0.1372 0.1351 0.1339 0.1339 0.1350 0.1375 0.1416 0.1479 0.1580 0.1769 0.2145 0.2652 0.3159 0.3613 0.3999 0.4317 0.4572 0.4769 0.4911 0.5000 0.5029 0.4981 0.4824 0.4552 0.4217 0.3867 0.3527 0.3212 0.2926 0.2669 0.2443 0.2244 0.2070 0.1920 0.1791 0.1681 0.1589 0.1513 0.1452 0.1404 0.1370 0.1348 0.1338 0.1341 0.1357 0.1387 0.1436
0.1387 0.1357 0.1341 0.1338 0.1348 0.1369 0.1403 0.1451 0.1512 0.1588 0.1680 0.1789 0.1918 0.2068 0.2241 0.2440 0.2666 0.2922 0.3208 0.3523 0.3862 0.4213 0.4549 0.4822 0.4981 0.5029 0.5000 0.4912 0.4769 0.4572 0.4316 0.3998 0.3611 0.3157 0.2648 0.2142 0.1767 0.1578 0.1478 0.1415 0.1374 0.1350 0.1339 0.1340 0.1352 0.1375 0.1408 0.1447 0.1488 0.1520 0.1533 0.1520 0.1488 0.1447 0.1408 0.1375 0.1352 0.1340 0.1339 0.1350 0.1374 0.1415 0.1478 0.1578 0.1767 0.2142 0.2648 0.3157 0.3611 0.3998 0.4316 0.4572 0.4769 0.4912 0.5000 0.5029 0.4981 0.4822 0.4549 0.4213 0.3862 0.3523 0.3208 0.2922 0.2666 0.2440 0.2241 0.2068 0.1918 0.1789 0.1680 0.1588 0.1512 0.1451 0.1403 0.1369 0.1348 0.1338 0.1341 0.1357 0.1387
0.1357 0.1341 0.1338 0.1347 0.1369 0.1403 0.1450 0.1511 0.1586 0.1678 0.1787 0.1916 0.2065 0.2238 0.2436 0.2662 0.2918 0.3203 0.3518 0.3858 0.4209 0.4545 0.4820 0.4980 0.5029 0.5000 0.4912 0.4770 0.4572 0.4317 0.3998 0.3611 0.3155 0.2646 0.2139 0.1765 0.1577 0.1478 0.1415 0.1374 0.1349 0.1338 0.1340 0.1353 0.1377 0.1412 0.1456 0.1507 0.1558 0.1598 0.1614 0.1598 0.1558 0.1507 0.1456 0.1412 0.1377 0.1353 0.1340 0.1338 0.1349 0.1374 0.1415 0.1478 0.1577 0.1765 0.2139 0.2646 0.3155 0.3611 0.3998 0.4317 0.4572 0.4770 0.4912 0.5000 0.5029 0.4980 0.4820 0.4545 0.4209 0.3858 0.3518 0.3203 0.2918 0.2662 0.2436 0.2238 0.2065 0.1916 0.1787 0.1678 0.1586 0.1511 0.1450 0.1403 0.1369 0.1347 0.1338 0.1341 0.1357
0.1340 0.1338 0.1347 0.1368 0.1402 0.1449 0.1509 0.1585 0.1676 0.1785 0.1914 0.2063 0.2235 0.2433 0.2659 0.2913 0.3199 0.3513 0.3852 0.4203 0.4541 0.4817 0.4979 0.5028 0.5001 0.4913 0.4771 0.4573 0.4318 0.3999 0.3611 0.3155 0.2645 0.2138 0.1764 0.1577 0.1477 0.1414 0.1374 0.1349 0.1338 0.1340 0.1353 0.1378 0.1414 0.1462 0.1519 0.1582 0.1644 0.1692 0.1711 0.1692 0.1644 0.1582 0.1519 0.1462 0.1414 0.1378 0.1353 0.1340 0.1338 0.1349 0.1374 0.1414 0.1477 0.1577 0.1764 0.2138 0.2645 0.3155 0.3611 0.3999 0.4318 0.4573 0.4771 0.4913 0.5001 0.5028 0.4979 0.4817 0.4541 0.4203 0.3852 0.3513 0.3199 0.2913 0.2659 0.2433 0.2235 0.2063 0.1914 0.1785 0.1676 0.1585 0.1509 0.1449 0.1402 0.1368 0.1347 0.1338 0.1340
0.1336 0.1347 0.1368 0.1401 0.1448 0.1508 0.1583 0.1675 0.1783 0.1911 0.2060 0.2232 0.2430 0.2655 0.2909 0.3194 0.3508 0.3847 0.4198 0.4536 0.4814 0.4977 0.5028 0.5001 0.4914 0.4772 0.4575 0.4320 0.4001 0.3613 0.3157 0.2646 0.2138 0.1763 0.1576 0.1477 0.1414 0.1373 0.1349 0.1338 0.1340 0.1354 0.1379 0.1416 0.1465 0.1526 0.1596 0.1673 0.1747 0.1804 0.1826 0.1804 0.1747 0.1673 0.1596 0.1526 0.1465 0.1416 0.1379 0.1354 0.1340 0.1338 0.1349 0.1373 0.1414 0.1477 0.1576 0.1763 0.2138 0.2646 0.3157 0.3613 0.4001 0.4320 0.4575 0.4772 0.4914 0.5001 0.5028 0.4977 0.4814 0.4536 0.4198 0.3847 0.3508 0.3194 0.2909 0.2655 0.2430 0.2232 0.2060 0.1911 0.1783 0.1675 0.1583 0.1508 0.1448 0.1401 0.1368 0.1347 0.1336
0.1345 0.1367 0.1401 0.1447 0.1507 0.1582 0.1673 0.1781 0.1909 0.2058 0.2229 0.2427 0.2651 0.2905 0.3190 0.3503 0.3842 0.4193 0.4531 0.4810 0.4976 0.5028 0.5002 0.4916 0.4774 0.4577 0.4322 0.4003 0.3616 0.3159 0.2648 0.2139 0.1764 0.1576 0.1477 0.1414 0.1373 0.1349 0.1338 0.1340 0.1354 0.1379 0.1417 0.1467 0.1529 0.1604 0.1690 0.1781 0.1869 0.1936 0.1962 0.1936 0.1869 0.1781 0.1690 0.1604 0.1529 0.1467 0.1417 0.1379 0.1354 0.1340 0.1338 0.1349 0.1373 0.1414 0.1477 0.1576 0.1764 0.2139 0.2648 0.3159 0.3616 0.4003 0.4322 0.4577 0.4774 0.4916 0.5002 0.5028 0.4976 0.4810 0.4531 0.4193 0.3842 0.3503 0.3190 0.2905 0.2651 0.2427 0.2229 0.2058 0.1909 0.1781 0.1673 0.1582 0.1507 0.1447 0.1401 0.1367 0.1345
0.1365 0.1400 0.1446 0.1506 0.1580 0.1671 0.1779 0.1906 0.2055 0.2226 0.2423 0.2647 0.2901 0.3185 0.3498 0.3837 0.4188 0.4526 0.4807 0.4974 0.5028 0.5003 0.4917 0.4776 0.4580 0.4325 0.4007 0.3619 0.3163 0.2652 0.2142 0.1765 0.1577 0.1477 0.1414 0.1373 0.1349 0.1338 0.1340 0.1354 0.1380 0.1418 0.1468 0.1532 0.1609 0.1699 0.1801 0.1909 0.2011 0.2089 0.2118 0.2089 0.2011 0.1909 0.1801 0.1699 0.1609 0.1532 0.1468 0.1418 0.1380 0.1354 0.1340 0.1338 0.1349 0.1373 0.1414 0.1477 0.1577 0.1765 0.2142 0.2652 0.3163 0.3619 0.4007 0.4325 0.4580 0.4776 0.4917 0.5003 0.5028 0.4974 0.4807 0.4526 0.4188 0.3837 0.3498 0.3185 0.2901 0.2647 0.2423 0.2226 0.2055 0.1906 0.1779 0.1671 0.1580 0.1506 0.1446 0.1400 0.1365
0.1397 0.1445 0.1505 0.1579 0.1669 0.1777 0.1904 0.2052 0.2223 0.2419 0.2643 0.2897 0.3180 0.3493 0.3831 0.4182 0.4522 0.4803 0.4972 0.5028 0.5004 0.4919 0.4779 0.4583 0.4329 0.4011 0.3624 0.3168 0.2656 0.2145 0.1767 0.1577 0.1477 0.1414 0.1373 0.1349 0.1338 0.1340 0.1354 0.1380 0.1418 0.1469 0.1533 0.1612 0.1705 0.1812 0.1931 0.2057 0.2175 0.2265 0.2299 0.2265 0.2175 0.2057 0.1931 0.1812 0.1705 0.1612 0.1533 0.1469 0.1418 0.1380 0.1354 0.1340 0.1338 0.1349 0.1373 0.1414 0.1477 0.1577 0.1767 0.2145 0.2656 0.3168 0.3624 0.4011 0.4329 0.4583 0.4779 0.4919 0.5004 0.5028 0.4972 0.4803 0.4522 0.4182 0.3831 0.3493 0.3180 0.2897 0.2643 0.2419 0.2223 0.2052 0.1904 0.1777 0.1669 0.1579 0.1505 0.1445 0.1397
0.1442 0.1503 0.1578 0.1668 0.1775 0.1902 0.2049 0.2220 0.2416 0.2639 0.2892 0.3175 0.3488 0.3826 0.4177 0.4517 0.4800 0.4971 0.5028 0.5005 0.4921 0.4781 0.4587 0.4333 0.4016 0.3630 0.3174 0.2662 0.2150 0.1769 0.1578 0.1478 0.1414 0.1373 0.1349 0.1338 0.1340 0.1354 0.1380 0.1418 0.1469 0.1534 0.1613 0.1708 0.1818 0.1944 0.2083 0.2228 0.2364 0.2467 0.2506 0.2467 0.2364 0.2228 0.2083 0.1944 0.1818 0.1708 0.1613 0.1534 0.1469 0.1418 0.1380 0.1354 0.1340 0.1338 0.1349 0.1373 0.1414 0.1478 0.1578 0.1769 0.2150 0.2662 0.3174 0.3630 0.4016 0.4333 0.4587 0.4781 0.4921 0.5005 0.5028 0.4971 0.4800 0.4517 0.4177 0.3826 0.3488 0.3175 0.2892 0.2639 0.2416 0.2220 0.2049 0.1902 0.1775 0.1668 0.1578 0.1503 0.1442
0.1500 0.1576 0.1666 0.1773 0.1899 0.2046 0.2216 0.2412 0.2635 0.2887 0.3170 0.3483 0.3820 0.4171 0.4512 0.4796 0.4969 0.5028 0.5006 0.4922 0.4784 0.4590 0.4337 0.4021 0.3636 0.3181 0.2669 0.2156 0.1772 0.1580 0.1478 0.1415 0.1374 0.1349 0.1338 0.1340 0.1354 0.1380 0.1418 0.1470 0.1535 0.1614 0.1710 0.1822 0.1951 0.2098 0.2258 0.2424 0.2580 0.2697 0.2741 0.2697 0.2580 0.2424 0.2258 0.2098 0.1951 0.1822 0.1710 0.1614 0.1535 0.1470 0.1418 0.1380 0.1354 0.1340 0.1338 0.1349 0.1374 0.1415 0.1478 0.1580 0.1772 0.2156 0.2669 0.3181 0.3636 0.4021 0.4337 0.4590 0.4784 0.4922 0.5006 0.5028 0.4969 0.4796 0.4512 0.4171 0.3820 0.3483 0.3170 0.2887 0.2635 0.2412 0.2216 0.2046 0.1899 0.1773 0.1666 0.1576 0.1500
0.1572 0.1664 0.1771 0.1897 0.2043 0.2213 0.2408 0.2631 0.2882 0.3165 0.3477 0.3814 0.4165 0.4506 0.4792 0.4967 0.5027 0.5006 0.4924 0.4786 0.4593 0.4342 0.4027 0.3642 0.3188 0.2677 0.2163 0.1776 0.1581 0.1479 0.1415 0.1374 0.1349 0.1338 0.1340 0.1354 0.1380 0.1418 0.1470 0.1535 0.1615 0.1711 0.1824 0.1955 0.2106 0.2274 0.2458 0.2647 0.2824 0.2956 0.3006 0.2956 0.2824 0.2647 0.2458 0.2274 0.2106 0.1955 0.1824 0.1711 0.1615 0.1535 0.1470 0.1418 0.1380 0.1354 0.1340 0.1338 0.1349 0.1374 0.1415 0.1479 0.1581 0.1776 0.2163 0.2677 0.3188 0.3642 0.4027 0.4342 0.4593 0.4786 0.4924 0.5006 0.5027 0.4967 0.4792 0.4506 0.4165 0.3814 0.3477 0.3165 0.2882 0.2630 0.2408 0.2213 0.2043 0.1897 0.1771 0.1664 0.1572
0.1659 0.1769 0.1894 0.2040 0.2210 0.2404 0.2626 0.2877 0.3159 0.3471 0.3808 0.4159 0.4501 0.4788 0.4965 0.5027 0.5007 0.4926 0.4789 0.4597 0.4346 0.4032 0.3649 0.3196 0.2685 0.2170 0.1780 0.1583 0.1480 0.1416 0.1374 0.1349 0.1338 0.1340 0.1354 0.1380 0.1418 0.1469 0.1535 0.1615 0.1711 0.1825 0.1957 0.2110 0.2283 0.2476 0.2685 0.2900 0.3098 0.3245 0.3301 0.3245 0.3098 0.2899 0.2685 0.2476 0.2283 0.2110 0.1957 0.1825 0.1711 0.1615 0.1535 0.1469 0.1418 0.1380 0.1354 0.1340 0.1338 0.1349 0.1374 0.1416 0.1480 0.1583 0.1780 0.2170 0.2685 0.3196 0.3649 0.4032 0.4346 0.4597 0.4789 0.4926 0.5007 0.5027 0.4965 0.4788 0.4500 0.4158 0.3807 0.3470 0.3159 0.2877 0.2626 0.2404 0.2209 0.2040 0.1894 0.1769 0.1659
0.1763 0.1891 0.2037 0.2206 0.2400 0.2621 0.2872 0.3153 0.3464 0.3800 0.4152 0.4494 0.4783 0.4963 0.5027 0.5008 0.4928 0.4792 0.4601 0.4351 0.4038 0.3656 0.3204 0.2694 0.2178 0.1785 0.1586 0.1481 0.1417 0.1375 0.1350 0.1338 0.1340 0.1354 0.1379 0.1418 0.1469 0.1534 0.1614 0.1711 0.1825 0.1958 0.2112 0.2288 0.2486 0.2705 0.2942 0.3182 0.3401 0.3563 0.3623 0.3562 0.3401 0.3181 0.2941 0.2705 0.2486 0.2287 0.2111 0.1958 0.1825 0.1711 0.1614 0.1534 0.1469 0.1418 0.1379 0.1354 0.1340 0.1338 0.1350 0.1375 0.1417 0.1482 0.1586 0.1785 0.2179 0.2694 0.3205 0.3657 0.4038 0.4351 0.4601 0.4792 0.4928 0.5008 0.5027 0.4963 0.4783 0.4493 0.4151 0.3800 0.3463 0.3152 0.2871 0.2621 0.2399 0.2205 0.2037 0.1891 0.1763
0.1885 0.2033 0.2202 0.2395 0.2615 0.2865 0.3146 0.3456 0.3792 0.4143 0.4486 0.4778 0.4961 0.5026 0.5009 0.4930 0.4795 0.4605 0.4357 0.4045 0.3665 0.3214 0.2705 0.2188 0.1790 0.1588 0.1483 0.1418 0.1375 0.1350 0.1339 0.1340 0.1353 0.1379 0.1417 0.1468 0.1533 0.1614 0.1710 0.1824 0.1958 0.2112 0.2289 0.2490 0.2715 0.2963 0.3227 0.3492 0.3730 0.3902 0.3965 0.3901 0.3729 0.3491 0.3226 0.2963 0.2715 0.2490 0.2288 0.2111 0.1957 0.1824 0.1710 0.1613 0.1533 0.1468 0.1417 0.1379 0.1353 0.1340 0.1339 0.1350 0.1375 0.1418 0.1483 0.1589 0.1791 0.2189 0.2706 0.3215 0.3665 0.4046 0.4358 0.4606 0.4796 0.4930 0.5010 0.5026 0.4960 0.4777 0.4485 0.4142 0.3791 0.3455 0.3145 0.2865 0.2615 0.2394 0.2201 0.2033 0.1885
0.2026 0.2196 0.2389 0.2608 0.2857 0.3137 0.3447 0.3782 0.4133 0.4476 0.4770 0.4957 0.5026 0.5011 0.4933 0.4800 0.4611 0.4364 0.4054 0.3675 0.3226 0.2718 0.2200 0.1798 0.1592 0.1485 0.1419 0.1376 0.1350 0.1339 0.1340 0.1353 0.1378 0.1416 0.1467 0.1532 0.1612 0.1708 0.1822 0.1956 0.2110 0.2288 0.2490 0.2719 0.2972 0.3249 0.3539 0.3824 0.4074 0.4248 0.4311 0.4248 0.4073 0.3823 0.3538 0.3248 0.2972 0.2718 0.2490 0.2287 0.2110 0.1955 0.1822 0.1708 0.1612 0.1532 0.1467 0.1416 0.1378 0.1353 0.1340 0.1339 0.1351 0.1376 0.1419 0.1485 0.1592 0.1799 0.2202 0.2720 0.3228 0.3677 0.4055 0.4365 0.4612 0.4800 0.4934 0.5011 0.5026 0.4956 0.4769 0.4475 0.4131 0.3780 0.3445 0.3136 0.2856 0.2607 0.2388 0.2195 0.2025
0.2186 0.2380 0.2599 0.2847 0.3125 0.3433 0.3768 0.4118 0.4463 0.4760 0.4952 0.5025 0.5013 0.4937 0.4806 0.4619 0.4375 0.4067 0.3691 0.3244 0.2737 0.2218 0.1809 0.1597 0.1488 0.1421 0.1377 0.1351 0.1339 0.1339 0.1352 0.1377 0.1415 0.1465 0.1530 0.1609 0.1705 0.1819 0.1952 0.2106 0.2284 0.2487 0.2716 0.2973 0.3256 0.3559 0.3870 0.4166 0.4412 0.4573 0.4629 0.4573 0.4411 0.4164 0.3868 0.3557 0.3254 0.2972 0.2715 0.2486 0.2283 0.2106 0.1951 0.1818 0.1705 0.1609 0.1529 0.1465 0.1414 0.1377 0.1352 0.1339 0.1339 0.1351 0.1378 0.1421 0.1488 0.1598 0.1810 0.2221 0.2740 0.3246 0.3693 0.4069 0.4376 0.4621 0.4807 0.4938 0.5013 0.5025 0.4951 0.4759 0.4461 0.4116 0.3766 0.3431 0.3123 0.2845 0.2597 0.2379 0.2185
0.2365 0.2584 0.2830 0.3107 0.3413 0.3747 0.4097 0.4443 0.4745 0.4944 0.5023 0.5015 0.4943 0.4815 0.4632 0.4391 0.4086 0.3714 0.3271 0.2766 0.2245 0.1826 0.1605 0.1493 0.1424 0.1379 0.1352 0.1339 0.1339 0.1351 0.1375 0.1412 0.1462 0.1526 0.1605 0.1700 0.1813 0.1945 0.2099 0.2276 0.2478 0.2707 0.2965 0.3250 0.3560 0.3884 0.4205 0.4492 0.4707 0.4830 0.4868 0.4829 0.4706 0.4490 0.4203 0.3882 0.3557 0.3248 0.2963 0.2705 0.2476 0.2274 0.2098 0.1944 0.1812 0.1699 0.1604 0.1526 0.1462 0.1412 0.1375 0.1351 0.1339 0.1339 0.1352 0.1380 0.1424 0.1493 0.1606 0.1829 0.2250 0.2771 0.3275 0.3718 0.4090 0.4393 0.4634 0.4817 0.4944 0.5016 0.5023 0.4943 0.4742 0.4440 0.4094 0.3743 0.3410 0.3104 0.2827 0.2582 0.2363
0.2559 0.2803 0.3077 0.3381 0.3712 0.4062 0.4410 0.4719 0.4930 0.5020 0.5019 0.4953 0.4830 0.4652 0.4416 0.4118 0.3752 0.3316 0.2816 0.2293 0.1857 0.1620 0.1501 0.1429 0.1383 0.1354 0.1340 0.1338 0.1349 0.1373 0.1408 0.1457 0.1520 0.1597 0.1691 0.1802 0.1933 0.2085 0.2260 0.2460 0.2688 0.2944 0.3230 0.3541 0.3872 0.4206 0.4516 0.4761 0.4910 0.4976 0.4993 0.4976 0.4909 0.4759 0.4513 0.4203 0.3868 0.3538 0.3226 0.2941 0.2685 0.2458 0.2258 0.2083 0.1931 0.1801 0.1690 0.1596 0.1519 0.1456 0.1408 0.1372 0.1349 0.1338 0.1340 0.1354 0.1383 0.1430 0.1502 0.1622 0.1861 0.2299 0.2823 0.3322 0.3758 0.4123 0.4420 0.4655 0.4832 0.4954 0.5020 0.5019 0.4928 0.4715 0.4405 0.4057 0.3707 0.3376 0.3073 0.2799 0.2556
0.2757 0.3026 0.3326 0.3653 0.4001 0.4352 0.4672 0.4903 0.5012 0.5024 0.4968 0.4854 0.4685 0.4460 0.4172 0.3818 0.3393 0.2901 0.2377 0.1916 0.1648 0.1516 0.1439 0.1389 0.1358 0.1341 0.1338 0.1347 0.1368 0.1402 0.1448 0.1508 0.1584 0.1675 0.1783 0.1911 0.2059 0.2231 0.2427 0.2651 0.2904 0.3186 0.3496 0.3828 0.4169 0.4494 0.4762 0.4931 0.5005 0.5026 0.5028 0.5026 0.5004 0.4929 0.4759 0.4490 0.4164 0.3823 0.3491 0.3181 0.2899 0.2647 0.2424 0.2228 0.2057 0.1909 0.1781 0.1673 0.1582 0.1507 0.1447 0.1401 0.1367 0.1346 0.1338 0.1341 0.1358 0.1390 0.1440 0.1518 0.1651 0.1923 0.2387 0.2911 0.3401 0.3825 0.4178 0.4464 0.4689 0.4857 0.4969 0.5025 0.5011 0.4900 0.4666 0.4345 0.3994 0.3646 0.3319 0.3020 0.2752
0.2941 0.3230 0.3550 0.3894 0.4248 0.4582 0.4847 0.4992 0.5029 0.4991 0.4893 0.4741 0.4532 0.4263 0.3929 0.3524 0.3051 0.2530 0.2035 0.1707 0.1547 0.1458 0.1401 0.1365 0.1344 0.1337 0.1343 0.1360 0.1390 0.1433 0.1489 0.1560 0.1646 0.1750 0.1872 0.2014 0.2179 0.2368 0.2585 0.2829 0.3104 0.3408 0.3736 0.4080 0.4417 0.4711 0.4912 0.5005 0.5029 0.5022 0.5015 0.5022 0.5028 0.5004 0.4909 0.4706 0.4411 0.4073 0.3729 0.3401 0.3098 0.2824 0.2580 0.2364 0.2175 0.2011 0.1869 0.1747 0.1644 0.1558 0.1488 0.1432 0.1389 0.1360 0.1342 0.1337 0.1345 0.1366 0.1402 0.1460 0.1550 0.1712 0.2046 0.2543 0.3063 0.3535 0.3938 0.4271 0.4538 0.4745 0.4896 0.4992 0.5029 0.4990 0.4842 0.4574 0.4238 0.3885 0.3541 0.3222 0.2933
0.3076 0.3380 0.3713 0.4065 0.4415 0.4724 0.4934 0.5021 0.5018 0.4950 0.4825 0.4645 0.4407 0.4107 0.3738 0.3298 0.2797 0.2275 0.1846 0.1615 0.1498 0.1427 0.1381 0.1353 0.1339 0.1338 0.1350 0.1373 0.1410 0.1459 0.1522 0.1601 0.1695 0.1808 0.1940 0.2093 0.2270 0.2472 0.2703 0.2963 0.3253 0.3571 0.3910 0.4256 0.4580 0.4834 0.4978 0.5026 0.5021 0.4999 0.4987 0.4999 0.5022 0.5026 0.4975 0.4829 0.4572 0.4247 0.3901 0.3562 0.3245 0.2956 0.2697 0.2467 0.2265 0.2089 0.1936 0.1804 0.1692 0.1598 0.1520 0.1457 0.1408 0.1373 0.1349 0.1338 0.1339 0.1354 0.1382 0.1429 0.1501 0.1620 0.1856 0.2290 0.2812 0.3312 0.3750 0.4117 0.4415 0.4652 0.4830 0.4953 0.5019 0.5020 0.4929 0.4715 0.4404 0.4054 0.3702 0.3369 0.3066
0.3127 0.3436 0.3774 0.4128 0.4474 0.4770 0.4958 0.5026 0.5010 0.4931 0.4797 0.4607 0.4358 0.4045 0.3664 0.3212 0.2701 0.2186 0.1791 0.1589 0.1483 0.1417 0.1375 0.1350 0.1338 0.1339 0.1353 0.1379 0.1417 0.1469 0.1535 0.1616 0.1714 0.1830 0.1966 0.2123 0.2305 0.2512 0.2748 0.3014 0.3309 0.3632 0.3975 0.4320 0.4636 0.4872 0.4994 0.5028 0.5015 0.4986 0.4973 0.4987 0.5015 0.5028 0.4992 0.4867 0.4628 0.4311 0.3965 0.3623 0.3301 0.3006 0.2741 0.2506 0.2299 0.2118 0.1962 0.1826 0.1711 0.1614 0.1533 0.1467 0.1416 0.1378 0.1352 0.1339 0.1338 0.1350 0.1376 0.1419 0.1486 0.1593 0.1800 0.2201 0.2718 0.3227 0.3677 0.4056 0.4367 0.4614 0.4802 0.4935 0.5012 0.5025 0.4953 0.4762 0.4463 0.4115 0.3762 0.3425 0.3117
0.3076 0.3379 0.3713 0.4065 0.4415 0.4724 0.4934 0.5021 0.5018 0.4950 0.4825 0.4645 0.4407 0.4107 0.3738 0.3299 0.2797 0.2275 0.1846 0.1615 0.1498 0.1427 0.1381 0.1353 0.1339 0.1338 0.1350 0.1373 0.1410 0.1459 0.1522 0.1601 0.1695 0.1808 0.1939 0.2093 0.2270 0.2472 0.2703 0.2963 0.3253 0.3571 0.3910 0.4256 0.4580 0.4834 0.4978 0.5026 0.5021 0.4999 0.4987 0.4999 0.5022 0.5026 0.4975 0.4829 0.4572 0.4247 0.3901 0.3562 0.3245 0.2956 0.2697 0.2467 0.2265 0.2089 0.1936 0.1804 0.1692 0.1598 0.1520 0.1457 0.1408 0.1373 0.1349 0.1338 0.1339 0.1354 0.1382 0.1429 0.1501 0.1620 0.1856 0.2290 0.2812 0.3312 0.3750 0.4117 0.4415 0.4652 0.4830 0.4953 0.5019 0.5020 0.4929 0.4715 0.4404 0.4054 0.3702 0.3369 0.3066
0.2940 0.3230 0.3550 0.3894 0.4247 0.4582 0.4847 0.4992 0.5029 0.4991 0.4893 0.4741 0.4532 0.4263 0.3929 0.3525 0.3051 0.2531 0.2036 0.1707 0.1548 0.1458 0.1401 0.1365 0.1344 0.1337 0.1343 0.1360 0.1390 0.1433 0.1489 0.1560 0.1646 0.1750 0.1872 0.2014 0.2179 0.2368 0.2584 0.2829 0.3104 0.3407 0.3736 0.4080 0.4417 0.4711 0.4912 0.5005 0.5029 0.5022 0.5015 0.5022 0.5028 0.5004 0.4909 0.4706 0.4411 0.4073 0.3729 0.3401 0.3098 0.2824 0.2580 0.2364 0.2175 0.2011 0.1869 0.1747 0.1644 0.1558 0.1488 0.1432 0.1389 0.1360 0.1342 0.1337 0.1345 0.1366 0.1402 0.1460 0.1550 0.1712 0.2046 0.2543 0.3063 0.3535 0.3938 0.4271 0.4538 0.4745 0.4896 0.4992 0.5029 0.4990 0.4842 0.4574 0.4238 0.3885 0.3541 0.3222 0.2933
0.2757 0.3026 0.3325 0.3653 0.4000 0.4352 0.4671 0.4903 0.5012 0.5024 0.4968 0.4854 0.4686 0.4460 0.4173 0.3818 0.3393 0.2902 0.2378 0.1916 0.1648 0.1517 0.1439 0.1389 0.1358 0.1341 0.1338 0.1347 0.1368 0.1402 0.1448 0.1508 0.1583 0.1675 0.1783 0.1911 0.2059 0.2231 0.2427 0.2651 0.2903 0.3186 0.3496 0.3828 0.4169 0.4494 0.4762 0.4931 0.5005 0.5026 0.5028 0.5026 0.5004 0.4929 0.4759 0.4490 0.4164 0.3823 0.3491 0.3181 0.2899 0.2647 0.2424 0.2228 0.2057 0.1909 0.1781 0.1673 0.1582 0.1507 0.1447 0.1401 0.1367 0.1346 0.1338 0.1341 0.1358 0.1390 0.1440 0.1518 0.1651 0.1923 0.2387 0.2911 0.3401 0.3825 0.4178 0.4464 0.4689 0.4857 0.4969 0.5025 0.5011 0.4900 0.4666 0.4345 0.3994 0.3646 0.3319 0.3020 0.2752
0.2559 0.2803 0.3077 0.3381 0.3712 0.4061 0.4410 0.4719 0.4930 0.5020 0.5019 0.4953 0.4830 0.4652 0.4416 0.4119 0.3753 0.3316 0.2816 0.2293 0.1857 0.1620 0.1501 0.1429 0.1383 0.1354 0.1340 0.1338 0.1349 0.1373 0.1408 0.1457 0.1520 0.1597 0.1691 0.1802 0.1933 0.2085 0.2260 0.2460 0.2688 0.2944 0.3229 0.3541 0.3872 0.4206 0.4516 0.4761 0.4910 0.4976 0.4993 0.4976 0.4909 0.4759 0.4513 0.4203 0.3868 0.3538 0.3226 0.2941 0.2685 0.2458 0.2258 0.2083 0.1931 0.1801 0.1690 0.1596 0.1519 0.1456 0.1408 0.1372 0.1349 0.1338 0.1340 0.1354 0.1383 0.1430 0.1502 0.1622 0.1861 0.2299 0.2823 0.3322 0.3758 0.4123 0.4420 0.4655 0.4832 0.4954 0.5020 0.5019 0.4928 0.4715 0.4405 0.4057 0.3707 0.3376 0.3073 0.2799 0.2556
0.2365 0.2584 0.2830 0.3106 0.3413 0.3746 0.4097 0.4443 0.4745 0.4944 0.5023 0.5015 0.4943 0.4815 0.4632 0.4391 0.4087 0.3714 0.3271 0.2767 0.2246 0.1826 0.1605 0.1493 0.1424 0.1379 0.1352 0.1339 0.1339 0.1351 0.1375 0.1412 0.1462 0.1526 0.1605 0.1700 0.1813 0.1945 0.2099 0.2276 0.2478 0.2707 0.2965 0.3250 0.3560 0.3884 0.4205 0.4491 0.4707 0.4830 0.4868 0.4829 0.4706 0.4490 0.4203 0.3882 0.3557 0.3248 0.2963 0.2705 0.2476 0.2274 0.2097 0.1944 0.1812 0.1699 0.1604 0.1526 0.1462 0.1412 0.1375 0.1351 0.1339 0.1339 0.1352 0.1380 0.1424 0.1493 0.1606 0.1829 0.2250 0.2771 0.3275 0.3718 0.4090 0.4393 0.4634 0.4817 0.4944 0.5016 0.5023 0.4943 0.4742 0.4440 0.4094 0.3743 0.3410 0.3104 0.2827 0.2582 0.2363
