-0.3723 -0.3799 -0.3869 -0.3905 -0.3886 -0.3782 -0.3538 -0.3068 -0.2263 -0.1171 -0.0266 0.0283 0.0659 0.0968 0.1256 0.1545 0.1847 0.2159 0.2453 0.2632 0.2468 0.1572 0.0034 -0.0863 -0.1299 -0.1580 -0.1792 -0.1971 -0.2130 -0.2277 -0.2418 -0.2554 -0.2689 -0.2821 -0.2953 -0.3084 -0.3214 -0.3342 -0.3466 -0.3584 -0.3693 -0.3788 -0.3862 -0.3903 -0.3894 -0.3812 -0.3625 -0.3305 -0.2872 -0.2460 -0.2285 -0.2460 -0.2873 -0.3305 -0.3625 -0.3812 -0.3894 -0.3903 -0.3862 -0.3788 -0.3693 -0.3584 -0.3466 -0.3342 -0.3214 -0.3084 -0.2953 -0.2821 -0.2689 -0.2554 -0.2418 -0.2277 -0.2129 -0.1971 -0.1792 -0.1580 -0.1299 -0.0862 0.0034 0.1573 0.2468 0.2632 0.2453 0.2159 0.1846 0.1545 0.1256 0.0968 0.0659 0.0283 -0.0266 -0.1172 -0.2263 -0.3068 -0.3538 -0.3782 -0.3886 -0.3905 -0.3869 -0.3799 -0.3723
-0.3799 -0.3845 -0.3873 -0.3846 -0.3732 -0.3476 -0.2995 -0.2187 -0.1122 -0.0257 0.0271 0.0637 0.0941 0.1223 0.1506 0.1800 0.2104 0.2390 0.2565 0.2403 0.1514 0.0000 -0.0890 -0.1315 -0.1590 -0.1800 -0.1977 -0.2135 -0.2282 -0.2422 -0.2558 -0.2691 -0.2823 -0.2954 -0.3084 -0.3212 -0.3337 -0.3459 -0.3574 -0.3680 -0.3770 -0.3838 -0.3872 -0.3855 -0.3758 -0.3542 -0.3156 -0.2571 -0.1876 -0.1325 -0.1126 -0.1325 -0.1876 -0.2572 -0.3156 -0.3542 -0.3758 -0.3855 -0.3872 -0.3838 -0.3770 -0.3680 -0.3574 -0.3459 -0.3337 -0.3212 -0.3083 -0.2954 -0.2823 -0.2691 -0.2558 -0.2422 -0.2282 -0.2135 -0.1977 -0.1800 -0.1590 -0.1315 -0.0890 0.0001 0.1515 0.2403 0.2565 0.2390 0.2104 0.1799 0.1505 0.1223 0.0941 0.0637 0.0270 -0.0258 -0.1122 -0.2187 -0.2995 -0.3476 -0.3732 -0.3846 -0.3873 -0.3845 -0.3799
-0.3869 -0.3873 -0.3846 -0.3730 -0.3472 -0.2987 -0.2173 -0.1105 -0.0247 0.0277 0.0643 0.0946 0.1228 0.1510 0.1805 0.2109 0.2394 0.2566 0.2395 0.1488 -0.0022 -0.0900 -0.1320 -0.1594 -0.1804 -0.1980 -0.2138 -0.2284 -0.2424 -0.2560 -0.2693 -0.2825 -0.2956 -0.3086 -0.3214 -0.3340 -0.3461 -0.3576 -0.3682 -0.3772 -0.3840 -0.3873 -0.3853 -0.3752 -0.3524 -0.3103 -0.2426 -0.1551 -0.0794 -0.0371 -0.0241 -0.0371 -0.0794 -0.1551 -0.2426 -0.3103 -0.3524 -0.3752 -0.3853 -0.3873 -0.3840 -0.3772 -0.3682 -0.3576 -0.3461 -0.3340 -0.3214 -0.3086 -0.2956 -0.2825 -0.2693 -0.2560 -0.2424 -0.2284 -0.2138 -0.1980 -0.1804 -0.1594 -0.1320 -0.0900 -0.0022 0.1489 0.2395 0.2566 0.2394 0.2109 0.1805 0.1510 0.1228 0.0945 0.0643 0.0277 -0.0247 -0.1105 -0.2173 -0.2987 -0.3472 -0.3730 -0.3846 -0.3873 -0.3869
-0.3905 -0.3846 -0.3730 -0.3470 -0.2982 -0.2162 -0.1092 -0.0238 0.0284 0.0648 0.0950 0.1232 0.1515 0.1810 0.2114 0.2399 0.2567 0.2386 0.1463 -0.0044 -0.0910 -0.1326 -0.1598 -0.1807 -0.1983 -0.2140 -0.2287 -0.2427 -0.2562 -0.2696 -0.2828 -0.2958 -0.3088 -0.3216 -0.3342 -0.3463 -0.3578 -0.3684 -0.3773 -0.3841 -0.3873 -0.3852 -0.3747 -0.3511 -0.3070 -0.2340 -0.1370 -0.0535 -0.0042 0.0211 0.0292 0.0211 -0.0042 -0.0535 -0.1370 -0.2340 -0.3070 -0.3511 -0.3748 -0.3852 -0.3873 -0.3841 -0.3773 -0.3684 -0.3578 -0.3463 -0.3342 -0.3216 -0.3088 -0.2958 -0.2828 -0.2696 -0.2562 -0.2427 -0.2287 -0.2140 -0.1983 -0.1807 -0.1598 -0.1326 -0.0910 -0.0044 0.1463 0.2386 0.2567 0.2399 0.2114 0.1810 0.1515 0.1232 0.0950 0.0648 0.0284 -0.0238 -0.1092 -0.2162 -0.2982 -0.3471 -0.3730 -0.3846 -0.3905
-0.3886 -0.3732 -0.3472 -0.2982 -0.2158 -0.1085 -0.0232 0.0288 0.0652 0.0954 0.1236 0.1520 0.1814 0.2119 0.2403 0.2568 0.2378 0.1437 -0.0066 -0.0920 -0.1332 -0.1603 -0.1810 -0.1986 -0.2143 -0.2289 -0.2429 -0.2565 -0.2698 -0.2830 -0.2961 -0.3090 -0.3219 -0.3344 -0.3466 -0.3580 -0.3685 -0.3775 -0.3842 -0.3873 -0.3851 -0.3744 -0.3502 -0.3047 -0.2287 -0.1270 -0.0408 0.0110 0.0419 0.0600 0.0661 0.0600 0.0419 0.0110 -0.0408 -0.1270 -0.2287 -0.3047 -0.3502 -0.3744 -0.3851 -0.3873 -0.3842 -0.3775 -0.3685 -0.3580 -0.3465 -0.3344 -0.3218 -0.3090 -0.2961 -0.2830 -0.2698 -0.2565 -0.2429 -0.2289 -0.2143 -0.1986 -0.1810 -0.1603 -0.1332 -0.0919 -0.0065 0.1438 0.2378 0.2568 0.2403 0.2119 0.1814 0.1520 0.1236 0.0954 0.0652 0.0288 -0.0232 -0.1085 -0.2158 -0.2982 -0.3472 -0.3732 -0.3886
-0.3782 -0.3476 -0.2987 -0.2162 -0.1085 -0.0230 0.0291 0.0654 0.0957 0.1240 0.1523 0.1819 0.2123 0.2407 0.2568 0.2370 0.1413 -0.0086 -0.0928 -0.1337 -0.1607 -0.1814 -0.1989 -0.2146 -0.2292 -0.2432 -0.2567 -0.2701 -0.2832 -0.2963 -0.3093 -0.3221 -0.3346 -0.3468 -0.3582 -0.3687 -0.3776 -0.3842 -0.3873 -0.3850 -0.3740 -0.3494 -0.3031 -0.2251 -0.1211 -0.0341 0.0186 0.0524 0.0762 0.0914 0.0968 0.0914 0.0762 0.0524 0.0186 -0.0341 -0.1211 -0.2252 -0.3031 -0.3495 -0.3740 -0.3850 -0.3873 -0.3842 -0.3776 -0.3687 -0.3582 -0.3468 -0.3346 -0.3221 -0.3093 -0.2963 -0.2832 -0.2700 -0.2567 -0.2431 -0.2292 -0.2146 -0.1989 -0.1814 -0.1607 -0.1337 -0.0928 -0.0085 0.1414 0.2370 0.2568 0.2407 0.2123 0.1819 0.1523 0.1240 0.0957 0.0654 0.0291 -0.0230 -0.1085 -0.2162 -0.2987 -0.3476 -0.3782
-0.3538 -0.2995 -0.2173 -0.1092 -0.0232 0.0291 0.0655 0.0959 0.1242 0.1526 0.1822 0.2127 0.2410 0.2569 0.2362 0.1390 -0.0105 -0.0937 -0.1342 -0.1610 -0.1817 -0.1992 -0.2148 -0.2294 -0.2434 -0.2570 -0.2703 -0.2835 -0.2965 -0.3095 -0.3223 -0.3349 -0.3470 -0.3584 -0.3689 -0.3778 -0.3843 -0.3873 -0.3848 -0.3737 -0.3487 -0.3017 -0.2225 -0.1172 -0.0302 0.0226 0.0580 0.0848 0.1059 0.1203 0.1256 0.1203 0.1059 0.0848 0.0579 0.0226 -0.0303 -0.1172 -0.2225 -0.3017 -0.3488 -0.3737 -0.3848 -0.3873 -0.3843 -0.3778 -0.3689 -0.3584 -0.3470 -0.3348 -0.3223 -0.3095 -0.2965 -0.2835 -0.2703 -0.2570 -0.2434 -0.2294 -0.2148 -0.1992 -0.1817 -0.1610 -0.1342 -0.0937 -0.0104 0.1391 0.2362 0.2569 0.2410 0.2127 0.1822 0.1526 0.1242 0.0959 0.0655 0.0291 -0.0232 -0.1092 -0.2173 -0.2995 -0.3538
-0.3068 -0.2187 -0.1105 -0.0238 0.0288 0.0654 0.0959 0.1242 0.1527 0.1824 0.2130 0.2412 0.2569 0.2356 0.1370 -0.0122 -0.0945 -0.1347 -0.1614 -0.1820 -0.1994 -0.2151 -0.2297 -0.2436 -0.2572 -0.2705 -0.2837 -0.2968 -0.3097 -0.3225 -0.3351 -0.3472 -0.3586 -0.3691 -0.3779 -0.3844 -0.3873 -0.3847 -0.3734 -0.3481 -0.3004 -0.2203 -0.1143 -0.0278 0.0250 0.0610 0.0895 0.1140 0.1345 0.1491 0.1545 0.1491 0.1345 0.1140 0.0895 0.0610 0.0250 -0.0278 -0.1144 -0.2204 -0.3004 -0.3481 -0.3734 -0.3847 -0.3873 -0.3844 -0.3779 -0.3691 -0.3586 -0.3472 -0.3351 -0.3225 -0.3097 -0.2968 -0.2837 -0.2705 -0.2572 -0.2436 -0.2297 -0.2151 -0.1994 -0.1820 -0.1614 -0.1347 -0.0945 -0.0122 0.1370 0.2356 0.2569 0.2412 0.2130 0.1824 0.1527 0.1242 0.0959 0.0654 0.0288 -0.0238 -0.1105 -0.2187 -0.3068
-0.2263 -0.1122 -0.0247 0.0284 0.0652 0.0957 0.1242 0.1527 0.1825 0.2131 0.2414 0.2569 0.2351 0.1353 -0.0136 -0.0952 -0.1352 -0.1617 -0.1823 -0.1997 -0.2153 -0.2299 -0.2438 -0.2574 -0.2707 -0.2839 -0.2970 -0.3100 -0.3228 -0.3353 -0.3474 -0.3588 -0.3692 -0.3781 -0.3845 -0.3874 -0.3846 -0.3731 -0.3475 -0.2993 -0.2184 -0.1120 -0.0259 0.0266 0.0628 0.0922 0.1184 0.1426 0.1637 0.1790 0.1847 0.1790 0.1637 0.1426 0.1184 0.0922 0.0628 0.0265 -0.0260 -0.1120 -0.2184 -0.2993 -0.3475 -0.3731 -0.3846 -0.3873 -0.3845 -0.3781 -0.3692 -0.3588 -0.3474 -0.3353 -0.3227 -0.3099 -0.2970 -0.2839 -0.2707 -0.2574 -0.2438 -0.2299 -0.2153 -0.1997 -0.1823 -0.1617 -0.1352 -0.0952 -0.0136 0.1353 0.2351 0.2569 0.2414 0.2131 0.1825 0.1527 0.1242 0.0957 0.0652 0.0284 -0.0247 -0.1122 -0.2263
-0.1172 -0.0258 0.0277 0.0648 0.0954 0.1240 0.1526 0.1824 0.2131 0.2415 0.2569 0.2347 0.1341 -0.0147 -0.0957 -0.1355 -0.1620 -0.1825 -0.1999 -0.2155 -0.2301 -0.2441 -0.2576 -0.2709 -0.2841 -0.2972 -0.3102 -0.3230 -0.3355 -0.3476 -0.3590 -0.3694 -0.3782 -0.3846 -0.3874 -0.3845 -0.3728 -0.3468 -0.2981 -0.2165 -0.1099 -0.0244 0.0277 0.0639 0.0937 0.1209 0.1471 0.1722 0.1943 0.2099 0.2157 0.2099 0.1943 0.1722 0.1471 0.1209 0.0937 0.0639 0.0277 -0.0245 -0.1099 -0.2165 -0.2981 -0.3468 -0.3728 -0.3845 -0.3874 -0.3846 -0.3782 -0.3694 -0.3590 -0.3476 -0.3355 -0.3230 -0.3102 -0.2972 -0.2841 -0.2709 -0.2576 -0.2441 -0.2301 -0.2155 -0.1999 -0.1825 -0.1620 -0.1355 -0.0957 -0.0147 0.1341 0.2348 0.2569 0.2415 0.2131 0.1824 0.1526 0.1240 0.0954 0.0648 0.0277 -0.0258 -0.1172
-0.0266 0.0270 0.0643 0.0950 0.1236 0.1523 0.1822 0.2130 0.2414 0.2569 0.2346 0.1334 -0.0154 -0.0961 -0.1358 -0.1623 -0.1827 -0.2001 -0.2157 -0.2303 -0.2443 -0.2578 -0.2711 -0.2843 -0.2974 -0.3104 -0.3232 -0.3357 -0.3478 -0.3592 -0.3696 -0.3783 -0.3847 -0.3874 -0.3844 -0.3725 -0.3462 -0.2969 -0.2147 -0.1080 -0.0231 0.0286 0.0648 0.0948 0.1225 0.1497 0.1769 0.2030 0.2250 0.2390 0.2436 0.2390 0.2250 0.2030 0.1769 0.1497 0.1225 0.0948 0.0648 0.0286 -0.0232 -0.1080 -0.2147 -0.2970 -0.3462 -0.3725 -0.3844 -0.3874 -0.3847 -0.3783 -0.3696 -0.3592 -0.3478 -0.3357 -0.3232 -0.3104 -0.2974 -0.2843 -0.2711 -0.2578 -0.2443 -0.2303 -0.2157 -0.2001 -0.1827 -0.1623 -0.1358 -0.0961 -0.0154 0.1335 0.2346 0.2569 0.2414 0.2130 0.1822 0.1523 0.1236 0.0950 0.0643 0.0270 -0.0266
0.0283 0.0637 0.0945 0.1232 0.1520 0.1819 0.2127 0.2412 0.2569 0.2348 0.1335 -0.0156 -0.0963 -0.1360 -0.1624 -0.1829 -0.2003 -0.2159 -0.2305 -0.2444 -0.2580 -0.2713 -0.2845 -0.2976 -0.3106 -0.3234 -0.3359 -0.3480 -0.3594 -0.3697 -0.3785 -0.3848 -0.3874 -0.3843 -0.3721 -0.3456 -0.2958 -0.2129 -0.1061 -0.0219 0.0295 0.0655 0.0955 0.1235 0.1512 0.1796 0.2078 0.2330 0.2501 0.2562 0.2565 0.2562 0.2501 0.2330 0.2078 0.1796 0.1512 0.1235 0.0955 0.0655 0.0294 -0.0220 -0.1061 -0.2130 -0.2958 -0.3456 -0.3722 -0.3843 -0.3874 -0.3848 -0.3785 -0.3697 -0.3594 -0.3480 -0.3359 -0.3234 -0.3106 -0.2976 -0.2845 -0.2713 -0.2580 -0.2444 -0.2305 -0.2159 -0.2003 -0.1829 -0.1624 -0.1360 -0.0963 -0.0156 0.1335 0.2348 0.2569 0.2412 0.2127 0.1819 0.1520 0.1232 0.0945 0.0637 0.0283
0.0659 0.0941 0.1228 0.1515 0.1814 0.2123 0.2410 0.2569 0.2351 0.1341 -0.0154 -0.0963 -0.1361 -0.1625 -0.1830 -0.2004 -0.2160 -0.2306 -0.2446 -0.2582 -0.2715 -0.2847 -0.2978 -0.3108 -0.3236 -0.3361 -0.3481 -0.3595 -0.3699 -0.3786 -0.3848 -0.3874 -0.3842 -0.3719 -0.3450 -0.2947 -0.2112 -0.1044 -0.0208 0.0302 0.0662 0.0962 0.1242 0.1523 0.1812 0.2105 0.2373 0.2545 0.2538 0.2373 0.2263 0.2373 0.2538 0.2545 0.2373 0.2105 0.1812 0.1523 0.1242 0.0962 0.0661 0.0302 -0.0208 -0.1044 -0.2113 -0.2948 -0.3450 -0.3719 -0.3842 -0.3874 -0.3848 -0.3786 -0.3699 -0.3595 -0.3481 -0.3361 -0.3235 -0.3108 -0.2978 -0.2847 -0.2715 -0.2582 -0.2446 -0.2306 -0.2160 -0.2004 -0.1830 -0.1625 -0.1361 -0.0963 -0.0154 0.1341 0.2351 0.2569 0.2410 0.2123 0.1814 0.1515 0.1228 0.0941 0.0659
0.0968 0.1223 0.1510 0.1810 0.2119 0.2407 0.2569 0.2356 0.1353 -0.0147 -0.0961 -0.1360 -0.1625 -0.1830 -0.2005 -0.2161 -0.2307 -0.2447 -0.2583 -0.2717 -0.2849 -0.2980 -0.3109 -0.3237 -0.3363 -0.3483 -0.3597 -0.3700 -0.3787 -0.3849 -0.3874 -0.3841 -0.3716 -0.3444 -0.2937 -0.2096 -0.1027 -0.0197 0.0309 0.0667 0.0967 0.1248 0.1530 0.1823 0.2122 0.2396 0.2561 0.2471 0.2021 0.1409 0.1121 0.1409 0.2022 0.2471 0.2561 0.2396 0.2122 0.1823 0.1530 0.1248 0.0967 0.0667 0.0309 -0.0198 -0.1027 -0.2097 -0.2937 -0.3444 -0.3716 -0.3841 -0.3874 -0.3849 -0.3787 -0.3700 -0.3597 -0.3483 -0.3363 -0.3237 -0.3109 -0.2980 -0.2849 -0.2717 -0.2583 -0.2447 -0.2307 -0.2161 -0.2005 -0.1830 -0.1625 -0.1360 -0.0961 -0.0147 0.1353 0.2356 0.2569 0.2407 0.2119 0.1810 0.1510 0.1223 0.0968
0.1256 0.1505 0.1805 0.2114 0.2403 0.2568 0.2362 0.1370 -0.0136 -0.0957 -0.1358 -0.1624 -0.1830 -0.2005 -0.2161 -0.2308 -0.2448 -0.2584 -0.2718 -0.2850 -0.2981 -0.3111 -0.3239 -0.3364 -0.3485 -0.3599 -0.3702 -0.3788 -0.3850 -0.3874 -0.3839 -0.3713 -0.3438 -0.2927 -0.2080 -0.1011 -0.0187 0.0315 0.0672 0.0972 0.1253 0.1537 0.1831 0.2133 0.2409 0.2567 0.2413 0.1722 0.0631 -0.0096 -0.0308 -0.0096 0.0631 0.1722 0.2413 0.2567 0.2409 0.2133 0.1831 0.1536 0.1253 0.0972 0.0672 0.0315 -0.0188 -0.1011 -0.2081 -0.2927 -0.3438 -0.3713 -0.3839 -0.3874 -0.3850 -0.3788 -0.3701 -0.3599 -0.3485 -0.3364 -0.3239 -0.3111 -0.2981 -0.2850 -0.2718 -0.2584 -0.2448 -0.2308 -0.2161 -0.2005 -0.1830 -0.1624 -0.1358 -0.0957 -0.0136 0.1370 0.2362 0.2568 0.2403 0.2114 0.1805 0.1505 0.1256
0.1545 0.1799 0.2109 0.2399 0.2568 0.2370 0.1391 -0.0122 -0.0952 -0.1355 -0.1623 -0.1829 -0.2004 -0.2161 -0.2308 -0.2448 -0.2584 -0.2718 -0.2851 -0.2982 -0.3112 -0.3240 -0.3366 -0.3487 -0.3600 -0.3703 -0.3789 -0.3850 -0.3874 -0.3838 -0.3710 -0.3432 -0.2916 -0.2065 -0.0995 -0.0178 0.0322 0.0677 0.0977 0.1258 0.1542 0.1837 0.2140 0.2418 0.2569 0.2373 0.1524 0.0202 -0.0596 -0.0934 -0.1028 -0.0934 -0.0596 0.0202 0.1525 0.2373 0.2569 0.2418 0.2140 0.1837 0.1541 0.1258 0.0977 0.0677 0.0322 -0.0178 -0.0996 -0.2065 -0.2917 -0.3433 -0.3710 -0.3838 -0.3874 -0.3850 -0.3789 -0.3703 -0.3600 -0.3487 -0.3366 -0.3240 -0.3112 -0.2982 -0.2851 -0.2718 -0.2584 -0.2448 -0.2308 -0.2161 -0.2004 -0.1829 -0.1623 -0.1355 -0.0952 -0.0122 0.1391 0.2370 0.2568 0.2399 0.2109 0.1799 0.1545
0.1846 0.2104 0.2394 0.2567 0.2378 0.1414 -0.0104 -0.0945 -0.1352 -0.1620 -0.1827 -0.2003 -0.2160 -0.2307 -0.2448 -0.2584 -0.2719 -0.2851 -0.2983 -0.3113 -0.3241 -0.3367 -0.3488 -0.3601 -0.3704 -0.3790 -0.3851 -0.3874 -0.3837 -0.3707 -0.3427 -0.2906 -0.2049 -0.0980 -0.0168 0.0328 0.0682 0.0981 0.1262 0.1546 0.1842 0.2146 0.2424 0.2570 0.2346 0.1400 -0.0008 -0.0805 -0.1167 -0.1346 -0.1403 -0.1346 -0.1167 -0.0805 -0.0008 0.1401 0.2346 0.2570 0.2424 0.2146 0.1842 0.1546 0.1262 0.0981 0.0682 0.0328 -0.0168 -0.0980 -0.2049 -0.2906 -0.3427 -0.3707 -0.3837 -0.3874 -0.3851 -0.3790 -0.3704 -0.3601 -0.3488 -0.3367 -0.3241 -0.3113 -0.2983 -0.2851 -0.2719 -0.2584 -0.2448 -0.2307 -0.2160 -0.2003 -0.1827 -0.1620 -0.1352 -0.0945 -0.0104 0.1414 0.2378 0.2567 0.2394 0.2104 0.1846
0.2159 0.2390 0.2566 0.2386 0.1438 -0.0085 -0.0937 -0.1347 -0.1617 -0.1825 -0.2001 -0.2159 -0.2306 -0.2447 -0.2584 -0.2718 -0.2851 -0.2983 -0.3113 -0.3242 -0.3368 -0.3489 -0.3602 -0.3705 -0.3791 -0.3852 -0.3874 -0.3836 -0.3704 -0.3421 -0.2895 -0.2033 -0.0964 -0.0159 0.0334 0.0687 0.0985 0.1267 0.1551 0.1847 0.2151 0.2429 0.2570 0.2327 0.1320 -0.0116 -0.0902 -0.1274 -0.1493 -0.1617 -0.1659 -0.1617 -0.1493 -0.1274 -0.0902 -0.0116 0.1321 0.2328 0.2570 0.2429 0.2151 0.1847 0.1551 0.1267 0.0985 0.0687 0.0334 -0.0159 -0.0965 -0.2034 -0.2896 -0.3421 -0.3704 -0.3836 -0.3874 -0.3852 -0.3791 -0.3705 -0.3602 -0.3489 -0.3368 -0.3242 -0.3113 -0.2983 -0.2851 -0.2718 -0.2584 -0.2447 -0.2306 -0.2159 -0.2001 -0.1825 -0.1617 -0.1347 -0.0937 -0.0085 0.1438 0.2386 0.2566 0.2390 0.2159
0.2453 0.2565 0.2395 0.1463 -0.0065 -0.0928 -0.1342 -0.1614 -0.1823 -0.1999 -0.2157 -0.2305 -0.2446 -0.2583 -0.2718 -0.2851 -0.2983 -0.3113 -0.3242 -0.3368 -0.3489 -0.3603 -0.3706 -0.3792 -0.3852 -0.3874 -0.3835 -0.3701 -0.3415 -0.2885 -0.2018 -0.0949 -0.0149 0.0340 0.0692 0.0990 0.1271 0.1555 0.1852 0.2156 0.2433 0.2570 0.2314 0.1269 -0.0177 -0.0950 -0.1327 -0.1566 -0.1727 -0.1826 -0.1860 -0.1826 -0.1727 -0.1566 -0.1327 -0.0950 -0.0176 0.1270 0.2314 0.2570 0.2433 0.2156 0.1852 0.1555 0.1271 0.0990 0.0692 0.0340 -0.0149 -0.0949 -0.2018 -0.2886 -0.3415 -0.3701 -0.3835 -0.3874 -0.3852 -0.3792 -0.3706 -0.3603 -0.3489 -0.3368 -0.3242 -0.3113 -0.2983 -0.2851 -0.2718 -0.2583 -0.2446 -0.2305 -0.2157 -0.1999 -0.1823 -0.1614 -0.1342 -0.0928 -0.0065 0.1463 0.2395 0.2565 0.2453
0.2632 0.2403 0.1489 -0.0044 -0.0919 -0.1337 -0.1610 -0.1820 -0.1997 -0.2155 -0.2303 -0.2444 -0.2582 -0.2717 -0.2850 -0.2982 -0.3113 -0.3242 -0.3368 -0.3489 -0.3603 -0.3706 -0.3792 -0.3852 -0.3874 -0.3834 -0.3699 -0.3410 -0.2876 -0.2003 -0.0934 -0.0140 0.0346 0.0697 0.0994 0.1275 0.1560 0.1856 0.2161 0.2436 0.2570 0.2303 0.1233 -0.0214 -0.0977 -0.1356 -0.1603 -0.1784 -0.1917 -0.2003 -0.2033 -0.2003 -0.1917 -0.1784 -0.1603 -0.1355 -0.0977 -0.0213 0.1233 0.2303 0.2570 0.2436 0.2161 0.1856 0.1560 0.1275 0.0994 0.0697 0.0346 -0.0140 -0.0935 -0.2003 -0.2876 -0.3410 -0.3699 -0.3834 -0.3874 -0.3852 -0.3792 -0.3706 -0.3603 -0.3489 -0.3368 -0.3242 -0.3113 -0.2982 -0.2850 -0.2717 -0.2582 -0.2444 -0.2303 -0.2155 -0.1997 -0.1820 -0.1610 -0.1337 -0.0919 -0.0044 0.1489 0.2403 0.2632
0.2468 0.1515 -0.0022 -0.0910 -0.1332 -0.1607 -0.1817 -0.1994 -0.2153 -0.2301 -0.2443 -0.2580 -0.2715 -0.2849 -0.2981 -0.3112 -0.3241 -0.3368 -0.3489 -0.3603 -0.3706 -0.3792 -0.3853 -0.3874 -0.3834 -0.3698 -0.3407 -0.2869 -0.1991 -0.0921 -0.0131 0.0352 0.0702 0.0999 0.1280 0.1564 0.1861 0.2165 0.2440 0.2570 0.2293 0.1204 -0.0239 -0.0993 -0.1371 -0.1624 -0.1814 -0.1966 -0.2083 -0.2161 -0.2189 -0.2161 -0.2083 -0.1966 -0.1814 -0.1623 -0.1371 -0.0993 -0.0239 0.1204 0.2293 0.2570 0.2440 0.2165 0.1861 0.1564 0.1279 0.0998 0.0702 0.0352 -0.0132 -0.0922 -0.1991 -0.2869 -0.3407 -0.3698 -0.3834 -0.3874 -0.3853 -0.3792 -0.3706 -0.3603 -0.3489 -0.3368 -0.3241 -0.3112 -0.2981 -0.2849 -0.2715 -0.2580 -0.2443 -0.2301 -0.2153 -0.1994 -0.1817 -0.1607 -0.1332 -0.0910 -0.0022 0.1515 0.2468
0.1573 0.0001 -0.0900 -0.1326 -0.1603 -0.1814 -0.1992 -0.2151 -0.2299 -0.2441 -0.2578 -0.2713 -0.2847 -0.2980 -0.3111 -0.3240 -0.3367 -0.3489 -0.3603 -0.3706 -0.3792 -0.3853 -0.3874 -0.3833 -0.3696 -0.3404 -0.2863 -0.1981 -0.0911 -0.0124 0.0357 0.0706 0.1003 0.1284 0.1569 0.1866 0.2170 0.2443 0.2570 0.2283 0.1178 -0.0259 -0.1005 -0.1381 -0.1635 -0.1831 -0.1992 -0.2128 -0.2236 -0.2309 -0.2336 -0.2309 -0.2236 -0.2128 -0.1992 -0.1831 -0.1635 -0.1381 -0.1004 -0.0259 0.1179 0.2283 0.2570 0.2443 0.2170 0.1866 0.1569 0.1284 0.1003 0.0706 0.0357 -0.0124 -0.0911 -0.1981 -0.2863 -0.3404 -0.3696 -0.3833 -0.3874 -0.3853 -0.3792 -0.3706 -0.3603 -0.3489 -0.3367 -0.3240 -0.3111 -0.2980 -0.2847 -0.2713 -0.2578 -0.2441 -0.2299 -0.2151 -0.1992 -0.1814 -0.1603 -0.1326 -0.0900 0.0001 0.1573
0.0034 -0.0890 -0.1320 -0.1598 -0.1810 -0.1989 -0.2148 -0.2297 -0.2438 -0.2576 -0.2711 -0.2845 -0.2978 -0.3109 -0.3239 -0.3366 -0.3488 -0.3602 -0.3706 -0.3792 -0.3853 -0.3874 -0.3833 -0.3696 -0.3402 -0.2859 -0.1974 -0.0903 -0.0119 0.0361 0.0710 0.1006 0.1288 0.1573 0.1870 0.2175 0.2447 0.2569 0.2273 0.1153 -0.0277 -0.1014 -0.1388 -0.1642 -0.1840 -0.2006 -0.2151 -0.2277 -0.2380 -0.2451 -0.2477 -0.2451 -0.2380 -0.2277 -0.2151 -0.2006 -0.1840 -0.1642 -0.1388 -0.1013 -0.0276 0.1154 0.2274 0.2569 0.2447 0.2175 0.1870 0.1573 0.1288 0.1006 0.0710 0.0361 -0.0119 -0.0903 -0.1974 -0.2859 -0.3402 -0.3696 -0.3833 -0.3874 -0.3853 -0.3792 -0.3706 -0.3602 -0.3488 -0.3366 -0.3239 -0.3109 -0.2978 -0.2845 -0.2711 -0.2576 -0.2438 -0.2297 -0.2148 -0.1989 -0.1810 -0.1598 -0.1320 -0.0890 0.0034
-0.0862 -0.1315 -0.1594 -0.1807 -0.1986 -0.2146 -0.2294 -0.2436 -0.2574 -0.2709 -0.2843 -0.2976 -0.3108 -0.3237 -0.3364 -0.3487 -0.3601 -0.3705 -0.3792 -0.3852 -0.3874 -0.3833 -0.3696 -0.3401 -0.2857 -0.1969 -0.0898 -0.0115 0.0365 0.0713 0.1009 0.1291 0.1577 0.1875 0.2179 0.2450 0.2569 0.2263 0.1129 -0.0293 -0.1021 -0.1394 -0.1647 -0.1846 -0.2014 -0.2164 -0.2299 -0.2420 -0.2520 -0.2589 -0.2614 -0.2589 -0.2520 -0.2420 -0.2299 -0.2164 -0.2014 -0.1846 -0.1647 -0.1394 -0.1021 -0.0293 0.1130 0.2264 0.2569 0.2450 0.2179 0.1874 0.1577 0.1291 0.1009 0.0713 0.0364 -0.0115 -0.0898 -0.1969 -0.2857 -0.3401 -0.3696 -0.3833 -0.3874 -0.3852 -0.3792 -0.3705 -0.3601 -0.3487 -0.3364 -0.3237 -0.3108 -0.2976 -0.2843 -0.2709 -0.2574 -0.2436 -0.2294 -0.2146 -0.1986 -0.1807 -0.1594 -0.1315 -0.0862
-0.1299 -0.1590 -0.1804 -0.1983 -0.2143 -0.2292 -0.2434 -0.2572 -0.2707 -0.2841 -0.2974 -0.3106 -0.3235 -0.3363 -0.3485 -0.3600 -0.3704 -0.3791 -0.3852 -0.3874 -0.3834 -0.3696 -0.3402 -0.2857 -0.1967 -0.0895 -0.0112 0.0367 0.0715 0.1011 0.1294 0.1580 0.1878 0.2183 0.2453 0.2568 0.2253 0.1104 -0.0309 -0.1029 -0.1399 -0.1651 -0.1850 -0.2020 -0.2172 -0.2312 -0.2441 -0.2558 -0.2656 -0.2724 -0.2749 -0.2724 -0.2656 -0.2558 -0.2441 -0.2312 -0.2172 -0.2020 -0.1850 -0.1651 -0.1399 -0.1029 -0.0309 0.1105 0.2254 0.2568 0.2453 0.2183 0.1878 0.1579 0.1294 0.1011 0.0715 0.0367 -0.0112 -0.0895 -0.1967 -0.2857 -0.3402 -0.3696 -0.3834 -0.3874 -0.3852 -0.3791 -0.3704 -0.3600 -0.3485 -0.3363 -0.3235 -0.3106 -0.2974 -0.2841 -0.2707 -0.2572 -0.2434 -0.2292 -0.2143 -0.1983 -0.1804 -0.1590 -0.1299
-0.1580 -0.1800 -0.1980 -0.2140 -0.2289 -0.2431 -0.2570 -0.2705 -0.2839 -0.2972 -0.3104 -0.3234 -0.3361 -0.3483 -0.3599 -0.3703 -0.3790 -0.3852 -0.3874 -0.3834 -0.3698 -0.3404 -0.2859 -0.1969 -0.0895 -0.0112 0.0368 0.0716 0.1013 0.1295 0.1582 0.1881 0.2186 0.2456 0.2568 0.2244 0.1082 -0.0325 -0.1036 -0.1403 -0.1655 -0.1853 -0.2023 -0.2176 -0.2319 -0.2453 -0.2579 -0.2694 -0.2791 -0.2858 -0.2883 -0.2858 -0.2791 -0.2694 -0.2579 -0.2453 -0.2319 -0.2176 -0.2023 -0.1853 -0.1655 -0.1403 -0.1036 -0.0324 0.1082 0.2244 0.2568 0.2456 0.2186 0.1881 0.1582 0.1295 0.1013 0.0716 0.0368 -0.0112 -0.0895 -0.1969 -0.2859 -0.3404 -0.3698 -0.3834 -0.3874 -0.3852 -0.3790 -0.3703 -0.3599 -0.3483 -0.3361 -0.3234 -0.3104 -0.2972 -0.2839 -0.2705 -0.2570 -0.2431 -0.2289 -0.2140 -0.1980 -0.1800 -0.1580
-0.1792 -0.1977 -0.2138 -0.2287 -0.2429 -0.2567 -0.2703 -0.2837 -0.2970 -0.3102 -0.3232 -0.3359 -0.3481 -0.3597 -0.3701 -0.3789 -0.3851 -0.3874 -0.3835 -0.3699 -0.3407 -0.2863 -0.1974 -0.0898 -0.0112 0.0368 0.0716 0.1014 0.1296 0.1583 0.1883 0.2188 0.2458 0.2567 0.2237 0.1062 -0.0338 -0.1043 -0.1408 -0.1659 -0.1856 -0.2026 -0.2180 -0.2323 -0.2460 -0.2590 -0.2714 -0.2828 -0.2924 -0.2991 -0.3016 -0.2991 -0.2924 -0.2828 -0.2714 -0.2590 -0.2460 -0.2323 -0.2180 -0.2026 -0.1856 -0.1658 -0.1408 -0.1042 -0.0338 0.1062 0.2237 0.2567 0.2458 0.2188 0.1883 0.1583 0.1296 0.1014 0.0716 0.0368 -0.0112 -0.0898 -0.1974 -0.2863 -0.3407 -0.3699 -0.3835 -0.3874 -0.3851 -0.3789 -0.3701 -0.3597 -0.3481 -0.3359 -0.3232 -0.3102 -0.2970 -0.2837 -0.2703 -0.2567 -0.2429 -0.2287 -0.2138 -0.1977 -0.1792
-0.1971 -0.2135 -0.2284 -0.2427 -0.2565 -0.2700 -0.2835 -0.2968 -0.3099 -0.3230 -0.3357 -0.3480 -0.3595 -0.3700 -0.3788 -0.3850 -0.3874 -0.3836 -0.3701 -0.3410 -0.2869 -0.1981 -0.0903 -0.0115 0.0367 0.0716 0.1014 0.1297 0.1584 0.1884 0.2190 0.2459 0.2567 0.2231 0.1045 -0.0350 -0.1048 -0.1412 -0.1662 -0.1859 -0.2029 -0.2183 -0.2326 -0.2464 -0.2597 -0.2725 -0.2848 -0.2961 -0.3056 -0.3123 -0.3148 -0.3123 -0.3056 -0.2961 -0.2848 -0.2725 -0.2597 -0.2464 -0.2326 -0.2183 -0.2029 -0.1859 -0.1662 -0.1411 -0.1048 -0.0349 0.1046 0.2231 0.2567 0.2459 0.2190 0.1884 0.1584 0.1297 0.1014 0.0716 0.0367 -0.0115 -0.0903 -0.1981 -0.2869 -0.3410 -0.3701 -0.3836 -0.3874 -0.3850 -0.3788 -0.3700 -0.3595 -0.3480 -0.3357 -0.3230 -0.3099 -0.2968 -0.2835 -0.2700 -0.2565 -0.2427 -0.2284 -0.2135 -0.1971
-0.2129 -0.2282 -0.2424 -0.2562 -0.2698 -0.2832 -0.2965 -0.3097 -0.3227 -0.3355 -0.3478 -0.3594 -0.3699 -0.3787 -0.3850 -0.3874 -0.3837 -0.3704 -0.3415 -0.2876 -0.1991 -0.0911 -0.0119 0.0365 0.0715 0.1013 0.1296 0.1584 0.1884 0.2190 0.2460 0.2567 0.2226 0.1034 -0.0358 -0.1053 -0.1415 -0.1664 -0.1862 -0.2031 -0.2185 -0.2329 -0.2467 -0.2601 -0.2732 -0.2859 -0.2981 -0.3093 -0.3187 -0.3253 -0.3277 -0.3253 -0.3187 -0.3093 -0.2981 -0.2859 -0.2732 -0.2601 -0.2467 -0.2329 -0.2185 -0.2031 -0.1862 -0.1664 -0.1415 -0.1053 -0.0358 0.1034 0.2226 0.2567 0.2460 0.2190 0.1884 0.1584 0.1296 0.1013 0.0715 0.0364 -0.0119 -0.0911 -0.1991 -0.2876 -0.3415 -0.3704 -0.3837 -0.3874 -0.3850 -0.3787 -0.3699 -0.3594 -0.3478 -0.3355 -0.3227 -0.3097 -0.2965 -0.2832 -0.2698 -0.2562 -0.2424 -0.2282 -0.2129
-0.2277 -0.2422 -0.2560 -0.2696 -0.2830 -0.2963 -0.3095 -0.3225 -0.3353 -0.3476 -0.3592 -0.3697 -0.3786 -0.3849 -0.3874 -0.3838 -0.3707 -0.3421 -0.2886 -0.2003 -0.0922 -0.0124 0.0361 0.0713 0.1011 0.1295 0.1583 0.1884 0.2190 0.2460 0.2567 0.2223 0.1025 -0.0364 -0.1056 -0.1417 -0.1666 -0.1864 -0.2033 -0.2187 -0.2331 -0.2469 -0.2604 -0.2736 -0.2865 -0.2992 -0.3112 -0.3223 -0.3316 -0.3380 -0.3404 -0.3380 -0.3316 -0.3223 -0.3112 -0.2992 -0.2865 -0.2736 -0.2604 -0.2469 -0.2331 -0.2187 -0.2033 -0.1864 -0.1666 -0.1417 -0.1056 -0.0364 0.1025 0.2223 0.2567 0.2460 0.2190 0.1884 0.1583 0.1295 0.1011 0.0713 0.0361 -0.0124 -0.0922 -0.2003 -0.2886 -0.3421 -0.3707 -0.3838 -0.3874 -0.3849 -0.3786 -0.3697 -0.3592 -0.3476 -0.3353 -0.3225 -0.3095 -0.2963 -0.2830 -0.2696 -0.2560 -0.2422 -0.2277
-0.2418 -0.2558 -0.2693 -0.2828 -0.2961 -0.3093 -0.3223 -0.3351 -0.3474 -0.3590 -0.3696 -0.3785 -0.3848 -0.3874 -0.3839 -0.3710 -0.3427 -0.2896 -0.2018 -0.0935 -0.0132 0.0357 0.0710 0.1009 0.1294 0.1582 0.1883 0.2190 0.2460 0.2567 0.2222 0.1021 -0.0368 -0.1059 -0.1419 -0.1668 -0.1865 -0.2035 -0.2189 -0.2333 -0.2471 -0.2606 -0.2739 -0.2870 -0.2998 -0.3123 -0.3242 -0.3351 -0.3441 -0.3503 -0.3525 -0.3503 -0.3441 -0.3351 -0.3242 -0.3123 -0.2998 -0.2870 -0.2739 -0.2606 -0.2471 -0.2333 -0.2189 -0.2035 -0.1865 -0.1668 -0.1419 -0.1059 -0.0368 0.1021 0.2222 0.2567 0.2460 0.2190 0.1883 0.1582 0.1294 0.1009 0.0710 0.0357 -0.0132 -0.0935 -0.2018 -0.2896 -0.3427 -0.3710 -0.3839 -0.3874 -0.3848 -0.3785 -0.3696 -0.3590 -0.3474 -0.3351 -0.3223 -0.3093 -0.2961 -0.2828 -0.2693 -0.2558 -0.2418
-0.2554 -0.2691 -0.2825 -0.2958 -0.3090 -0.3221 -0.3348 -0.3472 -0.3588 -0.3694 -0.3783 -0.3848 -0.3874 -0.3841 -0.3713 -0.3433 -0.2906 -0.2034 -0.0949 -0.0140 0.0352 0.0706 0.1006 0.1291 0.1579 0.1881 0.2188 0.2459 0.2567 0.2223 0.1021 -0.0370 -0.1060 -0.1420 -0.1669 -0.1866 -0.2036 -0.2190 -0.2334 -0.2473 -0.2608 -0.2741 -0.2872 -0.3002 -0.3129 -0.3253 -0.3369 -0.3474 -0.3560 -0.3618 -0.3638 -0.3618 -0.3560 -0.3474 -0.3369 -0.3253 -0.3129 -0.3002 -0.2872 -0.2741 -0.2608 -0.2473 -0.2334 -0.2190 -0.2036 -0.1866 -0.1669 -0.1420 -0.1060 -0.0370 0.1021 0.2223 0.2567 0.2459 0.2188 0.1881 0.1579 0.1291 0.1006 0.0706 0.0352 -0.0140 -0.0949 -0.2034 -0.2906 -0.3433 -0.3713 -0.3841 -0.3874 -0.3848 -0.3783 -0.3694 -0.3588 -0.3472 -0.3348 -0.3221 -0.3090 -0.2958 -0.2825 -0.2691 -0.2554
-0.2689 -0.2823 -0.2956 -0.3088 -0.3218 -0.3346 -0.3470 -0.3586 -0.3692 -0.3782 -0.3847 -0.3874 -0.3842 -0.3716 -0.3438 -0.2917 -0.2049 -0.0965 -0.0149 0.0346 0.0702 0.1003 0.1288 0.1577 0.1878 0.2186 0.2458 0.2567 0.2226 0.1025 -0.0368 -0.1060 -0.1421 -0.1670 -0.1867 -0.2037 -0.2191 -0.2335 -0.2474 -0.2610 -0.2743 -0.2874 -0.3005 -0.3133 -0.3259 -0.3379 -0.3491 -0.3590 -0.3669 -0.3721 -0.3739 -0.3721 -0.3669 -0.3590 -0.3491 -0.3379 -0.3259 -0.3133 -0.3005 -0.2874 -0.2743 -0.2610 -0.2474 -0.2335 -0.2191 -0.2037 -0.1867 -0.1670 -0.1421 -0.1060 -0.0368 0.1025 0.2226 0.2567 0.2458 0.2186 0.1878 0.1577 0.1288 0.1003 0.0702 0.0346 -0.0149 -0.0965 -0.2049 -0.2917 -0.3438 -0.3716 -0.3842 -0.3874 -0.3847 -0.3782 -0.3692 -0.3586 -0.3470 -0.3346 -0.3218 -0.3088 -0.2956 -0.2823 -0.2689
-0.2821 -0.2954 -0.3086 -0.3216 -0.3344 -0.3468 -0.3584 -0.3691 -0.3781 -0.3846 -0.3874 -0.3843 -0.3719 -0.3444 -0.2927 -0.2065 -0.0980 -0.0159 0.0340 0.0697 0.0998 0.1284 0.1573 0.1874 0.2183 0.2456 0.2567 0.2231 0.1034 -0.0364 -0.1059 -0.1420 -0.1670 -0.1867 -0.2037 -0.2191 -0.2336 -0.2475 -0.2611 -0.2744 -0.2876 -0.3007 -0.3136 -0.3262 -0.3385 -0.3501 -0.3606 -0.3696 -0.3764 -0.3806 -0.3820 -0.3806 -0.3764 -0.3696 -0.3606 -0.3501 -0.3385 -0.3262 -0.3136 -0.3006 -0.2876 -0.2744 -0.2610 -0.2475 -0.2336 -0.2191 -0.2037 -0.1867 -0.1670 -0.1420 -0.1059 -0.0364 0.1034 0.2231 0.2567 0.2456 0.2183 0.1874 0.1573 0.1284 0.0998 0.0697 0.0340 -0.0159 -0.0980 -0.2065 -0.2927 -0.3444 -0.3719 -0.3843 -0.3874 -0.3846 -0.3781 -0.3691 -0.3584 -0.3468 -0.3344 -0.3216 -0.3086 -0.2954 -0.2821
-0.2953 -0.3083 -0.3214 -0.3342 -0.3465 -0.3582 -0.3689 -0.3779 -0.3845 -0.3874 -0.3844 -0.3722 -0.3450 -0.2937 -0.2081 -0.0996 -0.0168 0.0334 0.0692 0.0994 0.1279 0.1569 0.1870 0.2179 0.2453 0.2568 0.2237 0.1046 -0.0358 -0.1056 -0.1419 -0.1669 -0.1867 -0.2037 -0.2192 -0.2336 -0.2476 -0.2611 -0.2745 -0.2877 -0.3008 -0.3137 -0.3265 -0.3388 -0.3506 -0.3615 -0.3710 -0.3785 -0.3837 -0.3864 -0.3871 -0.3864 -0.3837 -0.3785 -0.3710 -0.3615 -0.3506 -0.3388 -0.3265 -0.3137 -0.3008 -0.2877 -0.2745 -0.2611 -0.2476 -0.2336 -0.2192 -0.2037 -0.1867 -0.1669 -0.1419 -0.1056 -0.0358 0.1046 0.2237 0.2568 0.2453 0.2179 0.1870 0.1569 0.1279 0.0994 0.0692 0.0334 -0.0168 -0.0996 -0.2081 -0.2937 -0.3450 -0.3722 -0.3844 -0.3874 -0.3845 -0.3779 -0.3689 -0.3582 -0.3465 -0.3342 -0.3214 -0.3083 -0.2953
-0.3084 -0.3212 -0.3340 -0.3463 -0.3580 -0.3687 -0.3778 -0.3844 -0.3873 -0.3845 -0.3725 -0.3456 -0.2948 -0.2097 -0.1011 -0.0178 0.0328 0.0687 0.0990 0.1275 0.1564 0.1866 0.2175 0.2450 0.2568 0.2244 0.1062 -0.0349 -0.1053 -0.1417 -0.1668 -0.1866 -0.2037 -0.2191 -0.2336 -0.2476 -0.2612 -0.2745 -0.2878 -0.3009 -0.3138 -0.3266 -0.3390 -0.3509 -0.3620 -0.3717 -0.3796 -0.3850 -0.3876 -0.3879 -0.3877 -0.3879 -0.3876 -0.3850 -0.3796 -0.3717 -0.3620 -0.3509 -0.3390 -0.3266 -0.3138 -0.3009 -0.2878 -0.2745 -0.2612 -0.2476 -0.2336 -0.2191 -0.2037 -0.1866 -0.1668 -0.1417 -0.1053 -0.0349 0.1062 0.2244 0.2568 0.2450 0.2175 0.1866 0.1564 0.1275 0.0990 0.0687 0.0328 -0.0178 -0.1011 -0.2097 -0.2948 -0.3456 -0.3725 -0.3845 -0.3873 -0.3844 -0.3778 -0.3687 -0.3580 -0.3463 -0.3340 -0.3212 -0.3084
-0.3214 -0.3337 -0.3461 -0.3578 -0.3685 -0.3776 -0.3843 -0.3873 -0.3846 -0.3728 -0.3462 -0.2958 -0.2113 -0.1027 -0.0188 0.0322 0.0682 0.0985 0.1271 0.1560 0.1861 0.2170 0.2447 0.2569 0.2254 0.1082 -0.0338 -0.1048 -0.1415 -0.1666 -0.1865 -0.2036 -0.2191 -0.2336 -0.2476 -0.2612 -0.2746 -0.2878 -0.3009 -0.3139 -0.3267 -0.3392 -0.3511 -0.3622 -0.3721 -0.3801 -0.3855 -0.3876 -0.3862 -0.3828 -0.3810 -0.3828 -0.3862 -0.3876 -0.3855 -0.3801 -0.3721 -0.3622 -0.3511 -0.3392 -0.3267 -0.3139 -0.3009 -0.2878 -0.2745 -0.2612 -0.2476 -0.2336 -0.2191 -0.2036 -0.1865 -0.1666 -0.1415 -0.1048 -0.0338 0.1082 0.2254 0.2569 0.2447 0.2170 0.1861 0.1560 0.1271 0.0985 0.0682 0.0322 -0.0188 -0.1027 -0.2113 -0.2958 -0.3462 -0.3728 -0.3846 -0.3873 -0.3843 -0.3776 -0.3685 -0.3578 -0.3461 -0.3337 -0.3214
-0.3342 -0.3459 -0.3576 -0.3684 -0.3775 -0.3842 -0.3873 -0.3847 -0.3731 -0.3468 -0.2970 -0.2130 -0.1044 -0.0198 0.0315 0.0677 0.0981 0.1267 0.1555 0.1856 0.2165 0.2443 0.2569 0.2264 0.1105 -0.0324 -0.1042 -0.1411 -0.1664 -0.1864 -0.2035 -0.2190 -0.2335 -0.2475 -0.2611 -0.2745 -0.2878 -0.3009 -0.3140 -0.3268 -0.3393 -0.3512 -0.3624 -0.3723 -0.3804 -0.3858 -0.3875 -0.3844 -0.3766 -0.3672 -0.3627 -0.3672 -0.3766 -0.3844 -0.3875 -0.3858 -0.3804 -0.3723 -0.3624 -0.3512 -0.3393 -0.3268 -0.3140 -0.3009 -0.2878 -0.2745 -0.2611 -0.2475 -0.2335 -0.2190 -0.2035 -0.1864 -0.1664 -0.1411 -0.1042 -0.0324 0.1105 0.2264 0.2569 0.2443 0.2165 0.1856 0.1555 0.1267 0.0981 0.0677 0.0315 -0.0198 -0.1044 -0.2130 -0.2970 -0.3468 -0.3731 -0.3847 -0.3873 -0.3842 -0.3775 -0.3684 -0.3576 -0.3459 -0.3342
-0.3466 -0.3574 -0.3682 -0.3773 -0.3842 -0.3873 -0.3848 -0.3734 -0.3475 -0.2981 -0.2147 -0.1061 -0.0208 0.0309 0.0672 0.0977 0.1262 0.1551 0.1852 0.2161 0.2440 0.2570 0.2274 0.1130 -0.0309 -0.1036 -0.1408 -0.1662 -0.1862 -0.2033 -0.2189 -0.2334 -0.2474 -0.2610 -0.2745 -0.2878 -0.3009 -0.3140 -0.3268 -0.3393 -0.3513 -0.3625 -0.3724 -0.3806 -0.3859 -0.3873 -0.3831 -0.3717 -0.3536 -0.3344 -0.3256 -0.3344 -0.3536 -0.3717 -0.3831 -0.3873 -0.3859 -0.3806 -0.3724 -0.3625 -0.3513 -0.3393 -0.3268 -0.3140 -0.3009 -0.2878 -0.2745 -0.2610 -0.2474 -0.2334 -0.2189 -0.2033 -0.1862 -0.1662 -0.1408 -0.1036 -0.0309 0.1130 0.2274 0.2570 0.2440 0.2161 0.1852 0.1551 0.1262 0.0977 0.0672 0.0309 -0.0208 -0.1061 -0.2147 -0.2981 -0.3475 -0.3734 -0.3848 -0.3873 -0.3842 -0.3773 -0.3682 -0.3574 -0.3466
-0.3584 -0.3680 -0.3772 -0.3841 -0.3873 -0.3850 -0.3737 -0.3481 -0.2993 -0.2165 -0.1080 -0.0220 0.0302 0.0667 0.0972 0.1258 0.1546 0.1847 0.2156 0.2436 0.2570 0.2283 0.1154 -0.0293 -0.1029 -0.1403 -0.1658 -0.1859 -0.2031 -0.2187 -0.2333 -0.2473 -0.2610 -0.2744 -0.2877 -0.3009 -0.3139 -0.3268 -0.3393 -0.3513 -0.3625 -0.3725 -0.3806 -0.3860 -0.3872 -0.3823 -0.3686 -0.3439 -0.3090 -0.2743 -0.2591 -0.2744 -0.3090 -0.3439 -0.3686 -0.3823 -0.3872 -0.3860 -0.3806 -0.3725 -0.3625 -0.3513 -0.3393 -0.3268 -0.3139 -0.3009 -0.2877 -0.2744 -0.2610 -0.2473 -0.2333 -0.2187 -0.2031 -0.1859 -0.1658 -0.1403 -0.1029 -0.0293 0.1154 0.2283 0.2570 0.2436 0.2156 0.1847 0.1546 0.1258 0.0972 0.0667 0.0302 -0.0220 -0.1080 -0.2165 -0.2993 -0.3481 -0.3737 -0.3850 -0.3873 -0.3841 -0.3772 -0.3680 -0.3584
-0.3693 -0.3770 -0.3840 -0.3873 -0.3851 -0.3740 -0.3488 -0.3004 -0.2184 -0.1099 -0.0232 0.0294 0.0661 0.0967 0.1253 0.1541 0.1842 0.2151 0.2433 0.2570 0.2293 0.1179 -0.0276 -0.1021 -0.1399 -0.1655 -0.1856 -0.2029 -0.2185 -0.2331 -0.2471 -0.2608 -0.2743 -0.2876 -0.3008 -0.3138 -0.3267 -0.3393 -0.3513 -0.3625 -0.3725 -0.3807 -0.3860 -0.3872 -0.3819 -0.3669 -0.3380 -0.2917 -0.2320 -0.1790 -0.1581 -0.1790 -0.2321 -0.2917 -0.3380 -0.3669 -0.3819 -0.3872 -0.3860 -0.3807 -0.3725 -0.3625 -0.3513 -0.3393 -0.3267 -0.3138 -0.3008 -0.2876 -0.2743 -0.2608 -0.2471 -0.2331 -0.2185 -0.2029 -0.1856 -0.1655 -0.1399 -0.1021 -0.0276 0.1179 0.2293 0.2570 0.2433 0.2151 0.1842 0.1541 0.1253 0.0967 0.0661 0.0294 -0.0232 -0.1099 -0.2184 -0.3004 -0.3488 -0.3740 -0.3851 -0.3873 -0.3840 -0.3770 -0.3693
-0.3788 -0.3838 -0.3873 -0.3852 -0.3744 -0.3494 -0.3017 -0.2203 -0.1120 -0.0245 0.0286 0.0655 0.0962 0.1248 0.1536 0.1837 0.2146 0.2429 0.2570 0.2303 0.1204 -0.0259 -0.1013 -0.1394 -0.1651 -0.1853 -0.2026 -0.2183 -0.2329 -0.2469 -0.2606 -0.2741 -0.2874 -0.3006 -0.3137 -0.3266 -0.3392 -0.3512 -0.3625 -0.3725 -0.3807 -0.3860 -0.3871 -0.3817 -0.3661 -0.3348 -0.2816 -0.2053 -0.1253 -0.0730 -0.0562 -0.0730 -0.1253 -0.2053 -0.2816 -0.3349 -0.3661 -0.3817 -0.3871 -0.3860 -0.3807 -0.3725 -0.3625 -0.3512 -0.3392 -0.3266 -0.3137 -0.3006 -0.2874 -0.2741 -0.2606 -0.2469 -0.2329 -0.2183 -0.2026 -0.1853 -0.1651 -0.1394 -0.1013 -0.0259 0.1204 0.2303 0.2570 0.2429 0.2146 0.1837 0.1536 0.1248 0.0962 0.0655 0.0286 -0.0245 -0.1120 -0.2204 -0.3017 -0.3495 -0.3744 -0.3852 -0.3873 -0.3838 -0.3788
-0.3862 -0.3872 -0.3853 -0.3747 -0.3502 -0.3031 -0.2225 -0.1143 -0.0259 0.0277 0.0648 0.0955 0.1242 0.1530 0.1831 0.2140 0.2424 0.2570 0.2314 0.1233 -0.0239 -0.1004 -0.1388 -0.1647 -0.1850 -0.2023 -0.2180 -0.2326 -0.2467 -0.2604 -0.2739 -0.2872 -0.3005 -0.3136 -0.3265 -0.3390 -0.3511 -0.3624 -0.3724 -0.3806 -0.3860 -0.3871 -0.3816 -0.3657 -0.3333 -0.2764 -0.1907 -0.0975 -0.0336 -0.0012 0.0088 -0.0012 -0.0337 -0.0975 -0.1908 -0.2765 -0.3334 -0.3657 -0.3816 -0.3871 -0.3860 -0.3806 -0.3724 -0.3624 -0.3511 -0.3390 -0.3265 -0.3136 -0.3005 -0.2872 -0.2739 -0.2604 -0.2467 -0.2326 -0.2180 -0.2023 -0.1850 -0.1647 -0.1388 -0.1004 -0.0239 0.1233 0.2314 0.2570 0.2424 0.2140 0.1831 0.1530 0.1242 0.0955 0.0648 0.0277 -0.0260 -0.1144 -0.2225 -0.3031 -0.3502 -0.3748 -0.3853 -0.3872 -0.3862
-0.3903 -0.3855 -0.3752 -0.3511 -0.3047 -0.2251 -0.1172 -0.0277 0.0266 0.0640 0.0948 0.1235 0.1523 0.1823 0.2133 0.2418 0.2570 0.2327 0.1269 -0.0213 -0.0993 -0.1381 -0.1642 -0.1846 -0.2020 -0.2176 -0.2323 -0.2464 -0.2601 -0.2736 -0.2870 -0.3002 -0.3133 -0.3262 -0.3388 -0.3509 -0.3622 -0.3723 -0.3806 -0.3860 -0.3872 -0.3817 -0.3657 -0.3329 -0.2743 -0.1839 -0.0844 -0.0164 0.0222 0.0433 0.0504 0.0433 0.0222 -0.0164 -0.0844 -0.1839 -0.2743 -0.3329 -0.3657 -0.3817 -0.3872 -0.3860 -0.3806 -0.3723 -0.3622 -0.3509 -0.3388 -0.3262 -0.3133 -0.3002 -0.2870 -0.2736 -0.2601 -0.2464 -0.2323 -0.2176 -0.2020 -0.1846 -0.1642 -0.1381 -0.0993 -0.0213 0.1270 0.2328 0.2570 0.2418 0.2133 0.1823 0.1523 0.1235 0.0948 0.0639 0.0265 -0.0278 -0.1172 -0.2252 -0.3047 -0.3511 -0.3752 -0.3855 -0.3903
-0.3894 -0.3758 -0.3523 -0.3069 -0.2286 -0.1210 -0.0302 0.0250 0.0628 0.0937 0.1225 0.1513 0.1812 0.2122 0.2409 0.2569 0.2346 0.1320 -0.0177 -0.0977 -0.1371 -0.1635 -0.1840 -0.2014 -0.2172 -0.2319 -0.2460 -0.2597 -0.2732 -0.2865 -0.2998 -0.3129 -0.3259 -0.3385 -0.3506 -0.3620 -0.3721 -0.3804 -0.3859 -0.3872 -0.3819 -0.3661 -0.3333 -0.2743 -0.1819 -0.0793 -0.0090 0.0328 0.0599 0.0765 0.0823 0.0765 0.0599 0.0328 -0.0090 -0.0793 -0.1820 -0.2743 -0.3334 -0.3661 -0.3819 -0.3872 -0.3859 -0.3804 -0.3721 -0.3620 -0.3506 -0.3385 -0.3259 -0.3129 -0.2998 -0.2865 -0.2732 -0.2597 -0.2460 -0.2319 -0.2172 -0.2014 -0.1840 -0.1635 -0.1371 -0.0977 -0.0176 0.1321 0.2346 0.2569 0.2409 0.2122 0.1812 0.1512 0.1225 0.0937 0.0628 0.0250 -0.0303 -0.1211 -0.2287 -0.3070 -0.3524 -0.3758 -0.3894
-0.3812 -0.3541 -0.3102 -0.2339 -0.1269 -0.0340 0.0227 0.0610 0.0922 0.1210 0.1497 0.1796 0.2106 0.2396 0.2567 0.2372 0.1399 -0.0117 -0.0950 -0.1356 -0.1624 -0.1831 -0.2006 -0.2164 -0.2312 -0.2453 -0.2590 -0.2725 -0.2859 -0.2992 -0.3123 -0.3253 -0.3379 -0.3501 -0.3615 -0.3717 -0.3801 -0.3858 -0.3873 -0.3823 -0.3669 -0.3348 -0.2764 -0.1839 -0.0793 -0.0069 0.0369 0.0674 0.0899 0.1049 0.1103 0.1049 0.0899 0.0674 0.0369 -0.0070 -0.0793 -0.1839 -0.2765 -0.3349 -0.3669 -0.3823 -0.3873 -0.3858 -0.3801 -0.3717 -0.3615 -0.3501 -0.3379 -0.3253 -0.3123 -0.2992 -0.2859 -0.2725 -0.2590 -0.2453 -0.2312 -0.2164 -0.2006 -0.1831 -0.1623 -0.1355 -0.0950 -0.0116 0.1401 0.2373 0.2567 0.2396 0.2105 0.1796 0.1497 0.1209 0.0922 0.0610 0.0226 -0.0341 -0.1270 -0.2340 -0.3103 -0.3542 -0.3812
-0.3624 -0.3155 -0.2424 -0.1369 -0.0407 0.0186 0.0580 0.0896 0.1185 0.1472 0.1769 0.2079 0.2373 0.2561 0.2413 0.1523 -0.0009 -0.0903 -0.1328 -0.1604 -0.1815 -0.1992 -0.2151 -0.2300 -0.2441 -0.2579 -0.2714 -0.2848 -0.2981 -0.3112 -0.3242 -0.3369 -0.3491 -0.3606 -0.3710 -0.3796 -0.3856 -0.3875 -0.3831 -0.3686 -0.3380 -0.2816 -0.1907 -0.0843 -0.0090 0.0369 0.0696 0.0956 0.1166 0.1312 0.1366 0.1312 0.1166 0.0956 0.0696 0.0369 -0.0090 -0.0844 -0.1908 -0.2816 -0.3380 -0.3686 -0.3831 -0.3875 -0.3855 -0.3796 -0.3710 -0.3606 -0.3491 -0.3369 -0.3242 -0.3112 -0.2981 -0.2848 -0.2714 -0.2579 -0.2441 -0.2299 -0.2151 -0.1992 -0.1814 -0.1603 -0.1327 -0.0902 -0.0008 0.1525 0.2413 0.2561 0.2373 0.2078 0.1769 0.1471 0.1184 0.0895 0.0579 0.0186 -0.0408 -0.1370 -0.2426 -0.3156 -0.3625
-0.3304 -0.2570 -0.1549 -0.0534 0.0111 0.0525 0.0849 0.1140 0.1427 0.1722 0.2031 0.2331 0.2545 0.2471 0.1720 0.0200 -0.0806 -0.1274 -0.1566 -0.1784 -0.1966 -0.2128 -0.2277 -0.2420 -0.2558 -0.2694 -0.2828 -0.2961 -0.3093 -0.3223 -0.3351 -0.3474 -0.3590 -0.3696 -0.3785 -0.3850 -0.3876 -0.3844 -0.3717 -0.3438 -0.2916 -0.2051 -0.0973 -0.0163 0.0328 0.0674 0.0956 0.1201 0.1410 0.1559 0.1615 0.1559 0.1410 0.1201 0.0956 0.0674 0.0328 -0.0164 -0.0975 -0.2053 -0.2917 -0.3439 -0.3717 -0.3844 -0.3876 -0.3850 -0.3785 -0.3696 -0.3590 -0.3474 -0.3351 -0.3223 -0.3093 -0.2961 -0.2828 -0.2694 -0.2558 -0.2420 -0.2277 -0.2128 -0.1966 -0.1784 -0.1566 -0.1274 -0.0805 0.0202 0.1722 0.2471 0.2545 0.2330 0.2030 0.1722 0.1426 0.1140 0.0848 0.0524 0.0110 -0.0535 -0.1551 -0.2572 -0.3305
-0.2870 -0.1873 -0.0791 -0.0041 0.0420 0.0763 0.1060 0.1346 0.1638 0.1944 0.2251 0.2502 0.2538 0.2019 0.0627 -0.0598 -0.1168 -0.1493 -0.1727 -0.1918 -0.2084 -0.2236 -0.2381 -0.2520 -0.2656 -0.2791 -0.2924 -0.3057 -0.3188 -0.3316 -0.3441 -0.3560 -0.3669 -0.3764 -0.3837 -0.3876 -0.3862 -0.3766 -0.3535 -0.3089 -0.2318 -0.1251 -0.0335 0.0223 0.0599 0.0900 0.1166 0.1410 0.1623 0.1776 0.1833 0.1776 0.1622 0.1410 0.1165 0.0899 0.0599 0.0222 -0.0337 -0.1254 -0.2321 -0.3090 -0.3536 -0.3766 -0.3862 -0.3876 -0.3837 -0.3764 -0.3669 -0.3560 -0.3441 -0.3316 -0.3187 -0.3056 -0.2924 -0.2791 -0.2656 -0.2520 -0.2380 -0.2236 -0.2083 -0.1917 -0.1727 -0.1493 -0.1167 -0.0596 0.0631 0.2022 0.2538 0.2501 0.2250 0.1943 0.1637 0.1345 0.1059 0.0762 0.0419 -0.0042 -0.0794 -0.1876 -0.2873
-0.2457 -0.1321 -0.0368 0.0212 0.0601 0.0915 0.1204 0.1492 0.1791 0.2101 0.2391 0.2563 0.2371 0.1404 -0.0100 -0.0936 -0.1348 -0.1618 -0.1827 -0.2003 -0.2162 -0.2310 -0.2451 -0.2589 -0.2725 -0.2859 -0.2992 -0.3123 -0.3254 -0.3381 -0.3503 -0.3618 -0.3721 -0.3806 -0.3864 -0.3879 -0.3828 -0.3671 -0.3343 -0.2741 -0.1787 -0.0728 -0.0011 0.0434 0.0766 0.1050 0.1312 0.1559 0.1776 0.1932 0.1990 0.1932 0.1776 0.1559 0.1312 0.1049 0.0765 0.0433 -0.0012 -0.0730 -0.1791 -0.2744 -0.3344 -0.3672 -0.3828 -0.3879 -0.3864 -0.3806 -0.3721 -0.3618 -0.3503 -0.3380 -0.3253 -0.3123 -0.2991 -0.2858 -0.2724 -0.2589 -0.2451 -0.2309 -0.2161 -0.2003 -0.1826 -0.1617 -0.1346 -0.0934 -0.0096 0.1409 0.2373 0.2562 0.2390 0.2099 0.1790 0.1491 0.1203 0.0914 0.0600 0.0211 -0.0371 -0.1325 -0.2460
-0.2281 -0.1122 -0.0239 0.0293 0.0662 0.0969 0.1257 0.1546 0.1848 0.2158 0.2437 0.2565 0.2261 0.1115 -0.0312 -0.1029 -0.1405 -0.1660 -0.1861 -0.2034 -0.2190 -0.2336 -0.2477 -0.2614 -0.2750 -0.2884 -0.3016 -0.3148 -0.3278 -0.3404 -0.3525 -0.3639 -0.3739 -0.3820 -0.3871 -0.3877 -0.3810 -0.3626 -0.3255 -0.2588 -0.1577 -0.0560 0.0089 0.0505 0.0824 0.1104 0.1367 0.1615 0.1834 0.1990 0.2047 0.1989 0.1833 0.1614 0.1366 0.1103 0.0823 0.0503 0.0088 -0.0563 -0.1581 -0.2591 -0.3256 -0.3627 -0.3810 -0.3877 -0.3871 -0.3820 -0.3739 -0.3638 -0.3525 -0.3404 -0.3277 -0.3148 -0.3016 -0.2883 -0.2749 -0.2614 -0.2477 -0.2336 -0.2189 -0.2033 -0.1860 -0.1659 -0.1403 -0.1028 -0.0308 0.1121 0.2263 0.2565 0.2436 0.2157 0.1847 0.1545 0.1256 0.0968 0.0661 0.0292 -0.0241 -0.1126 -0.2285
