0.0005 0.0006 0.0009 0.0014 0.0020 0.0029 0.0041 0.0060 0.0087 0.0126 0.0183 0.0266 0.0385 0.0559 0.0809 0.1175 0.1702 0.2467 0.3574 0.5189 0.7518 1.0000 1.0000 1.0000 1.0000 1.0000 1.0000 1.0000 1.0000 1.0000 1.0000 1.0000 1.0000 0.0000 0.0000 0.0001 0.0001 0.0001 0.0002 0.0003 0.0004 0.0006 0.0009 0.0013 0.0019 0.0027 0.0038 0.0052 0.0068 0.0081 0.0087 0.0081 0.0068 0.0052 0.0038 0.0027 0.0019 0.0013 0.0009 0.0006 0.0004 0.0003 0.0002 0.0001 0.0001 0.0001 0.0000 0.0000 1.0000 1.0000 1.0000 1.0000 1.0000 1.0000 1.0000 1.0000 1.0000 1.0000 1.0000 1.0000 0.7518 0.5189 0.3574 0.2467 0.1702 0.1175 0.0809 0.0559 0.0385 0.0266 0.0183 0.0126 0.0087 0.0060 0.0041 0.0029 0.0020 0.0014 0.0009 0.0006 0.0005
0.0006 0.0009 0.0014 0.0020 0.0029 0.0041 0.0060 0.0087 0.0126 0.0183 0.0266 0.0385 0.0557 0.0808 0.1173 0.1699 0.2462 0.3574 0.5179 0.7504 1.0000 1.0000 1.0000 1.0000 1.0000 1.0000 1.0000 1.0000 1.0000 1.0000 1.0000 1.0000 0.0000 0.0000 0.0001 0.0001 0.0001 0.0002 0.0003 0.0004 0.0006 0.0009 0.0013 0.0019 0.0027 0.0039 0.0054 0.0075 0.0098 0.0118 0.0127 0.0118 0.0098 0.0075 0.0054 0.0039 0.0027 0.0019 0.0013 0.0009 0.0006 0.0004 0.0003 0.0002 0.0001 0.0001 0.0001 0.0000 0.0000 1.0000 1.0000 1.0000 1.0000 1.0000 1.0000 1.0000 1.0000 1.0000 1.0000 1.0000 1.0000 0.7504 0.5179 0.3574 0.2462 0.1699 0.1173 0.0808 0.0557 0.0385 0.0265 0.0183 0.0126 0.0087 0.0060 0.0041 0.0029 0.0020 0.0014 0.0009 0.0006
0.0009 0.0014 0.0020 0.0029 0.0042 0.0060 0.0087 0.0127 0.0184 0.0267 0.0387 0.0561 0.0814 0.1179 0.1712 0.2481 0.3595 0.5208 0.7561 1.0000 1.0000 1.0000 1.0000 1.0000 1.0000 1.0000 1.0000 1.0000 1.0000 1.0000 1.0000 0.0000 0.0000 0.0001 0.0001 0.0001 0.0002 0.0003 0.0004 0.0006 0.0009 0.0013 0.0019 0.0027 0.0039 0.0056 0.0079 0.0109 0.0143 0.0173 0.0185 0.0173 0.0143 0.0109 0.0079 0.0056 0.0039 0.0027 0.0019 0.0013 0.0009 0.0006 0.0004 0.0003 0.0002 0.0001 0.0001 0.0001 0.0000 0.0000 1.0000 1.0000 1.0000 1.0000 1.0000 1.0000 1.0000 1.0000 1.0000 1.0000 1.0000 1.0000 0.7561 0.5208 0.3595 0.2481 0.1709 0.1179 0.0814 0.0561 0.0387 0.0267 0.0184 0.0127 0.0088 0.0060 0.0042 0.0029 0.0020 0.0014 0.0009
0.0014 0.0020 0.0029 0.0042 0.0061 0.0088 0.0127 0.0185 0.0269 0.0389 0.0564 0.0819 0.1186 0.1722 0.2495 0.3622 0.5248 0.7604 1.0000 1.0000 1.0000 1.0000 1.0000 1.0000 1.0000 1.0000 1.0000 1.0000 1.0000 1.0000 0.0000 0.0000 0.0001 0.0001 0.0001 0.0002 0.0003 0.0004 0.0006 0.0009 0.0013 0.0019 0.0028 0.0040 0.0057 0.0082 0.0116 0.0159 0.0209 0.0253 0.0271 0.0253 0.0209 0.0159 0.0116 0.0082 0.0057 0.0040 0.0028 0.0019 0.0013 0.0009 0.0006 0.0004 0.0003 0.0002 0.0001 0.0001 0.0001 0.0000 0.0000 1.0000 1.0000 1.0000 1.0000 1.0000 1.0000 1.0000 1.0000 1.0000 1.0000 1.0000 1.0000 0.7604 0.5248 0.3615 0.2495 0.1722 0.1186 0.0819 0.0564 0.0389 0.0269 0.0185 0.0127 0.0088 0.0061 0.0042 0.0029 0.0020 0.0014
0.0020 0.0029 0.0042 0.0061 0.0088 0.0128 0.0186 0.0270 0.0391 0.0567 0.0823 0.1193 0.1732 0.2509 0.3643 0.5278 0.7648 1.0000 1.0000 1.0000 1.0000 1.0000 1.0000 1.0000 1.0000 1.0000 1.0000 1.0000 1.0000 0.0000 0.0000 0.0001 0.0001 0.0001 0.0002 0.0003 0.0004 0.0006 0.0009 0.0013 0.0019 0.0028 0.0040 0.0058 0.0084 0.0120 0.0170 0.0233 0.0306 0.0370 0.0397 0.0370 0.0306 0.0233 0.0169 0.0120 0.0084 0.0058 0.0040 0.0028 0.0019 0.0013 0.0009 0.0006 0.0004 0.0003 0.0002 0.0001 0.0001 0.0001 0.0000 0.0000 1.0000 1.0000 1.0000 1.0000 1.0000 1.0000 1.0000 1.0000 1.0000 1.0000 1.0000 1.0000 0.7648 0.5278 0.3643 0.2509 0.1732 0.1193 0.0823 0.0567 0.0391 0.0270 0.0186 0.0128 0.0088 0.0061 0.0042 0.0029 0.0020
0.0029 0.0041 0.0060 0.0088 0.0128 0.0186 0.0270 0.0392 0.0569 0.0826 0.1200 0.1738 0.2524 0.3664 0.5308 0.7706 1.0000 1.0000 1.0000 1.0000 1.0000 1.0000 1.0000 1.0000 1.0000 1.0000 1.0000 1.0000 0.0000 0.0000 0.0001 0.0001 0.0001 0.0002 0.0003 0.0004 0.0006 0.0009 0.0013 0.0019 0.0028 0.0041 0.0059 0.0085 0.0122 0.0175 0.0247 0.0340 0.0446 0.0541 0.0580 0.0541 0.0446 0.0340 0.0247 0.0175 0.0122 0.0085 0.0059 0.0041 0.0028 0.0019 0.0013 0.0009 0.0006 0.0004 0.0003 0.0002 0.0001 0.0001 0.0001 0.0000 0.0000 1.0000 1.0000 1.0000 1.0000 1.0000 1.0000 1.0000 1.0000 1.0000 1.0000 1.0000 1.0000 0.7706 0.5308 0.3664 0.2524 0.1738 0.1200 0.0826 0.0569 0.0392 0.0270 0.0186 0.0128 0.0088 0.0060 0.0041 0.0029
0.0041 0.0060 0.0087 0.0127 0.0186 0.0270 0.0393 0.0570 0.0830 0.1204 0.1748 0.2538 0.3678 0.5339 0.7736 1.0000 1.0000 1.0000 1.0000 1.0000 1.0000 1.0000 1.0000 1.0000 1.0000 1.0000 1.0000 0.0000 0.0000 0.0001 0.0001 0.0001 0.0002 0.0003 0.0004 0.0006 0.0009 0.0013 0.0019 0.0028 0.0041 0.0059 0.0086 0.0124 0.0179 0.0256 0.0361 0.0496 0.0653 0.0790 0.0847 0.0790 0.0653 0.0496 0.0361 0.0256 0.0179 0.0124 0.0086 0.0059 0.0041 0.0028 0.0019 0.0013 0.0009 0.0006 0.0004 0.0003 0.0002 0.0001 0.0001 0.0001 0.0000 0.0000 1.0000 1.0000 1.0000 1.0000 1.0000 1.0000 1.0000 1.0000 1.0000 1.0000 1.0000 1.0000 0.7736 0.5339 0.3678 0.2538 0.1748 0.1204 0.0830 0.0570 0.0393 0.0270 0.0186 0.0127 0.0088 0.0060 0.0041
0.0060 0.0087 0.0127 0.0185 0.0270 0.0392 0.0570 0.0830 0.1207 0.1752 0.2543 0.3692 0.5359 0.7780 1.0000 1.0000 1.0000 1.0000 1.0000 1.0000 1.0000 1.0000 1.0000 1.0000 1.0000 1.0000 0.0000 0.0000 0.0001 0.0001 0.0001 0.0002 0.0003 0.0004 0.0006 0.0009 0.0014 0.0020 0.0028 0.0041 0.0060 0.0087 0.0125 0.0181 0.0261 0.0373 0.0527 0.0726 0.0953 0.1155 0.1239 0.1155 0.0953 0.0726 0.0527 0.0373 0.0261 0.0181 0.0125 0.0087 0.0060 0.0041 0.0028 0.0020 0.0014 0.0009 0.0006 0.0004 0.0003 0.0002 0.0001 0.0001 0.0001 0.0000 0.0000 1.0000 1.0000 1.0000 1.0000 1.0000 1.0000 1.0000 1.0000 1.0000 1.0000 1.0000 1.0000 0.7780 0.5359 0.3692 0.2543 0.1752 0.1207 0.0830 0.0570 0.0392 0.0270 0.0185 0.0127 0.0087 0.0060
0.0087 0.0126 0.0184 0.0269 0.0391 0.0569 0.0830 0.1207 0.1752 0.2548 0.3699 0.5380 0.7810 1.0000 1.0000 1.0000 1.0000 1.0000 1.0000 1.0000 1.0000 1.0000 1.0000 1.0000 1.0000 0.0000 0.0000 0.0001 0.0001 0.0001 0.0002 0.0003 0.0004 0.0006 0.0009 0.0014 0.0020 0.0029 0.0041 0.0060 0.0087 0.0126 0.0183 0.0265 0.0381 0.0545 0.0769 0.1060 0.1392 0.1686 0.1809 0.1686 0.1392 0.1058 0.0769 0.0545 0.0380 0.0265 0.0183 0.0126 0.0087 0.0060 0.0041 0.0029 0.0020 0.0014 0.0009 0.0006 0.0004 0.0003 0.0002 0.0001 0.0001 0.0001 0.0000 0.0000 1.0000 1.0000 1.0000 1.0000 1.0000 1.0000 1.0000 1.0000 1.0000 1.0000 1.0000 1.0000 0.7810 0.5380 0.3699 0.2548 0.1752 0.1207 0.0830 0.0569 0.0391 0.0269 0.0184 0.0126 0.0087
0.0126 0.0183 0.0267 0.0389 0.0567 0.0826 0.1204 0.1752 0.2548 0.3706 0.5390 0.7824 1.0000 1.0000 1.0000 1.0000 1.0000 1.0000 1.0000 1.0000 1.0000 1.0000 1.0000 1.0000 0.0000 0.0000 0.0001 0.0001 0.0001 0.0002 0.0003 0.0005 0.0007 0.0009 0.0014 0.0020 0.0029 0.0042 0.0061 0.0088 0.0127 0.0184 0.0267 0.0385 0.0555 0.0796 0.1122 0.1548 0.2032 0.2462 0.2641 0.2462 0.2032 0.1545 0.1122 0.0796 0.0555 0.0385 0.0267 0.0184 0.0127 0.0088 0.0061 0.0042 0.0029 0.0020 0.0014 0.0009 0.0007 0.0005 0.0003 0.0002 0.0001 0.0001 0.0001 0.0000 0.0000 1.0000 1.0000 1.0000 1.0000 1.0000 1.0000 1.0000 1.0000 1.0000 1.0000 1.0000 1.0000 0.7824 0.5390 0.3706 0.2548 0.1752 0.1204 0.0826 0.0567 0.0389 0.0267 0.0183 0.0126
0.0183 0.0265 0.0387 0.0564 0.0823 0.1200 0.1748 0.2543 0.3699 0.5390 0.7839 1.0000 1.0000 1.0000 1.0000 1.0000 1.0000 1.0000 1.0000 1.0000 1.0000 1.0000 1.0000 0.0000 0.0000 0.0001 0.0001 0.0001 0.0002 0.0003 0.0005 0.0007 0.0010 0.0014 0.0020 0.0029 0.0042 0.0061 0.0088 0.0128 0.0186 0.0269 0.0390 0.0563 0.0811 0.1162 0.1639 0.2260 0.2966 0.3595 0.3857 0.3595 0.2966 0.2256 0.1639 0.1162 0.0811 0.0563 0.0390 0.0269 0.0186 0.0128 0.0088 0.0061 0.0042 0.0029 0.0020 0.0014 0.0010 0.0007 0.0005 0.0003 0.0002 0.0001 0.0001 0.0001 0.0000 0.0000 1.0000 1.0000 1.0000 1.0000 1.0000 1.0000 1.0000 1.0000 1.0000 1.0000 1.0000 1.0000 0.7839 0.5390 0.3699 0.2543 0.1748 0.1200 0.0823 0.0564 0.0387 0.0265 0.0183
0.0266 0.0385 0.0561 0.0819 0.1193 0.1738 0.2538 0.3692 0.5380 0.7824 1.0000 1.0000 1.0000 1.0000 1.0000 1.0000 1.0000 1.0000 1.0000 1.0000 1.0000 1.0000 0.0000 0.0000 0.0001 0.0001 0.0001 0.0002 0.0003 0.0005 0.0007 0.0010 0.0014 0.0020 0.0029 0.0042 0.0061 0.0089 0.0129 0.0187 0.0271 0.0393 0.0568 0.0822 0.1184 0.1696 0.2393 0.3300 0.4331 0.5248 0.5631 0.5248 0.4331 0.3293 0.2393 0.1693 0.1184 0.0822 0.0568 0.0393 0.0271 0.0187 0.0129 0.0089 0.0061 0.0042 0.0029 0.0020 0.0014 0.0010 0.0007 0.0005 0.0003 0.0002 0.0001 0.0001 0.0001 0.0000 0.0000 1.0000 1.0000 1.0000 1.0000 1.0000 1.0000 1.0000 1.0000 1.0000 1.0000 1.0000 1.0000 0.7824 0.5380 0.3692 0.2538 0.1738 0.1193 0.0819 0.0561 0.0385 0.0266
0.0385 0.0557 0.0814 0.1186 0.1732 0.2524 0.3678 0.5359 0.7810 1.0000 1.0000 1.0000 1.0000 1.0000 1.0000 1.0000 1.0000 1.0000 1.0000 1.0000 1.0000 0.0000 0.0000 0.0001 0.0001 0.0002 0.0002 0.0003 0.0005 0.0007 0.0010 0.0014 0.0020 0.0029 0.0043 0.0062 0.0089 0.0130 0.0188 0.0273 0.0396 0.0574 0.0830 0.1200 0.1728 0.2471 0.3493 0.4809 0.6323 0.7662 0.8221 0.7662 0.6323 0.4809 0.3493 0.2471 0.1728 0.1200 0.0830 0.0574 0.0395 0.0273 0.0188 0.0130 0.0089 0.0062 0.0043 0.0029 0.0020 0.0014 0.0010 0.0007 0.0005 0.0003 0.0002 0.0002 0.0001 0.0001 0.0000 0.0000 1.0000 1.0000 1.0000 1.0000 1.0000 1.0000 1.0000 1.0000 1.0000 1.0000 1.0000 1.0000 0.7810 0.5359 0.3678 0.2524 0.1732 0.1186 0.0814 0.0557 0.0385
0.0559 0.0808 0.1179 0.1722 0.2509 0.3664 0.5339 0.7780 1.0000 1.0000 1.0000 1.0000 1.0000 1.0000 1.0000 1.0000 1.0000 1.0000 1.0000 1.0000 0.0000 0.0000 0.0001 0.0001 0.0002 0.0002 0.0003 0.0005 0.0007 0.0010 0.0014 0.0020 0.0030 0.0043 0.0062 0.0090 0.0131 0.0189 0.0275 0.0398 0.0577 0.0836 0.1211 0.1752 0.2524 0.3608 0.5101 0.7021 0.9232 1.0000 1.0000 1.0000 0.9232 0.7021 0.5101 0.3608 0.2524 0.1752 0.1211 0.0836 0.0577 0.0398 0.0275 0.0189 0.0131 0.0090 0.0062 0.0043 0.0030 0.0020 0.0014 0.0010 0.0007 0.0005 0.0003 0.0002 0.0002 0.0001 0.0001 0.0000 0.0000 1.0000 1.0000 1.0000 1.0000 1.0000 1.0000 1.0000 1.0000 1.0000 1.0000 1.0000 1.0000 0.7780 0.5339 0.3664 0.2509 0.1722 0.1179 0.0808 0.0559
0.0809 0.1173 0.1709 0.2495 0.3643 0.5308 0.7736 1.0000 1.0000 1.0000 1.0000 1.0000 1.0000 1.0000 1.0000 1.0000 1.0000 1.0000 1.0000 0.0000 0.0000 0.0001 0.0001 0.0002 0.0002 0.0003 0.0005 0.0007 0.0010 0.0014 0.0020 0.0030 0.0043 0.0062 0.0090 0.0131 0.0190 0.0276 0.0400 0.0580 0.0842 0.1220 0.1765 0.2553 0.3678 0.5268 0.7447 1.0000 1.0000 1.0000 1.0000 1.0000 1.0000 1.0000 0.7447 0.5268 0.3678 0.2553 0.1765 0.1220 0.0842 0.0580 0.0400 0.0276 0.0190 0.0131 0.0090 0.0062 0.0043 0.0030 0.0020 0.0014 0.0010 0.0007 0.0005 0.0003 0.0002 0.0002 0.0001 0.0001 0.0000 0.0000 1.0000 1.0000 1.0000 1.0000 1.0000 1.0000 1.0000 1.0000 1.0000 1.0000 1.0000 1.0000 0.7736 0.5308 0.3643 0.2495 0.1709 0.1173 0.0809
0.1175 0.1699 0.2481 0.3615 0.5278 0.7706 1.0000 1.0000 1.0000 1.0000 1.0000 1.0000 1.0000 1.0000 1.0000 1.0000 1.0000 1.0000 0.0000 0.0000 0.0001 0.0001 0.0002 0.0002 0.0003 0.0005 0.0007 0.0010 0.0014 0.0021 0.0030 0.0043 0.0063 0.0091 0.0132 0.0191 0.0278 0.0403 0.0585 0.0847 0.1227 0.1778 0.2577 0.3727 0.5369 0.7692 1.0000 1.0000 1.0000 1.0000 1.0000 1.0000 1.0000 1.0000 1.0000 0.7692 0.5369 0.3727 0.2577 0.1778 0.1227 0.0847 0.0583 0.0403 0.0278 0.0191 0.0132 0.0091 0.0063 0.0043 0.0030 0.0021 0.0014 0.0010 0.0007 0.0005 0.0003 0.0002 0.0002 0.0001 0.0001 0.0000 0.0000 1.0000 1.0000 1.0000 1.0000 1.0000 1.0000 1.0000 1.0000 1.0000 1.0000 1.0000 1.0000 0.7706 0.5278 0.3615 0.2481 0.1699 0.1175
0.1702 0.2462 0.3595 0.5248 0.7648 1.0000 1.0000 1.0000 1.0000 1.0000 1.0000 1.0000 1.0000 1.0000 1.0000 1.0000 1.0000 0.0000 0.0000 0.0001 0.0001 0.0002 0.0002 0.0003 0.0005 0.0007 0.0010 0.0014 0.0021 0.0030 0.0044 0.0063 0.0092 0.0133 0.0193 0.0280 0.0405 0.0588 0.0852 0.1234 0.1792 0.2597 0.3762 0.5441 0.7839 1.0000 1.0000 1.0000 1.0000 1.0000 1.0000 1.0000 1.0000 1.0000 1.0000 1.0000 0.7839 0.5431 0.3762 0.2597 0.1792 0.1234 0.0852 0.0587 0.0405 0.0280 0.0193 0.0133 0.0092 0.0063 0.0044 0.0030 0.0021 0.0014 0.0010 0.0007 0.0005 0.0003 0.0002 0.0002 0.0001 0.0001 0.0000 0.0000 1.0000 1.0000 1.0000 1.0000 1.0000 1.0000 1.0000 1.0000 1.0000 1.0000 1.0000 1.0000 0.7648 0.5248 0.3595 0.2462 0.1702
0.2467 0.3574 0.5208 0.7604 1.0000 1.0000 1.0000 1.0000 1.0000 1.0000 1.0000 1.0000 1.0000 1.0000 1.0000 1.0000 0.0000 0.0000 0.0001 0.0001 0.0002 0.0002 0.0003 0.0005 0.0007 0.0010 0.0014 0.0021 0.0030 0.0044 0.0064 0.0092 0.0134 0.0194 0.0281 0.0407 0.0591 0.0857 0.1241 0.1802 0.2611 0.3784 0.5483 0.7929 1.0000 1.0000 1.0000 1.0000 1.0000 1.0000 1.0000 1.0000 1.0000 1.0000 1.0000 1.0000 1.0000 0.7929 0.5483 0.3784 0.2611 0.1802 0.1241 0.0857 0.0590 0.0407 0.0281 0.0194 0.0134 0.0092 0.0064 0.0044 0.0030 0.0021 0.0014 0.0010 0.0007 0.0005 0.0003 0.0002 0.0002 0.0001 0.0001 0.0000 0.0000 1.0000 1.0000 1.0000 1.0000 1.0000 1.0000 1.0000 1.0000 1.0000 1.0000 1.0000 1.0000 0.7604 0.5208 0.3574 0.2467
0.3574 0.5179 0.7561 1.0000 1.0000 1.0000 1.0000 1.0000 1.0000 1.0000 1.0000 1.0000 1.0000 1.0000 1.0000 0.0000 0.0000 0.0001 0.0001 0.0002 0.0002 0.0003 0.0005 0.0007 0.0010 0.0014 0.0021 0.0030 0.0044 0.0064 0.0093 0.0134 0.0195 0.0283 0.0410 0.0595 0.0862 0.1249 0.1813 0.2626 0.3813 0.5525 0.8005 1.0000 1.0000 1.0000 1.0000 1.0000 1.0000 1.0000 1.0000 1.0000 1.0000 1.0000 1.0000 1.0000 1.0000 1.0000 0.8005 0.5525 0.3813 0.2626 0.1813 0.1249 0.0862 0.0594 0.0410 0.0283 0.0195 0.0134 0.0093 0.0064 0.0044 0.0030 0.0021 0.0014 0.0010 0.0007 0.0005 0.0003 0.0002 0.0002 0.0001 0.0001 0.0000 0.0000 1.0000 1.0000 1.0000 1.0000 1.0000 1.0000 1.0000 1.0000 1.0000 1.0000 1.0000 1.0000 0.7561 0.5179 0.3574
0.5189 0.7504 1.0000 1.0000 1.0000 1.0000 1.0000 1.0000 1.0000 1.0000 1.0000 1.0000 1.0000 1.0000 0.0000 0.0000 0.0001 0.0001 0.0002 0.0002 0.0003 0.0005 0.0007 0.0010 0.0014 0.0021 0.0030 0.0044 0.0064 0.0093 0.0135 0.0196 0.0284 0.0412 0.0598 0.0867 0.1256 0.1823 0.2641 0.3835 0.5556 0.8051 1.0000 1.0000 1.0000 1.0000 1.0000 1.0000 1.0000 1.0000 1.0000 1.0000 1.0000 1.0000 1.0000 1.0000 1.0000 1.0000 1.0000 0.8051 0.5556 0.3835 0.2641 0.1823 0.1256 0.0867 0.0597 0.0412 0.0284 0.0196 0.0135 0.0093 0.0064 0.0044 0.0030 0.0021 0.0014 0.0010 0.0007 0.0005 0.0003 0.0002 0.0002 0.0001 0.0001 0.0000 0.0000 1.0000 1.0000 1.0000 1.0000 1.0000 1.0000 1.0000 1.0000 1.0000 1.0000 1.0000 1.0000 0.7504 0.5189
0.7518 1.0000 1.0000 1.0000 1.0000 1.0000 1.0000 1.0000 1.0000 1.0000 1.0000 1.0000 1.0000 0.0000 0.0000 0.0001 0.0001 0.0002 0.0002 0.0003 0.0005 0.0007 0.0010 0.0014 0.0021 0.0031 0.0044 0.0065 0.0094 0.0136 0.0197 0.0286 0.0414 0.0602 0.0872 0.1263 0.1833 0.2657 0.3857 0.5588 0.8112 1.0000 1.0000 1.0000 1.0000 1.0000 1.0000 1.0000 1.0000 1.0000 1.0000 1.0000 1.0000 1.0000 1.0000 1.0000 1.0000 1.0000 1.0000 1.0000 0.8097 0.5588 0.3857 0.2657 0.1833 0.1263 0.0872 0.0600 0.0414 0.0286 0.0197 0.0136 0.0094 0.0065 0.0044 0.0031 0.0021 0.0014 0.0010 0.0007 0.0005 0.0003 0.0002 0.0002 0.0001 0.0001 0.0000 0.0000 1.0000 1.0000 1.0000 1.0000 1.0000 1.0000 1.0000 1.0000 1.0000 1.0000 1.0000 1.0000 0.7518
1.0000 1.0000 1.0000 1.0000 1.0000 1.0000 1.0000 1.0000 1.0000 1.0000 1.0000 1.0000 0.0000 0.0000 0.0001 0.0001 0.0002 0.0002 0.0003 0.0005 0.0007 0.0010 0.0014 0.0021 0.0031 0.0045 0.0065 0.0094 0.0136 0.0198 0.0287 0.0417 0.0604 0.0877 0.1270 0.1844 0.2672 0.3879 0.5620 0.8159 1.0000 1.0000 1.0000 1.0000 1.0000 1.0000 1.0000 1.0000 1.0000 1.0000 1.0000 1.0000 1.0000 1.0000 1.0000 1.0000 1.0000 1.0000 1.0000 1.0000 1.0000 0.8143 0.5620 0.3879 0.2672 0.1844 0.1270 0.0877 0.0604 0.0417 0.0287 0.0198 0.0136 0.0094 0.0065 0.0045 0.0031 0.0021 0.0014 0.0010 0.0007 0.0005 0.0003 0.0002 0.0002 0.0001 0.0001 0.0000 0.0000 1.0000 1.0000 1.0000 1.0000 1.0000 1.0000 1.0000 1.0000 1.0000 1.0000 1.0000 1.0000
1.0000 1.0000 1.0000 1.0000 1.0000 1.0000 1.0000 1.0000 1.0000 1.0000 1.0000 0.0000 0.0000 0.0001 0.0001 0.0002 0.0002 0.0003 0.0005 0.0007 0.0010 0.0014 0.0021 0.0031 0.0045 0.0065 0.0094 0.0137 0.0198 0.0288 0.0418 0.0607 0.0882 0.1277 0.1854 0.2687 0.3901 0.5652 0.8205 1.0000 1.0000 1.0000 1.0000 1.0000 1.0000 1.0000 1.0000 1.0000 1.0000 1.0000 1.0000 1.0000 1.0000 1.0000 1.0000 1.0000 1.0000 1.0000 1.0000 1.0000 1.0000 1.0000 0.8190 0.5652 0.3901 0.2687 0.1854 0.1277 0.0882 0.0607 0.0418 0.0288 0.0198 0.0137 0.0094 0.0065 0.0045 0.0031 0.0021 0.0014 0.0010 0.0007 0.0005 0.0003 0.0002 0.0002 0.0001 0.0001 0.0000 0.0000 1.0000 1.0000 1.0000 1.0000 1.0000 1.0000 1.0000 1.0000 1.0000 1.0000 1.0000
1.0000 1.0000 1.0000 1.0000 1.0000 1.0000 1.0000 1.0000 1.0000 1.0000 0.0000 0.0000 0.0001 0.0001 0.0002 0.0002 0.0003 0.0005 0.0007 0.0010 0.0014 0.0021 0.0031 0.0045 0.0065 0.0094 0.0137 0.0199 0.0289 0.0420 0.0610 0.0885 0.1285 0.1865 0.2702 0.3923 0.5685 0.8252 1.0000 1.0000 1.0000 1.0000 1.0000 1.0000 1.0000 1.0000 1.0000 1.0000 1.0000 1.0000 1.0000 1.0000 1.0000 1.0000 1.0000 1.0000 1.0000 1.0000 1.0000 1.0000 1.0000 1.0000 1.0000 0.8237 0.5685 0.3923 0.2702 0.1865 0.1285 0.0885 0.0610 0.0420 0.0289 0.0199 0.0137 0.0094 0.0065 0.0045 0.0031 0.0021 0.0014 0.0010 0.0007 0.0005 0.0003 0.0002 0.0002 0.0001 0.0001 0.0000 0.0000 1.0000 1.0000 1.0000 1.0000 1.0000 1.0000 1.0000 1.0000 1.0000 1.0000
1.0000 1.0000 1.0000 1.0000 1.0000 1.0000 1.0000 1.0000 1.0000 0.0000 0.0000 0.0001 0.0001 0.0002 0.0002 0.0003 0.0005 0.0007 0.0010 0.0014 0.0021 0.0031 0.0045 0.0065 0.0094 0.0137 0.0199 0.0290 0.0421 0.0611 0.0888 0.1290 0.1872 0.2718 0.3938 0.5717 0.8300 1.0000 1.0000 1.0000 1.0000 1.0000 1.0000 1.0000 1.0000 1.0000 1.0000 1.0000 1.0000 1.0000 0.0000 1.0000 1.0000 1.0000 1.0000 1.0000 1.0000 1.0000 1.0000 1.0000 1.0000 1.0000 1.0000 1.0000 0.8284 0.5717 0.3938 0.2718 0.1872 0.1290 0.0888 0.0611 0.0421 0.0290 0.0199 0.0137 0.0094 0.0065 0.0045 0.0031 0.0021 0.0014 0.0010 0.0007 0.0005 0.0003 0.0002 0.0002 0.0001 0.0001 0.0000 0.0000 1.0000 1.0000 1.0000 1.0000 1.0000 1.0000 1.0000 1.0000 1.0000
1.0000 1.0000 1.0000 1.0000 1.0000 1.0000 1.0000 1.0000 0.0000 0.0000 0.0001 0.0001 0.0002 0.0002 0.0003 0.0005 0.0007 0.0010 0.0014 0.0021 0.0031 0.0045 0.0065 0.0094 0.0137 0.0200 0.0290 0.0422 0.0612 0.0890 0.1292 0.1879 0.2728 0.3961 0.5739 0.8331 1.0000 1.0000 1.0000 1.0000 1.0000 1.0000 1.0000 1.0000 1.0000 1.0000 1.0000 1.0000 0.0000 0.0000 0.0000 0.0000 0.0000 1.0000 1.0000 1.0000 1.0000 1.0000 1.0000 1.0000 1.0000 1.0000 1.0000 1.0000 1.0000 0.8331 0.5739 0.3961 0.2728 0.1876 0.1292 0.0890 0.0612 0.0422 0.0290 0.0200 0.0137 0.0094 0.0065 0.0045 0.0031 0.0021 0.0014 0.0010 0.0007 0.0005 0.0003 0.0002 0.0002 0.0001 0.0001 0.0000 0.0000 1.0000 1.0000 1.0000 1.0000 1.0000 1.0000 1.0000 1.0000
1.0000 1.0000 1.0000 1.0000 1.0000 1.0000 1.0000 0.0000 0.0000 0.0001 0.0001 0.0001 0.0002 0.0003 0.0005 0.0007 0.0010 0.0014 0.0021 0.0030 0.0044 0.0065 0.0094 0.0137 0.0199 0.0290 0.0422 0.0613 0.0892 0.1295 0.1883 0.2733 0.3968 0.5761 0.8363 1.0000 1.0000 1.0000 1.0000 1.0000 1.0000 1.0000 1.0000 1.0000 1.0000 1.0000 1.0000 0.0000 0.0000 0.0001 0.0001 0.0001 0.0000 0.0000 1.0000 1.0000 1.0000 1.0000 1.0000 1.0000 1.0000 1.0000 1.0000 1.0000 1.0000 1.0000 0.8363 0.5761 0.3968 0.2733 0.1883 0.1295 0.0892 0.0613 0.0422 0.0290 0.0199 0.0137 0.0094 0.0065 0.0044 0.0030 0.0021 0.0014 0.0010 0.0007 0.0005 0.0003 0.0002 0.0001 0.0001 0.0001 0.0000 0.0000 1.0000 1.0000 1.0000 1.0000 1.0000 1.0000 1.0000
1.0000 1.0000 1.0000 1.0000 1.0000 1.0000 0.0000 0.0000 0.0001 0.0001 0.0001 0.0002 0.0003 0.0005 0.0007 0.0010 0.0014 0.0021 0.0030 0.0044 0.0065 0.0094 0.0137 0.0199 0.0290 0.0422 0.0613 0.0892 0.1297 0.1886 0.2739 0.3976 0.5783 0.8395 1.0000 1.0000 1.0000 1.0000 1.0000 1.0000 1.0000 1.0000 1.0000 1.0000 1.0000 1.0000 0.0000 0.0000 0.0001 0.0001 0.0001 0.0001 0.0001 0.0000 0.0000 1.0000 1.0000 1.0000 1.0000 1.0000 1.0000 1.0000 1.0000 1.0000 1.0000 1.0000 1.0000 0.8395 0.5783 0.3976 0.2739 0.1886 0.1297 0.0892 0.0613 0.0422 0.0290 0.0199 0.0137 0.0094 0.0065 0.0044 0.0030 0.0021 0.0014 0.0010 0.0007 0.0005 0.0003 0.0002 0.0001 0.0001 0.0001 0.0000 0.0000 1.0000 1.0000 1.0000 1.0000 1.0000 1.0000
1.0000 1.0000 1.0000 1.0000 1.0000 0.0000 0.0000 0.0001 0.0001 0.0001 0.0002 0.0003 0.0005 0.0007 0.0010 0.0014 0.0021 0.0030 0.0044 0.0064 0.0094 0.0136 0.0198 0.0289 0.0421 0.0612 0.0892 0.1297 0.1886 0.2744 0.3983 0.5794 0.8411 1.0000 1.0000 1.0000 1.0000 1.0000 1.0000 1.0000 1.0000 1.0000 1.0000 1.0000 1.0000 0.0000 0.0000 0.0001 0.0001 0.0001 0.0001 0.0001 0.0001 0.0001 0.0000 0.0000 1.0000 1.0000 1.0000 1.0000 1.0000 1.0000 1.0000 1.0000 1.0000 1.0000 1.0000 1.0000 0.8411 0.5794 0.3983 0.2744 0.1886 0.1297 0.0892 0.0612 0.0421 0.0289 0.0198 0.0136 0.0094 0.0064 0.0044 0.0030 0.0021 0.0014 0.0010 0.0007 0.0005 0.0003 0.0002 0.0001 0.0001 0.0001 0.0000 0.0000 1.0000 1.0000 1.0000 1.0000 1.0000
1.0000 1.0000 1.0000 1.0000 0.0000 0.0000 0.0001 0.0001 0.0001 0.0002 0.0003 0.0005 0.0007 0.0010 0.0014 0.0021 0.0030 0.0044 0.0064 0.0093 0.0136 0.0198 0.0288 0.0420 0.0611 0.0890 0.1295 0.1886 0.2744 0.3991 0.5794 0.8427 1.0000 1.0000 1.0000 1.0000 1.0000 1.0000 1.0000 1.0000 1.0000 1.0000 1.0000 1.0000 0.0000 0.0001 0.0001 0.0001 0.0001 0.0002 0.0002 0.0002 0.0001 0.0001 0.0001 0.0001 0.0000 1.0000 1.0000 1.0000 1.0000 1.0000 1.0000 1.0000 1.0000 1.0000 1.0000 1.0000 1.0000 0.8427 0.5794 0.3991 0.2744 0.1886 0.1295 0.0890 0.0611 0.0420 0.0288 0.0198 0.0136 0.0093 0.0064 0.0044 0.0030 0.0021 0.0014 0.0010 0.0007 0.0005 0.0003 0.0002 0.0001 0.0001 0.0001 0.0000 0.0000 1.0000 1.0000 1.0000 1.0000
1.0000 1.0000 1.0000 0.0000 0.0000 0.0001 0.0001 0.0001 0.0002 0.0003 0.0005 0.0007 0.0010 0.0014 0.0020 0.0030 0.0044 0.0064 0.0093 0.0135 0.0197 0.0287 0.0418 0.0610 0.0888 0.1292 0.1883 0.2739 0.3983 0.5794 0.8427 1.0000 1.0000 1.0000 1.0000 1.0000 1.0000 1.0000 1.0000 1.0000 1.0000 1.0000 0.0000 0.0000 0.0001 0.0001 0.0001 0.0001 0.0002 0.0002 0.0003 0.0002 0.0002 0.0001 0.0001 0.0001 0.0001 0.0000 0.0000 1.0000 1.0000 1.0000 1.0000 1.0000 1.0000 1.0000 1.0000 1.0000 1.0000 1.0000 0.8427 0.5794 0.3983 0.2739 0.1883 0.1292 0.0888 0.0610 0.0418 0.0287 0.0197 0.0135 0.0093 0.0064 0.0044 0.0030 0.0020 0.0014 0.0010 0.0007 0.0005 0.0003 0.0002 0.0001 0.0001 0.0001 0.0000 0.0000 1.0000 1.0000 1.0000
1.0000 1.0000 0.0000 0.0000 0.0001 0.0001 0.0001 0.0002 0.0003 0.0005 0.0007 0.0010 0.0014 0.0020 0.0030 0.0043 0.0063 0.0092 0.0134 0.0196 0.0286 0.0417 0.0607 0.0885 0.1290 0.1876 0.2733 0.3976 0.5794 0.8427 1.0000 1.0000 1.0000 1.0000 1.0000 1.0000 1.0000 1.0000 1.0000 1.0000 1.0000 0.0000 0.0000 0.0001 0.0001 0.0001 0.0002 0.0002 0.0003 0.0003 0.0004 0.0003 0.0003 0.0002 0.0002 0.0001 0.0001 0.0001 0.0000 0.0000 1.0000 1.0000 1.0000 1.0000 1.0000 1.0000 1.0000 1.0000 1.0000 1.0000 1.0000 0.8427 0.5794 0.3976 0.2733 0.1876 0.1290 0.0885 0.0607 0.0417 0.0286 0.0196 0.0134 0.0092 0.0063 0.0043 0.0030 0.0020 0.0014 0.0010 0.0007 0.0005 0.0003 0.0002 0.0001 0.0001 0.0001 0.0000 0.0000 1.0000 1.0000
1.0000 0.0000 0.0000 0.0001 0.0001 0.0001 0.0002 0.0003 0.0004 0.0007 0.0010 0.0014 0.0020 0.0030 0.0043 0.0063 0.0092 0.0134 0.0195 0.0284 0.0414 0.0604 0.0882 0.1285 0.1872 0.2728 0.3968 0.5783 0.8411 1.0000 1.0000 1.0000 1.0000 1.0000 1.0000 1.0000 1.0000 1.0000 1.0000 1.0000 0.0000 0.0000 0.0001 0.0001 0.0001 0.0002 0.0002 0.0003 0.0004 0.0005 0.0005 0.0005 0.0004 0.0003 0.0002 0.0002 0.0001 0.0001 0.0001 0.0000 0.0000 1.0000 1.0000 1.0000 1.0000 1.0000 1.0000 1.0000 1.0000 1.0000 1.0000 1.0000 0.8411 0.5783 0.3968 0.2728 0.1872 0.1285 0.0882 0.0604 0.0414 0.0284 0.0195 0.0134 0.0092 0.0063 0.0043 0.0030 0.0020 0.0014 0.0010 0.0007 0.0004 0.0003 0.0002 0.0001 0.0001 0.0001 0.0000 0.0000 1.0000
0.0000 0.0000 0.0001 0.0001 0.0001 0.0002 0.0003 0.0004 0.0006 0.0009 0.0014 0.0020 0.0029 0.0043 0.0062 0.0091 0.0133 0.0194 0.0283 0.0412 0.0600 0.0877 0.1277 0.1865 0.2718 0.3961 0.5761 0.8395 1.0000 1.0000 1.0000 1.0000 1.0000 1.0000 1.0000 1.0000 1.0000 1.0000 1.0000 0.0000 0.0000 0.0001 0.0001 0.0001 0.0002 0.0002 0.0003 0.0005 0.0006 0.0007 0.0008 0.0007 0.0006 0.0005 0.0003 0.0002 0.0002 0.0001 0.0001 0.0001 0.0000 0.0000 1.0000 1.0000 1.0000 1.0000 1.0000 1.0000 1.0000 1.0000 1.0000 1.0000 1.0000 0.8395 0.5761 0.3961 0.2718 0.1865 0.1277 0.0877 0.0600 0.0412 0.0283 0.0194 0.0133 0.0091 0.0062 0.0043 0.0029 0.0020 0.0014 0.0009 0.0006 0.0004 0.0003 0.0002 0.0001 0.0001 0.0001 0.0000 0.0000
0.0000 0.0001 0.0001 0.0001 0.0002 0.0003 0.0004 0.0006 0.0009 0.0014 0.0020 0.0029 0.0043 0.0062 0.0090 0.0132 0.0193 0.0281 0.0410 0.0597 0.0872 0.1270 0.1854 0.2702 0.3938 0.5739 0.8363 1.0000 1.0000 1.0000 1.0000 1.0000 1.0000 1.0000 1.0000 1.0000 1.0000 1.0000 0.0000 0.0000 0.0001 0.0001 0.0001 0.0002 0.0002 0.0003 0.0005 0.0007 0.0009 0.0011 0.0011 0.0011 0.0009 0.0007 0.0005 0.0003 0.0002 0.0002 0.0001 0.0001 0.0001 0.0000 0.0000 1.0000 1.0000 1.0000 1.0000 1.0000 1.0000 1.0000 1.0000 1.0000 1.0000 1.0000 0.8363 0.5739 0.3938 0.2702 0.1854 0.1270 0.0872 0.0597 0.0410 0.0281 0.0193 0.0132 0.0090 0.0062 0.0043 0.0029 0.0020 0.0014 0.0009 0.0006 0.0004 0.0003 0.0002 0.0001 0.0001 0.0001 0.0000
0.0001 0.0001 0.0001 0.0002 0.0003 0.0004 0.0006 0.0009 0.0014 0.0020 0.0029 0.0042 0.0062 0.0090 0.0131 0.0191 0.0280 0.0407 0.0594 0.0867 0.1263 0.1844 0.2687 0.3923 0.5717 0.8331 1.0000 1.0000 1.0000 1.0000 1.0000 1.0000 1.0000 1.0000 1.0000 1.0000 1.0000 0.0000 0.0000 0.0001 0.0001 0.0001 0.0002 0.0002 0.0003 0.0005 0.0007 0.0010 0.0013 0.0015 0.0016 0.0015 0.0013 0.0010 0.0007 0.0005 0.0003 0.0002 0.0002 0.0001 0.0001 0.0001 0.0000 0.0000 1.0000 1.0000 1.0000 1.0000 1.0000 1.0000 1.0000 1.0000 1.0000 1.0000 1.0000 0.8331 0.5717 0.3923 0.2687 0.1844 0.1263 0.0867 0.0594 0.0407 0.0280 0.0191 0.0131 0.0090 0.0062 0.0042 0.0029 0.0020 0.0014 0.0009 0.0006 0.0004 0.0003 0.0002 0.0001 0.0001 0.0001
0.0001 0.0001 0.0002 0.0003 0.0004 0.0006 0.0009 0.0014 0.0020 0.0029 0.0042 0.0061 0.0089 0.0131 0.0190 0.0278 0.0405 0.0590 0.0862 0.1256 0.1833 0.2672 0.3901 0.5685 0.8284 1.0000 1.0000 1.0000 1.0000 1.0000 1.0000 1.0000 1.0000 1.0000 1.0000 1.0000 0.0000 0.0000 0.0001 0.0001 0.0001 0.0002 0.0002 0.0003 0.0005 0.0007 0.0010 0.0014 0.0018 0.0022 0.0024 0.0022 0.0018 0.0014 0.0010 0.0007 0.0005 0.0003 0.0002 0.0002 0.0001 0.0001 0.0001 0.0000 0.0000 1.0000 1.0000 1.0000 1.0000 1.0000 1.0000 1.0000 1.0000 1.0000 1.0000 1.0000 0.8284 0.5685 0.3901 0.2672 0.1833 0.1256 0.0862 0.0590 0.0405 0.0278 0.0190 0.0131 0.0089 0.0061 0.0042 0.0029 0.0020 0.0014 0.0009 0.0006 0.0004 0.0003 0.0002 0.0001 0.0001
0.0001 0.0002 0.0003 0.0004 0.0006 0.0009 0.0013 0.0020 0.0029 0.0042 0.0061 0.0089 0.0130 0.0189 0.0276 0.0403 0.0587 0.0857 0.1249 0.1823 0.2657 0.3879 0.5652 0.8237 1.0000 1.0000 1.0000 1.0000 1.0000 1.0000 1.0000 1.0000 1.0000 1.0000 1.0000 0.0000 0.0000 0.0001 0.0001 0.0001 0.0002 0.0002 0.0003 0.0005 0.0007 0.0010 0.0015 0.0020 0.0027 0.0033 0.0035 0.0033 0.0027 0.0020 0.0015 0.0010 0.0007 0.0005 0.0003 0.0002 0.0002 0.0001 0.0001 0.0001 0.0000 0.0000 1.0000 1.0000 1.0000 1.0000 1.0000 1.0000 1.0000 1.0000 1.0000 1.0000 1.0000 0.8237 0.5652 0.3879 0.2657 0.1823 0.1249 0.0857 0.0587 0.0403 0.0276 0.0189 0.0130 0.0089 0.0061 0.0042 0.0029 0.0020 0.0013 0.0009 0.0006 0.0004 0.0003 0.0002 0.0001
0.0002 0.0003 0.0004 0.0006 0.0009 0.0013 0.0019 0.0028 0.0041 0.0061 0.0088 0.0129 0.0188 0.0275 0.0400 0.0583 0.0852 0.1241 0.1813 0.2641 0.3857 0.5620 0.8190 1.0000 1.0000 1.0000 1.0000 1.0000 1.0000 1.0000 1.0000 1.0000 1.0000 1.0000 0.0000 0.0000 0.0001 0.0001 0.0001 0.0002 0.0002 0.0003 0.0005 0.0007 0.0011 0.0015 0.0022 0.0030 0.0039 0.0047 0.0051 0.0047 0.0039 0.0030 0.0022 0.0015 0.0011 0.0007 0.0005 0.0003 0.0002 0.0002 0.0001 0.0001 0.0001 0.0000 0.0000 1.0000 1.0000 1.0000 1.0000 1.0000 1.0000 1.0000 1.0000 1.0000 1.0000 1.0000 0.8190 0.5620 0.3857 0.2641 0.1813 0.1241 0.0852 0.0583 0.0400 0.0275 0.0188 0.0129 0.0088 0.0061 0.0041 0.0028 0.0019 0.0013 0.0009 0.0006 0.0004 0.0003 0.0002
0.0003 0.0004 0.0006 0.0009 0.0013 0.0019 0.0028 0.0041 0.0060 0.0088 0.0128 0.0187 0.0273 0.0398 0.0580 0.0847 0.1234 0.1802 0.2626 0.3835 0.5588 0.8143 1.0000 1.0000 1.0000 1.0000 1.0000 1.0000 1.0000 1.0000 1.0000 1.0000 1.0000 0.0000 0.0000 0.0001 0.0001 0.0001 0.0002 0.0002 0.0004 0.0005 0.0007 0.0011 0.0015 0.0022 0.0031 0.0043 0.0057 0.0069 0.0074 0.0069 0.0057 0.0043 0.0031 0.0022 0.0015 0.0011 0.0007 0.0005 0.0004 0.0002 0.0002 0.0001 0.0001 0.0001 0.0000 0.0000 1.0000 1.0000 1.0000 1.0000 1.0000 1.0000 1.0000 1.0000 1.0000 1.0000 1.0000 0.8143 0.5588 0.3835 0.2626 0.1802 0.1234 0.0847 0.0580 0.0398 0.0273 0.0187 0.0128 0.0088 0.0060 0.0041 0.0028 0.0019 0.0013 0.0009 0.0006 0.0004 0.0003
0.0004 0.0006 0.0009 0.0013 0.0019 0.0028 0.0041 0.0060 0.0087 0.0127 0.0186 0.0271 0.0395 0.0577 0.0842 0.1227 0.1792 0.2611 0.3813 0.5556 0.8097 1.0000 1.0000 1.0000 1.0000 1.0000 1.0000 1.0000 1.0000 1.0000 1.0000 1.0000 0.0000 0.0000 0.0001 0.0001 0.0001 0.0002 0.0002 0.0004 0.0005 0.0007 0.0011 0.0016 0.0022 0.0032 0.0046 0.0063 0.0083 0.0101 0.0108 0.0101 0.0083 0.0063 0.0046 0.0032 0.0022 0.0016 0.0011 0.0007 0.0005 0.0004 0.0002 0.0002 0.0001 0.0001 0.0001 0.0000 0.0000 1.0000 1.0000 1.0000 1.0000 1.0000 1.0000 1.0000 1.0000 1.0000 1.0000 1.0000 0.8097 0.5556 0.3813 0.2611 0.1792 0.1227 0.0842 0.0577 0.0395 0.0271 0.0186 0.0127 0.0087 0.0060 0.0041 0.0028 0.0019 0.0013 0.0009 0.0006 0.0004
0.0006 0.0009 0.0013 0.0019 0.0028 0.0041 0.0059 0.0087 0.0126 0.0184 0.0269 0.0393 0.0574 0.0836 0.1220 0.1778 0.2597 0.3784 0.5525 0.8051 1.0000 1.0000 1.0000 1.0000 1.0000 1.0000 1.0000 1.0000 1.0000 1.0000 1.0000 0.0000 0.0000 0.0001 0.0001 0.0001 0.0002 0.0002 0.0003 0.0005 0.0007 0.0011 0.0016 0.0023 0.0033 0.0047 0.0066 0.0092 0.0121 0.0147 0.0158 0.0147 0.0121 0.0092 0.0066 0.0047 0.0033 0.0023 0.0016 0.0011 0.0007 0.0005 0.0003 0.0002 0.0002 0.0001 0.0001 0.0001 0.0000 0.0000 1.0000 1.0000 1.0000 1.0000 1.0000 1.0000 1.0000 1.0000 1.0000 1.0000 1.0000 0.8051 0.5525 0.3784 0.2597 0.1778 0.1220 0.0836 0.0574 0.0393 0.0269 0.0184 0.0126 0.0087 0.0059 0.0041 0.0028 0.0019 0.0013 0.0009 0.0006
0.0009 0.0013 0.0019 0.0028 0.0040 0.0059 0.0086 0.0125 0.0183 0.0267 0.0390 0.0568 0.0830 0.1211 0.1765 0.2577 0.3762 0.5483 0.8005 1.0000 1.0000 1.0000 1.0000 1.0000 1.0000 1.0000 1.0000 1.0000 1.0000 1.0000 0.0000 0.0000 0.0001 0.0001 0.0001 0.0002 0.0002 0.0003 0.0005 0.0007 0.0011 0.0016 0.0023 0.0033 0.0047 0.0068 0.0097 0.0133 0.0176 0.0213 0.0229 0.0213 0.0176 0.0133 0.0097 0.0068 0.0047 0.0033 0.0023 0.0016 0.0011 0.0007 0.0005 0.0003 0.0002 0.0002 0.0001 0.0001 0.0001 0.0000 0.0000 1.0000 1.0000 1.0000 1.0000 1.0000 1.0000 1.0000 1.0000 1.0000 1.0000 1.0000 0.8005 0.5483 0.3762 0.2577 0.1765 0.1211 0.0830 0.0568 0.0390 0.0267 0.0183 0.0125 0.0086 0.0059 0.0040 0.0028 0.0019 0.0013 0.0009
0.0013 0.0019 0.0027 0.0040 0.0058 0.0085 0.0124 0.0181 0.0265 0.0385 0.0563 0.0822 0.1200 0.1752 0.2553 0.3727 0.5441 0.7929 1.0000 1.0000 1.0000 1.0000 1.0000 1.0000 1.0000 1.0000 1.0000 1.0000 1.0000 1.0000 0.0000 0.0001 0.0001 0.0001 0.0002 0.0002 0.0003 0.0005 0.0007 0.0011 0.0016 0.0023 0.0033 0.0048 0.0069 0.0099 0.0140 0.0194 0.0255 0.0310 0.0333 0.0310 0.0255 0.0194 0.0140 0.0099 0.0069 0.0048 0.0033 0.0023 0.0016 0.0011 0.0007 0.0005 0.0003 0.0002 0.0002 0.0001 0.0001 0.0001 0.0000 1.0000 1.0000 1.0000 1.0000 1.0000 1.0000 1.0000 1.0000 1.0000 1.0000 1.0000 1.0000 0.7929 0.5431 0.3727 0.2553 0.1752 0.1200 0.0822 0.0563 0.0385 0.0265 0.0181 0.0124 0.0085 0.0058 0.0040 0.0027 0.0019 0.0013
0.0019 0.0027 0.0039 0.0057 0.0084 0.0122 0.0179 0.0261 0.0380 0.0555 0.0811 0.1184 0.1728 0.2524 0.3678 0.5369 0.7839 1.0000 1.0000 1.0000 1.0000 1.0000 1.0000 1.0000 1.0000 1.0000 1.0000 1.0000 1.0000 0.0000 0.0001 0.0001 0.0001 0.0002 0.0002 0.0003 0.0005 0.0007 0.0011 0.0015 0.0022 0.0033 0.0047 0.0069 0.0100 0.0143 0.0203 0.0280 0.0369 0.0449 0.0482 0.0448 0.0369 0.0280 0.0203 0.0143 0.0100 0.0069 0.0047 0.0033 0.0022 0.0015 0.0011 0.0007 0.0005 0.0003 0.0002 0.0002 0.0001 0.0001 0.0001 0.0000 1.0000 1.0000 1.0000 1.0000 1.0000 1.0000 1.0000 1.0000 1.0000 1.0000 1.0000 1.0000 0.7839 0.5369 0.3678 0.2524 0.1728 0.1184 0.0811 0.0555 0.0380 0.0261 0.0179 0.0122 0.0084 0.0057 0.0039 0.0027 0.0019
0.0027 0.0039 0.0056 0.0082 0.0120 0.0175 0.0256 0.0373 0.0545 0.0796 0.1162 0.1696 0.2471 0.3608 0.5268 0.7692 1.0000 1.0000 1.0000 1.0000 1.0000 1.0000 1.0000 1.0000 1.0000 1.0000 1.0000 1.0000 0.0000 0.0001 0.0001 0.0001 0.0002 0.0002 0.0003 0.0005 0.0007 0.0010 0.0015 0.0022 0.0032 0.0047 0.0068 0.0099 0.0143 0.0205 0.0291 0.0402 0.0531 0.0644 0.0692 0.0644 0.0531 0.0402 0.0291 0.0205 0.0143 0.0099 0.0068 0.0047 0.0032 0.0022 0.0015 0.0010 0.0007 0.0005 0.0003 0.0002 0.0002 0.0001 0.0001 0.0001 0.0000 1.0000 1.0000 1.0000 1.0000 1.0000 1.0000 1.0000 1.0000 1.0000 1.0000 1.0000 1.0000 0.7692 0.5268 0.3608 0.2471 0.1693 0.1162 0.0796 0.0545 0.0373 0.0256 0.0175 0.0120 0.0082 0.0056 0.0039 0.0027
0.0038 0.0054 0.0079 0.0116 0.0170 0.0247 0.0361 0.0528 0.0769 0.1122 0.1639 0.2393 0.3493 0.5101 0.7447 1.0000 1.0000 1.0000 1.0000 1.0000 1.0000 1.0000 1.0000 1.0000 1.0000 1.0000 1.0000 0.0000 0.0000 0.0001 0.0001 0.0002 0.0002 0.0003 0.0005 0.0007 0.0010 0.0015 0.0022 0.0031 0.0046 0.0066 0.0097 0.0140 0.0203 0.0291 0.0413 0.0570 0.0751 0.0912 0.0981 0.0912 0.0751 0.0570 0.0413 0.0291 0.0203 0.0140 0.0097 0.0066 0.0046 0.0031 0.0022 0.0015 0.0010 0.0007 0.0005 0.0003 0.0002 0.0002 0.0001 0.0001 0.0000 0.0000 1.0000 1.0000 1.0000 1.0000 1.0000 1.0000 1.0000 1.0000 1.0000 1.0000 1.0000 1.0000 0.7447 0.5101 0.3493 0.2393 0.1639 0.1122 0.0769 0.0527 0.0361 0.0247 0.0169 0.0116 0.0079 0.0054 0.0038
0.0052 0.0075 0.0109 0.0159 0.0233 0.0340 0.0497 0.0726 0.1060 0.1548 0.2260 0.3300 0.4818 0.7021 1.0000 1.0000 1.0000 1.0000 1.0000 1.0000 1.0000 1.0000 1.0000 1.0000 1.0000 1.0000 0.0000 0.0000 0.0001 0.0001 0.0001 0.0002 0.0003 0.0005 0.0007 0.0010 0.0014 0.0020 0.0030 0.0043 0.0063 0.0092 0.0133 0.0194 0.0280 0.0402 0.0570 0.0788 0.1038 0.1261 0.1355 0.1261 0.1038 0.0788 0.0570 0.0402 0.0280 0.0194 0.0133 0.0092 0.0063 0.0043 0.0030 0.0020 0.0014 0.0010 0.0007 0.0005 0.0003 0.0002 0.0001 0.0001 0.0001 0.0000 0.0000 1.0000 1.0000 1.0000 1.0000 1.0000 1.0000 1.0000 1.0000 1.0000 1.0000 1.0000 1.0000 0.7021 0.4809 0.3293 0.2256 0.1548 0.1058 0.0726 0.0496 0.0340 0.0233 0.0159 0.0109 0.0075 0.0052
0.0068 0.0098 0.0143 0.0209 0.0306 0.0447 0.0653 0.0953 0.1392 0.2032 0.2966 0.4331 0.6323 0.9232 1.0000 1.0000 1.0000 1.0000 1.0000 1.0000 1.0000 1.0000 1.0000 1.0000 1.0000 0.0000 0.0000 0.0001 0.0001 0.0001 0.0002 0.0003 0.0004 0.0006 0.0009 0.0013 0.0018 0.0027 0.0039 0.0057 0.0083 0.0121 0.0176 0.0255 0.0369 0.0531 0.0751 0.1038 0.1368 0.1661 0.1782 0.1658 0.1368 0.1038 0.0751 0.0531 0.0369 0.0255 0.0176 0.0121 0.0083 0.0057 0.0039 0.0027 0.0018 0.0013 0.0009 0.0006 0.0004 0.0003 0.0002 0.0001 0.0001 0.0001 0.0000 0.0000 1.0000 1.0000 1.0000 1.0000 1.0000 1.0000 1.0000 1.0000 1.0000 1.0000 1.0000 0.9232 0.6323 0.4331 0.2966 0.2032 0.1392 0.0953 0.0653 0.0446 0.0306 0.0209 0.0143 0.0098 0.0068
0.0081 0.0118 0.0173 0.0253 0.0370 0.0541 0.0790 0.1155 0.1686 0.2462 0.3595 0.5248 0.7662 1.0000 1.0000 1.0000 1.0000 1.0000 1.0000 1.0000 1.0000 1.0000 1.0000 1.0000 1.0000 0.0000 0.0001 0.0001 0.0001 0.0002 0.0002 0.0003 0.0005 0.0007 0.0011 0.0015 0.0022 0.0033 0.0047 0.0069 0.0101 0.0147 0.0213 0.0310 0.0449 0.0644 0.0912 0.1261 0.1661 0.2012 0.2159 0.2009 0.1658 0.1261 0.0912 0.0644 0.0448 0.0310 0.0213 0.0147 0.0101 0.0069 0.0047 0.0033 0.0022 0.0015 0.0011 0.0007 0.0005 0.0003 0.0002 0.0002 0.0001 0.0001 0.0001 0.0000 1.0000 1.0000 1.0000 1.0000 1.0000 1.0000 1.0000 1.0000 1.0000 1.0000 1.0000 1.0000 0.7662 0.5248 0.3595 0.2462 0.1686 0.1155 0.0790 0.0541 0.0370 0.0253 0.0173 0.0118 0.0081
0.0087 0.0127 0.0185 0.0271 0.0397 0.0580 0.0847 0.1239 0.1809 0.2641 0.3857 0.5641 0.8237 1.0000 1.0000 1.0000 1.0000 1.0000 1.0000 1.0000 1.0000 1.0000 1.0000 1.0000 0.0000 0.0000 0.0001 0.0001 0.0001 0.0002 0.0003 0.0004 0.0005 0.0008 0.0011 0.0016 0.0024 0.0035 0.0051 0.0074 0.0108 0.0158 0.0229 0.0333 0.0482 0.0692 0.0981 0.1355 0.1782 0.2159 0.2317 0.2159 0.1782 0.1355 0.0981 0.0692 0.0482 0.0333 0.0229 0.0158 0.0108 0.0074 0.0051 0.0035 0.0024 0.0016 0.0011 0.0008 0.0005 0.0004 0.0003 0.0002 0.0001 0.0001 0.0001 0.0000 0.0000 1.0000 1.0000 1.0000 1.0000 1.0000 1.0000 1.0000 1.0000 1.0000 1.0000 1.0000 0.8221 0.5631 0.3857 0.2641 0.1809 0.1239 0.0847 0.0580 0.0397 0.0271 0.0185 0.0127 0.0087
0.0081 0.0118 0.0173 0.0253 0.0370 0.0541 0.0790 0.1155 0.1686 0.2462 0.3595 0.5248 0.7662 1.0000 1.0000 1.0000 1.0000 1.0000 1.0000 1.0000 1.0000 1.0000 1.0000 1.0000 1.0000 0.0000 0.0001 0.0001 0.0001 0.0002 0.0002 0.0003 0.0005 0.0007 0.0011 0.0015 0.0022 0.0033 0.0047 0.0069 0.0101 0.0147 0.0213 0.0310 0.0449 0.0644 0.0912 0.1261 0.1658 0.2009 0.2159 0.2009 0.1658 0.1261 0.0912 0.0644 0.0448 0.0310 0.0213 0.0147 0.0101 0.0069 0.0047 0.0033 0.0022 0.0015 0.0011 0.0007 0.0005 0.0003 0.0002 0.0002 0.0001 0.0001 0.0001 0.0000 1.0000 1.0000 1.0000 1.0000 1.0000 1.0000 1.0000 1.0000 1.0000 1.0000 1.0000 1.0000 0.7662 0.5248 0.3595 0.2462 0.1686 0.1155 0.0790 0.0541 0.0370 0.0253 0.0173 0.0118 0.0081
0.0068 0.0098 0.0143 0.0209 0.0306 0.0447 0.0653 0.0953 0.1392 0.2032 0.2966 0.4331 0.6323 0.9232 1.0000 1.0000 1.0000 1.0000 1.0000 1.0000 1.0000 1.0000 1.0000 1.0000 1.0000 0.0000 0.0000 0.0001 0.0001 0.0001 0.0002 0.0003 0.0004 0.0006 0.0009 0.0013 0.0018 0.0027 0.0039 0.0057 0.0083 0.0121 0.0176 0.0255 0.0369 0.0531 0.0751 0.1038 0.1368 0.1658 0.1782 0.1658 0.1368 0.1038 0.0751 0.0531 0.0369 0.0255 0.0176 0.0121 0.0083 0.0057 0.0039 0.0027 0.0018 0.0013 0.0009 0.0006 0.0004 0.0003 0.0002 0.0001 0.0001 0.0001 0.0000 0.0000 1.0000 1.0000 1.0000 1.0000 1.0000 1.0000 1.0000 1.0000 1.0000 1.0000 1.0000 0.9232 0.6323 0.4331 0.2966 0.2032 0.1392 0.0953 0.0653 0.0446 0.0306 0.0209 0.0143 0.0098 0.0068
0.0052 0.0075 0.0109 0.0159 0.0233 0.0340 0.0497 0.0726 0.1060 0.1548 0.2260 0.3300 0.4809 0.7021 1.0000 1.0000 1.0000 1.0000 1.0000 1.0000 1.0000 1.0000 1.0000 1.0000 1.0000 1.0000 0.0000 0.0000 0.0001 0.0001 0.0001 0.0002 0.0003 0.0005 0.0007 0.0010 0.0014 0.0020 0.0030 0.0043 0.0063 0.0092 0.0133 0.0194 0.0280 0.0402 0.0570 0.0788 0.1038 0.1261 0.1355 0.1261 0.1038 0.0788 0.0570 0.0402 0.0280 0.0194 0.0133 0.0092 0.0063 0.0043 0.0030 0.0020 0.0014 0.0010 0.0007 0.0005 0.0003 0.0002 0.0001 0.0001 0.0001 0.0000 0.0000 1.0000 1.0000 1.0000 1.0000 1.0000 1.0000 1.0000 1.0000 1.0000 1.0000 1.0000 1.0000 0.7021 0.4809 0.3293 0.2256 0.1548 0.1058 0.0726 0.0496 0.0340 0.0233 0.0159 0.0109 0.0075 0.0052
0.0038 0.0054 0.0079 0.0116 0.0170 0.0247 0.0361 0.0528 0.0769 0.1122 0.1639 0.2393 0.3493 0.5101 0.7447 1.0000 1.0000 1.0000 1.0000 1.0000 1.0000 1.0000 1.0000 1.0000 1.0000 1.0000 1.0000 0.0000 0.0000 0.0001 0.0001 0.0002 0.0002 0.0003 0.0005 0.0007 0.0010 0.0015 0.0022 0.0031 0.0046 0.0066 0.0097 0.0140 0.0202 0.0291 0.0413 0.0570 0.0751 0.0912 0.0981 0.0912 0.0751 0.0570 0.0413 0.0291 0.0203 0.0140 0.0097 0.0066 0.0046 0.0031 0.0022 0.0015 0.0010 0.0007 0.0005 0.0003 0.0002 0.0002 0.0001 0.0001 0.0000 0.0000 1.0000 1.0000 1.0000 1.0000 1.0000 1.0000 1.0000 1.0000 1.0000 1.0000 1.0000 1.0000 0.7447 0.5101 0.3493 0.2393 0.1639 0.1122 0.0769 0.0527 0.0361 0.0247 0.0169 0.0116 0.0079 0.0054 0.0038
0.0027 0.0039 0.0056 0.0082 0.0120 0.0175 0.0256 0.0373 0.0545 0.0796 0.1162 0.1696 0.2471 0.3608 0.5268 0.7692 1.0000 1.0000 1.0000 1.0000 1.0000 1.0000 1.0000 1.0000 1.0000 1.0000 1.0000 1.0000 0.0000 0.0001 0.0001 0.0001 0.0002 0.0002 0.0003 0.0005 0.0007 0.0010 0.0015 0.0022 0.0032 0.0047 0.0068 0.0099 0.0143 0.0205 0.0291 0.0402 0.0531 0.0644 0.0692 0.0644 0.0531 0.0402 0.0291 0.0205 0.0143 0.0099 0.0068 0.0047 0.0032 0.0022 0.0015 0.0010 0.0007 0.0005 0.0003 0.0002 0.0002 0.0001 0.0001 0.0001 0.0000 1.0000 1.0000 1.0000 1.0000 1.0000 1.0000 1.0000 1.0000 1.0000 1.0000 1.0000 1.0000 0.7692 0.5268 0.3608 0.2471 0.1693 0.1162 0.0796 0.0545 0.0373 0.0256 0.0175 0.0120 0.0082 0.0056 0.0039 0.0027
