0.4976 0.5051 0.5070 0.5020 0.4914 0.4754 0.4538 0.4264 0.3924 0.3515 0.3040 0.2520 0.2030 0.1708 0.1550 0.1460 0.1403 0.1366 0.1345 0.1336 0.1340 0.1356 0.1383 0.1423 0.1476 0.1543 0.1625 0.1723 0.1839 0.1974 0.2131 0.2311 0.2517 0.2751 0.3015 0.3309 0.3632 0.3976 0.4328 0.4656 0.4910 0.5042 0.5072 0.5031 0.4934 0.4789 0.4602 0.4385 0.4165 0.3991 0.3923 0.3991 0.4165 0.4385 0.4602 0.4789 0.4934 0.5031 0.5072 0.5042 0.4910 0.4656 0.4328 0.3976 0.3632 0.3309 0.3015 0.2751 0.2517 0.2311 0.2131 0.1974 0.1839 0.1723 0.1625 0.1543 0.1476 0.1423 0.1383 0.1356 0.1340 0.1336 0.1345 0.1366 0.1403 0.1460 0.1550 0.1708 0.2030 0.2520 0.3040 0.3516 0.3924 0.4264 0.4539 0.4754 0.4914 0.5020 0.5070 0.5051 0.4976
0.5051 0.5026 0.4976 0.4869 0.4710 0.4497 0.4224 0.3888 0.3484 0.3013 0.2500 0.2017 0.1700 0.1546 0.1458 0.1402 0.1366 0.1345 0.1338 0.1342 0.1358 0.1386 0.1427 0.1480 0.1547 0.1630 0.1728 0.1844 0.1979 0.2136 0.2317 0.2522 0.2756 0.3018 0.3310 0.3629 0.3969 0.4313 0.4633 0.4876 0.5001 0.5028 0.4985 0.4887 0.4738 0.4542 0.4302 0.4033 0.3767 0.3559 0.3478 0.3559 0.3767 0.4033 0.4302 0.4542 0.4738 0.4887 0.4985 0.5028 0.5001 0.4876 0.4633 0.4313 0.3968 0.3629 0.3310 0.3018 0.2756 0.2522 0.2317 0.2136 0.1979 0.1844 0.1728 0.1629 0.1547 0.1480 0.1427 0.1386 0.1358 0.1342 0.1338 0.1345 0.1366 0.1402 0.1459 0.1546 0.1700 0.2017 0.2500 0.3013 0.3484 0.3888 0.4224 0.4497 0.4710 0.4869 0.4976 0.5026 0.5051
0.5070 0.4976 0.4869 0.4709 0.4494 0.4220 0.3882 0.3477 0.3005 0.2491 0.2010 0.1697 0.1544 0.1457 0.1402 0.1366 0.1345 0.1338 0.1342 0.1359 0.1387 0.1428 0.1481 0.1549 0.1631 0.1730 0.1846 0.1982 0.2139 0.2320 0.2526 0.2760 0.3023 0.3315 0.3635 0.3975 0.4319 0.4638 0.4879 0.5003 0.5028 0.4984 0.4884 0.4732 0.4529 0.4276 0.3977 0.3649 0.3331 0.3087 0.2994 0.3087 0.3330 0.3649 0.3977 0.4276 0.4529 0.4732 0.4884 0.4984 0.5028 0.5003 0.4879 0.4638 0.4319 0.3975 0.3635 0.3315 0.3023 0.2760 0.2526 0.2320 0.2139 0.1982 0.1846 0.1730 0.1631 0.1549 0.1481 0.1428 0.1387 0.1359 0.1342 0.1338 0.1345 0.1366 0.1402 0.1457 0.1544 0.1697 0.2010 0.2492 0.3005 0.3477 0.3882 0.4220 0.4494 0.4709 0.4869 0.4976 0.5070
0.5020 0.4869 0.4709 0.4492 0.4218 0.3879 0.3471 0.2999 0.2484 0.2003 0.1693 0.1542 0.1456 0.1401 0.1365 0.1345 0.1338 0.1342 0.1359 0.1388 0.1428 0.1482 0.1550 0.1633 0.1732 0.1848 0.1985 0.2142 0.2323 0.2530 0.2765 0.3028 0.3321 0.3641 0.3981 0.4325 0.4643 0.4883 0.5004 0.5027 0.4982 0.4881 0.4727 0.4521 0.4260 0.3944 0.3581 0.3194 0.2830 0.2566 0.2468 0.2566 0.2830 0.3193 0.3581 0.3944 0.4259 0.4520 0.4727 0.4881 0.4982 0.5027 0.5004 0.4883 0.4643 0.4325 0.3981 0.3641 0.3321 0.3028 0.2764 0.2530 0.2323 0.2142 0.1985 0.1848 0.1732 0.1633 0.1550 0.1482 0.1428 0.1388 0.1359 0.1342 0.1338 0.1345 0.1365 0.1401 0.1456 0.1542 0.1693 0.2003 0.2484 0.2999 0.3471 0.3879 0.4217 0.4493 0.4709 0.4869 0.5020
0.4914 0.4710 0.4494 0.4218 0.3877 0.3468 0.2994 0.2478 0.1998 0.1690 0.1541 0.1455 0.1400 0.1365 0.1345 0.1338 0.1343 0.1359 0.1388 0.1429 0.1483 0.1551 0.1634 0.1734 0.1851 0.1987 0.2145 0.2327 0.2534 0.2769 0.3033 0.3326 0.3647 0.3987 0.4332 0.4649 0.4886 0.5005 0.5027 0.4981 0.4878 0.4723 0.4514 0.4249 0.3924 0.3543 0.3116 0.2681 0.2305 0.2064 0.1984 0.2064 0.2305 0.2681 0.3116 0.3542 0.3924 0.4249 0.4514 0.4723 0.4878 0.4981 0.5027 0.5005 0.4886 0.4648 0.4331 0.3987 0.3647 0.3326 0.3033 0.2769 0.2534 0.2327 0.2145 0.1987 0.1851 0.1734 0.1634 0.1551 0.1483 0.1429 0.1388 0.1359 0.1343 0.1338 0.1345 0.1365 0.1400 0.1455 0.1541 0.1690 0.1998 0.2478 0.2994 0.3468 0.3877 0.4217 0.4494 0.4710 0.4914
0.4754 0.4497 0.4220 0.3879 0.3468 0.2992 0.2475 0.1995 0.1688 0.1539 0.1454 0.1400 0.1365 0.1345 0.1338 0.1343 0.1360 0.1389 0.1430 0.1484 0.1553 0.1636 0.1736 0.1853 0.1990 0.2148 0.2330 0.2538 0.2774 0.3038 0.3332 0.3653 0.3993 0.4338 0.4654 0.4889 0.5006 0.5027 0.4979 0.4876 0.4719 0.4509 0.4241 0.3911 0.3519 0.3072 0.2598 0.2165 0.1865 0.1721 0.1681 0.1721 0.1865 0.2165 0.2598 0.3071 0.3519 0.3911 0.4241 0.4509 0.4720 0.4876 0.4979 0.5027 0.5006 0.4889 0.4654 0.4337 0.3993 0.3653 0.3332 0.3038 0.2773 0.2538 0.2330 0.2148 0.1990 0.1853 0.1735 0.1636 0.1553 0.1484 0.1430 0.1389 0.1360 0.1343 0.1338 0.1345 0.1365 0.1400 0.1454 0.1539 0.1688 0.1994 0.2475 0.2992 0.3468 0.3879 0.4220 0.4497 0.4754
0.4539 0.4224 0.3882 0.3471 0.2994 0.2475 0.1993 0.1687 0.1539 0.1454 0.1399 0.1364 0.1344 0.1338 0.1343 0.1360 0.1389 0.1431 0.1485 0.1554 0.1637 0.1737 0.1855 0.1993 0.2151 0.2334 0.2542 0.2778 0.3043 0.3337 0.3659 0.4000 0.4344 0.4659 0.4892 0.5007 0.5026 0.4978 0.4874 0.4716 0.4504 0.4234 0.3902 0.3504 0.3045 0.2551 0.2092 0.1777 0.1623 0.1555 0.1534 0.1555 0.1623 0.1777 0.2092 0.2551 0.3045 0.3504 0.3902 0.4234 0.4504 0.4716 0.4874 0.4978 0.5026 0.5007 0.4892 0.4659 0.4343 0.3999 0.3659 0.3337 0.3043 0.2778 0.2542 0.2334 0.2151 0.1992 0.1855 0.1737 0.1637 0.1554 0.1485 0.1431 0.1389 0.1360 0.1343 0.1338 0.1344 0.1364 0.1399 0.1454 0.1538 0.1687 0.1993 0.2475 0.2994 0.3471 0.3882 0.4224 0.4539
0.4264 0.3888 0.3477 0.2999 0.2478 0.1995 0.1687 0.1538 0.1453 0.1399 0.1364 0.1344 0.1338 0.1343 0.1360 0.1390 0.1432 0.1486 0.1555 0.1639 0.1739 0.1857 0.1995 0.2154 0.2337 0.2546 0.2782 0.3048 0.3343 0.3665 0.4006 0.4350 0.4664 0.4895 0.5008 0.5026 0.4977 0.4871 0.4713 0.4500 0.4228 0.3894 0.3492 0.3027 0.2523 0.2052 0.1735 0.1582 0.1503 0.1462 0.1450 0.1462 0.1503 0.1581 0.1735 0.2052 0.2523 0.3027 0.3492 0.3894 0.4228 0.4500 0.4713 0.4871 0.4977 0.5026 0.5008 0.4895 0.4664 0.4350 0.4006 0.3665 0.3343 0.3048 0.2782 0.2546 0.2337 0.2154 0.1995 0.1857 0.1739 0.1639 0.1555 0.1486 0.1431 0.1390 0.1360 0.1343 0.1338 0.1344 0.1364 0.1399 0.1453 0.1538 0.1687 0.1994 0.2478 0.2999 0.3477 0.3888 0.4264
0.3924 0.3484 0.3005 0.2484 0.1998 0.1688 0.1539 0.1453 0.1399 0.1364 0.1344 0.1338 0.1343 0.1361 0.1390 0.1432 0.1487 0.1556 0.1640 0.1741 0.1859 0.1997 0.2157 0.2340 0.2550 0.2787 0.3053 0.3348 0.3670 0.4012 0.4356 0.4669 0.4898 0.5009 0.5026 0.4975 0.4869 0.4709 0.4495 0.4223 0.3887 0.3483 0.3014 0.2505 0.2028 0.1714 0.1561 0.1479 0.1430 0.1404 0.1396 0.1404 0.1430 0.1479 0.1561 0.1714 0.2028 0.2505 0.3014 0.3483 0.3887 0.4223 0.4496 0.4709 0.4869 0.4975 0.5026 0.5009 0.4898 0.4669 0.4355 0.4012 0.3670 0.3348 0.3053 0.2786 0.2549 0.2340 0.2157 0.1997 0.1859 0.1741 0.1640 0.1556 0.1487 0.1432 0.1390 0.1361 0.1343 0.1338 0.1344 0.1364 0.1399 0.1453 0.1538 0.1688 0.1998 0.2484 0.3005 0.3484 0.3924
0.3516 0.3013 0.2492 0.2003 0.1690 0.1539 0.1454 0.1399 0.1364 0.1344 0.1338 0.1343 0.1361 0.1391 0.1433 0.1488 0.1557 0.1642 0.1742 0.1861 0.2000 0.2160 0.2343 0.2553 0.2791 0.3057 0.3353 0.3676 0.4018 0.4361 0.4674 0.4901 0.5010 0.5025 0.4974 0.4866 0.4706 0.4491 0.4217 0.3880 0.3474 0.3003 0.2491 0.2013 0.1702 0.1551 0.1467 0.1415 0.1383 0.1367 0.1361 0.1367 0.1383 0.1415 0.1467 0.1551 0.1702 0.2013 0.2491 0.3003 0.3474 0.3880 0.4217 0.4491 0.4706 0.4866 0.4974 0.5025 0.5010 0.4901 0.4674 0.4361 0.4017 0.3676 0.3353 0.3057 0.2790 0.2553 0.2343 0.2160 0.1999 0.1861 0.1742 0.1642 0.1557 0.1488 0.1433 0.1391 0.1361 0.1343 0.1338 0.1344 0.1364 0.1399 0.1454 0.1539 0.1690 0.2003 0.2492 0.3013 0.3516
0.3040 0.2500 0.2010 0.1693 0.1541 0.1454 0.1399 0.1364 0.1344 0.1338 0.1343 0.1361 0.1391 0.1433 0.1488 0.1558 0.1643 0.1744 0.1863 0.2002 0.2162 0.2346 0.2556 0.2794 0.3062 0.3358 0.3681 0.4023 0.4367 0.4678 0.4904 0.5011 0.5025 0.4972 0.4864 0.4703 0.4487 0.4212 0.3873 0.3466 0.2993 0.2480 0.2002 0.1695 0.1545 0.1460 0.1407 0.1373 0.1354 0.1345 0.1343 0.1345 0.1354 0.1373 0.1407 0.1460 0.1545 0.1695 0.2002 0.2480 0.2994 0.3466 0.3873 0.4212 0.4487 0.4703 0.4864 0.4972 0.5025 0.5011 0.4904 0.4678 0.4367 0.4023 0.3681 0.3358 0.3061 0.2794 0.2556 0.2346 0.2162 0.2002 0.1863 0.1744 0.1643 0.1558 0.1488 0.1433 0.1391 0.1361 0.1343 0.1338 0.1344 0.1364 0.1399 0.1454 0.1541 0.1693 0.2010 0.2500 0.3040
0.2520 0.2017 0.1697 0.1542 0.1455 0.1400 0.1364 0.1344 0.1338 0.1343 0.1361 0.1391 0.1433 0.1489 0.1559 0.1643 0.1745 0.1864 0.2004 0.2164 0.2349 0.2560 0.2798 0.3066 0.3363 0.3686 0.4029 0.4372 0.4683 0.4907 0.5012 0.5025 0.4971 0.4862 0.4700 0.4482 0.4206 0.3866 0.3458 0.2984 0.2470 0.1993 0.1689 0.1541 0.1457 0.1403 0.1369 0.1349 0.1340 0.1337 0.1337 0.1337 0.1340 0.1349 0.1369 0.1403 0.1457 0.1541 0.1689 0.1993 0.2470 0.2984 0.3458 0.3866 0.4207 0.4483 0.4700 0.4862 0.4971 0.5025 0.5012 0.4907 0.4683 0.4372 0.4028 0.3686 0.3363 0.3066 0.2798 0.2560 0.2349 0.2164 0.2004 0.1864 0.1745 0.1643 0.1559 0.1489 0.1433 0.1391 0.1361 0.1343 0.1338 0.1344 0.1364 0.1400 0.1455 0.1542 0.1697 0.2017 0.2520
0.2030 0.1700 0.1544 0.1456 0.1400 0.1365 0.1344 0.1338 0.1343 0.1361 0.1391 0.1433 0.1489 0.1559 0.1644 0.1746 0.1865 0.2005 0.2166 0.2352 0.2563 0.2802 0.3070 0.3368 0.3692 0.4034 0.4377 0.4687 0.4909 0.5013 0.5024 0.4970 0.4860 0.4696 0.4478 0.4201 0.3860 0.3450 0.2976 0.2461 0.1986 0.1685 0.1538 0.1454 0.1400 0.1366 0.1346 0.1338 0.1338 0.1342 0.1344 0.1342 0.1338 0.1338 0.1346 0.1366 0.1400 0.1454 0.1538 0.1685 0.1986 0.2461 0.2976 0.3451 0.3860 0.4201 0.4479 0.4697 0.4860 0.4970 0.5024 0.5013 0.4909 0.4687 0.4377 0.4034 0.3691 0.3367 0.3070 0.2802 0.2563 0.2352 0.2166 0.2005 0.1865 0.1746 0.1644 0.1559 0.1489 0.1433 0.1391 0.1361 0.1343 0.1338 0.1344 0.1365 0.1400 0.1456 0.1544 0.1700 0.2030
0.1708 0.1546 0.1457 0.1401 0.1365 0.1345 0.1338 0.1343 0.1361 0.1391 0.1433 0.1489 0.1559 0.1644 0.1746 0.1866 0.2006 0.2168 0.2354 0.2565 0.2805 0.3074 0.3372 0.3697 0.4039 0.4382 0.4691 0.4912 0.5014 0.5024 0.4968 0.4857 0.4693 0.4475 0.4196 0.3854 0.3443 0.2967 0.2452 0.1978 0.1681 0.1536 0.1453 0.1399 0.1365 0.1345 0.1338 0.1340 0.1349 0.1359 0.1364 0.1359 0.1349 0.1340 0.1338 0.1345 0.1365 0.1399 0.1453 0.1536 0.1681 0.1979 0.2452 0.2967 0.3443 0.3854 0.4197 0.4475 0.4694 0.4858 0.4968 0.5024 0.5014 0.4912 0.4691 0.4382 0.4039 0.3696 0.3372 0.3074 0.2805 0.2565 0.2354 0.2168 0.2006 0.1866 0.1746 0.1644 0.1559 0.1489 0.1433 0.1391 0.1361 0.1343 0.1338 0.1345 0.1365 0.1401 0.1457 0.1546 0.1708
0.1550 0.1459 0.1402 0.1365 0.1345 0.1338 0.1343 0.1360 0.1390 0.1433 0.1488 0.1559 0.1644 0.1746 0.1866 0.2007 0.2169 0.2355 0.2567 0.2807 0.3077 0.3376 0.3701 0.4044 0.4387 0.4695 0.4914 0.5015 0.5023 0.4967 0.4855 0.4691 0.4471 0.4192 0.3848 0.3436 0.2959 0.2444 0.1972 0.1678 0.1534 0.1451 0.1398 0.1364 0.1344 0.1338 0.1342 0.1355 0.1372 0.1389 0.1395 0.1389 0.1372 0.1355 0.1342 0.1338 0.1344 0.1364 0.1398 0.1451 0.1534 0.1678 0.1972 0.2444 0.2959 0.3436 0.3848 0.4192 0.4471 0.4691 0.4855 0.4967 0.5023 0.5015 0.4914 0.4695 0.4387 0.4044 0.3701 0.3376 0.3077 0.2807 0.2567 0.2355 0.2169 0.2007 0.1866 0.1746 0.1644 0.1559 0.1488 0.1433 0.1390 0.1360 0.1343 0.1338 0.1345 0.1365 0.1402 0.1459 0.1550
0.1460 0.1402 0.1366 0.1345 0.1338 0.1343 0.1360 0.1390 0.1432 0.1488 0.1558 0.1643 0.1746 0.1866 0.2007 0.2169 0.2356 0.2568 0.2809 0.3079 0.3379 0.3704 0.4048 0.4391 0.4699 0.4917 0.5015 0.5023 0.4966 0.4853 0.4688 0.4467 0.4187 0.3842 0.3429 0.2951 0.2436 0.1966 0.1675 0.1532 0.1450 0.1397 0.1363 0.1344 0.1338 0.1343 0.1358 0.1381 0.1408 0.1431 0.1440 0.1431 0.1408 0.1381 0.1358 0.1343 0.1338 0.1344 0.1363 0.1397 0.1450 0.1532 0.1675 0.1966 0.2436 0.2952 0.3430 0.3842 0.4187 0.4467 0.4688 0.4853 0.4966 0.5023 0.5015 0.4916 0.4699 0.4391 0.4048 0.3704 0.3379 0.3079 0.2809 0.2568 0.2356 0.2169 0.2007 0.1866 0.1746 0.1643 0.1558 0.1488 0.1432 0.1390 0.1360 0.1343 0.1338 0.1345 0.1366 0.1402 0.1460
0.1403 0.1366 0.1345 0.1338 0.1343 0.1360 0.1389 0.1431 0.1487 0.1557 0.1643 0.1745 0.1865 0.2006 0.2169 0.2356 0.2569 0.2810 0.3080 0.3380 0.3707 0.4051 0.4395 0.4702 0.4919 0.5016 0.5023 0.4964 0.4851 0.4685 0.4463 0.4182 0.3836 0.3422 0.2944 0.2428 0.1959 0.1672 0.1531 0.1449 0.1396 0.1363 0.1344 0.1338 0.1343 0.1360 0.1387 0.1421 0.1457 0.1487 0.1499 0.1487 0.1457 0.1421 0.1387 0.1360 0.1343 0.1338 0.1344 0.1363 0.1396 0.1449 0.1531 0.1672 0.1960 0.2428 0.2944 0.3423 0.3837 0.4182 0.4463 0.4685 0.4851 0.4964 0.5023 0.5016 0.4918 0.4702 0.4395 0.4051 0.3707 0.3380 0.3080 0.2810 0.2569 0.2356 0.2169 0.2006 0.1865 0.1745 0.1643 0.1557 0.1487 0.1431 0.1389 0.1360 0.1343 0.1338 0.1345 0.1366 0.1403
0.1366 0.1345 0.1338 0.1342 0.1359 0.1389 0.1431 0.1486 0.1556 0.1642 0.1744 0.1864 0.2005 0.2168 0.2355 0.2568 0.2810 0.3081 0.3382 0.3708 0.4053 0.4397 0.4705 0.4920 0.5016 0.5022 0.4963 0.4849 0.4682 0.4459 0.4177 0.3831 0.3416 0.2936 0.2420 0.1953 0.1669 0.1529 0.1448 0.1396 0.1362 0.1343 0.1338 0.1344 0.1361 0.1390 0.1428 0.1473 0.1520 0.1557 0.1572 0.1557 0.1520 0.1473 0.1428 0.1390 0.1361 0.1344 0.1338 0.1343 0.1362 0.1396 0.1448 0.1529 0.1669 0.1954 0.2420 0.2936 0.3416 0.3831 0.4177 0.4459 0.4682 0.4849 0.4963 0.5022 0.5016 0.4920 0.4705 0.4397 0.4053 0.3708 0.3382 0.3081 0.2810 0.2568 0.2355 0.2168 0.2005 0.1864 0.1744 0.1642 0.1556 0.1486 0.1431 0.1389 0.1359 0.1342 0.1338 0.1345 0.1366
0.1345 0.1338 0.1342 0.1359 0.1388 0.1430 0.1485 0.1555 0.1640 0.1742 0.1863 0.2004 0.2166 0.2354 0.2567 0.2809 0.3080 0.3382 0.3709 0.4054 0.4399 0.4706 0.4921 0.5017 0.5022 0.4962 0.4847 0.4679 0.4456 0.4173 0.3825 0.3409 0.2928 0.2412 0.1947 0.1666 0.1528 0.1447 0.1395 0.1362 0.1343 0.1338 0.1344 0.1362 0.1391 0.1432 0.1483 0.1540 0.1598 0.1643 0.1661 0.1643 0.1598 0.1540 0.1483 0.1432 0.1391 0.1362 0.1344 0.1338 0.1343 0.1362 0.1395 0.1447 0.1528 0.1666 0.1948 0.2413 0.2928 0.3409 0.3825 0.4173 0.4456 0.4679 0.4847 0.4962 0.5022 0.5017 0.4921 0.4706 0.4399 0.4054 0.3709 0.3382 0.3080 0.2809 0.2567 0.2354 0.2166 0.2004 0.1863 0.1742 0.1640 0.1555 0.1485 0.1430 0.1388 0.1359 0.1342 0.1338 0.1345
0.1336 0.1342 0.1359 0.1388 0.1429 0.1484 0.1554 0.1639 0.1741 0.1861 0.2002 0.2164 0.2352 0.2565 0.2807 0.3079 0.3380 0.3708 0.4054 0.4399 0.4707 0.4922 0.5017 0.5022 0.4962 0.4846 0.4677 0.4453 0.4168 0.3819 0.3402 0.2920 0.2404 0.1942 0.1663 0.1526 0.1446 0.1394 0.1361 0.1343 0.1338 0.1344 0.1363 0.1393 0.1435 0.1488 0.1552 0.1622 0.1692 0.1746 0.1767 0.1746 0.1692 0.1622 0.1552 0.1488 0.1435 0.1393 0.1363 0.1344 0.1338 0.1343 0.1361 0.1394 0.1446 0.1526 0.1663 0.1942 0.2405 0.2921 0.3402 0.3819 0.4169 0.4453 0.4677 0.4846 0.4962 0.5022 0.5017 0.4922 0.4707 0.4399 0.4054 0.3708 0.3380 0.3079 0.2807 0.2565 0.2352 0.2164 0.2002 0.1861 0.1741 0.1639 0.1554 0.1484 0.1429 0.1388 0.1359 0.1342 0.1336
0.1340 0.1358 0.1387 0.1428 0.1483 0.1553 0.1637 0.1739 0.1859 0.1999 0.2162 0.2349 0.2563 0.2805 0.3077 0.3379 0.3707 0.4053 0.4399 0.4707 0.4922 0.5017 0.5022 0.4961 0.4845 0.4675 0.4450 0.4165 0.3815 0.3396 0.2913 0.2397 0.1936 0.1660 0.1525 0.1445 0.1394 0.1361 0.1343 0.1338 0.1344 0.1363 0.1393 0.1436 0.1491 0.1558 0.1637 0.1721 0.1804 0.1868 0.1892 0.1868 0.1804 0.1721 0.1636 0.1558 0.1491 0.1436 0.1393 0.1363 0.1344 0.1338 0.1343 0.1361 0.1394 0.1445 0.1525 0.1660 0.1936 0.2397 0.2914 0.3396 0.3815 0.4165 0.4450 0.4675 0.4845 0.4961 0.5022 0.5017 0.4922 0.4707 0.4399 0.4053 0.3707 0.3379 0.3077 0.2805 0.2563 0.2349 0.2162 0.1999 0.1859 0.1739 0.1637 0.1553 0.1483 0.1428 0.1387 0.1358 0.1340
0.1356 0.1386 0.1428 0.1482 0.1551 0.1636 0.1737 0.1857 0.1997 0.2160 0.2346 0.2560 0.2802 0.3074 0.3376 0.3704 0.4051 0.4397 0.4706 0.4922 0.5017 0.5022 0.4961 0.4844 0.4674 0.4449 0.4162 0.3811 0.3391 0.2908 0.2390 0.1930 0.1657 0.1523 0.1444 0.1393 0.1361 0.1343 0.1338 0.1345 0.1363 0.1394 0.1437 0.1493 0.1562 0.1644 0.1738 0.1838 0.1935 0.2010 0.2039 0.2010 0.1935 0.1838 0.1738 0.1644 0.1562 0.1493 0.1437 0.1394 0.1363 0.1345 0.1338 0.1343 0.1361 0.1393 0.1444 0.1523 0.1657 0.1931 0.2390 0.2908 0.3391 0.3811 0.4163 0.4449 0.4674 0.4844 0.4961 0.5022 0.5017 0.4922 0.4706 0.4397 0.4051 0.3704 0.3376 0.3074 0.2802 0.2560 0.2346 0.2160 0.1997 0.1857 0.1737 0.1636 0.1551 0.1482 0.1428 0.1386 0.1356
0.1383 0.1427 0.1481 0.1550 0.1634 0.1735 0.1855 0.1995 0.2157 0.2343 0.2556 0.2798 0.3070 0.3372 0.3701 0.4048 0.4395 0.4705 0.4921 0.5017 0.5022 0.4961 0.4844 0.4674 0.4447 0.4161 0.3809 0.3388 0.2903 0.2385 0.1926 0.1655 0.1522 0.1443 0.1392 0.1360 0.1343 0.1338 0.1345 0.1364 0.1395 0.1438 0.1495 0.1565 0.1649 0.1747 0.1858 0.1976 0.2088 0.2174 0.2208 0.2174 0.2088 0.1976 0.1858 0.1747 0.1649 0.1565 0.1495 0.1438 0.1395 0.1364 0.1345 0.1338 0.1343 0.1360 0.1392 0.1443 0.1522 0.1655 0.1926 0.2385 0.2903 0.3388 0.3809 0.4161 0.4447 0.4674 0.4844 0.4961 0.5022 0.5017 0.4921 0.4705 0.4395 0.4048 0.3701 0.3372 0.3070 0.2798 0.2556 0.2343 0.2157 0.1995 0.1855 0.1735 0.1634 0.1550 0.1481 0.1427 0.1383
0.1423 0.1480 0.1549 0.1633 0.1734 0.1853 0.1992 0.2154 0.2340 0.2553 0.2794 0.3066 0.3367 0.3696 0.4044 0.4391 0.4702 0.4920 0.5017 0.5022 0.4961 0.4844 0.4674 0.4447 0.4160 0.3807 0.3385 0.2899 0.2381 0.1923 0.1653 0.1521 0.1442 0.1392 0.1360 0.1342 0.1338 0.1345 0.1364 0.1395 0.1439 0.1496 0.1567 0.1652 0.1753 0.1869 0.1998 0.2135 0.2265 0.2364 0.2402 0.2364 0.2265 0.2135 0.1998 0.1869 0.1753 0.1652 0.1567 0.1496 0.1439 0.1395 0.1364 0.1345 0.1338 0.1342 0.1360 0.1392 0.1442 0.1521 0.1653 0.1923 0.2381 0.2899 0.3385 0.3807 0.4160 0.4447 0.4674 0.4844 0.4961 0.5022 0.5017 0.4920 0.4702 0.4391 0.4044 0.3696 0.3367 0.3066 0.2794 0.2553 0.2340 0.2154 0.1992 0.1853 0.1734 0.1633 0.1549 0.1480 0.1423
0.1476 0.1547 0.1631 0.1732 0.1851 0.1990 0.2151 0.2337 0.2549 0.2790 0.3061 0.3363 0.3691 0.4039 0.4387 0.4699 0.4918 0.5016 0.5022 0.4962 0.4845 0.4674 0.4447 0.4160 0.3806 0.3384 0.2897 0.2378 0.1920 0.1652 0.1520 0.1442 0.1391 0.1359 0.1342 0.1338 0.1345 0.1365 0.1396 0.1440 0.1497 0.1568 0.1654 0.1756 0.1875 0.2011 0.2161 0.2318 0.2467 0.2580 0.2624 0.2580 0.2467 0.2318 0.2161 0.2011 0.1875 0.1756 0.1654 0.1568 0.1497 0.1440 0.1396 0.1365 0.1345 0.1338 0.1342 0.1359 0.1391 0.1442 0.1520 0.1652 0.1920 0.2378 0.2897 0.3384 0.3806 0.4160 0.4447 0.4674 0.4845 0.4962 0.5022 0.5016 0.4918 0.4699 0.4387 0.4039 0.3691 0.3363 0.3061 0.2790 0.2549 0.2337 0.2151 0.1990 0.1851 0.1732 0.1631 0.1547 0.1476
0.1543 0.1629 0.1730 0.1848 0.1987 0.2148 0.2334 0.2546 0.2786 0.3057 0.3358 0.3686 0.4034 0.4382 0.4695 0.4916 0.5016 0.5022 0.4962 0.4846 0.4675 0.4449 0.4161 0.3807 0.3384 0.2896 0.2377 0.1919 0.1651 0.1519 0.1441 0.1391 0.1359 0.1342 0.1338 0.1345 0.1365 0.1397 0.1441 0.1498 0.1569 0.1656 0.1759 0.1879 0.2018 0.2175 0.2348 0.2528 0.2697 0.2825 0.2875 0.2825 0.2697 0.2527 0.2348 0.2175 0.2018 0.1879 0.1759 0.1656 0.1569 0.1498 0.1441 0.1397 0.1365 0.1345 0.1338 0.1342 0.1359 0.1391 0.1441 0.1519 0.1651 0.1919 0.2377 0.2896 0.3384 0.3807 0.4161 0.4449 0.4675 0.4846 0.4962 0.5022 0.5016 0.4916 0.4695 0.4382 0.4034 0.3686 0.3358 0.3057 0.2786 0.2546 0.2334 0.2148 0.1987 0.1848 0.1730 0.1629 0.1543
0.1625 0.1728 0.1846 0.1985 0.2145 0.2330 0.2542 0.2782 0.3053 0.3353 0.3681 0.4028 0.4377 0.4691 0.4914 0.5015 0.5023 0.4963 0.4847 0.4677 0.4450 0.4163 0.3809 0.3385 0.2897 0.2377 0.1918 0.1650 0.1519 0.1441 0.1391 0.1359 0.1342 0.1338 0.1346 0.1365 0.1397 0.1441 0.1499 0.1571 0.1657 0.1761 0.1882 0.2023 0.2184 0.2364 0.2561 0.2766 0.2957 0.3101 0.3156 0.3101 0.2957 0.2766 0.2561 0.2364 0.2184 0.2023 0.1882 0.1761 0.1657 0.1570 0.1499 0.1441 0.1397 0.1365 0.1346 0.1338 0.1342 0.1359 0.1391 0.1441 0.1519 0.1650 0.1918 0.2377 0.2897 0.3385 0.3809 0.4163 0.4450 0.4677 0.4847 0.4963 0.5023 0.5015 0.4914 0.4691 0.4377 0.4028 0.3681 0.3353 0.3053 0.2782 0.2542 0.2330 0.2145 0.1985 0.1846 0.1728 0.1625
0.1723 0.1844 0.1982 0.2142 0.2327 0.2538 0.2778 0.3048 0.3348 0.3676 0.4023 0.4372 0.4687 0.4912 0.5015 0.5023 0.4964 0.4849 0.4679 0.4453 0.4165 0.3811 0.3388 0.2899 0.2378 0.1919 0.1650 0.1519 0.1441 0.1391 0.1359 0.1342 0.1338 0.1346 0.1366 0.1397 0.1442 0.1500 0.1572 0.1659 0.1763 0.1885 0.2027 0.2189 0.2374 0.2580 0.2804 0.3034 0.3247 0.3407 0.3467 0.3407 0.3247 0.3034 0.2804 0.2580 0.2374 0.2189 0.2027 0.1885 0.1763 0.1659 0.1572 0.1500 0.1442 0.1397 0.1366 0.1346 0.1338 0.1342 0.1359 0.1391 0.1441 0.1519 0.1650 0.1919 0.2378 0.2899 0.3388 0.3811 0.4165 0.4453 0.4679 0.4849 0.4964 0.5023 0.5015 0.4912 0.4687 0.4372 0.4023 0.3676 0.3348 0.3048 0.2778 0.2538 0.2327 0.2142 0.1982 0.1844 0.1723
0.1839 0.1979 0.2139 0.2323 0.2534 0.2773 0.3043 0.3343 0.3670 0.4017 0.4367 0.4683 0.4909 0.5014 0.5023 0.4966 0.4851 0.4682 0.4456 0.4169 0.3815 0.3391 0.2903 0.2381 0.1920 0.1651 0.1519 0.1441 0.1391 0.1359 0.1342 0.1338 0.1346 0.1366 0.1398 0.1442 0.1500 0.1573 0.1660 0.1764 0.1887 0.2029 0.2193 0.2380 0.2591 0.2825 0.3077 0.3333 0.3567 0.3739 0.3804 0.3739 0.3567 0.3333 0.3077 0.2825 0.2591 0.2380 0.2193 0.2029 0.1887 0.1764 0.1660 0.1573 0.1500 0.1442 0.1398 0.1366 0.1346 0.1338 0.1342 0.1359 0.1391 0.1441 0.1519 0.1651 0.1920 0.2381 0.2903 0.3391 0.3815 0.4169 0.4456 0.4682 0.4851 0.4966 0.5023 0.5014 0.4909 0.4683 0.4367 0.4017 0.3670 0.3343 0.3043 0.2773 0.2534 0.2323 0.2139 0.1979 0.1839
0.1974 0.2136 0.2320 0.2530 0.2769 0.3038 0.3337 0.3665 0.4012 0.4361 0.4678 0.4907 0.5013 0.5024 0.4967 0.4853 0.4685 0.4459 0.4173 0.3819 0.3396 0.2908 0.2385 0.1923 0.1652 0.1519 0.1441 0.1391 0.1359 0.1342 0.1338 0.1346 0.1366 0.1398 0.1443 0.1501 0.1573 0.1661 0.1766 0.1889 0.2032 0.2196 0.2385 0.2599 0.2838 0.3100 0.3380 0.3659 0.3910 0.4089 0.4155 0.4089 0.3909 0.3659 0.3380 0.3100 0.2838 0.2598 0.2385 0.2196 0.2032 0.1889 0.1766 0.1661 0.1573 0.1501 0.1443 0.1398 0.1366 0.1346 0.1338 0.1342 0.1359 0.1391 0.1441 0.1519 0.1652 0.1923 0.2385 0.2908 0.3396 0.3819 0.4173 0.4459 0.4685 0.4853 0.4967 0.5024 0.5013 0.4907 0.4678 0.4361 0.4012 0.3665 0.3337 0.3038 0.2769 0.2530 0.2320 0.2136 0.1974
0.2131 0.2317 0.2526 0.2764 0.3033 0.3332 0.3659 0.4006 0.4355 0.4674 0.4904 0.5012 0.5024 0.4968 0.4855 0.4688 0.4463 0.4177 0.3825 0.3402 0.2914 0.2390 0.1926 0.1653 0.1520 0.1441 0.1391 0.1359 0.1342 0.1338 0.1346 0.1366 0.1398 0.1443 0.1501 0.1574 0.1662 0.1767 0.1890 0.2034 0.2199 0.2388 0.2604 0.2846 0.3114 0.3406 0.3710 0.4006 0.4261 0.4436 0.4498 0.4436 0.4261 0.4006 0.3709 0.3405 0.3114 0.2846 0.2603 0.2388 0.2199 0.2034 0.1890 0.1767 0.1662 0.1574 0.1501 0.1443 0.1398 0.1366 0.1346 0.1338 0.1342 0.1359 0.1391 0.1441 0.1520 0.1653 0.1926 0.2390 0.2914 0.3402 0.3825 0.4177 0.4463 0.4688 0.4855 0.4968 0.5024 0.5012 0.4904 0.4674 0.4355 0.4006 0.3659 0.3332 0.3033 0.2764 0.2526 0.2317 0.2131
0.2311 0.2522 0.2760 0.3028 0.3326 0.3653 0.3999 0.4350 0.4669 0.4901 0.5011 0.5025 0.4970 0.4858 0.4691 0.4467 0.4182 0.3831 0.3409 0.2921 0.2397 0.1931 0.1655 0.1521 0.1442 0.1391 0.1359 0.1342 0.1338 0.1346 0.1366 0.1398 0.1443 0.1502 0.1574 0.1663 0.1768 0.1891 0.2035 0.2201 0.2391 0.2607 0.2851 0.3123 0.3420 0.3737 0.4058 0.4355 0.4593 0.4739 0.4786 0.4739 0.4593 0.4355 0.4058 0.3737 0.3420 0.3123 0.2851 0.2607 0.2391 0.2201 0.2035 0.1891 0.1768 0.1663 0.1574 0.1502 0.1443 0.1398 0.1366 0.1346 0.1338 0.1342 0.1359 0.1391 0.1442 0.1521 0.1655 0.1931 0.2397 0.2921 0.3409 0.3831 0.4182 0.4467 0.4691 0.4858 0.4970 0.5025 0.5011 0.4901 0.4669 0.4350 0.3999 0.3653 0.3326 0.3028 0.2760 0.2522 0.2311
0.2517 0.2756 0.3023 0.3321 0.3647 0.3993 0.4343 0.4664 0.4898 0.5010 0.5025 0.4971 0.4860 0.4694 0.4471 0.4187 0.3837 0.3416 0.2928 0.2405 0.1936 0.1657 0.1522 0.1442 0.1391 0.1359 0.1342 0.1338 0.1346 0.1366 0.1398 0.1443 0.1502 0.1575 0.1663 0.1768 0.1892 0.2036 0.2203 0.2393 0.2610 0.2855 0.3129 0.3430 0.3753 0.4086 0.4405 0.4673 0.4853 0.4941 0.4965 0.4941 0.4853 0.4673 0.4405 0.4086 0.3753 0.3430 0.3129 0.2855 0.2610 0.2393 0.2202 0.2036 0.1892 0.1768 0.1663 0.1575 0.1502 0.1443 0.1398 0.1366 0.1346 0.1338 0.1342 0.1359 0.1391 0.1442 0.1522 0.1657 0.1936 0.2405 0.2928 0.3416 0.3837 0.4187 0.4471 0.4694 0.4860 0.4971 0.5025 0.5010 0.4898 0.4664 0.4343 0.3993 0.3647 0.3321 0.3023 0.2756 0.2517
0.2751 0.3018 0.3315 0.3641 0.3987 0.4337 0.4659 0.4895 0.5009 0.5025 0.4972 0.4862 0.4697 0.4475 0.4192 0.3842 0.3423 0.2936 0.2413 0.1942 0.1660 0.1523 0.1443 0.1392 0.1359 0.1342 0.1338 0.1346 0.1366 0.1398 0.1443 0.1502 0.1575 0.1663 0.1769 0.1893 0.2037 0.2204 0.2395 0.2612 0.2858 0.3133 0.3436 0.3763 0.4102 0.4432 0.4714 0.4904 0.4994 0.5022 0.5027 0.5022 0.4994 0.4903 0.4714 0.4431 0.4102 0.3763 0.3436 0.3133 0.2858 0.2612 0.2395 0.2204 0.2037 0.1893 0.1769 0.1663 0.1575 0.1502 0.1443 0.1398 0.1366 0.1346 0.1338 0.1342 0.1359 0.1392 0.1443 0.1523 0.1660 0.1942 0.2413 0.2936 0.3423 0.3842 0.4192 0.4475 0.4697 0.4862 0.4972 0.5025 0.5009 0.4895 0.4659 0.4337 0.3987 0.3641 0.3315 0.3018 0.2751
0.3015 0.3310 0.3635 0.3981 0.4331 0.4654 0.4892 0.5008 0.5026 0.4974 0.4864 0.4700 0.4479 0.4197 0.3848 0.3430 0.2944 0.2420 0.1948 0.1663 0.1525 0.1444 0.1392 0.1360 0.1342 0.1338 0.1346 0.1366 0.1398 0.1443 0.1501 0.1574 0.1663 0.1769 0.1893 0.2037 0.2204 0.2396 0.2614 0.2860 0.3136 0.3440 0.3769 0.4112 0.4447 0.4735 0.4927 0.5012 0.5028 0.5016 0.5008 0.5016 0.5028 0.5012 0.4927 0.4735 0.4446 0.4112 0.3769 0.3440 0.3136 0.2860 0.2614 0.2396 0.2204 0.2037 0.1893 0.1769 0.1663 0.1574 0.1501 0.1443 0.1398 0.1366 0.1346 0.1338 0.1342 0.1360 0.1392 0.1444 0.1525 0.1663 0.1948 0.2420 0.2944 0.3430 0.3848 0.4197 0.4479 0.4700 0.4864 0.4974 0.5026 0.5008 0.4892 0.4654 0.4331 0.3981 0.3635 0.3310 0.3015
0.3309 0.3629 0.3975 0.4325 0.4648 0.4889 0.5007 0.5026 0.4975 0.4866 0.4703 0.4483 0.4201 0.3854 0.3436 0.2952 0.2428 0.1954 0.1666 0.1526 0.1445 0.1393 0.1360 0.1342 0.1338 0.1345 0.1365 0.1397 0.1442 0.1501 0.1574 0.1663 0.1768 0.1893 0.2037 0.2205 0.2396 0.2615 0.2861 0.3138 0.3443 0.3773 0.4118 0.4455 0.4746 0.4938 0.5019 0.5024 0.4990 0.4946 0.4927 0.4946 0.4990 0.5024 0.5019 0.4938 0.4746 0.4455 0.4118 0.3773 0.3443 0.3138 0.2861 0.2615 0.2396 0.2205 0.2037 0.1893 0.1768 0.1663 0.1574 0.1501 0.1442 0.1397 0.1365 0.1345 0.1338 0.1342 0.1360 0.1393 0.1445 0.1526 0.1666 0.1954 0.2428 0.2952 0.3436 0.3854 0.4201 0.4483 0.4703 0.4866 0.4975 0.5026 0.5007 0.4889 0.4648 0.4325 0.3975 0.3629 0.3309
0.3632 0.3968 0.4319 0.4643 0.4886 0.5006 0.5026 0.4977 0.4869 0.4706 0.4487 0.4207 0.3860 0.3443 0.2959 0.2436 0.1960 0.1669 0.1528 0.1446 0.1394 0.1361 0.1343 0.1338 0.1345 0.1365 0.1397 0.1442 0.1500 0.1573 0.1662 0.1768 0.1892 0.2037 0.2204 0.2396 0.2615 0.2862 0.3139 0.3445 0.3776 0.4122 0.4461 0.4753 0.4944 0.5022 0.5020 0.4969 0.4892 0.4821 0.4790 0.4821 0.4892 0.4969 0.5020 0.5022 0.4944 0.4753 0.4460 0.4121 0.3776 0.3445 0.3139 0.2862 0.2615 0.2396 0.2204 0.2037 0.1892 0.1768 0.1662 0.1573 0.1500 0.1442 0.1397 0.1365 0.1345 0.1338 0.1343 0.1361 0.1394 0.1446 0.1528 0.1669 0.1960 0.2436 0.2959 0.3443 0.3860 0.4207 0.4487 0.4706 0.4869 0.4977 0.5026 0.5006 0.4886 0.4643 0.4319 0.3968 0.3632
0.3976 0.4313 0.4638 0.4883 0.5005 0.5027 0.4978 0.4871 0.4709 0.4491 0.4212 0.3866 0.3451 0.2967 0.2444 0.1966 0.1672 0.1529 0.1447 0.1394 0.1361 0.1343 0.1338 0.1345 0.1365 0.1397 0.1441 0.1500 0.1573 0.1661 0.1767 0.1891 0.2036 0.2204 0.2396 0.2615 0.2862 0.3140 0.3446 0.3777 0.4124 0.4464 0.4757 0.4947 0.5023 0.5017 0.4956 0.4857 0.4740 0.4640 0.4599 0.4640 0.4740 0.4857 0.4956 0.5017 0.5023 0.4947 0.4756 0.4464 0.4124 0.3777 0.3446 0.3139 0.2862 0.2615 0.2396 0.2204 0.2036 0.1891 0.1767 0.1661 0.1573 0.1500 0.1441 0.1397 0.1365 0.1345 0.1338 0.1343 0.1361 0.1394 0.1447 0.1529 0.1672 0.1966 0.2444 0.2967 0.3451 0.3866 0.4212 0.4491 0.4709 0.4871 0.4978 0.5027 0.5005 0.4883 0.4638 0.4313 0.3976
0.4328 0.4633 0.4879 0.5004 0.5027 0.4979 0.4874 0.4713 0.4496 0.4217 0.3873 0.3458 0.2976 0.2452 0.1972 0.1675 0.1531 0.1448 0.1395 0.1361 0.1343 0.1338 0.1345 0.1364 0.1396 0.1441 0.1499 0.1572 0.1660 0.1766 0.1890 0.2035 0.2202 0.2395 0.2614 0.2861 0.3139 0.3446 0.3778 0.4125 0.4466 0.4759 0.4949 0.5024 0.5016 0.4949 0.4836 0.4690 0.4532 0.4402 0.4350 0.4402 0.4532 0.4690 0.4836 0.4949 0.5016 0.5024 0.4949 0.4759 0.4465 0.4125 0.3778 0.3446 0.3139 0.2861 0.2614 0.2395 0.2202 0.2035 0.1890 0.1766 0.1660 0.1572 0.1499 0.1441 0.1396 0.1364 0.1345 0.1338 0.1343 0.1361 0.1395 0.1448 0.1531 0.1675 0.1972 0.2452 0.2976 0.3458 0.3873 0.4217 0.4496 0.4713 0.4874 0.4979 0.5027 0.5004 0.4879 0.4633 0.4328
0.4656 0.4876 0.5003 0.5027 0.4981 0.4876 0.4716 0.4500 0.4223 0.3880 0.3466 0.2984 0.2461 0.1979 0.1678 0.1532 0.1449 0.1396 0.1362 0.1343 0.1338 0.1345 0.1364 0.1395 0.1440 0.1498 0.1570 0.1659 0.1764 0.1889 0.2034 0.2201 0.2393 0.2612 0.2860 0.3138 0.3445 0.3777 0.4125 0.4466 0.4760 0.4950 0.5024 0.5015 0.4945 0.4825 0.4662 0.4467 0.4265 0.4102 0.4037 0.4102 0.4265 0.4467 0.4662 0.4825 0.4945 0.5015 0.5024 0.4950 0.4760 0.4466 0.4125 0.3777 0.3445 0.3138 0.2860 0.2612 0.2393 0.2201 0.2034 0.1889 0.1764 0.1659 0.1570 0.1498 0.1440 0.1395 0.1364 0.1345 0.1338 0.1343 0.1362 0.1396 0.1449 0.1532 0.1678 0.1979 0.2461 0.2984 0.3466 0.3880 0.4223 0.4500 0.4716 0.4876 0.4981 0.5027 0.5003 0.4876 0.4656
0.4910 0.5001 0.5028 0.4982 0.4878 0.4720 0.4504 0.4228 0.3887 0.3474 0.2994 0.2470 0.1986 0.1681 0.1534 0.1450 0.1396 0.1362 0.1343 0.1338 0.1344 0.1363 0.1395 0.1439 0.1497 0.1569 0.1657 0.1763 0.1887 0.2032 0.2199 0.2391 0.2610 0.2858 0.3136 0.3443 0.3776 0.4124 0.4465 0.4760 0.4950 0.5024 0.5014 0.4943 0.4819 0.4647 0.4431 0.4184 0.3934 0.3735 0.3657 0.3735 0.3934 0.4184 0.4431 0.4647 0.4820 0.4943 0.5014 0.5024 0.4950 0.4760 0.4465 0.4124 0.3776 0.3443 0.3136 0.2858 0.2610 0.2391 0.2199 0.2032 0.1887 0.1763 0.1657 0.1569 0.1497 0.1439 0.1395 0.1363 0.1344 0.1338 0.1343 0.1362 0.1396 0.1450 0.1534 0.1681 0.1986 0.2470 0.2994 0.3474 0.3887 0.4228 0.4504 0.4720 0.4878 0.4982 0.5028 0.5001 0.4910
0.5042 0.5028 0.4984 0.4881 0.4723 0.4509 0.4234 0.3894 0.3483 0.3003 0.2480 0.1993 0.1685 0.1536 0.1451 0.1397 0.1363 0.1343 0.1338 0.1344 0.1363 0.1394 0.1438 0.1496 0.1568 0.1656 0.1761 0.1885 0.2029 0.2196 0.2388 0.2607 0.2855 0.3133 0.3440 0.3773 0.4121 0.4464 0.4759 0.4950 0.5024 0.5014 0.4942 0.4817 0.4640 0.4413 0.4139 0.3835 0.3533 0.3299 0.3208 0.3299 0.3534 0.3835 0.4140 0.4413 0.4640 0.4817 0.4942 0.5014 0.5024 0.4950 0.4759 0.4464 0.4121 0.3773 0.3440 0.3133 0.2855 0.2607 0.2388 0.2196 0.2029 0.1885 0.1761 0.1656 0.1568 0.1496 0.1438 0.1394 0.1363 0.1344 0.1338 0.1343 0.1363 0.1397 0.1451 0.1536 0.1685 0.1993 0.2480 0.3003 0.3483 0.3894 0.4234 0.4509 0.4723 0.4881 0.4984 0.5028 0.5042
0.5072 0.4985 0.4884 0.4727 0.4514 0.4241 0.3902 0.3492 0.3014 0.2491 0.2002 0.1689 0.1538 0.1453 0.1398 0.1363 0.1344 0.1338 0.1344 0.1363 0.1393 0.1437 0.1495 0.1567 0.1654 0.1759 0.1882 0.2027 0.2193 0.2385 0.2603 0.2851 0.3129 0.3436 0.3769 0.4118 0.4460 0.4756 0.4949 0.5024 0.5014 0.4942 0.4816 0.4637 0.4404 0.4117 0.3782 0.3417 0.3067 0.2802 0.2703 0.2802 0.3067 0.3418 0.3783 0.4117 0.4404 0.4637 0.4816 0.4942 0.5014 0.5024 0.4949 0.4756 0.4460 0.4118 0.3769 0.3436 0.3129 0.2851 0.2603 0.2385 0.2193 0.2027 0.1882 0.1759 0.1654 0.1567 0.1495 0.1437 0.1393 0.1363 0.1344 0.1338 0.1344 0.1363 0.1398 0.1453 0.1538 0.1689 0.2002 0.2491 0.3014 0.3492 0.3902 0.4241 0.4514 0.4727 0.4884 0.4985 0.5072
0.5031 0.4887 0.4732 0.4520 0.4249 0.3911 0.3504 0.3027 0.2505 0.2013 0.1695 0.1541 0.1454 0.1399 0.1364 0.1344 0.1338 0.1344 0.1362 0.1393 0.1436 0.1493 0.1565 0.1652 0.1756 0.1879 0.2023 0.2189 0.2380 0.2598 0.2846 0.3123 0.3430 0.3763 0.4112 0.4455 0.4753 0.4947 0.5024 0.5015 0.4943 0.4817 0.4637 0.4401 0.4108 0.3758 0.3358 0.2937 0.2554 0.2288 0.2194 0.2288 0.2554 0.2937 0.3358 0.3758 0.4108 0.4401 0.4637 0.4817 0.4943 0.5015 0.5024 0.4947 0.4753 0.4455 0.4112 0.3763 0.3430 0.3123 0.2846 0.2598 0.2380 0.2189 0.2023 0.1879 0.1756 0.1652 0.1565 0.1493 0.1436 0.1393 0.1362 0.1344 0.1338 0.1344 0.1364 0.1399 0.1454 0.1541 0.1695 0.2013 0.2505 0.3027 0.3504 0.3911 0.4249 0.4520 0.4732 0.4887 0.5031
0.4934 0.4738 0.4529 0.4259 0.3924 0.3519 0.3045 0.2523 0.2028 0.1702 0.1545 0.1457 0.1400 0.1365 0.1344 0.1338 0.1343 0.1361 0.1391 0.1435 0.1491 0.1562 0.1649 0.1753 0.1875 0.2018 0.2184 0.2374 0.2591 0.2838 0.3114 0.3420 0.3753 0.4102 0.4446 0.4746 0.4944 0.5023 0.5016 0.4945 0.4820 0.4640 0.4404 0.4108 0.3751 0.3334 0.2876 0.2426 0.2066 0.1863 0.1803 0.1863 0.2066 0.2426 0.2876 0.3333 0.3751 0.4108 0.4404 0.4640 0.4820 0.4945 0.5016 0.5023 0.4944 0.4746 0.4446 0.4102 0.3753 0.3420 0.3114 0.2838 0.2591 0.2374 0.2184 0.2018 0.1875 0.1753 0.1649 0.1562 0.1491 0.1435 0.1391 0.1361 0.1343 0.1338 0.1344 0.1365 0.1400 0.1457 0.1545 0.1702 0.2028 0.2523 0.3045 0.3519 0.3924 0.4259 0.4529 0.4738 0.4934
0.4789 0.4542 0.4276 0.3944 0.3542 0.3071 0.2551 0.2052 0.1714 0.1551 0.1460 0.1403 0.1366 0.1345 0.1338 0.1343 0.1360 0.1390 0.1432 0.1488 0.1558 0.1644 0.1747 0.1869 0.2011 0.2175 0.2364 0.2580 0.2825 0.3100 0.3405 0.3737 0.4086 0.4431 0.4735 0.4938 0.5022 0.5017 0.4949 0.4825 0.4647 0.4413 0.4118 0.3758 0.3334 0.2858 0.2373 0.1969 0.1733 0.1630 0.1601 0.1630 0.1733 0.1969 0.2373 0.2858 0.3333 0.3758 0.4117 0.4413 0.4647 0.4825 0.4949 0.5017 0.5022 0.4938 0.4735 0.4431 0.4086 0.3737 0.3405 0.3100 0.2825 0.2580 0.2364 0.2175 0.2011 0.1869 0.1747 0.1644 0.1558 0.1488 0.1432 0.1390 0.1360 0.1343 0.1338 0.1345 0.1366 0.1403 0.1460 0.1551 0.1714 0.2052 0.2551 0.3071 0.3542 0.3944 0.4276 0.4542 0.4789
0.4602 0.4302 0.3977 0.3581 0.3116 0.2598 0.2092 0.1735 0.1561 0.1467 0.1407 0.1369 0.1346 0.1338 0.1342 0.1358 0.1387 0.1428 0.1483 0.1552 0.1636 0.1738 0.1858 0.1998 0.2161 0.2348 0.2561 0.2804 0.3077 0.3379 0.3709 0.4058 0.4405 0.4714 0.4927 0.5019 0.5020 0.4956 0.4836 0.4662 0.4431 0.4140 0.3783 0.3358 0.2876 0.2373 0.1942 0.1689 0.1570 0.1514 0.1497 0.1514 0.1570 0.1689 0.1942 0.2373 0.2876 0.3358 0.3783 0.4140 0.4431 0.4662 0.4836 0.4956 0.5020 0.5019 0.4927 0.4714 0.4405 0.4058 0.3709 0.3379 0.3077 0.2804 0.2561 0.2348 0.2161 0.1998 0.1858 0.1738 0.1636 0.1552 0.1483 0.1428 0.1387 0.1358 0.1342 0.1338 0.1346 0.1369 0.1407 0.1467 0.1561 0.1735 0.2092 0.2598 0.3116 0.3581 0.3977 0.4302 0.4602
0.4385 0.4033 0.3649 0.3193 0.2681 0.2165 0.1777 0.1581 0.1479 0.1415 0.1373 0.1349 0.1338 0.1340 0.1355 0.1381 0.1421 0.1473 0.1540 0.1622 0.1721 0.1838 0.1976 0.2135 0.2318 0.2527 0.2766 0.3034 0.3332 0.3659 0.4006 0.4355 0.4673 0.4904 0.5012 0.5024 0.4969 0.4857 0.4690 0.4467 0.4184 0.3835 0.3418 0.2938 0.2426 0.1969 0.1689 0.1555 0.1484 0.1447 0.1435 0.1447 0.1484 0.1555 0.1689 0.1969 0.2426 0.2937 0.3418 0.3835 0.4184 0.4467 0.4690 0.4857 0.4969 0.5024 0.5012 0.4904 0.4673 0.4355 0.4006 0.3659 0.3332 0.3034 0.2766 0.2527 0.2318 0.2135 0.1976 0.1838 0.1721 0.1622 0.1540 0.1473 0.1421 0.1381 0.1355 0.1340 0.1338 0.1349 0.1373 0.1415 0.1479 0.1581 0.1777 0.2165 0.2681 0.3193 0.3649 0.4033 0.4385
0.4165 0.3767 0.3330 0.2830 0.2305 0.1865 0.1623 0.1503 0.1430 0.1383 0.1354 0.1340 0.1338 0.1349 0.1372 0.1408 0.1457 0.1520 0.1598 0.1692 0.1804 0.1935 0.2088 0.2265 0.2467 0.2697 0.2957 0.3247 0.3567 0.3909 0.4261 0.4593 0.4853 0.4994 0.5028 0.4990 0.4892 0.4740 0.4532 0.4265 0.3934 0.3534 0.3067 0.2554 0.2066 0.1733 0.1571 0.1484 0.1433 0.1406 0.1398 0.1406 0.1433 0.1484 0.1570 0.1733 0.2066 0.2554 0.3067 0.3534 0.3934 0.4265 0.4532 0.4740 0.4892 0.4990 0.5028 0.4994 0.4853 0.4593 0.4261 0.3909 0.3567 0.3247 0.2957 0.2697 0.2467 0.2265 0.2088 0.1935 0.1804 0.1692 0.1598 0.1520 0.1457 0.1408 0.1372 0.1349 0.1338 0.1340 0.1354 0.1383 0.1430 0.1503 0.1623 0.1865 0.2305 0.2830 0.3330 0.3767 0.4165
0.3991 0.3559 0.3087 0.2566 0.2063 0.1721 0.1555 0.1462 0.1404 0.1367 0.1345 0.1337 0.1342 0.1359 0.1389 0.1431 0.1487 0.1557 0.1643 0.1746 0.1868 0.2010 0.2174 0.2364 0.2580 0.2825 0.3101 0.3407 0.3739 0.4089 0.4435 0.4739 0.4941 0.5022 0.5016 0.4946 0.4821 0.4640 0.4402 0.4102 0.3735 0.3299 0.2802 0.2288 0.1863 0.1630 0.1514 0.1447 0.1406 0.1385 0.1378 0.1385 0.1406 0.1447 0.1514 0.1630 0.1863 0.2288 0.2802 0.3299 0.3735 0.4102 0.4402 0.4640 0.4821 0.4946 0.5016 0.5022 0.4941 0.4739 0.4435 0.4089 0.3739 0.3407 0.3101 0.2825 0.2580 0.2364 0.2174 0.2010 0.1868 0.1746 0.1643 0.1557 0.1487 0.1431 0.1389 0.1359 0.1342 0.1337 0.1345 0.1366 0.1404 0.1462 0.1555 0.1721 0.2063 0.2566 0.3087 0.3559 0.3991
0.3923 0.3478 0.2994 0.2468 0.1984 0.1681 0.1534 0.1450 0.1396 0.1361 0.1343 0.1337 0.1344 0.1364 0.1395 0.1440 0.1499 0.1572 0.1661 0.1767 0.1892 0.2038 0.2208 0.2402 0.2624 0.2874 0.3156 0.3467 0.3804 0.4155 0.4498 0.4786 0.4965 0.5027 0.5008 0.4927 0.4790 0.4599 0.4350 0.4037 0.3657 0.3208 0.2703 0.2194 0.1803 0.1601 0.1497 0.1435 0.1398 0.1378 0.1372 0.1378 0.1398 0.1435 0.1497 0.1601 0.1803 0.2194 0.2703 0.3208 0.3657 0.4037 0.4350 0.4599 0.4791 0.4927 0.5008 0.5027 0.4965 0.4786 0.4498 0.4155 0.3804 0.3467 0.3156 0.2874 0.2624 0.2402 0.2208 0.2038 0.1892 0.1767 0.1661 0.1572 0.1499 0.1440 0.1395 0.1364 0.1344 0.1337 0.1343 0.1361 0.1396 0.1450 0.1534 0.1681 0.1984 0.2468 0.2994 0.3478 0.3923
0.3991 0.3559 0.3087 0.2566 0.2063 0.1721 0.1555 0.1462 0.1404 0.1366 0.1345 0.1337 0.1342 0.1359 0.1389 0.1431 0.1487 0.1557 0.1643 0.1746 0.1868 0.2010 0.2174 0.2364 0.2580 0.2825 0.3101 0.3407 0.3739 0.4089 0.4435 0.4739 0.4941 0.5022 0.5016 0.4946 0.4821 0.4640 0.4402 0.4102 0.3735 0.3299 0.2802 0.2288 0.1863 0.1630 0.1514 0.1447 0.1406 0.1385 0.1378 0.1385 0.1406 0.1447 0.1514 0.1630 0.1863 0.2288 0.2802 0.3299 0.3735 0.4102 0.4402 0.4640 0.4821 0.4946 0.5016 0.5022 0.4941 0.4739 0.4435 0.4089 0.3739 0.3407 0.3101 0.2825 0.2580 0.2364 0.2174 0.2010 0.1868 0.1746 0.1643 0.1557 0.1487 0.1431 0.1389 0.1359 0.1342 0.1337 0.1345 0.1366 0.1404 0.1462 0.1555 0.1721 0.2063 0.2566 0.3087 0.3559 0.3991
0.4165 0.3767 0.3330 0.2830 0.2305 0.1865 0.1623 0.1503 0.1430 0.1383 0.1354 0.1340 0.1338 0.1349 0.1372 0.1408 0.1457 0.1520 0.1598 0.1692 0.1804 0.1935 0.2088 0.2265 0.2467 0.2697 0.2957 0.3247 0.3567 0.3909 0.4261 0.4593 0.4853 0.4994 0.5028 0.4990 0.4892 0.4740 0.4532 0.4265 0.3934 0.3534 0.3067 0.2554 0.2066 0.1733 0.1571 0.1484 0.1433 0.1406 0.1398 0.1406 0.1433 0.1484 0.1570 0.1733 0.2066 0.2554 0.3067 0.3534 0.3934 0.4265 0.4532 0.4740 0.4892 0.4990 0.5028 0.4994 0.4853 0.4593 0.4261 0.3909 0.3567 0.3247 0.2957 0.2697 0.2467 0.2265 0.2088 0.1935 0.1804 0.1692 0.1598 0.1520 0.1457 0.1408 0.1372 0.1349 0.1338 0.1340 0.1354 0.1383 0.1430 0.1503 0.1623 0.1865 0.2305 0.2830 0.3330 0.3767 0.4165
0.4385 0.4033 0.3649 0.3193 0.2681 0.2165 0.1777 0.1581 0.1479 0.1415 0.1373 0.1349 0.1338 0.1340 0.1355 0.1381 0.1421 0.1473 0.1540 0.1622 0.1721 0.1838 0.1976 0.2135 0.2318 0.2527 0.2766 0.3034 0.3332 0.3659 0.4006 0.4355 0.4673 0.4904 0.5012 0.5024 0.4969 0.4857 0.4690 0.4467 0.4184 0.3835 0.3418 0.2938 0.2426 0.1969 0.1689 0.1555 0.1484 0.1447 0.1435 0.1447 0.1484 0.1555 0.1689 0.1969 0.2426 0.2937 0.3418 0.3835 0.4184 0.4467 0.4690 0.4857 0.4969 0.5024 0.5012 0.4904 0.4673 0.4355 0.4006 0.3659 0.3332 0.3034 0.2766 0.2527 0.2318 0.2135 0.1976 0.1838 0.1721 0.1622 0.1540 0.1473 0.1421 0.1381 0.1355 0.1340 0.1338 0.1349 0.1373 0.1415 0.1479 0.1581 0.1777 0.2165 0.2681 0.3193 0.3649 0.4033 0.4385
0.4602 0.4302 0.3977 0.3581 0.3116 0.2598 0.2092 0.1735 0.1561 0.1467 0.1407 0.1369 0.1346 0.1338 0.1342 0.1358 0.1387 0.1428 0.1483 0.1552 0.1636 0.1738 0.1858 0.1998 0.2161 0.2348 0.2561 0.2804 0.3077 0.3379 0.3709 0.4058 0.4405 0.4714 0.4927 0.5019 0.5020 0.4956 0.4836 0.4662 0.4431 0.4140 0.3783 0.3358 0.2876 0.2373 0.1942 0.1689 0.1571 0.1514 0.1497 0.1514 0.1570 0.1689 0.1942 0.2373 0.2876 0.3358 0.3783 0.4140 0.4431 0.4662 0.4836 0.4956 0.5020 0.5019 0.4927 0.4714 0.4405 0.4058 0.3709 0.3379 0.3077 0.2804 0.2561 0.2348 0.2161 0.1998 0.1858 0.1738 0.1636 0.1552 0.1483 0.1428 0.1387 0.1358 0.1342 0.1338 0.1346 0.1369 0.1407 0.1467 0.1561 0.1735 0.2092 0.2598 0.3116 0.3581 0.3977 0.4302 0.4602
0.4789 0.4542 0.4276 0.3944 0.3542 0.3071 0.2551 0.2052 0.1714 0.1551 0.1460 0.1403 0.1366 0.1345 0.1338 0.1343 0.1360 0.1390 0.1432 0.1488 0.1558 0.1644 0.1747 0.1869 0.2011 0.2175 0.2364 0.2580 0.2825 0.3100 0.3405 0.3737 0.4086 0.4432 0.4735 0.4938 0.5022 0.5017 0.4949 0.4825 0.4647 0.4413 0.4118 0.3758 0.3334 0.2858 0.2373 0.1969 0.1733 0.1630 0.1601 0.1630 0.1733 0.1969 0.2373 0.2858 0.3333 0.3758 0.4117 0.4413 0.4647 0.4825 0.4949 0.5017 0.5022 0.4938 0.4735 0.4431 0.4086 0.3737 0.3405 0.3100 0.2825 0.2580 0.2364 0.2175 0.2011 0.1869 0.1747 0.1644 0.1558 0.1488 0.1432 0.1390 0.1360 0.1343 0.1338 0.1345 0.1366 0.1403 0.1460 0.1551 0.1714 0.2052 0.2551 0.3071 0.3542 0.3944 0.4276 0.4542 0.4789
