0.0132 0.0190 0.0275 0.0398 0.0577 0.0836 0.1211 0.1755 0.2548 0.3692 0.5349 0.7765 1.0000 1.0000 1.0000 1.0000 1.0000 1.0000 1.0000 1.0000 1.0000 1.0000 1.0000 1.0000 0.0000 0.0000 0.0001 0.0001 0.0001 0.0002 0.0003 0.0004 0.0006 0.0009 0.0013 0.0019 0.0028 0.0041 0.0059 0.0086 0.0125 0.0180 0.0262 0.0377 0.0544 0.0778 0.1097 0.1507 0.1971 0.2379 0.2548 0.2379 0.1971 0.1507 0.1097 0.0778 0.0544 0.0378 0.0262 0.0180 0.0125 0.0086 0.0059 0.0041 0.0028 0.0019 0.0013 0.0009 0.0006 0.0004 0.0003 0.0002 0.0001 0.0001 0.0001 0.0000 0.0000 1.0000 1.0000 1.0000 1.0000 1.0000 1.0000 1.0000 1.0000 1.0000 1.0000 1.0000 1.0000 0.7765 0.5349 0.3692 0.2548 0.1755 0.1211 0.0836 0.0577 0.0398 0.0275 0.0190 0.0132
0.0190 0.0274 0.0397 0.0576 0.0834 0.1209 0.1752 0.2543 0.3685 0.5339 0.7750 1.0000 1.0000 1.0000 1.0000 1.0000 1.0000 1.0000 1.0000 1.0000 1.0000 1.0000 1.0000 0.0000 0.0000 0.0001 0.0001 0.0001 0.0002 0.0003 0.0004 0.0006 0.0009 0.0013 0.0019 0.0028 0.0041 0.0059 0.0086 0.0125 0.0180 0.0262 0.0378 0.0547 0.0788 0.1127 0.1590 0.2184 0.2861 0.3454 0.3699 0.3454 0.2861 0.2184 0.1590 0.1127 0.0788 0.0547 0.0378 0.0262 0.0180 0.0125 0.0086 0.0059 0.0041 0.0028 0.0019 0.0013 0.0009 0.0006 0.0004 0.0003 0.0002 0.0001 0.0001 0.0001 0.0000 0.0000 1.0000 1.0000 1.0000 1.0000 1.0000 1.0000 1.0000 1.0000 1.0000 1.0000 1.0000 1.0000 0.7750 0.5339 0.3685 0.2543 0.1752 0.1209 0.0834 0.0576 0.0397 0.0274 0.0190
0.0275 0.0397 0.0577 0.0837 0.1216 0.1762 0.2557 0.3706 0.5369 0.7795 1.0000 1.0000 1.0000 1.0000 1.0000 1.0000 1.0000 1.0000 1.0000 1.0000 1.0000 1.0000 0.0000 0.0000 0.0001 0.0001 0.0001 0.0002 0.0003 0.0004 0.0006 0.0009 0.0014 0.0020 0.0028 0.0041 0.0060 0.0086 0.0125 0.0182 0.0264 0.0382 0.0552 0.0799 0.1151 0.1645 0.2321 0.3189 0.4177 0.5052 0.5421 0.5052 0.4185 0.3189 0.2321 0.1645 0.1151 0.0799 0.0552 0.0382 0.0264 0.0182 0.0125 0.0086 0.0060 0.0041 0.0028 0.0020 0.0014 0.0009 0.0006 0.0004 0.0003 0.0002 0.0001 0.0001 0.0001 0.0000 0.0000 1.0000 1.0000 1.0000 1.0000 1.0000 1.0000 1.0000 1.0000 1.0000 1.0000 1.0000 1.0000 0.7795 0.5369 0.3706 0.2557 0.1762 0.1216 0.0837 0.0577 0.0397 0.0275
0.0398 0.0576 0.0837 0.1216 0.1768 0.2567 0.3720 0.5400 0.7839 1.0000 1.0000 1.0000 1.0000 1.0000 1.0000 1.0000 1.0000 1.0000 1.0000 1.0000 1.0000 0.0000 0.0000 0.0001 0.0001 0.0001 0.0002 0.0003 0.0004 0.0006 0.0009 0.0014 0.0020 0.0029 0.0041 0.0060 0.0087 0.0126 0.0183 0.0265 0.0385 0.0557 0.0806 0.1166 0.1677 0.2402 0.3389 0.4656 0.6111 0.7391 0.7929 0.7391 0.6111 0.4656 0.3389 0.2402 0.1677 0.1166 0.0806 0.0557 0.0385 0.0265 0.0183 0.0126 0.0087 0.0060 0.0041 0.0029 0.0020 0.0014 0.0009 0.0006 0.0004 0.0003 0.0002 0.0001 0.0001 0.0001 0.0000 0.0000 1.0000 1.0000 1.0000 1.0000 1.0000 1.0000 1.0000 1.0000 1.0000 1.0000 1.0000 1.0000 0.7839 0.5400 0.3727 0.2567 0.1768 0.1216 0.0837 0.0576 0.0398
0.0577 0.0834 0.1216 0.1768 0.2567 0.3734 0.5421 0.7869 1.0000 1.0000 1.0000 1.0000 1.0000 1.0000 1.0000 1.0000 1.0000 1.0000 1.0000 1.0000 0.0000 0.0000 0.0001 0.0001 0.0001 0.0002 0.0003 0.0004 0.0007 0.0009 0.0014 0.0020 0.0029 0.0042 0.0060 0.0088 0.0127 0.0184 0.0267 0.0387 0.0561 0.0812 0.1177 0.1699 0.2448 0.3507 0.4948 0.6810 0.8939 1.0000 1.0000 1.0000 0.8939 0.6810 0.4948 0.3507 0.2448 0.1702 0.1177 0.0812 0.0561 0.0387 0.0267 0.0184 0.0127 0.0088 0.0060 0.0042 0.0029 0.0020 0.0014 0.0009 0.0007 0.0004 0.0003 0.0002 0.0001 0.0001 0.0001 0.0000 0.0000 1.0000 1.0000 1.0000 1.0000 1.0000 1.0000 1.0000 1.0000 1.0000 1.0000 1.0000 1.0000 0.7869 0.5421 0.3734 0.2567 0.1768 0.1216 0.0834 0.0577
0.0836 0.1209 0.1762 0.2567 0.3734 0.5431 0.7884 1.0000 1.0000 1.0000 1.0000 1.0000 1.0000 1.0000 1.0000 1.0000 1.0000 1.0000 1.0000 0.0000 0.0000 0.0001 0.0001 0.0001 0.0002 0.0003 0.0005 0.0007 0.0010 0.0014 0.0020 0.0029 0.0042 0.0061 0.0088 0.0128 0.0185 0.0269 0.0390 0.0565 0.0819 0.1186 0.1719 0.2481 0.3574 0.5110 0.7224 0.9943 1.0000 1.0000 1.0000 1.0000 1.0000 0.9943 0.7224 0.5110 0.3574 0.2481 0.1719 0.1186 0.0819 0.0565 0.0390 0.0269 0.0185 0.0128 0.0088 0.0061 0.0042 0.0029 0.0020 0.0014 0.0010 0.0007 0.0005 0.0003 0.0002 0.0001 0.0001 0.0001 0.0000 0.0000 1.0000 1.0000 1.0000 1.0000 1.0000 1.0000 1.0000 1.0000 1.0000 1.0000 1.0000 1.0000 0.7884 0.5431 0.3734 0.2567 0.1762 0.1209 0.0836
0.1211 0.1752 0.2557 0.3720 0.5421 0.7884 1.0000 1.0000 1.0000 1.0000 1.0000 1.0000 1.0000 1.0000 1.0000 1.0000 1.0000 1.0000 0.0000 0.0000 0.0001 0.0001 0.0001 0.0002 0.0003 0.0005 0.0007 0.0010 0.0014 0.0020 0.0029 0.0042 0.0061 0.0089 0.0129 0.0187 0.0271 0.0392 0.0569 0.0825 0.1195 0.1732 0.2509 0.3622 0.5218 0.7461 1.0000 1.0000 1.0000 1.0000 1.0000 1.0000 1.0000 1.0000 1.0000 0.7461 0.5218 0.3622 0.2504 0.1732 0.1195 0.0825 0.0568 0.0392 0.0271 0.0187 0.0129 0.0089 0.0061 0.0042 0.0029 0.0020 0.0014 0.0010 0.0007 0.0005 0.0003 0.0002 0.0001 0.0001 0.0001 0.0000 0.0000 1.0000 1.0000 1.0000 1.0000 1.0000 1.0000 1.0000 1.0000 1.0000 1.0000 1.0000 1.0000 0.7884 0.5421 0.3727 0.2557 0.1752 0.1211
0.1755 0.2543 0.3706 0.5400 0.7869 1.0000 1.0000 1.0000 1.0000 1.0000 1.0000 1.0000 1.0000 1.0000 1.0000 1.0000 1.0000 0.0000 0.0000 0.0001 0.0001 0.0002 0.0002 0.0003 0.0005 0.0007 0.0010 0.0014 0.0020 0.0029 0.0043 0.0062 0.0089 0.0130 0.0188 0.0272 0.0395 0.0573 0.0830 0.1204 0.1745 0.2528 0.3657 0.5288 0.7619 1.0000 1.0000 1.0000 1.0000 1.0000 1.0000 1.0000 1.0000 1.0000 1.0000 1.0000 0.7619 0.5288 0.3657 0.2528 0.1745 0.1202 0.0830 0.0573 0.0395 0.0272 0.0188 0.0130 0.0089 0.0062 0.0043 0.0029 0.0020 0.0014 0.0010 0.0007 0.0005 0.0003 0.0002 0.0002 0.0001 0.0001 0.0000 0.0000 1.0000 1.0000 1.0000 1.0000 1.0000 1.0000 1.0000 1.0000 1.0000 1.0000 1.0000 1.0000 0.7869 0.5400 0.3706 0.2543 0.1755
0.2548 0.3685 0.5369 0.7839 1.0000 1.0000 1.0000 1.0000 1.0000 1.0000 1.0000 1.0000 1.0000 1.0000 1.0000 1.0000 0.0000 0.0000 0.0001 0.0001 0.0002 0.0002 0.0003 0.0005 0.0007 0.0010 0.0014 0.0020 0.0030 0.0043 0.0062 0.0090 0.0130 0.0189 0.0274 0.0397 0.0577 0.0836 0.1211 0.1755 0.2548 0.3692 0.5339 0.7721 1.0000 1.0000 1.0000 1.0000 1.0000 1.0000 1.0000 1.0000 1.0000 1.0000 1.0000 1.0000 1.0000 0.7721 0.5339 0.3692 0.2543 0.1755 0.1211 0.0836 0.0576 0.0397 0.0274 0.0189 0.0130 0.0090 0.0062 0.0043 0.0030 0.0020 0.0014 0.0010 0.0007 0.0005 0.0003 0.0002 0.0002 0.0001 0.0001 0.0000 0.0000 1.0000 1.0000 1.0000 1.0000 1.0000 1.0000 1.0000 1.0000 1.0000 1.0000 1.0000 1.0000 0.7839 0.5369 0.3685 0.2548
0.3692 0.5339 0.7795 1.0000 1.0000 1.0000 1.0000 1.0000 1.0000 1.0000 1.0000 1.0000 1.0000 1.0000 1.0000 0.0000 0.0000 0.0001 0.0001 0.0002 0.0002 0.0003 0.0005 0.0007 0.0010 0.0014 0.0020 0.0030 0.0043 0.0062 0.0090 0.0131 0.0190 0.0276 0.0400 0.0580 0.0841 0.1220 0.1768 0.2562 0.3713 0.5380 0.7795 1.0000 1.0000 1.0000 1.0000 1.0000 1.0000 1.0000 1.0000 1.0000 1.0000 1.0000 1.0000 1.0000 1.0000 1.0000 0.7795 0.5380 0.3713 0.2562 0.1768 0.1220 0.0841 0.0580 0.0400 0.0276 0.0190 0.0131 0.0090 0.0062 0.0043 0.0030 0.0020 0.0014 0.0010 0.0007 0.0005 0.0003 0.0002 0.0002 0.0001 0.0001 0.0000 0.0000 1.0000 1.0000 1.0000 1.0000 1.0000 1.0000 1.0000 1.0000 1.0000 1.0000 1.0000 1.0000 0.7795 0.5339 0.3692
0.5349 0.7750 1.0000 1.0000 1.0000 1.0000 1.0000 1.0000 1.0000 1.0000 1.0000 1.0000 1.0000 1.0000 0.0000 0.0000 0.0001 0.0001 0.0002 0.0002 0.0003 0.0005 0.0007 0.0010 0.0014 0.0021 0.0030 0.0043 0.0063 0.0091 0.0132 0.0191 0.0278 0.0403 0.0583 0.0847 0.1227 0.1778 0.2582 0.3741 0.5421 0.7854 1.0000 1.0000 1.0000 1.0000 1.0000 1.0000 1.0000 1.0000 1.0000 1.0000 1.0000 1.0000 1.0000 1.0000 1.0000 1.0000 1.0000 0.7854 0.5421 0.3741 0.2582 0.1778 0.1227 0.0847 0.0583 0.0403 0.0278 0.0191 0.0132 0.0091 0.0063 0.0043 0.0030 0.0021 0.0014 0.0010 0.0007 0.0005 0.0003 0.0002 0.0002 0.0001 0.0001 0.0000 0.0000 1.0000 1.0000 1.0000 1.0000 1.0000 1.0000 1.0000 1.0000 1.0000 1.0000 1.0000 1.0000 0.7750 0.5349
0.7765 1.0000 1.0000 1.0000 1.0000 1.0000 1.0000 1.0000 1.0000 1.0000 1.0000 1.0000 1.0000 0.0000 0.0001 0.0001 0.0001 0.0002 0.0002 0.0003 0.0005 0.0007 0.0010 0.0014 0.0021 0.0030 0.0044 0.0063 0.0092 0.0133 0.0193 0.0280 0.0405 0.0588 0.0852 0.1234 0.1792 0.2597 0.3762 0.5462 0.7914 1.0000 1.0000 1.0000 1.0000 1.0000 1.0000 1.0000 1.0000 1.0000 1.0000 1.0000 1.0000 1.0000 1.0000 1.0000 1.0000 1.0000 1.0000 1.0000 0.7914 0.5462 0.3762 0.2597 0.1792 0.1234 0.0852 0.0588 0.0405 0.0280 0.0193 0.0133 0.0092 0.0063 0.0044 0.0030 0.0021 0.0014 0.0010 0.0007 0.0005 0.0003 0.0002 0.0002 0.0001 0.0001 0.0001 0.0000 1.0000 1.0000 1.0000 1.0000 1.0000 1.0000 1.0000 1.0000 1.0000 1.0000 1.0000 1.0000 0.7765
1.0000 1.0000 1.0000 1.0000 1.0000 1.0000 1.0000 1.0000 1.0000 1.0000 1.0000 1.0000 0.0000 0.0001 0.0001 0.0001 0.0002 0.0002 0.0003 0.0005 0.0007 0.0010 0.0014 0.0021 0.0030 0.0044 0.0064 0.0092 0.0134 0.0194 0.0281 0.0407 0.0591 0.0857 0.1244 0.1802 0.2611 0.3791 0.5493 0.7960 1.0000 1.0000 1.0000 1.0000 1.0000 1.0000 1.0000 1.0000 1.0000 1.0000 1.0000 1.0000 1.0000 1.0000 1.0000 1.0000 1.0000 1.0000 1.0000 1.0000 1.0000 0.7960 0.5493 0.3791 0.2611 0.1802 0.1244 0.0857 0.0591 0.0407 0.0281 0.0194 0.0134 0.0092 0.0064 0.0044 0.0030 0.0021 0.0014 0.0010 0.0007 0.0005 0.0003 0.0002 0.0002 0.0001 0.0001 0.0001 0.0000 1.0000 1.0000 1.0000 1.0000 1.0000 1.0000 1.0000 1.0000 1.0000 1.0000 1.0000 1.0000
1.0000 1.0000 1.0000 1.0000 1.0000 1.0000 1.0000 1.0000 1.0000 1.0000 1.0000 0.0000 0.0001 0.0001 0.0001 0.0002 0.0002 0.0003 0.0005 0.0007 0.0010 0.0014 0.0021 0.0030 0.0044 0.0064 0.0093 0.0134 0.0195 0.0283 0.0410 0.0595 0.0862 0.1251 0.1813 0.2631 0.3813 0.5525 0.8020 1.0000 1.0000 1.0000 1.0000 1.0000 1.0000 1.0000 1.0000 1.0000 1.0000 1.0000 1.0000 1.0000 1.0000 1.0000 1.0000 1.0000 1.0000 1.0000 1.0000 1.0000 1.0000 1.0000 0.8020 0.5525 0.3813 0.2626 0.1813 0.1251 0.0862 0.0595 0.0410 0.0283 0.0195 0.0134 0.0093 0.0064 0.0044 0.0030 0.0021 0.0014 0.0010 0.0007 0.0005 0.0003 0.0002 0.0002 0.0001 0.0001 0.0001 0.0000 1.0000 1.0000 1.0000 1.0000 1.0000 1.0000 1.0000 1.0000 1.0000 1.0000 1.0000
1.0000 1.0000 1.0000 1.0000 1.0000 1.0000 1.0000 1.0000 1.0000 1.0000 0.0000 0.0001 0.0001 0.0001 0.0002 0.0002 0.0003 0.0005 0.0007 0.0010 0.0014 0.0021 0.0031 0.0044 0.0064 0.0093 0.0135 0.0196 0.0284 0.0412 0.0598 0.0867 0.1258 0.1823 0.2646 0.3835 0.5556 0.8066 1.0000 1.0000 1.0000 1.0000 1.0000 1.0000 1.0000 1.0000 1.0000 1.0000 1.0000 1.0000 1.0000 1.0000 1.0000 1.0000 1.0000 1.0000 1.0000 1.0000 1.0000 1.0000 1.0000 1.0000 1.0000 0.8066 0.5556 0.3835 0.2641 0.1823 0.1258 0.0867 0.0598 0.0412 0.0284 0.0196 0.0135 0.0093 0.0064 0.0044 0.0031 0.0021 0.0014 0.0010 0.0007 0.0005 0.0003 0.0002 0.0002 0.0001 0.0001 0.0001 0.0000 1.0000 1.0000 1.0000 1.0000 1.0000 1.0000 1.0000 1.0000 1.0000 1.0000
1.0000 1.0000 1.0000 1.0000 1.0000 1.0000 1.0000 1.0000 1.0000 0.0000 0.0000 0.0001 0.0001 0.0002 0.0002 0.0003 0.0005 0.0007 0.0010 0.0015 0.0021 0.0031 0.0045 0.0065 0.0094 0.0136 0.0197 0.0286 0.0414 0.0602 0.0872 0.1265 0.1833 0.2662 0.3857 0.5588 0.8112 1.0000 1.0000 1.0000 1.0000 1.0000 1.0000 1.0000 1.0000 1.0000 1.0000 1.0000 1.0000 1.0000 0.0000 1.0000 1.0000 1.0000 1.0000 1.0000 1.0000 1.0000 1.0000 1.0000 1.0000 1.0000 1.0000 1.0000 0.8112 0.5588 0.3857 0.2657 0.1833 0.1265 0.0872 0.0602 0.0414 0.0286 0.0197 0.0136 0.0094 0.0065 0.0045 0.0031 0.0021 0.0015 0.0010 0.0007 0.0005 0.0003 0.0002 0.0002 0.0001 0.0001 0.0000 0.0000 1.0000 1.0000 1.0000 1.0000 1.0000 1.0000 1.0000 1.0000 1.0000
1.0000 1.0000 1.0000 1.0000 1.0000 1.0000 1.0000 1.0000 0.0000 0.0000 0.0001 0.0001 0.0002 0.0002 0.0003 0.0005 0.0007 0.0010 0.0015 0.0021 0.0031 0.0045 0.0065 0.0094 0.0137 0.0198 0.0288 0.0417 0.0605 0.0877 0.1273 0.1844 0.2677 0.3879 0.5620 0.8159 1.0000 1.0000 1.0000 1.0000 1.0000 1.0000 1.0000 1.0000 1.0000 1.0000 1.0000 1.0000 0.0000 0.0000 0.0000 0.0000 0.0000 1.0000 1.0000 1.0000 1.0000 1.0000 1.0000 1.0000 1.0000 1.0000 1.0000 1.0000 1.0000 0.8159 0.5620 0.3879 0.2672 0.1844 0.1273 0.0877 0.0605 0.0417 0.0288 0.0198 0.0136 0.0094 0.0065 0.0045 0.0031 0.0021 0.0015 0.0010 0.0007 0.0005 0.0003 0.0002 0.0002 0.0001 0.0001 0.0000 0.0000 1.0000 1.0000 1.0000 1.0000 1.0000 1.0000 1.0000 1.0000
1.0000 1.0000 1.0000 1.0000 1.0000 1.0000 1.0000 0.0000 0.0000 0.0001 0.0001 0.0002 0.0002 0.0003 0.0005 0.0007 0.0010 0.0015 0.0021 0.0031 0.0045 0.0065 0.0094 0.0137 0.0199 0.0289 0.0419 0.0608 0.0882 0.1280 0.1854 0.2692 0.3901 0.5652 0.8205 1.0000 1.0000 1.0000 1.0000 1.0000 1.0000 1.0000 1.0000 1.0000 1.0000 1.0000 1.0000 0.0000 0.0000 0.0001 0.0001 0.0001 0.0000 0.0000 1.0000 1.0000 1.0000 1.0000 1.0000 1.0000 1.0000 1.0000 1.0000 1.0000 1.0000 1.0000 0.8205 0.5652 0.3901 0.2687 0.1854 0.1280 0.0882 0.0608 0.0419 0.0289 0.0199 0.0137 0.0094 0.0065 0.0045 0.0031 0.0021 0.0015 0.0010 0.0007 0.0005 0.0003 0.0002 0.0002 0.0001 0.0001 0.0000 0.0000 1.0000 1.0000 1.0000 1.0000 1.0000 1.0000 1.0000
1.0000 1.0000 1.0000 1.0000 1.0000 1.0000 0.0000 0.0000 0.0001 0.0001 0.0002 0.0002 0.0003 0.0005 0.0007 0.0010 0.0015 0.0021 0.0031 0.0045 0.0065 0.0095 0.0138 0.0200 0.0290 0.0421 0.0611 0.0887 0.1285 0.1865 0.2708 0.3923 0.5685 0.8252 1.0000 1.0000 1.0000 1.0000 1.0000 1.0000 1.0000 1.0000 1.0000 1.0000 1.0000 1.0000 0.0000 0.0000 0.0001 0.0001 0.0001 0.0001 0.0001 0.0000 0.0000 1.0000 1.0000 1.0000 1.0000 1.0000 1.0000 1.0000 1.0000 1.0000 1.0000 1.0000 1.0000 0.8252 0.5685 0.3923 0.2702 0.1865 0.1285 0.0887 0.0611 0.0421 0.0290 0.0200 0.0138 0.0095 0.0065 0.0045 0.0031 0.0021 0.0015 0.0010 0.0007 0.0005 0.0003 0.0002 0.0002 0.0001 0.0001 0.0000 0.0000 1.0000 1.0000 1.0000 1.0000 1.0000 1.0000
1.0000 1.0000 1.0000 1.0000 1.0000 0.0000 0.0000 0.0001 0.0001 0.0002 0.0002 0.0003 0.0005 0.0007 0.0010 0.0015 0.0021 0.0031 0.0045 0.0065 0.0095 0.0138 0.0200 0.0291 0.0422 0.0613 0.0890 0.1292 0.1876 0.2718 0.3946 0.5717 0.8300 1.0000 1.0000 1.0000 1.0000 1.0000 1.0000 1.0000 1.0000 1.0000 1.0000 1.0000 1.0000 0.0000 0.0000 0.0001 0.0001 0.0001 0.0001 0.0001 0.0001 0.0001 0.0000 0.0000 1.0000 1.0000 1.0000 1.0000 1.0000 1.0000 1.0000 1.0000 1.0000 1.0000 1.0000 1.0000 0.8300 0.5717 0.3946 0.2718 0.1876 0.1292 0.0890 0.0613 0.0422 0.0291 0.0200 0.0138 0.0095 0.0065 0.0045 0.0031 0.0021 0.0015 0.0010 0.0007 0.0005 0.0003 0.0002 0.0002 0.0001 0.0001 0.0000 0.0000 1.0000 1.0000 1.0000 1.0000 1.0000
1.0000 1.0000 1.0000 1.0000 0.0000 0.0000 0.0001 0.0001 0.0002 0.0002 0.0003 0.0005 0.0007 0.0010 0.0014 0.0021 0.0031 0.0045 0.0065 0.0095 0.0138 0.0200 0.0291 0.0423 0.0614 0.0893 0.1297 0.1883 0.2733 0.3961 0.5750 0.8347 1.0000 1.0000 1.0000 1.0000 1.0000 1.0000 1.0000 1.0000 1.0000 1.0000 1.0000 1.0000 0.0000 0.0001 0.0001 0.0001 0.0001 0.0002 0.0002 0.0002 0.0001 0.0001 0.0001 0.0001 0.0000 1.0000 1.0000 1.0000 1.0000 1.0000 1.0000 1.0000 1.0000 1.0000 1.0000 1.0000 1.0000 0.8347 0.5750 0.3961 0.2733 0.1883 0.1297 0.0893 0.0614 0.0423 0.0291 0.0200 0.0138 0.0095 0.0065 0.0045 0.0031 0.0021 0.0014 0.0010 0.0007 0.0005 0.0003 0.0002 0.0002 0.0001 0.0001 0.0000 0.0000 1.0000 1.0000 1.0000 1.0000
1.0000 1.0000 1.0000 0.0000 0.0000 0.0001 0.0001 0.0002 0.0002 0.0003 0.0005 0.0007 0.0010 0.0014 0.0021 0.0031 0.0045 0.0065 0.0095 0.0138 0.0200 0.0291 0.0424 0.0615 0.0895 0.1299 0.1886 0.2744 0.3983 0.5772 0.8379 1.0000 1.0000 1.0000 1.0000 1.0000 1.0000 1.0000 1.0000 1.0000 1.0000 1.0000 1.0000 0.0000 0.0001 0.0001 0.0001 0.0001 0.0002 0.0002 0.0002 0.0002 0.0002 0.0001 0.0001 0.0001 0.0001 0.0000 1.0000 1.0000 1.0000 1.0000 1.0000 1.0000 1.0000 1.0000 1.0000 1.0000 1.0000 1.0000 0.8379 0.5772 0.3983 0.2739 0.1886 0.1299 0.0895 0.0615 0.0424 0.0291 0.0200 0.0138 0.0095 0.0065 0.0045 0.0031 0.0021 0.0014 0.0010 0.0007 0.0005 0.0003 0.0002 0.0002 0.0001 0.0001 0.0000 0.0000 1.0000 1.0000 1.0000
1.0000 1.0000 0.0000 0.0000 0.0001 0.0001 0.0001 0.0002 0.0003 0.0005 0.0007 0.0010 0.0014 0.0021 0.0031 0.0045 0.0065 0.0094 0.0138 0.0200 0.0291 0.0424 0.0617 0.0895 0.1302 0.1890 0.2749 0.3991 0.5794 0.8411 1.0000 1.0000 1.0000 1.0000 1.0000 1.0000 1.0000 1.0000 1.0000 1.0000 1.0000 1.0000 0.0000 0.0001 0.0001 0.0001 0.0002 0.0002 0.0003 0.0003 0.0004 0.0003 0.0003 0.0002 0.0002 0.0001 0.0001 0.0001 0.0000 1.0000 1.0000 1.0000 1.0000 1.0000 1.0000 1.0000 1.0000 1.0000 1.0000 1.0000 1.0000 0.8411 0.5794 0.3991 0.2749 0.1890 0.1302 0.0895 0.0617 0.0424 0.0291 0.0200 0.0138 0.0094 0.0065 0.0045 0.0031 0.0021 0.0014 0.0010 0.0007 0.0005 0.0003 0.0002 0.0001 0.0001 0.0001 0.0000 0.0000 1.0000 1.0000
1.0000 0.0000 0.0000 0.0001 0.0001 0.0001 0.0002 0.0003 0.0005 0.0007 0.0010 0.0014 0.0021 0.0030 0.0044 0.0065 0.0094 0.0137 0.0200 0.0291 0.0423 0.0615 0.0895 0.1302 0.1894 0.2754 0.3998 0.5816 0.8443 1.0000 1.0000 1.0000 1.0000 1.0000 1.0000 1.0000 1.0000 1.0000 1.0000 1.0000 1.0000 0.0000 0.0001 0.0001 0.0001 0.0002 0.0002 0.0003 0.0004 0.0005 0.0005 0.0005 0.0004 0.0003 0.0002 0.0002 0.0001 0.0001 0.0001 0.0000 1.0000 1.0000 1.0000 1.0000 1.0000 1.0000 1.0000 1.0000 1.0000 1.0000 1.0000 1.0000 0.8443 0.5805 0.3998 0.2754 0.1894 0.1302 0.0895 0.0615 0.0423 0.0291 0.0200 0.0137 0.0094 0.0065 0.0044 0.0030 0.0021 0.0014 0.0010 0.0007 0.0005 0.0003 0.0002 0.0001 0.0001 0.0001 0.0000 0.0000 1.0000
0.0000 0.0000 0.0001 0.0001 0.0001 0.0002 0.0003 0.0005 0.0007 0.0010 0.0014 0.0021 0.0030 0.0044 0.0064 0.0094 0.0136 0.0199 0.0290 0.0422 0.0614 0.0895 0.1302 0.1894 0.2754 0.4006 0.5816 0.8459 1.0000 1.0000 1.0000 1.0000 1.0000 1.0000 1.0000 1.0000 1.0000 1.0000 1.0000 0.0000 0.0000 0.0001 0.0001 0.0001 0.0002 0.0002 0.0003 0.0004 0.0006 0.0007 0.0008 0.0007 0.0006 0.0004 0.0003 0.0002 0.0002 0.0001 0.0001 0.0001 0.0000 0.0000 1.0000 1.0000 1.0000 1.0000 1.0000 1.0000 1.0000 1.0000 1.0000 1.0000 1.0000 0.8459 0.5816 0.4006 0.2754 0.1894 0.1302 0.0895 0.0614 0.0422 0.0290 0.0199 0.0136 0.0094 0.0064 0.0044 0.0030 0.0021 0.0014 0.0010 0.0007 0.0005 0.0003 0.0002 0.0001 0.0001 0.0001 0.0000 0.0000
0.0000 0.0001 0.0001 0.0001 0.0002 0.0003 0.0005 0.0007 0.0010 0.0014 0.0021 0.0030 0.0044 0.0064 0.0093 0.0136 0.0198 0.0289 0.0421 0.0613 0.0893 0.1299 0.1890 0.2754 0.4006 0.5827 0.8459 1.0000 1.0000 1.0000 1.0000 1.0000 1.0000 1.0000 1.0000 1.0000 1.0000 1.0000 0.0000 0.0000 0.0001 0.0001 0.0001 0.0002 0.0002 0.0003 0.0005 0.0006 0.0008 0.0010 0.0011 0.0010 0.0008 0.0006 0.0005 0.0003 0.0002 0.0002 0.0001 0.0001 0.0001 0.0000 0.0000 1.0000 1.0000 1.0000 1.0000 1.0000 1.0000 1.0000 1.0000 1.0000 1.0000 1.0000 0.8459 0.5827 0.4006 0.2754 0.1890 0.1299 0.0893 0.0613 0.0421 0.0289 0.0198 0.0136 0.0093 0.0064 0.0044 0.0030 0.0021 0.0014 0.0010 0.0007 0.0005 0.0003 0.0002 0.0001 0.0001 0.0001 0.0000
0.0001 0.0001 0.0001 0.0002 0.0003 0.0005 0.0007 0.0010 0.0014 0.0020 0.0030 0.0044 0.0064 0.0093 0.0135 0.0197 0.0288 0.0419 0.0611 0.0890 0.1297 0.1886 0.2749 0.3998 0.5816 0.8459 1.0000 1.0000 1.0000 1.0000 1.0000 1.0000 1.0000 1.0000 1.0000 1.0000 1.0000 0.0000 0.0000 0.0001 0.0001 0.0001 0.0002 0.0002 0.0003 0.0005 0.0007 0.0009 0.0012 0.0015 0.0016 0.0015 0.0012 0.0009 0.0007 0.0005 0.0003 0.0002 0.0002 0.0001 0.0001 0.0001 0.0000 0.0000 1.0000 1.0000 1.0000 1.0000 1.0000 1.0000 1.0000 1.0000 1.0000 1.0000 1.0000 0.8459 0.5816 0.3998 0.2749 0.1886 0.1297 0.0890 0.0611 0.0419 0.0288 0.0197 0.0135 0.0093 0.0064 0.0044 0.0030 0.0020 0.0014 0.0010 0.0007 0.0005 0.0003 0.0002 0.0001 0.0001 0.0001
0.0001 0.0001 0.0002 0.0003 0.0004 0.0007 0.0010 0.0014 0.0020 0.0030 0.0043 0.0063 0.0092 0.0134 0.0196 0.0286 0.0417 0.0608 0.0887 0.1292 0.1883 0.2739 0.3991 0.5816 0.8459 1.0000 1.0000 1.0000 1.0000 1.0000 1.0000 1.0000 1.0000 1.0000 1.0000 1.0000 0.0000 0.0000 0.0001 0.0001 0.0001 0.0002 0.0002 0.0003 0.0005 0.0007 0.0010 0.0014 0.0018 0.0022 0.0024 0.0022 0.0018 0.0014 0.0010 0.0007 0.0005 0.0003 0.0002 0.0002 0.0001 0.0001 0.0001 0.0000 0.0000 1.0000 1.0000 1.0000 1.0000 1.0000 1.0000 1.0000 1.0000 1.0000 1.0000 1.0000 0.8459 0.5805 0.3991 0.2739 0.1883 0.1292 0.0887 0.0608 0.0417 0.0286 0.0196 0.0134 0.0092 0.0063 0.0043 0.0030 0.0020 0.0014 0.0010 0.0007 0.0004 0.0003 0.0002 0.0001 0.0001
0.0001 0.0002 0.0003 0.0004 0.0007 0.0010 0.0014 0.0020 0.0030 0.0043 0.0063 0.0092 0.0134 0.0195 0.0284 0.0414 0.0605 0.0882 0.1285 0.1876 0.2733 0.3983 0.5794 0.8443 1.0000 1.0000 1.0000 1.0000 1.0000 1.0000 1.0000 1.0000 1.0000 1.0000 1.0000 0.0000 0.0000 0.0001 0.0001 0.0001 0.0002 0.0002 0.0003 0.0005 0.0007 0.0010 0.0014 0.0020 0.0026 0.0032 0.0034 0.0032 0.0026 0.0020 0.0014 0.0010 0.0007 0.0005 0.0003 0.0002 0.0002 0.0001 0.0001 0.0001 0.0000 0.0000 1.0000 1.0000 1.0000 1.0000 1.0000 1.0000 1.0000 1.0000 1.0000 1.0000 1.0000 0.8443 0.5794 0.3983 0.2733 0.1876 0.1285 0.0882 0.0605 0.0414 0.0284 0.0195 0.0134 0.0092 0.0063 0.0043 0.0030 0.0020 0.0014 0.0010 0.0007 0.0004 0.0003 0.0002 0.0001
0.0002 0.0003 0.0004 0.0006 0.0009 0.0014 0.0020 0.0029 0.0043 0.0062 0.0091 0.0133 0.0194 0.0283 0.0412 0.0602 0.0877 0.1280 0.1865 0.2718 0.3961 0.5772 0.8411 1.0000 1.0000 1.0000 1.0000 1.0000 1.0000 1.0000 1.0000 1.0000 1.0000 1.0000 0.0000 0.0000 0.0001 0.0001 0.0001 0.0002 0.0002 0.0003 0.0005 0.0007 0.0010 0.0015 0.0021 0.0029 0.0038 0.0047 0.0050 0.0047 0.0038 0.0029 0.0021 0.0015 0.0010 0.0007 0.0005 0.0003 0.0002 0.0002 0.0001 0.0001 0.0001 0.0000 0.0000 1.0000 1.0000 1.0000 1.0000 1.0000 1.0000 1.0000 1.0000 1.0000 1.0000 1.0000 0.8411 0.5772 0.3961 0.2718 0.1865 0.1280 0.0877 0.0602 0.0412 0.0283 0.0194 0.0133 0.0091 0.0062 0.0043 0.0029 0.0020 0.0014 0.0009 0.0006 0.0004 0.0003 0.0002
0.0003 0.0004 0.0006 0.0009 0.0014 0.0020 0.0029 0.0043 0.0062 0.0090 0.0132 0.0193 0.0281 0.0410 0.0598 0.0872 0.1273 0.1854 0.2702 0.3946 0.5750 0.8379 1.0000 1.0000 1.0000 1.0000 1.0000 1.0000 1.0000 1.0000 1.0000 1.0000 1.0000 0.0000 0.0000 0.0001 0.0001 0.0001 0.0002 0.0002 0.0003 0.0005 0.0007 0.0011 0.0015 0.0022 0.0031 0.0043 0.0056 0.0068 0.0073 0.0068 0.0056 0.0043 0.0031 0.0022 0.0015 0.0011 0.0007 0.0005 0.0003 0.0002 0.0002 0.0001 0.0001 0.0001 0.0000 0.0000 1.0000 1.0000 1.0000 1.0000 1.0000 1.0000 1.0000 1.0000 1.0000 1.0000 1.0000 0.8379 0.5750 0.3946 0.2702 0.1854 0.1273 0.0872 0.0598 0.0410 0.0281 0.0193 0.0132 0.0090 0.0062 0.0043 0.0029 0.0020 0.0014 0.0009 0.0006 0.0004 0.0003
0.0004 0.0006 0.0009 0.0014 0.0020 0.0029 0.0042 0.0062 0.0090 0.0131 0.0191 0.0280 0.0407 0.0595 0.0867 0.1265 0.1844 0.2687 0.3923 0.5717 0.8347 1.0000 1.0000 1.0000 1.0000 1.0000 1.0000 1.0000 1.0000 1.0000 1.0000 1.0000 0.0000 0.0000 0.0001 0.0001 0.0001 0.0002 0.0002 0.0003 0.0005 0.0007 0.0011 0.0015 0.0022 0.0032 0.0045 0.0062 0.0082 0.0099 0.0107 0.0099 0.0082 0.0062 0.0045 0.0032 0.0022 0.0015 0.0011 0.0007 0.0005 0.0003 0.0002 0.0002 0.0001 0.0001 0.0001 0.0000 0.0000 1.0000 1.0000 1.0000 1.0000 1.0000 1.0000 1.0000 1.0000 1.0000 1.0000 1.0000 0.8347 0.5717 0.3923 0.2687 0.1844 0.1265 0.0867 0.0595 0.0407 0.0280 0.0191 0.0131 0.0090 0.0062 0.0042 0.0029 0.0020 0.0014 0.0009 0.0006 0.0004
0.0006 0.0009 0.0014 0.0020 0.0029 0.0042 0.0061 0.0089 0.0130 0.0190 0.0278 0.0405 0.0591 0.0862 0.1258 0.1833 0.2672 0.3901 0.5685 0.8300 1.0000 1.0000 1.0000 1.0000 1.0000 1.0000 1.0000 1.0000 1.0000 1.0000 1.0000 0.0000 0.0000 0.0001 0.0001 0.0001 0.0002 0.0002 0.0004 0.0005 0.0007 0.0011 0.0016 0.0022 0.0032 0.0046 0.0066 0.0090 0.0119 0.0144 0.0155 0.0144 0.0119 0.0090 0.0066 0.0046 0.0032 0.0022 0.0015 0.0011 0.0007 0.0005 0.0004 0.0002 0.0002 0.0001 0.0001 0.0001 0.0000 0.0000 1.0000 1.0000 1.0000 1.0000 1.0000 1.0000 1.0000 1.0000 1.0000 1.0000 1.0000 0.8300 0.5685 0.3901 0.2672 0.1833 0.1258 0.0862 0.0591 0.0405 0.0278 0.0190 0.0130 0.0089 0.0061 0.0042 0.0029 0.0020 0.0014 0.0009 0.0006
0.0009 0.0013 0.0020 0.0029 0.0042 0.0061 0.0089 0.0130 0.0189 0.0276 0.0403 0.0588 0.0857 0.1251 0.1823 0.2657 0.3879 0.5652 0.8252 1.0000 1.0000 1.0000 1.0000 1.0000 1.0000 1.0000 1.0000 1.0000 1.0000 1.0000 0.0000 0.0000 0.0001 0.0001 0.0001 0.0002 0.0002 0.0004 0.0005 0.0007 0.0011 0.0016 0.0023 0.0033 0.0047 0.0068 0.0096 0.0132 0.0174 0.0211 0.0226 0.0211 0.0174 0.0132 0.0096 0.0068 0.0047 0.0033 0.0023 0.0016 0.0011 0.0007 0.0005 0.0004 0.0002 0.0002 0.0001 0.0001 0.0001 0.0000 0.0000 1.0000 1.0000 1.0000 1.0000 1.0000 1.0000 1.0000 1.0000 1.0000 1.0000 1.0000 0.8252 0.5652 0.3879 0.2657 0.1823 0.1251 0.0857 0.0588 0.0403 0.0276 0.0189 0.0130 0.0089 0.0061 0.0042 0.0029 0.0020 0.0013 0.0009
0.0013 0.0019 0.0028 0.0041 0.0060 0.0088 0.0129 0.0188 0.0274 0.0400 0.0583 0.0852 0.1244 0.1813 0.2641 0.3857 0.5620 0.8205 1.0000 1.0000 1.0000 1.0000 1.0000 1.0000 1.0000 1.0000 1.0000 1.0000 1.0000 0.0000 0.0000 0.0001 0.0001 0.0001 0.0002 0.0002 0.0004 0.0005 0.0007 0.0011 0.0016 0.0023 0.0033 0.0048 0.0069 0.0099 0.0139 0.0193 0.0253 0.0307 0.0330 0.0307 0.0253 0.0192 0.0139 0.0099 0.0069 0.0048 0.0033 0.0023 0.0016 0.0011 0.0007 0.0005 0.0004 0.0002 0.0002 0.0001 0.0001 0.0001 0.0000 0.0000 1.0000 1.0000 1.0000 1.0000 1.0000 1.0000 1.0000 1.0000 1.0000 1.0000 1.0000 0.8205 0.5620 0.3857 0.2641 0.1813 0.1244 0.0852 0.0583 0.0400 0.0274 0.0188 0.0129 0.0088 0.0060 0.0041 0.0028 0.0019 0.0013
0.0019 0.0028 0.0041 0.0060 0.0088 0.0128 0.0187 0.0272 0.0397 0.0580 0.0847 0.1234 0.1802 0.2626 0.3835 0.5588 0.8159 1.0000 1.0000 1.0000 1.0000 1.0000 1.0000 1.0000 1.0000 1.0000 1.0000 1.0000 0.0000 0.0000 0.0001 0.0001 0.0001 0.0002 0.0002 0.0004 0.0005 0.0007 0.0011 0.0016 0.0023 0.0033 0.0048 0.0069 0.0100 0.0144 0.0203 0.0281 0.0369 0.0448 0.0482 0.0448 0.0369 0.0281 0.0203 0.0144 0.0100 0.0069 0.0048 0.0033 0.0023 0.0016 0.0011 0.0007 0.0005 0.0004 0.0002 0.0002 0.0001 0.0001 0.0001 0.0000 0.0000 1.0000 1.0000 1.0000 1.0000 1.0000 1.0000 1.0000 1.0000 1.0000 1.0000 1.0000 0.8159 0.5588 0.3835 0.2626 0.1802 0.1234 0.0847 0.0580 0.0397 0.0272 0.0187 0.0128 0.0088 0.0060 0.0041 0.0028 0.0019
0.0028 0.0041 0.0060 0.0087 0.0127 0.0185 0.0271 0.0395 0.0576 0.0841 0.1227 0.1792 0.2611 0.3813 0.5556 0.8112 1.0000 1.0000 1.0000 1.0000 1.0000 1.0000 1.0000 1.0000 1.0000 1.0000 1.0000 0.0000 0.0000 0.0001 0.0001 0.0001 0.0002 0.0002 0.0004 0.0005 0.0007 0.0011 0.0016 0.0023 0.0033 0.0048 0.0070 0.0101 0.0146 0.0209 0.0296 0.0409 0.0539 0.0654 0.0702 0.0653 0.0539 0.0409 0.0296 0.0209 0.0146 0.0101 0.0070 0.0048 0.0033 0.0023 0.0016 0.0011 0.0007 0.0005 0.0004 0.0002 0.0002 0.0001 0.0001 0.0001 0.0000 0.0000 1.0000 1.0000 1.0000 1.0000 1.0000 1.0000 1.0000 1.0000 1.0000 1.0000 1.0000 0.8112 0.5556 0.3813 0.2611 0.1792 0.1227 0.0841 0.0576 0.0395 0.0271 0.0185 0.0127 0.0087 0.0060 0.0041 0.0028
0.0041 0.0059 0.0086 0.0126 0.0184 0.0269 0.0392 0.0573 0.0836 0.1220 0.1778 0.2597 0.3791 0.5525 0.8066 1.0000 1.0000 1.0000 1.0000 1.0000 1.0000 1.0000 1.0000 1.0000 1.0000 1.0000 0.0000 0.0000 0.0001 0.0001 0.0001 0.0002 0.0002 0.0004 0.0005 0.0007 0.0011 0.0016 0.0023 0.0033 0.0048 0.0070 0.0102 0.0147 0.0213 0.0305 0.0431 0.0596 0.0785 0.0953 0.1023 0.0953 0.0785 0.0596 0.0431 0.0305 0.0213 0.0147 0.0102 0.0070 0.0048 0.0033 0.0023 0.0016 0.0011 0.0007 0.0005 0.0004 0.0002 0.0002 0.0001 0.0001 0.0001 0.0000 0.0000 1.0000 1.0000 1.0000 1.0000 1.0000 1.0000 1.0000 1.0000 1.0000 1.0000 1.0000 0.8066 0.5525 0.3791 0.2597 0.1778 0.1220 0.0836 0.0573 0.0392 0.0269 0.0184 0.0126 0.0086 0.0059 0.0041
0.0059 0.0086 0.0125 0.0183 0.0267 0.0390 0.0568 0.0830 0.1211 0.1768 0.2582 0.3762 0.5493 0.8020 1.0000 1.0000 1.0000 1.0000 1.0000 1.0000 1.0000 1.0000 1.0000 1.0000 1.0000 0.0000 0.0000 0.0001 0.0001 0.0001 0.0002 0.0002 0.0004 0.0005 0.0007 0.0011 0.0016 0.0023 0.0033 0.0048 0.0070 0.0102 0.0148 0.0215 0.0310 0.0444 0.0628 0.0868 0.1144 0.1389 0.1490 0.1389 0.1144 0.0868 0.0628 0.0444 0.0310 0.0214 0.0148 0.0102 0.0070 0.0048 0.0033 0.0023 0.0016 0.0011 0.0007 0.0005 0.0004 0.0002 0.0002 0.0001 0.0001 0.0001 0.0000 0.0000 1.0000 1.0000 1.0000 1.0000 1.0000 1.0000 1.0000 1.0000 1.0000 1.0000 1.0000 0.8020 0.5493 0.3762 0.2582 0.1768 0.1211 0.0830 0.0568 0.0390 0.0267 0.0183 0.0125 0.0086 0.0059
0.0086 0.0125 0.0182 0.0265 0.0387 0.0565 0.0825 0.1202 0.1755 0.2562 0.3741 0.5462 0.7960 1.0000 1.0000 1.0000 1.0000 1.0000 1.0000 1.0000 1.0000 1.0000 1.0000 1.0000 0.0000 0.0000 0.0001 0.0001 0.0001 0.0002 0.0002 0.0003 0.0005 0.0007 0.0011 0.0016 0.0023 0.0033 0.0048 0.0070 0.0102 0.0148 0.0215 0.0312 0.0451 0.0647 0.0916 0.1265 0.1664 0.2024 0.2172 0.2024 0.1664 0.1263 0.0916 0.0647 0.0451 0.0312 0.0215 0.0148 0.0102 0.0070 0.0048 0.0033 0.0023 0.0016 0.0011 0.0007 0.0005 0.0003 0.0002 0.0002 0.0001 0.0001 0.0001 0.0000 0.0000 1.0000 1.0000 1.0000 1.0000 1.0000 1.0000 1.0000 1.0000 1.0000 1.0000 1.0000 0.7960 0.5462 0.3741 0.2562 0.1755 0.1202 0.0825 0.0565 0.0387 0.0265 0.0182 0.0125 0.0086
0.0125 0.0180 0.0264 0.0385 0.0561 0.0819 0.1195 0.1745 0.2543 0.3713 0.5421 0.7914 1.0000 1.0000 1.0000 1.0000 1.0000 1.0000 1.0000 1.0000 1.0000 1.0000 1.0000 1.0000 0.0000 0.0001 0.0001 0.0001 0.0002 0.0002 0.0003 0.0005 0.0007 0.0011 0.0016 0.0023 0.0033 0.0048 0.0070 0.0102 0.0149 0.0216 0.0313 0.0454 0.0655 0.0940 0.1332 0.1840 0.2425 0.2944 0.3164 0.2944 0.2425 0.1840 0.1332 0.0940 0.0655 0.0454 0.0313 0.0216 0.0149 0.0102 0.0070 0.0048 0.0033 0.0023 0.0016 0.0011 0.0007 0.0005 0.0003 0.0002 0.0002 0.0001 0.0001 0.0001 0.0000 1.0000 1.0000 1.0000 1.0000 1.0000 1.0000 1.0000 1.0000 1.0000 1.0000 1.0000 1.0000 0.7914 0.5421 0.3713 0.2543 0.1745 0.1195 0.0819 0.0561 0.0385 0.0264 0.0180 0.0125
0.0180 0.0262 0.0382 0.0557 0.0812 0.1186 0.1732 0.2528 0.3692 0.5380 0.7854 1.0000 1.0000 1.0000 1.0000 1.0000 1.0000 1.0000 1.0000 1.0000 1.0000 1.0000 1.0000 0.0000 0.0001 0.0001 0.0001 0.0002 0.0002 0.0003 0.0005 0.0007 0.0011 0.0016 0.0023 0.0033 0.0048 0.0070 0.0102 0.0148 0.0216 0.0314 0.0456 0.0660 0.0953 0.1368 0.1937 0.2677 0.3534 0.4290 0.4611 0.4290 0.3534 0.2677 0.1937 0.1368 0.0953 0.0660 0.0456 0.0314 0.0216 0.0148 0.0102 0.0070 0.0048 0.0033 0.0023 0.0016 0.0011 0.0007 0.0005 0.0003 0.0002 0.0002 0.0001 0.0001 0.0001 0.0000 1.0000 1.0000 1.0000 1.0000 1.0000 1.0000 1.0000 1.0000 1.0000 1.0000 1.0000 1.0000 0.7854 0.5380 0.3692 0.2528 0.1732 0.1186 0.0812 0.0557 0.0382 0.0262 0.0180
0.0262 0.0378 0.0552 0.0806 0.1177 0.1719 0.2504 0.3657 0.5339 0.7795 1.0000 1.0000 1.0000 1.0000 1.0000 1.0000 1.0000 1.0000 1.0000 1.0000 1.0000 1.0000 0.0000 0.0001 0.0001 0.0001 0.0002 0.0002 0.0003 0.0005 0.0007 0.0011 0.0015 0.0023 0.0033 0.0048 0.0070 0.0102 0.0148 0.0215 0.0313 0.0456 0.0662 0.0959 0.1386 0.1990 0.2818 0.3893 0.5130 0.6240 0.6695 0.6240 0.5130 0.3893 0.2818 0.1990 0.1386 0.0959 0.0662 0.0456 0.0313 0.0215 0.0148 0.0102 0.0070 0.0048 0.0033 0.0023 0.0015 0.0011 0.0007 0.0005 0.0003 0.0002 0.0002 0.0001 0.0001 0.0001 0.0000 1.0000 1.0000 1.0000 1.0000 1.0000 1.0000 1.0000 1.0000 1.0000 1.0000 1.0000 1.0000 0.7795 0.5339 0.3657 0.2504 0.1719 0.1177 0.0806 0.0552 0.0378 0.0262
0.0378 0.0547 0.0799 0.1166 0.1702 0.2481 0.3622 0.5288 0.7721 1.0000 1.0000 1.0000 1.0000 1.0000 1.0000 1.0000 1.0000 1.0000 1.0000 1.0000 1.0000 0.0000 0.0001 0.0001 0.0001 0.0002 0.0002 0.0003 0.0005 0.0007 0.0011 0.0015 0.0022 0.0033 0.0048 0.0069 0.0101 0.0147 0.0215 0.0312 0.0454 0.0660 0.0959 0.1389 0.2009 0.2883 0.4091 0.5652 0.7447 0.9058 0.9719 0.9058 0.7447 0.5652 0.4091 0.2883 0.2009 0.1392 0.0959 0.0660 0.0454 0.0312 0.0214 0.0147 0.0101 0.0069 0.0048 0.0033 0.0022 0.0015 0.0011 0.0007 0.0005 0.0003 0.0002 0.0002 0.0001 0.0001 0.0001 0.0000 1.0000 1.0000 1.0000 1.0000 1.0000 1.0000 1.0000 1.0000 1.0000 1.0000 1.0000 1.0000 0.7721 0.5288 0.3622 0.2481 0.1702 0.1166 0.0799 0.0547 0.0378
0.0544 0.0788 0.1151 0.1677 0.2448 0.3574 0.5218 0.7619 1.0000 1.0000 1.0000 1.0000 1.0000 1.0000 1.0000 1.0000 1.0000 1.0000 1.0000 1.0000 0.0000 0.0001 0.0001 0.0001 0.0002 0.0002 0.0003 0.0005 0.0007 0.0010 0.0015 0.0022 0.0032 0.0047 0.0069 0.0100 0.0146 0.0213 0.0310 0.0451 0.0655 0.0953 0.1386 0.2009 0.2905 0.4169 0.5916 0.8174 1.0000 1.0000 1.0000 1.0000 1.0000 0.8174 0.5916 0.4169 0.2905 0.2009 0.1386 0.0953 0.0655 0.0451 0.0310 0.0213 0.0146 0.0100 0.0069 0.0047 0.0032 0.0022 0.0015 0.0010 0.0007 0.0005 0.0003 0.0002 0.0002 0.0001 0.0001 0.0001 0.0000 1.0000 1.0000 1.0000 1.0000 1.0000 1.0000 1.0000 1.0000 1.0000 1.0000 1.0000 1.0000 0.7619 0.5218 0.3574 0.2448 0.1677 0.1151 0.0788 0.0544
0.0778 0.1127 0.1645 0.2402 0.3507 0.5110 0.7461 1.0000 1.0000 1.0000 1.0000 1.0000 1.0000 1.0000 1.0000 1.0000 1.0000 1.0000 1.0000 0.0000 0.0001 0.0001 0.0001 0.0002 0.0002 0.0003 0.0005 0.0007 0.0010 0.0015 0.0022 0.0032 0.0046 0.0068 0.0099 0.0144 0.0209 0.0305 0.0444 0.0647 0.0940 0.1368 0.1990 0.2883 0.4169 0.5995 0.8491 1.0000 1.0000 1.0000 1.0000 1.0000 1.0000 1.0000 0.8491 0.5995 0.4169 0.2883 0.1990 0.1368 0.0940 0.0647 0.0444 0.0305 0.0209 0.0144 0.0099 0.0068 0.0046 0.0032 0.0022 0.0015 0.0010 0.0007 0.0005 0.0003 0.0002 0.0002 0.0001 0.0001 0.0001 0.0000 1.0000 1.0000 1.0000 1.0000 1.0000 1.0000 1.0000 1.0000 1.0000 1.0000 1.0000 1.0000 0.7461 0.5110 0.3507 0.2402 0.1645 0.1127 0.0778
0.1097 0.1590 0.2321 0.3389 0.4948 0.7224 1.0000 1.0000 1.0000 1.0000 1.0000 1.0000 1.0000 1.0000 1.0000 1.0000 1.0000 1.0000 0.0000 0.0000 0.0001 0.0001 0.0002 0.0002 0.0003 0.0005 0.0007 0.0010 0.0014 0.0021 0.0031 0.0045 0.0066 0.0096 0.0139 0.0203 0.0296 0.0431 0.0628 0.0916 0.1332 0.1937 0.2818 0.4091 0.5916 0.8491 1.0000 1.0000 1.0000 1.0000 1.0000 1.0000 1.0000 1.0000 1.0000 0.8491 0.5916 0.4091 0.2818 0.1937 0.1332 0.0916 0.0628 0.0431 0.0296 0.0203 0.0139 0.0096 0.0066 0.0045 0.0031 0.0021 0.0014 0.0010 0.0007 0.0005 0.0003 0.0002 0.0002 0.0001 0.0001 0.0000 0.0000 1.0000 1.0000 1.0000 1.0000 1.0000 1.0000 1.0000 1.0000 1.0000 1.0000 1.0000 1.0000 0.7224 0.4948 0.3389 0.2321 0.1590 0.1097
0.1507 0.2184 0.3189 0.4656 0.6810 0.9943 1.0000 1.0000 1.0000 1.0000 1.0000 1.0000 1.0000 1.0000 1.0000 1.0000 1.0000 0.0000 0.0000 0.0001 0.0001 0.0001 0.0002 0.0003 0.0004 0.0006 0.0009 0.0014 0.0020 0.0029 0.0043 0.0062 0.0090 0.0132 0.0192 0.0281 0.0409 0.0596 0.0868 0.1263 0.1840 0.2677 0.3893 0.5652 0.8174 1.0000 1.0000 1.0000 1.0000 1.0000 1.0000 1.0000 1.0000 1.0000 1.0000 1.0000 0.8174 0.5652 0.3893 0.2677 0.1840 0.1263 0.0868 0.0596 0.0409 0.0281 0.0192 0.0132 0.0090 0.0062 0.0043 0.0029 0.0020 0.0014 0.0009 0.0006 0.0004 0.0003 0.0002 0.0001 0.0001 0.0001 0.0000 0.0000 1.0000 1.0000 1.0000 1.0000 1.0000 1.0000 1.0000 1.0000 1.0000 1.0000 1.0000 0.9943 0.6810 0.4656 0.3189 0.2184 0.1507
0.1971 0.2861 0.4185 0.6111 0.8939 1.0000 1.0000 1.0000 1.0000 1.0000 1.0000 1.0000 1.0000 1.0000 1.0000 1.0000 0.0000 0.0000 0.0001 0.0001 0.0001 0.0002 0.0003 0.0004 0.0006 0.0008 0.0012 0.0018 0.0026 0.0038 0.0056 0.0082 0.0119 0.0174 0.0253 0.0369 0.0539 0.0785 0.1144 0.1664 0.2425 0.3534 0.5130 0.7447 1.0000 1.0000 1.0000 1.0000 1.0000 1.0000 1.0000 1.0000 1.0000 1.0000 1.0000 1.0000 1.0000 0.7447 0.5130 0.3534 0.2425 0.1664 0.1144 0.0785 0.0539 0.0369 0.0253 0.0174 0.0119 0.0082 0.0056 0.0038 0.0026 0.0018 0.0012 0.0008 0.0006 0.0004 0.0003 0.0002 0.0001 0.0001 0.0001 0.0000 0.0000 1.0000 1.0000 1.0000 1.0000 1.0000 1.0000 1.0000 1.0000 1.0000 1.0000 1.0000 0.8939 0.6111 0.4185 0.2861 0.1971
0.2379 0.3454 0.5052 0.7391 1.0000 1.0000 1.0000 1.0000 1.0000 1.0000 1.0000 1.0000 1.0000 1.0000 1.0000 1.0000 0.0000 0.0001 0.0001 0.0001 0.0002 0.0002 0.0003 0.0005 0.0007 0.0010 0.0015 0.0022 0.0032 0.0047 0.0068 0.0099 0.0144 0.0211 0.0307 0.0448 0.0653 0.0953 0.1389 0.2024 0.2944 0.4290 0.6240 0.9058 1.0000 1.0000 1.0000 1.0000 1.0000 1.0000 1.0000 1.0000 1.0000 1.0000 1.0000 1.0000 1.0000 0.9058 0.6240 0.4290 0.2944 0.2024 0.1389 0.0953 0.0653 0.0448 0.0307 0.0211 0.0144 0.0099 0.0068 0.0047 0.0032 0.0022 0.0015 0.0010 0.0007 0.0005 0.0003 0.0002 0.0002 0.0001 0.0001 0.0001 0.0000 1.0000 1.0000 1.0000 1.0000 1.0000 1.0000 1.0000 1.0000 1.0000 1.0000 1.0000 1.0000 0.7391 0.5052 0.3454 0.2379
0.2548 0.3699 0.5421 0.7929 1.0000 1.0000 1.0000 1.0000 1.0000 1.0000 1.0000 1.0000 1.0000 1.0000 1.0000 0.0000 0.0000 0.0001 0.0001 0.0001 0.0002 0.0002 0.0004 0.0005 0.0008 0.0011 0.0016 0.0024 0.0034 0.0050 0.0073 0.0106 0.0155 0.0226 0.0330 0.0482 0.0702 0.1023 0.1490 0.2172 0.3164 0.4611 0.6695 0.9719 1.0000 1.0000 1.0000 1.0000 1.0000 1.0000 1.0000 1.0000 1.0000 1.0000 1.0000 1.0000 1.0000 0.9719 0.6695 0.4611 0.3164 0.2172 0.1490 0.1023 0.0702 0.0482 0.0330 0.0226 0.0155 0.0106 0.0073 0.0050 0.0034 0.0024 0.0016 0.0011 0.0008 0.0005 0.0004 0.0002 0.0002 0.0001 0.0001 0.0001 0.0000 0.0000 1.0000 1.0000 1.0000 1.0000 1.0000 1.0000 1.0000 1.0000 1.0000 1.0000 1.0000 0.7929 0.5421 0.3699 0.2548
0.2379 0.3454 0.5052 0.7391 1.0000 1.0000 1.0000 1.0000 1.0000 1.0000 1.0000 1.0000 1.0000 1.0000 1.0000 1.0000 0.0000 0.0001 0.0001 0.0001 0.0002 0.0002 0.0003 0.0005 0.0007 0.0010 0.0015 0.0022 0.0032 0.0047 0.0068 0.0099 0.0144 0.0211 0.0307 0.0448 0.0654 0.0953 0.1389 0.2024 0.2944 0.4290 0.6240 0.9058 1.0000 1.0000 1.0000 1.0000 1.0000 1.0000 1.0000 1.0000 1.0000 1.0000 1.0000 1.0000 1.0000 0.9058 0.6240 0.4290 0.2944 0.2024 0.1389 0.0953 0.0653 0.0448 0.0307 0.0211 0.0144 0.0099 0.0068 0.0047 0.0032 0.0022 0.0015 0.0010 0.0007 0.0005 0.0003 0.0002 0.0002 0.0001 0.0001 0.0001 0.0000 1.0000 1.0000 1.0000 1.0000 1.0000 1.0000 1.0000 1.0000 1.0000 1.0000 1.0000 1.0000 0.7391 0.5052 0.3454 0.2379
0.1971 0.2861 0.4185 0.6111 0.8939 1.0000 1.0000 1.0000 1.0000 1.0000 1.0000 1.0000 1.0000 1.0000 1.0000 1.0000 0.0000 0.0000 0.0001 0.0001 0.0001 0.0002 0.0003 0.0004 0.0006 0.0008 0.0012 0.0018 0.0026 0.0038 0.0056 0.0082 0.0119 0.0174 0.0253 0.0369 0.0539 0.0785 0.1144 0.1664 0.2425 0.3534 0.5130 0.7447 1.0000 1.0000 1.0000 1.0000 1.0000 1.0000 1.0000 1.0000 1.0000 1.0000 1.0000 1.0000 1.0000 0.7447 0.5130 0.3534 0.2425 0.1664 0.1144 0.0785 0.0539 0.0369 0.0253 0.0174 0.0119 0.0082 0.0056 0.0038 0.0026 0.0018 0.0012 0.0008 0.0006 0.0004 0.0003 0.0002 0.0001 0.0001 0.0001 0.0000 0.0000 1.0000 1.0000 1.0000 1.0000 1.0000 1.0000 1.0000 1.0000 1.0000 1.0000 1.0000 0.8939 0.6111 0.4185 0.2861 0.1971
0.1507 0.2184 0.3189 0.4656 0.6810 0.9943 1.0000 1.0000 1.0000 1.0000 1.0000 1.0000 1.0000 1.0000 1.0000 1.0000 1.0000 0.0000 0.0000 0.0001 0.0001 0.0001 0.0002 0.0003 0.0004 0.0006 0.0009 0.0014 0.0020 0.0029 0.0043 0.0062 0.0090 0.0132 0.0193 0.0281 0.0409 0.0596 0.0868 0.1265 0.1840 0.2677 0.3893 0.5652 0.8174 1.0000 1.0000 1.0000 1.0000 1.0000 1.0000 1.0000 1.0000 1.0000 1.0000 1.0000 0.8174 0.5652 0.3893 0.2677 0.1840 0.1263 0.0868 0.0596 0.0409 0.0281 0.0192 0.0132 0.0090 0.0062 0.0043 0.0029 0.0020 0.0014 0.0009 0.0006 0.0004 0.0003 0.0002 0.0001 0.0001 0.0001 0.0000 0.0000 1.0000 1.0000 1.0000 1.0000 1.0000 1.0000 1.0000 1.0000 1.0000 1.0000 1.0000 0.9943 0.6810 0.4656 0.3189 0.2184 0.1507
0.1097 0.1590 0.2321 0.3389 0.4948 0.7224 1.0000 1.0000 1.0000 1.0000 1.0000 1.0000 1.0000 1.0000 1.0000 1.0000 1.0000 1.0000 0.0000 0.0000 0.0001 0.0001 0.0002 0.0002 0.0003 0.0005 0.0007 0.0010 0.0014 0.0021 0.0031 0.0045 0.0066 0.0096 0.0139 0.0203 0.0296 0.0431 0.0628 0.0916 0.1332 0.1937 0.2818 0.4091 0.5916 0.8491 1.0000 1.0000 1.0000 1.0000 1.0000 1.0000 1.0000 1.0000 1.0000 0.8491 0.5916 0.4091 0.2818 0.1937 0.1332 0.0916 0.0628 0.0431 0.0296 0.0203 0.0139 0.0096 0.0066 0.0045 0.0031 0.0021 0.0014 0.0010 0.0007 0.0005 0.0003 0.0002 0.0002 0.0001 0.0001 0.0000 0.0000 1.0000 1.0000 1.0000 1.0000 1.0000 1.0000 1.0000 1.0000 1.0000 1.0000 1.0000 1.0000 0.7224 0.4948 0.3389 0.2321 0.1590 0.1097
0.0778 0.1127 0.1645 0.2402 0.3507 0.5110 0.7461 1.0000 1.0000 1.0000 1.0000 1.0000 1.0000 1.0000 1.0000 1.0000 1.0000 1.0000 1.0000 0.0000 0.0001 0.0001 0.0001 0.0002 0.0002 0.0003 0.0005 0.0007 0.0010 0.0015 0.0022 0.0032 0.0046 0.0068 0.0099 0.0144 0.0209 0.0305 0.0444 0.0647 0.0940 0.1368 0.1990 0.2883 0.4169 0.5995 0.8491 1.0000 1.0000 1.0000 1.0000 1.0000 1.0000 1.0000 0.8491 0.5995 0.4169 0.2883 0.1990 0.1368 0.0940 0.0647 0.0444 0.0305 0.0209 0.0144 0.0099 0.0068 0.0046 0.0032 0.0022 0.0015 0.0010 0.0007 0.0005 0.0003 0.0002 0.0002 0.0001 0.0001 0.0001 0.0000 1.0000 1.0000 1.0000 1.0000 1.0000 1.0000 1.0000 1.0000 1.0000 1.0000 1.0000 1.0000 0.7461 0.5110 0.3507 0.2402 0.1645 0.1127 0.0778
