0.3114 0.3412 0.3741 0.4089 0.4437 0.4749 0.4966 0.5061 0.5065 0.5004 0.4887 0.4716 0.4489 0.4202 0.3849 0.3427 0.2939 0.2418 0.1949 0.1667 0.1529 0.1447 0.1395 0.1361 0.1342 0.1336 0.1342 0.1360 0.1390 0.1433 0.1488 0.1558 0.1643 0.1744 0.1864 0.2003 0.2164 0.2350 0.2561 0.2801 0.3070 0.3370 0.3696 0.4040 0.4384 0.4693 0.4920 0.5035 0.5071 0.5070 0.5065 0.5070 0.5071 0.5035 0.4920 0.4694 0.4384 0.4040 0.3696 0.3370 0.3070 0.2801 0.2561 0.2349 0.2164 0.2003 0.1864 0.1744 0.1643 0.1558 0.1488 0.1433 0.1390 0.1360 0.1342 0.1336 0.1342 0.1361 0.1395 0.1447 0.1529 0.1667 0.1949 0.2418 0.2940 0.3427 0.3849 0.4202 0.4489 0.4716 0.4887 0.5004 0.5065 0.5061 0.4966 0.4749 0.4437 0.4089 0.3741 0.3412 0.3114
0.3412 0.3734 0.4078 0.4419 0.4721 0.4929 0.5019 0.5021 0.4959 0.4842 0.4673 0.4448 0.4163 0.3813 0.3396 0.2914 0.2398 0.1937 0.1661 0.1525 0.1446 0.1394 0.1361 0.1343 0.1338 0.1344 0.1363 0.1393 0.1436 0.1492 0.1562 0.1648 0.1749 0.1869 0.2009 0.2170 0.2355 0.2566 0.2805 0.3073 0.3370 0.3694 0.4034 0.4374 0.4679 0.4898 0.5005 0.5028 0.5007 0.4974 0.4958 0.4974 0.5007 0.5028 0.5005 0.4899 0.4679 0.4374 0.4034 0.3694 0.3370 0.3073 0.2805 0.2566 0.2355 0.2170 0.2009 0.1869 0.1749 0.1648 0.1562 0.1492 0.1436 0.1393 0.1363 0.1344 0.1338 0.1343 0.1361 0.1394 0.1446 0.1525 0.1661 0.1937 0.2398 0.2914 0.3396 0.3814 0.4163 0.4448 0.4673 0.4842 0.4959 0.5021 0.5019 0.4929 0.4721 0.4419 0.4078 0.3734 0.3412
0.3741 0.4078 0.4421 0.4724 0.4931 0.5019 0.5020 0.4957 0.4840 0.4669 0.4443 0.4158 0.3807 0.3388 0.2905 0.2389 0.1930 0.1657 0.1523 0.1444 0.1393 0.1361 0.1343 0.1338 0.1345 0.1363 0.1394 0.1437 0.1493 0.1564 0.1649 0.1751 0.1871 0.2011 0.2173 0.2358 0.2570 0.2810 0.3078 0.3376 0.3700 0.4042 0.4383 0.4689 0.4908 0.5010 0.5027 0.4990 0.4925 0.4863 0.4836 0.4863 0.4925 0.4990 0.5027 0.5011 0.4908 0.4689 0.4383 0.4042 0.3700 0.3376 0.3078 0.2809 0.2570 0.2358 0.2173 0.2011 0.1871 0.1751 0.1649 0.1564 0.1493 0.1437 0.1394 0.1363 0.1345 0.1338 0.1343 0.1361 0.1393 0.1444 0.1523 0.1658 0.1930 0.2389 0.2905 0.3388 0.3807 0.4158 0.4443 0.4669 0.4840 0.4957 0.5020 0.5019 0.4931 0.4724 0.4421 0.4078 0.3741
0.4089 0.4419 0.4724 0.4931 0.5020 0.5020 0.4956 0.4838 0.4666 0.4440 0.4153 0.3801 0.3380 0.2897 0.2381 0.1924 0.1654 0.1522 0.1443 0.1392 0.1360 0.1343 0.1338 0.1345 0.1364 0.1395 0.1438 0.1494 0.1565 0.1651 0.1753 0.1874 0.2014 0.2176 0.2362 0.2574 0.2814 0.3083 0.3382 0.3706 0.4049 0.4391 0.4697 0.4914 0.5013 0.5025 0.4978 0.4891 0.4787 0.4697 0.4660 0.4697 0.4787 0.4891 0.4978 0.5025 0.5013 0.4914 0.4697 0.4391 0.4049 0.3706 0.3382 0.3083 0.2814 0.2574 0.2362 0.2176 0.2014 0.1874 0.1753 0.1651 0.1565 0.1494 0.1438 0.1395 0.1364 0.1345 0.1338 0.1343 0.1360 0.1393 0.1443 0.1522 0.1654 0.1924 0.2381 0.2897 0.3380 0.3801 0.4153 0.4440 0.4666 0.4838 0.4956 0.5020 0.5020 0.4931 0.4724 0.4419 0.4089
0.4437 0.4721 0.4931 0.5020 0.5020 0.4956 0.4837 0.4664 0.4436 0.4148 0.3795 0.3374 0.2889 0.2373 0.1918 0.1651 0.1520 0.1442 0.1392 0.1360 0.1342 0.1338 0.1345 0.1364 0.1395 0.1439 0.1496 0.1566 0.1653 0.1755 0.1876 0.2017 0.2179 0.2366 0.2578 0.2819 0.3088 0.3387 0.3713 0.4055 0.4397 0.4703 0.4918 0.5015 0.5024 0.4971 0.4871 0.4738 0.4593 0.4473 0.4425 0.4473 0.4593 0.4738 0.4871 0.4970 0.5024 0.5015 0.4918 0.4703 0.4397 0.4055 0.3712 0.3387 0.3088 0.2819 0.2578 0.2366 0.2179 0.2017 0.1876 0.1755 0.1653 0.1566 0.1496 0.1439 0.1395 0.1364 0.1345 0.1338 0.1342 0.1360 0.1392 0.1442 0.1520 0.1651 0.1918 0.2373 0.2889 0.3374 0.3795 0.4148 0.4436 0.4664 0.4837 0.4956 0.5020 0.5020 0.4931 0.4721 0.4437
0.4749 0.4929 0.5019 0.5020 0.4956 0.4836 0.4663 0.4434 0.4145 0.3791 0.3368 0.2882 0.2365 0.1912 0.1649 0.1518 0.1441 0.1391 0.1359 0.1342 0.1338 0.1345 0.1365 0.1396 0.1440 0.1497 0.1568 0.1654 0.1757 0.1878 0.2019 0.2182 0.2369 0.2582 0.2823 0.3094 0.3393 0.3719 0.4062 0.4403 0.4708 0.4921 0.5016 0.5023 0.4966 0.4859 0.4709 0.4528 0.4340 0.4188 0.4128 0.4188 0.4340 0.4528 0.4709 0.4859 0.4966 0.5023 0.5016 0.4921 0.4708 0.4403 0.4061 0.3718 0.3393 0.3093 0.2823 0.2582 0.2369 0.2182 0.2019 0.1878 0.1757 0.1654 0.1568 0.1497 0.1440 0.1396 0.1365 0.1345 0.1338 0.1342 0.1359 0.1391 0.1441 0.1518 0.1649 0.1912 0.2365 0.2882 0.3368 0.3791 0.4145 0.4434 0.4663 0.4836 0.4956 0.5020 0.5019 0.4929 0.4749
0.4966 0.5019 0.5020 0.4956 0.4837 0.4663 0.4433 0.4143 0.3788 0.3363 0.2876 0.2359 0.1907 0.1646 0.1517 0.1440 0.1391 0.1359 0.1342 0.1338 0.1345 0.1365 0.1397 0.1441 0.1498 0.1569 0.1656 0.1759 0.1881 0.2022 0.2185 0.2373 0.2586 0.2828 0.3099 0.3399 0.3725 0.4068 0.4409 0.4713 0.4924 0.5017 0.5022 0.4963 0.4851 0.4692 0.4490 0.4258 0.4023 0.3836 0.3763 0.3836 0.4023 0.4257 0.4490 0.4692 0.4851 0.4963 0.5022 0.5017 0.4924 0.4713 0.4409 0.4068 0.3724 0.3399 0.3099 0.2828 0.2586 0.2373 0.2185 0.2022 0.1881 0.1759 0.1656 0.1569 0.1498 0.1441 0.1397 0.1365 0.1345 0.1338 0.1342 0.1359 0.1391 0.1440 0.1517 0.1646 0.1907 0.2359 0.2876 0.3363 0.3788 0.4143 0.4433 0.4663 0.4837 0.4956 0.5020 0.5019 0.4966
0.5061 0.5021 0.4957 0.4838 0.4664 0.4434 0.4143 0.3787 0.3361 0.2872 0.2355 0.1904 0.1644 0.1516 0.1439 0.1390 0.1359 0.1342 0.1338 0.1346 0.1365 0.1397 0.1441 0.1499 0.1571 0.1658 0.1761 0.1883 0.2025 0.2189 0.2376 0.2590 0.2832 0.3104 0.3404 0.3731 0.4074 0.4415 0.4718 0.4927 0.5018 0.5021 0.4961 0.4846 0.4681 0.4468 0.4210 0.3922 0.3636 0.3413 0.3327 0.3413 0.3636 0.3922 0.4210 0.4468 0.4681 0.4846 0.4961 0.5021 0.5018 0.4927 0.4718 0.4415 0.4074 0.3731 0.3404 0.3104 0.2832 0.2590 0.2376 0.2188 0.2025 0.1883 0.1761 0.1658 0.1571 0.1499 0.1441 0.1397 0.1365 0.1346 0.1338 0.1342 0.1359 0.1390 0.1439 0.1516 0.1644 0.1904 0.2355 0.2872 0.3361 0.3787 0.4143 0.4434 0.4664 0.4838 0.4957 0.5021 0.5061
0.5065 0.4959 0.4840 0.4666 0.4436 0.4145 0.3788 0.3361 0.2871 0.2352 0.1901 0.1643 0.1515 0.1439 0.1389 0.1358 0.1342 0.1338 0.1346 0.1366 0.1398 0.1442 0.1500 0.1572 0.1659 0.1763 0.1885 0.2027 0.2192 0.2380 0.2594 0.2837 0.3109 0.3410 0.3737 0.4080 0.4421 0.4723 0.4930 0.5019 0.5021 0.4959 0.4842 0.4674 0.4454 0.4182 0.3864 0.3516 0.3179 0.2924 0.2827 0.2924 0.3179 0.3515 0.3864 0.4182 0.4454 0.4675 0.4842 0.4959 0.5021 0.5019 0.4929 0.4722 0.4421 0.4080 0.3737 0.3410 0.3109 0.2837 0.2594 0.2380 0.2192 0.2027 0.1885 0.1763 0.1659 0.1572 0.1500 0.1442 0.1398 0.1366 0.1346 0.1338 0.1342 0.1358 0.1389 0.1439 0.1515 0.1643 0.1901 0.2352 0.2871 0.3361 0.3788 0.4145 0.4436 0.4666 0.4840 0.4959 0.5065
0.5004 0.4842 0.4669 0.4440 0.4148 0.3791 0.3363 0.2872 0.2352 0.1901 0.1642 0.1514 0.1438 0.1389 0.1358 0.1342 0.1338 0.1346 0.1366 0.1398 0.1443 0.1501 0.1573 0.1661 0.1765 0.1887 0.2030 0.2195 0.2383 0.2598 0.2841 0.3114 0.3415 0.3743 0.4086 0.4427 0.4727 0.4932 0.5020 0.5020 0.4957 0.4839 0.4669 0.4446 0.4166 0.3830 0.3447 0.3040 0.2666 0.2399 0.2303 0.2399 0.2666 0.3040 0.3447 0.3830 0.4166 0.4446 0.4669 0.4839 0.4957 0.5020 0.5020 0.4932 0.4727 0.4427 0.4086 0.3743 0.3415 0.3114 0.2841 0.2598 0.2383 0.2194 0.2030 0.1887 0.1765 0.1661 0.1573 0.1501 0.1443 0.1398 0.1366 0.1346 0.1338 0.1342 0.1358 0.1389 0.1438 0.1514 0.1642 0.1901 0.2352 0.2872 0.3363 0.3791 0.4148 0.4440 0.4669 0.4842 0.5004
0.4887 0.4673 0.4443 0.4153 0.3795 0.3368 0.2876 0.2355 0.1901 0.1642 0.1514 0.1438 0.1389 0.1358 0.1341 0.1338 0.1346 0.1367 0.1399 0.1444 0.1502 0.1574 0.1662 0.1767 0.1889 0.2032 0.2197 0.2386 0.2602 0.2846 0.3119 0.3421 0.3748 0.4092 0.4433 0.4732 0.4935 0.5020 0.5019 0.4955 0.4837 0.4665 0.4439 0.4155 0.3810 0.3407 0.2962 0.2518 0.2152 0.1933 0.1865 0.1933 0.2152 0.2519 0.2962 0.3407 0.3810 0.4155 0.4439 0.4665 0.4837 0.4955 0.5019 0.5020 0.4935 0.4732 0.4433 0.4092 0.3748 0.3421 0.3119 0.2846 0.2602 0.2386 0.2197 0.2032 0.1889 0.1767 0.1662 0.1574 0.1502 0.1444 0.1399 0.1367 0.1346 0.1338 0.1341 0.1358 0.1389 0.1438 0.1514 0.1642 0.1901 0.2355 0.2876 0.3368 0.3795 0.4153 0.4443 0.4673 0.4887
0.4716 0.4448 0.4158 0.3801 0.3374 0.2882 0.2359 0.1904 0.1643 0.1514 0.1438 0.1389 0.1358 0.1341 0.1338 0.1346 0.1367 0.1399 0.1444 0.1503 0.1575 0.1664 0.1768 0.1891 0.2035 0.2200 0.2390 0.2606 0.2850 0.3123 0.3426 0.3754 0.4098 0.4438 0.4736 0.4937 0.5021 0.5019 0.4953 0.4834 0.4661 0.4433 0.4146 0.3797 0.3383 0.2918 0.2438 0.2025 0.1770 0.1656 0.1624 0.1656 0.1770 0.2025 0.2438 0.2918 0.3384 0.3797 0.4146 0.4433 0.4661 0.4834 0.4954 0.5019 0.5021 0.4937 0.4736 0.4438 0.4098 0.3754 0.3426 0.3123 0.2850 0.2605 0.2389 0.2200 0.2035 0.1891 0.1768 0.1663 0.1575 0.1503 0.1444 0.1399 0.1367 0.1346 0.1338 0.1341 0.1358 0.1389 0.1438 0.1514 0.1643 0.1904 0.2359 0.2882 0.3374 0.3801 0.4158 0.4448 0.4716
0.4489 0.4163 0.3807 0.3380 0.2889 0.2365 0.1907 0.1644 0.1515 0.1438 0.1389 0.1358 0.1341 0.1338 0.1346 0.1367 0.1400 0.1445 0.1504 0.1576 0.1665 0.1770 0.1893 0.2037 0.2203 0.2393 0.2609 0.2854 0.3128 0.3431 0.3759 0.4103 0.4443 0.4741 0.4939 0.5022 0.5018 0.4952 0.4831 0.4658 0.4428 0.4140 0.3787 0.3368 0.2891 0.2393 0.1961 0.1701 0.1579 0.1521 0.1503 0.1521 0.1579 0.1701 0.1961 0.2393 0.2891 0.3368 0.3787 0.4140 0.4428 0.4658 0.4831 0.4952 0.5018 0.5022 0.4939 0.4740 0.4443 0.4103 0.3759 0.3431 0.3128 0.2854 0.2609 0.2393 0.2203 0.2037 0.1893 0.1770 0.1665 0.1576 0.1504 0.1445 0.1400 0.1367 0.1346 0.1338 0.1341 0.1358 0.1389 0.1438 0.1515 0.1644 0.1907 0.2365 0.2889 0.3380 0.3807 0.4163 0.4489
0.4202 0.3814 0.3388 0.2897 0.2373 0.1912 0.1646 0.1516 0.1439 0.1389 0.1358 0.1341 0.1338 0.1346 0.1367 0.1400 0.1445 0.1504 0.1577 0.1666 0.1771 0.1895 0.2039 0.2205 0.2396 0.2613 0.2858 0.3132 0.3436 0.3764 0.4109 0.4449 0.4744 0.4942 0.5022 0.5017 0.4950 0.4829 0.4654 0.4424 0.4134 0.3778 0.3356 0.2874 0.2367 0.1927 0.1669 0.1544 0.1477 0.1442 0.1430 0.1442 0.1477 0.1544 0.1669 0.1927 0.2367 0.2874 0.3356 0.3778 0.4134 0.4424 0.4654 0.4829 0.4950 0.5017 0.5022 0.4941 0.4744 0.4448 0.4109 0.3764 0.3436 0.3132 0.2858 0.2612 0.2396 0.2205 0.2039 0.1895 0.1771 0.1666 0.1577 0.1504 0.1445 0.1400 0.1367 0.1346 0.1338 0.1341 0.1358 0.1389 0.1439 0.1516 0.1646 0.1912 0.2373 0.2897 0.3388 0.3814 0.4202
0.3849 0.3396 0.2905 0.2381 0.1918 0.1649 0.1517 0.1439 0.1389 0.1358 0.1341 0.1338 0.1346 0.1367 0.1400 0.1445 0.1504 0.1578 0.1667 0.1772 0.1897 0.2041 0.2208 0.2399 0.2616 0.2862 0.3137 0.3441 0.3770 0.4114 0.4454 0.4748 0.4944 0.5023 0.5017 0.4949 0.4827 0.4651 0.4420 0.4128 0.3771 0.3347 0.2861 0.2349 0.1907 0.1652 0.1528 0.1456 0.1414 0.1391 0.1383 0.1391 0.1414 0.1456 0.1528 0.1653 0.1907 0.2349 0.2861 0.3347 0.3771 0.4128 0.4420 0.4651 0.4827 0.4949 0.5017 0.5023 0.4944 0.4748 0.4453 0.4114 0.3770 0.3440 0.3137 0.2862 0.2616 0.2399 0.2208 0.2041 0.1897 0.1772 0.1667 0.1578 0.1504 0.1445 0.1400 0.1367 0.1346 0.1338 0.1341 0.1358 0.1389 0.1439 0.1517 0.1649 0.1918 0.2381 0.2905 0.3396 0.3849
0.3427 0.2914 0.2389 0.1924 0.1651 0.1518 0.1440 0.1390 0.1358 0.1342 0.1338 0.1346 0.1367 0.1400 0.1445 0.1505 0.1578 0.1667 0.1773 0.1898 0.2042 0.2210 0.2401 0.2619 0.2865 0.3141 0.3445 0.3775 0.4119 0.4459 0.4752 0.4946 0.5023 0.5016 0.4947 0.4824 0.4648 0.4416 0.4123 0.3765 0.3338 0.2850 0.2336 0.1895 0.1643 0.1519 0.1446 0.1400 0.1373 0.1358 0.1354 0.1358 0.1373 0.1400 0.1446 0.1519 0.1643 0.1895 0.2337 0.2850 0.3339 0.3765 0.4123 0.4416 0.4648 0.4824 0.4947 0.5016 0.5023 0.4946 0.4752 0.4458 0.4119 0.3775 0.3445 0.3141 0.2865 0.2619 0.2401 0.2209 0.2042 0.1898 0.1773 0.1667 0.1578 0.1505 0.1445 0.1400 0.1367 0.1346 0.1338 0.1342 0.1358 0.1390 0.1440 0.1518 0.1651 0.1924 0.2389 0.2914 0.3427
0.2940 0.2398 0.1930 0.1654 0.1520 0.1441 0.1391 0.1359 0.1342 0.1338 0.1346 0.1367 0.1400 0.1445 0.1504 0.1578 0.1667 0.1773 0.1898 0.2043 0.2211 0.2403 0.2621 0.2868 0.3145 0.3450 0.3780 0.4125 0.4463 0.4756 0.4948 0.5023 0.5016 0.4946 0.4822 0.4645 0.4412 0.4118 0.3759 0.3331 0.2842 0.2327 0.1886 0.1637 0.1514 0.1441 0.1393 0.1364 0.1348 0.1341 0.1340 0.1341 0.1348 0.1364 0.1393 0.1441 0.1514 0.1638 0.1886 0.2327 0.2842 0.3331 0.3759 0.4118 0.4412 0.4645 0.4822 0.4946 0.5016 0.5023 0.4948 0.4756 0.4463 0.4125 0.3780 0.3450 0.3144 0.2868 0.2621 0.2403 0.2211 0.2043 0.1898 0.1773 0.1667 0.1578 0.1504 0.1445 0.1400 0.1367 0.1346 0.1338 0.1342 0.1359 0.1391 0.1441 0.1520 0.1654 0.1930 0.2398 0.2940
0.2418 0.1937 0.1658 0.1522 0.1442 0.1391 0.1359 0.1342 0.1338 0.1346 0.1367 0.1399 0.1445 0.1504 0.1578 0.1667 0.1773 0.1899 0.2044 0.2212 0.2404 0.2623 0.2870 0.3147 0.3453 0.3784 0.4129 0.4468 0.4760 0.4950 0.5024 0.5015 0.4944 0.4820 0.4641 0.4407 0.4113 0.3753 0.3324 0.2834 0.2318 0.1880 0.1633 0.1511 0.1437 0.1390 0.1360 0.1344 0.1338 0.1337 0.1338 0.1337 0.1338 0.1344 0.1360 0.1390 0.1437 0.1511 0.1634 0.1880 0.2318 0.2834 0.3324 0.3753 0.4113 0.4408 0.4642 0.4820 0.4944 0.5015 0.5024 0.4950 0.4760 0.4468 0.4129 0.3784 0.3453 0.3147 0.2870 0.2623 0.2404 0.2212 0.2044 0.1899 0.1773 0.1667 0.1578 0.1504 0.1445 0.1399 0.1367 0.1346 0.1338 0.1342 0.1359 0.1391 0.1442 0.1522 0.1658 0.1937 0.2418
0.1949 0.1661 0.1523 0.1443 0.1392 0.1359 0.1342 0.1338 0.1346 0.1366 0.1399 0.1444 0.1504 0.1577 0.1667 0.1773 0.1898 0.2044 0.2212 0.2405 0.2624 0.2872 0.3150 0.3456 0.3787 0.4133 0.4472 0.4763 0.4951 0.5024 0.5014 0.4943 0.4817 0.4638 0.4403 0.4108 0.3747 0.3317 0.2826 0.2311 0.1874 0.1630 0.1509 0.1435 0.1388 0.1358 0.1342 0.1337 0.1340 0.1346 0.1349 0.1346 0.1340 0.1337 0.1342 0.1358 0.1388 0.1436 0.1509 0.1630 0.1874 0.2311 0.2826 0.3317 0.3747 0.4108 0.4404 0.4638 0.4817 0.4943 0.5014 0.5024 0.4951 0.4763 0.4472 0.4133 0.3787 0.3456 0.3150 0.2872 0.2624 0.2405 0.2212 0.2044 0.1898 0.1773 0.1667 0.1577 0.1504 0.1444 0.1399 0.1366 0.1346 0.1338 0.1342 0.1359 0.1392 0.1443 0.1523 0.1661 0.1949
0.1667 0.1525 0.1444 0.1393 0.1360 0.1342 0.1338 0.1346 0.1366 0.1398 0.1444 0.1503 0.1576 0.1666 0.1772 0.1898 0.2043 0.2212 0.2405 0.2625 0.2873 0.3151 0.3458 0.3790 0.4136 0.4475 0.4766 0.4953 0.5025 0.5014 0.4941 0.4815 0.4635 0.4399 0.4103 0.3741 0.3310 0.2818 0.2303 0.1869 0.1628 0.1507 0.1434 0.1387 0.1357 0.1342 0.1338 0.1343 0.1355 0.1367 0.1372 0.1367 0.1355 0.1343 0.1338 0.1342 0.1357 0.1387 0.1434 0.1507 0.1628 0.1869 0.2303 0.2818 0.3310 0.3741 0.4103 0.4400 0.4635 0.4815 0.4941 0.5014 0.5025 0.4953 0.4766 0.4475 0.4136 0.3790 0.3458 0.3151 0.2873 0.2625 0.2405 0.2212 0.2043 0.1898 0.1772 0.1666 0.1576 0.1503 0.1444 0.1398 0.1366 0.1346 0.1338 0.1342 0.1360 0.1393 0.1444 0.1525 0.1667
0.1529 0.1446 0.1393 0.1360 0.1342 0.1338 0.1345 0.1365 0.1398 0.1443 0.1502 0.1575 0.1665 0.1771 0.1897 0.2042 0.2211 0.2404 0.2624 0.2873 0.3151 0.3459 0.3791 0.4138 0.4477 0.4768 0.4954 0.5025 0.5013 0.4940 0.4813 0.4632 0.4395 0.4098 0.3735 0.3303 0.2810 0.2295 0.1863 0.1625 0.1506 0.1433 0.1386 0.1356 0.1341 0.1338 0.1345 0.1361 0.1382 0.1400 0.1407 0.1400 0.1382 0.1361 0.1345 0.1338 0.1341 0.1356 0.1386 0.1433 0.1506 0.1625 0.1864 0.2295 0.2810 0.3303 0.3735 0.4098 0.4395 0.4632 0.4813 0.4940 0.5013 0.5025 0.4954 0.4768 0.4477 0.4138 0.3791 0.3459 0.3151 0.2873 0.2624 0.2404 0.2211 0.2042 0.1897 0.1771 0.1665 0.1575 0.1502 0.1443 0.1398 0.1365 0.1345 0.1338 0.1342 0.1360 0.1393 0.1446 0.1529
0.1447 0.1394 0.1361 0.1343 0.1338 0.1345 0.1365 0.1397 0.1442 0.1501 0.1574 0.1663 0.1770 0.1895 0.2041 0.2209 0.2403 0.2623 0.2872 0.3151 0.3459 0.3792 0.4139 0.4479 0.4769 0.4955 0.5025 0.5013 0.4939 0.4811 0.4629 0.4392 0.4093 0.3729 0.3295 0.2802 0.2288 0.1858 0.1623 0.1504 0.1432 0.1385 0.1356 0.1341 0.1338 0.1346 0.1365 0.1392 0.1421 0.1446 0.1456 0.1446 0.1421 0.1392 0.1365 0.1346 0.1338 0.1341 0.1356 0.1385 0.1432 0.1504 0.1623 0.1858 0.2288 0.2802 0.3296 0.3729 0.4093 0.4392 0.4629 0.4811 0.4939 0.5013 0.5025 0.4955 0.4769 0.4479 0.4139 0.3792 0.3459 0.3151 0.2872 0.2623 0.2403 0.2209 0.2041 0.1895 0.1770 0.1663 0.1574 0.1501 0.1442 0.1397 0.1365 0.1345 0.1338 0.1343 0.1361 0.1394 0.1447
0.1395 0.1361 0.1343 0.1338 0.1345 0.1365 0.1397 0.1441 0.1500 0.1573 0.1662 0.1768 0.1893 0.2039 0.2208 0.2401 0.2621 0.2870 0.3150 0.3458 0.3791 0.4139 0.4480 0.4770 0.4955 0.5025 0.5012 0.4938 0.4810 0.4627 0.4388 0.4089 0.3723 0.3288 0.2794 0.2280 0.1853 0.1620 0.1503 0.1431 0.1385 0.1356 0.1341 0.1338 0.1347 0.1367 0.1397 0.1435 0.1474 0.1506 0.1519 0.1506 0.1474 0.1435 0.1397 0.1367 0.1347 0.1338 0.1341 0.1356 0.1385 0.1431 0.1503 0.1620 0.1853 0.2280 0.2794 0.3289 0.3723 0.4089 0.4388 0.4627 0.4810 0.4938 0.5013 0.5025 0.4955 0.4770 0.4480 0.4139 0.3791 0.3458 0.3150 0.2870 0.2621 0.2401 0.2208 0.2039 0.1893 0.1768 0.1662 0.1573 0.1500 0.1441 0.1397 0.1365 0.1345 0.1338 0.1343 0.1361 0.1395
0.1361 0.1343 0.1338 0.1345 0.1364 0.1396 0.1441 0.1499 0.1572 0.1661 0.1767 0.1891 0.2037 0.2205 0.2399 0.2619 0.2868 0.3147 0.3456 0.3790 0.4138 0.4479 0.4770 0.4956 0.5025 0.5012 0.4938 0.4809 0.4626 0.4386 0.4085 0.3718 0.3282 0.2787 0.2273 0.1848 0.1618 0.1501 0.1430 0.1384 0.1355 0.1340 0.1338 0.1348 0.1369 0.1401 0.1442 0.1491 0.1541 0.1581 0.1596 0.1581 0.1541 0.1491 0.1442 0.1401 0.1369 0.1348 0.1338 0.1340 0.1355 0.1384 0.1430 0.1501 0.1618 0.1848 0.2273 0.2787 0.3283 0.3718 0.4085 0.4386 0.4626 0.4809 0.4938 0.5012 0.5025 0.4956 0.4770 0.4479 0.4138 0.3790 0.3456 0.3147 0.2868 0.2619 0.2399 0.2205 0.2037 0.1891 0.1767 0.1661 0.1572 0.1499 0.1441 0.1396 0.1364 0.1345 0.1338 0.1343 0.1361
0.1342 0.1338 0.1345 0.1364 0.1395 0.1440 0.1498 0.1571 0.1659 0.1765 0.1889 0.2035 0.2203 0.2396 0.2616 0.2865 0.3144 0.3453 0.3787 0.4136 0.4477 0.4769 0.4955 0.5025 0.5012 0.4937 0.4808 0.4624 0.4384 0.4083 0.3715 0.3278 0.2781 0.2266 0.1844 0.1616 0.1500 0.1429 0.1383 0.1355 0.1340 0.1338 0.1348 0.1370 0.1403 0.1447 0.1501 0.1563 0.1624 0.1672 0.1690 0.1672 0.1624 0.1563 0.1501 0.1447 0.1403 0.1370 0.1348 0.1338 0.1340 0.1355 0.1383 0.1429 0.1500 0.1616 0.1844 0.2267 0.2781 0.3278 0.3715 0.4083 0.4384 0.4624 0.4808 0.4937 0.5012 0.5025 0.4955 0.4769 0.4477 0.4136 0.3787 0.3453 0.3144 0.2865 0.2616 0.2396 0.2203 0.2035 0.1889 0.1765 0.1659 0.1571 0.1498 0.1440 0.1395 0.1364 0.1345 0.1338 0.1342
0.1336 0.1344 0.1363 0.1395 0.1439 0.1497 0.1569 0.1658 0.1763 0.1887 0.2032 0.2200 0.2393 0.2612 0.2862 0.3141 0.3450 0.3784 0.4133 0.4475 0.4768 0.4955 0.5025 0.5012 0.4937 0.4808 0.4624 0.4383 0.4081 0.3712 0.3274 0.2777 0.2261 0.1840 0.1614 0.1499 0.1429 0.1383 0.1355 0.1340 0.1338 0.1348 0.1370 0.1404 0.1449 0.1507 0.1575 0.1649 0.1723 0.1780 0.1802 0.1780 0.1723 0.1649 0.1575 0.1507 0.1449 0.1404 0.1370 0.1348 0.1338 0.1340 0.1355 0.1383 0.1429 0.1499 0.1614 0.1840 0.2262 0.2777 0.3274 0.3712 0.4081 0.4383 0.4624 0.4808 0.4937 0.5012 0.5025 0.4955 0.4768 0.4475 0.4133 0.3784 0.3450 0.3141 0.2862 0.2612 0.2393 0.2200 0.2032 0.1887 0.1763 0.1658 0.1569 0.1497 0.1439 0.1395 0.1363 0.1344 0.1336
0.1342 0.1363 0.1394 0.1438 0.1496 0.1568 0.1656 0.1761 0.1885 0.2030 0.2197 0.2389 0.2609 0.2858 0.3137 0.3445 0.3780 0.4129 0.4472 0.4766 0.4954 0.5025 0.5013 0.4938 0.4808 0.4624 0.4383 0.4080 0.3711 0.3272 0.2773 0.2258 0.1837 0.1612 0.1498 0.1428 0.1382 0.1354 0.1340 0.1338 0.1349 0.1371 0.1405 0.1451 0.1510 0.1582 0.1664 0.1753 0.1840 0.1907 0.1933 0.1907 0.1840 0.1753 0.1664 0.1582 0.1510 0.1451 0.1405 0.1371 0.1349 0.1338 0.1340 0.1354 0.1382 0.1428 0.1498 0.1612 0.1837 0.2258 0.2773 0.3272 0.3711 0.4080 0.4383 0.4624 0.4808 0.4938 0.5013 0.5025 0.4954 0.4766 0.4472 0.4129 0.3780 0.3445 0.3137 0.2858 0.2609 0.2389 0.2197 0.2030 0.1885 0.1761 0.1656 0.1568 0.1496 0.1438 0.1394 0.1363 0.1342
0.1360 0.1393 0.1437 0.1494 0.1566 0.1654 0.1759 0.1883 0.2027 0.2194 0.2386 0.2605 0.2854 0.3132 0.3440 0.3775 0.4125 0.4468 0.4763 0.4953 0.5025 0.5013 0.4938 0.4809 0.4624 0.4383 0.4080 0.3710 0.3270 0.2771 0.2255 0.1835 0.1611 0.1497 0.1427 0.1382 0.1354 0.1340 0.1338 0.1349 0.1371 0.1406 0.1452 0.1512 0.1586 0.1672 0.1771 0.1876 0.1977 0.2055 0.2085 0.2055 0.1977 0.1876 0.1771 0.1672 0.1586 0.1512 0.1452 0.1406 0.1371 0.1349 0.1338 0.1340 0.1354 0.1382 0.1427 0.1497 0.1611 0.1835 0.2255 0.2771 0.3270 0.3710 0.4080 0.4383 0.4624 0.4809 0.4938 0.5013 0.5025 0.4953 0.4763 0.4468 0.4125 0.3775 0.3440 0.3132 0.2854 0.2605 0.2386 0.2194 0.2027 0.1883 0.1759 0.1654 0.1566 0.1494 0.1437 0.1393 0.1360
0.1390 0.1436 0.1493 0.1565 0.1653 0.1757 0.1881 0.2025 0.2192 0.2383 0.2602 0.2850 0.3128 0.3436 0.3770 0.4119 0.4463 0.4760 0.4951 0.5025 0.5013 0.4939 0.4810 0.4626 0.4384 0.4081 0.3711 0.3270 0.2771 0.2254 0.1834 0.1610 0.1497 0.1427 0.1382 0.1354 0.1340 0.1339 0.1349 0.1372 0.1406 0.1453 0.1514 0.1588 0.1677 0.1780 0.1896 0.2019 0.2137 0.2227 0.2261 0.2227 0.2137 0.2019 0.1896 0.1780 0.1677 0.1588 0.1514 0.1453 0.1406 0.1372 0.1349 0.1339 0.1340 0.1354 0.1382 0.1427 0.1497 0.1610 0.1834 0.2254 0.2771 0.3270 0.3711 0.4081 0.4384 0.4626 0.4810 0.4939 0.5013 0.5025 0.4951 0.4760 0.4463 0.4119 0.3770 0.3436 0.3128 0.2850 0.2602 0.2383 0.2192 0.2025 0.1881 0.1757 0.1653 0.1565 0.1493 0.1436 0.1390
0.1433 0.1492 0.1564 0.1651 0.1755 0.1878 0.2022 0.2188 0.2380 0.2598 0.2846 0.3123 0.3431 0.3764 0.4114 0.4458 0.4756 0.4950 0.5024 0.5014 0.4940 0.4811 0.4627 0.4386 0.4083 0.3712 0.3272 0.2771 0.2254 0.1834 0.1610 0.1496 0.1427 0.1382 0.1354 0.1340 0.1339 0.1349 0.1372 0.1407 0.1454 0.1515 0.1590 0.1680 0.1786 0.1908 0.2043 0.2185 0.2320 0.2423 0.2463 0.2423 0.2320 0.2185 0.2043 0.1908 0.1786 0.1680 0.1590 0.1515 0.1454 0.1407 0.1372 0.1349 0.1339 0.1340 0.1354 0.1382 0.1427 0.1496 0.1610 0.1834 0.2254 0.2771 0.3272 0.3712 0.4083 0.4386 0.4627 0.4811 0.4940 0.5014 0.5024 0.4950 0.4756 0.4458 0.4114 0.3764 0.3431 0.3123 0.2846 0.2598 0.2380 0.2188 0.2022 0.1878 0.1755 0.1651 0.1564 0.1492 0.1433
0.1488 0.1562 0.1649 0.1753 0.1876 0.2019 0.2185 0.2376 0.2594 0.2841 0.3119 0.3426 0.3759 0.4109 0.4453 0.4752 0.4948 0.5024 0.5014 0.4941 0.4813 0.4629 0.4388 0.4085 0.3715 0.3274 0.2773 0.2255 0.1834 0.1610 0.1496 0.1427 0.1381 0.1354 0.1340 0.1339 0.1349 0.1372 0.1407 0.1455 0.1516 0.1591 0.1682 0.1790 0.1914 0.2056 0.2212 0.2376 0.2530 0.2648 0.2693 0.2648 0.2530 0.2376 0.2212 0.2056 0.1914 0.1790 0.1682 0.1591 0.1516 0.1455 0.1407 0.1372 0.1349 0.1339 0.1340 0.1354 0.1381 0.1427 0.1496 0.1610 0.1834 0.2255 0.2773 0.3274 0.3715 0.4085 0.4388 0.4629 0.4813 0.4941 0.5014 0.5024 0.4948 0.4752 0.4453 0.4109 0.3759 0.3426 0.3119 0.2841 0.2594 0.2376 0.2185 0.2019 0.1876 0.1753 0.1649 0.1562 0.1488
0.1558 0.1648 0.1751 0.1874 0.2017 0.2182 0.2373 0.2590 0.2837 0.3114 0.3421 0.3754 0.4103 0.4448 0.4748 0.4946 0.5023 0.5015 0.4943 0.4815 0.4632 0.4392 0.4089 0.3718 0.3278 0.2777 0.2258 0.1835 0.1610 0.1496 0.1427 0.1381 0.1353 0.1340 0.1339 0.1350 0.1372 0.1408 0.1455 0.1517 0.1593 0.1684 0.1792 0.1918 0.2063 0.2227 0.2406 0.2593 0.2769 0.2902 0.2953 0.2902 0.2769 0.2593 0.2406 0.2227 0.2063 0.1918 0.1792 0.1684 0.1593 0.1517 0.1455 0.1408 0.1372 0.1350 0.1339 0.1340 0.1353 0.1381 0.1427 0.1496 0.1610 0.1835 0.2258 0.2777 0.3278 0.3718 0.4089 0.4392 0.4632 0.4815 0.4943 0.5015 0.5023 0.4946 0.4748 0.4448 0.4103 0.3754 0.3421 0.3114 0.2837 0.2590 0.2373 0.2182 0.2017 0.1874 0.1751 0.1648 0.1558
0.1643 0.1749 0.1871 0.2014 0.2179 0.2369 0.2586 0.2832 0.3109 0.3415 0.3748 0.4098 0.4443 0.4744 0.4944 0.5023 0.5016 0.4944 0.4817 0.4635 0.4395 0.4093 0.3723 0.3283 0.2781 0.2262 0.1837 0.1611 0.1497 0.1427 0.1381 0.1353 0.1340 0.1339 0.1350 0.1373 0.1408 0.1456 0.1517 0.1593 0.1685 0.1794 0.1921 0.2068 0.2235 0.2423 0.2628 0.2840 0.3038 0.3186 0.3243 0.3186 0.3038 0.2840 0.2628 0.2423 0.2235 0.2068 0.1921 0.1794 0.1685 0.1593 0.1517 0.1456 0.1408 0.1373 0.1350 0.1339 0.1340 0.1353 0.1381 0.1427 0.1497 0.1611 0.1837 0.2262 0.2781 0.3283 0.3723 0.4093 0.4395 0.4635 0.4817 0.4944 0.5016 0.5023 0.4944 0.4744 0.4443 0.4098 0.3748 0.3415 0.3109 0.2832 0.2586 0.2369 0.2179 0.2014 0.1871 0.1749 0.1643
0.1744 0.1869 0.2011 0.2176 0.2366 0.2582 0.2828 0.3104 0.3410 0.3743 0.4092 0.4438 0.4740 0.4941 0.5023 0.5016 0.4946 0.4820 0.4638 0.4400 0.4098 0.3729 0.3289 0.2787 0.2267 0.1840 0.1612 0.1497 0.1427 0.1382 0.1354 0.1340 0.1339 0.1350 0.1373 0.1408 0.1456 0.1518 0.1594 0.1686 0.1795 0.1923 0.2071 0.2241 0.2433 0.2647 0.2879 0.3117 0.3336 0.3500 0.3562 0.3500 0.3336 0.3116 0.2879 0.2647 0.2433 0.2241 0.2071 0.1923 0.1795 0.1686 0.1594 0.1518 0.1456 0.1408 0.1373 0.1350 0.1339 0.1340 0.1354 0.1382 0.1427 0.1497 0.1612 0.1840 0.2267 0.2787 0.3289 0.3729 0.4098 0.4400 0.4638 0.4820 0.4946 0.5016 0.5023 0.4941 0.4740 0.4438 0.4092 0.3743 0.3410 0.3104 0.2828 0.2582 0.2366 0.2176 0.2011 0.1869 0.1744
0.1864 0.2009 0.2173 0.2362 0.2578 0.2823 0.3099 0.3404 0.3737 0.4086 0.4433 0.4736 0.4939 0.5022 0.5017 0.4947 0.4822 0.4642 0.4404 0.4103 0.3735 0.3296 0.2794 0.2273 0.1844 0.1614 0.1498 0.1427 0.1382 0.1354 0.1340 0.1339 0.1350 0.1373 0.1408 0.1456 0.1518 0.1594 0.1687 0.1796 0.1924 0.2073 0.2244 0.2439 0.2658 0.2900 0.3160 0.3423 0.3663 0.3839 0.3905 0.3839 0.3663 0.3423 0.3160 0.2900 0.2658 0.2439 0.2244 0.2073 0.1924 0.1796 0.1687 0.1594 0.1518 0.1456 0.1408 0.1373 0.1350 0.1339 0.1340 0.1354 0.1382 0.1427 0.1498 0.1614 0.1844 0.2273 0.2794 0.3296 0.3735 0.4103 0.4404 0.4642 0.4822 0.4947 0.5017 0.5022 0.4939 0.4736 0.4433 0.4086 0.3737 0.3404 0.3099 0.2823 0.2578 0.2362 0.2173 0.2009 0.1864
0.2003 0.2170 0.2358 0.2574 0.2819 0.3093 0.3399 0.3731 0.4080 0.4427 0.4732 0.4937 0.5022 0.5017 0.4949 0.4824 0.4645 0.4408 0.4108 0.3741 0.3303 0.2802 0.2280 0.1848 0.1616 0.1499 0.1428 0.1382 0.1354 0.1340 0.1339 0.1350 0.1373 0.1408 0.1456 0.1518 0.1595 0.1687 0.1797 0.1925 0.2075 0.2246 0.2443 0.2664 0.2912 0.3183 0.3470 0.3756 0.4010 0.4190 0.4256 0.4190 0.4010 0.3756 0.3470 0.3183 0.2912 0.2664 0.2443 0.2246 0.2075 0.1925 0.1797 0.1687 0.1595 0.1518 0.1456 0.1408 0.1373 0.1350 0.1339 0.1340 0.1354 0.1382 0.1428 0.1499 0.1616 0.1848 0.2280 0.2802 0.3303 0.3741 0.4108 0.4408 0.4645 0.4824 0.4949 0.5017 0.5022 0.4937 0.4732 0.4427 0.4080 0.3731 0.3399 0.3093 0.2819 0.2574 0.2358 0.2170 0.2003
0.2164 0.2355 0.2570 0.2814 0.3088 0.3393 0.3724 0.4074 0.4421 0.4727 0.4935 0.5021 0.5018 0.4950 0.4827 0.4648 0.4412 0.4113 0.3747 0.3310 0.2810 0.2288 0.1853 0.1618 0.1500 0.1429 0.1382 0.1354 0.1340 0.1339 0.1349 0.1372 0.1408 0.1456 0.1518 0.1595 0.1687 0.1797 0.1926 0.2076 0.2248 0.2445 0.2668 0.2919 0.3197 0.3496 0.3806 0.4105 0.4359 0.4529 0.4588 0.4529 0.4359 0.4105 0.3806 0.3496 0.3196 0.2919 0.2668 0.2445 0.2248 0.2076 0.1926 0.1797 0.1687 0.1595 0.1518 0.1456 0.1408 0.1372 0.1349 0.1339 0.1340 0.1354 0.1382 0.1429 0.1500 0.1618 0.1853 0.2288 0.2810 0.3310 0.3747 0.4113 0.4412 0.4648 0.4827 0.4950 0.5018 0.5021 0.4935 0.4727 0.4421 0.4074 0.3724 0.3393 0.3088 0.2814 0.2570 0.2355 0.2164
0.2349 0.2566 0.2809 0.3083 0.3387 0.3718 0.4068 0.4415 0.4722 0.4932 0.5020 0.5019 0.4952 0.4829 0.4651 0.4416 0.4118 0.3753 0.3317 0.2818 0.2295 0.1858 0.1620 0.1501 0.1429 0.1383 0.1354 0.1340 0.1339 0.1349 0.1372 0.1408 0.1456 0.1518 0.1594 0.1687 0.1797 0.1926 0.2076 0.2249 0.2446 0.2671 0.2923 0.3204 0.3510 0.3833 0.4156 0.4450 0.4676 0.4809 0.4850 0.4809 0.4676 0.4450 0.4156 0.3833 0.3510 0.3204 0.2923 0.2671 0.2446 0.2249 0.2076 0.1926 0.1797 0.1687 0.1594 0.1518 0.1456 0.1408 0.1372 0.1349 0.1339 0.1340 0.1354 0.1383 0.1429 0.1501 0.1620 0.1858 0.2295 0.2818 0.3317 0.3753 0.4118 0.4416 0.4651 0.4829 0.4952 0.5019 0.5020 0.4932 0.4722 0.4415 0.4068 0.3718 0.3387 0.3083 0.2809 0.2566 0.2349
0.2561 0.2805 0.3078 0.3382 0.3712 0.4061 0.4409 0.4718 0.4929 0.5020 0.5019 0.4954 0.4831 0.4654 0.4420 0.4123 0.3759 0.3324 0.2826 0.2303 0.1864 0.1623 0.1503 0.1430 0.1383 0.1355 0.1340 0.1338 0.1349 0.1372 0.1407 0.1455 0.1517 0.1594 0.1687 0.1797 0.1926 0.2076 0.2249 0.2447 0.2672 0.2926 0.3208 0.3518 0.3847 0.4183 0.4497 0.4749 0.4905 0.4975 0.4993 0.4975 0.4905 0.4749 0.4497 0.4183 0.3847 0.3517 0.3208 0.2925 0.2672 0.2447 0.2249 0.2076 0.1926 0.1797 0.1687 0.1594 0.1517 0.1455 0.1407 0.1372 0.1349 0.1338 0.1340 0.1355 0.1383 0.1430 0.1503 0.1623 0.1864 0.2303 0.2826 0.3324 0.3759 0.4123 0.4420 0.4654 0.4831 0.4954 0.5019 0.5020 0.4929 0.4718 0.4409 0.4061 0.3712 0.3382 0.3078 0.2805 0.2561
0.2801 0.3073 0.3376 0.3706 0.4055 0.4403 0.4713 0.4927 0.5019 0.5020 0.4955 0.4834 0.4658 0.4424 0.4128 0.3765 0.3331 0.2834 0.2311 0.1869 0.1625 0.1504 0.1431 0.1384 0.1355 0.1340 0.1338 0.1349 0.1372 0.1407 0.1455 0.1517 0.1593 0.1686 0.1796 0.1925 0.2075 0.2249 0.2447 0.2672 0.2927 0.3210 0.3522 0.3855 0.4197 0.4521 0.4784 0.4945 0.5012 0.5028 0.5029 0.5028 0.5012 0.4945 0.4784 0.4521 0.4197 0.3855 0.3521 0.3210 0.2927 0.2672 0.2447 0.2249 0.2076 0.1925 0.1796 0.1686 0.1593 0.1517 0.1455 0.1407 0.1372 0.1349 0.1338 0.1340 0.1355 0.1384 0.1431 0.1504 0.1625 0.1869 0.2311 0.2834 0.3331 0.3765 0.4128 0.4424 0.4658 0.4834 0.4955 0.5020 0.5019 0.4927 0.4713 0.4403 0.4055 0.3706 0.3376 0.3073 0.2801
0.3070 0.3370 0.3700 0.4049 0.4397 0.4708 0.4924 0.5018 0.5021 0.4957 0.4837 0.4661 0.4428 0.4134 0.3771 0.3339 0.2842 0.2318 0.1874 0.1628 0.1506 0.1432 0.1385 0.1355 0.1340 0.1338 0.1349 0.1371 0.1406 0.1454 0.1516 0.1593 0.1685 0.1795 0.1924 0.2075 0.2248 0.2446 0.2672 0.2927 0.3211 0.3523 0.3859 0.4204 0.4533 0.4801 0.4963 0.5023 0.5024 0.5003 0.4991 0.5003 0.5024 0.5023 0.4963 0.4801 0.4533 0.4204 0.3859 0.3523 0.3211 0.2927 0.2672 0.2446 0.2248 0.2075 0.1924 0.1795 0.1685 0.1593 0.1516 0.1454 0.1406 0.1371 0.1349 0.1338 0.1340 0.1355 0.1385 0.1432 0.1506 0.1628 0.1874 0.2318 0.2842 0.3339 0.3771 0.4134 0.4428 0.4661 0.4837 0.4957 0.5021 0.5018 0.4924 0.4708 0.4397 0.4049 0.3700 0.3370 0.3070
0.3370 0.3694 0.4042 0.4391 0.4703 0.4921 0.5017 0.5021 0.4959 0.4839 0.4665 0.4433 0.4140 0.3778 0.3347 0.2850 0.2327 0.1880 0.1630 0.1507 0.1433 0.1385 0.1356 0.1340 0.1338 0.1348 0.1371 0.1406 0.1453 0.1515 0.1591 0.1684 0.1794 0.1923 0.2073 0.2246 0.2445 0.2671 0.2925 0.3210 0.3523 0.3860 0.4207 0.4538 0.4810 0.4971 0.5027 0.5015 0.4969 0.4917 0.4895 0.4917 0.4969 0.5015 0.5027 0.4971 0.4810 0.4538 0.4207 0.3860 0.3523 0.3210 0.2925 0.2671 0.2445 0.2246 0.2073 0.1923 0.1794 0.1684 0.1591 0.1515 0.1453 0.1406 0.1371 0.1348 0.1338 0.1340 0.1356 0.1385 0.1433 0.1507 0.1630 0.1880 0.2327 0.2850 0.3347 0.3778 0.4140 0.4433 0.4665 0.4839 0.4959 0.5021 0.5017 0.4921 0.4703 0.4391 0.4042 0.3694 0.3370
0.3696 0.4034 0.4383 0.4697 0.4918 0.5016 0.5022 0.4961 0.4842 0.4669 0.4439 0.4146 0.3787 0.3356 0.2861 0.2337 0.1886 0.1634 0.1509 0.1434 0.1386 0.1356 0.1341 0.1338 0.1348 0.1370 0.1405 0.1452 0.1514 0.1590 0.1682 0.1792 0.1921 0.2071 0.2244 0.2443 0.2668 0.2923 0.3208 0.3521 0.3859 0.4207 0.4540 0.4813 0.4974 0.5028 0.5009 0.4945 0.4857 0.4778 0.4745 0.4778 0.4857 0.4945 0.5009 0.5028 0.4974 0.4813 0.4540 0.4207 0.3859 0.3521 0.3208 0.2923 0.2668 0.2443 0.2244 0.2071 0.1921 0.1792 0.1682 0.1590 0.1514 0.1452 0.1405 0.1370 0.1348 0.1338 0.1341 0.1356 0.1386 0.1434 0.1509 0.1634 0.1886 0.2337 0.2861 0.3356 0.3787 0.4146 0.4439 0.4669 0.4842 0.4961 0.5022 0.5016 0.4918 0.4697 0.4383 0.4034 0.3696
0.4040 0.4374 0.4689 0.4914 0.5015 0.5023 0.4963 0.4846 0.4675 0.4446 0.4155 0.3797 0.3368 0.2874 0.2349 0.1895 0.1638 0.1511 0.1436 0.1387 0.1356 0.1341 0.1338 0.1348 0.1370 0.1404 0.1451 0.1512 0.1588 0.1680 0.1790 0.1918 0.2068 0.2241 0.2439 0.2664 0.2919 0.3204 0.3517 0.3855 0.4204 0.4538 0.4813 0.4975 0.5028 0.5006 0.4931 0.4820 0.4693 0.4585 0.4541 0.4585 0.4693 0.4820 0.4931 0.5006 0.5028 0.4975 0.4813 0.4538 0.4204 0.3855 0.3517 0.3204 0.2919 0.2664 0.2439 0.2241 0.2068 0.1918 0.1790 0.1680 0.1588 0.1512 0.1451 0.1404 0.1370 0.1348 0.1338 0.1341 0.1356 0.1387 0.1436 0.1511 0.1638 0.1895 0.2349 0.2874 0.3368 0.3797 0.4155 0.4446 0.4675 0.4846 0.4963 0.5023 0.5015 0.4914 0.4689 0.4374 0.4040
0.4384 0.4679 0.4908 0.5013 0.5024 0.4966 0.4851 0.4681 0.4454 0.4166 0.3810 0.3384 0.2891 0.2367 0.1907 0.1643 0.1514 0.1437 0.1388 0.1357 0.1341 0.1338 0.1347 0.1369 0.1403 0.1449 0.1510 0.1586 0.1677 0.1786 0.1914 0.2063 0.2235 0.2433 0.2658 0.2912 0.3196 0.3510 0.3847 0.4197 0.4533 0.4810 0.4974 0.5028 0.5005 0.4926 0.4801 0.4643 0.4475 0.4337 0.4282 0.4337 0.4475 0.4643 0.4801 0.4926 0.5005 0.5028 0.4974 0.4810 0.4533 0.4197 0.3847 0.3510 0.3196 0.2912 0.2658 0.2433 0.2235 0.2063 0.1914 0.1786 0.1677 0.1586 0.1510 0.1449 0.1403 0.1369 0.1347 0.1338 0.1341 0.1357 0.1388 0.1437 0.1514 0.1643 0.1907 0.2367 0.2891 0.3384 0.3810 0.4166 0.4454 0.4681 0.4851 0.4966 0.5024 0.5013 0.4908 0.4679 0.4384
0.4694 0.4899 0.5011 0.5025 0.4970 0.4859 0.4692 0.4468 0.4182 0.3830 0.3407 0.2918 0.2393 0.1927 0.1653 0.1519 0.1441 0.1390 0.1358 0.1342 0.1338 0.1346 0.1367 0.1401 0.1447 0.1507 0.1582 0.1672 0.1780 0.1908 0.2056 0.2227 0.2423 0.2647 0.2900 0.3183 0.3496 0.3833 0.4183 0.4521 0.4801 0.4971 0.5028 0.5006 0.4926 0.4796 0.4622 0.4416 0.4205 0.4034 0.3967 0.4034 0.4205 0.4416 0.4622 0.4796 0.4926 0.5006 0.5028 0.4971 0.4801 0.4521 0.4183 0.3833 0.3496 0.3183 0.2900 0.2647 0.2423 0.2227 0.2056 0.1908 0.1780 0.1672 0.1582 0.1507 0.1447 0.1401 0.1367 0.1346 0.1338 0.1342 0.1358 0.1390 0.1441 0.1519 0.1653 0.1927 0.2393 0.2918 0.3407 0.3830 0.4182 0.4468 0.4692 0.4859 0.4970 0.5025 0.5011 0.4899 0.4694
0.4920 0.5005 0.5027 0.4978 0.4871 0.4709 0.4490 0.4210 0.3864 0.3447 0.2962 0.2438 0.1961 0.1669 0.1528 0.1446 0.1393 0.1360 0.1342 0.1338 0.1345 0.1365 0.1397 0.1442 0.1501 0.1575 0.1664 0.1771 0.1896 0.2043 0.2212 0.2406 0.2628 0.2879 0.3160 0.3470 0.3806 0.4156 0.4497 0.4784 0.4963 0.5027 0.5009 0.4931 0.4801 0.4622 0.4398 0.4143 0.3887 0.3683 0.3603 0.3683 0.3887 0.4143 0.4398 0.4622 0.4801 0.4931 0.5009 0.5027 0.4963 0.4784 0.4497 0.4156 0.3806 0.3470 0.3160 0.2879 0.2628 0.2406 0.2212 0.2043 0.1896 0.1771 0.1664 0.1575 0.1501 0.1442 0.1397 0.1365 0.1345 0.1338 0.1342 0.1360 0.1393 0.1446 0.1528 0.1669 0.1961 0.2438 0.2962 0.3446 0.3864 0.4210 0.4490 0.4709 0.4871 0.4978 0.5027 0.5005 0.4920
0.5035 0.5028 0.4990 0.4891 0.4738 0.4528 0.4257 0.3922 0.3515 0.3040 0.2519 0.2025 0.1701 0.1544 0.1456 0.1400 0.1364 0.1344 0.1337 0.1343 0.1361 0.1392 0.1435 0.1491 0.1563 0.1649 0.1753 0.1876 0.2019 0.2185 0.2376 0.2593 0.2840 0.3116 0.3423 0.3756 0.4105 0.4450 0.4749 0.4945 0.5023 0.5015 0.4945 0.4820 0.4643 0.4416 0.4143 0.3839 0.3538 0.3305 0.3214 0.3305 0.3538 0.3839 0.4143 0.4416 0.4643 0.4820 0.4945 0.5015 0.5023 0.4945 0.4749 0.4450 0.4105 0.3756 0.3423 0.3116 0.2840 0.2593 0.2376 0.2185 0.2019 0.1876 0.1753 0.1649 0.1563 0.1491 0.1435 0.1392 0.1361 0.1343 0.1337 0.1344 0.1364 0.1400 0.1456 0.1544 0.1701 0.2025 0.2518 0.3040 0.3515 0.3922 0.4257 0.4528 0.4738 0.4891 0.4990 0.5028 0.5035
0.5071 0.5007 0.4925 0.4787 0.4593 0.4340 0.4023 0.3636 0.3179 0.2666 0.2152 0.1770 0.1579 0.1477 0.1414 0.1373 0.1348 0.1338 0.1340 0.1355 0.1382 0.1421 0.1474 0.1541 0.1624 0.1723 0.1840 0.1977 0.2137 0.2320 0.2530 0.2769 0.3038 0.3336 0.3663 0.4010 0.4359 0.4676 0.4905 0.5012 0.5024 0.4969 0.4857 0.4693 0.4475 0.4205 0.3887 0.3538 0.3201 0.2946 0.2849 0.2946 0.3201 0.3538 0.3887 0.4205 0.4475 0.4693 0.4857 0.4969 0.5024 0.5012 0.4905 0.4676 0.4359 0.4010 0.3663 0.3336 0.3038 0.2769 0.2530 0.2320 0.2137 0.1977 0.1840 0.1723 0.1624 0.1541 0.1474 0.1421 0.1382 0.1355 0.1340 0.1338 0.1348 0.1373 0.1414 0.1477 0.1579 0.1770 0.2152 0.2666 0.3179 0.3636 0.4023 0.4340 0.4593 0.4787 0.4925 0.5007 0.5071
0.5070 0.4974 0.4863 0.4696 0.4473 0.4188 0.3836 0.3413 0.2924 0.2399 0.1933 0.1656 0.1521 0.1442 0.1391 0.1358 0.1341 0.1337 0.1346 0.1367 0.1400 0.1446 0.1506 0.1581 0.1671 0.1780 0.1907 0.2055 0.2227 0.2423 0.2648 0.2902 0.3186 0.3500 0.3839 0.4190 0.4529 0.4809 0.4975 0.5028 0.5003 0.4917 0.4778 0.4585 0.4337 0.4034 0.3683 0.3305 0.2946 0.2681 0.2583 0.2681 0.2946 0.3305 0.3683 0.4034 0.4337 0.4585 0.4778 0.4917 0.5003 0.5028 0.4975 0.4809 0.4529 0.4190 0.3839 0.3500 0.3186 0.2902 0.2648 0.2423 0.2227 0.2055 0.1907 0.1780 0.1671 0.1581 0.1506 0.1446 0.1400 0.1367 0.1346 0.1337 0.1341 0.1358 0.1391 0.1442 0.1521 0.1656 0.1932 0.2399 0.2924 0.3413 0.3836 0.4188 0.4473 0.4696 0.4863 0.4974 0.5070
0.5065 0.4958 0.4836 0.4660 0.4425 0.4128 0.3763 0.3327 0.2827 0.2303 0.1865 0.1624 0.1503 0.1430 0.1383 0.1354 0.1340 0.1338 0.1349 0.1372 0.1407 0.1456 0.1519 0.1596 0.1690 0.1802 0.1933 0.2085 0.2261 0.2463 0.2693 0.2953 0.3243 0.3562 0.3905 0.4256 0.4588 0.4850 0.4993 0.5029 0.4991 0.4895 0.4745 0.4541 0.4282 0.3967 0.3603 0.3214 0.2849 0.2583 0.2485 0.2583 0.2849 0.3214 0.3603 0.3967 0.4282 0.4541 0.4745 0.4895 0.4991 0.5029 0.4992 0.4850 0.4588 0.4256 0.3905 0.3562 0.3243 0.2953 0.2693 0.2463 0.2261 0.2085 0.1933 0.1802 0.1690 0.1596 0.1519 0.1456 0.1407 0.1372 0.1349 0.1338 0.1340 0.1354 0.1383 0.1430 0.1503 0.1624 0.1865 0.2303 0.2827 0.3327 0.3763 0.4128 0.4425 0.4660 0.4836 0.4958 0.5065
0.5070 0.4974 0.4863 0.4696 0.4473 0.4188 0.3836 0.3413 0.2924 0.2399 0.1933 0.1656 0.1521 0.1442 0.1391 0.1358 0.1341 0.1337 0.1346 0.1367 0.1400 0.1446 0.1506 0.1581 0.1671 0.1780 0.1907 0.2055 0.2227 0.2423 0.2648 0.2902 0.3186 0.3500 0.3839 0.4190 0.4529 0.4809 0.4975 0.5028 0.5003 0.4917 0.4778 0.4585 0.4337 0.4035 0.3684 0.3305 0.2946 0.2681 0.2583 0.2681 0.2946 0.3305 0.3683 0.4034 0.4337 0.4585 0.4778 0.4917 0.5003 0.5028 0.4975 0.4809 0.4529 0.4190 0.3839 0.3500 0.3186 0.2902 0.2648 0.2423 0.2227 0.2055 0.1907 0.1780 0.1671 0.1581 0.1506 0.1446 0.1400 0.1367 0.1346 0.1337 0.1341 0.1358 0.1391 0.1442 0.1521 0.1656 0.1932 0.2399 0.2924 0.3413 0.3836 0.4188 0.4473 0.4696 0.4863 0.4974 0.5070
0.5071 0.5007 0.4925 0.4787 0.4593 0.4340 0.4023 0.3636 0.3179 0.2666 0.2152 0.1770 0.1579 0.1477 0.1414 0.1373 0.1348 0.1338 0.1340 0.1355 0.1382 0.1421 0.1474 0.1541 0.1624 0.1723 0.1840 0.1977 0.2137 0.2320 0.2530 0.2769 0.3038 0.3336 0.3663 0.4010 0.4359 0.4676 0.4905 0.5012 0.5024 0.4969 0.4857 0.4693 0.4475 0.4205 0.3887 0.3539 0.3202 0.2946 0.2849 0.2946 0.3201 0.3538 0.3887 0.4205 0.4475 0.4693 0.4857 0.4969 0.5024 0.5012 0.4905 0.4676 0.4359 0.4010 0.3663 0.3336 0.3038 0.2769 0.2530 0.2320 0.2137 0.1977 0.1840 0.1723 0.1624 0.1541 0.1474 0.1421 0.1382 0.1355 0.1340 0.1338 0.1348 0.1373 0.1414 0.1477 0.1579 0.1770 0.2152 0.2666 0.3179 0.3636 0.4023 0.4340 0.4593 0.4787 0.4925 0.5007 0.5071
0.5035 0.5028 0.4990 0.4891 0.4738 0.4528 0.4257 0.3922 0.3515 0.3040 0.2518 0.2025 0.1701 0.1544 0.1456 0.1400 0.1364 0.1344 0.1337 0.1343 0.1361 0.1392 0.1435 0.1491 0.1563 0.1649 0.1753 0.1876 0.2019 0.2185 0.2376 0.2593 0.2840 0.3117 0.3423 0.3756 0.4105 0.4450 0.4749 0.4945 0.5023 0.5015 0.4945 0.4820 0.4643 0.4416 0.4144 0.3839 0.3539 0.3305 0.3214 0.3305 0.3538 0.3839 0.4143 0.4416 0.4643 0.4820 0.4945 0.5015 0.5023 0.4945 0.4749 0.4450 0.4105 0.3756 0.3423 0.3116 0.2840 0.2593 0.2376 0.2185 0.2019 0.1876 0.1753 0.1649 0.1563 0.1491 0.1435 0.1392 0.1361 0.1343 0.1337 0.1344 0.1364 0.1400 0.1456 0.1544 0.1701 0.2025 0.2518 0.3040 0.3515 0.3922 0.4257 0.4528 0.4738 0.4891 0.4990 0.5028 0.5035
0.4920 0.5005 0.5027 0.4978 0.4871 0.4709 0.4490 0.4210 0.3864 0.3446 0.2962 0.2438 0.1961 0.1669 0.1528 0.1446 0.1393 0.1360 0.1342 0.1338 0.1345 0.1365 0.1397 0.1442 0.1501 0.1575 0.1664 0.1771 0.1896 0.2043 0.2212 0.2406 0.2628 0.2879 0.3160 0.3470 0.3806 0.4156 0.4497 0.4784 0.4963 0.5027 0.5009 0.4931 0.4801 0.4622 0.4398 0.4144 0.3887 0.3684 0.3603 0.3683 0.3887 0.4143 0.4398 0.4622 0.4801 0.4931 0.5009 0.5027 0.4963 0.4784 0.4497 0.4156 0.3806 0.3470 0.3160 0.2879 0.2628 0.2406 0.2212 0.2043 0.1896 0.1771 0.1664 0.1575 0.1501 0.1442 0.1397 0.1365 0.1345 0.1338 0.1342 0.1360 0.1393 0.1446 0.1528 0.1669 0.1961 0.2438 0.2962 0.3446 0.3864 0.4210 0.4490 0.4709 0.4871 0.4978 0.5027 0.5005 0.4920
0.4694 0.4899 0.5011 0.5025 0.4970 0.4859 0.4692 0.4468 0.4182 0.3830 0.3407 0.2918 0.2393 0.1927 0.1653 0.1519 0.1441 0.1390 0.1358 0.1342 0.1338 0.1346 0.1367 0.1401 0.1447 0.1507 0.1582 0.1672 0.1780 0.1908 0.2056 0.2227 0.2423 0.2647 0.2900 0.3183 0.3496 0.3833 0.4183 0.4521 0.4801 0.4971 0.5028 0.5006 0.4926 0.4796 0.4622 0.4416 0.4205 0.4035 0.3967 0.4034 0.4205 0.4416 0.4622 0.4796 0.4926 0.5006 0.5028 0.4971 0.4801 0.4521 0.4183 0.3833 0.3496 0.3183 0.2900 0.2647 0.2423 0.2227 0.2056 0.1908 0.1780 0.1672 0.1582 0.1507 0.1447 0.1401 0.1367 0.1346 0.1338 0.1342 0.1358 0.1390 0.1441 0.1519 0.1653 0.1927 0.2393 0.2918 0.3407 0.3830 0.4182 0.4468 0.4692 0.4859 0.4970 0.5025 0.5011 0.4899 0.4694
