0.1905 0.2053 0.2221 0.2414 0.2635 0.2884 0.3163 0.3472 0.3807 0.4158 0.4503 0.4800 0.4994 0.5068 0.5058 0.4985 0.4857 0.4676 0.4438 0.4138 0.3771 0.3335 0.2838 0.2317 0.1877 0.1633 0.1509 0.1435 0.1387 0.1356 0.1340 0.1336 0.1345 0.1365 0.1398 0.1443 0.1501 0.1573 0.1661 0.1766 0.1889 0.2032 0.2197 0.2386 0.2598 0.2833 0.3084 0.3340 0.3572 0.3741 0.3805 0.3741 0.3572 0.3340 0.3084 0.2833 0.2598 0.2386 0.2198 0.2033 0.1889 0.1766 0.1661 0.1573 0.1501 0.1443 0.1398 0.1365 0.1345 0.1336 0.1340 0.1356 0.1387 0.1435 0.1509 0.1633 0.1877 0.2317 0.2838 0.3336 0.3772 0.4138 0.4438 0.4676 0.4857 0.4985 0.5058 0.5068 0.4994 0.4800 0.4503 0.4158 0.3807 0.3472 0.3163 0.2884 0.2635 0.2414 0.2221 0.2053 0.1905
0.2053 0.2226 0.2419 0.2639 0.2887 0.3165 0.3471 0.3802 0.4147 0.4484 0.4771 0.4955 0.5025 0.5013 0.4940 0.4813 0.4633 0.4396 0.4099 0.3737 0.3305 0.2813 0.2299 0.1866 0.1627 0.1506 0.1434 0.1386 0.1356 0.1341 0.1338 0.1347 0.1368 0.1401 0.1446 0.1505 0.1578 0.1666 0.1771 0.1895 0.2038 0.2204 0.2393 0.2607 0.2847 0.3109 0.3386 0.3663 0.3909 0.4084 0.4149 0.4084 0.3909 0.3663 0.3386 0.3109 0.2847 0.2607 0.2393 0.2204 0.2038 0.1895 0.1771 0.1666 0.1578 0.1505 0.1446 0.1401 0.1368 0.1347 0.1338 0.1341 0.1356 0.1386 0.1434 0.1506 0.1627 0.1866 0.2299 0.2814 0.3306 0.3737 0.4099 0.4396 0.4633 0.4813 0.4940 0.5013 0.5025 0.4955 0.4771 0.4484 0.4147 0.3802 0.3471 0.3165 0.2887 0.2639 0.2419 0.2226 0.2053
0.2221 0.2419 0.2640 0.2889 0.3168 0.3475 0.3807 0.4152 0.4489 0.4775 0.4957 0.5025 0.5012 0.4938 0.4810 0.4629 0.4392 0.4094 0.3729 0.3297 0.2804 0.2290 0.1860 0.1624 0.1505 0.1433 0.1386 0.1356 0.1341 0.1338 0.1347 0.1368 0.1401 0.1447 0.1506 0.1579 0.1668 0.1773 0.1897 0.2041 0.2207 0.2397 0.2613 0.2856 0.3125 0.3416 0.3718 0.4011 0.4263 0.4434 0.4495 0.4434 0.4263 0.4011 0.3718 0.3416 0.3125 0.2856 0.2613 0.2397 0.2207 0.2041 0.1897 0.1773 0.1668 0.1579 0.1506 0.1447 0.1401 0.1368 0.1347 0.1338 0.1341 0.1356 0.1386 0.1433 0.1505 0.1624 0.1860 0.2290 0.2804 0.3297 0.3730 0.4094 0.4392 0.4629 0.4810 0.4938 0.5012 0.5025 0.4957 0.4775 0.4489 0.4152 0.3807 0.3475 0.3168 0.2889 0.2640 0.2419 0.2221
0.2414 0.2639 0.2889 0.3169 0.3478 0.3810 0.4156 0.4493 0.4779 0.4959 0.5026 0.5012 0.4937 0.4808 0.4625 0.4387 0.4088 0.3722 0.3289 0.2795 0.2281 0.1854 0.1621 0.1503 0.1432 0.1385 0.1356 0.1341 0.1338 0.1348 0.1369 0.1402 0.1448 0.1507 0.1581 0.1670 0.1775 0.1900 0.2044 0.2211 0.2401 0.2618 0.2863 0.3135 0.3433 0.3749 0.4068 0.4362 0.4596 0.4739 0.4786 0.4739 0.4596 0.4362 0.4068 0.3749 0.3433 0.3135 0.2863 0.2618 0.2401 0.2211 0.2044 0.1900 0.1775 0.1670 0.1581 0.1507 0.1448 0.1402 0.1369 0.1348 0.1338 0.1341 0.1356 0.1385 0.1432 0.1503 0.1621 0.1854 0.2281 0.2795 0.3289 0.3723 0.4088 0.4387 0.4625 0.4808 0.4937 0.5012 0.5026 0.4959 0.4779 0.4493 0.4156 0.3810 0.3478 0.3169 0.2889 0.2639 0.2414
0.2635 0.2887 0.3168 0.3478 0.3812 0.4159 0.4496 0.4782 0.4961 0.5026 0.5011 0.4935 0.4805 0.4622 0.4383 0.4082 0.3716 0.3281 0.2786 0.2272 0.1848 0.1618 0.1502 0.1430 0.1384 0.1355 0.1340 0.1338 0.1348 0.1369 0.1403 0.1449 0.1508 0.1582 0.1671 0.1777 0.1902 0.2047 0.2214 0.2405 0.2623 0.2869 0.3143 0.3445 0.3768 0.4099 0.4416 0.4680 0.4856 0.4942 0.4965 0.4942 0.4856 0.4680 0.4416 0.4100 0.3768 0.3445 0.3143 0.2869 0.2623 0.2405 0.2214 0.2047 0.1902 0.1777 0.1671 0.1582 0.1508 0.1449 0.1403 0.1369 0.1348 0.1338 0.1340 0.1355 0.1384 0.1431 0.1502 0.1618 0.1848 0.2273 0.2786 0.3281 0.3716 0.4082 0.4383 0.4622 0.4805 0.4935 0.5011 0.5026 0.4961 0.4782 0.4496 0.4159 0.3812 0.3478 0.3168 0.2887 0.2635
0.2884 0.3165 0.3475 0.3810 0.4159 0.4497 0.4783 0.4962 0.5026 0.5010 0.4934 0.4803 0.4619 0.4379 0.4077 0.3709 0.3273 0.2778 0.2264 0.1843 0.1615 0.1500 0.1429 0.1384 0.1355 0.1340 0.1338 0.1348 0.1370 0.1404 0.1450 0.1510 0.1584 0.1673 0.1780 0.1904 0.2050 0.2217 0.2409 0.2627 0.2874 0.3150 0.3453 0.3780 0.4118 0.4445 0.4723 0.4908 0.4995 0.5023 0.5027 0.5023 0.4995 0.4909 0.4723 0.4446 0.4118 0.3780 0.3453 0.3149 0.2874 0.2627 0.2409 0.2217 0.2050 0.1904 0.1780 0.1673 0.1584 0.1510 0.1450 0.1404 0.1370 0.1348 0.1338 0.1340 0.1355 0.1384 0.1430 0.1500 0.1615 0.1843 0.2264 0.2778 0.3273 0.3709 0.4077 0.4379 0.4619 0.4803 0.4934 0.5010 0.5026 0.4962 0.4783 0.4497 0.4159 0.3810 0.3475 0.3165 0.2884
0.3163 0.3471 0.3807 0.4156 0.4496 0.4783 0.4962 0.5026 0.5010 0.4933 0.4801 0.4616 0.4375 0.4072 0.3703 0.3266 0.2769 0.2256 0.1838 0.1613 0.1499 0.1429 0.1383 0.1355 0.1340 0.1338 0.1348 0.1370 0.1404 0.1451 0.1511 0.1585 0.1675 0.1782 0.1907 0.2052 0.2220 0.2413 0.2632 0.2879 0.3155 0.3460 0.3789 0.4131 0.4463 0.4747 0.4933 0.5014 0.5028 0.5016 0.5007 0.5016 0.5028 0.5014 0.4933 0.4747 0.4463 0.4131 0.3789 0.3460 0.3155 0.2879 0.2631 0.2413 0.2220 0.2052 0.1907 0.1782 0.1675 0.1585 0.1511 0.1451 0.1404 0.1370 0.1348 0.1338 0.1340 0.1355 0.1383 0.1429 0.1499 0.1613 0.1838 0.2256 0.2770 0.3266 0.3704 0.4072 0.4375 0.4616 0.4801 0.4933 0.5010 0.5026 0.4962 0.4783 0.4496 0.4156 0.3807 0.3471 0.3163
0.3472 0.3802 0.4152 0.4493 0.4782 0.4962 0.5026 0.5010 0.4932 0.4800 0.4615 0.4372 0.4068 0.3698 0.3260 0.2762 0.2249 0.1833 0.1611 0.1497 0.1428 0.1382 0.1354 0.1340 0.1338 0.1349 0.1371 0.1405 0.1452 0.1512 0.1587 0.1677 0.1784 0.1909 0.2055 0.2224 0.2416 0.2636 0.2883 0.3161 0.3466 0.3797 0.4140 0.4475 0.4760 0.4945 0.5021 0.5023 0.4987 0.4944 0.4924 0.4944 0.4987 0.5023 0.5021 0.4945 0.4760 0.4475 0.4140 0.3796 0.3466 0.3161 0.2883 0.2636 0.2416 0.2223 0.2055 0.1909 0.1784 0.1677 0.1587 0.1512 0.1452 0.1405 0.1371 0.1349 0.1338 0.1340 0.1354 0.1382 0.1428 0.1497 0.1611 0.1833 0.2249 0.2762 0.3260 0.3698 0.4068 0.4372 0.4615 0.4800 0.4932 0.5010 0.5026 0.4962 0.4782 0.4493 0.4152 0.3802 0.3472
0.3807 0.4147 0.4489 0.4779 0.4961 0.5026 0.5010 0.4932 0.4800 0.4614 0.4370 0.4066 0.3694 0.3254 0.2756 0.2242 0.1828 0.1608 0.1496 0.1427 0.1382 0.1354 0.1340 0.1338 0.1349 0.1371 0.1406 0.1453 0.1513 0.1588 0.1678 0.1786 0.1912 0.2058 0.2227 0.2420 0.2640 0.2888 0.3166 0.3472 0.3803 0.4148 0.4483 0.4769 0.4952 0.5023 0.5018 0.4965 0.4887 0.4816 0.4786 0.4816 0.4887 0.4965 0.5018 0.5023 0.4952 0.4769 0.4483 0.4147 0.3803 0.3472 0.3166 0.2888 0.2640 0.2420 0.2227 0.2058 0.1912 0.1786 0.1678 0.1588 0.1513 0.1453 0.1406 0.1371 0.1349 0.1338 0.1340 0.1354 0.1382 0.1427 0.1496 0.1608 0.1828 0.2243 0.2756 0.3254 0.3694 0.4066 0.4370 0.4614 0.4800 0.4932 0.5010 0.5026 0.4961 0.4779 0.4489 0.4147 0.3807
0.4158 0.4484 0.4775 0.4959 0.5026 0.5010 0.4933 0.4800 0.4614 0.4370 0.4064 0.3692 0.3251 0.2751 0.2237 0.1825 0.1606 0.1495 0.1426 0.1381 0.1354 0.1340 0.1339 0.1349 0.1372 0.1406 0.1454 0.1514 0.1589 0.1680 0.1788 0.1914 0.2061 0.2230 0.2424 0.2644 0.2893 0.3171 0.3478 0.3809 0.4154 0.4490 0.4775 0.4956 0.5025 0.5015 0.4951 0.4850 0.4732 0.4632 0.4592 0.4632 0.4732 0.4850 0.4951 0.5015 0.5025 0.4956 0.4775 0.4490 0.4154 0.3809 0.3478 0.3171 0.2893 0.2644 0.2424 0.2230 0.2061 0.1914 0.1788 0.1680 0.1589 0.1514 0.1454 0.1406 0.1372 0.1349 0.1339 0.1340 0.1354 0.1381 0.1426 0.1495 0.1606 0.1825 0.2237 0.2751 0.3251 0.3692 0.4064 0.4370 0.4614 0.4800 0.4933 0.5010 0.5026 0.4959 0.4775 0.4484 0.4158
0.4503 0.4771 0.4957 0.5026 0.5011 0.4934 0.4801 0.4615 0.4370 0.4064 0.3691 0.3249 0.2748 0.2234 0.1822 0.1605 0.1494 0.1425 0.1381 0.1353 0.1340 0.1339 0.1349 0.1372 0.1407 0.1454 0.1515 0.1591 0.1682 0.1790 0.1916 0.2064 0.2233 0.2427 0.2648 0.2898 0.3176 0.3484 0.3816 0.4161 0.4496 0.4781 0.4959 0.5026 0.5013 0.4943 0.4827 0.4679 0.4521 0.4391 0.4339 0.4391 0.4521 0.4679 0.4827 0.4943 0.5013 0.5026 0.4959 0.4781 0.4496 0.4161 0.3815 0.3484 0.3176 0.2898 0.2648 0.2427 0.2233 0.2063 0.1916 0.1790 0.1682 0.1591 0.1515 0.1454 0.1407 0.1372 0.1349 0.1339 0.1340 0.1353 0.1381 0.1425 0.1494 0.1605 0.1822 0.2234 0.2748 0.3249 0.3691 0.4064 0.4370 0.4615 0.4801 0.4934 0.5011 0.5026 0.4957 0.4771 0.4503
0.4800 0.4955 0.5025 0.5012 0.4935 0.4803 0.4616 0.4372 0.4066 0.3692 0.3249 0.2747 0.2232 0.1820 0.1604 0.1493 0.1425 0.1380 0.1353 0.1340 0.1339 0.1350 0.1373 0.1408 0.1455 0.1516 0.1592 0.1683 0.1792 0.1918 0.2066 0.2236 0.2431 0.2652 0.2902 0.3182 0.3489 0.3822 0.4167 0.4502 0.4785 0.4962 0.5026 0.5011 0.4937 0.4814 0.4648 0.4452 0.4249 0.4086 0.4021 0.4086 0.4249 0.4452 0.4648 0.4814 0.4937 0.5011 0.5026 0.4962 0.4785 0.4502 0.4167 0.3821 0.3489 0.3181 0.2902 0.2652 0.2431 0.2236 0.2066 0.1918 0.1792 0.1683 0.1592 0.1516 0.1455 0.1408 0.1373 0.1350 0.1339 0.1340 0.1353 0.1380 0.1425 0.1493 0.1604 0.1820 0.2232 0.2747 0.3249 0.3692 0.4066 0.4372 0.4616 0.4803 0.4935 0.5012 0.5025 0.4955 0.4800
0.4994 0.5025 0.5012 0.4937 0.4805 0.4619 0.4375 0.4068 0.3694 0.3251 0.2748 0.2232 0.1819 0.1603 0.1493 0.1424 0.1380 0.1353 0.1340 0.1339 0.1350 0.1373 0.1408 0.1456 0.1517 0.1593 0.1685 0.1793 0.1921 0.2069 0.2239 0.2434 0.2656 0.2906 0.3186 0.3495 0.3827 0.4173 0.4508 0.4790 0.4964 0.5027 0.5010 0.4934 0.4806 0.4630 0.4412 0.4162 0.3912 0.3713 0.3635 0.3713 0.3912 0.4162 0.4412 0.4630 0.4806 0.4934 0.5010 0.5027 0.4964 0.4789 0.4508 0.4173 0.3827 0.3495 0.3186 0.2906 0.2656 0.2434 0.2239 0.2068 0.1921 0.1793 0.1685 0.1593 0.1517 0.1456 0.1408 0.1373 0.1350 0.1339 0.1340 0.1353 0.1380 0.1424 0.1493 0.1603 0.1819 0.2232 0.2748 0.3251 0.3694 0.4068 0.4375 0.4619 0.4805 0.4937 0.5012 0.5025 0.4994
0.5068 0.5013 0.4938 0.4808 0.4622 0.4379 0.4072 0.3698 0.3254 0.2751 0.2234 0.1820 0.1603 0.1492 0.1424 0.1380 0.1353 0.1339 0.1339 0.1350 0.1373 0.1409 0.1457 0.1518 0.1595 0.1686 0.1795 0.1923 0.2071 0.2242 0.2437 0.2660 0.2910 0.3191 0.3500 0.3833 0.4178 0.4513 0.4793 0.4966 0.5027 0.5009 0.4931 0.4801 0.4619 0.4389 0.4113 0.3806 0.3504 0.3269 0.3178 0.3269 0.3504 0.3806 0.4113 0.4389 0.4619 0.4801 0.4931 0.5009 0.5027 0.4966 0.4793 0.4513 0.4178 0.3833 0.3500 0.3191 0.2910 0.2659 0.2437 0.2242 0.2071 0.1923 0.1795 0.1686 0.1594 0.1518 0.1457 0.1409 0.1373 0.1350 0.1339 0.1339 0.1353 0.1380 0.1424 0.1492 0.1603 0.1820 0.2234 0.2751 0.3254 0.3698 0.4072 0.4379 0.4622 0.4808 0.4938 0.5013 0.5068
0.5058 0.4940 0.4810 0.4625 0.4383 0.4077 0.3704 0.3260 0.2756 0.2237 0.1822 0.1604 0.1493 0.1424 0.1380 0.1353 0.1339 0.1339 0.1350 0.1374 0.1409 0.1457 0.1519 0.1596 0.1688 0.1797 0.1925 0.2073 0.2245 0.2440 0.2663 0.2915 0.3195 0.3505 0.3838 0.4184 0.4518 0.4797 0.4968 0.5027 0.5008 0.4929 0.4797 0.4612 0.4375 0.4084 0.3745 0.3378 0.3027 0.2764 0.2665 0.2764 0.3027 0.3378 0.3745 0.4084 0.4375 0.4612 0.4797 0.4929 0.5008 0.5027 0.4968 0.4797 0.4518 0.4184 0.3838 0.3505 0.3195 0.2914 0.2663 0.2440 0.2244 0.2073 0.1925 0.1797 0.1688 0.1596 0.1519 0.1457 0.1409 0.1374 0.1350 0.1339 0.1339 0.1353 0.1380 0.1424 0.1493 0.1604 0.1822 0.2237 0.2756 0.3260 0.3704 0.4077 0.4383 0.4625 0.4810 0.4940 0.5058
0.4985 0.4813 0.4629 0.4387 0.4082 0.3709 0.3266 0.2762 0.2243 0.1825 0.1605 0.1493 0.1424 0.1380 0.1353 0.1339 0.1339 0.1350 0.1374 0.1409 0.1458 0.1520 0.1597 0.1689 0.1799 0.1927 0.2076 0.2247 0.2444 0.2667 0.2919 0.3200 0.3510 0.3843 0.4189 0.4523 0.4801 0.4970 0.5027 0.5007 0.4927 0.4793 0.4607 0.4366 0.4067 0.3711 0.3307 0.2886 0.2505 0.2244 0.2153 0.2244 0.2506 0.2886 0.3307 0.3711 0.4067 0.4366 0.4607 0.4793 0.4927 0.5007 0.5027 0.4970 0.4801 0.4523 0.4189 0.3843 0.3510 0.3200 0.2919 0.2667 0.2444 0.2247 0.2076 0.1927 0.1799 0.1689 0.1597 0.1520 0.1458 0.1409 0.1374 0.1350 0.1339 0.1339 0.1353 0.1380 0.1424 0.1493 0.1605 0.1825 0.2243 0.2762 0.3266 0.3709 0.4082 0.4387 0.4629 0.4813 0.4985
0.4857 0.4633 0.4392 0.4088 0.3716 0.3273 0.2770 0.2249 0.1828 0.1606 0.1494 0.1425 0.1380 0.1353 0.1339 0.1339 0.1350 0.1374 0.1410 0.1458 0.1521 0.1597 0.1690 0.1800 0.1929 0.2078 0.2250 0.2447 0.2670 0.2923 0.3204 0.3515 0.3849 0.4194 0.4528 0.4804 0.4971 0.5028 0.5006 0.4925 0.4791 0.4603 0.4359 0.4055 0.3690 0.3267 0.2806 0.2361 0.2015 0.1826 0.1771 0.1826 0.2015 0.2361 0.2807 0.3267 0.3690 0.4056 0.4359 0.4603 0.4791 0.4925 0.5006 0.5028 0.4971 0.4804 0.4528 0.4194 0.3848 0.3515 0.3204 0.2923 0.2670 0.2447 0.2250 0.2078 0.1929 0.1800 0.1690 0.1597 0.1521 0.1458 0.1410 0.1374 0.1350 0.1339 0.1339 0.1353 0.1380 0.1425 0.1494 0.1606 0.1828 0.2249 0.2770 0.3273 0.3716 0.4088 0.4392 0.4633 0.4857
0.4676 0.4396 0.4094 0.3723 0.3281 0.2778 0.2256 0.1833 0.1608 0.1495 0.1425 0.1380 0.1353 0.1339 0.1339 0.1350 0.1374 0.1410 0.1459 0.1521 0.1598 0.1691 0.1801 0.1930 0.2080 0.2252 0.2450 0.2674 0.2927 0.3209 0.3520 0.3854 0.4200 0.4533 0.4808 0.4973 0.5028 0.5005 0.4924 0.4788 0.4599 0.4354 0.4048 0.3677 0.3243 0.2762 0.2284 0.1904 0.1696 0.1606 0.1580 0.1606 0.1696 0.1904 0.2284 0.2763 0.3243 0.3677 0.4048 0.4354 0.4599 0.4788 0.4924 0.5005 0.5028 0.4973 0.4808 0.4532 0.4200 0.3854 0.3520 0.3209 0.2927 0.2674 0.2450 0.2252 0.2080 0.1930 0.1801 0.1691 0.1598 0.1521 0.1459 0.1410 0.1374 0.1350 0.1339 0.1339 0.1353 0.1380 0.1425 0.1495 0.1608 0.1833 0.2256 0.2778 0.3281 0.3723 0.4094 0.4396 0.4676
0.4438 0.4099 0.3730 0.3289 0.2786 0.2264 0.1838 0.1611 0.1496 0.1426 0.1381 0.1353 0.1340 0.1339 0.1350 0.1374 0.1410 0.1459 0.1521 0.1598 0.1691 0.1802 0.1931 0.2081 0.2254 0.2452 0.2677 0.2930 0.3213 0.3525 0.3859 0.4205 0.4537 0.4811 0.4974 0.5028 0.5005 0.4922 0.4786 0.4596 0.4349 0.4041 0.3668 0.3228 0.2737 0.2242 0.1851 0.1642 0.1542 0.1493 0.1478 0.1493 0.1542 0.1642 0.1851 0.2242 0.2737 0.3228 0.3668 0.4041 0.4349 0.4596 0.4786 0.4922 0.5005 0.5028 0.4974 0.4811 0.4537 0.4205 0.3859 0.3524 0.3213 0.2930 0.2677 0.2452 0.2254 0.2081 0.1931 0.1802 0.1691 0.1598 0.1521 0.1459 0.1410 0.1374 0.1350 0.1339 0.1340 0.1353 0.1381 0.1426 0.1496 0.1611 0.1838 0.2264 0.2786 0.3289 0.3730 0.4099 0.4438
0.4138 0.3737 0.3297 0.2795 0.2273 0.1843 0.1613 0.1497 0.1427 0.1381 0.1353 0.1340 0.1339 0.1350 0.1374 0.1409 0.1458 0.1521 0.1598 0.1692 0.1802 0.1932 0.2082 0.2255 0.2454 0.2679 0.2933 0.3217 0.3529 0.3864 0.4210 0.4542 0.4815 0.4976 0.5028 0.5004 0.4920 0.4783 0.4592 0.4345 0.4036 0.3660 0.3217 0.2720 0.2218 0.1824 0.1617 0.1514 0.1455 0.1424 0.1414 0.1424 0.1455 0.1514 0.1617 0.1824 0.2218 0.2720 0.3217 0.3660 0.4036 0.4345 0.4593 0.4783 0.4920 0.5004 0.5028 0.4976 0.4815 0.4542 0.4210 0.3864 0.3529 0.3217 0.2933 0.2679 0.2454 0.2255 0.2082 0.1932 0.1802 0.1692 0.1598 0.1521 0.1458 0.1409 0.1374 0.1350 0.1339 0.1340 0.1353 0.1381 0.1427 0.1497 0.1613 0.1843 0.2273 0.2795 0.3297 0.3737 0.4138
0.3772 0.3306 0.2804 0.2281 0.1848 0.1615 0.1499 0.1428 0.1382 0.1354 0.1340 0.1339 0.1350 0.1373 0.1409 0.1458 0.1521 0.1598 0.1691 0.1802 0.1932 0.2083 0.2256 0.2455 0.2681 0.2935 0.3220 0.3532 0.3868 0.4215 0.4546 0.4818 0.4978 0.5028 0.5003 0.4918 0.4781 0.4589 0.4341 0.4030 0.3653 0.3208 0.2708 0.2203 0.1809 0.1604 0.1499 0.1437 0.1399 0.1379 0.1373 0.1379 0.1399 0.1437 0.1499 0.1604 0.1809 0.2203 0.2709 0.3209 0.3653 0.4030 0.4341 0.4589 0.4781 0.4919 0.5003 0.5028 0.4978 0.4818 0.4546 0.4214 0.3868 0.3532 0.3220 0.2935 0.2681 0.2455 0.2256 0.2083 0.1932 0.1802 0.1691 0.1598 0.1521 0.1458 0.1409 0.1373 0.1350 0.1339 0.1340 0.1354 0.1382 0.1428 0.1499 0.1615 0.1848 0.2281 0.2804 0.3306 0.3772
0.3336 0.2814 0.2290 0.1854 0.1618 0.1500 0.1429 0.1382 0.1354 0.1340 0.1339 0.1350 0.1373 0.1409 0.1457 0.1520 0.1597 0.1691 0.1802 0.1932 0.2083 0.2257 0.2456 0.2682 0.2937 0.3222 0.3535 0.3871 0.4218 0.4550 0.4821 0.4979 0.5028 0.5002 0.4917 0.4778 0.4586 0.4336 0.4025 0.3647 0.3200 0.2699 0.2192 0.1799 0.1597 0.1492 0.1428 0.1388 0.1364 0.1352 0.1348 0.1352 0.1364 0.1388 0.1428 0.1492 0.1597 0.1799 0.2192 0.2699 0.3201 0.3647 0.4025 0.4336 0.4586 0.4778 0.4917 0.5002 0.5028 0.4979 0.4821 0.4550 0.4218 0.3871 0.3535 0.3222 0.2937 0.2682 0.2456 0.2257 0.2083 0.1932 0.1802 0.1691 0.1597 0.1520 0.1457 0.1409 0.1373 0.1350 0.1339 0.1340 0.1354 0.1382 0.1429 0.1500 0.1618 0.1854 0.2290 0.2814 0.3336
0.2838 0.2299 0.1860 0.1621 0.1502 0.1430 0.1383 0.1354 0.1340 0.1339 0.1349 0.1373 0.1408 0.1457 0.1519 0.1597 0.1690 0.1801 0.1931 0.2082 0.2256 0.2456 0.2682 0.2938 0.3223 0.3537 0.3874 0.4221 0.4553 0.4823 0.4980 0.5028 0.5001 0.4915 0.4776 0.4582 0.4332 0.4020 0.3641 0.3193 0.2690 0.2183 0.1793 0.1592 0.1488 0.1423 0.1382 0.1357 0.1344 0.1339 0.1338 0.1339 0.1344 0.1357 0.1382 0.1423 0.1488 0.1592 0.1793 0.2183 0.2691 0.3193 0.3641 0.4020 0.4332 0.4582 0.4776 0.4915 0.5001 0.5028 0.4980 0.4823 0.4553 0.4221 0.3873 0.3537 0.3223 0.2938 0.2682 0.2456 0.2256 0.2082 0.1931 0.1801 0.1690 0.1597 0.1519 0.1457 0.1408 0.1373 0.1349 0.1339 0.1340 0.1354 0.1383 0.1430 0.1502 0.1621 0.1860 0.2299 0.2838
0.2317 0.1866 0.1624 0.1503 0.1431 0.1384 0.1355 0.1340 0.1338 0.1349 0.1372 0.1408 0.1456 0.1518 0.1596 0.1689 0.1800 0.1930 0.2081 0.2255 0.2455 0.2682 0.2938 0.3224 0.3538 0.3875 0.4223 0.4555 0.4825 0.4981 0.5029 0.5000 0.4914 0.4773 0.4579 0.4328 0.4014 0.3634 0.3186 0.2682 0.2175 0.1787 0.1589 0.1485 0.1421 0.1379 0.1354 0.1341 0.1337 0.1339 0.1340 0.1339 0.1337 0.1341 0.1354 0.1379 0.1421 0.1486 0.1589 0.1787 0.2175 0.2683 0.3186 0.3634 0.4015 0.4328 0.4579 0.4773 0.4914 0.5001 0.5029 0.4981 0.4825 0.4555 0.4223 0.3875 0.3538 0.3224 0.2938 0.2682 0.2455 0.2255 0.2081 0.1930 0.1800 0.1689 0.1596 0.1518 0.1456 0.1408 0.1372 0.1349 0.1338 0.1340 0.1355 0.1384 0.1431 0.1503 0.1624 0.1866 0.2317
0.1877 0.1627 0.1505 0.1432 0.1384 0.1355 0.1340 0.1338 0.1349 0.1372 0.1407 0.1455 0.1517 0.1594 0.1688 0.1799 0.1929 0.2080 0.2254 0.2454 0.2681 0.2937 0.3223 0.3538 0.3876 0.4224 0.4556 0.4826 0.4982 0.5029 0.5000 0.4912 0.4771 0.4576 0.4324 0.4009 0.3628 0.3178 0.2674 0.2167 0.1783 0.1587 0.1484 0.1419 0.1377 0.1352 0.1340 0.1338 0.1343 0.1351 0.1354 0.1351 0.1343 0.1338 0.1340 0.1352 0.1377 0.1419 0.1484 0.1587 0.1783 0.2168 0.2675 0.3178 0.3628 0.4009 0.4324 0.4576 0.4771 0.4913 0.5000 0.5029 0.4982 0.4826 0.4556 0.4224 0.3876 0.3538 0.3223 0.2937 0.2681 0.2454 0.2254 0.2080 0.1929 0.1799 0.1688 0.1594 0.1517 0.1455 0.1407 0.1372 0.1349 0.1338 0.1340 0.1355 0.1384 0.1432 0.1505 0.1627 0.1877
0.1633 0.1506 0.1433 0.1385 0.1355 0.1340 0.1338 0.1349 0.1371 0.1406 0.1454 0.1516 0.1593 0.1686 0.1797 0.1927 0.2078 0.2252 0.2452 0.2679 0.2935 0.3222 0.3537 0.3875 0.4224 0.4557 0.4827 0.4982 0.5029 0.5000 0.4912 0.4770 0.4574 0.4321 0.4005 0.3622 0.3172 0.2667 0.2160 0.1778 0.1584 0.1482 0.1418 0.1376 0.1351 0.1339 0.1339 0.1347 0.1361 0.1375 0.1381 0.1375 0.1361 0.1347 0.1339 0.1339 0.1351 0.1376 0.1418 0.1482 0.1585 0.1779 0.2160 0.2667 0.3172 0.3622 0.4005 0.4321 0.4574 0.4770 0.4912 0.5000 0.5029 0.4982 0.4827 0.4557 0.4224 0.3875 0.3537 0.3222 0.2935 0.2679 0.2452 0.2252 0.2078 0.1927 0.1797 0.1686 0.1593 0.1516 0.1454 0.1406 0.1371 0.1349 0.1338 0.1340 0.1355 0.1385 0.1433 0.1506 0.1633
0.1509 0.1434 0.1386 0.1356 0.1340 0.1338 0.1348 0.1371 0.1406 0.1454 0.1515 0.1592 0.1685 0.1795 0.1925 0.2076 0.2250 0.2450 0.2677 0.2933 0.3220 0.3535 0.3873 0.4223 0.4556 0.4827 0.4982 0.5029 0.4999 0.4911 0.4769 0.4572 0.4318 0.4001 0.3617 0.3165 0.2660 0.2154 0.1774 0.1582 0.1481 0.1417 0.1376 0.1351 0.1339 0.1339 0.1350 0.1369 0.1392 0.1412 0.1420 0.1412 0.1392 0.1369 0.1350 0.1339 0.1339 0.1351 0.1376 0.1417 0.1481 0.1582 0.1774 0.2154 0.2660 0.3166 0.3618 0.4002 0.4318 0.4572 0.4769 0.4911 0.4999 0.5029 0.4982 0.4827 0.4556 0.4223 0.3873 0.3535 0.3220 0.2933 0.2677 0.2450 0.2250 0.2076 0.1925 0.1795 0.1685 0.1592 0.1515 0.1454 0.1406 0.1371 0.1348 0.1338 0.1340 0.1356 0.1386 0.1434 0.1509
0.1435 0.1386 0.1356 0.1341 0.1338 0.1348 0.1370 0.1405 0.1453 0.1514 0.1591 0.1683 0.1793 0.1923 0.2073 0.2247 0.2447 0.2674 0.2930 0.3217 0.3532 0.3871 0.4221 0.4555 0.4826 0.4982 0.5029 0.4999 0.4911 0.4768 0.4571 0.4316 0.3999 0.3614 0.3161 0.2654 0.2148 0.1771 0.1581 0.1480 0.1416 0.1375 0.1350 0.1339 0.1339 0.1351 0.1373 0.1403 0.1435 0.1462 0.1473 0.1462 0.1435 0.1403 0.1373 0.1351 0.1339 0.1339 0.1350 0.1375 0.1416 0.1480 0.1581 0.1771 0.2148 0.2654 0.3161 0.3614 0.3999 0.4316 0.4571 0.4768 0.4911 0.4999 0.5029 0.4982 0.4826 0.4555 0.4221 0.3871 0.3532 0.3217 0.2930 0.2674 0.2447 0.2247 0.2073 0.1923 0.1793 0.1683 0.1591 0.1514 0.1453 0.1405 0.1370 0.1348 0.1338 0.1341 0.1356 0.1386 0.1435
0.1387 0.1356 0.1341 0.1338 0.1348 0.1370 0.1404 0.1452 0.1513 0.1589 0.1682 0.1792 0.1921 0.2071 0.2244 0.2444 0.2670 0.2927 0.3213 0.3529 0.3868 0.4218 0.4553 0.4825 0.4982 0.5029 0.4999 0.4911 0.4768 0.4570 0.4315 0.3997 0.3611 0.3157 0.2649 0.2143 0.1768 0.1579 0.1479 0.1415 0.1375 0.1350 0.1339 0.1340 0.1352 0.1376 0.1409 0.1450 0.1492 0.1526 0.1540 0.1526 0.1492 0.1450 0.1409 0.1376 0.1352 0.1340 0.1339 0.1350 0.1375 0.1416 0.1479 0.1579 0.1768 0.2143 0.2649 0.3157 0.3611 0.3997 0.4315 0.4570 0.4768 0.4911 0.4999 0.5029 0.4982 0.4825 0.4553 0.4218 0.3868 0.3529 0.3213 0.2927 0.2670 0.2444 0.2244 0.2071 0.1921 0.1792 0.1682 0.1589 0.1513 0.1452 0.1404 0.1370 0.1348 0.1338 0.1341 0.1356 0.1387
0.1356 0.1341 0.1338 0.1348 0.1369 0.1404 0.1451 0.1512 0.1588 0.1680 0.1790 0.1918 0.2068 0.2242 0.2440 0.2667 0.2923 0.3209 0.3524 0.3864 0.4214 0.4550 0.4823 0.4981 0.5029 0.5000 0.4911 0.4768 0.4570 0.4315 0.3996 0.3610 0.3155 0.2646 0.2140 0.1765 0.1578 0.1478 0.1415 0.1374 0.1350 0.1339 0.1340 0.1353 0.1377 0.1413 0.1458 0.1510 0.1563 0.1605 0.1622 0.1605 0.1563 0.1510 0.1458 0.1413 0.1377 0.1353 0.1340 0.1339 0.1350 0.1374 0.1415 0.1478 0.1578 0.1766 0.2140 0.2646 0.3155 0.3610 0.3996 0.4315 0.4570 0.4768 0.4911 0.5000 0.5029 0.4981 0.4823 0.4550 0.4214 0.3864 0.3524 0.3209 0.2923 0.2667 0.2440 0.2242 0.2068 0.1918 0.1790 0.1680 0.1588 0.1512 0.1451 0.1404 0.1369 0.1348 0.1338 0.1341 0.1356
0.1340 0.1338 0.1347 0.1369 0.1403 0.1450 0.1511 0.1587 0.1678 0.1788 0.1916 0.2066 0.2239 0.2437 0.2663 0.2919 0.3204 0.3520 0.3859 0.4210 0.4546 0.4821 0.4980 0.5029 0.5000 0.4912 0.4769 0.4571 0.4315 0.3996 0.3609 0.3153 0.2644 0.2137 0.1764 0.1577 0.1477 0.1414 0.1374 0.1349 0.1338 0.1340 0.1353 0.1378 0.1415 0.1463 0.1521 0.1586 0.1650 0.1701 0.1721 0.1701 0.1650 0.1586 0.1521 0.1463 0.1415 0.1378 0.1353 0.1340 0.1338 0.1349 0.1374 0.1414 0.1477 0.1577 0.1764 0.2137 0.2644 0.3153 0.3609 0.3996 0.4315 0.4571 0.4769 0.4912 0.5000 0.5029 0.4980 0.4821 0.4546 0.4210 0.3859 0.3520 0.3204 0.2919 0.2663 0.2437 0.2239 0.2066 0.1916 0.1788 0.1678 0.1587 0.1511 0.1450 0.1403 0.1369 0.1347 0.1338 0.1340
0.1336 0.1347 0.1368 0.1402 0.1449 0.1510 0.1585 0.1677 0.1786 0.1914 0.2063 0.2236 0.2434 0.2659 0.2914 0.3200 0.3515 0.3854 0.4205 0.4542 0.4818 0.4979 0.5028 0.5001 0.4913 0.4770 0.4572 0.4316 0.3997 0.3610 0.3153 0.2643 0.2136 0.1763 0.1576 0.1477 0.1414 0.1373 0.1349 0.1338 0.1340 0.1353 0.1379 0.1416 0.1465 0.1527 0.1599 0.1678 0.1755 0.1814 0.1838 0.1814 0.1755 0.1678 0.1599 0.1527 0.1465 0.1416 0.1379 0.1353 0.1340 0.1338 0.1349 0.1373 0.1414 0.1477 0.1576 0.1763 0.2136 0.2643 0.3153 0.3610 0.3997 0.4316 0.4572 0.4770 0.4913 0.5001 0.5028 0.4979 0.4818 0.4542 0.4205 0.3854 0.3515 0.3200 0.2914 0.2659 0.2434 0.2236 0.2063 0.1914 0.1786 0.1677 0.1585 0.1510 0.1449 0.1402 0.1368 0.1347 0.1336
0.1345 0.1368 0.1401 0.1448 0.1508 0.1584 0.1675 0.1784 0.1912 0.2061 0.2233 0.2431 0.2656 0.2910 0.3195 0.3510 0.3848 0.4200 0.4537 0.4815 0.4978 0.5028 0.5001 0.4914 0.4771 0.4574 0.4318 0.3999 0.3611 0.3155 0.2644 0.2136 0.1762 0.1576 0.1476 0.1414 0.1373 0.1349 0.1338 0.1340 0.1354 0.1379 0.1417 0.1467 0.1530 0.1606 0.1693 0.1787 0.1877 0.1947 0.1975 0.1947 0.1877 0.1787 0.1693 0.1606 0.1530 0.1467 0.1417 0.1379 0.1354 0.1340 0.1338 0.1349 0.1373 0.1414 0.1476 0.1576 0.1762 0.2136 0.2644 0.3155 0.3611 0.3999 0.4318 0.4574 0.4771 0.4914 0.5001 0.5028 0.4978 0.4815 0.4537 0.4200 0.3848 0.3510 0.3195 0.2910 0.2656 0.2431 0.2233 0.2061 0.1912 0.1784 0.1675 0.1584 0.1508 0.1448 0.1401 0.1368 0.1345
0.1365 0.1401 0.1447 0.1507 0.1582 0.1673 0.1782 0.1909 0.2058 0.2230 0.2427 0.2652 0.2906 0.3191 0.3505 0.3843 0.4194 0.4532 0.4811 0.4976 0.5028 0.5002 0.4915 0.4773 0.4576 0.4321 0.4002 0.3614 0.3157 0.2646 0.2137 0.1763 0.1576 0.1476 0.1414 0.1373 0.1349 0.1338 0.1340 0.1354 0.1380 0.1418 0.1468 0.1532 0.1610 0.1701 0.1805 0.1915 0.2021 0.2102 0.2134 0.2102 0.2021 0.1915 0.1804 0.1701 0.1610 0.1532 0.1468 0.1418 0.1380 0.1354 0.1340 0.1338 0.1349 0.1373 0.1414 0.1476 0.1576 0.1763 0.2137 0.2646 0.3157 0.3614 0.4002 0.4321 0.4576 0.4773 0.4915 0.5002 0.5028 0.4976 0.4811 0.4532 0.4194 0.3843 0.3505 0.3191 0.2906 0.2652 0.2427 0.2230 0.2058 0.1909 0.1782 0.1673 0.1582 0.1507 0.1447 0.1401 0.1365
0.1398 0.1446 0.1506 0.1581 0.1671 0.1780 0.1907 0.2055 0.2227 0.2424 0.2648 0.2902 0.3186 0.3500 0.3838 0.4189 0.4528 0.4808 0.4974 0.5028 0.5003 0.4917 0.4776 0.4579 0.4324 0.4005 0.3618 0.3161 0.2649 0.2140 0.1764 0.1576 0.1476 0.1414 0.1373 0.1349 0.1338 0.1340 0.1354 0.1380 0.1418 0.1469 0.1534 0.1612 0.1706 0.1814 0.1936 0.2064 0.2187 0.2280 0.2317 0.2280 0.2187 0.2064 0.1936 0.1814 0.1706 0.1612 0.1534 0.1469 0.1418 0.1380 0.1354 0.1340 0.1338 0.1349 0.1373 0.1414 0.1476 0.1576 0.1764 0.2140 0.2649 0.3161 0.3618 0.4005 0.4324 0.4579 0.4776 0.4917 0.5003 0.5028 0.4974 0.4808 0.4528 0.4189 0.3838 0.3500 0.3186 0.2902 0.2648 0.2424 0.2227 0.2055 0.1907 0.1780 0.1671 0.1581 0.1506 0.1446 0.1398
0.1443 0.1505 0.1579 0.1670 0.1777 0.1904 0.2052 0.2223 0.2420 0.2644 0.2898 0.3181 0.3495 0.3833 0.4184 0.4523 0.4804 0.4973 0.5028 0.5004 0.4919 0.4778 0.4582 0.4328 0.4009 0.3622 0.3166 0.2654 0.2143 0.1766 0.1577 0.1477 0.1414 0.1373 0.1349 0.1338 0.1340 0.1354 0.1380 0.1418 0.1470 0.1534 0.1614 0.1709 0.1820 0.1947 0.2088 0.2236 0.2377 0.2485 0.2526 0.2485 0.2377 0.2236 0.2088 0.1947 0.1820 0.1709 0.1614 0.1534 0.1469 0.1418 0.1380 0.1354 0.1340 0.1338 0.1349 0.1373 0.1414 0.1477 0.1577 0.1766 0.2143 0.2654 0.3166 0.3622 0.4009 0.4328 0.4582 0.4778 0.4919 0.5004 0.5028 0.4973 0.4804 0.4523 0.4184 0.3833 0.3495 0.3181 0.2898 0.2644 0.2420 0.2223 0.2052 0.1904 0.1777 0.1670 0.1579 0.1505 0.1443
0.1501 0.1578 0.1668 0.1775 0.1902 0.2050 0.2220 0.2416 0.2640 0.2893 0.3176 0.3489 0.3827 0.4178 0.4518 0.4801 0.4971 0.5028 0.5005 0.4920 0.4781 0.4586 0.4332 0.4015 0.3628 0.3172 0.2660 0.2148 0.1768 0.1578 0.1477 0.1414 0.1373 0.1349 0.1338 0.1340 0.1354 0.1380 0.1419 0.1470 0.1535 0.1615 0.1711 0.1823 0.1953 0.2101 0.2264 0.2434 0.2595 0.2717 0.2764 0.2717 0.2595 0.2434 0.2264 0.2101 0.1953 0.1823 0.1711 0.1615 0.1535 0.1470 0.1418 0.1380 0.1354 0.1340 0.1338 0.1349 0.1373 0.1414 0.1477 0.1578 0.1768 0.2148 0.2660 0.3172 0.3628 0.4015 0.4332 0.4586 0.4781 0.4920 0.5005 0.5028 0.4971 0.4801 0.4518 0.4178 0.3827 0.3489 0.3176 0.2893 0.2640 0.2416 0.2220 0.2050 0.1902 0.1775 0.1668 0.1578 0.1501
0.1573 0.1666 0.1773 0.1900 0.2047 0.2217 0.2413 0.2636 0.2888 0.3171 0.3484 0.3821 0.4173 0.4513 0.4797 0.4970 0.5028 0.5005 0.4922 0.4783 0.4589 0.4336 0.4020 0.3634 0.3178 0.2667 0.2154 0.1771 0.1579 0.1478 0.1414 0.1373 0.1349 0.1338 0.1340 0.1354 0.1380 0.1419 0.1470 0.1535 0.1615 0.1712 0.1825 0.1957 0.2108 0.2279 0.2466 0.2659 0.2842 0.2980 0.3032 0.2979 0.2842 0.2659 0.2465 0.2279 0.2108 0.1957 0.1825 0.1712 0.1615 0.1535 0.1470 0.1419 0.1380 0.1354 0.1340 0.1338 0.1349 0.1373 0.1414 0.1478 0.1579 0.1771 0.2154 0.2667 0.3178 0.3634 0.4020 0.4336 0.4589 0.4783 0.4922 0.5005 0.5028 0.4970 0.4797 0.4513 0.4173 0.3821 0.3484 0.3171 0.2888 0.2636 0.2413 0.2217 0.2047 0.1900 0.1773 0.1666 0.1573
0.1661 0.1771 0.1897 0.2044 0.2214 0.2409 0.2631 0.2883 0.3166 0.3478 0.3815 0.4167 0.4508 0.4793 0.4968 0.5027 0.5006 0.4924 0.4786 0.4593 0.4341 0.4025 0.3641 0.3186 0.2675 0.2160 0.1774 0.1581 0.1479 0.1415 0.1374 0.1349 0.1338 0.1340 0.1354 0.1380 0.1418 0.1470 0.1535 0.1616 0.1712 0.1826 0.1959 0.2112 0.2287 0.2482 0.2695 0.2914 0.3119 0.3272 0.3331 0.3272 0.3118 0.2914 0.2695 0.2482 0.2287 0.2112 0.1959 0.1826 0.1712 0.1616 0.1535 0.1470 0.1418 0.1380 0.1354 0.1340 0.1338 0.1349 0.1374 0.1415 0.1479 0.1581 0.1774 0.2160 0.2675 0.3186 0.3641 0.4025 0.4341 0.4593 0.4786 0.4924 0.5006 0.5027 0.4968 0.4793 0.4508 0.4167 0.3815 0.3478 0.3166 0.2883 0.2631 0.2409 0.2214 0.2044 0.1897 0.1771 0.1661
0.1766 0.1895 0.2041 0.2211 0.2405 0.2627 0.2879 0.3161 0.3472 0.3809 0.4161 0.4502 0.4789 0.4966 0.5027 0.5007 0.4925 0.4788 0.4596 0.4345 0.4030 0.3647 0.3193 0.2683 0.2168 0.1779 0.1582 0.1480 0.1416 0.1374 0.1349 0.1338 0.1340 0.1354 0.1380 0.1418 0.1470 0.1535 0.1616 0.1712 0.1827 0.1960 0.2114 0.2291 0.2491 0.2713 0.2953 0.3198 0.3425 0.3593 0.3656 0.3593 0.3425 0.3198 0.2953 0.2713 0.2491 0.2291 0.2114 0.1960 0.1827 0.1712 0.1616 0.1535 0.1470 0.1418 0.1380 0.1354 0.1340 0.1338 0.1349 0.1374 0.1416 0.1480 0.1582 0.1779 0.2168 0.2683 0.3193 0.3647 0.4030 0.4345 0.4596 0.4788 0.4925 0.5007 0.5027 0.4966 0.4789 0.4502 0.4161 0.3809 0.3472 0.3161 0.2879 0.2627 0.2405 0.2211 0.2041 0.1895 0.1766
0.1889 0.2038 0.2207 0.2401 0.2623 0.2874 0.3155 0.3466 0.3803 0.4154 0.4496 0.4785 0.4964 0.5027 0.5008 0.4927 0.4791 0.4599 0.4349 0.4036 0.3653 0.3201 0.2691 0.2175 0.1783 0.1585 0.1481 0.1416 0.1375 0.1350 0.1338 0.1340 0.1354 0.1380 0.1418 0.1469 0.1535 0.1615 0.1712 0.1827 0.1960 0.2115 0.2293 0.2495 0.2723 0.2973 0.3241 0.3512 0.3757 0.3936 0.4002 0.3936 0.3757 0.3512 0.3241 0.2973 0.2723 0.2495 0.2293 0.2115 0.1960 0.1827 0.1712 0.1615 0.1535 0.1469 0.1418 0.1380 0.1354 0.1340 0.1338 0.1350 0.1375 0.1416 0.1481 0.1585 0.1783 0.2175 0.2691 0.3201 0.3653 0.4036 0.4349 0.4599 0.4791 0.4927 0.5008 0.5027 0.4964 0.4785 0.4496 0.4154 0.3803 0.3466 0.3155 0.2874 0.2623 0.2401 0.2207 0.2038 0.1889
0.2033 0.2204 0.2397 0.2618 0.2869 0.3149 0.3460 0.3796 0.4147 0.4490 0.4781 0.4962 0.5027 0.5009 0.4929 0.4793 0.4603 0.4354 0.4041 0.3660 0.3209 0.2699 0.2183 0.1787 0.1587 0.1482 0.1417 0.1375 0.1350 0.1339 0.1340 0.1353 0.1379 0.1418 0.1469 0.1534 0.1615 0.1712 0.1826 0.1960 0.2115 0.2294 0.2497 0.2727 0.2983 0.3263 0.3558 0.3849 0.4106 0.4285 0.4351 0.4285 0.4105 0.3849 0.3558 0.3263 0.2983 0.2727 0.2497 0.2294 0.2115 0.1960 0.1826 0.1712 0.1615 0.1534 0.1469 0.1418 0.1379 0.1353 0.1340 0.1339 0.1350 0.1375 0.1417 0.1482 0.1587 0.1787 0.2183 0.2699 0.3209 0.3660 0.4041 0.4354 0.4603 0.4793 0.4929 0.5009 0.5027 0.4962 0.4781 0.4490 0.4147 0.3796 0.3460 0.3149 0.2869 0.2618 0.2397 0.2204 0.2033
0.2198 0.2393 0.2613 0.2863 0.3143 0.3453 0.3789 0.4140 0.4483 0.4775 0.4959 0.5026 0.5010 0.4931 0.4797 0.4607 0.4359 0.4048 0.3668 0.3217 0.2709 0.2192 0.1793 0.1589 0.1484 0.1418 0.1376 0.1350 0.1339 0.1340 0.1353 0.1379 0.1417 0.1468 0.1534 0.1614 0.1711 0.1825 0.1959 0.2114 0.2293 0.2497 0.2728 0.2987 0.3273 0.3580 0.3896 0.4198 0.4448 0.4612 0.4668 0.4612 0.4448 0.4197 0.3896 0.3580 0.3273 0.2987 0.2728 0.2497 0.2293 0.2114 0.1959 0.1825 0.1711 0.1614 0.1534 0.1468 0.1417 0.1379 0.1353 0.1340 0.1339 0.1350 0.1376 0.1418 0.1484 0.1589 0.1793 0.2192 0.2709 0.3217 0.3668 0.4048 0.4359 0.4607 0.4797 0.4931 0.5010 0.5026 0.4959 0.4775 0.4483 0.4140 0.3789 0.3453 0.3143 0.2863 0.2613 0.2393 0.2198
0.2386 0.2607 0.2856 0.3135 0.3445 0.3780 0.4131 0.4475 0.4769 0.4956 0.5026 0.5011 0.4934 0.4801 0.4612 0.4366 0.4056 0.3677 0.3228 0.2720 0.2203 0.1799 0.1592 0.1486 0.1419 0.1376 0.1351 0.1339 0.1340 0.1353 0.1378 0.1416 0.1467 0.1532 0.1612 0.1709 0.1823 0.1957 0.2112 0.2291 0.2495 0.2727 0.2987 0.3276 0.3590 0.3918 0.4243 0.4531 0.4745 0.4863 0.4899 0.4863 0.4745 0.4531 0.4243 0.3918 0.3590 0.3276 0.2987 0.2727 0.2495 0.2291 0.2112 0.1957 0.1823 0.1709 0.1612 0.1532 0.1467 0.1416 0.1378 0.1353 0.1340 0.1339 0.1351 0.1376 0.1419 0.1486 0.1592 0.1799 0.2203 0.2720 0.3228 0.3677 0.4056 0.4366 0.4612 0.4801 0.4934 0.5011 0.5026 0.4956 0.4769 0.4475 0.4131 0.3780 0.3445 0.3135 0.2856 0.2607 0.2386
0.2598 0.2847 0.3125 0.3433 0.3768 0.4118 0.4463 0.4760 0.4952 0.5025 0.5013 0.4937 0.4806 0.4619 0.4375 0.4067 0.3690 0.3243 0.2737 0.2218 0.1809 0.1597 0.1488 0.1421 0.1377 0.1351 0.1339 0.1339 0.1352 0.1377 0.1415 0.1465 0.1530 0.1610 0.1706 0.1820 0.1953 0.2108 0.2287 0.2491 0.2723 0.2983 0.3273 0.3590 0.3925 0.4261 0.4569 0.4806 0.4941 0.4996 0.5009 0.4996 0.4941 0.4806 0.4569 0.4261 0.3925 0.3590 0.3273 0.2983 0.2723 0.2491 0.2287 0.2108 0.1953 0.1820 0.1706 0.1610 0.1530 0.1465 0.1415 0.1377 0.1352 0.1339 0.1339 0.1351 0.1377 0.1421 0.1488 0.1597 0.1809 0.2218 0.2737 0.3243 0.3690 0.4067 0.4375 0.4619 0.4806 0.4937 0.5013 0.5025 0.4952 0.4760 0.4463 0.4118 0.3768 0.3433 0.3125 0.2847 0.2598
0.2833 0.3109 0.3416 0.3749 0.4100 0.4446 0.4747 0.4945 0.5023 0.5015 0.4943 0.4814 0.4630 0.4389 0.4084 0.3711 0.3267 0.2763 0.2242 0.1824 0.1604 0.1492 0.1424 0.1379 0.1352 0.1339 0.1339 0.1351 0.1376 0.1413 0.1463 0.1527 0.1606 0.1701 0.1814 0.1947 0.2101 0.2279 0.2482 0.2713 0.2973 0.3263 0.3580 0.3918 0.4261 0.4580 0.4829 0.4969 0.5021 0.5028 0.5026 0.5028 0.5021 0.4969 0.4829 0.4580 0.4261 0.3918 0.3580 0.3263 0.2973 0.2713 0.2482 0.2279 0.2101 0.1947 0.1814 0.1701 0.1606 0.1527 0.1463 0.1413 0.1376 0.1351 0.1339 0.1339 0.1352 0.1379 0.1424 0.1492 0.1604 0.1824 0.2242 0.2763 0.3267 0.3711 0.4084 0.4389 0.4630 0.4814 0.4943 0.5015 0.5023 0.4945 0.4747 0.4446 0.4100 0.3749 0.3416 0.3109 0.2833
0.3084 0.3386 0.3718 0.4068 0.4416 0.4723 0.4933 0.5021 0.5018 0.4951 0.4827 0.4648 0.4412 0.4113 0.3745 0.3307 0.2807 0.2284 0.1851 0.1617 0.1499 0.1428 0.1382 0.1354 0.1340 0.1339 0.1350 0.1373 0.1409 0.1458 0.1521 0.1599 0.1693 0.1804 0.1936 0.2088 0.2264 0.2465 0.2695 0.2953 0.3241 0.3558 0.3896 0.4243 0.4569 0.4828 0.4976 0.5026 0.5020 0.4995 0.4982 0.4995 0.5020 0.5026 0.4976 0.4829 0.4569 0.4243 0.3896 0.3558 0.3241 0.2953 0.2695 0.2465 0.2264 0.2088 0.1936 0.1804 0.1693 0.1599 0.1521 0.1458 0.1409 0.1373 0.1350 0.1339 0.1340 0.1354 0.1382 0.1428 0.1499 0.1617 0.1851 0.2284 0.2807 0.3307 0.3745 0.4113 0.4412 0.4648 0.4827 0.4951 0.5018 0.5021 0.4933 0.4723 0.4416 0.4068 0.3718 0.3386 0.3084
0.3340 0.3663 0.4011 0.4362 0.4680 0.4909 0.5014 0.5023 0.4965 0.4850 0.4679 0.4452 0.4162 0.3806 0.3378 0.2886 0.2361 0.1904 0.1642 0.1514 0.1437 0.1388 0.1357 0.1341 0.1338 0.1347 0.1369 0.1403 0.1450 0.1510 0.1586 0.1678 0.1787 0.1915 0.2064 0.2236 0.2434 0.2659 0.2914 0.3198 0.3512 0.3849 0.4197 0.4531 0.4805 0.4969 0.5026 0.5016 0.4970 0.4919 0.4896 0.4919 0.4970 0.5016 0.5026 0.4969 0.4806 0.4531 0.4197 0.3849 0.3512 0.3198 0.2914 0.2659 0.2434 0.2236 0.2064 0.1915 0.1787 0.1678 0.1586 0.1510 0.1450 0.1403 0.1369 0.1347 0.1338 0.1341 0.1357 0.1388 0.1437 0.1514 0.1642 0.1904 0.2361 0.2886 0.3378 0.3806 0.4162 0.4452 0.4679 0.4850 0.4965 0.5023 0.5014 0.4909 0.4680 0.4362 0.4011 0.3663 0.3340
0.3572 0.3909 0.4263 0.4596 0.4856 0.4995 0.5028 0.4987 0.4887 0.4732 0.4521 0.4249 0.3912 0.3504 0.3027 0.2505 0.2015 0.1696 0.1542 0.1455 0.1399 0.1364 0.1344 0.1337 0.1343 0.1361 0.1392 0.1435 0.1492 0.1563 0.1650 0.1755 0.1877 0.2021 0.2187 0.2377 0.2595 0.2842 0.3118 0.3425 0.3757 0.4105 0.4448 0.4745 0.4941 0.5021 0.5020 0.4970 0.4893 0.4822 0.4792 0.4822 0.4893 0.4970 0.5020 0.5021 0.4941 0.4745 0.4448 0.4105 0.3757 0.3425 0.3118 0.2842 0.2595 0.2377 0.2187 0.2021 0.1877 0.1755 0.1650 0.1563 0.1492 0.1435 0.1392 0.1361 0.1343 0.1337 0.1344 0.1364 0.1399 0.1455 0.1542 0.1696 0.2015 0.2505 0.3027 0.3504 0.3912 0.4249 0.4521 0.4732 0.4887 0.4987 0.5028 0.4995 0.4856 0.4596 0.4263 0.3909 0.3572
0.3741 0.4084 0.4434 0.4739 0.4942 0.5023 0.5016 0.4944 0.4816 0.4632 0.4391 0.4086 0.3713 0.3269 0.2764 0.2244 0.1826 0.1606 0.1493 0.1424 0.1379 0.1352 0.1339 0.1339 0.1351 0.1375 0.1412 0.1462 0.1526 0.1605 0.1701 0.1814 0.1947 0.2102 0.2280 0.2485 0.2717 0.2979 0.3272 0.3593 0.3936 0.4285 0.4612 0.4863 0.4996 0.5028 0.4995 0.4919 0.4822 0.4737 0.4702 0.4737 0.4822 0.4919 0.4995 0.5028 0.4996 0.4863 0.4612 0.4285 0.3936 0.3593 0.3272 0.2979 0.2717 0.2485 0.2280 0.2102 0.1947 0.1814 0.1701 0.1605 0.1526 0.1462 0.1412 0.1375 0.1351 0.1339 0.1339 0.1352 0.1379 0.1424 0.1493 0.1606 0.1826 0.2244 0.2764 0.3269 0.3713 0.4086 0.4391 0.4632 0.4816 0.4944 0.5016 0.5023 0.4942 0.4739 0.4434 0.4084 0.3741
0.3805 0.4149 0.4495 0.4786 0.4965 0.5027 0.5007 0.4924 0.4786 0.4591 0.4338 0.4021 0.3635 0.3178 0.2665 0.2153 0.1771 0.1580 0.1478 0.1414 0.1373 0.1348 0.1338 0.1340 0.1354 0.1381 0.1420 0.1473 0.1540 0.1622 0.1721 0.1838 0.1975 0.2134 0.2317 0.2526 0.2764 0.3032 0.3331 0.3656 0.4002 0.4351 0.4668 0.4899 0.5009 0.5026 0.4982 0.4896 0.4792 0.4702 0.4665 0.4702 0.4792 0.4896 0.4982 0.5026 0.5009 0.4899 0.4668 0.4351 0.4002 0.3656 0.3330 0.3032 0.2764 0.2526 0.2317 0.2134 0.1975 0.1838 0.1721 0.1622 0.1540 0.1473 0.1420 0.1381 0.1354 0.1340 0.1338 0.1348 0.1373 0.1414 0.1478 0.1580 0.1771 0.2153 0.2665 0.3178 0.3635 0.4021 0.4338 0.4591 0.4786 0.4924 0.5007 0.5027 0.4965 0.4786 0.4495 0.4149 0.3805
0.3741 0.4084 0.4434 0.4739 0.4942 0.5023 0.5016 0.4944 0.4816 0.4632 0.4391 0.4086 0.3713 0.3269 0.2764 0.2244 0.1826 0.1606 0.1493 0.1424 0.1379 0.1352 0.1339 0.1339 0.1351 0.1375 0.1412 0.1462 0.1526 0.1605 0.1701 0.1814 0.1947 0.2102 0.2280 0.2485 0.2717 0.2980 0.3272 0.3593 0.3936 0.4285 0.4612 0.4863 0.4996 0.5028 0.4995 0.4919 0.4822 0.4737 0.4702 0.4737 0.4822 0.4919 0.4995 0.5028 0.4996 0.4863 0.4612 0.4285 0.3936 0.3593 0.3272 0.2979 0.2717 0.2485 0.2280 0.2102 0.1947 0.1814 0.1701 0.1605 0.1526 0.1462 0.1412 0.1375 0.1351 0.1339 0.1339 0.1352 0.1379 0.1424 0.1493 0.1606 0.1826 0.2244 0.2764 0.3269 0.3713 0.4086 0.4391 0.4632 0.4816 0.4944 0.5016 0.5023 0.4942 0.4739 0.4434 0.4084 0.3741
0.3572 0.3909 0.4263 0.4596 0.4856 0.4995 0.5028 0.4987 0.4887 0.4732 0.4521 0.4249 0.3912 0.3504 0.3027 0.2505 0.2015 0.1696 0.1542 0.1455 0.1399 0.1364 0.1344 0.1337 0.1343 0.1361 0.1392 0.1435 0.1492 0.1563 0.1650 0.1755 0.1877 0.2021 0.2187 0.2377 0.2595 0.2842 0.3119 0.3425 0.3757 0.4105 0.4448 0.4745 0.4941 0.5021 0.5020 0.4970 0.4893 0.4822 0.4792 0.4822 0.4893 0.4970 0.5020 0.5021 0.4941 0.4745 0.4448 0.4105 0.3757 0.3425 0.3118 0.2842 0.2595 0.2377 0.2187 0.2021 0.1877 0.1755 0.1650 0.1563 0.1492 0.1435 0.1392 0.1361 0.1343 0.1337 0.1344 0.1364 0.1399 0.1455 0.1542 0.1696 0.2015 0.2505 0.3027 0.3504 0.3912 0.4249 0.4521 0.4732 0.4887 0.4987 0.5028 0.4995 0.4856 0.4596 0.4263 0.3909 0.3572
0.3340 0.3663 0.4011 0.4362 0.4680 0.4909 0.5014 0.5023 0.4965 0.4850 0.4679 0.4452 0.4162 0.3806 0.3378 0.2886 0.2361 0.1904 0.1642 0.1514 0.1437 0.1388 0.1357 0.1341 0.1338 0.1347 0.1369 0.1403 0.1450 0.1510 0.1586 0.1678 0.1787 0.1915 0.2064 0.2236 0.2434 0.2659 0.2914 0.3198 0.3512 0.3849 0.4197 0.4531 0.4805 0.4969 0.5026 0.5016 0.4970 0.4919 0.4896 0.4919 0.4970 0.5016 0.5026 0.4969 0.4806 0.4531 0.4197 0.3849 0.3512 0.3198 0.2914 0.2659 0.2434 0.2236 0.2064 0.1915 0.1787 0.1678 0.1586 0.1510 0.1450 0.1403 0.1369 0.1347 0.1338 0.1341 0.1357 0.1388 0.1437 0.1514 0.1642 0.1904 0.2361 0.2886 0.3378 0.3806 0.4162 0.4452 0.4679 0.4850 0.4965 0.5023 0.5014 0.4909 0.4680 0.4362 0.4011 0.3663 0.3340
0.3084 0.3386 0.3718 0.4068 0.4416 0.4723 0.4933 0.5021 0.5018 0.4951 0.4827 0.4648 0.4412 0.4113 0.3745 0.3307 0.2807 0.2284 0.1851 0.1617 0.1499 0.1428 0.1382 0.1354 0.1340 0.1339 0.1350 0.1373 0.1409 0.1458 0.1521 0.1599 0.1693 0.1805 0.1936 0.2088 0.2264 0.2465 0.2695 0.2953 0.3241 0.3558 0.3896 0.4243 0.4569 0.4828 0.4976 0.5026 0.5021 0.4995 0.4982 0.4995 0.5020 0.5026 0.4976 0.4829 0.4569 0.4243 0.3896 0.3558 0.3241 0.2953 0.2695 0.2465 0.2264 0.2088 0.1936 0.1804 0.1693 0.1599 0.1521 0.1458 0.1409 0.1373 0.1350 0.1339 0.1340 0.1354 0.1382 0.1428 0.1499 0.1617 0.1851 0.2284 0.2807 0.3307 0.3745 0.4113 0.4412 0.4648 0.4827 0.4951 0.5018 0.5021 0.4933 0.4723 0.4416 0.4068 0.3718 0.3386 0.3084
0.2833 0.3109 0.3416 0.3749 0.4100 0.4446 0.4747 0.4945 0.5023 0.5015 0.4943 0.4814 0.4630 0.4389 0.4084 0.3711 0.3267 0.2763 0.2242 0.1824 0.1604 0.1492 0.1424 0.1379 0.1352 0.1339 0.1339 0.1351 0.1376 0.1413 0.1463 0.1527 0.1606 0.1701 0.1814 0.1947 0.2101 0.2279 0.2482 0.2713 0.2973 0.3263 0.3580 0.3918 0.4261 0.4580 0.4828 0.4969 0.5021 0.5028 0.5026 0.5028 0.5021 0.4969 0.4829 0.4580 0.4261 0.3918 0.3580 0.3263 0.2973 0.2713 0.2482 0.2279 0.2101 0.1947 0.1814 0.1701 0.1606 0.1527 0.1463 0.1413 0.1376 0.1351 0.1339 0.1339 0.1352 0.1379 0.1424 0.1492 0.1604 0.1824 0.2242 0.2763 0.3267 0.3711 0.4084 0.4389 0.4630 0.4814 0.4943 0.5015 0.5023 0.4945 0.4747 0.4446 0.4100 0.3749 0.3416 0.3109 0.2833
