0.4213 0.4534 0.4823 0.5004 0.5070 0.5054 0.4976 0.4844 0.4658 0.4415 0.4110 0.3737 0.3295 0.2794 0.2274 0.1848 0.1619 0.1502 0.1430 0.1383 0.1354 0.1339 0.1337 0.1346 0.1368 0.1401 0.1447 0.1506 0.1580 0.1670 0.1776 0.1901 0.2046 0.2214 0.2406 0.2626 0.2874 0.3152 0.3460 0.3794 0.4145 0.4490 0.4789 0.4987 0.5066 0.5062 0.5002 0.4905 0.4792 0.4696 0.4657 0.4696 0.4792 0.4905 0.5002 0.5062 0.5066 0.4987 0.4789 0.4490 0.4145 0.3794 0.3460 0.3152 0.2874 0.2626 0.2406 0.2214 0.2046 0.1901 0.1776 0.1670 0.1580 0.1506 0.1447 0.1401 0.1368 0.1346 0.1337 0.1339 0.1354 0.1383 0.1430 0.1502 0.1619 0.1849 0.2274 0.2794 0.3295 0.3737 0.4110 0.4415 0.4658 0.4844 0.4976 0.5054 0.5070 0.5004 0.4823 0.4534 0.4213
0.4534 0.4791 0.4965 0.5027 0.5009 0.4931 0.4800 0.4615 0.4374 0.4071 0.3703 0.3266 0.2770 0.2257 0.1838 0.1613 0.1499 0.1429 0.1383 0.1355 0.1340 0.1338 0.1348 0.1370 0.1404 0.1451 0.1511 0.1585 0.1674 0.1781 0.1906 0.2052 0.2220 0.2412 0.2630 0.2878 0.3154 0.3459 0.3789 0.4134 0.4472 0.4762 0.4950 0.5024 0.5016 0.4950 0.4840 0.4697 0.4545 0.4420 0.4370 0.4420 0.4544 0.4697 0.4840 0.4950 0.5016 0.5024 0.4950 0.4762 0.4472 0.4134 0.3789 0.3459 0.3154 0.2877 0.2630 0.2412 0.2219 0.2052 0.1906 0.1781 0.1674 0.1585 0.1510 0.1451 0.1404 0.1370 0.1348 0.1338 0.1340 0.1355 0.1383 0.1429 0.1499 0.1613 0.1838 0.2257 0.2770 0.3266 0.3703 0.4072 0.4374 0.4615 0.4800 0.4931 0.5009 0.5027 0.4965 0.4791 0.4534
0.4823 0.4965 0.5027 0.5009 0.4930 0.4798 0.4612 0.4370 0.4066 0.3696 0.3258 0.2761 0.2249 0.1833 0.1611 0.1497 0.1428 0.1382 0.1354 0.1340 0.1338 0.1349 0.1371 0.1405 0.1452 0.1512 0.1586 0.1676 0.1783 0.1909 0.2055 0.2223 0.2415 0.2635 0.2882 0.3159 0.3465 0.3796 0.4140 0.4478 0.4767 0.4953 0.5024 0.5015 0.4945 0.4826 0.4666 0.4474 0.4278 0.4120 0.4058 0.4120 0.4278 0.4474 0.4665 0.4826 0.4945 0.5015 0.5024 0.4953 0.4767 0.4478 0.4140 0.3796 0.3465 0.3159 0.2882 0.2635 0.2415 0.2223 0.2054 0.1909 0.1783 0.1676 0.1586 0.1512 0.1452 0.1405 0.1371 0.1349 0.1338 0.1340 0.1354 0.1382 0.1428 0.1497 0.1611 0.1833 0.2249 0.2761 0.3258 0.3696 0.4066 0.4370 0.4612 0.4798 0.4930 0.5009 0.5027 0.4965 0.4823
0.5004 0.5027 0.5009 0.4930 0.4796 0.4610 0.4366 0.4062 0.3691 0.3251 0.2753 0.2241 0.1828 0.1608 0.1496 0.1427 0.1382 0.1354 0.1340 0.1338 0.1349 0.1371 0.1406 0.1453 0.1513 0.1588 0.1678 0.1785 0.1911 0.2057 0.2226 0.2419 0.2639 0.2887 0.3165 0.3471 0.3802 0.4147 0.4484 0.4771 0.4955 0.5025 0.5013 0.4942 0.4818 0.4647 0.4434 0.4190 0.3946 0.3753 0.3677 0.3753 0.3946 0.4190 0.4433 0.4647 0.4818 0.4942 0.5013 0.5025 0.4955 0.4771 0.4484 0.4147 0.3802 0.3471 0.3164 0.2887 0.2639 0.2419 0.2226 0.2057 0.1911 0.1785 0.1678 0.1588 0.1513 0.1452 0.1406 0.1371 0.1349 0.1338 0.1340 0.1354 0.1382 0.1427 0.1496 0.1608 0.1828 0.2241 0.2753 0.3251 0.3691 0.4062 0.4366 0.4610 0.4796 0.4930 0.5009 0.5027 0.5004
0.5070 0.5009 0.4930 0.4796 0.4609 0.4364 0.4058 0.3686 0.3245 0.2746 0.2234 0.1823 0.1606 0.1495 0.1426 0.1381 0.1354 0.1340 0.1339 0.1349 0.1372 0.1406 0.1453 0.1514 0.1589 0.1680 0.1787 0.1914 0.2060 0.2229 0.2423 0.2643 0.2892 0.3170 0.3477 0.3808 0.4153 0.4489 0.4776 0.4957 0.5025 0.5012 0.4939 0.4813 0.4636 0.4410 0.4140 0.3839 0.3543 0.3314 0.3225 0.3314 0.3543 0.3839 0.4139 0.4410 0.4636 0.4813 0.4939 0.5012 0.5025 0.4957 0.4776 0.4489 0.4153 0.3808 0.3476 0.3170 0.2892 0.2643 0.2423 0.2229 0.2060 0.1913 0.1787 0.1680 0.1589 0.1514 0.1453 0.1406 0.1372 0.1349 0.1339 0.1340 0.1354 0.1381 0.1426 0.1495 0.1606 0.1823 0.2234 0.2746 0.3245 0.3686 0.4058 0.4364 0.4609 0.4796 0.4930 0.5009 0.5070
0.5054 0.4931 0.4798 0.4610 0.4364 0.4057 0.3684 0.3241 0.2741 0.2228 0.1819 0.1604 0.1493 0.1425 0.1381 0.1353 0.1340 0.1339 0.1349 0.1372 0.1407 0.1454 0.1515 0.1591 0.1681 0.1789 0.1916 0.2063 0.2232 0.2426 0.2647 0.2896 0.3175 0.3482 0.3814 0.4159 0.4495 0.4780 0.4960 0.5026 0.5012 0.4937 0.4809 0.4628 0.4396 0.4110 0.3778 0.3417 0.3071 0.2812 0.2714 0.2812 0.3071 0.3417 0.3778 0.4110 0.4396 0.4628 0.4809 0.4937 0.5012 0.5026 0.4960 0.4780 0.4495 0.4159 0.3814 0.3482 0.3175 0.2896 0.2647 0.2426 0.2232 0.2063 0.1916 0.1789 0.1681 0.1591 0.1515 0.1454 0.1407 0.1372 0.1349 0.1339 0.1340 0.1353 0.1381 0.1425 0.1493 0.1604 0.1819 0.2228 0.2741 0.3241 0.3683 0.4057 0.4364 0.4610 0.4798 0.4931 0.5054
0.4976 0.4800 0.4612 0.4366 0.4058 0.3684 0.3240 0.2738 0.2224 0.1816 0.1602 0.1492 0.1424 0.1380 0.1353 0.1340 0.1339 0.1350 0.1373 0.1408 0.1455 0.1516 0.1592 0.1683 0.1791 0.1918 0.2066 0.2236 0.2430 0.2651 0.2901 0.3180 0.3488 0.3820 0.4165 0.4501 0.4784 0.4962 0.5026 0.5011 0.4935 0.4805 0.4623 0.4386 0.4093 0.3743 0.3345 0.2928 0.2551 0.2288 0.2196 0.2288 0.2550 0.2928 0.3345 0.3742 0.4093 0.4386 0.4623 0.4805 0.4935 0.5011 0.5026 0.4962 0.4784 0.4501 0.4165 0.3820 0.3488 0.3180 0.2901 0.2651 0.2430 0.2236 0.2066 0.1918 0.1791 0.1683 0.1592 0.1516 0.1455 0.1408 0.1373 0.1350 0.1339 0.1340 0.1353 0.1380 0.1424 0.1492 0.1602 0.1816 0.2224 0.2738 0.3240 0.3683 0.4058 0.4366 0.4612 0.4800 0.4976
0.4844 0.4615 0.4370 0.4062 0.3686 0.3241 0.2738 0.2223 0.1815 0.1601 0.1492 0.1424 0.1380 0.1353 0.1339 0.1339 0.1350 0.1373 0.1408 0.1456 0.1518 0.1593 0.1685 0.1793 0.1921 0.2069 0.2239 0.2434 0.2656 0.2906 0.3186 0.3494 0.3826 0.4171 0.4507 0.4789 0.4964 0.5027 0.5010 0.4933 0.4802 0.4618 0.4379 0.4081 0.3721 0.3304 0.2848 0.2403 0.2052 0.1854 0.1796 0.1854 0.2052 0.2403 0.2848 0.3304 0.3721 0.4081 0.4379 0.4618 0.4802 0.4933 0.5010 0.5027 0.4964 0.4788 0.4506 0.4171 0.3826 0.3494 0.3185 0.2906 0.2656 0.2434 0.2239 0.2068 0.1921 0.1793 0.1685 0.1593 0.1518 0.1456 0.1408 0.1373 0.1350 0.1339 0.1339 0.1353 0.1380 0.1424 0.1492 0.1601 0.1815 0.2223 0.2738 0.3241 0.3686 0.4062 0.4370 0.4615 0.4844
0.4658 0.4374 0.4066 0.3691 0.3245 0.2741 0.2224 0.1815 0.1601 0.1491 0.1423 0.1379 0.1352 0.1339 0.1339 0.1350 0.1373 0.1409 0.1457 0.1519 0.1595 0.1686 0.1795 0.1923 0.2071 0.2242 0.2437 0.2660 0.2910 0.3191 0.3500 0.3832 0.4178 0.4512 0.4793 0.4966 0.5027 0.5009 0.4931 0.4799 0.4614 0.4373 0.4072 0.3707 0.3279 0.2802 0.2323 0.1935 0.1715 0.1619 0.1591 0.1619 0.1715 0.1934 0.2323 0.2802 0.3279 0.3707 0.4072 0.4373 0.4614 0.4799 0.4931 0.5009 0.5027 0.4966 0.4793 0.4512 0.4178 0.3832 0.3499 0.3191 0.2910 0.2660 0.2437 0.2242 0.2071 0.1923 0.1795 0.1686 0.1595 0.1519 0.1457 0.1409 0.1373 0.1350 0.1339 0.1339 0.1352 0.1379 0.1423 0.1491 0.1601 0.1815 0.2224 0.2741 0.3245 0.3691 0.4066 0.4374 0.4658
0.4415 0.4072 0.3696 0.3251 0.2746 0.2228 0.1816 0.1601 0.1491 0.1423 0.1379 0.1352 0.1339 0.1339 0.1350 0.1374 0.1409 0.1458 0.1520 0.1596 0.1688 0.1797 0.1925 0.2074 0.2245 0.2441 0.2663 0.2915 0.3196 0.3505 0.3838 0.4184 0.4518 0.4797 0.4968 0.5027 0.5008 0.4929 0.4796 0.4610 0.4368 0.4065 0.3696 0.3262 0.2774 0.2279 0.1877 0.1656 0.1551 0.1500 0.1484 0.1500 0.1551 0.1656 0.1877 0.2279 0.2775 0.3262 0.3697 0.4065 0.4368 0.4610 0.4796 0.4929 0.5008 0.5027 0.4968 0.4797 0.4518 0.4184 0.3838 0.3505 0.3196 0.2915 0.2663 0.2441 0.2245 0.2074 0.1925 0.1797 0.1688 0.1596 0.1520 0.1458 0.1409 0.1374 0.1350 0.1339 0.1339 0.1352 0.1379 0.1423 0.1491 0.1601 0.1816 0.2228 0.2746 0.3251 0.3696 0.4072 0.4415
0.4110 0.3703 0.3258 0.2753 0.2234 0.1819 0.1602 0.1492 0.1423 0.1379 0.1352 0.1339 0.1339 0.1351 0.1374 0.1410 0.1458 0.1520 0.1597 0.1689 0.1799 0.1927 0.2076 0.2248 0.2444 0.2667 0.2919 0.3200 0.3510 0.3844 0.4189 0.4523 0.4801 0.4970 0.5027 0.5007 0.4927 0.4793 0.4606 0.4363 0.4058 0.3688 0.3250 0.2756 0.2253 0.1847 0.1629 0.1521 0.1461 0.1428 0.1418 0.1428 0.1461 0.1521 0.1629 0.1847 0.2253 0.2757 0.3250 0.3688 0.4058 0.4363 0.4606 0.4794 0.4927 0.5007 0.5027 0.4970 0.4801 0.4523 0.4189 0.3844 0.3510 0.3200 0.2919 0.2667 0.2444 0.2248 0.2076 0.1927 0.1799 0.1689 0.1597 0.1520 0.1458 0.1410 0.1374 0.1351 0.1339 0.1339 0.1352 0.1379 0.1423 0.1492 0.1602 0.1819 0.2234 0.2753 0.3258 0.3703 0.4110
0.3737 0.3266 0.2761 0.2241 0.1823 0.1604 0.1492 0.1424 0.1379 0.1352 0.1339 0.1339 0.1351 0.1374 0.1410 0.1459 0.1521 0.1598 0.1691 0.1801 0.1929 0.2078 0.2250 0.2447 0.2671 0.2923 0.3205 0.3515 0.3849 0.4195 0.4528 0.4805 0.4971 0.5028 0.5006 0.4925 0.4791 0.4603 0.4358 0.4052 0.3680 0.3240 0.2743 0.2235 0.1830 0.1615 0.1506 0.1442 0.1403 0.1382 0.1375 0.1382 0.1403 0.1442 0.1506 0.1615 0.1830 0.2236 0.2743 0.3240 0.3680 0.4052 0.4358 0.4603 0.4791 0.4925 0.5006 0.5028 0.4971 0.4805 0.4528 0.4195 0.3849 0.3515 0.3205 0.2923 0.2671 0.2447 0.2250 0.2078 0.1929 0.1800 0.1691 0.1598 0.1521 0.1459 0.1410 0.1374 0.1351 0.1339 0.1339 0.1352 0.1379 0.1424 0.1492 0.1604 0.1823 0.2241 0.2761 0.3266 0.3737
0.3295 0.2770 0.2249 0.1828 0.1606 0.1493 0.1424 0.1380 0.1352 0.1339 0.1339 0.1351 0.1374 0.1410 0.1459 0.1522 0.1599 0.1692 0.1802 0.1931 0.2081 0.2253 0.2450 0.2674 0.2927 0.3210 0.3520 0.3854 0.4200 0.4533 0.4808 0.4973 0.5028 0.5005 0.4923 0.4788 0.4599 0.4353 0.4046 0.3672 0.3231 0.2732 0.2223 0.1819 0.1607 0.1498 0.1432 0.1391 0.1366 0.1353 0.1350 0.1353 0.1366 0.1391 0.1432 0.1498 0.1607 0.1819 0.2223 0.2732 0.3231 0.3673 0.4046 0.4353 0.4599 0.4788 0.4923 0.5005 0.5028 0.4973 0.4808 0.4533 0.4200 0.3854 0.3520 0.3209 0.2927 0.2674 0.2450 0.2253 0.2081 0.1931 0.1802 0.1692 0.1599 0.1522 0.1459 0.1410 0.1374 0.1351 0.1339 0.1339 0.1352 0.1380 0.1424 0.1493 0.1606 0.1828 0.2249 0.2770 0.3295
0.2794 0.2257 0.1833 0.1608 0.1495 0.1425 0.1380 0.1353 0.1339 0.1339 0.1351 0.1374 0.1410 0.1459 0.1522 0.1599 0.1692 0.1803 0.1932 0.2082 0.2255 0.2453 0.2678 0.2931 0.3214 0.3525 0.3860 0.4205 0.4538 0.4812 0.4975 0.5028 0.5004 0.4922 0.4785 0.4595 0.4349 0.4040 0.3665 0.3222 0.2722 0.2213 0.1811 0.1602 0.1494 0.1427 0.1385 0.1359 0.1345 0.1339 0.1338 0.1339 0.1345 0.1359 0.1385 0.1427 0.1494 0.1602 0.1811 0.2213 0.2722 0.3222 0.3666 0.4041 0.4349 0.4596 0.4785 0.4922 0.5005 0.5028 0.4975 0.4812 0.4538 0.4205 0.3860 0.3525 0.3214 0.2931 0.2678 0.2453 0.2255 0.2082 0.1932 0.1803 0.1692 0.1599 0.1522 0.1459 0.1410 0.1374 0.1351 0.1339 0.1339 0.1353 0.1380 0.1425 0.1495 0.1608 0.1833 0.2257 0.2794
0.2274 0.1838 0.1611 0.1496 0.1426 0.1381 0.1353 0.1339 0.1339 0.1350 0.1374 0.1410 0.1459 0.1522 0.1599 0.1693 0.1803 0.1933 0.2084 0.2257 0.2455 0.2681 0.2935 0.3218 0.3530 0.3865 0.4211 0.4543 0.4815 0.4976 0.5028 0.5004 0.4920 0.4783 0.4592 0.4344 0.4035 0.3659 0.3215 0.2714 0.2204 0.1805 0.1598 0.1491 0.1424 0.1381 0.1355 0.1342 0.1337 0.1338 0.1339 0.1338 0.1337 0.1342 0.1355 0.1381 0.1424 0.1491 0.1598 0.1805 0.2204 0.2714 0.3215 0.3659 0.4035 0.4345 0.4592 0.4783 0.4920 0.5004 0.5028 0.4976 0.4815 0.4543 0.4211 0.3865 0.3530 0.3218 0.2935 0.2681 0.2455 0.2257 0.2084 0.1933 0.1803 0.1693 0.1599 0.1522 0.1459 0.1410 0.1374 0.1350 0.1339 0.1339 0.1353 0.1381 0.1426 0.1496 0.1611 0.1838 0.2274
0.1849 0.1613 0.1497 0.1427 0.1381 0.1353 0.1340 0.1339 0.1350 0.1374 0.1410 0.1459 0.1522 0.1599 0.1693 0.1804 0.1934 0.2084 0.2258 0.2457 0.2683 0.2937 0.3222 0.3534 0.3870 0.4216 0.4547 0.4818 0.4978 0.5028 0.5003 0.4918 0.4780 0.4589 0.4340 0.4030 0.3652 0.3207 0.2705 0.2196 0.1800 0.1595 0.1489 0.1422 0.1380 0.1353 0.1340 0.1338 0.1342 0.1350 0.1353 0.1349 0.1342 0.1338 0.1340 0.1353 0.1380 0.1422 0.1489 0.1595 0.1800 0.2196 0.2706 0.3207 0.3653 0.4030 0.4340 0.4589 0.4780 0.4918 0.5003 0.5028 0.4978 0.4818 0.4547 0.4216 0.3870 0.3534 0.3222 0.2937 0.2683 0.2457 0.2258 0.2084 0.1934 0.1804 0.1693 0.1599 0.1522 0.1459 0.1410 0.1374 0.1350 0.1339 0.1340 0.1353 0.1381 0.1427 0.1497 0.1613 0.1849
0.1619 0.1499 0.1428 0.1382 0.1354 0.1340 0.1339 0.1350 0.1373 0.1409 0.1458 0.1521 0.1599 0.1692 0.1803 0.1934 0.2085 0.2259 0.2458 0.2684 0.2939 0.3224 0.3537 0.3874 0.4220 0.4552 0.4822 0.4979 0.5028 0.5002 0.4917 0.4778 0.4585 0.4336 0.4024 0.3646 0.3200 0.2697 0.2189 0.1795 0.1593 0.1487 0.1421 0.1378 0.1352 0.1340 0.1338 0.1346 0.1360 0.1373 0.1379 0.1373 0.1360 0.1346 0.1338 0.1340 0.1352 0.1378 0.1421 0.1487 0.1593 0.1795 0.2189 0.2698 0.3200 0.3646 0.4025 0.4336 0.4585 0.4778 0.4917 0.5002 0.5028 0.4979 0.4822 0.4551 0.4220 0.3873 0.3537 0.3224 0.2939 0.2684 0.2458 0.2259 0.2085 0.1934 0.1803 0.1692 0.1599 0.1521 0.1458 0.1409 0.1373 0.1350 0.1339 0.1340 0.1354 0.1382 0.1428 0.1499 0.1619
0.1502 0.1429 0.1382 0.1354 0.1340 0.1339 0.1350 0.1373 0.1409 0.1458 0.1520 0.1598 0.1692 0.1803 0.1933 0.2084 0.2259 0.2458 0.2685 0.2941 0.3226 0.3540 0.3877 0.4224 0.4555 0.4824 0.4981 0.5028 0.5001 0.4915 0.4775 0.4582 0.4332 0.4019 0.3640 0.3192 0.2689 0.2181 0.1791 0.1591 0.1486 0.1420 0.1378 0.1352 0.1339 0.1339 0.1349 0.1367 0.1389 0.1409 0.1417 0.1409 0.1389 0.1367 0.1349 0.1339 0.1339 0.1352 0.1378 0.1420 0.1486 0.1591 0.1791 0.2181 0.2690 0.3193 0.3640 0.4019 0.4332 0.4582 0.4775 0.4915 0.5001 0.5028 0.4980 0.4824 0.4555 0.4224 0.3876 0.3540 0.3226 0.2941 0.2685 0.2458 0.2259 0.2084 0.1933 0.1803 0.1692 0.1598 0.1520 0.1458 0.1409 0.1373 0.1350 0.1339 0.1340 0.1354 0.1382 0.1429 0.1502
0.1430 0.1383 0.1354 0.1340 0.1339 0.1349 0.1373 0.1408 0.1457 0.1520 0.1597 0.1691 0.1802 0.1932 0.2084 0.2258 0.2458 0.2685 0.2941 0.3227 0.3541 0.3879 0.4226 0.4558 0.4827 0.4982 0.5029 0.5000 0.4913 0.4773 0.4579 0.4327 0.4014 0.3633 0.3185 0.2681 0.2174 0.1787 0.1588 0.1484 0.1419 0.1377 0.1351 0.1339 0.1339 0.1350 0.1371 0.1400 0.1432 0.1458 0.1469 0.1458 0.1432 0.1400 0.1371 0.1350 0.1339 0.1339 0.1351 0.1377 0.1419 0.1484 0.1588 0.1787 0.2174 0.2682 0.3185 0.3634 0.4014 0.4327 0.4579 0.4773 0.4913 0.5000 0.5029 0.4982 0.4826 0.4558 0.4226 0.3879 0.3541 0.3227 0.2941 0.2685 0.2458 0.2258 0.2084 0.1932 0.1802 0.1691 0.1597 0.1520 0.1457 0.1408 0.1373 0.1349 0.1339 0.1340 0.1354 0.1383 0.1430
0.1383 0.1355 0.1340 0.1338 0.1349 0.1372 0.1408 0.1456 0.1519 0.1596 0.1689 0.1800 0.1931 0.2082 0.2257 0.2457 0.2684 0.2941 0.3227 0.3542 0.3880 0.4228 0.4559 0.4828 0.4982 0.5029 0.5000 0.4912 0.4771 0.4575 0.4323 0.4009 0.3627 0.3178 0.2673 0.2167 0.1782 0.1586 0.1483 0.1418 0.1376 0.1351 0.1339 0.1339 0.1351 0.1374 0.1406 0.1446 0.1488 0.1522 0.1535 0.1522 0.1488 0.1446 0.1406 0.1374 0.1351 0.1339 0.1339 0.1351 0.1376 0.1419 0.1483 0.1586 0.1782 0.2167 0.2674 0.3178 0.3627 0.4009 0.4323 0.4575 0.4771 0.4912 0.5000 0.5029 0.4982 0.4828 0.4559 0.4228 0.3880 0.3542 0.3227 0.2941 0.2684 0.2457 0.2257 0.2082 0.1931 0.1800 0.1689 0.1596 0.1519 0.1456 0.1408 0.1372 0.1349 0.1338 0.1340 0.1355 0.1383
0.1354 0.1340 0.1338 0.1349 0.1372 0.1407 0.1455 0.1518 0.1595 0.1688 0.1799 0.1929 0.2081 0.2255 0.2455 0.2683 0.2939 0.3226 0.3541 0.3880 0.4228 0.4561 0.4829 0.4983 0.5029 0.4999 0.4911 0.4769 0.4573 0.4319 0.4004 0.3621 0.3170 0.2665 0.2160 0.1778 0.1584 0.1482 0.1418 0.1376 0.1351 0.1339 0.1339 0.1352 0.1375 0.1410 0.1455 0.1506 0.1559 0.1600 0.1616 0.1600 0.1559 0.1506 0.1455 0.1410 0.1375 0.1352 0.1339 0.1339 0.1351 0.1376 0.1418 0.1482 0.1584 0.1778 0.2160 0.2666 0.3171 0.3621 0.4004 0.4319 0.4573 0.4769 0.4911 0.4999 0.5029 0.4983 0.4829 0.4561 0.4228 0.3880 0.3541 0.3226 0.2939 0.2683 0.2455 0.2255 0.2081 0.1929 0.1799 0.1688 0.1595 0.1518 0.1455 0.1407 0.1372 0.1349 0.1338 0.1340 0.1354
0.1339 0.1338 0.1349 0.1371 0.1406 0.1454 0.1516 0.1593 0.1686 0.1797 0.1927 0.2078 0.2253 0.2453 0.2681 0.2937 0.3224 0.3540 0.3879 0.4228 0.4561 0.4829 0.4983 0.5029 0.4999 0.4910 0.4767 0.4571 0.4316 0.4000 0.3616 0.3164 0.2658 0.2152 0.1774 0.1582 0.1481 0.1417 0.1375 0.1350 0.1339 0.1340 0.1352 0.1376 0.1412 0.1459 0.1517 0.1581 0.1645 0.1695 0.1714 0.1695 0.1645 0.1581 0.1517 0.1459 0.1412 0.1376 0.1352 0.1340 0.1339 0.1350 0.1375 0.1417 0.1481 0.1582 0.1774 0.2153 0.2658 0.3164 0.3616 0.4000 0.4316 0.4571 0.4767 0.4910 0.4999 0.5029 0.4983 0.4829 0.4561 0.4228 0.3879 0.3540 0.3224 0.2937 0.2681 0.2453 0.2253 0.2078 0.1927 0.1797 0.1686 0.1593 0.1516 0.1454 0.1406 0.1371 0.1349 0.1338 0.1339
0.1337 0.1348 0.1371 0.1406 0.1453 0.1515 0.1592 0.1685 0.1795 0.1925 0.2076 0.2250 0.2450 0.2678 0.2935 0.3222 0.3537 0.3876 0.4226 0.4559 0.4829 0.4983 0.5029 0.4999 0.4909 0.4767 0.4569 0.4314 0.3996 0.3611 0.3158 0.2651 0.2146 0.1770 0.1580 0.1480 0.1416 0.1375 0.1350 0.1339 0.1340 0.1352 0.1377 0.1414 0.1462 0.1523 0.1594 0.1672 0.1748 0.1807 0.1830 0.1807 0.1748 0.1672 0.1594 0.1523 0.1462 0.1414 0.1377 0.1352 0.1340 0.1339 0.1350 0.1375 0.1416 0.1480 0.1580 0.1770 0.2146 0.2651 0.3158 0.3611 0.3996 0.4314 0.4569 0.4767 0.4909 0.4999 0.5029 0.4983 0.4829 0.4559 0.4226 0.3876 0.3537 0.3222 0.2935 0.2678 0.2450 0.2250 0.2076 0.1925 0.1795 0.1685 0.1592 0.1515 0.1453 0.1406 0.1371 0.1348 0.1337
0.1346 0.1370 0.1405 0.1452 0.1514 0.1591 0.1683 0.1793 0.1923 0.2074 0.2248 0.2447 0.2674 0.2931 0.3218 0.3534 0.3873 0.4224 0.4558 0.4828 0.4983 0.5029 0.4999 0.4909 0.4766 0.4568 0.4313 0.3994 0.3608 0.3154 0.2646 0.2140 0.1766 0.1578 0.1478 0.1415 0.1374 0.1350 0.1339 0.1340 0.1353 0.1378 0.1415 0.1464 0.1526 0.1601 0.1687 0.1780 0.1870 0.1939 0.1966 0.1939 0.1870 0.1780 0.1687 0.1601 0.1526 0.1464 0.1415 0.1378 0.1353 0.1340 0.1339 0.1350 0.1374 0.1415 0.1478 0.1578 0.1766 0.2141 0.2646 0.3154 0.3608 0.3994 0.4313 0.4568 0.4766 0.4909 0.4999 0.5029 0.4983 0.4828 0.4558 0.4224 0.3873 0.3534 0.3218 0.2931 0.2674 0.2447 0.2248 0.2074 0.1923 0.1793 0.1683 0.1591 0.1514 0.1452 0.1405 0.1370 0.1346
0.1368 0.1404 0.1452 0.1513 0.1589 0.1681 0.1791 0.1921 0.2071 0.2245 0.2444 0.2671 0.2927 0.3214 0.3530 0.3870 0.4220 0.4555 0.4826 0.4982 0.5029 0.4999 0.4909 0.4766 0.4568 0.4312 0.3993 0.3606 0.3151 0.2642 0.2136 0.1764 0.1577 0.1477 0.1415 0.1374 0.1349 0.1338 0.1340 0.1353 0.1378 0.1415 0.1465 0.1528 0.1605 0.1696 0.1798 0.1907 0.2012 0.2092 0.2124 0.2092 0.2012 0.1907 0.1798 0.1695 0.1605 0.1528 0.1465 0.1415 0.1378 0.1353 0.1340 0.1338 0.1349 0.1374 0.1415 0.1477 0.1577 0.1764 0.2136 0.2642 0.3151 0.3606 0.3993 0.4312 0.4568 0.4766 0.4909 0.4999 0.5029 0.4982 0.4826 0.4555 0.4220 0.3870 0.3530 0.3214 0.2927 0.2671 0.2444 0.2245 0.2071 0.1921 0.1791 0.1681 0.1589 0.1513 0.1452 0.1404 0.1368
0.1401 0.1451 0.1512 0.1588 0.1680 0.1789 0.1918 0.2068 0.2242 0.2441 0.2667 0.2923 0.3209 0.3525 0.3865 0.4216 0.4551 0.4824 0.4982 0.5029 0.4999 0.4910 0.4767 0.4568 0.4312 0.3992 0.3604 0.3148 0.2639 0.2133 0.1762 0.1576 0.1477 0.1414 0.1374 0.1349 0.1338 0.1340 0.1353 0.1379 0.1416 0.1466 0.1530 0.1608 0.1701 0.1808 0.1928 0.2055 0.2177 0.2269 0.2305 0.2269 0.2177 0.2055 0.1928 0.1808 0.1701 0.1608 0.1530 0.1466 0.1416 0.1379 0.1353 0.1340 0.1338 0.1349 0.1374 0.1414 0.1477 0.1576 0.1762 0.2133 0.2639 0.3148 0.3604 0.3992 0.4312 0.4568 0.4767 0.4910 0.4999 0.5029 0.4982 0.4824 0.4551 0.4216 0.3865 0.3525 0.3209 0.2923 0.2667 0.2441 0.2242 0.2068 0.1918 0.1789 0.1680 0.1588 0.1512 0.1451 0.1401
0.1447 0.1510 0.1586 0.1678 0.1787 0.1916 0.2066 0.2239 0.2437 0.2663 0.2919 0.3205 0.3520 0.3860 0.4211 0.4547 0.4822 0.4980 0.5029 0.5000 0.4911 0.4767 0.4569 0.4313 0.3993 0.3604 0.3148 0.2638 0.2132 0.1760 0.1575 0.1476 0.1414 0.1373 0.1349 0.1338 0.1340 0.1354 0.1379 0.1417 0.1467 0.1531 0.1610 0.1704 0.1814 0.1940 0.2079 0.2226 0.2366 0.2472 0.2513 0.2472 0.2366 0.2226 0.2079 0.1940 0.1814 0.1704 0.1610 0.1531 0.1467 0.1417 0.1379 0.1354 0.1340 0.1338 0.1349 0.1373 0.1414 0.1476 0.1575 0.1760 0.2132 0.2638 0.3148 0.3604 0.3993 0.4313 0.4569 0.4767 0.4911 0.5000 0.5029 0.4980 0.4822 0.4547 0.4211 0.3860 0.3520 0.3205 0.2919 0.2663 0.2437 0.2239 0.2066 0.1916 0.1787 0.1678 0.1586 0.1510 0.1447
0.1506 0.1585 0.1676 0.1785 0.1913 0.2063 0.2236 0.2434 0.2660 0.2915 0.3200 0.3515 0.3854 0.4205 0.4543 0.4818 0.4979 0.5028 0.5000 0.4912 0.4769 0.4571 0.4314 0.3994 0.3606 0.3148 0.2638 0.2131 0.1760 0.1574 0.1476 0.1413 0.1373 0.1349 0.1338 0.1340 0.1354 0.1379 0.1417 0.1468 0.1533 0.1611 0.1706 0.1818 0.1947 0.2093 0.2254 0.2423 0.2583 0.2703 0.2750 0.2703 0.2583 0.2423 0.2254 0.2093 0.1947 0.1818 0.1706 0.1611 0.1532 0.1468 0.1417 0.1379 0.1354 0.1340 0.1338 0.1349 0.1373 0.1413 0.1476 0.1574 0.1760 0.2131 0.2638 0.3148 0.3606 0.3994 0.4314 0.4571 0.4769 0.4912 0.5000 0.5028 0.4979 0.4818 0.4543 0.4205 0.3854 0.3515 0.3200 0.2915 0.2660 0.2434 0.2236 0.2063 0.1913 0.1785 0.1676 0.1585 0.1506
0.1580 0.1674 0.1783 0.1911 0.2060 0.2232 0.2430 0.2656 0.2910 0.3196 0.3510 0.3849 0.4200 0.4538 0.4815 0.4978 0.5028 0.5001 0.4913 0.4771 0.4573 0.4316 0.3996 0.3608 0.3151 0.2639 0.2132 0.1760 0.1574 0.1475 0.1413 0.1373 0.1349 0.1338 0.1340 0.1354 0.1380 0.1418 0.1469 0.1534 0.1613 0.1708 0.1820 0.1951 0.2101 0.2270 0.2455 0.2647 0.2828 0.2964 0.3017 0.2964 0.2828 0.2647 0.2455 0.2270 0.2101 0.1951 0.1820 0.1708 0.1613 0.1534 0.1469 0.1418 0.1380 0.1354 0.1340 0.1338 0.1349 0.1373 0.1413 0.1475 0.1574 0.1760 0.2132 0.2639 0.3151 0.3608 0.3996 0.4316 0.4573 0.4771 0.4913 0.5001 0.5028 0.4978 0.4815 0.4538 0.4200 0.3849 0.3510 0.3196 0.2910 0.2656 0.2430 0.2232 0.2060 0.1911 0.1783 0.1674 0.1580
0.1670 0.1781 0.1909 0.2057 0.2229 0.2426 0.2651 0.2906 0.3191 0.3505 0.3844 0.4195 0.4533 0.4812 0.4976 0.5028 0.5002 0.4915 0.4773 0.4575 0.4319 0.4000 0.3611 0.3154 0.2642 0.2133 0.1760 0.1574 0.1475 0.1413 0.1373 0.1349 0.1338 0.1340 0.1354 0.1380 0.1418 0.1470 0.1534 0.1614 0.1710 0.1823 0.1954 0.2106 0.2279 0.2473 0.2683 0.2901 0.3104 0.3256 0.3314 0.3256 0.3104 0.2901 0.2683 0.2473 0.2279 0.2106 0.1954 0.1823 0.1710 0.1614 0.1534 0.1470 0.1418 0.1380 0.1354 0.1340 0.1338 0.1349 0.1373 0.1413 0.1475 0.1574 0.1760 0.2133 0.2642 0.3154 0.3611 0.4000 0.4319 0.4575 0.4773 0.4915 0.5002 0.5028 0.4976 0.4812 0.4533 0.4195 0.3844 0.3505 0.3191 0.2906 0.2651 0.2426 0.2229 0.2057 0.1909 0.1781 0.1670
0.1776 0.1906 0.2054 0.2226 0.2423 0.2647 0.2901 0.3185 0.3499 0.3838 0.4189 0.4528 0.4808 0.4975 0.5028 0.5003 0.4917 0.4775 0.4579 0.4323 0.4004 0.3616 0.3158 0.2646 0.2136 0.1762 0.1575 0.1476 0.1413 0.1373 0.1349 0.1338 0.1340 0.1354 0.1380 0.1419 0.1470 0.1535 0.1615 0.1711 0.1824 0.1957 0.2110 0.2285 0.2483 0.2703 0.2941 0.3185 0.3410 0.3576 0.3639 0.3576 0.3410 0.3185 0.2941 0.2703 0.2483 0.2285 0.2110 0.1957 0.1824 0.1711 0.1615 0.1535 0.1470 0.1419 0.1380 0.1354 0.1340 0.1338 0.1349 0.1373 0.1413 0.1476 0.1575 0.1762 0.2136 0.2646 0.3158 0.3616 0.4004 0.4323 0.4579 0.4775 0.4917 0.5003 0.5028 0.4975 0.4808 0.4528 0.4189 0.3838 0.3499 0.3185 0.2901 0.2647 0.2423 0.2226 0.2054 0.1906 0.1776
0.1901 0.2052 0.2223 0.2419 0.2643 0.2896 0.3180 0.3494 0.3832 0.4184 0.4523 0.4805 0.4973 0.5028 0.5004 0.4918 0.4778 0.4582 0.4327 0.4009 0.3621 0.3164 0.2651 0.2141 0.1764 0.1576 0.1476 0.1413 0.1373 0.1349 0.1338 0.1340 0.1354 0.1380 0.1419 0.1470 0.1536 0.1616 0.1712 0.1826 0.1959 0.2112 0.2289 0.2489 0.2715 0.2964 0.3230 0.3498 0.3742 0.3919 0.3986 0.3919 0.3742 0.3498 0.3230 0.2964 0.2715 0.2489 0.2289 0.2112 0.1959 0.1826 0.1712 0.1616 0.1536 0.1470 0.1419 0.1380 0.1354 0.1340 0.1338 0.1349 0.1373 0.1413 0.1476 0.1576 0.1764 0.2141 0.2651 0.3164 0.3621 0.4009 0.4327 0.4582 0.4778 0.4918 0.5004 0.5028 0.4973 0.4805 0.4523 0.4184 0.3832 0.3494 0.3180 0.2896 0.2643 0.2419 0.2223 0.2052 0.1901
0.2046 0.2219 0.2415 0.2639 0.2892 0.3175 0.3488 0.3826 0.4178 0.4518 0.4801 0.4971 0.5028 0.5005 0.4920 0.4780 0.4585 0.4332 0.4014 0.3627 0.3171 0.2658 0.2146 0.1766 0.1577 0.1477 0.1414 0.1373 0.1349 0.1338 0.1340 0.1354 0.1381 0.1419 0.1471 0.1536 0.1616 0.1713 0.1827 0.1960 0.2114 0.2292 0.2494 0.2722 0.2977 0.3254 0.3547 0.3837 0.4092 0.4271 0.4336 0.4271 0.4092 0.3837 0.3547 0.3254 0.2976 0.2722 0.2494 0.2292 0.2114 0.1960 0.1827 0.1713 0.1616 0.1536 0.1471 0.1419 0.1381 0.1354 0.1340 0.1338 0.1349 0.1373 0.1414 0.1477 0.1577 0.1766 0.2146 0.2658 0.3171 0.3627 0.4014 0.4332 0.4585 0.4780 0.4920 0.5005 0.5028 0.4971 0.4801 0.4518 0.4178 0.3826 0.3488 0.3175 0.2892 0.2639 0.2415 0.2219 0.2046
0.2214 0.2412 0.2635 0.2887 0.3170 0.3482 0.3820 0.4171 0.4512 0.4797 0.4970 0.5028 0.5005 0.4922 0.4783 0.4589 0.4336 0.4019 0.3634 0.3178 0.2666 0.2153 0.1770 0.1578 0.1477 0.1414 0.1373 0.1349 0.1338 0.1340 0.1354 0.1380 0.1419 0.1471 0.1536 0.1617 0.1713 0.1828 0.1961 0.2116 0.2294 0.2497 0.2727 0.2984 0.3268 0.3574 0.3888 0.4188 0.4438 0.4601 0.4658 0.4601 0.4438 0.4187 0.3888 0.3573 0.3268 0.2984 0.2727 0.2497 0.2294 0.2116 0.1961 0.1828 0.1713 0.1617 0.1536 0.1471 0.1419 0.1380 0.1354 0.1340 0.1338 0.1349 0.1373 0.1414 0.1477 0.1578 0.1770 0.2153 0.2666 0.3178 0.3634 0.4019 0.4336 0.4589 0.4783 0.4922 0.5005 0.5028 0.4970 0.4797 0.4512 0.4171 0.3820 0.3482 0.3170 0.2887 0.2635 0.2412 0.2214
0.2406 0.2630 0.2882 0.3164 0.3476 0.3814 0.4165 0.4506 0.4793 0.4968 0.5027 0.5006 0.4923 0.4785 0.4592 0.4340 0.4025 0.3640 0.3185 0.2674 0.2160 0.1774 0.1580 0.1478 0.1415 0.1374 0.1349 0.1338 0.1340 0.1354 0.1380 0.1419 0.1471 0.1536 0.1617 0.1714 0.1828 0.1962 0.2117 0.2295 0.2499 0.2730 0.2990 0.3277 0.3589 0.3916 0.4239 0.4526 0.4740 0.4859 0.4895 0.4859 0.4740 0.4526 0.4238 0.3915 0.3589 0.3277 0.2989 0.2730 0.2499 0.2295 0.2117 0.1962 0.1828 0.1714 0.1617 0.1536 0.1471 0.1419 0.1380 0.1354 0.1340 0.1338 0.1349 0.1374 0.1415 0.1478 0.1580 0.1774 0.2160 0.2674 0.3185 0.3640 0.4025 0.4340 0.4592 0.4785 0.4923 0.5006 0.5027 0.4968 0.4793 0.4506 0.4165 0.3814 0.3476 0.3164 0.2882 0.2630 0.2406
0.2626 0.2877 0.3159 0.3471 0.3808 0.4159 0.4501 0.4788 0.4966 0.5027 0.5007 0.4925 0.4788 0.4596 0.4345 0.4030 0.3646 0.3193 0.2682 0.2167 0.1778 0.1582 0.1480 0.1415 0.1374 0.1349 0.1338 0.1340 0.1354 0.1380 0.1419 0.1470 0.1536 0.1617 0.1714 0.1828 0.1962 0.2118 0.2296 0.2501 0.2732 0.2993 0.3282 0.3598 0.3931 0.4266 0.4572 0.4806 0.4941 0.4996 0.5009 0.4996 0.4941 0.4806 0.4572 0.4266 0.3931 0.3597 0.3282 0.2993 0.2732 0.2501 0.2296 0.2118 0.1962 0.1828 0.1714 0.1617 0.1536 0.1470 0.1419 0.1380 0.1354 0.1340 0.1338 0.1349 0.1374 0.1415 0.1480 0.1582 0.1778 0.2167 0.2682 0.3193 0.3646 0.4030 0.4345 0.4596 0.4788 0.4925 0.5007 0.5027 0.4966 0.4788 0.4501 0.4159 0.3808 0.3471 0.3159 0.2877 0.2626
0.2874 0.3154 0.3465 0.3802 0.4153 0.4495 0.4784 0.4964 0.5027 0.5008 0.4927 0.4791 0.4599 0.4349 0.4035 0.3653 0.3200 0.2690 0.2174 0.1782 0.1584 0.1481 0.1416 0.1374 0.1349 0.1338 0.1340 0.1354 0.1380 0.1418 0.1470 0.1536 0.1616 0.1713 0.1828 0.1962 0.2118 0.2297 0.2502 0.2734 0.2995 0.3286 0.3603 0.3940 0.4281 0.4596 0.4839 0.4974 0.5022 0.5028 0.5025 0.5028 0.5022 0.4974 0.4838 0.4596 0.4281 0.3940 0.3603 0.3285 0.2995 0.2734 0.2502 0.2297 0.2118 0.1962 0.1828 0.1713 0.1616 0.1536 0.1470 0.1418 0.1380 0.1354 0.1340 0.1338 0.1349 0.1374 0.1416 0.1481 0.1584 0.1782 0.2174 0.2690 0.3200 0.3653 0.4035 0.4349 0.4599 0.4791 0.4927 0.5008 0.5027 0.4964 0.4784 0.4495 0.4153 0.3802 0.3465 0.3154 0.2874
0.3152 0.3459 0.3796 0.4147 0.4489 0.4780 0.4962 0.5027 0.5009 0.4929 0.4794 0.4603 0.4353 0.4041 0.3659 0.3207 0.2698 0.2181 0.1787 0.1586 0.1482 0.1417 0.1375 0.1350 0.1338 0.1340 0.1354 0.1379 0.1418 0.1470 0.1535 0.1616 0.1713 0.1828 0.1962 0.2118 0.2297 0.2502 0.2735 0.2996 0.3288 0.3606 0.3945 0.4290 0.4609 0.4855 0.4988 0.5028 0.5016 0.4988 0.4973 0.4988 0.5016 0.5028 0.4988 0.4855 0.4609 0.4289 0.3945 0.3606 0.3287 0.2996 0.2735 0.2502 0.2297 0.2118 0.1962 0.1828 0.1713 0.1616 0.1535 0.1470 0.1418 0.1379 0.1354 0.1340 0.1338 0.1350 0.1375 0.1417 0.1482 0.1586 0.1787 0.2181 0.2698 0.3207 0.3659 0.4041 0.4353 0.4603 0.4794 0.4929 0.5009 0.5027 0.4962 0.4780 0.4489 0.4147 0.3796 0.3459 0.3152
0.3460 0.3789 0.4140 0.4484 0.4776 0.4960 0.5026 0.5010 0.4931 0.4796 0.4606 0.4358 0.4046 0.3666 0.3215 0.2706 0.2189 0.1791 0.1588 0.1483 0.1418 0.1375 0.1350 0.1339 0.1340 0.1353 0.1379 0.1417 0.1469 0.1534 0.1615 0.1712 0.1827 0.1961 0.2117 0.2296 0.2502 0.2735 0.2997 0.3289 0.3608 0.3948 0.4294 0.4616 0.4863 0.4994 0.5029 0.5003 0.4947 0.4888 0.4863 0.4889 0.4947 0.5003 0.5029 0.4994 0.4863 0.4616 0.4294 0.3948 0.3608 0.3289 0.2997 0.2735 0.2502 0.2296 0.2117 0.1961 0.1827 0.1712 0.1615 0.1534 0.1469 0.1417 0.1379 0.1353 0.1340 0.1339 0.1350 0.1375 0.1418 0.1483 0.1588 0.1791 0.2189 0.2706 0.3215 0.3666 0.4046 0.4358 0.4606 0.4796 0.4931 0.5010 0.5026 0.4960 0.4776 0.4484 0.4140 0.3789 0.3460
0.3794 0.4134 0.4478 0.4771 0.4957 0.5026 0.5011 0.4933 0.4799 0.4610 0.4363 0.4052 0.3673 0.3222 0.2714 0.2196 0.1795 0.1591 0.1484 0.1419 0.1376 0.1350 0.1339 0.1340 0.1353 0.1379 0.1417 0.1468 0.1534 0.1614 0.1711 0.1826 0.1960 0.2116 0.2295 0.2501 0.2734 0.2996 0.3289 0.3609 0.3950 0.4297 0.4619 0.4867 0.4997 0.5028 0.4995 0.4918 0.4821 0.4735 0.4699 0.4735 0.4821 0.4918 0.4995 0.5028 0.4997 0.4867 0.4619 0.4297 0.3950 0.3609 0.3289 0.2996 0.2734 0.2501 0.2295 0.2116 0.1960 0.1826 0.1711 0.1614 0.1534 0.1468 0.1417 0.1379 0.1353 0.1340 0.1339 0.1350 0.1376 0.1419 0.1484 0.1591 0.1795 0.2196 0.2714 0.3222 0.3673 0.4052 0.4363 0.4610 0.4799 0.4933 0.5011 0.5026 0.4957 0.4771 0.4478 0.4134 0.3794
0.4145 0.4472 0.4767 0.4955 0.5025 0.5012 0.4935 0.4802 0.4614 0.4368 0.4058 0.3680 0.3231 0.2722 0.2204 0.1800 0.1593 0.1486 0.1419 0.1376 0.1351 0.1339 0.1340 0.1353 0.1378 0.1416 0.1467 0.1532 0.1613 0.1710 0.1824 0.1959 0.2114 0.2294 0.2499 0.2732 0.2995 0.3287 0.3608 0.3950 0.4298 0.4621 0.4869 0.4999 0.5028 0.4990 0.4902 0.4779 0.4641 0.4526 0.4479 0.4526 0.4641 0.4779 0.4902 0.4990 0.5028 0.4999 0.4869 0.4621 0.4297 0.3950 0.3608 0.3287 0.2995 0.2732 0.2499 0.2294 0.2114 0.1959 0.1824 0.1710 0.1613 0.1532 0.1467 0.1416 0.1378 0.1353 0.1340 0.1339 0.1351 0.1376 0.1419 0.1486 0.1593 0.1800 0.2204 0.2722 0.3231 0.3680 0.4058 0.4368 0.4614 0.4802 0.4935 0.5012 0.5025 0.4955 0.4767 0.4472 0.4145
0.4490 0.4762 0.4953 0.5025 0.5012 0.4937 0.4805 0.4618 0.4373 0.4065 0.3688 0.3240 0.2732 0.2213 0.1805 0.1595 0.1487 0.1420 0.1377 0.1351 0.1339 0.1340 0.1352 0.1378 0.1415 0.1466 0.1531 0.1611 0.1708 0.1823 0.1957 0.2112 0.2292 0.2497 0.2730 0.2993 0.3285 0.3606 0.3948 0.4297 0.4621 0.4870 0.4999 0.5028 0.4988 0.4893 0.4755 0.4584 0.4404 0.4258 0.4199 0.4258 0.4404 0.4584 0.4755 0.4893 0.4988 0.5028 0.4999 0.4870 0.4621 0.4297 0.3948 0.3606 0.3285 0.2993 0.2730 0.2497 0.2292 0.2112 0.1957 0.1823 0.1708 0.1611 0.1531 0.1466 0.1415 0.1378 0.1352 0.1340 0.1339 0.1351 0.1377 0.1420 0.1487 0.1595 0.1805 0.2213 0.2732 0.3240 0.3688 0.4065 0.4373 0.4618 0.4805 0.4937 0.5012 0.5025 0.4953 0.4762 0.4490
0.4789 0.4950 0.5024 0.5013 0.4939 0.4809 0.4623 0.4379 0.4072 0.3697 0.3250 0.2743 0.2223 0.1811 0.1598 0.1489 0.1421 0.1378 0.1351 0.1339 0.1339 0.1352 0.1377 0.1415 0.1465 0.1530 0.1610 0.1706 0.1820 0.1954 0.2110 0.2289 0.2494 0.2727 0.2989 0.3282 0.3603 0.3945 0.4294 0.4619 0.4869 0.4999 0.5028 0.4986 0.4889 0.4743 0.4554 0.4333 0.4107 0.3926 0.3854 0.3926 0.4107 0.4333 0.4554 0.4743 0.4889 0.4986 0.5028 0.4999 0.4869 0.4619 0.4294 0.3945 0.3603 0.3282 0.2989 0.2727 0.2494 0.2289 0.2110 0.1954 0.1820 0.1706 0.1610 0.1530 0.1465 0.1415 0.1377 0.1352 0.1339 0.1339 0.1351 0.1378 0.1421 0.1489 0.1598 0.1811 0.2223 0.2743 0.3250 0.3697 0.4072 0.4379 0.4623 0.4809 0.4939 0.5013 0.5024 0.4950 0.4789
0.4987 0.5024 0.5015 0.4942 0.4813 0.4628 0.4386 0.4081 0.3707 0.3262 0.2757 0.2236 0.1819 0.1602 0.1491 0.1422 0.1378 0.1352 0.1339 0.1339 0.1352 0.1376 0.1414 0.1464 0.1528 0.1608 0.1704 0.1818 0.1951 0.2106 0.2285 0.2489 0.2722 0.2984 0.3277 0.3597 0.3940 0.4289 0.4616 0.4867 0.4999 0.5028 0.4986 0.4888 0.4738 0.4539 0.4295 0.4020 0.3744 0.3527 0.3442 0.3527 0.3744 0.4020 0.4295 0.4539 0.4738 0.4888 0.4986 0.5028 0.4999 0.4867 0.4616 0.4289 0.3940 0.3597 0.3277 0.2984 0.2722 0.2489 0.2285 0.2106 0.1951 0.1818 0.1704 0.1608 0.1528 0.1464 0.1414 0.1376 0.1352 0.1339 0.1339 0.1352 0.1378 0.1422 0.1491 0.1602 0.1819 0.2236 0.2757 0.3262 0.3707 0.4081 0.4386 0.4628 0.4813 0.4942 0.5015 0.5024 0.4987
0.5066 0.5016 0.4945 0.4818 0.4636 0.4396 0.4093 0.3721 0.3279 0.2775 0.2253 0.1830 0.1607 0.1494 0.1424 0.1380 0.1352 0.1339 0.1339 0.1351 0.1375 0.1412 0.1462 0.1526 0.1605 0.1701 0.1814 0.1947 0.2101 0.2279 0.2483 0.2715 0.2976 0.3268 0.3589 0.3931 0.4281 0.4609 0.4863 0.4997 0.5028 0.4988 0.4889 0.4738 0.4535 0.4280 0.3977 0.3644 0.3317 0.3066 0.2970 0.3067 0.3317 0.3644 0.3977 0.4280 0.4535 0.4738 0.4889 0.4988 0.5028 0.4997 0.4863 0.4609 0.4281 0.3931 0.3589 0.3268 0.2976 0.2715 0.2483 0.2279 0.2101 0.1947 0.1814 0.1701 0.1605 0.1526 0.1462 0.1412 0.1375 0.1351 0.1339 0.1339 0.1352 0.1380 0.1424 0.1494 0.1607 0.1830 0.2253 0.2775 0.3279 0.3721 0.4093 0.4396 0.4636 0.4818 0.4945 0.5016 0.5066
0.5062 0.4950 0.4826 0.4647 0.4410 0.4110 0.3742 0.3304 0.2802 0.2279 0.1847 0.1615 0.1498 0.1427 0.1381 0.1353 0.1340 0.1339 0.1350 0.1374 0.1410 0.1459 0.1523 0.1601 0.1695 0.1808 0.1940 0.2093 0.2270 0.2473 0.2703 0.2964 0.3254 0.3573 0.3915 0.4266 0.4596 0.4854 0.4994 0.5028 0.4990 0.4893 0.4743 0.4539 0.4280 0.3965 0.3601 0.3209 0.2840 0.2569 0.2469 0.2569 0.2840 0.3209 0.3601 0.3965 0.4280 0.4539 0.4743 0.4893 0.4990 0.5028 0.4994 0.4854 0.4596 0.4266 0.3915 0.3573 0.3254 0.2964 0.2703 0.2473 0.2270 0.2093 0.1940 0.1808 0.1695 0.1601 0.1523 0.1459 0.1410 0.1374 0.1350 0.1339 0.1340 0.1353 0.1381 0.1427 0.1498 0.1615 0.1847 0.2279 0.2802 0.3304 0.3742 0.4110 0.4410 0.4647 0.4826 0.4950 0.5062
0.5002 0.4840 0.4665 0.4433 0.4139 0.3778 0.3345 0.2848 0.2323 0.1877 0.1629 0.1506 0.1432 0.1385 0.1355 0.1340 0.1338 0.1349 0.1371 0.1406 0.1455 0.1517 0.1594 0.1687 0.1798 0.1928 0.2079 0.2254 0.2455 0.2683 0.2941 0.3230 0.3547 0.3888 0.4238 0.4572 0.4838 0.4988 0.5029 0.4995 0.4902 0.4755 0.4554 0.4296 0.3978 0.3601 0.3176 0.2739 0.2356 0.2104 0.2020 0.2104 0.2356 0.2739 0.3176 0.3601 0.3977 0.4295 0.4554 0.4755 0.4902 0.4995 0.5029 0.4988 0.4838 0.4572 0.4238 0.3888 0.3547 0.3230 0.2941 0.2683 0.2455 0.2254 0.2079 0.1928 0.1798 0.1687 0.1594 0.1517 0.1455 0.1406 0.1371 0.1349 0.1338 0.1340 0.1355 0.1385 0.1432 0.1506 0.1629 0.1877 0.2323 0.2848 0.3345 0.3778 0.4139 0.4433 0.4665 0.4840 0.5002
0.4905 0.4697 0.4474 0.4190 0.3839 0.3417 0.2928 0.2403 0.1934 0.1656 0.1521 0.1442 0.1391 0.1359 0.1342 0.1338 0.1346 0.1367 0.1400 0.1446 0.1506 0.1581 0.1672 0.1780 0.1907 0.2055 0.2226 0.2423 0.2647 0.2901 0.3185 0.3498 0.3837 0.4187 0.4526 0.4806 0.4974 0.5028 0.5003 0.4918 0.4779 0.4584 0.4333 0.4020 0.3644 0.3209 0.2739 0.2292 0.1957 0.1784 0.1734 0.1784 0.1957 0.2292 0.2739 0.3209 0.3644 0.4020 0.4333 0.4584 0.4779 0.4918 0.5003 0.5028 0.4974 0.4806 0.4526 0.4187 0.3837 0.3498 0.3185 0.2901 0.2647 0.2423 0.2226 0.2055 0.1907 0.1780 0.1672 0.1581 0.1506 0.1446 0.1400 0.1367 0.1346 0.1338 0.1342 0.1359 0.1391 0.1442 0.1521 0.1656 0.1934 0.2403 0.2928 0.3417 0.3839 0.4190 0.4474 0.4697 0.4905
0.4792 0.4544 0.4278 0.3946 0.3543 0.3071 0.2550 0.2052 0.1715 0.1551 0.1461 0.1403 0.1366 0.1345 0.1337 0.1342 0.1360 0.1389 0.1432 0.1488 0.1559 0.1645 0.1748 0.1870 0.2012 0.2177 0.2366 0.2583 0.2828 0.3104 0.3410 0.3742 0.4092 0.4438 0.4740 0.4941 0.5022 0.5016 0.4947 0.4821 0.4641 0.4404 0.4107 0.3745 0.3317 0.2840 0.2356 0.1957 0.1727 0.1627 0.1599 0.1627 0.1727 0.1957 0.2356 0.2840 0.3317 0.3744 0.4107 0.4404 0.4641 0.4821 0.4947 0.5016 0.5022 0.4941 0.4740 0.4438 0.4092 0.3742 0.3410 0.3104 0.2828 0.2583 0.2366 0.2177 0.2012 0.1870 0.1748 0.1645 0.1559 0.1488 0.1432 0.1389 0.1360 0.1342 0.1337 0.1345 0.1366 0.1403 0.1461 0.1551 0.1715 0.2052 0.2550 0.3071 0.3543 0.3946 0.4278 0.4544 0.4792
0.4696 0.4420 0.4120 0.3753 0.3314 0.2812 0.2288 0.1854 0.1619 0.1500 0.1428 0.1382 0.1353 0.1339 0.1338 0.1349 0.1373 0.1409 0.1458 0.1522 0.1600 0.1695 0.1807 0.1939 0.2092 0.2269 0.2472 0.2703 0.2964 0.3256 0.3576 0.3919 0.4271 0.4601 0.4859 0.4996 0.5028 0.4988 0.4889 0.4735 0.4526 0.4258 0.3926 0.3527 0.3067 0.2569 0.2104 0.1784 0.1627 0.1557 0.1536 0.1557 0.1627 0.1784 0.2104 0.2569 0.3067 0.3527 0.3926 0.4258 0.4526 0.4735 0.4889 0.4988 0.5028 0.4996 0.4859 0.4601 0.4271 0.3919 0.3576 0.3256 0.2964 0.2703 0.2472 0.2269 0.2092 0.1939 0.1807 0.1695 0.1600 0.1522 0.1458 0.1409 0.1373 0.1349 0.1338 0.1339 0.1353 0.1382 0.1428 0.1500 0.1619 0.1854 0.2288 0.2812 0.3314 0.3753 0.4120 0.4420 0.4696
0.4657 0.4370 0.4058 0.3677 0.3225 0.2714 0.2196 0.1796 0.1591 0.1484 0.1418 0.1375 0.1350 0.1338 0.1339 0.1353 0.1379 0.1417 0.1469 0.1535 0.1616 0.1714 0.1830 0.1966 0.2124 0.2305 0.2513 0.2750 0.3017 0.3314 0.3639 0.3985 0.4336 0.4658 0.4895 0.5009 0.5025 0.4973 0.4863 0.4699 0.4479 0.4199 0.3854 0.3443 0.2970 0.2469 0.2020 0.1734 0.1599 0.1537 0.1518 0.1536 0.1599 0.1734 0.2020 0.2469 0.2970 0.3443 0.3854 0.4199 0.4479 0.4699 0.4863 0.4973 0.5025 0.5009 0.4895 0.4658 0.4336 0.3985 0.3639 0.3314 0.3017 0.2750 0.2513 0.2305 0.2124 0.1966 0.1830 0.1714 0.1616 0.1535 0.1469 0.1417 0.1379 0.1353 0.1339 0.1338 0.1350 0.1375 0.1418 0.1484 0.1591 0.1796 0.2196 0.2714 0.3225 0.3677 0.4058 0.4370 0.4657
0.4696 0.4420 0.4120 0.3753 0.3314 0.2812 0.2288 0.1854 0.1619 0.1500 0.1428 0.1382 0.1353 0.1339 0.1338 0.1349 0.1373 0.1409 0.1458 0.1522 0.1600 0.1695 0.1807 0.1939 0.2092 0.2269 0.2472 0.2703 0.2964 0.3256 0.3576 0.3919 0.4271 0.4601 0.4859 0.4996 0.5028 0.4988 0.4888 0.4735 0.4526 0.4258 0.3926 0.3527 0.3067 0.2569 0.2104 0.1784 0.1627 0.1557 0.1537 0.1557 0.1627 0.1784 0.2104 0.2569 0.3067 0.3527 0.3926 0.4258 0.4526 0.4735 0.4889 0.4988 0.5028 0.4996 0.4859 0.4601 0.4271 0.3919 0.3576 0.3256 0.2964 0.2703 0.2472 0.2269 0.2092 0.1939 0.1807 0.1695 0.1600 0.1522 0.1458 0.1409 0.1373 0.1349 0.1338 0.1339 0.1353 0.1382 0.1428 0.1500 0.1619 0.1854 0.2288 0.2812 0.3314 0.3753 0.4120 0.4420 0.4696
0.4792 0.4544 0.4278 0.3946 0.3543 0.3071 0.2550 0.2052 0.1715 0.1551 0.1461 0.1403 0.1366 0.1345 0.1337 0.1342 0.1360 0.1389 0.1432 0.1488 0.1559 0.1645 0.1748 0.1870 0.2012 0.2177 0.2366 0.2583 0.2828 0.3104 0.3410 0.3742 0.4092 0.4438 0.4740 0.4941 0.5022 0.5016 0.4947 0.4821 0.4641 0.4404 0.4107 0.3745 0.3317 0.2840 0.2356 0.1958 0.1728 0.1627 0.1599 0.1627 0.1727 0.1957 0.2356 0.2840 0.3317 0.3744 0.4107 0.4404 0.4641 0.4821 0.4947 0.5016 0.5022 0.4941 0.4740 0.4438 0.4092 0.3742 0.3410 0.3104 0.2828 0.2583 0.2366 0.2177 0.2012 0.1870 0.1748 0.1645 0.1559 0.1488 0.1432 0.1389 0.1360 0.1342 0.1337 0.1345 0.1366 0.1403 0.1461 0.1551 0.1715 0.2052 0.2550 0.3071 0.3543 0.3946 0.4278 0.4544 0.4792
0.4905 0.4697 0.4474 0.4190 0.3839 0.3417 0.2928 0.2403 0.1934 0.1656 0.1521 0.1442 0.1391 0.1359 0.1342 0.1338 0.1346 0.1367 0.1400 0.1446 0.1506 0.1581 0.1672 0.1780 0.1907 0.2055 0.2226 0.2423 0.2647 0.2901 0.3185 0.3498 0.3837 0.4188 0.4526 0.4806 0.4974 0.5028 0.5003 0.4918 0.4779 0.4584 0.4333 0.4020 0.3644 0.3209 0.2739 0.2292 0.1958 0.1784 0.1734 0.1784 0.1957 0.2292 0.2739 0.3209 0.3644 0.4020 0.4333 0.4584 0.4779 0.4918 0.5003 0.5028 0.4974 0.4806 0.4526 0.4187 0.3837 0.3498 0.3185 0.2901 0.2647 0.2423 0.2226 0.2055 0.1907 0.1780 0.1672 0.1581 0.1506 0.1446 0.1400 0.1367 0.1346 0.1338 0.1342 0.1359 0.1391 0.1442 0.1521 0.1656 0.1934 0.2403 0.2928 0.3417 0.3839 0.4190 0.4474 0.4697 0.4905
0.5002 0.4840 0.4665 0.4433 0.4139 0.3778 0.3345 0.2848 0.2323 0.1877 0.1629 0.1506 0.1432 0.1385 0.1355 0.1340 0.1338 0.1349 0.1371 0.1406 0.1455 0.1517 0.1594 0.1687 0.1798 0.1928 0.2079 0.2254 0.2455 0.2683 0.2941 0.3230 0.3547 0.3888 0.4239 0.4572 0.4839 0.4988 0.5029 0.4995 0.4902 0.4755 0.4554 0.4296 0.3978 0.3601 0.3176 0.2739 0.2356 0.2104 0.2020 0.2104 0.2356 0.2739 0.3176 0.3601 0.3977 0.4295 0.4554 0.4755 0.4902 0.4995 0.5029 0.4988 0.4838 0.4572 0.4238 0.3888 0.3547 0.3230 0.2941 0.2683 0.2455 0.2254 0.2079 0.1928 0.1798 0.1687 0.1594 0.1517 0.1455 0.1406 0.1371 0.1349 0.1338 0.1340 0.1355 0.1385 0.1432 0.1506 0.1629 0.1877 0.2323 0.2848 0.3345 0.3778 0.4139 0.4433 0.4665 0.4840 0.5002
0.5062 0.4950 0.4826 0.4647 0.4410 0.4110 0.3742 0.3304 0.2802 0.2279 0.1847 0.1615 0.1498 0.1427 0.1381 0.1353 0.1340 0.1339 0.1350 0.1374 0.1410 0.1459 0.1523 0.1601 0.1695 0.1808 0.1940 0.2093 0.2270 0.2473 0.2703 0.2964 0.3254 0.3574 0.3916 0.4266 0.4596 0.4855 0.4994 0.5028 0.4990 0.4893 0.4743 0.4539 0.4280 0.3965 0.3601 0.3209 0.2840 0.2569 0.2469 0.2569 0.2840 0.3209 0.3601 0.3965 0.4280 0.4539 0.4743 0.4893 0.4990 0.5028 0.4994 0.4854 0.4596 0.4266 0.3915 0.3573 0.3254 0.2964 0.2703 0.2473 0.2270 0.2093 0.1940 0.1808 0.1695 0.1601 0.1523 0.1459 0.1410 0.1374 0.1350 0.1339 0.1340 0.1353 0.1381 0.1427 0.1498 0.1615 0.1847 0.2279 0.2802 0.3304 0.3742 0.4110 0.4410 0.4647 0.4826 0.4950 0.5062
