0.1368 0.1346 0.1337 0.1339 0.1354 0.1380 0.1419 0.1471 0.1536 0.1617 0.1713 0.1827 0.1961 0.2115 0.2294 0.2497 0.2729 0.2990 0.3281 0.3601 0.3944 0.4296 0.4629 0.4892 0.5035 0.5072 0.5036 0.4941 0.4792 0.4589 0.4327 0.4002 0.3608 0.3146 0.2632 0.2125 0.1758 0.1575 0.1476 0.1413 0.1373 0.1348 0.1337 0.1338 0.1351 0.1374 0.1407 0.1447 0.1489 0.1522 0.1535 0.1522 0.1489 0.1447 0.1407 0.1374 0.1351 0.1338 0.1337 0.1348 0.1373 0.1413 0.1476 0.1575 0.1758 0.2125 0.2632 0.3146 0.3608 0.4002 0.4327 0.4589 0.4793 0.4941 0.5036 0.5072 0.5035 0.4891 0.4629 0.4296 0.3944 0.3601 0.3281 0.2990 0.2729 0.2497 0.2294 0.2115 0.1961 0.1827 0.1713 0.1617 0.1536 0.1471 0.1419 0.1380 0.1354 0.1339 0.1337 0.1346 0.1368
0.1346 0.1338 0.1341 0.1356 0.1383 0.1422 0.1475 0.1541 0.1621 0.1718 0.1833 0.1966 0.2121 0.2299 0.2503 0.2733 0.2993 0.3282 0.3599 0.3937 0.4282 0.4606 0.4859 0.4995 0.5029 0.4991 0.4896 0.4748 0.4547 0.4287 0.3965 0.3575 0.3118 0.2610 0.2110 0.1750 0.1571 0.1474 0.1412 0.1373 0.1349 0.1338 0.1340 0.1353 0.1378 0.1414 0.1459 0.1511 0.1563 0.1604 0.1620 0.1604 0.1563 0.1511 0.1459 0.1414 0.1378 0.1353 0.1340 0.1338 0.1349 0.1373 0.1412 0.1474 0.1571 0.1750 0.2110 0.2610 0.3118 0.3575 0.3965 0.4287 0.4547 0.4748 0.4896 0.4991 0.5029 0.4995 0.4859 0.4606 0.4282 0.3937 0.3599 0.3282 0.2993 0.2733 0.2502 0.2299 0.2121 0.1966 0.1833 0.1718 0.1621 0.1541 0.1475 0.1422 0.1383 0.1356 0.1341 0.1338 0.1346
0.1337 0.1341 0.1356 0.1384 0.1423 0.1475 0.1542 0.1623 0.1720 0.1835 0.1969 0.2124 0.2302 0.2506 0.2737 0.2998 0.3288 0.3605 0.3943 0.4288 0.4611 0.4862 0.4996 0.5028 0.4990 0.4894 0.4745 0.4542 0.4282 0.3958 0.3567 0.3109 0.2600 0.2102 0.1745 0.1568 0.1473 0.1412 0.1372 0.1348 0.1338 0.1340 0.1354 0.1379 0.1416 0.1464 0.1523 0.1587 0.1651 0.1700 0.1720 0.1700 0.1651 0.1587 0.1523 0.1464 0.1416 0.1379 0.1354 0.1340 0.1338 0.1348 0.1372 0.1412 0.1473 0.1569 0.1746 0.2102 0.2601 0.3109 0.3568 0.3958 0.4282 0.4542 0.4745 0.4894 0.4990 0.5028 0.4996 0.4862 0.4611 0.4288 0.3943 0.3605 0.3287 0.2998 0.2737 0.2506 0.2302 0.2124 0.1969 0.1834 0.1720 0.1623 0.1542 0.1475 0.1423 0.1384 0.1356 0.1341 0.1337
0.1339 0.1356 0.1384 0.1423 0.1476 0.1542 0.1624 0.1721 0.1836 0.1971 0.2126 0.2305 0.2510 0.2742 0.3002 0.3293 0.3611 0.3949 0.4294 0.4617 0.4866 0.4997 0.5028 0.4989 0.4892 0.4742 0.4538 0.4277 0.3952 0.3560 0.3100 0.2591 0.2094 0.1741 0.1566 0.1471 0.1411 0.1372 0.1348 0.1338 0.1340 0.1354 0.1380 0.1418 0.1468 0.1529 0.1601 0.1680 0.1756 0.1815 0.1837 0.1815 0.1756 0.1680 0.1601 0.1529 0.1468 0.1418 0.1380 0.1354 0.1340 0.1338 0.1348 0.1372 0.1411 0.1471 0.1566 0.1741 0.2094 0.2591 0.3100 0.3560 0.3952 0.4277 0.4538 0.4742 0.4892 0.4989 0.5028 0.4997 0.4866 0.4617 0.4294 0.3949 0.3610 0.3293 0.3002 0.2742 0.2510 0.2305 0.2126 0.1971 0.1836 0.1721 0.1624 0.1542 0.1476 0.1423 0.1384 0.1356 0.1339
0.1354 0.1383 0.1423 0.1476 0.1543 0.1624 0.1722 0.1838 0.1973 0.2129 0.2308 0.2513 0.2745 0.3007 0.3298 0.3616 0.3955 0.4300 0.4622 0.4869 0.4999 0.5028 0.4987 0.4890 0.4739 0.4534 0.4271 0.3946 0.3552 0.3092 0.2582 0.2086 0.1737 0.1564 0.1470 0.1410 0.1371 0.1348 0.1338 0.1341 0.1355 0.1381 0.1419 0.1470 0.1533 0.1609 0.1696 0.1790 0.1880 0.1949 0.1976 0.1949 0.1880 0.1790 0.1696 0.1609 0.1533 0.1470 0.1419 0.1381 0.1355 0.1341 0.1338 0.1348 0.1371 0.1410 0.1470 0.1564 0.1737 0.2086 0.2582 0.3092 0.3552 0.3946 0.4271 0.4534 0.4739 0.4890 0.4987 0.5028 0.4999 0.4869 0.4622 0.4300 0.3955 0.3616 0.3298 0.3007 0.2745 0.2513 0.2308 0.2129 0.1973 0.1838 0.1722 0.1624 0.1543 0.1476 0.1423 0.1383 0.1354
0.1380 0.1422 0.1475 0.1542 0.1624 0.1722 0.1838 0.1974 0.2130 0.2310 0.2516 0.2749 0.3011 0.3302 0.3621 0.3961 0.4306 0.4627 0.4872 0.5000 0.5028 0.4986 0.4887 0.4736 0.4530 0.4266 0.3939 0.3544 0.3083 0.2572 0.2078 0.1732 0.1562 0.1469 0.1409 0.1370 0.1348 0.1338 0.1341 0.1355 0.1382 0.1420 0.1471 0.1536 0.1614 0.1706 0.1809 0.1919 0.2024 0.2105 0.2136 0.2105 0.2024 0.1919 0.1809 0.1706 0.1614 0.1536 0.1471 0.1420 0.1382 0.1355 0.1341 0.1338 0.1348 0.1370 0.1409 0.1469 0.1562 0.1732 0.2078 0.2573 0.3083 0.3545 0.3939 0.4266 0.4530 0.4736 0.4888 0.4986 0.5028 0.5000 0.4872 0.4627 0.4306 0.3961 0.3621 0.3302 0.3011 0.2749 0.2516 0.2310 0.2130 0.1974 0.1838 0.1722 0.1624 0.1542 0.1475 0.1422 0.1380
0.1419 0.1475 0.1542 0.1624 0.1722 0.1838 0.1974 0.2131 0.2312 0.2518 0.2752 0.3014 0.3306 0.3626 0.3966 0.4311 0.4631 0.4875 0.5001 0.5028 0.4985 0.4885 0.4733 0.4526 0.4261 0.3933 0.3537 0.3074 0.2563 0.2070 0.1728 0.1560 0.1467 0.1408 0.1370 0.1347 0.1338 0.1341 0.1356 0.1382 0.1421 0.1473 0.1538 0.1617 0.1711 0.1820 0.1941 0.2070 0.2192 0.2285 0.2320 0.2285 0.2192 0.2070 0.1941 0.1820 0.1711 0.1617 0.1538 0.1473 0.1421 0.1382 0.1356 0.1341 0.1338 0.1347 0.1370 0.1408 0.1467 0.1560 0.1728 0.2070 0.2563 0.3074 0.3537 0.3933 0.4261 0.4526 0.4733 0.4885 0.4985 0.5028 0.5001 0.4875 0.4631 0.4311 0.3966 0.3626 0.3306 0.3014 0.2752 0.2518 0.2312 0.2131 0.1974 0.1838 0.1722 0.1624 0.1542 0.1475 0.1419
0.1471 0.1541 0.1623 0.1721 0.1838 0.1974 0.2131 0.2312 0.2519 0.2753 0.3017 0.3310 0.3630 0.3970 0.4316 0.4636 0.4878 0.5002 0.5028 0.4984 0.4883 0.4730 0.4522 0.4256 0.3927 0.3529 0.3065 0.2554 0.2062 0.1724 0.1558 0.1466 0.1407 0.1369 0.1347 0.1338 0.1341 0.1356 0.1383 0.1422 0.1474 0.1539 0.1620 0.1715 0.1827 0.1954 0.2096 0.2244 0.2384 0.2491 0.2532 0.2491 0.2384 0.2244 0.2096 0.1954 0.1827 0.1715 0.1620 0.1539 0.1474 0.1422 0.1383 0.1356 0.1341 0.1338 0.1347 0.1369 0.1407 0.1466 0.1558 0.1724 0.2062 0.2554 0.3066 0.3529 0.3927 0.4256 0.4522 0.4730 0.4883 0.4984 0.5028 0.5002 0.4878 0.4635 0.4316 0.3970 0.3630 0.3310 0.3017 0.2753 0.2519 0.2312 0.2131 0.1974 0.1838 0.1721 0.1623 0.1541 0.1471
0.1536 0.1621 0.1720 0.1836 0.1973 0.2130 0.2312 0.2519 0.2754 0.3018 0.3312 0.3632 0.3974 0.4320 0.4639 0.4880 0.5003 0.5027 0.4983 0.4881 0.4727 0.4518 0.4251 0.3921 0.3522 0.3057 0.2545 0.2054 0.1720 0.1556 0.1465 0.1406 0.1369 0.1347 0.1338 0.1341 0.1356 0.1383 0.1423 0.1475 0.1541 0.1621 0.1718 0.1831 0.1962 0.2110 0.2273 0.2443 0.2604 0.2725 0.2772 0.2725 0.2604 0.2444 0.2273 0.2110 0.1962 0.1831 0.1718 0.1621 0.1541 0.1475 0.1423 0.1383 0.1356 0.1341 0.1338 0.1347 0.1369 0.1406 0.1465 0.1556 0.1720 0.2055 0.2546 0.3057 0.3522 0.3921 0.4251 0.4518 0.4727 0.4881 0.4983 0.5027 0.5003 0.4880 0.4639 0.4319 0.3974 0.3632 0.3312 0.3018 0.2754 0.2519 0.2312 0.2130 0.1973 0.1836 0.1720 0.1621 0.1536
0.1617 0.1718 0.1834 0.1971 0.2129 0.2310 0.2518 0.2753 0.3018 0.3312 0.3634 0.3976 0.4322 0.4642 0.4882 0.5004 0.5027 0.4982 0.4879 0.4724 0.4515 0.4247 0.3915 0.3516 0.3049 0.2537 0.2047 0.1716 0.1554 0.1463 0.1406 0.1368 0.1346 0.1338 0.1341 0.1357 0.1384 0.1424 0.1476 0.1542 0.1623 0.1720 0.1835 0.1967 0.2119 0.2290 0.2477 0.2671 0.2853 0.2990 0.3042 0.2990 0.2853 0.2671 0.2477 0.2290 0.2119 0.1967 0.1834 0.1720 0.1623 0.1542 0.1476 0.1423 0.1384 0.1357 0.1341 0.1338 0.1346 0.1368 0.1406 0.1463 0.1554 0.1716 0.2047 0.2537 0.3050 0.3516 0.3915 0.4247 0.4515 0.4724 0.4879 0.4982 0.5027 0.5004 0.4882 0.4642 0.4322 0.3976 0.3634 0.3312 0.3018 0.2753 0.2518 0.2310 0.2129 0.1971 0.1834 0.1718 0.1617
0.1713 0.1833 0.1969 0.2126 0.2308 0.2516 0.2752 0.3017 0.3312 0.3634 0.3976 0.4324 0.4644 0.4884 0.5005 0.5027 0.4981 0.4878 0.4722 0.4511 0.4242 0.3909 0.3509 0.3042 0.2529 0.2040 0.1712 0.1552 0.1462 0.1405 0.1368 0.1346 0.1338 0.1342 0.1357 0.1385 0.1424 0.1477 0.1543 0.1625 0.1722 0.1837 0.1971 0.2125 0.2301 0.2497 0.2709 0.2929 0.3133 0.3285 0.3343 0.3285 0.3132 0.2929 0.2709 0.2497 0.2301 0.2125 0.1971 0.1837 0.1722 0.1625 0.1543 0.1477 0.1424 0.1385 0.1357 0.1342 0.1338 0.1346 0.1368 0.1405 0.1462 0.1552 0.1713 0.2041 0.2529 0.3042 0.3509 0.3910 0.4242 0.4511 0.4722 0.4878 0.4981 0.5027 0.5005 0.4884 0.4643 0.4323 0.3976 0.3634 0.3312 0.3017 0.2752 0.2516 0.2308 0.2126 0.1969 0.1833 0.1713
0.1827 0.1966 0.2124 0.2305 0.2513 0.2749 0.3014 0.3310 0.3632 0.3976 0.4323 0.4644 0.4884 0.5005 0.5027 0.4980 0.4877 0.4720 0.4508 0.4238 0.3904 0.3502 0.3034 0.2521 0.2034 0.1709 0.1550 0.1461 0.1404 0.1367 0.1346 0.1338 0.1342 0.1357 0.1385 0.1425 0.1478 0.1545 0.1626 0.1724 0.1840 0.1974 0.2130 0.2307 0.2508 0.2731 0.2971 0.3217 0.3442 0.3609 0.3672 0.3609 0.3442 0.3216 0.2971 0.2731 0.2508 0.2307 0.2130 0.1974 0.1840 0.1724 0.1626 0.1545 0.1478 0.1425 0.1385 0.1357 0.1342 0.1338 0.1346 0.1367 0.1404 0.1461 0.1550 0.1709 0.2034 0.2521 0.3034 0.3502 0.3904 0.4238 0.4508 0.4720 0.4877 0.4980 0.5027 0.5005 0.4884 0.4644 0.4323 0.3976 0.3632 0.3310 0.3014 0.2749 0.2513 0.2305 0.2124 0.1966 0.1827
0.1961 0.2121 0.2302 0.2510 0.2745 0.3011 0.3306 0.3630 0.3974 0.4322 0.4643 0.4884 0.5005 0.5027 0.4980 0.4876 0.4718 0.4506 0.4235 0.3900 0.3497 0.3027 0.2513 0.2027 0.1706 0.1548 0.1460 0.1403 0.1367 0.1346 0.1338 0.1342 0.1358 0.1386 0.1426 0.1479 0.1546 0.1628 0.1726 0.1842 0.1977 0.2133 0.2312 0.2516 0.2744 0.2996 0.3264 0.3534 0.3778 0.3955 0.4021 0.3955 0.3778 0.3534 0.3264 0.2995 0.2744 0.2516 0.2312 0.2133 0.1977 0.1842 0.1726 0.1628 0.1546 0.1479 0.1426 0.1386 0.1358 0.1342 0.1338 0.1346 0.1367 0.1403 0.1460 0.1548 0.1706 0.2028 0.2513 0.3027 0.3497 0.3900 0.4235 0.4506 0.4718 0.4876 0.4980 0.5027 0.5005 0.4884 0.4643 0.4322 0.3974 0.3630 0.3306 0.3011 0.2745 0.2510 0.2302 0.2121 0.1961
0.2115 0.2299 0.2506 0.2742 0.3007 0.3302 0.3626 0.3970 0.4319 0.4642 0.4884 0.5005 0.5027 0.4979 0.4875 0.4717 0.4504 0.4232 0.3896 0.3492 0.3021 0.2507 0.2021 0.1702 0.1547 0.1459 0.1403 0.1367 0.1346 0.1338 0.1342 0.1358 0.1386 0.1427 0.1480 0.1547 0.1629 0.1728 0.1844 0.1980 0.2136 0.2316 0.2521 0.2753 0.3010 0.3291 0.3585 0.3875 0.4130 0.4307 0.4372 0.4307 0.4129 0.3875 0.3585 0.3290 0.3010 0.2753 0.2521 0.2316 0.2136 0.1979 0.1844 0.1728 0.1629 0.1547 0.1480 0.1427 0.1386 0.1358 0.1342 0.1338 0.1346 0.1367 0.1403 0.1459 0.1547 0.1702 0.2022 0.2507 0.3021 0.3492 0.3896 0.4232 0.4504 0.4717 0.4875 0.4979 0.5027 0.5005 0.4884 0.4642 0.4319 0.3970 0.3626 0.3302 0.3007 0.2742 0.2506 0.2299 0.2115
0.2294 0.2502 0.2737 0.3002 0.3298 0.3621 0.3966 0.4316 0.4639 0.4882 0.5005 0.5027 0.4980 0.4875 0.4717 0.4503 0.4231 0.3894 0.3488 0.3016 0.2501 0.2016 0.1700 0.1545 0.1458 0.1402 0.1366 0.1345 0.1338 0.1342 0.1358 0.1387 0.1427 0.1481 0.1548 0.1631 0.1730 0.1846 0.1982 0.2139 0.2320 0.2526 0.2759 0.3020 0.3307 0.3614 0.3929 0.4227 0.4474 0.4634 0.4688 0.4634 0.4474 0.4227 0.3929 0.3614 0.3306 0.3020 0.2759 0.2526 0.2320 0.2139 0.1982 0.1846 0.1730 0.1631 0.1548 0.1481 0.1427 0.1387 0.1358 0.1342 0.1338 0.1345 0.1366 0.1402 0.1458 0.1545 0.1700 0.2016 0.2501 0.3016 0.3488 0.3894 0.4231 0.4503 0.4717 0.4875 0.4980 0.5027 0.5005 0.4882 0.4639 0.4316 0.3966 0.3621 0.3298 0.3002 0.2737 0.2502 0.2294
0.2497 0.2733 0.2998 0.3293 0.3616 0.3961 0.4311 0.4635 0.4880 0.5004 0.5027 0.4980 0.4876 0.4717 0.4503 0.4230 0.3892 0.3486 0.3013 0.2497 0.2013 0.1697 0.1544 0.1457 0.1401 0.1366 0.1345 0.1338 0.1342 0.1359 0.1387 0.1428 0.1482 0.1550 0.1632 0.1731 0.1848 0.1984 0.2142 0.2323 0.2530 0.2764 0.3027 0.3317 0.3631 0.3959 0.4281 0.4563 0.4769 0.4880 0.4913 0.4880 0.4769 0.4563 0.4281 0.3959 0.3631 0.3317 0.3026 0.2764 0.2530 0.2323 0.2142 0.1984 0.1848 0.1731 0.1632 0.1550 0.1482 0.1428 0.1387 0.1359 0.1342 0.1338 0.1345 0.1366 0.1401 0.1457 0.1544 0.1697 0.2013 0.2497 0.3013 0.3486 0.3892 0.4230 0.4503 0.4717 0.4876 0.4980 0.5027 0.5004 0.4880 0.4635 0.4311 0.3961 0.3616 0.3293 0.2998 0.2733 0.2497
0.2729 0.2993 0.3287 0.3610 0.3955 0.4306 0.4631 0.4878 0.5003 0.5027 0.4981 0.4877 0.4718 0.4504 0.4231 0.3892 0.3485 0.3011 0.2494 0.2010 0.1696 0.1543 0.1456 0.1401 0.1365 0.1345 0.1338 0.1342 0.1359 0.1388 0.1429 0.1483 0.1551 0.1634 0.1733 0.1850 0.1986 0.2145 0.2326 0.2533 0.2768 0.3032 0.3324 0.3642 0.3977 0.4310 0.4610 0.4833 0.4956 0.5004 0.5015 0.5004 0.4956 0.4833 0.4610 0.4310 0.3977 0.3642 0.3324 0.3032 0.2768 0.2533 0.2326 0.2144 0.1986 0.1850 0.1733 0.1634 0.1551 0.1483 0.1429 0.1388 0.1359 0.1342 0.1338 0.1345 0.1365 0.1401 0.1456 0.1543 0.1696 0.2010 0.2494 0.3011 0.3485 0.3892 0.4231 0.4504 0.4718 0.4877 0.4981 0.5027 0.5003 0.4878 0.4631 0.4306 0.3955 0.3610 0.3287 0.2993 0.2729
0.2990 0.3282 0.3605 0.3949 0.4300 0.4627 0.4875 0.5002 0.5027 0.4982 0.4878 0.4720 0.4506 0.4232 0.3894 0.3486 0.3011 0.2493 0.2008 0.1695 0.1542 0.1456 0.1401 0.1365 0.1345 0.1338 0.1343 0.1359 0.1388 0.1429 0.1484 0.1552 0.1635 0.1735 0.1852 0.1989 0.2147 0.2329 0.2537 0.2772 0.3037 0.3330 0.3650 0.3988 0.4327 0.4635 0.4865 0.4986 0.5026 0.5027 0.5023 0.5027 0.5026 0.4986 0.4865 0.4635 0.4327 0.3988 0.3650 0.3330 0.3037 0.2772 0.2537 0.2329 0.2147 0.1989 0.1852 0.1734 0.1635 0.1552 0.1484 0.1429 0.1388 0.1359 0.1343 0.1338 0.1345 0.1365 0.1401 0.1456 0.1542 0.1695 0.2008 0.2493 0.3011 0.3486 0.3894 0.4232 0.4506 0.4720 0.4878 0.4982 0.5027 0.5002 0.4875 0.4627 0.4300 0.3949 0.3605 0.3282 0.2990
0.3281 0.3599 0.3943 0.4294 0.4622 0.4872 0.5001 0.5028 0.4983 0.4879 0.4722 0.4508 0.4235 0.3896 0.3488 0.3013 0.2494 0.2008 0.1694 0.1542 0.1456 0.1400 0.1365 0.1345 0.1338 0.1343 0.1360 0.1389 0.1430 0.1485 0.1553 0.1636 0.1736 0.1854 0.1991 0.2150 0.2332 0.2540 0.2776 0.3041 0.3335 0.3656 0.3996 0.4338 0.4650 0.4881 0.4998 0.5029 0.5011 0.4979 0.4963 0.4979 0.5011 0.5029 0.4998 0.4881 0.4650 0.4338 0.3996 0.3656 0.3335 0.3041 0.2776 0.2540 0.2332 0.2150 0.1991 0.1854 0.1736 0.1636 0.1553 0.1485 0.1430 0.1389 0.1360 0.1343 0.1338 0.1345 0.1365 0.1400 0.1456 0.1542 0.1694 0.2008 0.2494 0.3013 0.3488 0.3896 0.4235 0.4508 0.4722 0.4879 0.4983 0.5028 0.5001 0.4872 0.4622 0.4294 0.3943 0.3599 0.3281
0.3601 0.3937 0.4288 0.4617 0.4869 0.5000 0.5028 0.4984 0.4881 0.4724 0.4511 0.4238 0.3900 0.3492 0.3016 0.2497 0.2010 0.1695 0.1542 0.1456 0.1400 0.1365 0.1345 0.1338 0.1343 0.1360 0.1389 0.1431 0.1485 0.1554 0.1638 0.1738 0.1856 0.1993 0.2152 0.2335 0.2544 0.2780 0.3045 0.3340 0.3662 0.4003 0.4346 0.4659 0.4890 0.5004 0.5028 0.4995 0.4934 0.4872 0.4846 0.4872 0.4934 0.4996 0.5028 0.5004 0.4889 0.4659 0.4346 0.4003 0.3662 0.3340 0.3045 0.2780 0.2544 0.2335 0.2152 0.1993 0.1856 0.1738 0.1638 0.1554 0.1485 0.1431 0.1389 0.1360 0.1343 0.1338 0.1345 0.1365 0.1400 0.1456 0.1542 0.1695 0.2010 0.2497 0.3016 0.3492 0.3900 0.4238 0.4511 0.4724 0.4881 0.4984 0.5028 0.5000 0.4869 0.4617 0.4288 0.3937 0.3601
0.3944 0.4282 0.4611 0.4866 0.4999 0.5028 0.4985 0.4883 0.4727 0.4515 0.4242 0.3904 0.3497 0.3021 0.2501 0.2013 0.1696 0.1542 0.1456 0.1400 0.1365 0.1345 0.1338 0.1343 0.1360 0.1389 0.1431 0.1486 0.1555 0.1639 0.1739 0.1858 0.1996 0.2155 0.2338 0.2547 0.2784 0.3050 0.3345 0.3667 0.4008 0.4352 0.4665 0.4895 0.5007 0.5027 0.4985 0.4903 0.4800 0.4711 0.4675 0.4711 0.4800 0.4903 0.4985 0.5027 0.5007 0.4895 0.4665 0.4352 0.4008 0.3667 0.3345 0.3050 0.2784 0.2547 0.2338 0.2155 0.1995 0.1858 0.1739 0.1639 0.1555 0.1486 0.1431 0.1389 0.1360 0.1343 0.1338 0.1345 0.1365 0.1400 0.1456 0.1542 0.1696 0.2013 0.2501 0.3021 0.3497 0.3904 0.4242 0.4515 0.4727 0.4883 0.4985 0.5028 0.4999 0.4866 0.4611 0.4282 0.3944
0.4296 0.4606 0.4862 0.4997 0.5028 0.4986 0.4885 0.4730 0.4518 0.4247 0.3910 0.3502 0.3027 0.2507 0.2016 0.1697 0.1543 0.1456 0.1400 0.1365 0.1345 0.1338 0.1343 0.1360 0.1390 0.1432 0.1487 0.1556 0.1640 0.1741 0.1859 0.1998 0.2158 0.2341 0.2550 0.2788 0.3054 0.3350 0.3672 0.4014 0.4358 0.4670 0.4899 0.5009 0.5026 0.4979 0.4884 0.4755 0.4612 0.4494 0.4446 0.4494 0.4612 0.4755 0.4884 0.4979 0.5026 0.5009 0.4899 0.4670 0.4357 0.4014 0.3672 0.3350 0.3054 0.2788 0.2550 0.2341 0.2157 0.1998 0.1859 0.1741 0.1640 0.1556 0.1487 0.1432 0.1390 0.1360 0.1343 0.1338 0.1345 0.1365 0.1400 0.1456 0.1543 0.1697 0.2016 0.2507 0.3027 0.3502 0.3910 0.4247 0.4518 0.4730 0.4885 0.4986 0.5028 0.4997 0.4862 0.4606 0.4296
0.4629 0.4859 0.4996 0.5028 0.4987 0.4888 0.4733 0.4522 0.4251 0.3915 0.3509 0.3034 0.2513 0.2022 0.1700 0.1544 0.1456 0.1401 0.1365 0.1345 0.1338 0.1343 0.1360 0.1390 0.1432 0.1487 0.1556 0.1641 0.1742 0.1861 0.1999 0.2160 0.2344 0.2554 0.2791 0.3058 0.3354 0.3677 0.4019 0.4363 0.4675 0.4902 0.5011 0.5025 0.4975 0.4873 0.4728 0.4551 0.4366 0.4215 0.4155 0.4215 0.4366 0.4551 0.4728 0.4873 0.4975 0.5025 0.5010 0.4902 0.4675 0.4363 0.4019 0.3677 0.3354 0.3058 0.2791 0.2554 0.2344 0.2160 0.1999 0.1861 0.1742 0.1641 0.1556 0.1487 0.1432 0.1390 0.1360 0.1343 0.1338 0.1345 0.1365 0.1401 0.1456 0.1544 0.1700 0.2022 0.2513 0.3034 0.3509 0.3915 0.4251 0.4522 0.4733 0.4888 0.4987 0.5028 0.4996 0.4859 0.4629
0.4891 0.4995 0.5028 0.4989 0.4890 0.4736 0.4526 0.4256 0.3921 0.3516 0.3042 0.2521 0.2028 0.1702 0.1545 0.1457 0.1401 0.1365 0.1345 0.1338 0.1343 0.1360 0.1390 0.1432 0.1487 0.1557 0.1641 0.1742 0.1862 0.2001 0.2161 0.2346 0.2557 0.2795 0.3062 0.3359 0.3682 0.4024 0.4368 0.4679 0.4905 0.5012 0.5025 0.4973 0.4867 0.4713 0.4516 0.4288 0.4056 0.3871 0.3798 0.3871 0.4056 0.4288 0.4516 0.4713 0.4867 0.4973 0.5025 0.5012 0.4905 0.4679 0.4368 0.4024 0.3682 0.3359 0.3062 0.2795 0.2557 0.2346 0.2161 0.2001 0.1862 0.1742 0.1641 0.1557 0.1487 0.1432 0.1390 0.1360 0.1343 0.1338 0.1345 0.1365 0.1401 0.1457 0.1545 0.1702 0.2028 0.2521 0.3042 0.3516 0.3921 0.4256 0.4526 0.4736 0.4890 0.4989 0.5028 0.4995 0.4891
0.5035 0.5029 0.4990 0.4892 0.4739 0.4530 0.4261 0.3927 0.3522 0.3050 0.2529 0.2034 0.1706 0.1547 0.1458 0.1401 0.1365 0.1345 0.1338 0.1343 0.1360 0.1390 0.1432 0.1487 0.1557 0.1641 0.1743 0.1862 0.2002 0.2163 0.2348 0.2559 0.2798 0.3066 0.3363 0.3687 0.4030 0.4373 0.4684 0.4907 0.5012 0.5025 0.4971 0.4863 0.4704 0.4496 0.4244 0.3960 0.3678 0.3456 0.3370 0.3456 0.3678 0.3960 0.4244 0.4496 0.4704 0.4863 0.4971 0.5025 0.5012 0.4907 0.4684 0.4373 0.4030 0.3687 0.3363 0.3066 0.2798 0.2559 0.2348 0.2163 0.2002 0.1862 0.1743 0.1641 0.1557 0.1487 0.1432 0.1390 0.1360 0.1343 0.1338 0.1345 0.1365 0.1401 0.1458 0.1547 0.1706 0.2034 0.2529 0.3050 0.3522 0.3927 0.4261 0.4530 0.4739 0.4892 0.4990 0.5029 0.5035
0.5072 0.4991 0.4894 0.4742 0.4534 0.4266 0.3933 0.3529 0.3057 0.2537 0.2041 0.1709 0.1548 0.1459 0.1402 0.1366 0.1345 0.1338 0.1343 0.1360 0.1389 0.1432 0.1487 0.1557 0.1641 0.1743 0.1863 0.2002 0.2164 0.2349 0.2561 0.2800 0.3069 0.3367 0.3692 0.4034 0.4378 0.4688 0.4910 0.5013 0.5024 0.4969 0.4860 0.4698 0.4484 0.4219 0.3906 0.3562 0.3229 0.2974 0.2877 0.2974 0.3229 0.3562 0.3906 0.4219 0.4484 0.4698 0.4860 0.4969 0.5024 0.5013 0.4910 0.4688 0.4378 0.4034 0.3691 0.3367 0.3069 0.2800 0.2561 0.2349 0.2164 0.2002 0.1863 0.1743 0.1641 0.1557 0.1487 0.1432 0.1389 0.1360 0.1343 0.1338 0.1345 0.1366 0.1402 0.1459 0.1548 0.1709 0.2041 0.2537 0.3057 0.3529 0.3933 0.4266 0.4534 0.4742 0.4894 0.4991 0.5072
0.5036 0.4896 0.4745 0.4538 0.4271 0.3939 0.3537 0.3066 0.2546 0.2047 0.1713 0.1550 0.1460 0.1403 0.1366 0.1345 0.1338 0.1343 0.1360 0.1389 0.1431 0.1487 0.1556 0.1641 0.1743 0.1863 0.2002 0.2164 0.2350 0.2562 0.2802 0.3071 0.3370 0.3695 0.4038 0.4382 0.4692 0.4912 0.5014 0.5024 0.4968 0.4857 0.4694 0.4477 0.4204 0.3875 0.3498 0.3096 0.2721 0.2453 0.2355 0.2453 0.2721 0.3096 0.3498 0.3875 0.4204 0.4477 0.4694 0.4857 0.4968 0.5024 0.5014 0.4912 0.4691 0.4382 0.4038 0.3695 0.3370 0.3071 0.2802 0.2562 0.2350 0.2164 0.2002 0.1863 0.1743 0.1641 0.1556 0.1487 0.1431 0.1389 0.1360 0.1343 0.1338 0.1345 0.1366 0.1403 0.1460 0.1550 0.1713 0.2047 0.2546 0.3066 0.3537 0.3939 0.4271 0.4538 0.4745 0.4896 0.5036
0.4941 0.4748 0.4542 0.4277 0.3946 0.3545 0.3074 0.2554 0.2055 0.1716 0.1552 0.1461 0.1403 0.1367 0.1345 0.1338 0.1342 0.1359 0.1389 0.1431 0.1486 0.1556 0.1641 0.1742 0.1862 0.2002 0.2164 0.2350 0.2562 0.2803 0.3072 0.3372 0.3697 0.4041 0.4385 0.4695 0.4914 0.5015 0.5023 0.4967 0.4855 0.4690 0.4471 0.4194 0.3857 0.3462 0.3022 0.2578 0.2205 0.1974 0.1902 0.1974 0.2205 0.2578 0.3022 0.3462 0.3857 0.4194 0.4471 0.4690 0.4855 0.4967 0.5023 0.5015 0.4914 0.4695 0.4385 0.4041 0.3697 0.3372 0.3072 0.2803 0.2562 0.2350 0.2164 0.2002 0.1862 0.1742 0.1641 0.1556 0.1486 0.1431 0.1389 0.1359 0.1342 0.1338 0.1345 0.1367 0.1403 0.1461 0.1552 0.1716 0.2055 0.2554 0.3074 0.3545 0.3946 0.4277 0.4542 0.4748 0.4941
0.4793 0.4547 0.4282 0.3952 0.3552 0.3083 0.2563 0.2062 0.1720 0.1554 0.1462 0.1404 0.1367 0.1346 0.1338 0.1342 0.1359 0.1388 0.1430 0.1485 0.1555 0.1640 0.1742 0.1862 0.2002 0.2164 0.2350 0.2562 0.2803 0.3073 0.3373 0.3699 0.4043 0.4388 0.4697 0.4916 0.5015 0.5023 0.4966 0.4853 0.4687 0.4467 0.4187 0.3846 0.3440 0.2980 0.2500 0.2076 0.1802 0.1677 0.1642 0.1677 0.1802 0.2076 0.2501 0.2980 0.3440 0.3846 0.4187 0.4467 0.4687 0.4853 0.4966 0.5023 0.5015 0.4916 0.4697 0.4388 0.4043 0.3699 0.3373 0.3073 0.2803 0.2562 0.2350 0.2164 0.2002 0.1862 0.1742 0.1640 0.1555 0.1485 0.1430 0.1388 0.1359 0.1342 0.1338 0.1346 0.1367 0.1404 0.1462 0.1554 0.1720 0.2062 0.2563 0.3083 0.3552 0.3952 0.4282 0.4547 0.4793
0.4589 0.4287 0.3958 0.3560 0.3092 0.2573 0.2070 0.1724 0.1556 0.1463 0.1405 0.1367 0.1346 0.1338 0.1342 0.1359 0.1388 0.1429 0.1485 0.1554 0.1639 0.1741 0.1861 0.2001 0.2163 0.2349 0.2562 0.2803 0.3073 0.3373 0.3700 0.4045 0.4390 0.4699 0.4917 0.5016 0.5023 0.4965 0.4851 0.4685 0.4463 0.4182 0.3837 0.3427 0.2956 0.2458 0.2011 0.1728 0.1594 0.1533 0.1514 0.1533 0.1594 0.1728 0.2011 0.2458 0.2956 0.3427 0.3838 0.4182 0.4463 0.4685 0.4851 0.4965 0.5023 0.5016 0.4917 0.4699 0.4390 0.4045 0.3700 0.3373 0.3073 0.2803 0.2562 0.2349 0.2163 0.2001 0.1861 0.1741 0.1639 0.1554 0.1485 0.1429 0.1388 0.1359 0.1342 0.1338 0.1346 0.1367 0.1405 0.1463 0.1556 0.1724 0.2070 0.2573 0.3092 0.3560 0.3958 0.4287 0.4589
0.4327 0.3965 0.3568 0.3100 0.2582 0.2078 0.1728 0.1558 0.1465 0.1406 0.1368 0.1346 0.1338 0.1342 0.1358 0.1387 0.1429 0.1484 0.1553 0.1638 0.1739 0.1859 0.1999 0.2161 0.2348 0.2561 0.2802 0.3072 0.3373 0.3700 0.4045 0.4391 0.4700 0.4918 0.5016 0.5023 0.4964 0.4850 0.4682 0.4460 0.4177 0.3831 0.3417 0.2941 0.2433 0.1977 0.1694 0.1558 0.1487 0.1449 0.1437 0.1449 0.1487 0.1558 0.1694 0.1977 0.2434 0.2941 0.3417 0.3831 0.4178 0.4460 0.4682 0.4850 0.4964 0.5023 0.5016 0.4918 0.4700 0.4391 0.4045 0.3700 0.3373 0.3072 0.2802 0.2561 0.2348 0.2161 0.1999 0.1859 0.1739 0.1638 0.1553 0.1484 0.1429 0.1387 0.1358 0.1342 0.1338 0.1346 0.1368 0.1406 0.1465 0.1558 0.1728 0.2078 0.2582 0.3100 0.3568 0.3965 0.4327
0.4002 0.3575 0.3109 0.2591 0.2086 0.1732 0.1560 0.1466 0.1406 0.1368 0.1346 0.1338 0.1342 0.1358 0.1387 0.1428 0.1483 0.1552 0.1636 0.1738 0.1858 0.1998 0.2160 0.2346 0.2559 0.2800 0.3071 0.3372 0.3699 0.4045 0.4391 0.4700 0.4918 0.5016 0.5022 0.4963 0.4849 0.4681 0.4457 0.4174 0.3826 0.3410 0.2930 0.2418 0.1958 0.1677 0.1541 0.1465 0.1420 0.1395 0.1388 0.1395 0.1420 0.1465 0.1541 0.1677 0.1958 0.2418 0.2931 0.3410 0.3826 0.4174 0.4457 0.4681 0.4849 0.4963 0.5022 0.5016 0.4918 0.4700 0.4391 0.4045 0.3699 0.3372 0.3071 0.2800 0.2559 0.2346 0.2160 0.1998 0.1858 0.1738 0.1636 0.1552 0.1483 0.1428 0.1387 0.1358 0.1342 0.1338 0.1346 0.1368 0.1406 0.1466 0.1560 0.1732 0.2086 0.2591 0.3109 0.3575 0.4002
0.3608 0.3118 0.2601 0.2094 0.1737 0.1562 0.1467 0.1407 0.1369 0.1346 0.1338 0.1342 0.1358 0.1386 0.1427 0.1482 0.1551 0.1635 0.1736 0.1856 0.1995 0.2157 0.2344 0.2557 0.2798 0.3069 0.3370 0.3697 0.4043 0.4390 0.4700 0.4918 0.5016 0.5022 0.4963 0.4848 0.4680 0.4455 0.4171 0.3822 0.3404 0.2923 0.2408 0.1947 0.1668 0.1532 0.1455 0.1406 0.1377 0.1361 0.1357 0.1361 0.1377 0.1406 0.1455 0.1532 0.1668 0.1947 0.2408 0.2923 0.3404 0.3822 0.4171 0.4455 0.4680 0.4848 0.4963 0.5022 0.5016 0.4918 0.4700 0.4390 0.4043 0.3697 0.3370 0.3069 0.2798 0.2557 0.2344 0.2157 0.1995 0.1856 0.1736 0.1635 0.1551 0.1482 0.1427 0.1386 0.1358 0.1342 0.1338 0.1346 0.1369 0.1407 0.1467 0.1562 0.1737 0.2094 0.2601 0.3118 0.3608
0.3146 0.2610 0.2102 0.1741 0.1564 0.1469 0.1408 0.1369 0.1347 0.1338 0.1342 0.1357 0.1386 0.1427 0.1481 0.1550 0.1634 0.1734 0.1854 0.1993 0.2155 0.2341 0.2554 0.2795 0.3066 0.3367 0.3695 0.4041 0.4388 0.4699 0.4918 0.5016 0.5022 0.4963 0.4848 0.4679 0.4454 0.4169 0.3819 0.3400 0.2917 0.2400 0.1939 0.1663 0.1528 0.1449 0.1399 0.1368 0.1351 0.1343 0.1341 0.1343 0.1351 0.1368 0.1399 0.1449 0.1528 0.1663 0.1939 0.2401 0.2917 0.3400 0.3819 0.4169 0.4454 0.4679 0.4848 0.4963 0.5022 0.5016 0.4918 0.4699 0.4388 0.4041 0.3695 0.3367 0.3066 0.2795 0.2554 0.2341 0.2155 0.1993 0.1854 0.1734 0.1634 0.1550 0.1481 0.1427 0.1386 0.1357 0.1342 0.1338 0.1347 0.1369 0.1408 0.1469 0.1564 0.1741 0.2102 0.2610 0.3146
0.2632 0.2110 0.1746 0.1566 0.1470 0.1409 0.1370 0.1347 0.1338 0.1341 0.1357 0.1385 0.1426 0.1480 0.1548 0.1632 0.1733 0.1852 0.1991 0.2152 0.2338 0.2550 0.2791 0.3062 0.3363 0.3691 0.4038 0.4385 0.4697 0.4917 0.5016 0.5022 0.4963 0.4848 0.4678 0.4453 0.4168 0.3817 0.3397 0.2913 0.2395 0.1934 0.1659 0.1525 0.1446 0.1396 0.1364 0.1346 0.1339 0.1337 0.1338 0.1337 0.1339 0.1346 0.1364 0.1396 0.1446 0.1525 0.1659 0.1934 0.2395 0.2913 0.3397 0.3817 0.4168 0.4453 0.4678 0.4848 0.4963 0.5022 0.5016 0.4917 0.4697 0.4385 0.4038 0.3691 0.3363 0.3062 0.2791 0.2550 0.2338 0.2152 0.1991 0.1852 0.1733 0.1632 0.1548 0.1480 0.1426 0.1385 0.1357 0.1341 0.1338 0.1347 0.1370 0.1409 0.1470 0.1566 0.1746 0.2110 0.2632
0.2125 0.1750 0.1569 0.1471 0.1410 0.1370 0.1347 0.1338 0.1341 0.1357 0.1385 0.1425 0.1479 0.1547 0.1631 0.1731 0.1850 0.1989 0.2150 0.2335 0.2547 0.2788 0.3058 0.3359 0.3687 0.4034 0.4382 0.4695 0.4916 0.5016 0.5023 0.4963 0.4848 0.4679 0.4453 0.4167 0.3816 0.3395 0.2910 0.2392 0.1931 0.1657 0.1523 0.1444 0.1394 0.1362 0.1344 0.1338 0.1339 0.1344 0.1347 0.1344 0.1339 0.1338 0.1344 0.1362 0.1394 0.1444 0.1523 0.1657 0.1931 0.2392 0.2910 0.3395 0.3816 0.4167 0.4453 0.4679 0.4848 0.4963 0.5023 0.5016 0.4916 0.4695 0.4382 0.4034 0.3687 0.3359 0.3058 0.2788 0.2547 0.2335 0.2150 0.1989 0.1850 0.1731 0.1631 0.1547 0.1479 0.1425 0.1385 0.1357 0.1341 0.1338 0.1347 0.1370 0.1410 0.1471 0.1569 0.1750 0.2125
0.1758 0.1571 0.1473 0.1411 0.1371 0.1348 0.1338 0.1341 0.1356 0.1384 0.1424 0.1478 0.1546 0.1629 0.1730 0.1848 0.1986 0.2147 0.2332 0.2544 0.2784 0.3054 0.3354 0.3682 0.4030 0.4378 0.4691 0.4914 0.5015 0.5023 0.4964 0.4849 0.4680 0.4454 0.4168 0.3816 0.3395 0.2909 0.2390 0.1928 0.1656 0.1522 0.1443 0.1393 0.1361 0.1343 0.1338 0.1342 0.1352 0.1363 0.1368 0.1363 0.1352 0.1342 0.1338 0.1343 0.1361 0.1393 0.1443 0.1522 0.1656 0.1929 0.2390 0.2909 0.3395 0.3816 0.4168 0.4454 0.4680 0.4849 0.4964 0.5023 0.5015 0.4914 0.4691 0.4378 0.4030 0.3682 0.3354 0.3054 0.2784 0.2544 0.2332 0.2147 0.1986 0.1848 0.1730 0.1629 0.1546 0.1478 0.1424 0.1384 0.1356 0.1341 0.1338 0.1348 0.1371 0.1411 0.1473 0.1571 0.1758
0.1575 0.1474 0.1412 0.1372 0.1348 0.1338 0.1341 0.1356 0.1383 0.1423 0.1477 0.1545 0.1628 0.1728 0.1846 0.1984 0.2144 0.2329 0.2540 0.2780 0.3050 0.3350 0.3677 0.4024 0.4373 0.4688 0.4912 0.5015 0.5023 0.4965 0.4850 0.4681 0.4455 0.4169 0.3817 0.3395 0.2909 0.2389 0.1927 0.1655 0.1521 0.1443 0.1392 0.1360 0.1343 0.1338 0.1343 0.1358 0.1377 0.1395 0.1402 0.1395 0.1377 0.1358 0.1343 0.1338 0.1343 0.1360 0.1392 0.1443 0.1521 0.1655 0.1927 0.2389 0.2909 0.3395 0.3817 0.4169 0.4455 0.4681 0.4850 0.4965 0.5023 0.5015 0.4912 0.4688 0.4373 0.4024 0.3677 0.3350 0.3050 0.2780 0.2540 0.2329 0.2144 0.1984 0.1846 0.1728 0.1628 0.1545 0.1477 0.1423 0.1383 0.1356 0.1341 0.1338 0.1348 0.1372 0.1412 0.1474 0.1575
0.1476 0.1412 0.1372 0.1348 0.1338 0.1341 0.1356 0.1383 0.1423 0.1476 0.1543 0.1626 0.1726 0.1844 0.1982 0.2142 0.2326 0.2537 0.2776 0.3045 0.3345 0.3672 0.4019 0.4368 0.4684 0.4910 0.5014 0.5023 0.4966 0.4851 0.4682 0.4457 0.4171 0.3819 0.3397 0.2910 0.2390 0.1927 0.1654 0.1521 0.1442 0.1392 0.1360 0.1342 0.1338 0.1344 0.1361 0.1386 0.1415 0.1439 0.1449 0.1439 0.1415 0.1386 0.1361 0.1344 0.1338 0.1342 0.1360 0.1392 0.1442 0.1521 0.1654 0.1927 0.2390 0.2910 0.3397 0.3819 0.4171 0.4457 0.4682 0.4851 0.4966 0.5023 0.5014 0.4910 0.4684 0.4368 0.4019 0.3672 0.3345 0.3045 0.2776 0.2537 0.2326 0.2142 0.1982 0.1844 0.1726 0.1626 0.1543 0.1476 0.1423 0.1383 0.1356 0.1341 0.1338 0.1348 0.1372 0.1412 0.1476
0.1413 0.1373 0.1348 0.1338 0.1341 0.1355 0.1382 0.1422 0.1475 0.1542 0.1625 0.1724 0.1842 0.1979 0.2139 0.2323 0.2533 0.2772 0.3041 0.3340 0.3667 0.4014 0.4363 0.4679 0.4907 0.5013 0.5024 0.4967 0.4853 0.4685 0.4460 0.4174 0.3822 0.3400 0.2913 0.2392 0.1929 0.1655 0.1521 0.1442 0.1392 0.1360 0.1342 0.1338 0.1345 0.1363 0.1392 0.1427 0.1466 0.1497 0.1509 0.1497 0.1466 0.1427 0.1392 0.1363 0.1345 0.1338 0.1342 0.1360 0.1392 0.1442 0.1521 0.1655 0.1929 0.2392 0.2913 0.3400 0.3822 0.4174 0.4460 0.4685 0.4853 0.4967 0.5024 0.5013 0.4907 0.4679 0.4363 0.4014 0.3667 0.3340 0.3041 0.2772 0.2533 0.2323 0.2139 0.1979 0.1842 0.1724 0.1625 0.1542 0.1475 0.1422 0.1382 0.1355 0.1341 0.1338 0.1348 0.1373 0.1413
0.1373 0.1349 0.1338 0.1340 0.1355 0.1382 0.1421 0.1474 0.1541 0.1623 0.1722 0.1840 0.1977 0.2136 0.2320 0.2530 0.2768 0.3037 0.3335 0.3662 0.4008 0.4357 0.4675 0.4905 0.5012 0.5024 0.4968 0.4855 0.4687 0.4463 0.4178 0.3826 0.3404 0.2917 0.2395 0.1931 0.1656 0.1521 0.1442 0.1392 0.1360 0.1342 0.1338 0.1345 0.1364 0.1394 0.1435 0.1482 0.1530 0.1569 0.1584 0.1569 0.1530 0.1482 0.1435 0.1394 0.1364 0.1345 0.1338 0.1342 0.1360 0.1392 0.1442 0.1521 0.1656 0.1931 0.2395 0.2917 0.3404 0.3826 0.4178 0.4463 0.4687 0.4855 0.4968 0.5024 0.5012 0.4905 0.4675 0.4357 0.4008 0.3662 0.3335 0.3037 0.2768 0.2530 0.2320 0.2136 0.1977 0.1840 0.1722 0.1623 0.1541 0.1474 0.1421 0.1382 0.1355 0.1340 0.1338 0.1349 0.1373
0.1348 0.1338 0.1340 0.1354 0.1381 0.1420 0.1473 0.1539 0.1621 0.1720 0.1837 0.1974 0.2133 0.2316 0.2526 0.2764 0.3032 0.3330 0.3656 0.4003 0.4352 0.4670 0.4902 0.5012 0.5025 0.4969 0.4857 0.4690 0.4467 0.4182 0.3831 0.3410 0.2923 0.2401 0.1934 0.1657 0.1522 0.1443 0.1392 0.1360 0.1342 0.1338 0.1345 0.1365 0.1396 0.1438 0.1491 0.1550 0.1610 0.1657 0.1675 0.1657 0.1610 0.1550 0.1491 0.1438 0.1396 0.1365 0.1345 0.1338 0.1342 0.1360 0.1392 0.1443 0.1522 0.1657 0.1934 0.2401 0.2923 0.3410 0.3831 0.4182 0.4467 0.4690 0.4857 0.4969 0.5025 0.5012 0.4902 0.4670 0.4352 0.4003 0.3656 0.3330 0.3032 0.2764 0.2526 0.2316 0.2133 0.1974 0.1837 0.1720 0.1621 0.1539 0.1473 0.1420 0.1381 0.1354 0.1340 0.1338 0.1348
0.1337 0.1340 0.1354 0.1380 0.1419 0.1471 0.1538 0.1620 0.1718 0.1834 0.1971 0.2130 0.2312 0.2521 0.2759 0.3026 0.3324 0.3650 0.3996 0.4346 0.4665 0.4899 0.5010 0.5025 0.4971 0.4860 0.4694 0.4471 0.4187 0.3838 0.3417 0.2931 0.2408 0.1939 0.1659 0.1523 0.1443 0.1392 0.1360 0.1342 0.1338 0.1345 0.1365 0.1396 0.1440 0.1495 0.1561 0.1634 0.1705 0.1761 0.1783 0.1761 0.1705 0.1634 0.1561 0.1495 0.1440 0.1396 0.1365 0.1345 0.1338 0.1342 0.1360 0.1392 0.1443 0.1523 0.1659 0.1939 0.2408 0.2931 0.3417 0.3838 0.4187 0.4471 0.4694 0.4860 0.4971 0.5025 0.5010 0.4899 0.4665 0.4346 0.3996 0.3650 0.3324 0.3026 0.2759 0.2521 0.2312 0.2130 0.1971 0.1834 0.1718 0.1620 0.1538 0.1471 0.1419 0.1380 0.1354 0.1340 0.1337
0.1338 0.1353 0.1379 0.1418 0.1470 0.1536 0.1617 0.1715 0.1831 0.1967 0.2125 0.2307 0.2516 0.2753 0.3020 0.3317 0.3642 0.3988 0.4338 0.4659 0.4895 0.5009 0.5025 0.4973 0.4863 0.4698 0.4477 0.4194 0.3846 0.3427 0.2941 0.2418 0.1947 0.1663 0.1525 0.1444 0.1393 0.1360 0.1342 0.1338 0.1345 0.1365 0.1396 0.1440 0.1497 0.1566 0.1646 0.1733 0.1818 0.1884 0.1909 0.1884 0.1818 0.1733 0.1646 0.1566 0.1497 0.1440 0.1396 0.1365 0.1345 0.1338 0.1342 0.1360 0.1393 0.1444 0.1525 0.1663 0.1947 0.2418 0.2941 0.3427 0.3846 0.4194 0.4477 0.4698 0.4863 0.4973 0.5025 0.5009 0.4895 0.4659 0.4338 0.3988 0.3642 0.3317 0.3020 0.2753 0.2516 0.2307 0.2125 0.1967 0.1831 0.1715 0.1617 0.1536 0.1470 0.1418 0.1379 0.1353 0.1338
0.1351 0.1378 0.1416 0.1468 0.1533 0.1614 0.1711 0.1827 0.1962 0.2119 0.2301 0.2508 0.2744 0.3010 0.3306 0.3631 0.3977 0.4327 0.4650 0.4889 0.5007 0.5026 0.4975 0.4867 0.4704 0.4484 0.4204 0.3857 0.3440 0.2957 0.2434 0.1958 0.1668 0.1528 0.1446 0.1394 0.1361 0.1343 0.1338 0.1345 0.1364 0.1396 0.1440 0.1497 0.1568 0.1651 0.1747 0.1850 0.1948 0.2025 0.2054 0.2025 0.1948 0.1850 0.1747 0.1651 0.1568 0.1497 0.1440 0.1396 0.1364 0.1345 0.1338 0.1343 0.1361 0.1394 0.1446 0.1528 0.1668 0.1958 0.2434 0.2957 0.3440 0.3857 0.4204 0.4484 0.4704 0.4867 0.4975 0.5026 0.5007 0.4889 0.4650 0.4327 0.3977 0.3631 0.3306 0.3010 0.2744 0.2508 0.2301 0.2119 0.1962 0.1827 0.1711 0.1614 0.1533 0.1468 0.1416 0.1378 0.1351
0.1374 0.1414 0.1464 0.1529 0.1609 0.1706 0.1820 0.1954 0.2110 0.2290 0.2497 0.2731 0.2995 0.3290 0.3614 0.3959 0.4310 0.4635 0.4881 0.5004 0.5027 0.4979 0.4873 0.4713 0.4496 0.4219 0.3876 0.3462 0.2981 0.2458 0.1977 0.1677 0.1532 0.1449 0.1396 0.1362 0.1343 0.1338 0.1344 0.1363 0.1394 0.1438 0.1495 0.1566 0.1651 0.1751 0.1863 0.1982 0.2097 0.2184 0.2218 0.2184 0.2097 0.1982 0.1863 0.1751 0.1651 0.1566 0.1495 0.1438 0.1394 0.1363 0.1344 0.1338 0.1343 0.1362 0.1396 0.1449 0.1532 0.1677 0.1977 0.2458 0.2981 0.3462 0.3876 0.4219 0.4496 0.4713 0.4873 0.4979 0.5027 0.5004 0.4881 0.4635 0.4310 0.3959 0.3614 0.3290 0.2996 0.2731 0.2497 0.2290 0.2110 0.1954 0.1820 0.1706 0.1609 0.1529 0.1464 0.1414 0.1374
0.1407 0.1459 0.1523 0.1601 0.1696 0.1809 0.1941 0.2096 0.2273 0.2477 0.2709 0.2971 0.3264 0.3585 0.3929 0.4281 0.4610 0.4865 0.4998 0.5028 0.4985 0.4884 0.4728 0.4516 0.4244 0.3906 0.3498 0.3022 0.2501 0.2011 0.1694 0.1541 0.1455 0.1399 0.1364 0.1344 0.1338 0.1343 0.1361 0.1392 0.1435 0.1491 0.1561 0.1646 0.1747 0.1863 0.1993 0.2129 0.2260 0.2359 0.2398 0.2359 0.2260 0.2129 0.1993 0.1863 0.1747 0.1646 0.1561 0.1491 0.1435 0.1392 0.1361 0.1343 0.1338 0.1344 0.1364 0.1399 0.1455 0.1541 0.1694 0.2011 0.2501 0.3022 0.3498 0.3906 0.4244 0.4516 0.4728 0.4884 0.4985 0.5028 0.4998 0.4865 0.4610 0.4281 0.3929 0.3585 0.3264 0.2971 0.2709 0.2477 0.2273 0.2096 0.1941 0.1809 0.1696 0.1601 0.1523 0.1459 0.1407
0.1447 0.1511 0.1587 0.1680 0.1790 0.1919 0.2070 0.2244 0.2444 0.2671 0.2929 0.3216 0.3534 0.3875 0.4227 0.4563 0.4833 0.4986 0.5029 0.4996 0.4903 0.4755 0.4551 0.4288 0.3960 0.3563 0.3096 0.2578 0.2077 0.1728 0.1558 0.1465 0.1406 0.1368 0.1346 0.1338 0.1342 0.1358 0.1386 0.1427 0.1482 0.1550 0.1634 0.1733 0.1850 0.1982 0.2129 0.2284 0.2430 0.2541 0.2584 0.2541 0.2430 0.2284 0.2129 0.1982 0.1850 0.1733 0.1634 0.1550 0.1482 0.1427 0.1386 0.1358 0.1342 0.1338 0.1346 0.1368 0.1406 0.1465 0.1558 0.1728 0.2077 0.2578 0.3096 0.3563 0.3960 0.4288 0.4551 0.4755 0.4903 0.4996 0.5029 0.4986 0.4833 0.4563 0.4227 0.3875 0.3534 0.3217 0.2929 0.2671 0.2444 0.2244 0.2070 0.1919 0.1790 0.1680 0.1587 0.1511 0.1447
0.1489 0.1563 0.1651 0.1756 0.1880 0.2024 0.2192 0.2384 0.2604 0.2853 0.3132 0.3442 0.3778 0.4129 0.4474 0.4769 0.4956 0.5026 0.5011 0.4934 0.4801 0.4612 0.4366 0.4056 0.3678 0.3229 0.2722 0.2205 0.1802 0.1594 0.1487 0.1420 0.1377 0.1351 0.1339 0.1339 0.1352 0.1377 0.1415 0.1466 0.1530 0.1610 0.1705 0.1818 0.1948 0.2097 0.2260 0.2430 0.2591 0.2712 0.2759 0.2712 0.2591 0.2430 0.2260 0.2097 0.1948 0.1818 0.1705 0.1610 0.1530 0.1466 0.1415 0.1377 0.1352 0.1339 0.1339 0.1351 0.1377 0.1420 0.1487 0.1594 0.1802 0.2205 0.2722 0.3229 0.3678 0.4056 0.4366 0.4612 0.4801 0.4934 0.5011 0.5026 0.4956 0.4769 0.4474 0.4130 0.3778 0.3442 0.3133 0.2853 0.2604 0.2384 0.2192 0.2024 0.1880 0.1756 0.1651 0.1563 0.1489
0.1522 0.1604 0.1700 0.1815 0.1949 0.2105 0.2285 0.2491 0.2725 0.2990 0.3285 0.3609 0.3955 0.4307 0.4634 0.4880 0.5004 0.5027 0.4979 0.4872 0.4711 0.4494 0.4215 0.3871 0.3456 0.2975 0.2453 0.1975 0.1677 0.1533 0.1449 0.1395 0.1361 0.1343 0.1337 0.1344 0.1363 0.1395 0.1439 0.1497 0.1569 0.1657 0.1761 0.1884 0.2025 0.2184 0.2359 0.2541 0.2712 0.2841 0.2890 0.2841 0.2712 0.2541 0.2359 0.2184 0.2025 0.1884 0.1761 0.1657 0.1569 0.1497 0.1439 0.1395 0.1363 0.1344 0.1337 0.1343 0.1361 0.1395 0.1449 0.1533 0.1677 0.1975 0.2453 0.2975 0.3456 0.3871 0.4215 0.4494 0.4711 0.4872 0.4979 0.5027 0.5004 0.4880 0.4634 0.4307 0.3955 0.3609 0.3285 0.2990 0.2725 0.2491 0.2285 0.2105 0.1949 0.1815 0.1700 0.1604 0.1522
0.1535 0.1620 0.1720 0.1838 0.1976 0.2136 0.2320 0.2532 0.2772 0.3042 0.3343 0.3672 0.4021 0.4372 0.4688 0.4913 0.5015 0.5023 0.4963 0.4846 0.4675 0.4446 0.4155 0.3798 0.3370 0.2878 0.2355 0.1902 0.1642 0.1514 0.1437 0.1388 0.1357 0.1341 0.1338 0.1347 0.1368 0.1402 0.1449 0.1509 0.1584 0.1675 0.1783 0.1909 0.2054 0.2218 0.2398 0.2584 0.2759 0.2890 0.2940 0.2890 0.2759 0.2584 0.2398 0.2218 0.2054 0.1909 0.1783 0.1675 0.1584 0.1509 0.1449 0.1402 0.1368 0.1347 0.1338 0.1341 0.1357 0.1388 0.1437 0.1514 0.1642 0.1902 0.2355 0.2878 0.3370 0.3798 0.4155 0.4446 0.4675 0.4846 0.4963 0.5023 0.5015 0.4913 0.4688 0.4372 0.4021 0.3672 0.3343 0.3042 0.2772 0.2532 0.2320 0.2136 0.1976 0.1838 0.1720 0.1620 0.1535
0.1522 0.1604 0.1700 0.1815 0.1949 0.2105 0.2285 0.2491 0.2725 0.2990 0.3285 0.3609 0.3955 0.4307 0.4634 0.4880 0.5004 0.5027 0.4979 0.4872 0.4711 0.4494 0.4215 0.3871 0.3456 0.2975 0.2453 0.1975 0.1677 0.1533 0.1449 0.1395 0.1361 0.1343 0.1337 0.1344 0.1363 0.1395 0.1439 0.1497 0.1569 0.1657 0.1761 0.1884 0.2025 0.2184 0.2359 0.2541 0.2712 0.2841 0.2890 0.2841 0.2712 0.2541 0.2359 0.2184 0.2025 0.1884 0.1761 0.1657 0.1569 0.1497 0.1439 0.1395 0.1363 0.1344 0.1337 0.1343 0.1361 0.1395 0.1449 0.1533 0.1677 0.1975 0.2453 0.2975 0.3456 0.3871 0.4215 0.4494 0.4711 0.4872 0.4979 0.5027 0.5004 0.4880 0.4634 0.4307 0.3955 0.3609 0.3285 0.2990 0.2725 0.2491 0.2285 0.2105 0.1949 0.1815 0.1700 0.1604 0.1522
0.1489 0.1563 0.1651 0.1756 0.1880 0.2024 0.2192 0.2384 0.2604 0.2853 0.3133 0.3442 0.3778 0.4130 0.4474 0.4769 0.4956 0.5026 0.5011 0.4934 0.4801 0.4612 0.4366 0.4056 0.3678 0.3229 0.2722 0.2205 0.1802 0.1594 0.1487 0.1420 0.1377 0.1351 0.1339 0.1339 0.1352 0.1377 0.1415 0.1466 0.1530 0.1610 0.1705 0.1818 0.1948 0.2097 0.2260 0.2430 0.2591 0.2712 0.2759 0.2712 0.2591 0.2430 0.2260 0.2097 0.1948 0.1818 0.1705 0.1610 0.1530 0.1466 0.1415 0.1377 0.1352 0.1339 0.1339 0.1351 0.1377 0.1420 0.1487 0.1594 0.1802 0.2205 0.2722 0.3229 0.3678 0.4056 0.4366 0.4612 0.4801 0.4934 0.5011 0.5026 0.4956 0.4769 0.4474 0.4130 0.3778 0.3442 0.3133 0.2853 0.2604 0.2384 0.2192 0.2024 0.1880 0.1756 0.1651 0.1563 0.1489
0.1447 0.1511 0.1587 0.1680 0.1790 0.1919 0.2070 0.2244 0.2444 0.2671 0.2929 0.3217 0.3534 0.3875 0.4227 0.4563 0.4833 0.4986 0.5029 0.4996 0.4903 0.4755 0.4551 0.4288 0.3960 0.3563 0.3096 0.2578 0.2077 0.1728 0.1558 0.1465 0.1406 0.1368 0.1346 0.1338 0.1342 0.1358 0.1386 0.1427 0.1482 0.1550 0.1634 0.1733 0.1850 0.1982 0.2129 0.2284 0.2430 0.2541 0.2584 0.2541 0.2430 0.2284 0.2129 0.1982 0.1850 0.1733 0.1634 0.1550 0.1482 0.1427 0.1386 0.1358 0.1342 0.1338 0.1346 0.1368 0.1406 0.1465 0.1558 0.1728 0.2077 0.2578 0.3096 0.3563 0.3960 0.4288 0.4551 0.4755 0.4903 0.4996 0.5029 0.4986 0.4833 0.4563 0.4227 0.3875 0.3534 0.3217 0.2929 0.2671 0.2444 0.2244 0.2070 0.1919 0.1790 0.1680 0.1587 0.1511 0.1447
0.1407 0.1459 0.1523 0.1601 0.1696 0.1809 0.1941 0.2096 0.2273 0.2477 0.2709 0.2971 0.3264 0.3585 0.3929 0.4281 0.4610 0.4865 0.4998 0.5028 0.4985 0.4884 0.4728 0.4516 0.4244 0.3906 0.3498 0.3022 0.2501 0.2011 0.1694 0.1541 0.1455 0.1399 0.1364 0.1344 0.1338 0.1343 0.1361 0.1392 0.1435 0.1491 0.1561 0.1646 0.1747 0.1863 0.1992 0.2129 0.2260 0.2359 0.2398 0.2359 0.2260 0.2129 0.1993 0.1863 0.1747 0.1646 0.1561 0.1491 0.1435 0.1392 0.1361 0.1343 0.1338 0.1344 0.1364 0.1399 0.1455 0.1541 0.1694 0.2011 0.2501 0.3022 0.3498 0.3906 0.4244 0.4516 0.4728 0.4884 0.4985 0.5028 0.4998 0.4865 0.4610 0.4281 0.3929 0.3585 0.3264 0.2971 0.2709 0.2477 0.2273 0.2096 0.1941 0.1809 0.1696 0.1601 0.1523 0.1459 0.1407
0.1374 0.1414 0.1464 0.1529 0.1609 0.1706 0.1820 0.1954 0.2110 0.2290 0.2497 0.2731 0.2996 0.3290 0.3614 0.3959 0.4310 0.4635 0.4881 0.5004 0.5027 0.4979 0.4873 0.4713 0.4496 0.4219 0.3876 0.3462 0.2981 0.2458 0.1977 0.1677 0.1532 0.1449 0.1396 0.1362 0.1343 0.1338 0.1344 0.1363 0.1394 0.1438 0.1495 0.1566 0.1651 0.1751 0.1863 0.1982 0.2096 0.2184 0.2218 0.2184 0.2097 0.1982 0.1863 0.1751 0.1651 0.1566 0.1495 0.1438 0.1394 0.1363 0.1344 0.1338 0.1343 0.1362 0.1396 0.1449 0.1532 0.1677 0.1977 0.2458 0.2981 0.3462 0.3876 0.4219 0.4496 0.4713 0.4873 0.4979 0.5027 0.5004 0.4881 0.4635 0.4310 0.3959 0.3614 0.3290 0.2996 0.2731 0.2497 0.2290 0.2110 0.1954 0.1820 0.1706 0.1609 0.1529 0.1464 0.1414 0.1374
