0.2476 0.2704 0.2960 0.3248 0.3565 0.3905 0.4257 0.4594 0.4867 0.5025 0.5072 0.5043 0.4954 0.4812 0.4615 0.4360 0.4042 0.3656 0.3201 0.2690 0.2178 0.1789 0.1590 0.1485 0.1419 0.1376 0.1350 0.1338 0.1338 0.1349 0.1373 0.1409 0.1458 0.1520 0.1597 0.1689 0.1799 0.1928 0.2077 0.2250 0.2447 0.2671 0.2924 0.3206 0.3513 0.3837 0.4162 0.4458 0.4688 0.4824 0.4867 0.4824 0.4688 0.4458 0.4162 0.3838 0.3513 0.3206 0.2924 0.2671 0.2447 0.2250 0.2077 0.1928 0.1799 0.1689 0.1597 0.1520 0.1458 0.1409 0.1373 0.1349 0.1338 0.1338 0.1350 0.1376 0.1419 0.1485 0.1590 0.1789 0.2178 0.2691 0.3201 0.3656 0.4042 0.4360 0.4615 0.4812 0.4954 0.5043 0.5072 0.5025 0.4867 0.4594 0.4257 0.3905 0.3565 0.3248 0.2960 0.2704 0.2476
0.2704 0.2962 0.3248 0.3562 0.3898 0.4244 0.4572 0.4835 0.4985 0.5029 0.4998 0.4910 0.4768 0.4572 0.4319 0.4004 0.3622 0.3172 0.2668 0.2162 0.1780 0.1585 0.1483 0.1418 0.1376 0.1351 0.1339 0.1339 0.1352 0.1376 0.1412 0.1461 0.1524 0.1601 0.1694 0.1804 0.1933 0.2083 0.2255 0.2453 0.2677 0.2929 0.3210 0.3517 0.3845 0.4178 0.4489 0.4739 0.4896 0.4968 0.4986 0.4968 0.4896 0.4739 0.4489 0.4178 0.3845 0.3518 0.3210 0.2929 0.2677 0.2452 0.2255 0.2083 0.1933 0.1804 0.1694 0.1601 0.1524 0.1461 0.1412 0.1376 0.1352 0.1339 0.1339 0.1351 0.1376 0.1418 0.1483 0.1585 0.1780 0.2162 0.2668 0.3172 0.3622 0.4004 0.4319 0.4572 0.4768 0.4910 0.4998 0.5029 0.4985 0.4835 0.4572 0.4244 0.3898 0.3562 0.3248 0.2962 0.2704
0.2960 0.3248 0.3564 0.3901 0.4248 0.4576 0.4839 0.4987 0.5029 0.4997 0.4908 0.4765 0.4568 0.4314 0.3998 0.3615 0.3164 0.2659 0.2154 0.1775 0.1583 0.1481 0.1417 0.1376 0.1350 0.1339 0.1339 0.1352 0.1376 0.1413 0.1462 0.1525 0.1603 0.1696 0.1806 0.1936 0.2086 0.2259 0.2456 0.2681 0.2934 0.3216 0.3526 0.3858 0.4197 0.4518 0.4780 0.4941 0.5010 0.5027 0.5029 0.5027 0.5010 0.4941 0.4780 0.4518 0.4197 0.3858 0.3526 0.3217 0.2934 0.2681 0.2456 0.2259 0.2086 0.1936 0.1806 0.1696 0.1603 0.1525 0.1462 0.1413 0.1376 0.1352 0.1339 0.1339 0.1350 0.1376 0.1417 0.1481 0.1583 0.1775 0.2154 0.2659 0.3164 0.3615 0.3998 0.4314 0.4568 0.4765 0.4908 0.4997 0.5029 0.4987 0.4839 0.4576 0.4248 0.3901 0.3564 0.3248 0.2960
0.3248 0.3562 0.3901 0.4249 0.4579 0.4841 0.4988 0.5029 0.4996 0.4906 0.4762 0.4565 0.4310 0.3992 0.3608 0.3155 0.2649 0.2145 0.1770 0.1580 0.1480 0.1416 0.1375 0.1350 0.1339 0.1340 0.1352 0.1377 0.1414 0.1463 0.1526 0.1604 0.1698 0.1808 0.1938 0.2089 0.2262 0.2460 0.2685 0.2939 0.3222 0.3533 0.3867 0.4209 0.4535 0.4801 0.4962 0.5023 0.5025 0.5005 0.4994 0.5005 0.5025 0.5023 0.4962 0.4802 0.4536 0.4209 0.3867 0.3533 0.3222 0.2939 0.2685 0.2460 0.2262 0.2089 0.1938 0.1808 0.1698 0.1604 0.1526 0.1463 0.1414 0.1377 0.1352 0.1340 0.1339 0.1350 0.1375 0.1416 0.1480 0.1580 0.1770 0.2146 0.2650 0.3155 0.3608 0.3992 0.4310 0.4565 0.4762 0.4906 0.4996 0.5029 0.4988 0.4841 0.4579 0.4249 0.3901 0.3562 0.3248
0.3565 0.3898 0.4248 0.4579 0.4842 0.4988 0.5029 0.4996 0.4904 0.4760 0.4561 0.4305 0.3987 0.3601 0.3147 0.2641 0.2138 0.1765 0.1578 0.1478 0.1415 0.1374 0.1350 0.1339 0.1340 0.1353 0.1377 0.1415 0.1464 0.1528 0.1606 0.1700 0.1811 0.1941 0.2092 0.2265 0.2464 0.2690 0.2944 0.3228 0.3540 0.3874 0.4219 0.4547 0.4814 0.4972 0.5027 0.5016 0.4971 0.4921 0.4899 0.4921 0.4971 0.5016 0.5027 0.4972 0.4814 0.4547 0.4219 0.3874 0.3540 0.3228 0.2944 0.2690 0.2464 0.2265 0.2091 0.1941 0.1811 0.1699 0.1606 0.1528 0.1464 0.1414 0.1377 0.1353 0.1340 0.1339 0.1350 0.1374 0.1415 0.1478 0.1578 0.1766 0.2138 0.2641 0.3147 0.3601 0.3987 0.4305 0.4561 0.4760 0.4904 0.4996 0.5029 0.4988 0.4842 0.4579 0.4248 0.3898 0.3565
0.3905 0.4244 0.4576 0.4841 0.4988 0.5029 0.4995 0.4903 0.4758 0.4559 0.4302 0.3982 0.3595 0.3140 0.2633 0.2130 0.1761 0.1576 0.1477 0.1415 0.1374 0.1349 0.1339 0.1340 0.1353 0.1378 0.1415 0.1465 0.1529 0.1607 0.1701 0.1813 0.1943 0.2094 0.2269 0.2468 0.2694 0.2949 0.3233 0.3546 0.3881 0.4226 0.4555 0.4822 0.4977 0.5028 0.5009 0.4945 0.4858 0.4781 0.4749 0.4781 0.4858 0.4945 0.5009 0.5028 0.4977 0.4822 0.4555 0.4226 0.3881 0.3546 0.3233 0.2949 0.2694 0.2468 0.2269 0.2094 0.1943 0.1813 0.1701 0.1607 0.1529 0.1465 0.1415 0.1378 0.1353 0.1340 0.1339 0.1349 0.1374 0.1415 0.1477 0.1576 0.1761 0.2130 0.2633 0.3140 0.3595 0.3982 0.4302 0.4559 0.4758 0.4903 0.4995 0.5029 0.4988 0.4841 0.4576 0.4244 0.3905
0.4257 0.4572 0.4839 0.4988 0.5029 0.4995 0.4903 0.4757 0.4557 0.4299 0.3978 0.3590 0.3134 0.2626 0.2123 0.1757 0.1574 0.1476 0.1414 0.1373 0.1349 0.1338 0.1340 0.1353 0.1379 0.1416 0.1466 0.1530 0.1609 0.1703 0.1815 0.1946 0.2097 0.2272 0.2472 0.2698 0.2954 0.3239 0.3552 0.3887 0.4233 0.4562 0.4828 0.4981 0.5028 0.5004 0.4928 0.4817 0.4691 0.4585 0.4542 0.4585 0.4691 0.4817 0.4928 0.5004 0.5028 0.4981 0.4828 0.4562 0.4233 0.3887 0.3552 0.3239 0.2954 0.2698 0.2471 0.2272 0.2097 0.1946 0.1815 0.1703 0.1609 0.1530 0.1466 0.1416 0.1379 0.1353 0.1340 0.1338 0.1349 0.1373 0.1414 0.1476 0.1574 0.1757 0.2123 0.2626 0.3134 0.3590 0.3978 0.4299 0.4557 0.4757 0.4903 0.4995 0.5029 0.4988 0.4839 0.4572 0.4257
0.4594 0.4835 0.4987 0.5029 0.4996 0.4903 0.4757 0.4556 0.4297 0.3975 0.3586 0.3129 0.2619 0.2118 0.1754 0.1572 0.1475 0.1413 0.1373 0.1349 0.1338 0.1340 0.1354 0.1379 0.1417 0.1467 0.1531 0.1610 0.1705 0.1817 0.1948 0.2100 0.2275 0.2475 0.2703 0.2959 0.3244 0.3558 0.3894 0.4239 0.4568 0.4832 0.4983 0.5029 0.5001 0.4919 0.4793 0.4634 0.4467 0.4330 0.4275 0.4330 0.4467 0.4634 0.4792 0.4919 0.5001 0.5029 0.4983 0.4832 0.4568 0.4239 0.3893 0.3557 0.3244 0.2959 0.2703 0.2475 0.2275 0.2100 0.1948 0.1817 0.1705 0.1610 0.1531 0.1467 0.1417 0.1379 0.1354 0.1340 0.1338 0.1349 0.1373 0.1413 0.1475 0.1572 0.1754 0.2118 0.2620 0.3129 0.3586 0.3975 0.4297 0.4556 0.4757 0.4903 0.4996 0.5029 0.4987 0.4835 0.4594
0.4867 0.4985 0.5029 0.4996 0.4904 0.4758 0.4557 0.4297 0.3975 0.3584 0.3125 0.2615 0.2113 0.1751 0.1571 0.1474 0.1412 0.1372 0.1349 0.1338 0.1340 0.1354 0.1380 0.1418 0.1468 0.1533 0.1612 0.1707 0.1819 0.1951 0.2103 0.2279 0.2479 0.2707 0.2963 0.3249 0.3563 0.3900 0.4245 0.4573 0.4836 0.4985 0.5029 0.4999 0.4913 0.4778 0.4601 0.4393 0.4181 0.4011 0.3943 0.4010 0.4181 0.4393 0.4601 0.4778 0.4913 0.4999 0.5029 0.4985 0.4836 0.4573 0.4245 0.3900 0.3563 0.3249 0.2963 0.2707 0.2479 0.2279 0.2103 0.1951 0.1819 0.1707 0.1612 0.1533 0.1468 0.1417 0.1380 0.1354 0.1340 0.1338 0.1349 0.1372 0.1412 0.1474 0.1571 0.1751 0.2113 0.2615 0.3125 0.3584 0.3975 0.4297 0.4557 0.4758 0.4904 0.4996 0.5029 0.4985 0.4867
0.5025 0.5029 0.4997 0.4906 0.4760 0.4559 0.4299 0.3975 0.3584 0.3124 0.2613 0.2110 0.1749 0.1570 0.1473 0.1412 0.1372 0.1348 0.1338 0.1340 0.1354 0.1380 0.1418 0.1469 0.1534 0.1613 0.1708 0.1821 0.1953 0.2106 0.2282 0.2483 0.2711 0.2968 0.3255 0.3569 0.3906 0.4252 0.4579 0.4840 0.4987 0.5029 0.4997 0.4909 0.4769 0.4582 0.4351 0.4090 0.3828 0.3622 0.3541 0.3622 0.3828 0.4090 0.4351 0.4582 0.4769 0.4909 0.4997 0.5029 0.4987 0.4840 0.4579 0.4251 0.3906 0.3569 0.3255 0.2968 0.2711 0.2483 0.2282 0.2106 0.1953 0.1821 0.1708 0.1613 0.1534 0.1469 0.1418 0.1380 0.1354 0.1340 0.1338 0.1348 0.1372 0.1412 0.1473 0.1570 0.1749 0.2110 0.2613 0.3124 0.3584 0.3975 0.4299 0.4559 0.4760 0.4906 0.4997 0.5029 0.5025
0.5072 0.4998 0.4908 0.4762 0.4561 0.4302 0.3978 0.3586 0.3125 0.2613 0.2109 0.1748 0.1569 0.1472 0.1411 0.1372 0.1348 0.1338 0.1340 0.1355 0.1381 0.1419 0.1470 0.1535 0.1614 0.1710 0.1823 0.1955 0.2109 0.2285 0.2486 0.2715 0.2973 0.3260 0.3575 0.3912 0.4258 0.4584 0.4844 0.4989 0.5029 0.4996 0.4906 0.4763 0.4570 0.4326 0.4037 0.3717 0.3404 0.3162 0.3069 0.3162 0.3404 0.3717 0.4037 0.4326 0.4570 0.4763 0.4906 0.4996 0.5029 0.4989 0.4844 0.4584 0.4258 0.3912 0.3575 0.3260 0.2973 0.2715 0.2486 0.2285 0.2109 0.1955 0.1823 0.1710 0.1614 0.1535 0.1470 0.1419 0.1381 0.1355 0.1340 0.1338 0.1348 0.1372 0.1411 0.1472 0.1569 0.1748 0.2109 0.2613 0.3125 0.3586 0.3978 0.4302 0.4561 0.4762 0.4908 0.4998 0.5072
0.5043 0.4910 0.4765 0.4565 0.4305 0.3982 0.3590 0.3129 0.2615 0.2110 0.1748 0.1569 0.1472 0.1411 0.1372 0.1348 0.1338 0.1341 0.1355 0.1381 0.1420 0.1471 0.1536 0.1616 0.1712 0.1825 0.1958 0.2111 0.2288 0.2490 0.2719 0.2977 0.3265 0.3581 0.3918 0.4263 0.4590 0.4848 0.4990 0.5029 0.4995 0.4903 0.4759 0.4562 0.4311 0.4007 0.3654 0.3274 0.2914 0.2648 0.2549 0.2648 0.2914 0.3274 0.3654 0.4007 0.4312 0.4562 0.4759 0.4903 0.4995 0.5029 0.4990 0.4848 0.4589 0.4263 0.3918 0.3580 0.3265 0.2977 0.2719 0.2490 0.2288 0.2111 0.1958 0.1825 0.1712 0.1616 0.1536 0.1471 0.1420 0.1381 0.1355 0.1341 0.1338 0.1348 0.1372 0.1411 0.1472 0.1569 0.1748 0.2110 0.2615 0.3129 0.3590 0.3982 0.4305 0.4565 0.4765 0.4910 0.5043
0.4954 0.4768 0.4568 0.4310 0.3987 0.3595 0.3134 0.2620 0.2113 0.1749 0.1569 0.1472 0.1411 0.1371 0.1348 0.1338 0.1341 0.1355 0.1381 0.1420 0.1472 0.1537 0.1617 0.1713 0.1827 0.1960 0.2114 0.2291 0.2493 0.2723 0.2982 0.3270 0.3586 0.3923 0.4269 0.4595 0.4851 0.4992 0.5029 0.4993 0.4901 0.4755 0.4556 0.4302 0.3988 0.3618 0.3200 0.2769 0.2389 0.2137 0.2051 0.2137 0.2390 0.2770 0.3200 0.3618 0.3988 0.4302 0.4556 0.4755 0.4901 0.4993 0.5029 0.4992 0.4851 0.4594 0.4269 0.3923 0.3586 0.3270 0.2982 0.2723 0.2493 0.2291 0.2114 0.1960 0.1827 0.1713 0.1617 0.1537 0.1472 0.1420 0.1381 0.1355 0.1341 0.1338 0.1348 0.1371 0.1411 0.1472 0.1569 0.1749 0.2113 0.2620 0.3134 0.3595 0.3987 0.4310 0.4568 0.4768 0.4954
0.4812 0.4572 0.4314 0.3992 0.3601 0.3140 0.2626 0.2118 0.1751 0.1570 0.1472 0.1411 0.1371 0.1348 0.1338 0.1341 0.1355 0.1382 0.1421 0.1472 0.1538 0.1618 0.1715 0.1829 0.1962 0.2116 0.2294 0.2497 0.2727 0.2986 0.3274 0.3591 0.3929 0.4274 0.4599 0.4854 0.4993 0.5029 0.4992 0.4899 0.4752 0.4551 0.4294 0.3976 0.3596 0.3158 0.2689 0.2248 0.1925 0.1762 0.1716 0.1762 0.1925 0.2248 0.2689 0.3158 0.3596 0.3976 0.4294 0.4552 0.4752 0.4899 0.4992 0.5029 0.4993 0.4854 0.4599 0.4274 0.3929 0.3591 0.3274 0.2986 0.2727 0.2496 0.2294 0.2116 0.1962 0.1829 0.1715 0.1618 0.1538 0.1472 0.1421 0.1382 0.1355 0.1341 0.1338 0.1348 0.1371 0.1411 0.1472 0.1570 0.1751 0.2118 0.2626 0.3140 0.3601 0.3992 0.4314 0.4572 0.4812
0.4615 0.4319 0.3998 0.3608 0.3147 0.2633 0.2123 0.1754 0.1571 0.1473 0.1411 0.1372 0.1348 0.1338 0.1341 0.1355 0.1382 0.1421 0.1473 0.1539 0.1619 0.1716 0.1830 0.1964 0.2119 0.2297 0.2500 0.2730 0.2990 0.3279 0.3596 0.3934 0.4280 0.4604 0.4857 0.4994 0.5029 0.4991 0.4897 0.4749 0.4547 0.4288 0.3967 0.3581 0.3133 0.2644 0.2173 0.1828 0.1652 0.1575 0.1552 0.1575 0.1652 0.1828 0.2173 0.2644 0.3133 0.3581 0.3967 0.4288 0.4547 0.4749 0.4897 0.4991 0.5029 0.4994 0.4857 0.4604 0.4279 0.3934 0.3596 0.3279 0.2990 0.2730 0.2500 0.2297 0.2119 0.1964 0.1830 0.1716 0.1619 0.1539 0.1473 0.1421 0.1382 0.1355 0.1341 0.1338 0.1348 0.1372 0.1411 0.1473 0.1571 0.1754 0.2123 0.2633 0.3147 0.3608 0.3998 0.4319 0.4615
0.4360 0.4004 0.3615 0.3155 0.2641 0.2130 0.1757 0.1572 0.1474 0.1412 0.1372 0.1348 0.1338 0.1341 0.1355 0.1382 0.1421 0.1473 0.1539 0.1620 0.1717 0.1832 0.1966 0.2121 0.2299 0.2503 0.2734 0.2994 0.3284 0.3601 0.3939 0.4285 0.4609 0.4860 0.4995 0.5028 0.4990 0.4895 0.4746 0.4543 0.4283 0.3960 0.3571 0.3117 0.2617 0.2132 0.1781 0.1606 0.1519 0.1475 0.1461 0.1475 0.1519 0.1606 0.1782 0.2132 0.2617 0.3117 0.3571 0.3960 0.4283 0.4544 0.4746 0.4895 0.4990 0.5028 0.4995 0.4860 0.4609 0.4285 0.3939 0.3601 0.3284 0.2994 0.2734 0.2503 0.2299 0.2121 0.1966 0.1832 0.1717 0.1620 0.1539 0.1473 0.1421 0.1382 0.1355 0.1341 0.1338 0.1348 0.1372 0.1412 0.1474 0.1572 0.1757 0.2130 0.2641 0.3155 0.3615 0.4004 0.4360
0.4042 0.3622 0.3164 0.2650 0.2138 0.1761 0.1574 0.1475 0.1412 0.1372 0.1348 0.1338 0.1341 0.1355 0.1382 0.1421 0.1473 0.1539 0.1620 0.1718 0.1833 0.1967 0.2122 0.2301 0.2506 0.2738 0.2998 0.3288 0.3606 0.3945 0.4290 0.4613 0.4863 0.4997 0.5028 0.4989 0.4893 0.4744 0.4540 0.4278 0.3954 0.3563 0.3105 0.2600 0.2109 0.1758 0.1584 0.1493 0.1440 0.1412 0.1403 0.1412 0.1440 0.1493 0.1584 0.1758 0.2109 0.2600 0.3105 0.3563 0.3954 0.4279 0.4540 0.4744 0.4893 0.4989 0.5028 0.4997 0.4863 0.4613 0.4290 0.3945 0.3606 0.3288 0.2998 0.2737 0.2506 0.2301 0.2122 0.1967 0.1833 0.1718 0.1620 0.1539 0.1473 0.1421 0.1382 0.1355 0.1341 0.1338 0.1348 0.1372 0.1412 0.1475 0.1574 0.1761 0.2138 0.2650 0.3164 0.3622 0.4042
0.3656 0.3172 0.2659 0.2146 0.1766 0.1576 0.1476 0.1413 0.1372 0.1348 0.1338 0.1341 0.1355 0.1382 0.1421 0.1473 0.1539 0.1621 0.1718 0.1833 0.1968 0.2124 0.2303 0.2508 0.2740 0.3002 0.3292 0.3611 0.3950 0.4295 0.4618 0.4866 0.4998 0.5028 0.4988 0.4891 0.4741 0.4536 0.4274 0.3948 0.3555 0.3096 0.2587 0.2094 0.1745 0.1573 0.1480 0.1424 0.1390 0.1372 0.1366 0.1372 0.1390 0.1424 0.1480 0.1573 0.1745 0.2094 0.2587 0.3096 0.3555 0.3949 0.4274 0.4536 0.4741 0.4891 0.4988 0.5028 0.4998 0.4866 0.4618 0.4295 0.3950 0.3611 0.3292 0.3002 0.2740 0.2508 0.2303 0.2124 0.1968 0.1833 0.1718 0.1621 0.1539 0.1473 0.1421 0.1382 0.1355 0.1341 0.1338 0.1348 0.1372 0.1413 0.1476 0.1576 0.1766 0.2146 0.2659 0.3172 0.3656
0.3201 0.2668 0.2154 0.1770 0.1578 0.1477 0.1414 0.1373 0.1349 0.1338 0.1340 0.1355 0.1381 0.1421 0.1473 0.1539 0.1620 0.1718 0.1833 0.1968 0.2125 0.2304 0.2509 0.2742 0.3004 0.3296 0.3615 0.3955 0.4300 0.4622 0.4869 0.4999 0.5028 0.4987 0.4889 0.4738 0.4533 0.4269 0.3943 0.3549 0.3088 0.2578 0.2083 0.1737 0.1566 0.1474 0.1416 0.1379 0.1358 0.1348 0.1345 0.1348 0.1358 0.1379 0.1416 0.1474 0.1566 0.1737 0.2083 0.2578 0.3088 0.3549 0.3943 0.4270 0.4533 0.4738 0.4889 0.4987 0.5028 0.4999 0.4869 0.4622 0.4300 0.3954 0.3615 0.3296 0.3004 0.2742 0.2509 0.2304 0.2125 0.1968 0.1833 0.1718 0.1620 0.1539 0.1473 0.1421 0.1381 0.1355 0.1340 0.1338 0.1349 0.1373 0.1414 0.1477 0.1578 0.1770 0.2154 0.2668 0.3201
0.2691 0.2162 0.1775 0.1580 0.1478 0.1415 0.1373 0.1349 0.1338 0.1340 0.1355 0.1381 0.1420 0.1472 0.1539 0.1620 0.1718 0.1833 0.1968 0.2125 0.2305 0.2510 0.2744 0.3006 0.3298 0.3618 0.3958 0.4304 0.4626 0.4872 0.5000 0.5028 0.4986 0.4887 0.4735 0.4529 0.4265 0.3937 0.3542 0.3080 0.2569 0.2075 0.1731 0.1562 0.1470 0.1412 0.1374 0.1352 0.1341 0.1338 0.1337 0.1338 0.1341 0.1352 0.1374 0.1412 0.1470 0.1562 0.1732 0.2075 0.2569 0.3080 0.3542 0.3938 0.4265 0.4529 0.4735 0.4887 0.4986 0.5028 0.5000 0.4872 0.4626 0.4304 0.3958 0.3618 0.3298 0.3006 0.2744 0.2510 0.2305 0.2125 0.1968 0.1833 0.1718 0.1620 0.1539 0.1472 0.1420 0.1381 0.1355 0.1340 0.1338 0.1349 0.1373 0.1415 0.1478 0.1580 0.1775 0.2162 0.2691
0.2178 0.1780 0.1583 0.1480 0.1415 0.1374 0.1349 0.1338 0.1340 0.1354 0.1381 0.1420 0.1472 0.1538 0.1619 0.1717 0.1833 0.1968 0.2125 0.2305 0.2511 0.2745 0.3008 0.3300 0.3620 0.3961 0.4308 0.4629 0.4874 0.5001 0.5028 0.4985 0.4885 0.4733 0.4526 0.4260 0.3932 0.3536 0.3072 0.2561 0.2068 0.1727 0.1560 0.1468 0.1409 0.1372 0.1349 0.1339 0.1338 0.1340 0.1342 0.1340 0.1338 0.1339 0.1349 0.1372 0.1409 0.1468 0.1560 0.1727 0.2068 0.2561 0.3072 0.3536 0.3932 0.4261 0.4526 0.4733 0.4885 0.4985 0.5028 0.5001 0.4874 0.4629 0.4307 0.3961 0.3620 0.3300 0.3008 0.2745 0.2511 0.2305 0.2125 0.1968 0.1833 0.1717 0.1619 0.1538 0.1472 0.1420 0.1381 0.1354 0.1340 0.1338 0.1349 0.1374 0.1415 0.1480 0.1583 0.1780 0.2178
0.1789 0.1585 0.1481 0.1416 0.1374 0.1349 0.1338 0.1340 0.1354 0.1380 0.1419 0.1471 0.1537 0.1618 0.1716 0.1832 0.1967 0.2124 0.2304 0.2510 0.2745 0.3008 0.3301 0.3622 0.3963 0.4310 0.4632 0.4876 0.5002 0.5028 0.4984 0.4884 0.4730 0.4522 0.4256 0.3926 0.3529 0.3065 0.2553 0.2061 0.1723 0.1557 0.1466 0.1408 0.1370 0.1348 0.1338 0.1339 0.1346 0.1355 0.1359 0.1355 0.1346 0.1339 0.1338 0.1348 0.1370 0.1408 0.1466 0.1557 0.1723 0.2061 0.2553 0.3065 0.3529 0.3926 0.4256 0.4522 0.4730 0.4884 0.4984 0.5028 0.5002 0.4876 0.4631 0.4310 0.3963 0.3622 0.3301 0.3008 0.2745 0.2510 0.2304 0.2124 0.1967 0.1832 0.1716 0.1618 0.1537 0.1471 0.1419 0.1380 0.1354 0.1340 0.1338 0.1349 0.1374 0.1416 0.1481 0.1585 0.1789
0.1590 0.1483 0.1417 0.1375 0.1350 0.1339 0.1340 0.1354 0.1380 0.1418 0.1470 0.1536 0.1617 0.1715 0.1830 0.1966 0.2123 0.2303 0.2509 0.2744 0.3008 0.3301 0.3622 0.3964 0.4311 0.4633 0.4877 0.5002 0.5028 0.4983 0.4882 0.4728 0.4519 0.4251 0.3921 0.3522 0.3057 0.2545 0.2054 0.1720 0.1555 0.1465 0.1407 0.1369 0.1347 0.1338 0.1340 0.1351 0.1367 0.1382 0.1389 0.1382 0.1367 0.1351 0.1340 0.1338 0.1347 0.1369 0.1407 0.1465 0.1556 0.1720 0.2054 0.2545 0.3057 0.3522 0.3921 0.4252 0.4519 0.4728 0.4882 0.4983 0.5028 0.5002 0.4877 0.4633 0.4311 0.3964 0.3622 0.3301 0.3008 0.2744 0.2509 0.2303 0.2122 0.1966 0.1830 0.1715 0.1617 0.1536 0.1470 0.1418 0.1380 0.1354 0.1340 0.1339 0.1350 0.1375 0.1417 0.1483 0.1590
0.1485 0.1418 0.1376 0.1350 0.1339 0.1340 0.1353 0.1379 0.1417 0.1469 0.1535 0.1616 0.1713 0.1829 0.1964 0.2121 0.2301 0.2508 0.2742 0.3006 0.3300 0.3622 0.3964 0.4312 0.4634 0.4878 0.5003 0.5027 0.4983 0.4881 0.4726 0.4516 0.4248 0.3916 0.3516 0.3050 0.2537 0.2047 0.1716 0.1554 0.1463 0.1406 0.1368 0.1347 0.1338 0.1341 0.1354 0.1375 0.1401 0.1422 0.1431 0.1422 0.1401 0.1375 0.1354 0.1341 0.1338 0.1347 0.1368 0.1406 0.1463 0.1554 0.1716 0.2048 0.2537 0.3050 0.3516 0.3916 0.4248 0.4516 0.4726 0.4881 0.4983 0.5027 0.5003 0.4878 0.4634 0.4312 0.3964 0.3622 0.3300 0.3006 0.2742 0.2508 0.2301 0.2121 0.1964 0.1829 0.1713 0.1616 0.1535 0.1469 0.1417 0.1379 0.1353 0.1340 0.1339 0.1350 0.1376 0.1418 0.1485
0.1419 0.1376 0.1350 0.1339 0.1340 0.1353 0.1379 0.1417 0.1468 0.1534 0.1614 0.1712 0.1827 0.1962 0.2119 0.2299 0.2506 0.2740 0.3004 0.3298 0.3620 0.3963 0.4311 0.4634 0.4878 0.5003 0.5027 0.4982 0.4880 0.4724 0.4514 0.4245 0.3911 0.3510 0.3043 0.2530 0.2041 0.1713 0.1552 0.1462 0.1405 0.1368 0.1346 0.1338 0.1341 0.1356 0.1380 0.1412 0.1447 0.1476 0.1487 0.1476 0.1447 0.1412 0.1380 0.1356 0.1341 0.1338 0.1346 0.1368 0.1405 0.1462 0.1552 0.1713 0.2041 0.2530 0.3043 0.3511 0.3912 0.4245 0.4514 0.4724 0.4880 0.4982 0.5027 0.5003 0.4878 0.4634 0.4311 0.3963 0.3620 0.3298 0.3004 0.2740 0.2506 0.2299 0.2119 0.1962 0.1827 0.1712 0.1614 0.1534 0.1468 0.1417 0.1379 0.1353 0.1340 0.1339 0.1350 0.1376 0.1419
0.1376 0.1351 0.1339 0.1340 0.1353 0.1378 0.1416 0.1467 0.1533 0.1613 0.1710 0.1825 0.1960 0.2116 0.2297 0.2503 0.2737 0.3002 0.3296 0.3618 0.3961 0.4310 0.4633 0.4878 0.5003 0.5027 0.4982 0.4880 0.4723 0.4512 0.4242 0.3908 0.3506 0.3037 0.2523 0.2035 0.1709 0.1550 0.1461 0.1404 0.1367 0.1346 0.1338 0.1342 0.1357 0.1383 0.1419 0.1462 0.1507 0.1543 0.1557 0.1543 0.1507 0.1462 0.1419 0.1383 0.1357 0.1342 0.1338 0.1346 0.1367 0.1404 0.1461 0.1550 0.1709 0.2035 0.2523 0.3037 0.3506 0.3908 0.4242 0.4512 0.4723 0.4880 0.4982 0.5027 0.5003 0.4878 0.4633 0.4310 0.3961 0.3618 0.3296 0.3002 0.2737 0.2503 0.2297 0.2116 0.1960 0.1825 0.1710 0.1613 0.1533 0.1467 0.1416 0.1378 0.1353 0.1340 0.1339 0.1351 0.1376
0.1350 0.1339 0.1339 0.1352 0.1377 0.1415 0.1466 0.1531 0.1612 0.1708 0.1823 0.1958 0.2114 0.2294 0.2500 0.2734 0.2998 0.3292 0.3615 0.3958 0.4307 0.4631 0.4877 0.5003 0.5027 0.4982 0.4879 0.4723 0.4511 0.4241 0.3906 0.3503 0.3033 0.2518 0.2030 0.1707 0.1549 0.1460 0.1404 0.1367 0.1346 0.1338 0.1342 0.1358 0.1385 0.1423 0.1471 0.1526 0.1582 0.1626 0.1643 0.1626 0.1582 0.1526 0.1471 0.1423 0.1385 0.1358 0.1342 0.1338 0.1346 0.1367 0.1404 0.1460 0.1549 0.1707 0.2030 0.2518 0.3033 0.3503 0.3906 0.4241 0.4511 0.4723 0.4879 0.4982 0.5027 0.5003 0.4877 0.4631 0.4307 0.3958 0.3615 0.3292 0.2998 0.2734 0.2500 0.2294 0.2114 0.1958 0.1823 0.1708 0.1612 0.1531 0.1466 0.1415 0.1377 0.1352 0.1339 0.1339 0.1350
0.1338 0.1339 0.1352 0.1377 0.1414 0.1465 0.1530 0.1610 0.1707 0.1821 0.1955 0.2111 0.2291 0.2496 0.2730 0.2994 0.3288 0.3611 0.3954 0.4304 0.4629 0.4876 0.5002 0.5027 0.4982 0.4880 0.4723 0.4511 0.4240 0.3905 0.3501 0.3030 0.2514 0.2026 0.1704 0.1547 0.1459 0.1403 0.1367 0.1346 0.1338 0.1342 0.1358 0.1386 0.1425 0.1476 0.1537 0.1606 0.1673 0.1725 0.1746 0.1725 0.1673 0.1606 0.1537 0.1476 0.1425 0.1386 0.1358 0.1342 0.1338 0.1346 0.1367 0.1403 0.1459 0.1548 0.1704 0.2026 0.2514 0.3030 0.3501 0.3905 0.4240 0.4511 0.4723 0.4880 0.4982 0.5027 0.5002 0.4876 0.4629 0.4304 0.3954 0.3611 0.3288 0.2994 0.2730 0.2496 0.2291 0.2111 0.1955 0.1821 0.1707 0.1610 0.1530 0.1465 0.1414 0.1377 0.1352 0.1339 0.1338
0.1338 0.1352 0.1376 0.1414 0.1464 0.1529 0.1609 0.1705 0.1819 0.1953 0.2109 0.2288 0.2493 0.2727 0.2990 0.3284 0.3606 0.3950 0.4300 0.4626 0.4874 0.5002 0.5028 0.4983 0.4880 0.4723 0.4511 0.4240 0.3904 0.3499 0.3028 0.2511 0.2024 0.1703 0.1547 0.1459 0.1402 0.1366 0.1345 0.1338 0.1342 0.1358 0.1387 0.1427 0.1479 0.1544 0.1619 0.1701 0.1781 0.1843 0.1867 0.1843 0.1781 0.1701 0.1619 0.1544 0.1479 0.1427 0.1387 0.1358 0.1342 0.1338 0.1345 0.1366 0.1402 0.1459 0.1547 0.1703 0.2024 0.2511 0.3028 0.3499 0.3904 0.4240 0.4511 0.4723 0.4880 0.4983 0.5028 0.5002 0.4874 0.4626 0.4300 0.3950 0.3606 0.3284 0.2990 0.2727 0.2493 0.2288 0.2109 0.1953 0.1819 0.1705 0.1609 0.1529 0.1464 0.1414 0.1376 0.1352 0.1338
0.1349 0.1376 0.1413 0.1463 0.1528 0.1607 0.1703 0.1817 0.1951 0.2106 0.2285 0.2490 0.2723 0.2986 0.3279 0.3601 0.3945 0.4295 0.4622 0.4872 0.5001 0.5028 0.4983 0.4881 0.4724 0.4512 0.4241 0.3905 0.3499 0.3027 0.2510 0.2022 0.1702 0.1546 0.1458 0.1402 0.1366 0.1345 0.1338 0.1342 0.1359 0.1387 0.1428 0.1481 0.1547 0.1626 0.1717 0.1814 0.1909 0.1981 0.2009 0.1981 0.1909 0.1814 0.1717 0.1626 0.1547 0.1481 0.1428 0.1387 0.1359 0.1342 0.1338 0.1345 0.1366 0.1402 0.1458 0.1546 0.1702 0.2022 0.2510 0.3027 0.3499 0.3905 0.4241 0.4512 0.4724 0.4881 0.4983 0.5028 0.5001 0.4872 0.4622 0.4295 0.3945 0.3601 0.3279 0.2986 0.2723 0.2490 0.2285 0.2106 0.1951 0.1817 0.1703 0.1607 0.1528 0.1463 0.1413 0.1376 0.1349
0.1373 0.1412 0.1462 0.1526 0.1606 0.1701 0.1815 0.1948 0.2103 0.2282 0.2486 0.2719 0.2982 0.3274 0.3596 0.3939 0.4290 0.4618 0.4869 0.5000 0.5028 0.4984 0.4882 0.4726 0.4514 0.4242 0.3906 0.3501 0.3028 0.2510 0.2021 0.1701 0.1545 0.1458 0.1402 0.1366 0.1345 0.1338 0.1342 0.1359 0.1388 0.1429 0.1482 0.1550 0.1631 0.1726 0.1833 0.1948 0.2057 0.2141 0.2174 0.2141 0.2057 0.1948 0.1833 0.1726 0.1631 0.1550 0.1482 0.1429 0.1388 0.1359 0.1342 0.1338 0.1345 0.1366 0.1402 0.1458 0.1545 0.1701 0.2021 0.2510 0.3028 0.3501 0.3906 0.4242 0.4514 0.4726 0.4882 0.4984 0.5028 0.5000 0.4869 0.4618 0.4290 0.3939 0.3596 0.3274 0.2982 0.2719 0.2486 0.2282 0.2103 0.1948 0.1815 0.1701 0.1606 0.1526 0.1462 0.1412 0.1373
0.1409 0.1461 0.1525 0.1604 0.1699 0.1813 0.1946 0.2100 0.2279 0.2483 0.2715 0.2977 0.3270 0.3591 0.3934 0.4285 0.4613 0.4866 0.4999 0.5028 0.4985 0.4884 0.4728 0.4516 0.4245 0.3908 0.3503 0.3030 0.2511 0.2022 0.1701 0.1545 0.1458 0.1402 0.1366 0.1345 0.1338 0.1343 0.1359 0.1388 0.1429 0.1483 0.1551 0.1634 0.1731 0.1844 0.1969 0.2102 0.2229 0.2325 0.2363 0.2325 0.2229 0.2102 0.1969 0.1844 0.1731 0.1634 0.1551 0.1483 0.1429 0.1388 0.1359 0.1343 0.1338 0.1345 0.1366 0.1402 0.1458 0.1545 0.1701 0.2022 0.2511 0.3030 0.3503 0.3908 0.4245 0.4516 0.4728 0.4884 0.4985 0.5028 0.4999 0.4866 0.4613 0.4285 0.3934 0.3591 0.3270 0.2977 0.2715 0.2483 0.2279 0.2100 0.1946 0.1813 0.1699 0.1604 0.1525 0.1461 0.1409
0.1458 0.1524 0.1603 0.1698 0.1811 0.1943 0.2097 0.2275 0.2479 0.2711 0.2973 0.3265 0.3586 0.3929 0.4279 0.4609 0.4863 0.4998 0.5028 0.4986 0.4885 0.4730 0.4519 0.4248 0.3912 0.3506 0.3033 0.2514 0.2024 0.1702 0.1545 0.1458 0.1401 0.1366 0.1345 0.1338 0.1343 0.1359 0.1388 0.1430 0.1484 0.1552 0.1635 0.1734 0.1850 0.1981 0.2127 0.2280 0.2426 0.2536 0.2579 0.2536 0.2426 0.2280 0.2127 0.1981 0.1850 0.1734 0.1635 0.1552 0.1484 0.1430 0.1388 0.1359 0.1343 0.1338 0.1345 0.1366 0.1401 0.1458 0.1545 0.1702 0.2024 0.2514 0.3033 0.3506 0.3912 0.4248 0.4519 0.4730 0.4885 0.4986 0.5028 0.4998 0.4863 0.4609 0.4279 0.3929 0.3586 0.3265 0.2973 0.2711 0.2479 0.2275 0.2097 0.1943 0.1811 0.1698 0.1603 0.1524 0.1458
0.1520 0.1601 0.1696 0.1808 0.1941 0.2094 0.2272 0.2475 0.2707 0.2968 0.3260 0.3580 0.3923 0.4274 0.4604 0.4860 0.4997 0.5028 0.4987 0.4887 0.4733 0.4522 0.4252 0.3916 0.3511 0.3037 0.2518 0.2026 0.1703 0.1546 0.1458 0.1402 0.1366 0.1345 0.1338 0.1343 0.1360 0.1389 0.1430 0.1485 0.1553 0.1637 0.1736 0.1853 0.1988 0.2141 0.2309 0.2484 0.2650 0.2775 0.2824 0.2775 0.2650 0.2484 0.2309 0.2141 0.1988 0.1853 0.1736 0.1637 0.1553 0.1485 0.1430 0.1389 0.1360 0.1343 0.1338 0.1345 0.1366 0.1402 0.1458 0.1546 0.1703 0.2026 0.2518 0.3037 0.3511 0.3916 0.4252 0.4522 0.4733 0.4887 0.4987 0.5028 0.4997 0.4860 0.4604 0.4274 0.3923 0.3580 0.3260 0.2968 0.2707 0.2475 0.2272 0.2094 0.1941 0.1808 0.1696 0.1601 0.1520
0.1597 0.1694 0.1806 0.1938 0.2091 0.2269 0.2471 0.2703 0.2963 0.3255 0.3575 0.3918 0.4269 0.4599 0.4857 0.4995 0.5028 0.4988 0.4889 0.4735 0.4526 0.4256 0.3921 0.3516 0.3043 0.2523 0.2030 0.1704 0.1547 0.1458 0.1402 0.1366 0.1345 0.1338 0.1343 0.1360 0.1389 0.1430 0.1485 0.1554 0.1638 0.1738 0.1856 0.1992 0.2149 0.2325 0.2517 0.2717 0.2904 0.3045 0.3099 0.3045 0.2904 0.2717 0.2517 0.2325 0.2149 0.1992 0.1856 0.1738 0.1638 0.1554 0.1485 0.1430 0.1389 0.1360 0.1343 0.1338 0.1345 0.1366 0.1402 0.1458 0.1547 0.1704 0.2030 0.2523 0.3043 0.3516 0.3921 0.4256 0.4526 0.4735 0.4889 0.4988 0.5028 0.4995 0.4857 0.4599 0.4269 0.3918 0.3575 0.3255 0.2963 0.2703 0.2471 0.2269 0.2091 0.1938 0.1806 0.1694 0.1597
0.1689 0.1804 0.1936 0.2089 0.2265 0.2468 0.2698 0.2959 0.3249 0.3569 0.3912 0.4263 0.4594 0.4854 0.4994 0.5028 0.4989 0.4891 0.4738 0.4529 0.4261 0.3926 0.3522 0.3050 0.2530 0.2035 0.1707 0.1548 0.1459 0.1402 0.1366 0.1345 0.1338 0.1343 0.1360 0.1389 0.1430 0.1485 0.1554 0.1638 0.1739 0.1857 0.1995 0.2153 0.2334 0.2535 0.2753 0.2979 0.3188 0.3345 0.3405 0.3345 0.3188 0.2978 0.2753 0.2535 0.2334 0.2153 0.1995 0.1857 0.1739 0.1638 0.1554 0.1485 0.1430 0.1389 0.1360 0.1343 0.1338 0.1345 0.1366 0.1402 0.1459 0.1548 0.1707 0.2035 0.2530 0.3050 0.3522 0.3926 0.4261 0.4529 0.4738 0.4891 0.4989 0.5028 0.4994 0.4854 0.4594 0.4263 0.3912 0.3569 0.3249 0.2959 0.2698 0.2468 0.2265 0.2089 0.1936 0.1804 0.1689
0.1799 0.1933 0.2086 0.2262 0.2464 0.2694 0.2954 0.3244 0.3563 0.3906 0.4258 0.4589 0.4851 0.4993 0.5029 0.4990 0.4893 0.4741 0.4533 0.4265 0.3932 0.3529 0.3057 0.2537 0.2041 0.1709 0.1549 0.1459 0.1402 0.1366 0.1345 0.1338 0.1343 0.1360 0.1389 0.1430 0.1485 0.1554 0.1639 0.1739 0.1858 0.1997 0.2156 0.2339 0.2545 0.2773 0.3019 0.3271 0.3502 0.3672 0.3737 0.3672 0.3502 0.3271 0.3019 0.2773 0.2545 0.2339 0.2156 0.1997 0.1858 0.1739 0.1639 0.1554 0.1485 0.1430 0.1389 0.1360 0.1343 0.1338 0.1345 0.1366 0.1402 0.1459 0.1549 0.1709 0.2041 0.2537 0.3057 0.3529 0.3932 0.4265 0.4533 0.4741 0.4893 0.4990 0.5029 0.4993 0.4851 0.4589 0.4258 0.3906 0.3563 0.3244 0.2954 0.2694 0.2464 0.2262 0.2086 0.1933 0.1799
0.1928 0.2083 0.2259 0.2460 0.2690 0.2949 0.3239 0.3557 0.3900 0.4251 0.4584 0.4848 0.4992 0.5029 0.4991 0.4895 0.4744 0.4536 0.4270 0.3938 0.3536 0.3065 0.2545 0.2048 0.1713 0.1550 0.1460 0.1403 0.1366 0.1345 0.1338 0.1343 0.1359 0.1389 0.1430 0.1485 0.1554 0.1639 0.1740 0.1859 0.1998 0.2158 0.2342 0.2550 0.2784 0.3042 0.3316 0.3591 0.3840 0.4019 0.4086 0.4019 0.3840 0.3591 0.3316 0.3041 0.2784 0.2550 0.2342 0.2158 0.1998 0.1859 0.1740 0.1639 0.1554 0.1485 0.1430 0.1389 0.1359 0.1343 0.1338 0.1345 0.1366 0.1403 0.1460 0.1550 0.1713 0.2048 0.2545 0.3065 0.3536 0.3938 0.4270 0.4536 0.4744 0.4895 0.4991 0.5029 0.4992 0.4848 0.4584 0.4251 0.3900 0.3557 0.3239 0.2949 0.2690 0.2460 0.2259 0.2083 0.1928
0.2077 0.2255 0.2456 0.2685 0.2944 0.3233 0.3552 0.3893 0.4245 0.4579 0.4844 0.4990 0.5029 0.4992 0.4897 0.4746 0.4540 0.4274 0.3943 0.3542 0.3072 0.2553 0.2054 0.1716 0.1552 0.1461 0.1404 0.1367 0.1345 0.1338 0.1342 0.1359 0.1388 0.1430 0.1485 0.1554 0.1639 0.1740 0.1859 0.1998 0.2159 0.2343 0.2553 0.2790 0.3053 0.3340 0.3640 0.3934 0.4191 0.4368 0.4432 0.4368 0.4190 0.3934 0.3640 0.3340 0.3053 0.2790 0.2553 0.2343 0.2159 0.1998 0.1859 0.1740 0.1639 0.1554 0.1485 0.1430 0.1388 0.1359 0.1342 0.1338 0.1345 0.1367 0.1404 0.1461 0.1552 0.1716 0.2054 0.2553 0.3072 0.3542 0.3943 0.4274 0.4540 0.4746 0.4897 0.4992 0.5029 0.4990 0.4844 0.4579 0.4245 0.3893 0.3552 0.3233 0.2944 0.2685 0.2456 0.2255 0.2077
0.2250 0.2452 0.2681 0.2939 0.3228 0.3546 0.3887 0.4239 0.4573 0.4840 0.4989 0.5029 0.4993 0.4899 0.4749 0.4544 0.4279 0.3949 0.3549 0.3080 0.2561 0.2061 0.1720 0.1554 0.1462 0.1404 0.1367 0.1346 0.1338 0.1342 0.1359 0.1388 0.1430 0.1485 0.1554 0.1638 0.1739 0.1859 0.1998 0.2159 0.2344 0.2555 0.2793 0.3059 0.3352 0.3665 0.3984 0.4284 0.4529 0.4684 0.4736 0.4684 0.4529 0.4284 0.3984 0.3665 0.3352 0.3059 0.2793 0.2555 0.2344 0.2159 0.1998 0.1859 0.1739 0.1638 0.1554 0.1485 0.1430 0.1388 0.1359 0.1342 0.1338 0.1346 0.1367 0.1404 0.1462 0.1554 0.1720 0.2061 0.2561 0.3080 0.3549 0.3949 0.4279 0.4544 0.4749 0.4899 0.4993 0.5029 0.4989 0.4840 0.4573 0.4239 0.3887 0.3546 0.3228 0.2939 0.2681 0.2452 0.2250
0.2447 0.2677 0.2934 0.3222 0.3540 0.3881 0.4233 0.4568 0.4836 0.4987 0.5029 0.4995 0.4901 0.4752 0.4547 0.4283 0.3954 0.3555 0.3088 0.2569 0.2068 0.1723 0.1556 0.1463 0.1405 0.1367 0.1346 0.1338 0.1342 0.1359 0.1388 0.1429 0.1484 0.1553 0.1638 0.1739 0.1858 0.1998 0.2159 0.2344 0.2556 0.2795 0.3063 0.3358 0.3678 0.4010 0.4332 0.4611 0.4808 0.4910 0.4939 0.4910 0.4808 0.4611 0.4332 0.4010 0.3678 0.3358 0.3062 0.2795 0.2555 0.2344 0.2159 0.1998 0.1858 0.1739 0.1638 0.1553 0.1484 0.1429 0.1388 0.1359 0.1342 0.1338 0.1346 0.1367 0.1405 0.1463 0.1556 0.1723 0.2068 0.2569 0.3088 0.3555 0.3954 0.4283 0.4547 0.4752 0.4901 0.4995 0.5029 0.4987 0.4836 0.4568 0.4233 0.3881 0.3540 0.3222 0.2934 0.2677 0.2447
0.2671 0.2929 0.3217 0.3533 0.3874 0.4226 0.4562 0.4832 0.4985 0.5029 0.4996 0.4903 0.4755 0.4552 0.4288 0.3960 0.3563 0.3096 0.2578 0.2075 0.1727 0.1557 0.1465 0.1406 0.1368 0.1346 0.1338 0.1342 0.1358 0.1387 0.1429 0.1483 0.1552 0.1637 0.1738 0.1857 0.1997 0.2158 0.2343 0.2555 0.2795 0.3063 0.3361 0.3684 0.4022 0.4357 0.4652 0.4864 0.4974 0.5014 0.5022 0.5014 0.4974 0.4864 0.4652 0.4357 0.4022 0.3684 0.3361 0.3063 0.2795 0.2555 0.2343 0.2158 0.1997 0.1857 0.1738 0.1637 0.1552 0.1483 0.1429 0.1387 0.1358 0.1342 0.1338 0.1346 0.1368 0.1406 0.1465 0.1557 0.1727 0.2075 0.2578 0.3096 0.3563 0.3960 0.4288 0.4552 0.4755 0.4903 0.4996 0.5029 0.4985 0.4832 0.4562 0.4226 0.3874 0.3533 0.3217 0.2929 0.2671
0.2924 0.3210 0.3526 0.3867 0.4219 0.4555 0.4828 0.4983 0.5029 0.4997 0.4906 0.4759 0.4556 0.4294 0.3967 0.3571 0.3105 0.2587 0.2083 0.1732 0.1560 0.1466 0.1407 0.1368 0.1346 0.1338 0.1342 0.1358 0.1387 0.1428 0.1482 0.1551 0.1635 0.1736 0.1856 0.1995 0.2156 0.2342 0.2553 0.2793 0.3063 0.3361 0.3686 0.4028 0.4368 0.4672 0.4890 0.4997 0.5028 0.5024 0.5017 0.5024 0.5028 0.4997 0.4889 0.4672 0.4368 0.4028 0.3686 0.3361 0.3062 0.2793 0.2553 0.2342 0.2156 0.1995 0.1856 0.1736 0.1635 0.1551 0.1482 0.1428 0.1387 0.1358 0.1342 0.1338 0.1346 0.1368 0.1407 0.1466 0.1560 0.1732 0.2083 0.2587 0.3105 0.3571 0.3967 0.4294 0.4556 0.4759 0.4906 0.4997 0.5029 0.4983 0.4828 0.4555 0.4219 0.3867 0.3526 0.3210 0.2924
0.3206 0.3518 0.3858 0.4209 0.4547 0.4822 0.4981 0.5029 0.4999 0.4909 0.4763 0.4562 0.4302 0.3976 0.3581 0.3117 0.2600 0.2094 0.1737 0.1562 0.1468 0.1408 0.1369 0.1347 0.1338 0.1342 0.1358 0.1386 0.1427 0.1481 0.1550 0.1634 0.1734 0.1853 0.1992 0.2153 0.2339 0.2550 0.2790 0.3059 0.3358 0.3684 0.4028 0.4371 0.4679 0.4900 0.5006 0.5028 0.5004 0.4967 0.4950 0.4967 0.5004 0.5028 0.5006 0.4900 0.4679 0.4371 0.4028 0.3684 0.3358 0.3059 0.2790 0.2550 0.2339 0.2153 0.1992 0.1853 0.1734 0.1634 0.1550 0.1481 0.1427 0.1386 0.1358 0.1342 0.1338 0.1347 0.1369 0.1408 0.1468 0.1562 0.1737 0.2094 0.2600 0.3117 0.3581 0.3976 0.4302 0.4562 0.4763 0.4909 0.4999 0.5029 0.4981 0.4822 0.4547 0.4209 0.3858 0.3518 0.3206
0.3513 0.3845 0.4197 0.4536 0.4814 0.4977 0.5028 0.5001 0.4913 0.4769 0.4570 0.4311 0.3988 0.3596 0.3133 0.2617 0.2109 0.1745 0.1566 0.1470 0.1409 0.1370 0.1347 0.1338 0.1341 0.1357 0.1385 0.1425 0.1479 0.1547 0.1631 0.1731 0.1850 0.1988 0.2149 0.2334 0.2545 0.2784 0.3053 0.3352 0.3678 0.4022 0.4368 0.4679 0.4903 0.5010 0.5027 0.4989 0.4922 0.4857 0.4829 0.4857 0.4922 0.4989 0.5027 0.5010 0.4903 0.4679 0.4368 0.4022 0.3678 0.3352 0.3053 0.2784 0.2545 0.2334 0.2149 0.1988 0.1850 0.1731 0.1631 0.1547 0.1479 0.1425 0.1385 0.1357 0.1341 0.1338 0.1347 0.1370 0.1409 0.1470 0.1566 0.1745 0.2109 0.2617 0.3133 0.3596 0.3988 0.4311 0.4570 0.4769 0.4913 0.5001 0.5028 0.4977 0.4814 0.4536 0.4197 0.3845 0.3513
0.3838 0.4178 0.4518 0.4802 0.4972 0.5028 0.5004 0.4919 0.4778 0.4582 0.4326 0.4007 0.3618 0.3158 0.2644 0.2132 0.1758 0.1573 0.1474 0.1412 0.1372 0.1348 0.1338 0.1341 0.1356 0.1383 0.1423 0.1476 0.1544 0.1626 0.1726 0.1844 0.1981 0.2141 0.2325 0.2535 0.2773 0.3041 0.3340 0.3665 0.4010 0.4357 0.4672 0.4900 0.5010 0.5026 0.4981 0.4895 0.4790 0.4698 0.4660 0.4698 0.4790 0.4895 0.4981 0.5026 0.5010 0.4900 0.4672 0.4357 0.4010 0.3665 0.3340 0.3041 0.2773 0.2535 0.2325 0.2141 0.1981 0.1844 0.1726 0.1626 0.1544 0.1476 0.1423 0.1383 0.1356 0.1341 0.1338 0.1348 0.1372 0.1412 0.1474 0.1573 0.1758 0.2132 0.2644 0.3158 0.3618 0.4007 0.4326 0.4582 0.4778 0.4919 0.5004 0.5028 0.4972 0.4802 0.4518 0.4178 0.3838
0.4162 0.4489 0.4780 0.4962 0.5027 0.5009 0.4928 0.4792 0.4601 0.4351 0.4037 0.3654 0.3200 0.2689 0.2173 0.1782 0.1584 0.1480 0.1416 0.1374 0.1349 0.1338 0.1340 0.1354 0.1380 0.1419 0.1471 0.1537 0.1619 0.1717 0.1833 0.1969 0.2127 0.2309 0.2517 0.2753 0.3019 0.3316 0.3640 0.3984 0.4332 0.4652 0.4889 0.5006 0.5027 0.4981 0.4887 0.4757 0.4614 0.4495 0.4447 0.4495 0.4614 0.4757 0.4887 0.4981 0.5027 0.5006 0.4889 0.4652 0.4332 0.3984 0.3640 0.3316 0.3019 0.2753 0.2517 0.2309 0.2127 0.1969 0.1833 0.1717 0.1619 0.1537 0.1471 0.1419 0.1380 0.1354 0.1340 0.1338 0.1349 0.1374 0.1416 0.1480 0.1584 0.1782 0.2173 0.2689 0.3200 0.3654 0.4037 0.4351 0.4601 0.4792 0.4928 0.5009 0.5027 0.4962 0.4780 0.4489 0.4162
0.4458 0.4739 0.4941 0.5023 0.5016 0.4945 0.4817 0.4634 0.4393 0.4090 0.3717 0.3274 0.2770 0.2248 0.1828 0.1606 0.1493 0.1424 0.1379 0.1352 0.1339 0.1339 0.1351 0.1375 0.1412 0.1462 0.1526 0.1606 0.1701 0.1814 0.1947 0.2102 0.2280 0.2484 0.2717 0.2978 0.3271 0.3591 0.3934 0.4284 0.4611 0.4864 0.4997 0.5028 0.4989 0.4895 0.4757 0.4587 0.4407 0.4261 0.4203 0.4261 0.4407 0.4587 0.4757 0.4895 0.4989 0.5028 0.4997 0.4864 0.4611 0.4284 0.3934 0.3591 0.3271 0.2978 0.2717 0.2484 0.2280 0.2102 0.1947 0.1814 0.1701 0.1606 0.1526 0.1462 0.1412 0.1375 0.1351 0.1339 0.1339 0.1352 0.1379 0.1424 0.1493 0.1606 0.1828 0.2248 0.2769 0.3274 0.3717 0.4089 0.4393 0.4634 0.4817 0.4945 0.5016 0.5023 0.4941 0.4739 0.4458
0.4688 0.4896 0.5010 0.5025 0.4971 0.4858 0.4691 0.4467 0.4181 0.3828 0.3404 0.2914 0.2390 0.1925 0.1652 0.1519 0.1440 0.1390 0.1358 0.1341 0.1338 0.1346 0.1367 0.1401 0.1447 0.1507 0.1582 0.1673 0.1781 0.1909 0.2057 0.2229 0.2426 0.2650 0.2904 0.3188 0.3502 0.3840 0.4190 0.4529 0.4808 0.4974 0.5028 0.5004 0.4922 0.4790 0.4614 0.4407 0.4195 0.4025 0.3958 0.4025 0.4195 0.4407 0.4614 0.4790 0.4922 0.5004 0.5028 0.4974 0.4808 0.4529 0.4190 0.3840 0.3502 0.3188 0.2904 0.2650 0.2426 0.2229 0.2057 0.1909 0.1781 0.1673 0.1582 0.1507 0.1447 0.1401 0.1367 0.1346 0.1338 0.1341 0.1358 0.1390 0.1440 0.1519 0.1652 0.1925 0.2389 0.2914 0.3404 0.3828 0.4181 0.4467 0.4691 0.4858 0.4971 0.5025 0.5010 0.4896 0.4688
0.4824 0.4968 0.5027 0.5005 0.4921 0.4781 0.4585 0.4330 0.4010 0.3622 0.3162 0.2648 0.2137 0.1762 0.1575 0.1475 0.1412 0.1372 0.1348 0.1338 0.1340 0.1355 0.1382 0.1422 0.1476 0.1543 0.1626 0.1725 0.1843 0.1981 0.2141 0.2325 0.2536 0.2775 0.3045 0.3345 0.3672 0.4019 0.4368 0.4684 0.4910 0.5014 0.5024 0.4967 0.4857 0.4698 0.4495 0.4261 0.4025 0.3838 0.3765 0.3838 0.4025 0.4261 0.4495 0.4698 0.4857 0.4967 0.5024 0.5014 0.4910 0.4684 0.4368 0.4019 0.3672 0.3345 0.3045 0.2775 0.2536 0.2325 0.2141 0.1981 0.1843 0.1725 0.1626 0.1543 0.1476 0.1422 0.1382 0.1355 0.1340 0.1338 0.1348 0.1372 0.1412 0.1475 0.1575 0.1762 0.2137 0.2648 0.3162 0.3622 0.4010 0.4330 0.4585 0.4781 0.4921 0.5005 0.5027 0.4968 0.4824
0.4867 0.4986 0.5029 0.4994 0.4899 0.4749 0.4542 0.4275 0.3943 0.3541 0.3069 0.2549 0.2051 0.1716 0.1552 0.1461 0.1403 0.1366 0.1345 0.1337 0.1342 0.1359 0.1389 0.1431 0.1487 0.1557 0.1643 0.1746 0.1867 0.2009 0.2173 0.2363 0.2579 0.2824 0.3099 0.3405 0.3737 0.4086 0.4432 0.4736 0.4939 0.5022 0.5017 0.4950 0.4829 0.4660 0.4447 0.4203 0.3958 0.3765 0.3689 0.3765 0.3958 0.4203 0.4447 0.4660 0.4829 0.4950 0.5017 0.5022 0.4939 0.4735 0.4432 0.4086 0.3737 0.3405 0.3099 0.2824 0.2579 0.2363 0.2173 0.2009 0.1867 0.1746 0.1643 0.1557 0.1487 0.1431 0.1389 0.1359 0.1342 0.1337 0.1345 0.1366 0.1403 0.1461 0.1552 0.1716 0.2051 0.2549 0.3069 0.3541 0.3943 0.4275 0.4542 0.4749 0.4899 0.4994 0.5029 0.4986 0.4867
0.4824 0.4968 0.5027 0.5005 0.4921 0.4781 0.4585 0.4330 0.4010 0.3622 0.3162 0.2648 0.2137 0.1762 0.1575 0.1475 0.1412 0.1372 0.1348 0.1338 0.1340 0.1355 0.1382 0.1422 0.1476 0.1543 0.1626 0.1725 0.1843 0.1981 0.2141 0.2325 0.2536 0.2775 0.3045 0.3345 0.3672 0.4019 0.4368 0.4684 0.4910 0.5014 0.5024 0.4967 0.4857 0.4698 0.4495 0.4261 0.4025 0.3838 0.3765 0.3838 0.4025 0.4261 0.4495 0.4698 0.4857 0.4967 0.5024 0.5014 0.4910 0.4684 0.4368 0.4019 0.3672 0.3345 0.3045 0.2775 0.2536 0.2325 0.2141 0.1981 0.1843 0.1725 0.1626 0.1543 0.1476 0.1422 0.1382 0.1355 0.1340 0.1338 0.1348 0.1372 0.1412 0.1475 0.1575 0.1762 0.2137 0.2648 0.3162 0.3622 0.4010 0.4330 0.4585 0.4781 0.4921 0.5005 0.5027 0.4968 0.4824
0.4688 0.4896 0.5010 0.5025 0.4971 0.4858 0.4691 0.4467 0.4181 0.3828 0.3404 0.2914 0.2389 0.1925 0.1652 0.1519 0.1440 0.1390 0.1358 0.1341 0.1338 0.1346 0.1367 0.1401 0.1447 0.1507 0.1582 0.1673 0.1781 0.1909 0.2057 0.2229 0.2426 0.2650 0.2904 0.3188 0.3502 0.3840 0.4191 0.4529 0.4808 0.4974 0.5028 0.5004 0.4922 0.4790 0.4614 0.4407 0.4195 0.4025 0.3958 0.4025 0.4195 0.4407 0.4614 0.4790 0.4922 0.5004 0.5028 0.4974 0.4808 0.4529 0.4190 0.3840 0.3502 0.3188 0.2904 0.2650 0.2426 0.2229 0.2057 0.1909 0.1781 0.1673 0.1582 0.1507 0.1447 0.1401 0.1367 0.1346 0.1338 0.1341 0.1358 0.1390 0.1440 0.1519 0.1652 0.1925 0.2389 0.2914 0.3404 0.3828 0.4181 0.4467 0.4691 0.4858 0.4971 0.5025 0.5010 0.4896 0.4688
0.4458 0.4739 0.4941 0.5023 0.5016 0.4945 0.4817 0.4634 0.4393 0.4089 0.3717 0.3274 0.2769 0.2248 0.1828 0.1606 0.1493 0.1424 0.1379 0.1352 0.1339 0.1339 0.1351 0.1375 0.1412 0.1462 0.1526 0.1606 0.1701 0.1814 0.1947 0.2102 0.2280 0.2484 0.2717 0.2979 0.3271 0.3591 0.3934 0.4284 0.4611 0.4864 0.4997 0.5028 0.4989 0.4895 0.4757 0.4587 0.4407 0.4261 0.4203 0.4261 0.4407 0.4587 0.4757 0.4895 0.4989 0.5028 0.4997 0.4864 0.4611 0.4284 0.3934 0.3591 0.3271 0.2978 0.2717 0.2484 0.2280 0.2102 0.1947 0.1814 0.1701 0.1606 0.1526 0.1462 0.1412 0.1375 0.1351 0.1339 0.1339 0.1352 0.1379 0.1424 0.1493 0.1606 0.1828 0.2248 0.2769 0.3274 0.3717 0.4089 0.4393 0.4634 0.4817 0.4945 0.5016 0.5023 0.4941 0.4739 0.4458
0.4162 0.4489 0.4780 0.4962 0.5027 0.5009 0.4928 0.4792 0.4601 0.4351 0.4037 0.3654 0.3200 0.2689 0.2173 0.1782 0.1584 0.1480 0.1416 0.1374 0.1349 0.1338 0.1340 0.1354 0.1380 0.1419 0.1471 0.1537 0.1619 0.1717 0.1833 0.1969 0.2127 0.2309 0.2517 0.2753 0.3019 0.3316 0.3640 0.3984 0.4333 0.4652 0.4889 0.5006 0.5027 0.4981 0.4887 0.4757 0.4614 0.4495 0.4447 0.4495 0.4614 0.4757 0.4887 0.4981 0.5027 0.5006 0.4889 0.4652 0.4332 0.3984 0.3640 0.3316 0.3019 0.2753 0.2517 0.2309 0.2127 0.1969 0.1833 0.1717 0.1619 0.1537 0.1471 0.1419 0.1380 0.1354 0.1340 0.1338 0.1349 0.1374 0.1416 0.1480 0.1584 0.1782 0.2173 0.2689 0.3200 0.3654 0.4037 0.4351 0.4601 0.4792 0.4928 0.5009 0.5027 0.4962 0.4780 0.4489 0.4162
0.3838 0.4178 0.4518 0.4802 0.4972 0.5028 0.5004 0.4919 0.4778 0.4582 0.4326 0.4007 0.3618 0.3158 0.2644 0.2132 0.1758 0.1573 0.1474 0.1412 0.1372 0.1348 0.1338 0.1341 0.1356 0.1383 0.1423 0.1476 0.1544 0.1626 0.1726 0.1844 0.1981 0.2141 0.2325 0.2535 0.2773 0.3042 0.3340 0.3665 0.4010 0.4357 0.4672 0.4900 0.5010 0.5026 0.4981 0.4895 0.4790 0.4698 0.4660 0.4698 0.4790 0.4895 0.4981 0.5026 0.5010 0.4900 0.4672 0.4357 0.4010 0.3665 0.3340 0.3041 0.2773 0.2535 0.2325 0.2141 0.1981 0.1844 0.1726 0.1626 0.1544 0.1476 0.1423 0.1383 0.1356 0.1341 0.1338 0.1348 0.1372 0.1412 0.1474 0.1573 0.1758 0.2132 0.2644 0.3158 0.3618 0.4007 0.4326 0.4582 0.4778 0.4919 0.5004 0.5028 0.4972 0.4802 0.4518 0.4178 0.3838
