0.1365 0.1400 0.1446 0.1505 0.1578 0.1667 0.1773 0.1897 0.2042 0.2209 0.2401 0.2619 0.2867 0.3144 0.3452 0.3785 0.4135 0.4482 0.4784 0.4985 0.5066 0.5060 0.4991 0.4867 0.4689 0.4455 0.4159 0.3797 0.3365 0.2871 0.2349 0.1900 0.1643 0.1515 0.1439 0.1389 0.1358 0.1341 0.1336 0.1344 0.1364 0.1395 0.1439 0.1496 0.1566 0.1648 0.1742 0.1842 0.1938 0.2011 0.2039 0.2011 0.1938 0.1842 0.1742 0.1648 0.1566 0.1496 0.1439 0.1395 0.1364 0.1344 0.1336 0.1341 0.1358 0.1389 0.1439 0.1516 0.1643 0.1900 0.2349 0.2871 0.3365 0.3797 0.4159 0.4455 0.4689 0.4867 0.4991 0.5060 0.5066 0.4985 0.4784 0.4482 0.4135 0.3785 0.3451 0.3144 0.2867 0.2619 0.2401 0.2209 0.2042 0.1897 0.1773 0.1667 0.1578 0.1505 0.1446 0.1400 0.1365
0.1400 0.1449 0.1509 0.1582 0.1672 0.1778 0.1902 0.2047 0.2214 0.2406 0.2624 0.2870 0.3146 0.3451 0.3780 0.4125 0.4463 0.4756 0.4947 0.5023 0.5016 0.4946 0.4823 0.4646 0.4413 0.4120 0.3762 0.3335 0.2846 0.2331 0.1888 0.1637 0.1512 0.1437 0.1389 0.1358 0.1342 0.1338 0.1346 0.1366 0.1398 0.1443 0.1500 0.1571 0.1657 0.1756 0.1867 0.1984 0.2096 0.2181 0.2213 0.2181 0.2096 0.1984 0.1867 0.1756 0.1657 0.1571 0.1500 0.1443 0.1398 0.1366 0.1346 0.1338 0.1342 0.1358 0.1389 0.1437 0.1512 0.1637 0.1888 0.2331 0.2846 0.3335 0.3762 0.4120 0.4413 0.4646 0.4823 0.4946 0.5016 0.5023 0.4947 0.4756 0.4463 0.4125 0.3780 0.3451 0.3146 0.2870 0.2624 0.2406 0.2214 0.2047 0.1902 0.1778 0.1672 0.1582 0.1509 0.1449 0.1400
0.1446 0.1509 0.1583 0.1673 0.1779 0.1904 0.2050 0.2217 0.2409 0.2628 0.2875 0.3151 0.3456 0.3786 0.4131 0.4469 0.4760 0.4950 0.5024 0.5015 0.4945 0.4820 0.4642 0.4409 0.4115 0.3755 0.3327 0.2837 0.2322 0.1882 0.1634 0.1511 0.1436 0.1388 0.1357 0.1341 0.1338 0.1346 0.1367 0.1399 0.1444 0.1502 0.1574 0.1660 0.1762 0.1879 0.2009 0.2146 0.2275 0.2373 0.2410 0.2373 0.2275 0.2146 0.2009 0.1879 0.1762 0.1660 0.1574 0.1502 0.1444 0.1399 0.1367 0.1346 0.1338 0.1341 0.1357 0.1388 0.1436 0.1511 0.1634 0.1882 0.2322 0.2837 0.3327 0.3755 0.4115 0.4409 0.4642 0.4820 0.4945 0.5015 0.5024 0.4950 0.4760 0.4469 0.4131 0.3786 0.3456 0.3151 0.2875 0.2628 0.2409 0.2217 0.2050 0.1904 0.1779 0.1673 0.1583 0.1509 0.1446
0.1505 0.1582 0.1673 0.1780 0.1905 0.2051 0.2219 0.2412 0.2631 0.2879 0.3156 0.3461 0.3792 0.4137 0.4474 0.4764 0.4952 0.5024 0.5014 0.4943 0.4817 0.4638 0.4404 0.4109 0.3748 0.3318 0.2828 0.2313 0.1876 0.1631 0.1509 0.1435 0.1387 0.1357 0.1341 0.1338 0.1347 0.1367 0.1400 0.1445 0.1503 0.1575 0.1663 0.1766 0.1887 0.2023 0.2174 0.2331 0.2480 0.2592 0.2635 0.2592 0.2480 0.2331 0.2174 0.2023 0.1887 0.1766 0.1663 0.1575 0.1503 0.1445 0.1400 0.1367 0.1347 0.1338 0.1341 0.1357 0.1387 0.1435 0.1509 0.1631 0.1876 0.2313 0.2828 0.3319 0.3748 0.4109 0.4404 0.4639 0.4817 0.4943 0.5014 0.5024 0.4952 0.4764 0.4474 0.4137 0.3792 0.3461 0.3156 0.2879 0.2631 0.2412 0.2219 0.2051 0.1905 0.1780 0.1673 0.1582 0.1505
0.1578 0.1672 0.1779 0.1905 0.2052 0.2221 0.2414 0.2634 0.2882 0.3160 0.3466 0.3797 0.4142 0.4480 0.4768 0.4954 0.5025 0.5014 0.4941 0.4815 0.4635 0.4399 0.4103 0.3741 0.3310 0.2819 0.2304 0.1870 0.1628 0.1507 0.1434 0.1387 0.1357 0.1341 0.1338 0.1347 0.1368 0.1400 0.1446 0.1504 0.1577 0.1665 0.1769 0.1891 0.2032 0.2190 0.2363 0.2544 0.2713 0.2840 0.2889 0.2840 0.2713 0.2544 0.2363 0.2190 0.2032 0.1891 0.1769 0.1665 0.1577 0.1504 0.1446 0.1400 0.1368 0.1347 0.1338 0.1341 0.1357 0.1387 0.1434 0.1507 0.1628 0.1870 0.2304 0.2819 0.3310 0.3741 0.4103 0.4399 0.4635 0.4815 0.4941 0.5014 0.5025 0.4954 0.4768 0.4480 0.4142 0.3797 0.3466 0.3160 0.2882 0.2634 0.2414 0.2221 0.2052 0.1905 0.1779 0.1672 0.1578
0.1667 0.1778 0.1904 0.2051 0.2221 0.2414 0.2635 0.2884 0.3163 0.3470 0.3801 0.4147 0.4484 0.4772 0.4956 0.5025 0.5013 0.4939 0.4812 0.4631 0.4395 0.4097 0.3734 0.3302 0.2809 0.2295 0.1864 0.1625 0.1506 0.1433 0.1386 0.1356 0.1341 0.1338 0.1347 0.1368 0.1401 0.1447 0.1505 0.1578 0.1667 0.1772 0.1895 0.2037 0.2200 0.2382 0.2580 0.2785 0.2976 0.3119 0.3174 0.3119 0.2976 0.2785 0.2580 0.2382 0.2200 0.2037 0.1895 0.1772 0.1667 0.1578 0.1505 0.1447 0.1401 0.1368 0.1347 0.1338 0.1341 0.1356 0.1386 0.1433 0.1506 0.1625 0.1864 0.2295 0.2810 0.3302 0.3734 0.4097 0.4395 0.4631 0.4812 0.4939 0.5013 0.5025 0.4956 0.4772 0.4484 0.4147 0.3801 0.3470 0.3163 0.2884 0.2635 0.2415 0.2221 0.2051 0.1904 0.1778 0.1667
0.1773 0.1902 0.2050 0.2219 0.2414 0.2635 0.2885 0.3164 0.3472 0.3804 0.4151 0.4488 0.4775 0.4957 0.5026 0.5012 0.4938 0.4810 0.4628 0.4390 0.4092 0.3727 0.3294 0.2800 0.2286 0.1858 0.1623 0.1504 0.1432 0.1385 0.1356 0.1341 0.1338 0.1347 0.1369 0.1402 0.1447 0.1507 0.1580 0.1669 0.1774 0.1898 0.2041 0.2206 0.2393 0.2601 0.2826 0.3056 0.3270 0.3428 0.3489 0.3429 0.3270 0.3056 0.2826 0.2601 0.2393 0.2206 0.2041 0.1898 0.1774 0.1669 0.1580 0.1507 0.1447 0.1402 0.1369 0.1347 0.1338 0.1341 0.1356 0.1385 0.1432 0.1504 0.1623 0.1858 0.2287 0.2801 0.3294 0.3727 0.4092 0.4390 0.4628 0.4810 0.4938 0.5012 0.5026 0.4957 0.4775 0.4488 0.4151 0.3804 0.3472 0.3164 0.2885 0.2635 0.2414 0.2219 0.2050 0.1902 0.1773
0.1897 0.2047 0.2217 0.2412 0.2634 0.2884 0.3164 0.3473 0.3806 0.4153 0.4491 0.4778 0.4959 0.5026 0.5012 0.4936 0.4807 0.4625 0.4386 0.4086 0.3721 0.3286 0.2792 0.2278 0.1852 0.1620 0.1503 0.1431 0.1385 0.1355 0.1341 0.1338 0.1348 0.1369 0.1402 0.1448 0.1508 0.1581 0.1670 0.1776 0.1901 0.2045 0.2211 0.2400 0.2613 0.2849 0.3102 0.3358 0.3593 0.3764 0.3829 0.3764 0.3593 0.3358 0.3102 0.2849 0.2613 0.2400 0.2211 0.2045 0.1901 0.1776 0.1670 0.1581 0.1508 0.1448 0.1402 0.1369 0.1348 0.1338 0.1341 0.1356 0.1385 0.1431 0.1503 0.1620 0.1852 0.2278 0.2792 0.3286 0.3721 0.4086 0.4386 0.4625 0.4807 0.4936 0.5012 0.5026 0.4959 0.4778 0.4491 0.4153 0.3806 0.3473 0.3164 0.2884 0.2634 0.2412 0.2217 0.2047 0.1897
0.2042 0.2214 0.2409 0.2631 0.2882 0.3163 0.3472 0.3806 0.4154 0.4493 0.4779 0.4960 0.5026 0.5011 0.4935 0.4805 0.4622 0.4382 0.4081 0.3714 0.3279 0.2784 0.2270 0.1847 0.1617 0.1501 0.1430 0.1384 0.1355 0.1340 0.1338 0.1348 0.1370 0.1403 0.1449 0.1509 0.1583 0.1672 0.1778 0.1903 0.2048 0.2215 0.2406 0.2622 0.2863 0.3128 0.3408 0.3688 0.3938 0.4116 0.4182 0.4116 0.3938 0.3688 0.3408 0.3128 0.2863 0.2622 0.2406 0.2215 0.2048 0.1903 0.1778 0.1672 0.1583 0.1509 0.1449 0.1403 0.1369 0.1348 0.1338 0.1340 0.1355 0.1384 0.1430 0.1501 0.1617 0.1847 0.2271 0.2784 0.3279 0.3714 0.4081 0.4382 0.4622 0.4805 0.4935 0.5011 0.5026 0.4960 0.4780 0.4493 0.4154 0.3806 0.3472 0.3163 0.2882 0.2631 0.2409 0.2214 0.2042
0.2209 0.2406 0.2628 0.2879 0.3160 0.3470 0.3804 0.4153 0.4493 0.4780 0.4960 0.5026 0.5011 0.4934 0.4803 0.4619 0.4378 0.4077 0.3708 0.3272 0.2776 0.2263 0.1842 0.1615 0.1500 0.1429 0.1383 0.1355 0.1340 0.1338 0.1348 0.1370 0.1404 0.1450 0.1510 0.1584 0.1674 0.1780 0.1905 0.2051 0.2218 0.2410 0.2628 0.2872 0.3143 0.3437 0.3741 0.4037 0.4290 0.4462 0.4523 0.4462 0.4290 0.4037 0.3741 0.3437 0.3143 0.2872 0.2628 0.2410 0.2218 0.2051 0.1905 0.1780 0.1674 0.1584 0.1510 0.1450 0.1404 0.1370 0.1348 0.1338 0.1340 0.1355 0.1383 0.1429 0.1500 0.1615 0.1842 0.2263 0.2776 0.3272 0.3709 0.4077 0.4379 0.4619 0.4804 0.4934 0.5011 0.5026 0.4960 0.4780 0.4493 0.4153 0.3804 0.3470 0.3160 0.2879 0.2628 0.2406 0.2209
0.2401 0.2624 0.2875 0.3156 0.3466 0.3801 0.4151 0.4491 0.4780 0.4960 0.5026 0.5010 0.4933 0.4802 0.4617 0.4376 0.4073 0.3703 0.3265 0.2769 0.2255 0.1837 0.1613 0.1498 0.1428 0.1383 0.1354 0.1340 0.1338 0.1348 0.1370 0.1405 0.1451 0.1511 0.1586 0.1676 0.1782 0.1908 0.2054 0.2222 0.2414 0.2633 0.2879 0.3154 0.3454 0.3771 0.4092 0.4386 0.4619 0.4760 0.4806 0.4760 0.4619 0.4386 0.4091 0.3771 0.3453 0.3154 0.2879 0.2633 0.2414 0.2222 0.2054 0.1908 0.1782 0.1676 0.1586 0.1511 0.1451 0.1405 0.1370 0.1348 0.1338 0.1340 0.1354 0.1383 0.1428 0.1498 0.1613 0.1837 0.2255 0.2769 0.3265 0.3703 0.4073 0.4376 0.4617 0.4802 0.4934 0.5010 0.5026 0.4960 0.4780 0.4491 0.4151 0.3801 0.3466 0.3156 0.2875 0.2624 0.2401
0.2619 0.2870 0.3151 0.3461 0.3797 0.4147 0.4488 0.4778 0.4960 0.5026 0.5010 0.4933 0.4802 0.4616 0.4374 0.4070 0.3699 0.3260 0.2762 0.2248 0.1832 0.1610 0.1497 0.1427 0.1382 0.1354 0.1340 0.1338 0.1349 0.1371 0.1405 0.1452 0.1512 0.1587 0.1677 0.1784 0.1910 0.2056 0.2225 0.2418 0.2637 0.2885 0.3161 0.3465 0.3789 0.4122 0.4438 0.4700 0.4871 0.4952 0.4974 0.4952 0.4871 0.4700 0.4438 0.4122 0.3789 0.3465 0.3161 0.2885 0.2637 0.2418 0.2225 0.2056 0.1910 0.1784 0.1677 0.1587 0.1512 0.1452 0.1405 0.1371 0.1349 0.1338 0.1340 0.1354 0.1382 0.1427 0.1497 0.1610 0.1832 0.2249 0.2762 0.3260 0.3699 0.4070 0.4374 0.4616 0.4802 0.4933 0.5010 0.5026 0.4960 0.4778 0.4488 0.4147 0.3797 0.3461 0.3151 0.2870 0.2619
0.2867 0.3146 0.3456 0.3792 0.4142 0.4484 0.4775 0.4959 0.5026 0.5011 0.4934 0.4802 0.4616 0.4373 0.4068 0.3697 0.3256 0.2757 0.2243 0.1828 0.1608 0.1496 0.1427 0.1382 0.1354 0.1340 0.1338 0.1349 0.1371 0.1406 0.1453 0.1513 0.1588 0.1679 0.1786 0.1913 0.2059 0.2228 0.2421 0.2642 0.2890 0.3167 0.3473 0.3801 0.4140 0.4467 0.4741 0.4920 0.5001 0.5025 0.5028 0.5025 0.5001 0.4919 0.4741 0.4466 0.4140 0.3801 0.3473 0.3167 0.2890 0.2641 0.2421 0.2228 0.2059 0.1912 0.1786 0.1679 0.1588 0.1513 0.1453 0.1406 0.1371 0.1349 0.1338 0.1340 0.1354 0.1382 0.1427 0.1496 0.1608 0.1829 0.2243 0.2757 0.3256 0.3697 0.4068 0.4373 0.4616 0.4802 0.4934 0.5011 0.5026 0.4959 0.4775 0.4484 0.4142 0.3792 0.3456 0.3146 0.2867
0.3144 0.3451 0.3786 0.4137 0.4480 0.4772 0.4957 0.5026 0.5011 0.4934 0.4802 0.4616 0.4373 0.4067 0.3695 0.3254 0.2754 0.2239 0.1825 0.1607 0.1495 0.1426 0.1381 0.1353 0.1340 0.1339 0.1349 0.1372 0.1406 0.1454 0.1514 0.1590 0.1680 0.1788 0.1915 0.2062 0.2231 0.2425 0.2645 0.2895 0.3173 0.3480 0.3810 0.4152 0.4484 0.4763 0.4942 0.5017 0.5028 0.5012 0.5003 0.5012 0.5028 0.5017 0.4942 0.4763 0.4483 0.4152 0.3810 0.3480 0.3173 0.2895 0.2645 0.2425 0.2231 0.2062 0.1915 0.1788 0.1680 0.1590 0.1514 0.1454 0.1406 0.1372 0.1349 0.1339 0.1340 0.1354 0.1381 0.1426 0.1495 0.1607 0.1825 0.2239 0.2754 0.3254 0.3695 0.4067 0.4373 0.4616 0.4802 0.4934 0.5011 0.5026 0.4957 0.4772 0.4480 0.4137 0.3786 0.3451 0.3144
0.3451 0.3780 0.4131 0.4474 0.4768 0.4956 0.5026 0.5012 0.4935 0.4804 0.4617 0.4374 0.4068 0.3695 0.3253 0.2752 0.2237 0.1823 0.1605 0.1494 0.1425 0.1381 0.1353 0.1340 0.1339 0.1349 0.1372 0.1407 0.1455 0.1516 0.1591 0.1682 0.1790 0.1917 0.2064 0.2234 0.2428 0.2649 0.2899 0.3178 0.3486 0.3817 0.4161 0.4494 0.4776 0.4953 0.5023 0.5021 0.4982 0.4936 0.4916 0.4937 0.4982 0.5021 0.5023 0.4953 0.4776 0.4494 0.4161 0.3817 0.3485 0.3178 0.2899 0.2649 0.2428 0.2234 0.2064 0.1917 0.1790 0.1682 0.1591 0.1515 0.1455 0.1407 0.1372 0.1349 0.1339 0.1340 0.1353 0.1381 0.1425 0.1494 0.1605 0.1823 0.2237 0.2752 0.3253 0.3695 0.4068 0.4374 0.4617 0.4804 0.4935 0.5012 0.5026 0.4956 0.4768 0.4474 0.4131 0.3780 0.3451
0.3785 0.4125 0.4469 0.4764 0.4954 0.5025 0.5012 0.4936 0.4805 0.4619 0.4376 0.4070 0.3697 0.3254 0.2752 0.2236 0.1822 0.1605 0.1493 0.1425 0.1380 0.1353 0.1340 0.1339 0.1350 0.1373 0.1408 0.1455 0.1517 0.1592 0.1683 0.1792 0.1919 0.2066 0.2237 0.2431 0.2653 0.2903 0.3183 0.3491 0.3823 0.4168 0.4502 0.4784 0.4960 0.5025 0.5016 0.4959 0.4879 0.4805 0.4774 0.4805 0.4879 0.4959 0.5016 0.5025 0.4959 0.4784 0.4502 0.4168 0.3823 0.3491 0.3182 0.2903 0.2653 0.2431 0.2237 0.2066 0.1919 0.1792 0.1683 0.1592 0.1517 0.1455 0.1408 0.1373 0.1350 0.1339 0.1340 0.1353 0.1380 0.1425 0.1493 0.1605 0.1822 0.2236 0.2752 0.3254 0.3697 0.4070 0.4376 0.4619 0.4805 0.4936 0.5012 0.5025 0.4954 0.4764 0.4469 0.4125 0.3785
0.4135 0.4463 0.4760 0.4952 0.5025 0.5013 0.4938 0.4807 0.4622 0.4379 0.4073 0.3699 0.3256 0.2754 0.2237 0.1822 0.1604 0.1493 0.1425 0.1380 0.1353 0.1340 0.1339 0.1350 0.1373 0.1408 0.1456 0.1518 0.1593 0.1685 0.1794 0.1921 0.2069 0.2239 0.2435 0.2657 0.2907 0.3187 0.3496 0.3828 0.4174 0.4509 0.4789 0.4963 0.5026 0.5012 0.4945 0.4841 0.4720 0.4618 0.4576 0.4618 0.4720 0.4841 0.4945 0.5012 0.5026 0.4963 0.4789 0.4509 0.4174 0.3828 0.3496 0.3187 0.2907 0.2656 0.2434 0.2239 0.2069 0.1921 0.1794 0.1685 0.1593 0.1518 0.1456 0.1408 0.1373 0.1350 0.1339 0.1340 0.1353 0.1380 0.1425 0.1493 0.1604 0.1822 0.2237 0.2754 0.3256 0.3699 0.4073 0.4379 0.4622 0.4807 0.4938 0.5013 0.5025 0.4952 0.4760 0.4463 0.4135
0.4482 0.4756 0.4950 0.5024 0.5014 0.4939 0.4810 0.4625 0.4382 0.4077 0.3703 0.3260 0.2757 0.2239 0.1823 0.1605 0.1493 0.1425 0.1380 0.1353 0.1339 0.1339 0.1350 0.1373 0.1409 0.1457 0.1519 0.1595 0.1687 0.1795 0.1923 0.2071 0.2242 0.2438 0.2660 0.2911 0.3192 0.3501 0.3834 0.4179 0.4514 0.4794 0.4966 0.5027 0.5010 0.4936 0.4818 0.4667 0.4505 0.4372 0.4319 0.4373 0.4505 0.4667 0.4818 0.4936 0.5010 0.5027 0.4966 0.4794 0.4514 0.4179 0.3834 0.3501 0.3192 0.2911 0.2660 0.2438 0.2242 0.2071 0.1923 0.1795 0.1686 0.1595 0.1518 0.1457 0.1409 0.1373 0.1350 0.1339 0.1339 0.1353 0.1380 0.1425 0.1493 0.1605 0.1823 0.2239 0.2757 0.3260 0.3703 0.4077 0.4382 0.4625 0.4810 0.4939 0.5014 0.5024 0.4950 0.4756 0.4482
0.4784 0.4947 0.5024 0.5014 0.4941 0.4812 0.4628 0.4386 0.4081 0.3709 0.3265 0.2762 0.2243 0.1825 0.1605 0.1493 0.1425 0.1380 0.1353 0.1339 0.1339 0.1350 0.1373 0.1409 0.1457 0.1519 0.1596 0.1688 0.1797 0.1925 0.2074 0.2245 0.2441 0.2664 0.2915 0.3196 0.3506 0.3839 0.4185 0.4519 0.4798 0.4968 0.5027 0.5008 0.4931 0.4805 0.4636 0.4436 0.4230 0.4064 0.3998 0.4064 0.4230 0.4436 0.4636 0.4805 0.4931 0.5008 0.5027 0.4968 0.4798 0.4519 0.4185 0.3839 0.3506 0.3196 0.2915 0.2664 0.2441 0.2245 0.2074 0.1925 0.1797 0.1688 0.1596 0.1519 0.1457 0.1409 0.1373 0.1350 0.1339 0.1339 0.1353 0.1380 0.1425 0.1493 0.1605 0.1825 0.2243 0.2762 0.3265 0.3709 0.4081 0.4386 0.4628 0.4812 0.4941 0.5014 0.5024 0.4947 0.4784
0.4985 0.5023 0.5015 0.4943 0.4815 0.4631 0.4390 0.4086 0.3714 0.3272 0.2769 0.2249 0.1829 0.1607 0.1494 0.1425 0.1380 0.1353 0.1339 0.1339 0.1350 0.1374 0.1409 0.1458 0.1520 0.1597 0.1689 0.1799 0.1927 0.2076 0.2248 0.2444 0.2667 0.2919 0.3201 0.3511 0.3844 0.4190 0.4524 0.4801 0.4970 0.5027 0.5007 0.4928 0.4797 0.4618 0.4396 0.4143 0.3888 0.3687 0.3608 0.3687 0.3888 0.4143 0.4396 0.4618 0.4797 0.4928 0.5007 0.5027 0.4970 0.4801 0.4524 0.4190 0.3844 0.3511 0.3201 0.2919 0.2667 0.2444 0.2248 0.2076 0.1927 0.1799 0.1689 0.1596 0.1520 0.1458 0.1409 0.1374 0.1350 0.1339 0.1339 0.1353 0.1380 0.1425 0.1494 0.1607 0.1829 0.2249 0.2769 0.3272 0.3714 0.4086 0.4390 0.4631 0.4815 0.4943 0.5015 0.5023 0.4985
0.5066 0.5016 0.4945 0.4817 0.4635 0.4395 0.4092 0.3721 0.3279 0.2776 0.2255 0.1832 0.1608 0.1495 0.1425 0.1380 0.1353 0.1339 0.1339 0.1350 0.1374 0.1409 0.1458 0.1520 0.1597 0.1690 0.1800 0.1928 0.2078 0.2250 0.2447 0.2671 0.2923 0.3205 0.3516 0.3850 0.4195 0.4529 0.4805 0.4972 0.5028 0.5006 0.4925 0.4792 0.4608 0.4374 0.4093 0.3783 0.3476 0.3239 0.3147 0.3239 0.3476 0.3783 0.4094 0.4374 0.4608 0.4792 0.4925 0.5006 0.5028 0.4971 0.4805 0.4528 0.4195 0.3849 0.3516 0.3205 0.2923 0.2671 0.2447 0.2250 0.2078 0.1928 0.1800 0.1690 0.1597 0.1520 0.1458 0.1409 0.1374 0.1350 0.1339 0.1339 0.1353 0.1380 0.1425 0.1495 0.1608 0.1832 0.2255 0.2776 0.3279 0.3721 0.4092 0.4395 0.4635 0.4817 0.4945 0.5016 0.5066
0.5060 0.4946 0.4820 0.4639 0.4399 0.4097 0.3727 0.3286 0.2784 0.2263 0.1837 0.1610 0.1496 0.1426 0.1381 0.1353 0.1340 0.1339 0.1350 0.1374 0.1409 0.1458 0.1520 0.1597 0.1690 0.1800 0.1930 0.2079 0.2252 0.2450 0.2674 0.2927 0.3210 0.3521 0.3855 0.4200 0.4533 0.4808 0.4973 0.5028 0.5005 0.4923 0.4788 0.4601 0.4360 0.4066 0.3723 0.3352 0.2997 0.2732 0.2633 0.2732 0.2997 0.3352 0.3723 0.4066 0.4360 0.4601 0.4788 0.4923 0.5005 0.5028 0.4973 0.4808 0.4533 0.4200 0.3855 0.3520 0.3210 0.2927 0.2674 0.2450 0.2252 0.2079 0.1930 0.1800 0.1690 0.1597 0.1520 0.1458 0.1409 0.1374 0.1350 0.1339 0.1340 0.1353 0.1381 0.1426 0.1496 0.1610 0.1837 0.2263 0.2784 0.3286 0.3727 0.4097 0.4399 0.4639 0.4820 0.4946 0.5060
0.4991 0.4823 0.4642 0.4404 0.4103 0.3734 0.3294 0.2792 0.2271 0.1842 0.1613 0.1497 0.1427 0.1381 0.1353 0.1340 0.1339 0.1350 0.1373 0.1409 0.1458 0.1520 0.1598 0.1691 0.1801 0.1930 0.2080 0.2254 0.2451 0.2677 0.2930 0.3214 0.3525 0.3860 0.4206 0.4538 0.4812 0.4975 0.5028 0.5004 0.4922 0.4785 0.4596 0.4352 0.4049 0.3690 0.3282 0.2856 0.2475 0.2214 0.2124 0.2214 0.2475 0.2856 0.3282 0.3690 0.4049 0.4352 0.4596 0.4785 0.4922 0.5004 0.5028 0.4975 0.4812 0.4538 0.4206 0.3860 0.3525 0.3213 0.2930 0.2676 0.2451 0.2253 0.2080 0.1930 0.1801 0.1691 0.1598 0.1520 0.1458 0.1409 0.1373 0.1350 0.1339 0.1340 0.1353 0.1381 0.1427 0.1497 0.1613 0.1842 0.2271 0.2792 0.3294 0.3734 0.4103 0.4404 0.4642 0.4823 0.4991
0.4867 0.4646 0.4409 0.4109 0.3741 0.3302 0.2801 0.2278 0.1847 0.1615 0.1498 0.1427 0.1382 0.1354 0.1340 0.1339 0.1350 0.1373 0.1409 0.1458 0.1520 0.1597 0.1691 0.1801 0.1931 0.2081 0.2255 0.2453 0.2678 0.2933 0.3217 0.3529 0.3864 0.4211 0.4543 0.4815 0.4976 0.5028 0.5004 0.4920 0.4783 0.4592 0.4345 0.4039 0.3670 0.3243 0.2779 0.2333 0.1991 0.1808 0.1756 0.1808 0.1991 0.2333 0.2779 0.3243 0.3670 0.4039 0.4345 0.4592 0.4783 0.4920 0.5004 0.5028 0.4976 0.4815 0.4543 0.4210 0.3864 0.3529 0.3217 0.2933 0.2678 0.2453 0.2254 0.2081 0.1931 0.1801 0.1691 0.1597 0.1520 0.1458 0.1409 0.1373 0.1350 0.1339 0.1340 0.1354 0.1382 0.1427 0.1498 0.1615 0.1847 0.2278 0.2801 0.3302 0.3741 0.4109 0.4409 0.4646 0.4867
0.4689 0.4413 0.4115 0.3748 0.3310 0.2810 0.2287 0.1852 0.1617 0.1500 0.1428 0.1382 0.1354 0.1340 0.1339 0.1350 0.1373 0.1409 0.1457 0.1520 0.1597 0.1690 0.1801 0.1931 0.2081 0.2255 0.2454 0.2680 0.2934 0.3219 0.3532 0.3868 0.4215 0.4547 0.4818 0.4978 0.5028 0.5003 0.4918 0.4780 0.4588 0.4340 0.4031 0.3657 0.3220 0.2736 0.2258 0.1885 0.1685 0.1598 0.1572 0.1598 0.1685 0.1885 0.2258 0.2736 0.3220 0.3657 0.4031 0.4340 0.4589 0.4780 0.4918 0.5003 0.5028 0.4978 0.4818 0.4547 0.4214 0.3868 0.3532 0.3219 0.2934 0.2680 0.2454 0.2255 0.2081 0.1931 0.1801 0.1690 0.1597 0.1520 0.1457 0.1409 0.1373 0.1350 0.1339 0.1340 0.1354 0.1382 0.1428 0.1500 0.1617 0.1852 0.2287 0.2810 0.3310 0.3748 0.4115 0.4413 0.4689
0.4455 0.4120 0.3755 0.3319 0.2819 0.2295 0.1858 0.1620 0.1501 0.1429 0.1383 0.1354 0.1340 0.1339 0.1349 0.1373 0.1408 0.1457 0.1519 0.1596 0.1690 0.1800 0.1930 0.2081 0.2255 0.2454 0.2680 0.2935 0.3220 0.3534 0.3870 0.4218 0.4550 0.4821 0.4979 0.5028 0.5002 0.4917 0.4778 0.4585 0.4336 0.4025 0.3648 0.3205 0.2711 0.2218 0.1834 0.1633 0.1536 0.1488 0.1473 0.1488 0.1536 0.1633 0.1834 0.2218 0.2711 0.3205 0.3648 0.4025 0.4336 0.4585 0.4778 0.4917 0.5002 0.5028 0.4979 0.4821 0.4550 0.4217 0.3870 0.3534 0.3220 0.2935 0.2680 0.2454 0.2255 0.2081 0.1930 0.1800 0.1690 0.1596 0.1519 0.1457 0.1408 0.1373 0.1349 0.1339 0.1340 0.1354 0.1383 0.1429 0.1501 0.1620 0.1858 0.2295 0.2819 0.3319 0.3755 0.4120 0.4455
0.4159 0.3762 0.3327 0.2828 0.2304 0.1864 0.1623 0.1503 0.1430 0.1383 0.1354 0.1340 0.1338 0.1349 0.1372 0.1408 0.1456 0.1518 0.1596 0.1689 0.1800 0.1930 0.2080 0.2254 0.2454 0.2680 0.2936 0.3221 0.3535 0.3872 0.4220 0.4552 0.4823 0.4980 0.5028 0.5001 0.4915 0.4775 0.4582 0.4331 0.4019 0.3640 0.3194 0.2695 0.2194 0.1809 0.1609 0.1509 0.1451 0.1421 0.1411 0.1421 0.1451 0.1509 0.1609 0.1809 0.2194 0.2695 0.3194 0.3640 0.4019 0.4331 0.4582 0.4775 0.4915 0.5001 0.5028 0.4980 0.4823 0.4552 0.4220 0.3872 0.3535 0.3221 0.2936 0.2680 0.2454 0.2254 0.2080 0.1930 0.1800 0.1689 0.1596 0.1518 0.1456 0.1408 0.1372 0.1349 0.1338 0.1340 0.1354 0.1383 0.1430 0.1503 0.1623 0.1864 0.2304 0.2828 0.3327 0.3762 0.4159
0.3797 0.3335 0.2837 0.2313 0.1870 0.1625 0.1504 0.1431 0.1384 0.1355 0.1340 0.1338 0.1349 0.1372 0.1407 0.1455 0.1518 0.1595 0.1688 0.1799 0.1928 0.2079 0.2253 0.2453 0.2680 0.2935 0.3221 0.3536 0.3873 0.4221 0.4554 0.4824 0.4981 0.5029 0.5001 0.4914 0.4773 0.4579 0.4327 0.4014 0.3633 0.3185 0.2683 0.2179 0.1794 0.1597 0.1495 0.1434 0.1397 0.1377 0.1371 0.1377 0.1397 0.1434 0.1495 0.1597 0.1794 0.2179 0.2683 0.3185 0.3633 0.4014 0.4327 0.4579 0.4773 0.4914 0.5001 0.5029 0.4981 0.4824 0.4554 0.4221 0.3873 0.3536 0.3221 0.2935 0.2680 0.2453 0.2253 0.2079 0.1928 0.1799 0.1688 0.1595 0.1518 0.1455 0.1407 0.1372 0.1349 0.1338 0.1340 0.1355 0.1384 0.1431 0.1504 0.1625 0.1870 0.2313 0.2837 0.3335 0.3797
0.3365 0.2846 0.2322 0.1876 0.1628 0.1506 0.1432 0.1385 0.1355 0.1340 0.1338 0.1349 0.1371 0.1406 0.1455 0.1517 0.1593 0.1686 0.1797 0.1927 0.2078 0.2252 0.2451 0.2678 0.2934 0.3220 0.3535 0.3873 0.4222 0.4555 0.4825 0.4981 0.5029 0.5000 0.4913 0.4772 0.4576 0.4324 0.4009 0.3627 0.3178 0.2674 0.2169 0.1785 0.1590 0.1488 0.1425 0.1386 0.1362 0.1351 0.1348 0.1351 0.1362 0.1386 0.1425 0.1488 0.1590 0.1786 0.2169 0.2674 0.3178 0.3627 0.4009 0.4324 0.4576 0.4772 0.4913 0.5000 0.5029 0.4981 0.4825 0.4555 0.4222 0.3873 0.3535 0.3220 0.2934 0.2678 0.2451 0.2252 0.2078 0.1927 0.1797 0.1686 0.1593 0.1517 0.1455 0.1406 0.1371 0.1349 0.1338 0.1340 0.1355 0.1385 0.1432 0.1506 0.1628 0.1876 0.2322 0.2846 0.3365
0.2871 0.2331 0.1882 0.1631 0.1507 0.1433 0.1385 0.1356 0.1340 0.1338 0.1348 0.1371 0.1406 0.1454 0.1515 0.1592 0.1685 0.1795 0.1925 0.2076 0.2250 0.2450 0.2676 0.2933 0.3219 0.3534 0.3872 0.4221 0.4555 0.4825 0.4981 0.5029 0.5000 0.4912 0.4770 0.4574 0.4321 0.4005 0.3622 0.3171 0.2666 0.2160 0.1779 0.1586 0.1484 0.1421 0.1380 0.1356 0.1343 0.1339 0.1338 0.1339 0.1343 0.1356 0.1380 0.1421 0.1484 0.1586 0.1779 0.2161 0.2666 0.3171 0.3622 0.4005 0.4321 0.4575 0.4770 0.4912 0.5000 0.5029 0.4981 0.4825 0.4555 0.4221 0.3872 0.3534 0.3219 0.2933 0.2676 0.2450 0.2250 0.2076 0.1925 0.1795 0.1685 0.1592 0.1515 0.1454 0.1406 0.1371 0.1348 0.1338 0.1340 0.1356 0.1385 0.1433 0.1507 0.1631 0.1882 0.2331 0.2871
0.2349 0.1888 0.1634 0.1509 0.1434 0.1386 0.1356 0.1341 0.1338 0.1348 0.1370 0.1405 0.1453 0.1514 0.1591 0.1683 0.1794 0.1923 0.2074 0.2248 0.2447 0.2674 0.2930 0.3217 0.3532 0.3870 0.4220 0.4554 0.4825 0.4981 0.5029 0.5000 0.4912 0.4769 0.4573 0.4319 0.4002 0.3618 0.3166 0.2660 0.2154 0.1775 0.1583 0.1482 0.1418 0.1377 0.1353 0.1340 0.1337 0.1339 0.1340 0.1339 0.1337 0.1340 0.1353 0.1377 0.1418 0.1482 0.1583 0.1775 0.2154 0.2660 0.3166 0.3618 0.4002 0.4319 0.4573 0.4769 0.4912 0.5000 0.5029 0.4981 0.4825 0.4554 0.4220 0.3870 0.3532 0.3217 0.2930 0.2674 0.2447 0.2248 0.2074 0.1923 0.1794 0.1683 0.1591 0.1514 0.1453 0.1405 0.1370 0.1348 0.1338 0.1341 0.1356 0.1386 0.1434 0.1509 0.1634 0.1888 0.2349
0.1900 0.1637 0.1511 0.1435 0.1387 0.1356 0.1341 0.1338 0.1348 0.1370 0.1405 0.1452 0.1513 0.1590 0.1682 0.1792 0.1921 0.2071 0.2245 0.2444 0.2671 0.2927 0.3213 0.3529 0.3868 0.4217 0.4552 0.4824 0.4981 0.5029 0.5000 0.4911 0.4769 0.4572 0.4318 0.4000 0.3615 0.3162 0.2654 0.2148 0.1771 0.1581 0.1480 0.1417 0.1376 0.1351 0.1339 0.1338 0.1344 0.1352 0.1355 0.1352 0.1344 0.1338 0.1339 0.1351 0.1376 0.1417 0.1480 0.1581 0.1771 0.2148 0.2655 0.3162 0.3615 0.4000 0.4318 0.4572 0.4769 0.4911 0.5000 0.5029 0.4981 0.4824 0.4552 0.4217 0.3868 0.3529 0.3213 0.2927 0.2671 0.2444 0.2245 0.2071 0.1921 0.1792 0.1682 0.1590 0.1513 0.1452 0.1405 0.1370 0.1348 0.1338 0.1341 0.1356 0.1387 0.1435 0.1511 0.1637 0.1900
0.1643 0.1512 0.1436 0.1387 0.1357 0.1341 0.1338 0.1348 0.1369 0.1404 0.1451 0.1512 0.1588 0.1680 0.1790 0.1919 0.2069 0.2242 0.2441 0.2667 0.2923 0.3210 0.3525 0.3864 0.4214 0.4550 0.4823 0.4981 0.5029 0.5000 0.4912 0.4769 0.4572 0.4317 0.3999 0.3613 0.3159 0.2651 0.2144 0.1768 0.1579 0.1479 0.1416 0.1375 0.1350 0.1339 0.1339 0.1348 0.1363 0.1377 0.1383 0.1377 0.1363 0.1348 0.1339 0.1339 0.1350 0.1375 0.1416 0.1479 0.1579 0.1768 0.2144 0.2651 0.3159 0.3613 0.3999 0.4317 0.4572 0.4769 0.4912 0.5000 0.5029 0.4981 0.4823 0.4550 0.4214 0.3864 0.3525 0.3210 0.2923 0.2667 0.2441 0.2242 0.2069 0.1919 0.1790 0.1680 0.1588 0.1512 0.1451 0.1404 0.1369 0.1348 0.1338 0.1341 0.1357 0.1387 0.1436 0.1512 0.1643
0.1516 0.1437 0.1388 0.1357 0.1341 0.1338 0.1347 0.1369 0.1403 0.1450 0.1511 0.1587 0.1679 0.1788 0.1917 0.2066 0.2239 0.2438 0.2664 0.2919 0.3205 0.3520 0.3860 0.4210 0.4547 0.4821 0.4980 0.5029 0.5000 0.4912 0.4769 0.4572 0.4317 0.3998 0.3612 0.3157 0.2648 0.2141 0.1766 0.1578 0.1478 0.1415 0.1374 0.1350 0.1339 0.1339 0.1351 0.1370 0.1394 0.1414 0.1422 0.1414 0.1394 0.1370 0.1351 0.1339 0.1339 0.1350 0.1374 0.1415 0.1478 0.1578 0.1766 0.2142 0.2648 0.3157 0.3612 0.3998 0.4317 0.4572 0.4769 0.4912 0.5000 0.5029 0.4980 0.4821 0.4547 0.4210 0.3860 0.3520 0.3205 0.2919 0.2664 0.2438 0.2239 0.2066 0.1917 0.1788 0.1679 0.1587 0.1511 0.1450 0.1403 0.1369 0.1347 0.1338 0.1341 0.1357 0.1388 0.1437 0.1516
0.1439 0.1389 0.1357 0.1341 0.1338 0.1347 0.1369 0.1402 0.1449 0.1510 0.1586 0.1677 0.1786 0.1915 0.2064 0.2237 0.2434 0.2660 0.2915 0.3201 0.3516 0.3855 0.4206 0.4543 0.4818 0.4979 0.5028 0.5001 0.4913 0.4770 0.4573 0.4318 0.3999 0.3612 0.3156 0.2647 0.2140 0.1765 0.1577 0.1477 0.1415 0.1374 0.1349 0.1339 0.1340 0.1352 0.1374 0.1404 0.1437 0.1465 0.1476 0.1465 0.1437 0.1404 0.1374 0.1352 0.1340 0.1339 0.1349 0.1374 0.1415 0.1477 0.1577 0.1765 0.2140 0.2647 0.3156 0.3612 0.3999 0.4318 0.4573 0.4770 0.4913 0.5001 0.5028 0.4979 0.4818 0.4543 0.4206 0.3855 0.3516 0.3201 0.2915 0.2660 0.2434 0.2237 0.2064 0.1915 0.1786 0.1677 0.1586 0.1510 0.1449 0.1402 0.1369 0.1347 0.1338 0.1341 0.1357 0.1389 0.1439
0.1389 0.1358 0.1341 0.1338 0.1347 0.1368 0.1402 0.1448 0.1509 0.1584 0.1676 0.1784 0.1912 0.2062 0.2234 0.2431 0.2656 0.2911 0.3196 0.3511 0.3849 0.4200 0.4538 0.4815 0.4978 0.5028 0.5001 0.4914 0.4772 0.4575 0.4319 0.4000 0.3613 0.3157 0.2647 0.2139 0.1764 0.1577 0.1477 0.1414 0.1374 0.1349 0.1338 0.1340 0.1353 0.1377 0.1411 0.1452 0.1495 0.1529 0.1543 0.1529 0.1495 0.1452 0.1411 0.1377 0.1353 0.1340 0.1338 0.1349 0.1374 0.1414 0.1477 0.1577 0.1764 0.2139 0.2647 0.3157 0.3613 0.4000 0.4319 0.4575 0.4772 0.4914 0.5001 0.5028 0.4978 0.4815 0.4538 0.4200 0.3849 0.3511 0.3196 0.2911 0.2656 0.2431 0.2234 0.2062 0.1912 0.1784 0.1676 0.1584 0.1509 0.1448 0.1402 0.1368 0.1347 0.1338 0.1341 0.1358 0.1389
0.1358 0.1342 0.1338 0.1347 0.1368 0.1401 0.1447 0.1508 0.1583 0.1674 0.1782 0.1910 0.2059 0.2231 0.2428 0.2653 0.2907 0.3192 0.3506 0.3844 0.4195 0.4533 0.4812 0.4976 0.5028 0.5002 0.4915 0.4773 0.4576 0.4321 0.4002 0.3615 0.3159 0.2648 0.2140 0.1764 0.1576 0.1477 0.1414 0.1373 0.1349 0.1338 0.1340 0.1353 0.1378 0.1414 0.1460 0.1513 0.1567 0.1609 0.1626 0.1609 0.1567 0.1513 0.1460 0.1414 0.1378 0.1353 0.1340 0.1338 0.1349 0.1373 0.1414 0.1477 0.1577 0.1764 0.2140 0.2648 0.3159 0.3615 0.4002 0.4321 0.4576 0.4773 0.4915 0.5002 0.5028 0.4976 0.4812 0.4533 0.4195 0.3844 0.3506 0.3192 0.2907 0.2653 0.2428 0.2231 0.2059 0.1910 0.1782 0.1674 0.1583 0.1508 0.1447 0.1401 0.1368 0.1347 0.1338 0.1342 0.1358
0.1341 0.1338 0.1346 0.1367 0.1400 0.1447 0.1507 0.1581 0.1672 0.1780 0.1908 0.2056 0.2228 0.2425 0.2649 0.2903 0.3187 0.3501 0.3839 0.4190 0.4528 0.4808 0.4975 0.5028 0.5003 0.4917 0.4775 0.4579 0.4324 0.4005 0.3618 0.3162 0.2651 0.2142 0.1765 0.1577 0.1477 0.1414 0.1373 0.1349 0.1338 0.1340 0.1354 0.1379 0.1416 0.1465 0.1524 0.1589 0.1654 0.1705 0.1725 0.1705 0.1654 0.1589 0.1524 0.1465 0.1416 0.1379 0.1354 0.1340 0.1338 0.1349 0.1373 0.1414 0.1477 0.1577 0.1765 0.2142 0.2651 0.3162 0.3618 0.4005 0.4324 0.4579 0.4775 0.4917 0.5003 0.5028 0.4975 0.4808 0.4528 0.4190 0.3839 0.3501 0.3187 0.2903 0.2649 0.2425 0.2228 0.2056 0.1908 0.1780 0.1672 0.1581 0.1507 0.1447 0.1400 0.1367 0.1346 0.1338 0.1341
0.1336 0.1346 0.1367 0.1400 0.1446 0.1505 0.1580 0.1670 0.1778 0.1905 0.2054 0.2225 0.2421 0.2645 0.2899 0.3182 0.3496 0.3834 0.4185 0.4524 0.4805 0.4973 0.5028 0.5004 0.4918 0.4778 0.4582 0.4327 0.4009 0.3622 0.3166 0.2655 0.2144 0.1766 0.1577 0.1477 0.1414 0.1373 0.1349 0.1338 0.1340 0.1354 0.1380 0.1417 0.1467 0.1529 0.1602 0.1681 0.1759 0.1819 0.1843 0.1819 0.1759 0.1681 0.1602 0.1529 0.1467 0.1417 0.1380 0.1354 0.1340 0.1338 0.1349 0.1373 0.1414 0.1477 0.1577 0.1766 0.2144 0.2655 0.3166 0.3622 0.4009 0.4327 0.4582 0.4778 0.4918 0.5004 0.5028 0.4973 0.4805 0.4524 0.4185 0.3834 0.3496 0.3182 0.2899 0.2645 0.2421 0.2225 0.2054 0.1905 0.1778 0.1670 0.1580 0.1505 0.1446 0.1400 0.1367 0.1346 0.1336
0.1344 0.1366 0.1399 0.1445 0.1504 0.1578 0.1669 0.1776 0.1903 0.2051 0.2222 0.2418 0.2641 0.2895 0.3178 0.3491 0.3828 0.4179 0.4519 0.4801 0.4971 0.5028 0.5004 0.4920 0.4780 0.4585 0.4331 0.4014 0.3627 0.3171 0.2660 0.2148 0.1768 0.1578 0.1477 0.1414 0.1373 0.1349 0.1338 0.1340 0.1354 0.1380 0.1418 0.1468 0.1532 0.1608 0.1696 0.1791 0.1882 0.1953 0.1980 0.1953 0.1882 0.1791 0.1696 0.1608 0.1532 0.1468 0.1418 0.1380 0.1354 0.1340 0.1338 0.1349 0.1373 0.1414 0.1477 0.1578 0.1768 0.2148 0.2660 0.3171 0.3627 0.4014 0.4331 0.4585 0.4780 0.4920 0.5004 0.5028 0.4971 0.4801 0.4519 0.4179 0.3828 0.3491 0.3178 0.2895 0.2641 0.2418 0.2222 0.2051 0.1903 0.1776 0.1669 0.1578 0.1504 0.1445 0.1399 0.1366 0.1344
0.1364 0.1398 0.1444 0.1503 0.1577 0.1667 0.1774 0.1901 0.2048 0.2218 0.2414 0.2637 0.2890 0.3173 0.3485 0.3823 0.4174 0.4514 0.4798 0.4970 0.5028 0.5005 0.4922 0.4783 0.4589 0.4336 0.4019 0.3633 0.3178 0.2666 0.2154 0.1771 0.1579 0.1478 0.1415 0.1374 0.1349 0.1338 0.1340 0.1354 0.1380 0.1418 0.1469 0.1534 0.1612 0.1704 0.1808 0.1919 0.2026 0.2108 0.2140 0.2108 0.2026 0.1919 0.1808 0.1704 0.1612 0.1534 0.1469 0.1418 0.1380 0.1354 0.1340 0.1338 0.1349 0.1374 0.1415 0.1478 0.1579 0.1771 0.2154 0.2666 0.3178 0.3633 0.4019 0.4336 0.4589 0.4783 0.4922 0.5005 0.5028 0.4970 0.4798 0.4514 0.4174 0.3823 0.3485 0.3173 0.2890 0.2637 0.2414 0.2218 0.2048 0.1901 0.1774 0.1667 0.1577 0.1503 0.1444 0.1398 0.1364
0.1395 0.1443 0.1502 0.1575 0.1665 0.1772 0.1898 0.2045 0.2215 0.2410 0.2633 0.2885 0.3167 0.3480 0.3817 0.4168 0.4509 0.4794 0.4968 0.5027 0.5006 0.4923 0.4785 0.4592 0.4340 0.4025 0.3640 0.3185 0.2674 0.2161 0.1775 0.1581 0.1479 0.1415 0.1374 0.1349 0.1338 0.1340 0.1354 0.1380 0.1418 0.1469 0.1534 0.1613 0.1708 0.1817 0.1939 0.2068 0.2192 0.2287 0.2323 0.2286 0.2192 0.2068 0.1939 0.1817 0.1708 0.1613 0.1534 0.1469 0.1418 0.1380 0.1354 0.1340 0.1338 0.1349 0.1374 0.1415 0.1479 0.1581 0.1775 0.2161 0.2674 0.3185 0.3640 0.4025 0.4340 0.4592 0.4785 0.4923 0.5006 0.5027 0.4968 0.4794 0.4509 0.4168 0.3817 0.3480 0.3167 0.2885 0.2633 0.2410 0.2215 0.2045 0.1898 0.1772 0.1665 0.1575 0.1502 0.1443 0.1395
0.1439 0.1500 0.1574 0.1663 0.1769 0.1895 0.2041 0.2211 0.2406 0.2628 0.2879 0.3161 0.3473 0.3810 0.4161 0.4502 0.4789 0.4966 0.5027 0.5007 0.4925 0.4788 0.4596 0.4345 0.4031 0.3648 0.3194 0.2683 0.2169 0.1779 0.1583 0.1480 0.1416 0.1374 0.1349 0.1338 0.1340 0.1354 0.1380 0.1418 0.1469 0.1534 0.1614 0.1709 0.1821 0.1949 0.2091 0.2240 0.2382 0.2490 0.2532 0.2490 0.2382 0.2240 0.2091 0.1949 0.1821 0.1709 0.1614 0.1534 0.1469 0.1418 0.1380 0.1354 0.1340 0.1338 0.1349 0.1374 0.1416 0.1480 0.1583 0.1779 0.2169 0.2683 0.3194 0.3648 0.4031 0.4345 0.4596 0.4788 0.4925 0.5007 0.5027 0.4966 0.4789 0.4502 0.4161 0.3810 0.3473 0.3161 0.2879 0.2628 0.2406 0.2211 0.2041 0.1895 0.1769 0.1663 0.1574 0.1500 0.1439
0.1496 0.1571 0.1660 0.1766 0.1891 0.2037 0.2206 0.2400 0.2622 0.2872 0.3154 0.3465 0.3801 0.4152 0.4494 0.4784 0.4963 0.5027 0.5008 0.4928 0.4792 0.4601 0.4352 0.4039 0.3657 0.3205 0.2695 0.2179 0.1786 0.1586 0.1482 0.1417 0.1375 0.1350 0.1339 0.1340 0.1353 0.1379 0.1417 0.1468 0.1534 0.1613 0.1709 0.1822 0.1953 0.2101 0.2265 0.2436 0.2598 0.2720 0.2768 0.2720 0.2598 0.2436 0.2265 0.2101 0.1953 0.1822 0.1709 0.1613 0.1534 0.1468 0.1417 0.1379 0.1353 0.1340 0.1339 0.1350 0.1375 0.1417 0.1482 0.1586 0.1786 0.2179 0.2695 0.3205 0.3657 0.4039 0.4352 0.4601 0.4792 0.4928 0.5008 0.5027 0.4963 0.4784 0.4494 0.4152 0.3801 0.3465 0.3154 0.2872 0.2622 0.2400 0.2206 0.2037 0.1891 0.1766 0.1660 0.1571 0.1496
0.1566 0.1657 0.1762 0.1887 0.2032 0.2200 0.2393 0.2613 0.2863 0.3143 0.3453 0.3789 0.4140 0.4483 0.4776 0.4959 0.5026 0.5010 0.4931 0.4797 0.4608 0.4360 0.4049 0.3670 0.3220 0.2711 0.2194 0.1794 0.1590 0.1484 0.1418 0.1376 0.1350 0.1339 0.1340 0.1353 0.1378 0.1416 0.1467 0.1532 0.1612 0.1708 0.1821 0.1953 0.2104 0.2275 0.2462 0.2657 0.2839 0.2977 0.3030 0.2977 0.2839 0.2656 0.2462 0.2275 0.2104 0.1953 0.1821 0.1708 0.1612 0.1532 0.1467 0.1416 0.1378 0.1353 0.1340 0.1339 0.1350 0.1376 0.1418 0.1484 0.1590 0.1794 0.2194 0.2711 0.3220 0.3670 0.4049 0.4360 0.4608 0.4797 0.4931 0.5010 0.5026 0.4959 0.4776 0.4483 0.4140 0.3789 0.3453 0.3143 0.2863 0.2613 0.2393 0.2200 0.2032 0.1887 0.1762 0.1657 0.1566
0.1648 0.1756 0.1879 0.2023 0.2190 0.2382 0.2601 0.2849 0.3128 0.3437 0.3771 0.4122 0.4466 0.4763 0.4953 0.5025 0.5012 0.4936 0.4805 0.4618 0.4374 0.4066 0.3690 0.3243 0.2737 0.2218 0.1809 0.1597 0.1488 0.1421 0.1377 0.1351 0.1339 0.1339 0.1352 0.1377 0.1414 0.1465 0.1529 0.1608 0.1704 0.1817 0.1949 0.2101 0.2275 0.2470 0.2682 0.2900 0.3105 0.3258 0.3316 0.3258 0.3105 0.2900 0.2682 0.2470 0.2275 0.2101 0.1949 0.1817 0.1704 0.1608 0.1529 0.1465 0.1414 0.1377 0.1352 0.1339 0.1339 0.1351 0.1377 0.1421 0.1488 0.1597 0.1809 0.2218 0.2737 0.3243 0.3690 0.4066 0.4374 0.4618 0.4805 0.4936 0.5012 0.5025 0.4953 0.4763 0.4467 0.4122 0.3771 0.3437 0.3128 0.2849 0.2601 0.2382 0.2190 0.2023 0.1879 0.1756 0.1648
0.1742 0.1867 0.2009 0.2174 0.2363 0.2580 0.2826 0.3102 0.3408 0.3741 0.4091 0.4438 0.4741 0.4942 0.5023 0.5016 0.4945 0.4818 0.4636 0.4396 0.4093 0.3723 0.3282 0.2779 0.2259 0.1835 0.1609 0.1495 0.1425 0.1380 0.1353 0.1339 0.1339 0.1351 0.1374 0.1411 0.1460 0.1524 0.1602 0.1696 0.1808 0.1939 0.2091 0.2265 0.2462 0.2682 0.2919 0.3162 0.3387 0.3553 0.3616 0.3553 0.3387 0.3162 0.2919 0.2682 0.2462 0.2265 0.2091 0.1939 0.1808 0.1696 0.1602 0.1524 0.1460 0.1411 0.1374 0.1351 0.1339 0.1339 0.1353 0.1380 0.1425 0.1495 0.1609 0.1835 0.2259 0.2779 0.3282 0.3723 0.4093 0.4396 0.4636 0.4818 0.4945 0.5016 0.5023 0.4942 0.4741 0.4438 0.4091 0.3741 0.3408 0.3102 0.2826 0.2580 0.2363 0.2174 0.2009 0.1867 0.1742
0.1842 0.1984 0.2146 0.2331 0.2544 0.2785 0.3056 0.3358 0.3688 0.4037 0.4386 0.4700 0.4919 0.5017 0.5021 0.4959 0.4841 0.4667 0.4436 0.4143 0.3783 0.3352 0.2857 0.2333 0.1885 0.1633 0.1509 0.1434 0.1386 0.1356 0.1340 0.1338 0.1348 0.1370 0.1404 0.1452 0.1513 0.1589 0.1681 0.1791 0.1919 0.2068 0.2240 0.2436 0.2656 0.2900 0.3162 0.3427 0.3668 0.3844 0.3910 0.3844 0.3668 0.3427 0.3162 0.2900 0.2656 0.2436 0.2240 0.2068 0.1919 0.1791 0.1681 0.1589 0.1513 0.1452 0.1404 0.1370 0.1348 0.1338 0.1340 0.1356 0.1386 0.1434 0.1509 0.1633 0.1885 0.2333 0.2857 0.3352 0.3783 0.4143 0.4436 0.4667 0.4841 0.4959 0.5021 0.5017 0.4920 0.4700 0.4386 0.4037 0.3688 0.3358 0.3056 0.2785 0.2544 0.2331 0.2146 0.1984 0.1842
0.1938 0.2096 0.2275 0.2480 0.2713 0.2976 0.3270 0.3593 0.3938 0.4290 0.4619 0.4871 0.5001 0.5028 0.4982 0.4879 0.4720 0.4505 0.4230 0.3888 0.3477 0.2997 0.2475 0.1991 0.1685 0.1536 0.1451 0.1397 0.1362 0.1343 0.1337 0.1344 0.1363 0.1394 0.1437 0.1495 0.1567 0.1654 0.1759 0.1882 0.2026 0.2192 0.2382 0.2598 0.2839 0.3105 0.3386 0.3668 0.3920 0.4100 0.4166 0.4100 0.3920 0.3668 0.3387 0.3105 0.2839 0.2598 0.2382 0.2192 0.2026 0.1882 0.1759 0.1654 0.1567 0.1495 0.1437 0.1394 0.1363 0.1344 0.1337 0.1343 0.1362 0.1397 0.1451 0.1536 0.1685 0.1991 0.2475 0.2997 0.3477 0.3888 0.4230 0.4505 0.4720 0.4879 0.4982 0.5028 0.5001 0.4871 0.4619 0.4290 0.3938 0.3593 0.3270 0.2976 0.2713 0.2480 0.2275 0.2096 0.1938
0.2011 0.2181 0.2373 0.2592 0.2840 0.3119 0.3429 0.3764 0.4116 0.4462 0.4760 0.4952 0.5025 0.5012 0.4937 0.4805 0.4618 0.4373 0.4064 0.3687 0.3239 0.2732 0.2215 0.1808 0.1598 0.1488 0.1421 0.1377 0.1351 0.1339 0.1339 0.1352 0.1377 0.1414 0.1465 0.1529 0.1609 0.1705 0.1819 0.1953 0.2108 0.2286 0.2490 0.2720 0.2977 0.3258 0.3553 0.3844 0.4100 0.4278 0.4343 0.4278 0.4100 0.3844 0.3553 0.3258 0.2977 0.2720 0.2490 0.2286 0.2108 0.1953 0.1819 0.1705 0.1609 0.1529 0.1465 0.1414 0.1377 0.1352 0.1339 0.1339 0.1351 0.1377 0.1421 0.1488 0.1598 0.1808 0.2215 0.2732 0.3239 0.3687 0.4064 0.4373 0.4618 0.4805 0.4937 0.5012 0.5025 0.4952 0.4760 0.4462 0.4116 0.3764 0.3429 0.3119 0.2840 0.2592 0.2373 0.2181 0.2011
0.2039 0.2213 0.2410 0.2635 0.2889 0.3174 0.3489 0.3829 0.4182 0.4523 0.4806 0.4974 0.5028 0.5003 0.4916 0.4774 0.4576 0.4319 0.3998 0.3608 0.3147 0.2633 0.2124 0.1756 0.1572 0.1473 0.1411 0.1371 0.1348 0.1338 0.1340 0.1355 0.1383 0.1422 0.1476 0.1543 0.1626 0.1725 0.1843 0.1980 0.2140 0.2323 0.2532 0.2768 0.3030 0.3316 0.3616 0.3910 0.4166 0.4343 0.4406 0.4343 0.4166 0.3910 0.3616 0.3316 0.3030 0.2768 0.2532 0.2323 0.2140 0.1980 0.1843 0.1725 0.1626 0.1543 0.1476 0.1422 0.1383 0.1355 0.1340 0.1338 0.1348 0.1371 0.1411 0.1473 0.1572 0.1756 0.2124 0.2633 0.3147 0.3608 0.3998 0.4319 0.4576 0.4774 0.4916 0.5003 0.5028 0.4974 0.4806 0.4523 0.4182 0.3829 0.3489 0.3174 0.2889 0.2635 0.2410 0.2213 0.2039
0.2011 0.2181 0.2373 0.2592 0.2840 0.3119 0.3429 0.3764 0.4116 0.4462 0.4760 0.4952 0.5025 0.5012 0.4937 0.4805 0.4618 0.4373 0.4064 0.3687 0.3239 0.2732 0.2215 0.1808 0.1598 0.1488 0.1421 0.1377 0.1351 0.1339 0.1339 0.1352 0.1377 0.1414 0.1465 0.1529 0.1609 0.1705 0.1819 0.1953 0.2108 0.2287 0.2490 0.2720 0.2977 0.3258 0.3553 0.3844 0.4100 0.4278 0.4343 0.4278 0.4100 0.3844 0.3553 0.3258 0.2977 0.2720 0.2490 0.2286 0.2108 0.1953 0.1819 0.1705 0.1609 0.1529 0.1465 0.1414 0.1377 0.1352 0.1339 0.1339 0.1351 0.1377 0.1421 0.1488 0.1598 0.1808 0.2215 0.2732 0.3239 0.3687 0.4064 0.4373 0.4618 0.4805 0.4937 0.5012 0.5025 0.4952 0.4760 0.4462 0.4116 0.3764 0.3429 0.3119 0.2840 0.2592 0.2373 0.2181 0.2011
0.1938 0.2096 0.2275 0.2480 0.2713 0.2976 0.3270 0.3593 0.3938 0.4290 0.4619 0.4871 0.5001 0.5028 0.4982 0.4879 0.4720 0.4505 0.4230 0.3888 0.3477 0.2997 0.2475 0.1991 0.1685 0.1536 0.1451 0.1397 0.1362 0.1343 0.1337 0.1344 0.1363 0.1394 0.1437 0.1495 0.1567 0.1654 0.1759 0.1882 0.2026 0.2192 0.2382 0.2598 0.2839 0.3105 0.3386 0.3668 0.3920 0.4100 0.4166 0.4100 0.3920 0.3668 0.3387 0.3105 0.2839 0.2598 0.2382 0.2192 0.2026 0.1882 0.1759 0.1654 0.1567 0.1495 0.1437 0.1394 0.1363 0.1344 0.1337 0.1343 0.1362 0.1397 0.1451 0.1536 0.1685 0.1991 0.2475 0.2997 0.3477 0.3888 0.4230 0.4505 0.4720 0.4879 0.4982 0.5028 0.5001 0.4871 0.4619 0.4290 0.3938 0.3593 0.3270 0.2976 0.2713 0.2480 0.2275 0.2096 0.1938
0.1842 0.1984 0.2146 0.2331 0.2544 0.2785 0.3056 0.3358 0.3688 0.4037 0.4386 0.4700 0.4920 0.5017 0.5021 0.4959 0.4841 0.4667 0.4436 0.4143 0.3783 0.3352 0.2857 0.2333 0.1885 0.1633 0.1509 0.1434 0.1386 0.1356 0.1340 0.1338 0.1348 0.1370 0.1404 0.1452 0.1513 0.1589 0.1681 0.1791 0.1919 0.2068 0.2240 0.2436 0.2656 0.2900 0.3162 0.3427 0.3668 0.3844 0.3910 0.3844 0.3668 0.3427 0.3162 0.2900 0.2656 0.2436 0.2240 0.2068 0.1919 0.1791 0.1681 0.1589 0.1513 0.1452 0.1404 0.1370 0.1348 0.1338 0.1340 0.1356 0.1386 0.1434 0.1509 0.1633 0.1885 0.2333 0.2857 0.3352 0.3783 0.4143 0.4436 0.4667 0.4841 0.4959 0.5021 0.5017 0.4920 0.4700 0.4386 0.4037 0.3688 0.3358 0.3056 0.2785 0.2544 0.2331 0.2146 0.1984 0.1842
0.1742 0.1867 0.2009 0.2174 0.2363 0.2580 0.2826 0.3102 0.3408 0.3741 0.4091 0.4438 0.4741 0.4942 0.5023 0.5016 0.4945 0.4818 0.4636 0.4396 0.4093 0.3723 0.3282 0.2779 0.2259 0.1835 0.1609 0.1495 0.1425 0.1380 0.1353 0.1339 0.1339 0.1351 0.1374 0.1411 0.1460 0.1524 0.1602 0.1696 0.1808 0.1939 0.2091 0.2265 0.2462 0.2681 0.2919 0.3162 0.3386 0.3553 0.3616 0.3553 0.3387 0.3162 0.2919 0.2682 0.2462 0.2265 0.2091 0.1939 0.1808 0.1696 0.1602 0.1524 0.1460 0.1411 0.1374 0.1351 0.1339 0.1339 0.1353 0.1380 0.1425 0.1495 0.1609 0.1835 0.2259 0.2779 0.3282 0.3723 0.4093 0.4396 0.4636 0.4818 0.4945 0.5016 0.5023 0.4942 0.4741 0.4438 0.4091 0.3741 0.3408 0.3102 0.2826 0.2580 0.2363 0.2174 0.2009 0.1867 0.1742
0.1648 0.1756 0.1879 0.2023 0.2190 0.2382 0.2601 0.2849 0.3128 0.3437 0.3771 0.4122 0.4467 0.4763 0.4953 0.5025 0.5012 0.4936 0.4805 0.4618 0.4374 0.4066 0.3690 0.3243 0.2737 0.2218 0.1809 0.1597 0.1488 0.1421 0.1377 0.1351 0.1339 0.1339 0.1352 0.1377 0.1414 0.1465 0.1529 0.1608 0.1704 0.1817 0.1949 0.2101 0.2275 0.2469 0.2681 0.2900 0.3105 0.3258 0.3316 0.3258 0.3105 0.2900 0.2682 0.2470 0.2275 0.2101 0.1949 0.1817 0.1704 0.1608 0.1529 0.1465 0.1414 0.1377 0.1352 0.1339 0.1339 0.1351 0.1377 0.1421 0.1488 0.1597 0.1809 0.2218 0.2737 0.3243 0.3690 0.4066 0.4374 0.4618 0.4805 0.4936 0.5012 0.5025 0.4953 0.4763 0.4467 0.4122 0.3771 0.3437 0.3128 0.2849 0.2601 0.2382 0.2190 0.2023 0.1879 0.1756 0.1648
