-0.2493 -0.2628 -0.2761 -0.2893 -0.3024 -0.3154 -0.3283 -0.3409 -0.3530 -0.3644 -0.3746 -0.3831 -0.3889 -0.3905 -0.3856 -0.3702 -0.3377 -0.2780 -0.1826 -0.0747 -0.0006 0.0452 0.0792 0.1089 0.1375 0.1668 0.1976 0.2287 0.2551 0.2625 0.2208 0.0920 -0.0424 -0.1073 -0.1427 -0.1673 -0.1869 -0.2038 -0.2192 -0.2336 -0.2475 -0.2610 -0.2743 -0.2874 -0.3003 -0.3129 -0.3248 -0.3357 -0.3447 -0.3509 -0.3531 -0.3509 -0.3447 -0.3357 -0.3248 -0.3129 -0.3003 -0.2874 -0.2743 -0.2610 -0.2475 -0.2336 -0.2192 -0.2038 -0.1869 -0.1673 -0.1427 -0.1073 -0.0423 0.0921 0.2209 0.2625 0.2550 0.2286 0.1975 0.1668 0.1375 0.1089 0.0792 0.0452 -0.0006 -0.0747 -0.1826 -0.2780 -0.3377 -0.3702 -0.3856 -0.3905 -0.3889 -0.3831 -0.3746 -0.3644 -0.3530 -0.3409 -0.3283 -0.3154 -0.3024 -0.2893 -0.2761 -0.2628 -0.2493
-0.2628 -0.2761 -0.2893 -0.3023 -0.3152 -0.3279 -0.3403 -0.3522 -0.3632 -0.3731 -0.3810 -0.3862 -0.3870 -0.3812 -0.3646 -0.3310 -0.2703 -0.1755 -0.0715 -0.0008 0.0435 0.0768 0.1059 0.1339 0.1626 0.1925 0.2228 0.2485 0.2558 0.2146 0.0870 -0.0451 -0.1094 -0.1440 -0.1683 -0.1877 -0.2044 -0.2197 -0.2340 -0.2478 -0.2613 -0.2745 -0.2876 -0.3006 -0.3132 -0.3255 -0.3371 -0.3474 -0.3559 -0.3615 -0.3636 -0.3616 -0.3559 -0.3474 -0.3371 -0.3255 -0.3133 -0.3006 -0.2876 -0.2746 -0.2613 -0.2478 -0.2340 -0.2197 -0.2044 -0.1877 -0.1683 -0.1440 -0.1094 -0.0451 0.0870 0.2146 0.2558 0.2485 0.2228 0.1925 0.1626 0.1339 0.1059 0.0768 0.0435 -0.0008 -0.0715 -0.1755 -0.2703 -0.3310 -0.3647 -0.3812 -0.3870 -0.3862 -0.3810 -0.3731 -0.3632 -0.3522 -0.3403 -0.3279 -0.3152 -0.3023 -0.2893 -0.2761 -0.2628
-0.2761 -0.2893 -0.3024 -0.3154 -0.3281 -0.3405 -0.3524 -0.3634 -0.3732 -0.3812 -0.3863 -0.3870 -0.3810 -0.3643 -0.3302 -0.2689 -0.1736 -0.0699 0.0002 0.0441 0.0773 0.1064 0.1344 0.1631 0.1931 0.2233 0.2489 0.2556 0.2131 0.0841 -0.0467 -0.1102 -0.1445 -0.1687 -0.1880 -0.2047 -0.2199 -0.2343 -0.2481 -0.2615 -0.2748 -0.2879 -0.3009 -0.3137 -0.3262 -0.3382 -0.3493 -0.3591 -0.3669 -0.3720 -0.3737 -0.3720 -0.3669 -0.3591 -0.3494 -0.3382 -0.3262 -0.3137 -0.3009 -0.2879 -0.2748 -0.2615 -0.2481 -0.2343 -0.2199 -0.2047 -0.1880 -0.1686 -0.1445 -0.1102 -0.0467 0.0842 0.2132 0.2556 0.2488 0.2233 0.1930 0.1631 0.1344 0.1064 0.0773 0.0441 0.0002 -0.0699 -0.1736 -0.2690 -0.3302 -0.3643 -0.3810 -0.3870 -0.3863 -0.3812 -0.3732 -0.3634 -0.3524 -0.3405 -0.3281 -0.3154 -0.3024 -0.2893 -0.2761
-0.2893 -0.3023 -0.3154 -0.3281 -0.3406 -0.3525 -0.3635 -0.3733 -0.3813 -0.3863 -0.3870 -0.3808 -0.3639 -0.3294 -0.2676 -0.1717 -0.0683 0.0011 0.0448 0.0779 0.1069 0.1349 0.1636 0.1936 0.2238 0.2492 0.2554 0.2117 0.0812 -0.0484 -0.1110 -0.1450 -0.1690 -0.1883 -0.2050 -0.2202 -0.2345 -0.2483 -0.2618 -0.2751 -0.2882 -0.3012 -0.3141 -0.3267 -0.3389 -0.3504 -0.3609 -0.3697 -0.3764 -0.3806 -0.3819 -0.3806 -0.3765 -0.3697 -0.3609 -0.3504 -0.3389 -0.3267 -0.3141 -0.3012 -0.2882 -0.2750 -0.2618 -0.2483 -0.2345 -0.2202 -0.2050 -0.1883 -0.1690 -0.1450 -0.1109 -0.0483 0.0813 0.2117 0.2554 0.2492 0.2238 0.1936 0.1636 0.1349 0.1069 0.0779 0.0448 0.0011 -0.0684 -0.1718 -0.2676 -0.3294 -0.3639 -0.3808 -0.3870 -0.3863 -0.3813 -0.3733 -0.3635 -0.3525 -0.3406 -0.3281 -0.3154 -0.3023 -0.2893
-0.3024 -0.3152 -0.3281 -0.3406 -0.3525 -0.3636 -0.3734 -0.3813 -0.3863 -0.3870 -0.3807 -0.3635 -0.3287 -0.2664 -0.1700 -0.0669 0.0020 0.0454 0.0784 0.1074 0.1354 0.1641 0.1941 0.2244 0.2495 0.2552 0.2102 0.0783 -0.0499 -0.1117 -0.1455 -0.1694 -0.1886 -0.2053 -0.2205 -0.2348 -0.2486 -0.2620 -0.2753 -0.2884 -0.3015 -0.3143 -0.3270 -0.3393 -0.3510 -0.3618 -0.3712 -0.3787 -0.3837 -0.3864 -0.3871 -0.3864 -0.3838 -0.3787 -0.3712 -0.3618 -0.3510 -0.3393 -0.3270 -0.3143 -0.3015 -0.2884 -0.2753 -0.2620 -0.2486 -0.2348 -0.2205 -0.2053 -0.1886 -0.1694 -0.1455 -0.1117 -0.0499 0.0784 0.2102 0.2552 0.2495 0.2243 0.1941 0.1641 0.1354 0.1074 0.0784 0.0454 0.0020 -0.0669 -0.1700 -0.2664 -0.3287 -0.3635 -0.3807 -0.3870 -0.3863 -0.3813 -0.3734 -0.3636 -0.3525 -0.3406 -0.3281 -0.3152 -0.3024
-0.3154 -0.3279 -0.3405 -0.3525 -0.3636 -0.3735 -0.3814 -0.3864 -0.3869 -0.3806 -0.3632 -0.3281 -0.2652 -0.1683 -0.0655 0.0029 0.0460 0.0789 0.1079 0.1359 0.1646 0.1947 0.2249 0.2499 0.2549 0.2086 0.0755 -0.0515 -0.1125 -0.1460 -0.1698 -0.1889 -0.2056 -0.2207 -0.2350 -0.2488 -0.2623 -0.2755 -0.2887 -0.3017 -0.3146 -0.3273 -0.3396 -0.3514 -0.3624 -0.3720 -0.3798 -0.3851 -0.3876 -0.3879 -0.3876 -0.3879 -0.3876 -0.3851 -0.3798 -0.3720 -0.3624 -0.3514 -0.3396 -0.3273 -0.3146 -0.3017 -0.2887 -0.2755 -0.2623 -0.2488 -0.2350 -0.2207 -0.2056 -0.1889 -0.1698 -0.1460 -0.1125 -0.0515 0.0755 0.2087 0.2550 0.2499 0.2249 0.1947 0.1646 0.1359 0.1078 0.0789 0.0460 0.0029 -0.0655 -0.1683 -0.2652 -0.3281 -0.3632 -0.3806 -0.3869 -0.3864 -0.3814 -0.3735 -0.3636 -0.3525 -0.3405 -0.3279 -0.3154
-0.3283 -0.3403 -0.3524 -0.3635 -0.3734 -0.3814 -0.3864 -0.3869 -0.3805 -0.3630 -0.3275 -0.2642 -0.1669 -0.0643 0.0036 0.0466 0.0794 0.1083 0.1364 0.1651 0.1952 0.2254 0.2502 0.2547 0.2071 0.0726 -0.0531 -0.1132 -0.1465 -0.1702 -0.1892 -0.2058 -0.2210 -0.2353 -0.2491 -0.2625 -0.2758 -0.2889 -0.3019 -0.3148 -0.3275 -0.3399 -0.3518 -0.3628 -0.3725 -0.3804 -0.3857 -0.3876 -0.3861 -0.3826 -0.3808 -0.3826 -0.3861 -0.3876 -0.3857 -0.3804 -0.3725 -0.3628 -0.3517 -0.3399 -0.3275 -0.3148 -0.3019 -0.2889 -0.2758 -0.2625 -0.2491 -0.2353 -0.2210 -0.2058 -0.1892 -0.1702 -0.1465 -0.1132 -0.0530 0.0727 0.2071 0.2547 0.2502 0.2253 0.1952 0.1651 0.1364 0.1083 0.0794 0.0466 0.0036 -0.0643 -0.1669 -0.2642 -0.3275 -0.3630 -0.3805 -0.3869 -0.3864 -0.3814 -0.3734 -0.3635 -0.3524 -0.3403 -0.3283
-0.3409 -0.3522 -0.3634 -0.3733 -0.3813 -0.3864 -0.3869 -0.3804 -0.3628 -0.3272 -0.2635 -0.1657 -0.0633 0.0043 0.0471 0.0798 0.1087 0.1368 0.1656 0.1957 0.2258 0.2505 0.2544 0.2056 0.0699 -0.0545 -0.1139 -0.1470 -0.1705 -0.1896 -0.2061 -0.2213 -0.2355 -0.2493 -0.2627 -0.2760 -0.2891 -0.3022 -0.3151 -0.3278 -0.3401 -0.3520 -0.3630 -0.3728 -0.3808 -0.3860 -0.3874 -0.3841 -0.3761 -0.3666 -0.3621 -0.3666 -0.3761 -0.3841 -0.3874 -0.3860 -0.3808 -0.3728 -0.3630 -0.3520 -0.3401 -0.3278 -0.3151 -0.3022 -0.2891 -0.2760 -0.2627 -0.2493 -0.2355 -0.2213 -0.2061 -0.1895 -0.1705 -0.1470 -0.1139 -0.0545 0.0700 0.2057 0.2545 0.2505 0.2258 0.1957 0.1656 0.1368 0.1087 0.0798 0.0471 0.0043 -0.0633 -0.1657 -0.2635 -0.3272 -0.3628 -0.3804 -0.3869 -0.3864 -0.3813 -0.3733 -0.3634 -0.3522 -0.3409
-0.3530 -0.3632 -0.3732 -0.3813 -0.3863 -0.3869 -0.3805 -0.3628 -0.3271 -0.2631 -0.1650 -0.0625 0.0048 0.0475 0.0802 0.1091 0.1372 0.1660 0.1961 0.2263 0.2508 0.2542 0.2042 0.0673 -0.0559 -0.1146 -0.1474 -0.1709 -0.1899 -0.2064 -0.2215 -0.2358 -0.2495 -0.2630 -0.2762 -0.2894 -0.3024 -0.3153 -0.3280 -0.3404 -0.3522 -0.3633 -0.3731 -0.3810 -0.3861 -0.3872 -0.3827 -0.3709 -0.3524 -0.3329 -0.3241 -0.3329 -0.3524 -0.3709 -0.3827 -0.3872 -0.3861 -0.3810 -0.3731 -0.3633 -0.3522 -0.3404 -0.3280 -0.3153 -0.3024 -0.2894 -0.2762 -0.2630 -0.2495 -0.2358 -0.2215 -0.2064 -0.1899 -0.1709 -0.1474 -0.1146 -0.0559 0.0674 0.2042 0.2542 0.2508 0.2263 0.1961 0.1660 0.1372 0.1091 0.0802 0.0475 0.0048 -0.0626 -0.1650 -0.2631 -0.3271 -0.3628 -0.3805 -0.3869 -0.3863 -0.3813 -0.3732 -0.3632 -0.3530
-0.3644 -0.3731 -0.3812 -0.3863 -0.3870 -0.3806 -0.3630 -0.3272 -0.2631 -0.1648 -0.0622 0.0051 0.0478 0.0805 0.1094 0.1375 0.1664 0.1966 0.2267 0.2510 0.2539 0.2027 0.0648 -0.0572 -0.1153 -0.1478 -0.1712 -0.1901 -0.2067 -0.2218 -0.2360 -0.2498 -0.2632 -0.2765 -0.2896 -0.3026 -0.3155 -0.3282 -0.3406 -0.3524 -0.3635 -0.3733 -0.3812 -0.3862 -0.3871 -0.3817 -0.3675 -0.3420 -0.3064 -0.2713 -0.2559 -0.2713 -0.3064 -0.3420 -0.3675 -0.3817 -0.3871 -0.3862 -0.3812 -0.3733 -0.3635 -0.3524 -0.3406 -0.3282 -0.3155 -0.3026 -0.2896 -0.2765 -0.2632 -0.2498 -0.2360 -0.2218 -0.2067 -0.1901 -0.1712 -0.1478 -0.1152 -0.0572 0.0649 0.2028 0.2539 0.2510 0.2267 0.1966 0.1664 0.1375 0.1094 0.0805 0.0477 0.0051 -0.0622 -0.1648 -0.2631 -0.3272 -0.3630 -0.3806 -0.3870 -0.3863 -0.3812 -0.3731 -0.3644
-0.3746 -0.3810 -0.3863 -0.3870 -0.3807 -0.3632 -0.3275 -0.2635 -0.1650 -0.0622 0.0052 0.0479 0.0806 0.1096 0.1378 0.1667 0.1969 0.2271 0.2513 0.2537 0.2013 0.0624 -0.0585 -0.1159 -0.1483 -0.1715 -0.1904 -0.2069 -0.2220 -0.2363 -0.2500 -0.2634 -0.2767 -0.2898 -0.3029 -0.3158 -0.3284 -0.3408 -0.3526 -0.3637 -0.3734 -0.3813 -0.3863 -0.3870 -0.3811 -0.3654 -0.3354 -0.2878 -0.2272 -0.1739 -0.1530 -0.1739 -0.2272 -0.2879 -0.3354 -0.3654 -0.3811 -0.3870 -0.3863 -0.3813 -0.3734 -0.3637 -0.3526 -0.3408 -0.3284 -0.3157 -0.3029 -0.2898 -0.2767 -0.2634 -0.2500 -0.2363 -0.2220 -0.2069 -0.1904 -0.1715 -0.1483 -0.1159 -0.0585 0.0625 0.2014 0.2537 0.2513 0.2271 0.1969 0.1667 0.1378 0.1096 0.0806 0.0479 0.0052 -0.0622 -0.1650 -0.2635 -0.3275 -0.3632 -0.3807 -0.3870 -0.3863 -0.3810 -0.3746
-0.3831 -0.3862 -0.3870 -0.3808 -0.3635 -0.3281 -0.2642 -0.1657 -0.0626 0.0051 0.0479 0.0807 0.1097 0.1380 0.1669 0.1972 0.2273 0.2515 0.2535 0.2000 0.0601 -0.0597 -0.1165 -0.1487 -0.1719 -0.1907 -0.2072 -0.2222 -0.2365 -0.2502 -0.2637 -0.2769 -0.2900 -0.3031 -0.3160 -0.3287 -0.3410 -0.3528 -0.3639 -0.3736 -0.3814 -0.3864 -0.3869 -0.3807 -0.3641 -0.3314 -0.2764 -0.1986 -0.1189 -0.0680 -0.0518 -0.0680 -0.1190 -0.1986 -0.2764 -0.3315 -0.3641 -0.3808 -0.3869 -0.3864 -0.3814 -0.3736 -0.3639 -0.3528 -0.3410 -0.3287 -0.3160 -0.3031 -0.2900 -0.2769 -0.2637 -0.2502 -0.2365 -0.2222 -0.2071 -0.1907 -0.1719 -0.1487 -0.1165 -0.0597 0.0602 0.2001 0.2535 0.2515 0.2273 0.1972 0.1669 0.1379 0.1097 0.0807 0.0479 0.0051 -0.0626 -0.1657 -0.2642 -0.3281 -0.3635 -0.3808 -0.3870 -0.3862 -0.3831
-0.3889 -0.3870 -0.3810 -0.3639 -0.3287 -0.2652 -0.1669 -0.0633 0.0048 0.0477 0.0806 0.1097 0.1380 0.1670 0.1973 0.2275 0.2516 0.2533 0.1990 0.0582 -0.0608 -0.1170 -0.1491 -0.1722 -0.1910 -0.2074 -0.2225 -0.2367 -0.2504 -0.2639 -0.2771 -0.2902 -0.3033 -0.3162 -0.3289 -0.3412 -0.3530 -0.3640 -0.3738 -0.3816 -0.3864 -0.3869 -0.3805 -0.3632 -0.3290 -0.2696 -0.1819 -0.0899 -0.0287 0.0023 0.0120 0.0023 -0.0287 -0.0899 -0.1820 -0.2696 -0.3290 -0.3632 -0.3805 -0.3869 -0.3864 -0.3816 -0.3737 -0.3640 -0.3530 -0.3412 -0.3289 -0.3162 -0.3033 -0.2902 -0.2771 -0.2639 -0.2504 -0.2367 -0.2224 -0.2074 -0.1910 -0.1722 -0.1491 -0.1170 -0.0608 0.0583 0.1990 0.2533 0.2516 0.2275 0.1973 0.1670 0.1380 0.1097 0.0806 0.0477 0.0048 -0.0633 -0.1669 -0.2652 -0.3287 -0.3639 -0.3810 -0.3870 -0.3889
-0.3905 -0.3812 -0.3643 -0.3294 -0.2664 -0.1683 -0.0643 0.0043 0.0475 0.0805 0.1096 0.1379 0.1670 0.1974 0.2276 0.2517 0.2532 0.1982 0.0567 -0.0617 -0.1175 -0.1494 -0.1725 -0.1912 -0.2076 -0.2227 -0.2369 -0.2506 -0.2641 -0.2773 -0.2905 -0.3035 -0.3164 -0.3291 -0.3414 -0.3532 -0.3642 -0.3739 -0.3817 -0.3865 -0.3868 -0.3802 -0.3625 -0.3273 -0.2654 -0.1725 -0.0751 -0.0108 0.0260 0.0464 0.0532 0.0464 0.0260 -0.0108 -0.0752 -0.1725 -0.2655 -0.3274 -0.3626 -0.3802 -0.3868 -0.3865 -0.3817 -0.3739 -0.3642 -0.3532 -0.3414 -0.3291 -0.3164 -0.3035 -0.2904 -0.2773 -0.2641 -0.2506 -0.2369 -0.2227 -0.2076 -0.1912 -0.1725 -0.1494 -0.1175 -0.0617 0.0567 0.1982 0.2532 0.2517 0.2276 0.1974 0.1670 0.1379 0.1096 0.0805 0.0475 0.0043 -0.0643 -0.1683 -0.2664 -0.3294 -0.3643 -0.3812 -0.3905
-0.3856 -0.3647 -0.3302 -0.2676 -0.1700 -0.0655 0.0036 0.0471 0.0802 0.1094 0.1378 0.1669 0.1973 0.2276 0.2517 0.2531 0.1977 0.0557 -0.0623 -0.1179 -0.1497 -0.1727 -0.1914 -0.2078 -0.2229 -0.2371 -0.2508 -0.2643 -0.2775 -0.2907 -0.3037 -0.3166 -0.3293 -0.3416 -0.3534 -0.3644 -0.3740 -0.3818 -0.3865 -0.3868 -0.3800 -0.3620 -0.3261 -0.2627 -0.1668 -0.0673 -0.0020 0.0374 0.0635 0.0797 0.0854 0.0797 0.0635 0.0374 -0.0020 -0.0673 -0.1668 -0.2627 -0.3261 -0.3620 -0.3800 -0.3868 -0.3865 -0.3818 -0.3740 -0.3644 -0.3534 -0.3416 -0.3293 -0.3166 -0.3037 -0.2906 -0.2775 -0.2643 -0.2508 -0.2371 -0.2229 -0.2078 -0.1914 -0.1727 -0.1497 -0.1179 -0.0623 0.0557 0.1977 0.2531 0.2517 0.2276 0.1973 0.1669 0.1378 0.1094 0.0802 0.0471 0.0036 -0.0655 -0.1700 -0.2676 -0.3302 -0.3647 -0.3856
-0.3702 -0.3310 -0.2690 -0.1718 -0.0669 0.0029 0.0466 0.0798 0.1091 0.1375 0.1667 0.1972 0.2275 0.2517 0.2531 0.1975 0.0551 -0.0627 -0.1181 -0.1499 -0.1729 -0.1916 -0.2080 -0.2231 -0.2373 -0.2510 -0.2645 -0.2777 -0.2909 -0.3039 -0.3168 -0.3294 -0.3418 -0.3536 -0.3645 -0.3742 -0.3819 -0.3866 -0.3868 -0.3798 -0.3616 -0.3251 -0.2606 -0.1631 -0.0628 0.0027 0.0433 0.0725 0.0944 0.1091 0.1145 0.1091 0.0944 0.0725 0.0433 0.0026 -0.0628 -0.1631 -0.2606 -0.3252 -0.3616 -0.3798 -0.3868 -0.3866 -0.3819 -0.3742 -0.3645 -0.3536 -0.3418 -0.3294 -0.3168 -0.3039 -0.2908 -0.2777 -0.2645 -0.2510 -0.2373 -0.2231 -0.2080 -0.1916 -0.1729 -0.1499 -0.1181 -0.0627 0.0551 0.1975 0.2531 0.2517 0.2275 0.1972 0.1667 0.1375 0.1091 0.0798 0.0466 0.0029 -0.0669 -0.1718 -0.2690 -0.3310 -0.3702
-0.3377 -0.2703 -0.1736 -0.0684 0.0020 0.0460 0.0794 0.1087 0.1372 0.1664 0.1969 0.2273 0.2516 0.2532 0.1977 0.0551 -0.0628 -0.1183 -0.1500 -0.1730 -0.1918 -0.2082 -0.2232 -0.2375 -0.2512 -0.2647 -0.2779 -0.2910 -0.3041 -0.3170 -0.3296 -0.3420 -0.3538 -0.3647 -0.3743 -0.3820 -0.3866 -0.3867 -0.3796 -0.3612 -0.3243 -0.2590 -0.1604 -0.0600 0.0053 0.0465 0.0772 0.1024 0.1231 0.1377 0.1431 0.1377 0.1231 0.1024 0.0772 0.0465 0.0053 -0.0600 -0.1605 -0.2590 -0.3243 -0.3612 -0.3796 -0.3867 -0.3866 -0.3820 -0.3743 -0.3647 -0.3538 -0.3420 -0.3296 -0.3170 -0.3041 -0.2910 -0.2779 -0.2647 -0.2512 -0.2375 -0.2232 -0.2082 -0.1918 -0.1730 -0.1500 -0.1183 -0.0628 0.0551 0.1977 0.2532 0.2516 0.2273 0.1969 0.1664 0.1372 0.1087 0.0794 0.0460 0.0020 -0.0684 -0.1736 -0.2703 -0.3377
-0.2780 -0.1755 -0.0699 0.0011 0.0454 0.0789 0.1083 0.1368 0.1660 0.1966 0.2271 0.2515 0.2533 0.1982 0.0557 -0.0627 -0.1183 -0.1501 -0.1731 -0.1918 -0.2083 -0.2233 -0.2376 -0.2514 -0.2648 -0.2781 -0.2912 -0.3043 -0.3172 -0.3298 -0.3422 -0.3539 -0.3648 -0.3744 -0.3821 -0.3867 -0.3867 -0.3794 -0.3607 -0.3235 -0.2576 -0.1584 -0.0580 0.0070 0.0483 0.0798 0.1068 0.1310 0.1519 0.1670 0.1727 0.1670 0.1519 0.1310 0.1068 0.0798 0.0483 0.0069 -0.0580 -0.1584 -0.2576 -0.3235 -0.3607 -0.3794 -0.3867 -0.3867 -0.3821 -0.3744 -0.3648 -0.3539 -0.3422 -0.3298 -0.3171 -0.3043 -0.2912 -0.2781 -0.2648 -0.2513 -0.2376 -0.2233 -0.2083 -0.1918 -0.1731 -0.1501 -0.1183 -0.0627 0.0557 0.1982 0.2533 0.2515 0.2271 0.1966 0.1660 0.1368 0.1083 0.0789 0.0454 0.0011 -0.0699 -0.1755 -0.2780
-0.1826 -0.0715 0.0002 0.0448 0.0784 0.1078 0.1364 0.1656 0.1961 0.2267 0.2513 0.2535 0.1990 0.0567 -0.0623 -0.1181 -0.1500 -0.1731 -0.1919 -0.2083 -0.2234 -0.2377 -0.2514 -0.2649 -0.2782 -0.2914 -0.3044 -0.3173 -0.3300 -0.3423 -0.3541 -0.3650 -0.3746 -0.3822 -0.3867 -0.3866 -0.3793 -0.3603 -0.3227 -0.2563 -0.1565 -0.0564 0.0081 0.0495 0.0813 0.1092 0.1353 0.1600 0.1819 0.1977 0.2035 0.1977 0.1819 0.1600 0.1353 0.1091 0.0813 0.0494 0.0081 -0.0565 -0.1566 -0.2563 -0.3228 -0.3603 -0.3793 -0.3866 -0.3867 -0.3822 -0.3746 -0.3650 -0.3541 -0.3423 -0.3300 -0.3173 -0.3044 -0.2914 -0.2782 -0.2649 -0.2514 -0.2377 -0.2234 -0.2083 -0.1919 -0.1731 -0.1500 -0.1181 -0.0623 0.0567 0.1990 0.2535 0.2513 0.2267 0.1961 0.1656 0.1364 0.1078 0.0784 0.0448 0.0002 -0.0715 -0.1826
-0.0747 -0.0008 0.0441 0.0779 0.1074 0.1359 0.1651 0.1957 0.2263 0.2510 0.2537 0.2001 0.0583 -0.0617 -0.1179 -0.1499 -0.1730 -0.1918 -0.2083 -0.2234 -0.2377 -0.2515 -0.2650 -0.2783 -0.2915 -0.3045 -0.3175 -0.3302 -0.3425 -0.3543 -0.3652 -0.3747 -0.3822 -0.3867 -0.3866 -0.3791 -0.3599 -0.3220 -0.2550 -0.1548 -0.0551 0.0090 0.0503 0.0822 0.1105 0.1377 0.1645 0.1904 0.2128 0.2281 0.2334 0.2281 0.2128 0.1904 0.1645 0.1377 0.1105 0.0822 0.0503 0.0090 -0.0551 -0.1549 -0.2550 -0.3220 -0.3599 -0.3791 -0.3866 -0.3867 -0.3823 -0.3747 -0.3652 -0.3543 -0.3425 -0.3302 -0.3175 -0.3045 -0.2915 -0.2783 -0.2650 -0.2515 -0.2377 -0.2234 -0.2083 -0.1918 -0.1730 -0.1499 -0.1179 -0.0617 0.0583 0.2001 0.2537 0.2510 0.2263 0.1957 0.1651 0.1359 0.1074 0.0779 0.0441 -0.0008 -0.0747
-0.0006 0.0435 0.0773 0.1069 0.1354 0.1646 0.1952 0.2258 0.2508 0.2539 0.2014 0.0602 -0.0608 -0.1175 -0.1497 -0.1729 -0.1918 -0.2083 -0.2234 -0.2377 -0.2515 -0.2650 -0.2784 -0.2916 -0.3046 -0.3176 -0.3303 -0.3426 -0.3544 -0.3653 -0.3748 -0.3823 -0.3868 -0.3865 -0.3789 -0.3595 -0.3212 -0.2537 -0.1532 -0.0538 0.0099 0.0509 0.0829 0.1114 0.1390 0.1669 0.1950 0.2212 0.2414 0.2519 0.2545 0.2519 0.2414 0.2212 0.1950 0.1669 0.1390 0.1114 0.0829 0.0509 0.0098 -0.0539 -0.1532 -0.2537 -0.3212 -0.3595 -0.3789 -0.3865 -0.3868 -0.3823 -0.3748 -0.3653 -0.3544 -0.3426 -0.3303 -0.3176 -0.3046 -0.2916 -0.2784 -0.2650 -0.2515 -0.2377 -0.2234 -0.2083 -0.1918 -0.1729 -0.1497 -0.1175 -0.0608 0.0602 0.2014 0.2539 0.2508 0.2258 0.1952 0.1646 0.1354 0.1069 0.0773 0.0435 -0.0006
0.0452 0.0768 0.1064 0.1349 0.1641 0.1947 0.2253 0.2505 0.2542 0.2028 0.0625 -0.0597 -0.1170 -0.1494 -0.1727 -0.1916 -0.2082 -0.2233 -0.2377 -0.2515 -0.2650 -0.2784 -0.2916 -0.3047 -0.3176 -0.3304 -0.3427 -0.3545 -0.3654 -0.3749 -0.3824 -0.3868 -0.3865 -0.3787 -0.3591 -0.3204 -0.2524 -0.1515 -0.0526 0.0106 0.0515 0.0835 0.1121 0.1399 0.1684 0.1975 0.2256 0.2477 0.2566 0.2516 0.2462 0.2516 0.2566 0.2477 0.2256 0.1975 0.1684 0.1399 0.1120 0.0835 0.0515 0.0106 -0.0526 -0.1515 -0.2524 -0.3204 -0.3591 -0.3787 -0.3865 -0.3868 -0.3824 -0.3749 -0.3654 -0.3545 -0.3427 -0.3304 -0.3176 -0.3047 -0.2916 -0.2784 -0.2650 -0.2515 -0.2377 -0.2233 -0.2082 -0.1916 -0.1727 -0.1494 -0.1170 -0.0597 0.0625 0.2028 0.2542 0.2505 0.2253 0.1947 0.1641 0.1349 0.1064 0.0768 0.0452
0.0792 0.1059 0.1344 0.1636 0.1941 0.2249 0.2502 0.2545 0.2042 0.0649 -0.0585 -0.1165 -0.1491 -0.1725 -0.1914 -0.2080 -0.2232 -0.2376 -0.2514 -0.2650 -0.2784 -0.2916 -0.3047 -0.3177 -0.3304 -0.3428 -0.3546 -0.3655 -0.3750 -0.3825 -0.3868 -0.3864 -0.3785 -0.3587 -0.3196 -0.2510 -0.1498 -0.0513 0.0114 0.0521 0.0840 0.1126 0.1406 0.1693 0.1990 0.2280 0.2506 0.2557 0.2328 0.1914 0.1697 0.1914 0.2328 0.2557 0.2506 0.2280 0.1990 0.1693 0.1406 0.1126 0.0840 0.0520 0.0113 -0.0514 -0.1498 -0.2511 -0.3196 -0.3587 -0.3785 -0.3864 -0.3868 -0.3825 -0.3750 -0.3655 -0.3546 -0.3428 -0.3304 -0.3177 -0.3047 -0.2916 -0.2784 -0.2650 -0.2514 -0.2376 -0.2232 -0.2080 -0.1914 -0.1725 -0.1491 -0.1165 -0.0585 0.0649 0.2042 0.2545 0.2502 0.2249 0.1941 0.1636 0.1344 0.1059 0.0792
0.1089 0.1339 0.1631 0.1936 0.2243 0.2499 0.2547 0.2057 0.0674 -0.0572 -0.1159 -0.1487 -0.1722 -0.1912 -0.2078 -0.2231 -0.2375 -0.2513 -0.2649 -0.2783 -0.2916 -0.3047 -0.3177 -0.3304 -0.3428 -0.3546 -0.3655 -0.3751 -0.3825 -0.3869 -0.3864 -0.3784 -0.3583 -0.3189 -0.2498 -0.1481 -0.0501 0.0121 0.0526 0.0844 0.1130 0.1411 0.1700 0.2000 0.2294 0.2520 0.2539 0.2143 0.1284 0.0468 0.0187 0.0469 0.1285 0.2143 0.2539 0.2520 0.2294 0.2000 0.1700 0.1411 0.1130 0.0844 0.0526 0.0121 -0.0501 -0.1482 -0.2498 -0.3189 -0.3583 -0.3784 -0.3864 -0.3869 -0.3825 -0.3751 -0.3655 -0.3546 -0.3428 -0.3304 -0.3177 -0.3047 -0.2916 -0.2783 -0.2649 -0.2513 -0.2375 -0.2231 -0.2078 -0.1912 -0.1722 -0.1487 -0.1159 -0.0572 0.0674 0.2057 0.2547 0.2499 0.2243 0.1936 0.1631 0.1339 0.1089
0.1375 0.1626 0.1930 0.2238 0.2495 0.2550 0.2071 0.0700 -0.0559 -0.1152 -0.1483 -0.1719 -0.1910 -0.2076 -0.2229 -0.2373 -0.2512 -0.2648 -0.2782 -0.2915 -0.3046 -0.3176 -0.3304 -0.3428 -0.3547 -0.3656 -0.3751 -0.3826 -0.3869 -0.3864 -0.3782 -0.3580 -0.3183 -0.2487 -0.1466 -0.0489 0.0128 0.0531 0.0849 0.1135 0.1416 0.1705 0.2007 0.2303 0.2528 0.2524 0.2015 0.0852 -0.0195 -0.0672 -0.0802 -0.0672 -0.0195 0.0852 0.2015 0.2524 0.2528 0.2303 0.2007 0.1705 0.1416 0.1135 0.0849 0.0531 0.0128 -0.0490 -0.1466 -0.2487 -0.3183 -0.3580 -0.3782 -0.3864 -0.3869 -0.3826 -0.3751 -0.3656 -0.3547 -0.3428 -0.3304 -0.3176 -0.3046 -0.2915 -0.2782 -0.2648 -0.2512 -0.2373 -0.2229 -0.2076 -0.1910 -0.1719 -0.1483 -0.1152 -0.0559 0.0700 0.2071 0.2550 0.2495 0.2238 0.1930 0.1626 0.1375
0.1668 0.1925 0.2233 0.2492 0.2552 0.2087 0.0727 -0.0545 -0.1146 -0.1478 -0.1715 -0.1907 -0.2074 -0.2227 -0.2371 -0.2510 -0.2647 -0.2781 -0.2914 -0.3045 -0.3176 -0.3304 -0.3428 -0.3546 -0.3656 -0.3751 -0.3826 -0.3869 -0.3863 -0.3781 -0.3578 -0.3178 -0.2478 -0.1454 -0.0480 0.0135 0.0536 0.0853 0.1139 0.1420 0.1710 0.2013 0.2309 0.2533 0.2513 0.1936 0.0610 -0.0475 -0.0980 -0.1203 -0.1271 -0.1203 -0.0980 -0.0475 0.0611 0.1936 0.2513 0.2533 0.2309 0.2012 0.1710 0.1420 0.1139 0.0853 0.0536 0.0134 -0.0480 -0.1454 -0.2478 -0.3178 -0.3578 -0.3782 -0.3863 -0.3869 -0.3826 -0.3751 -0.3656 -0.3546 -0.3428 -0.3304 -0.3176 -0.3045 -0.2914 -0.2781 -0.2647 -0.2510 -0.2371 -0.2227 -0.2074 -0.1907 -0.1715 -0.1478 -0.1146 -0.0545 0.0727 0.2087 0.2552 0.2492 0.2233 0.1925 0.1668
0.1975 0.2228 0.2488 0.2554 0.2102 0.0755 -0.0530 -0.1139 -0.1474 -0.1712 -0.1904 -0.2071 -0.2224 -0.2369 -0.2508 -0.2645 -0.2779 -0.2912 -0.3044 -0.3175 -0.3303 -0.3427 -0.3546 -0.3655 -0.3751 -0.3826 -0.3869 -0.3863 -0.3781 -0.3577 -0.3175 -0.2471 -0.1444 -0.0472 0.0140 0.0540 0.0857 0.1143 0.1424 0.1715 0.2018 0.2314 0.2536 0.2506 0.1886 0.0481 -0.0604 -0.1110 -0.1373 -0.1517 -0.1564 -0.1517 -0.1373 -0.1110 -0.0604 0.0481 0.1887 0.2506 0.2536 0.2314 0.2017 0.1715 0.1424 0.1143 0.0857 0.0540 0.0140 -0.0472 -0.1444 -0.2472 -0.3175 -0.3577 -0.3781 -0.3863 -0.3869 -0.3826 -0.3751 -0.3655 -0.3546 -0.3427 -0.3303 -0.3175 -0.3044 -0.2912 -0.2779 -0.2645 -0.2508 -0.2369 -0.2224 -0.2071 -0.1904 -0.1712 -0.1474 -0.1139 -0.0530 0.0755 0.2102 0.2554 0.2488 0.2228 0.1975
0.2286 0.2485 0.2556 0.2117 0.0784 -0.0515 -0.1132 -0.1470 -0.1709 -0.1901 -0.2069 -0.2222 -0.2367 -0.2506 -0.2643 -0.2777 -0.2910 -0.3043 -0.3173 -0.3302 -0.3426 -0.3545 -0.3655 -0.3751 -0.3826 -0.3869 -0.3863 -0.3781 -0.3576 -0.3173 -0.2467 -0.1437 -0.0466 0.0144 0.0544 0.0860 0.1146 0.1428 0.1719 0.2022 0.2319 0.2539 0.2500 0.1853 0.0407 -0.0669 -0.1173 -0.1455 -0.1636 -0.1745 -0.1782 -0.1745 -0.1636 -0.1455 -0.1173 -0.0669 0.0407 0.1853 0.2500 0.2539 0.2319 0.2022 0.1719 0.1428 0.1146 0.0860 0.0544 0.0144 -0.0466 -0.1437 -0.2467 -0.3173 -0.3576 -0.3781 -0.3863 -0.3869 -0.3826 -0.3751 -0.3655 -0.3545 -0.3426 -0.3302 -0.3173 -0.3043 -0.2910 -0.2777 -0.2643 -0.2506 -0.2367 -0.2222 -0.2069 -0.1901 -0.1709 -0.1470 -0.1132 -0.0515 0.0784 0.2117 0.2556 0.2485 0.2286
0.2550 0.2558 0.2132 0.0813 -0.0499 -0.1125 -0.1465 -0.1705 -0.1899 -0.2067 -0.2220 -0.2365 -0.2504 -0.2641 -0.2775 -0.2908 -0.3041 -0.3171 -0.3300 -0.3425 -0.3544 -0.3654 -0.3750 -0.3825 -0.3869 -0.3863 -0.3781 -0.3576 -0.3172 -0.2464 -0.1433 -0.0462 0.0147 0.0546 0.0863 0.1149 0.1431 0.1723 0.2026 0.2323 0.2541 0.2495 0.1829 0.0360 -0.0706 -0.1206 -0.1496 -0.1697 -0.1841 -0.1932 -0.1964 -0.1932 -0.1841 -0.1697 -0.1496 -0.1206 -0.0705 0.0361 0.1829 0.2495 0.2541 0.2323 0.2026 0.1723 0.1431 0.1149 0.0863 0.0546 0.0147 -0.0462 -0.1433 -0.2464 -0.3172 -0.3576 -0.3781 -0.3863 -0.3869 -0.3825 -0.3750 -0.3654 -0.3544 -0.3425 -0.3300 -0.3171 -0.3041 -0.2908 -0.2775 -0.2641 -0.2504 -0.2365 -0.2220 -0.2067 -0.1899 -0.1705 -0.1465 -0.1125 -0.0499 0.0813 0.2132 0.2558 0.2550
0.2625 0.2146 0.0842 -0.0483 -0.1117 -0.1460 -0.1702 -0.1895 -0.2064 -0.2218 -0.2363 -0.2502 -0.2639 -0.2773 -0.2906 -0.3039 -0.3170 -0.3298 -0.3423 -0.3543 -0.3653 -0.3749 -0.3825 -0.3869 -0.3864 -0.3782 -0.3577 -0.3173 -0.2464 -0.1431 -0.0460 0.0149 0.0548 0.0865 0.1151 0.1434 0.1726 0.2030 0.2326 0.2543 0.2491 0.1809 0.0327 -0.0728 -0.1224 -0.1518 -0.1729 -0.1892 -0.2016 -0.2097 -0.2126 -0.2097 -0.2016 -0.1892 -0.1729 -0.1518 -0.1224 -0.0728 0.0328 0.1810 0.2491 0.2542 0.2326 0.2030 0.1726 0.1434 0.1151 0.0865 0.0548 0.0149 -0.0460 -0.1431 -0.2464 -0.3173 -0.3577 -0.3782 -0.3864 -0.3869 -0.3825 -0.3749 -0.3653 -0.3543 -0.3423 -0.3298 -0.3170 -0.3039 -0.2906 -0.2773 -0.2639 -0.2502 -0.2363 -0.2218 -0.2064 -0.1895 -0.1702 -0.1460 -0.1117 -0.0483 0.0842 0.2146 0.2625
0.2209 0.0870 -0.0467 -0.1109 -0.1455 -0.1698 -0.1892 -0.2061 -0.2215 -0.2360 -0.2500 -0.2637 -0.2771 -0.2904 -0.3037 -0.3168 -0.3296 -0.3422 -0.3541 -0.3652 -0.3748 -0.3824 -0.3868 -0.3864 -0.3782 -0.3578 -0.3175 -0.2467 -0.1433 -0.0460 0.0150 0.0549 0.0866 0.1153 0.1435 0.1728 0.2032 0.2329 0.2544 0.2487 0.1793 0.0303 -0.0743 -0.1235 -0.1530 -0.1746 -0.1919 -0.2060 -0.2173 -0.2248 -0.2276 -0.2248 -0.2173 -0.2060 -0.1918 -0.1746 -0.1530 -0.1235 -0.0743 0.0304 0.1793 0.2487 0.2544 0.2329 0.2032 0.1728 0.1435 0.1153 0.0866 0.0549 0.0150 -0.0460 -0.1433 -0.2467 -0.3175 -0.3578 -0.3782 -0.3864 -0.3868 -0.3824 -0.3748 -0.3652 -0.3541 -0.3422 -0.3296 -0.3168 -0.3037 -0.2904 -0.2771 -0.2637 -0.2500 -0.2360 -0.2215 -0.2061 -0.1892 -0.1698 -0.1455 -0.1109 -0.0467 0.0870 0.2209
0.0921 -0.0451 -0.1102 -0.1450 -0.1694 -0.1889 -0.2058 -0.2213 -0.2358 -0.2498 -0.2634 -0.2769 -0.2902 -0.3035 -0.3166 -0.3294 -0.3420 -0.3539 -0.3650 -0.3747 -0.3823 -0.3868 -0.3864 -0.3784 -0.3580 -0.3178 -0.2472 -0.1437 -0.0462 0.0149 0.0549 0.0866 0.1154 0.1437 0.1729 0.2034 0.2331 0.2545 0.2484 0.1780 0.0283 -0.0755 -0.1243 -0.1538 -0.1756 -0.1933 -0.2084 -0.2214 -0.2320 -0.2392 -0.2418 -0.2392 -0.2320 -0.2214 -0.2084 -0.1933 -0.1756 -0.1538 -0.1243 -0.0754 0.0284 0.1780 0.2484 0.2545 0.2331 0.2034 0.1729 0.1437 0.1154 0.0866 0.0549 0.0149 -0.0462 -0.1437 -0.2472 -0.3178 -0.3580 -0.3784 -0.3864 -0.3868 -0.3823 -0.3747 -0.3650 -0.3539 -0.3420 -0.3294 -0.3166 -0.3035 -0.2902 -0.2769 -0.2634 -0.2498 -0.2358 -0.2213 -0.2058 -0.1889 -0.1694 -0.1450 -0.1102 -0.0451 0.0921
-0.0423 -0.1094 -0.1445 -0.1690 -0.1886 -0.2056 -0.2210 -0.2355 -0.2495 -0.2632 -0.2767 -0.2900 -0.3033 -0.3164 -0.3293 -0.3418 -0.3538 -0.3648 -0.3746 -0.3823 -0.3868 -0.3865 -0.3785 -0.3583 -0.3183 -0.2478 -0.1444 -0.0466 0.0147 0.0548 0.0866 0.1154 0.1437 0.1730 0.2035 0.2332 0.2546 0.2482 0.1770 0.0268 -0.0764 -0.1248 -0.1543 -0.1761 -0.1941 -0.2097 -0.2236 -0.2359 -0.2461 -0.2531 -0.2557 -0.2531 -0.2461 -0.2359 -0.2236 -0.2097 -0.1941 -0.1761 -0.1543 -0.1248 -0.0763 0.0269 0.1770 0.2482 0.2546 0.2332 0.2035 0.1730 0.1437 0.1154 0.0866 0.0548 0.0147 -0.0466 -0.1444 -0.2478 -0.3183 -0.3583 -0.3785 -0.3865 -0.3868 -0.3823 -0.3746 -0.3648 -0.3538 -0.3418 -0.3293 -0.3164 -0.3033 -0.2900 -0.2767 -0.2632 -0.2495 -0.2355 -0.2210 -0.2056 -0.1886 -0.1690 -0.1445 -0.1094 -0.0423
-0.1073 -0.1440 -0.1686 -0.1883 -0.2053 -0.2207 -0.2353 -0.2493 -0.2630 -0.2765 -0.2898 -0.3031 -0.3162 -0.3291 -0.3416 -0.3536 -0.3647 -0.3744 -0.3822 -0.3867 -0.3865 -0.3787 -0.3587 -0.3189 -0.2487 -0.1454 -0.0472 0.0144 0.0546 0.0865 0.1153 0.1437 0.1730 0.2036 0.2333 0.2546 0.2480 0.1763 0.0258 -0.0770 -0.1252 -0.1547 -0.1765 -0.1946 -0.2104 -0.2248 -0.2380 -0.2499 -0.2598 -0.2667 -0.2692 -0.2667 -0.2598 -0.2499 -0.2380 -0.2248 -0.2104 -0.1946 -0.1765 -0.1547 -0.1252 -0.0770 0.0258 0.1763 0.2480 0.2546 0.2333 0.2036 0.1730 0.1437 0.1153 0.0865 0.0546 0.0144 -0.0472 -0.1454 -0.2487 -0.3189 -0.3587 -0.3787 -0.3865 -0.3867 -0.3822 -0.3744 -0.3647 -0.3536 -0.3416 -0.3291 -0.3162 -0.3031 -0.2898 -0.2765 -0.2630 -0.2493 -0.2353 -0.2207 -0.2053 -0.1883 -0.1686 -0.1440 -0.1073
-0.1427 -0.1683 -0.1880 -0.2050 -0.2205 -0.2350 -0.2491 -0.2627 -0.2762 -0.2896 -0.3029 -0.3160 -0.3289 -0.3414 -0.3534 -0.3645 -0.3743 -0.3821 -0.3867 -0.3866 -0.3789 -0.3591 -0.3196 -0.2498 -0.1466 -0.0480 0.0140 0.0544 0.0863 0.1151 0.1435 0.1729 0.2035 0.2333 0.2546 0.2479 0.1758 0.0250 -0.0774 -0.1255 -0.1549 -0.1768 -0.1949 -0.2109 -0.2255 -0.2392 -0.2519 -0.2635 -0.2733 -0.2801 -0.2827 -0.2801 -0.2733 -0.2635 -0.2519 -0.2391 -0.2255 -0.2109 -0.1949 -0.1768 -0.1549 -0.1255 -0.0774 0.0250 0.1758 0.2479 0.2546 0.2333 0.2035 0.1729 0.1435 0.1151 0.0863 0.0544 0.0140 -0.0480 -0.1466 -0.2498 -0.3196 -0.3591 -0.3789 -0.3866 -0.3867 -0.3821 -0.3743 -0.3645 -0.3534 -0.3414 -0.3289 -0.3160 -0.3029 -0.2896 -0.2762 -0.2627 -0.2491 -0.2350 -0.2205 -0.2050 -0.1880 -0.1683 -0.1427
-0.1673 -0.1877 -0.2047 -0.2202 -0.2348 -0.2488 -0.2625 -0.2760 -0.2894 -0.3026 -0.3157 -0.3287 -0.3412 -0.3532 -0.3644 -0.3742 -0.3820 -0.3867 -0.3866 -0.3791 -0.3595 -0.3204 -0.2511 -0.1482 -0.0490 0.0134 0.0540 0.0860 0.1149 0.1434 0.1728 0.2034 0.2332 0.2546 0.2479 0.1756 0.0246 -0.0777 -0.1257 -0.1551 -0.1770 -0.1951 -0.2111 -0.2259 -0.2398 -0.2530 -0.2655 -0.2770 -0.2867 -0.2935 -0.2960 -0.2935 -0.2867 -0.2770 -0.2655 -0.2530 -0.2398 -0.2259 -0.2111 -0.1951 -0.1770 -0.1551 -0.1257 -0.0777 0.0246 0.1756 0.2479 0.2546 0.2332 0.2034 0.1728 0.1434 0.1149 0.0860 0.0540 0.0134 -0.0490 -0.1482 -0.2511 -0.3204 -0.3595 -0.3791 -0.3866 -0.3867 -0.3820 -0.3742 -0.3644 -0.3532 -0.3412 -0.3287 -0.3157 -0.3026 -0.2894 -0.2760 -0.2625 -0.2488 -0.2348 -0.2202 -0.2047 -0.1877 -0.1673
-0.1869 -0.2044 -0.2199 -0.2345 -0.2486 -0.2623 -0.2758 -0.2891 -0.3024 -0.3155 -0.3284 -0.3410 -0.3530 -0.3642 -0.3740 -0.3819 -0.3866 -0.3867 -0.3793 -0.3599 -0.3212 -0.2524 -0.1498 -0.0501 0.0128 0.0536 0.0857 0.1146 0.1431 0.1726 0.2032 0.2331 0.2546 0.2480 0.1758 0.0246 -0.0778 -0.1258 -0.1552 -0.1771 -0.1952 -0.2113 -0.2261 -0.2401 -0.2536 -0.2666 -0.2789 -0.2903 -0.2999 -0.3067 -0.3092 -0.3067 -0.2999 -0.2903 -0.2789 -0.2666 -0.2536 -0.2401 -0.2261 -0.2113 -0.1952 -0.1771 -0.1552 -0.1258 -0.0778 0.0246 0.1758 0.2480 0.2546 0.2331 0.2032 0.1726 0.1431 0.1146 0.0857 0.0536 0.0128 -0.0501 -0.1498 -0.2524 -0.3212 -0.3599 -0.3793 -0.3867 -0.3866 -0.3819 -0.3740 -0.3642 -0.3530 -0.3410 -0.3284 -0.3155 -0.3024 -0.2891 -0.2758 -0.2623 -0.2486 -0.2345 -0.2199 -0.2044 -0.1869
-0.2038 -0.2197 -0.2343 -0.2483 -0.2620 -0.2755 -0.2889 -0.3022 -0.3153 -0.3282 -0.3408 -0.3528 -0.3640 -0.3739 -0.3818 -0.3866 -0.3867 -0.3794 -0.3603 -0.3220 -0.2537 -0.1515 -0.0514 0.0121 0.0531 0.0853 0.1143 0.1428 0.1723 0.2030 0.2329 0.2545 0.2482 0.1763 0.0250 -0.0777 -0.1258 -0.1552 -0.1771 -0.1953 -0.2114 -0.2263 -0.2404 -0.2539 -0.2672 -0.2800 -0.2922 -0.3035 -0.3131 -0.3198 -0.3222 -0.3197 -0.3131 -0.3035 -0.2922 -0.2800 -0.2672 -0.2539 -0.2404 -0.2263 -0.2114 -0.1953 -0.1771 -0.1552 -0.1258 -0.0777 0.0250 0.1763 0.2482 0.2545 0.2329 0.2030 0.1723 0.1428 0.1143 0.0853 0.0531 0.0121 -0.0514 -0.1515 -0.2537 -0.3220 -0.3603 -0.3794 -0.3867 -0.3866 -0.3818 -0.3739 -0.3640 -0.3528 -0.3408 -0.3282 -0.3153 -0.3022 -0.2889 -0.2755 -0.2620 -0.2483 -0.2343 -0.2197 -0.2038
-0.2192 -0.2340 -0.2481 -0.2618 -0.2753 -0.2887 -0.3019 -0.3151 -0.3280 -0.3406 -0.3526 -0.3639 -0.3737 -0.3817 -0.3865 -0.3868 -0.3796 -0.3607 -0.3228 -0.2550 -0.1532 -0.0526 0.0113 0.0526 0.0849 0.1139 0.1424 0.1719 0.2026 0.2326 0.2544 0.2484 0.1770 0.0258 -0.0774 -0.1257 -0.1552 -0.1771 -0.1953 -0.2115 -0.2263 -0.2405 -0.2541 -0.2675 -0.2805 -0.2932 -0.3054 -0.3166 -0.3260 -0.3326 -0.3350 -0.3326 -0.3260 -0.3166 -0.3054 -0.2932 -0.2805 -0.2675 -0.2541 -0.2405 -0.2263 -0.2115 -0.1953 -0.1771 -0.1552 -0.1257 -0.0774 0.0258 0.1770 0.2484 0.2544 0.2326 0.2026 0.1719 0.1424 0.1139 0.0849 0.0526 0.0113 -0.0526 -0.1532 -0.2550 -0.3228 -0.3607 -0.3796 -0.3868 -0.3865 -0.3817 -0.3737 -0.3639 -0.3526 -0.3406 -0.3280 -0.3151 -0.3019 -0.2887 -0.2753 -0.2618 -0.2481 -0.2340 -0.2192
-0.2336 -0.2478 -0.2615 -0.2750 -0.2884 -0.3017 -0.3148 -0.3278 -0.3404 -0.3524 -0.3637 -0.3736 -0.3816 -0.3865 -0.3868 -0.3798 -0.3612 -0.3235 -0.2563 -0.1549 -0.0539 0.0106 0.0520 0.0844 0.1135 0.1420 0.1715 0.2022 0.2323 0.2542 0.2487 0.1780 0.0269 -0.0770 -0.1255 -0.1551 -0.1771 -0.1953 -0.2115 -0.2264 -0.2405 -0.2542 -0.2676 -0.2808 -0.2938 -0.3064 -0.3184 -0.3294 -0.3387 -0.3450 -0.3473 -0.3450 -0.3387 -0.3294 -0.3184 -0.3064 -0.2938 -0.2808 -0.2676 -0.2542 -0.2405 -0.2264 -0.2115 -0.1953 -0.1771 -0.1551 -0.1255 -0.0770 0.0269 0.1780 0.2487 0.2542 0.2323 0.2022 0.1715 0.1420 0.1135 0.0844 0.0520 0.0106 -0.0539 -0.1549 -0.2563 -0.3235 -0.3612 -0.3798 -0.3868 -0.3865 -0.3816 -0.3736 -0.3637 -0.3524 -0.3404 -0.3278 -0.3148 -0.3017 -0.2884 -0.2750 -0.2615 -0.2478 -0.2336
-0.2475 -0.2613 -0.2748 -0.2882 -0.3015 -0.3146 -0.3275 -0.3401 -0.3522 -0.3635 -0.3734 -0.3814 -0.3864 -0.3868 -0.3800 -0.3616 -0.3243 -0.2576 -0.1566 -0.0551 0.0098 0.0515 0.0840 0.1130 0.1416 0.1710 0.2017 0.2319 0.2541 0.2491 0.1793 0.0284 -0.0763 -0.1252 -0.1549 -0.1770 -0.1952 -0.2114 -0.2263 -0.2405 -0.2543 -0.2677 -0.2810 -0.2940 -0.3069 -0.3194 -0.3312 -0.3419 -0.3508 -0.3568 -0.3590 -0.3568 -0.3508 -0.3419 -0.3312 -0.3194 -0.3069 -0.2940 -0.2810 -0.2677 -0.2543 -0.2405 -0.2263 -0.2114 -0.1952 -0.1770 -0.1549 -0.1252 -0.0763 0.0284 0.1793 0.2491 0.2541 0.2319 0.2017 0.1710 0.1416 0.1130 0.0840 0.0515 0.0098 -0.0551 -0.1566 -0.2576 -0.3243 -0.3616 -0.3800 -0.3868 -0.3864 -0.3814 -0.3734 -0.3635 -0.3522 -0.3401 -0.3275 -0.3146 -0.3015 -0.2882 -0.2748 -0.2613 -0.2475
-0.2610 -0.2746 -0.2879 -0.3012 -0.3143 -0.3273 -0.3399 -0.3520 -0.3633 -0.3733 -0.3813 -0.3864 -0.3869 -0.3802 -0.3620 -0.3252 -0.2590 -0.1584 -0.0565 0.0090 0.0509 0.0835 0.1126 0.1411 0.1705 0.2012 0.2314 0.2539 0.2495 0.1810 0.0304 -0.0754 -0.1248 -0.1547 -0.1768 -0.1951 -0.2113 -0.2263 -0.2405 -0.2542 -0.2677 -0.2810 -0.2941 -0.3071 -0.3198 -0.3321 -0.3436 -0.3539 -0.3621 -0.3677 -0.3696 -0.3677 -0.3621 -0.3539 -0.3436 -0.3321 -0.3198 -0.3071 -0.2941 -0.2810 -0.2677 -0.2542 -0.2405 -0.2263 -0.2113 -0.1951 -0.1768 -0.1547 -0.1248 -0.0754 0.0304 0.1810 0.2495 0.2539 0.2314 0.2012 0.1705 0.1411 0.1126 0.0835 0.0509 0.0090 -0.0565 -0.1584 -0.2590 -0.3252 -0.3620 -0.3802 -0.3869 -0.3864 -0.3813 -0.3733 -0.3633 -0.3520 -0.3399 -0.3273 -0.3143 -0.3012 -0.2879 -0.2746 -0.2610
-0.2743 -0.2876 -0.3009 -0.3141 -0.3270 -0.3396 -0.3517 -0.3630 -0.3731 -0.3812 -0.3863 -0.3869 -0.3805 -0.3626 -0.3261 -0.2606 -0.1605 -0.0580 0.0081 0.0503 0.0829 0.1120 0.1406 0.1700 0.2007 0.2309 0.2536 0.2500 0.1829 0.0328 -0.0743 -0.1243 -0.1543 -0.1765 -0.1949 -0.2111 -0.2261 -0.2404 -0.2541 -0.2676 -0.2810 -0.2941 -0.3072 -0.3200 -0.3325 -0.3444 -0.3554 -0.3649 -0.3723 -0.3770 -0.3786 -0.3770 -0.3723 -0.3649 -0.3554 -0.3444 -0.3325 -0.3200 -0.3072 -0.2941 -0.2810 -0.2676 -0.2541 -0.2404 -0.2261 -0.2111 -0.1949 -0.1765 -0.1543 -0.1243 -0.0743 0.0328 0.1829 0.2500 0.2536 0.2309 0.2007 0.1700 0.1406 0.1120 0.0829 0.0503 0.0081 -0.0580 -0.1605 -0.2606 -0.3261 -0.3626 -0.3805 -0.3869 -0.3863 -0.3812 -0.3731 -0.3630 -0.3517 -0.3396 -0.3270 -0.3141 -0.3009 -0.2876 -0.2743
-0.2874 -0.3006 -0.3137 -0.3267 -0.3393 -0.3514 -0.3628 -0.3728 -0.3810 -0.3862 -0.3870 -0.3808 -0.3632 -0.3274 -0.2627 -0.1631 -0.0600 0.0069 0.0494 0.0822 0.1114 0.1399 0.1693 0.2000 0.2303 0.2533 0.2506 0.1853 0.0361 -0.0728 -0.1235 -0.1538 -0.1761 -0.1946 -0.2109 -0.2259 -0.2401 -0.2539 -0.2675 -0.2808 -0.2940 -0.3071 -0.3200 -0.3326 -0.3448 -0.3561 -0.3662 -0.3746 -0.3806 -0.3841 -0.3852 -0.3841 -0.3806 -0.3746 -0.3662 -0.3561 -0.3448 -0.3326 -0.3200 -0.3071 -0.2940 -0.2808 -0.2675 -0.2539 -0.2401 -0.2259 -0.2109 -0.1946 -0.1761 -0.1538 -0.1235 -0.0728 0.0361 0.1853 0.2506 0.2533 0.2303 0.2000 0.1693 0.1399 0.1114 0.0822 0.0494 0.0069 -0.0600 -0.1631 -0.2627 -0.3274 -0.3632 -0.3808 -0.3870 -0.3862 -0.3810 -0.3728 -0.3628 -0.3514 -0.3393 -0.3267 -0.3137 -0.3006 -0.2874
-0.3003 -0.3133 -0.3262 -0.3389 -0.3510 -0.3624 -0.3725 -0.3808 -0.3861 -0.3871 -0.3811 -0.3641 -0.3290 -0.2655 -0.1668 -0.0628 0.0053 0.0483 0.0813 0.1105 0.1390 0.1684 0.1990 0.2294 0.2528 0.2513 0.1887 0.0407 -0.0705 -0.1224 -0.1530 -0.1756 -0.1941 -0.2104 -0.2255 -0.2398 -0.2536 -0.2672 -0.2805 -0.2938 -0.3069 -0.3198 -0.3325 -0.3447 -0.3563 -0.3667 -0.3756 -0.3822 -0.3862 -0.3878 -0.3881 -0.3878 -0.3862 -0.3822 -0.3756 -0.3667 -0.3563 -0.3448 -0.3325 -0.3198 -0.3069 -0.2938 -0.2805 -0.2672 -0.2536 -0.2398 -0.2255 -0.2104 -0.1941 -0.1756 -0.1530 -0.1224 -0.0705 0.0407 0.1887 0.2513 0.2528 0.2294 0.1990 0.1684 0.1390 0.1105 0.0813 0.0483 0.0053 -0.0628 -0.1668 -0.2655 -0.3290 -0.3641 -0.3811 -0.3871 -0.3861 -0.3808 -0.3725 -0.3624 -0.3510 -0.3389 -0.3262 -0.3133 -0.3003
-0.3129 -0.3255 -0.3382 -0.3504 -0.3618 -0.3720 -0.3804 -0.3860 -0.3872 -0.3817 -0.3654 -0.3315 -0.2696 -0.1725 -0.0673 0.0026 0.0465 0.0798 0.1091 0.1377 0.1669 0.1975 0.2280 0.2520 0.2524 0.1936 0.0481 -0.0669 -0.1205 -0.1518 -0.1746 -0.1933 -0.2097 -0.2248 -0.2391 -0.2530 -0.2666 -0.2800 -0.2932 -0.3064 -0.3194 -0.3321 -0.3444 -0.3561 -0.3667 -0.3758 -0.3828 -0.3869 -0.3878 -0.3866 -0.3857 -0.3866 -0.3878 -0.3869 -0.3828 -0.3758 -0.3667 -0.3561 -0.3444 -0.3321 -0.3194 -0.3064 -0.2932 -0.2800 -0.2666 -0.2530 -0.2391 -0.2248 -0.2097 -0.1933 -0.1746 -0.1518 -0.1205 -0.0669 0.0481 0.1936 0.2524 0.2520 0.2280 0.1975 0.1669 0.1377 0.1091 0.0798 0.0465 0.0026 -0.0673 -0.1725 -0.2696 -0.3314 -0.3654 -0.3817 -0.3872 -0.3860 -0.3804 -0.3720 -0.3618 -0.3504 -0.3382 -0.3255 -0.3129
-0.3248 -0.3371 -0.3494 -0.3609 -0.3712 -0.3798 -0.3857 -0.3874 -0.3827 -0.3675 -0.3354 -0.2764 -0.1820 -0.0752 -0.0020 0.0433 0.0772 0.1068 0.1353 0.1645 0.1950 0.2256 0.2506 0.2539 0.2016 0.0611 -0.0604 -0.1173 -0.1496 -0.1729 -0.1918 -0.2084 -0.2236 -0.2380 -0.2519 -0.2655 -0.2789 -0.2922 -0.3054 -0.3184 -0.3312 -0.3436 -0.3554 -0.3662 -0.3756 -0.3828 -0.3870 -0.3874 -0.3838 -0.3783 -0.3755 -0.3783 -0.3838 -0.3874 -0.3870 -0.3828 -0.3756 -0.3662 -0.3554 -0.3436 -0.3312 -0.3184 -0.3054 -0.2922 -0.2789 -0.2655 -0.2519 -0.2380 -0.2236 -0.2084 -0.1918 -0.1729 -0.1496 -0.1173 -0.0604 0.0611 0.2016 0.2539 0.2506 0.2256 0.1950 0.1645 0.1353 0.1068 0.0772 0.0433 -0.0020 -0.0752 -0.1820 -0.2764 -0.3354 -0.3675 -0.3827 -0.3874 -0.3857 -0.3798 -0.3712 -0.3609 -0.3494 -0.3371 -0.3248
-0.3357 -0.3474 -0.3591 -0.3697 -0.3787 -0.3851 -0.3876 -0.3841 -0.3709 -0.3420 -0.2879 -0.1986 -0.0899 -0.0108 0.0374 0.0725 0.1024 0.1310 0.1600 0.1904 0.2212 0.2477 0.2557 0.2143 0.0852 -0.0475 -0.1110 -0.1455 -0.1697 -0.1892 -0.2060 -0.2214 -0.2359 -0.2499 -0.2635 -0.2770 -0.2903 -0.3035 -0.3166 -0.3294 -0.3419 -0.3538 -0.3649 -0.3746 -0.3822 -0.3869 -0.3874 -0.3826 -0.3726 -0.3611 -0.3557 -0.3611 -0.3726 -0.3826 -0.3874 -0.3869 -0.3822 -0.3746 -0.3649 -0.3539 -0.3419 -0.3294 -0.3166 -0.3035 -0.2903 -0.2770 -0.2635 -0.2499 -0.2359 -0.2214 -0.2060 -0.1892 -0.1697 -0.1455 -0.1110 -0.0475 0.0852 0.2143 0.2557 0.2477 0.2212 0.1904 0.1600 0.1310 0.1024 0.0725 0.0374 -0.0108 -0.0899 -0.1985 -0.2878 -0.3420 -0.3709 -0.3841 -0.3876 -0.3851 -0.3787 -0.3697 -0.3591 -0.3474 -0.3357
-0.3447 -0.3559 -0.3669 -0.3765 -0.3838 -0.3876 -0.3861 -0.3761 -0.3524 -0.3064 -0.2272 -0.1190 -0.0287 0.0260 0.0635 0.0944 0.1231 0.1519 0.1819 0.2128 0.2413 0.2566 0.2328 0.1285 -0.0195 -0.0980 -0.1373 -0.1636 -0.1841 -0.2016 -0.2173 -0.2320 -0.2461 -0.2598 -0.2733 -0.2867 -0.2999 -0.3131 -0.3260 -0.3387 -0.3508 -0.3621 -0.3723 -0.3806 -0.3862 -0.3878 -0.3838 -0.3726 -0.3546 -0.3356 -0.3269 -0.3356 -0.3546 -0.3726 -0.3838 -0.3878 -0.3862 -0.3806 -0.3723 -0.3621 -0.3508 -0.3387 -0.3260 -0.3131 -0.2999 -0.2867 -0.2733 -0.2598 -0.2461 -0.2320 -0.2173 -0.2016 -0.1841 -0.1636 -0.1373 -0.0980 -0.0195 0.1285 0.2328 0.2566 0.2413 0.2128 0.1819 0.1519 0.1231 0.0944 0.0635 0.0260 -0.0287 -0.1189 -0.2272 -0.3064 -0.3524 -0.3761 -0.3861 -0.3876 -0.3838 -0.3765 -0.3669 -0.3559 -0.3447
-0.3509 -0.3616 -0.3720 -0.3806 -0.3864 -0.3879 -0.3826 -0.3666 -0.3329 -0.2713 -0.1739 -0.0680 0.0023 0.0464 0.0797 0.1091 0.1377 0.1670 0.1976 0.2281 0.2519 0.2516 0.1915 0.0469 -0.0672 -0.1203 -0.1516 -0.1745 -0.1932 -0.2097 -0.2248 -0.2392 -0.2531 -0.2667 -0.2801 -0.2935 -0.3067 -0.3197 -0.3326 -0.3450 -0.3568 -0.3677 -0.3770 -0.3841 -0.3878 -0.3866 -0.3783 -0.3611 -0.3356 -0.3095 -0.2979 -0.3095 -0.3356 -0.3611 -0.3783 -0.3866 -0.3878 -0.3841 -0.3770 -0.3677 -0.3568 -0.3450 -0.3326 -0.3197 -0.3067 -0.2935 -0.2801 -0.2667 -0.2531 -0.2392 -0.2248 -0.2097 -0.1932 -0.1745 -0.1516 -0.1203 -0.0672 0.0469 0.1915 0.2516 0.2519 0.2281 0.1976 0.1670 0.1377 0.1091 0.0797 0.0464 0.0024 -0.0680 -0.1739 -0.2712 -0.3329 -0.3666 -0.3826 -0.3879 -0.3864 -0.3806 -0.3720 -0.3616 -0.3509
-0.3531 -0.3636 -0.3738 -0.3819 -0.3871 -0.3876 -0.3808 -0.3621 -0.3241 -0.2559 -0.1530 -0.0518 0.0120 0.0532 0.0854 0.1145 0.1431 0.1727 0.2035 0.2334 0.2545 0.2462 0.1697 0.0188 -0.0802 -0.1271 -0.1564 -0.1782 -0.1964 -0.2126 -0.2276 -0.2418 -0.2557 -0.2692 -0.2827 -0.2960 -0.3092 -0.3222 -0.3350 -0.3473 -0.3590 -0.3696 -0.3786 -0.3852 -0.3881 -0.3857 -0.3755 -0.3557 -0.3269 -0.2979 -0.2850 -0.2979 -0.3269 -0.3557 -0.3755 -0.3857 -0.3881 -0.3852 -0.3786 -0.3696 -0.3590 -0.3473 -0.3350 -0.3222 -0.3092 -0.2960 -0.2827 -0.2692 -0.2557 -0.2418 -0.2276 -0.2126 -0.1964 -0.1782 -0.1564 -0.1271 -0.0802 0.0188 0.1697 0.2462 0.2545 0.2334 0.2035 0.1727 0.1431 0.1145 0.0855 0.0532 0.0120 -0.0518 -0.1530 -0.2559 -0.3241 -0.3621 -0.3808 -0.3876 -0.3871 -0.3819 -0.3738 -0.3636 -0.3531
