0.2410 0.1269 -0.0201 -0.0968 -0.1361 -0.1624 -0.1828 -0.2002 -0.2158 -0.2304 -0.2444 -0.2580 -0.2714 -0.2847 -0.2978 -0.3109 -0.3239 -0.3366 -0.3489 -0.3605 -0.3712 -0.3804 -0.3873 -0.3905 -0.3882 -0.3770 -0.3514 -0.3024 -0.2194 -0.1096 -0.0219 0.0313 0.0682 0.0989 0.1276 0.1565 0.1868 0.2181 0.2471 0.2636 0.2435 0.1476 -0.0044 -0.0893 -0.1310 -0.1578 -0.1776 -0.1932 -0.2050 -0.2128 -0.2155 -0.2128 -0.2050 -0.1932 -0.1777 -0.1578 -0.1310 -0.0893 -0.0044 0.1476 0.2435 0.2636 0.2471 0.2180 0.1868 0.1565 0.1276 0.0989 0.0682 0.0313 -0.0219 -0.1097 -0.2194 -0.3025 -0.3514 -0.3770 -0.3882 -0.3905 -0.3873 -0.3804 -0.3712 -0.3605 -0.3489 -0.3365 -0.3238 -0.3109 -0.2978 -0.2847 -0.2714 -0.2580 -0.2444 -0.2304 -0.2158 -0.2002 -0.1828 -0.1624 -0.1361 -0.0968 -0.0201 0.1269 0.2410
0.1269 -0.0222 -0.0990 -0.1374 -0.1633 -0.1836 -0.2008 -0.2163 -0.2309 -0.2448 -0.2583 -0.2716 -0.2848 -0.2979 -0.3108 -0.3236 -0.3361 -0.3482 -0.3595 -0.3699 -0.3786 -0.3848 -0.3874 -0.3842 -0.3719 -0.3451 -0.2950 -0.2118 -0.1049 -0.0212 0.0300 0.0660 0.0961 0.1242 0.1525 0.1820 0.2125 0.2407 0.2568 0.2370 0.1415 -0.0081 -0.0924 -0.1332 -0.1598 -0.1800 -0.1964 -0.2100 -0.2209 -0.2282 -0.2308 -0.2282 -0.2209 -0.2100 -0.1964 -0.1800 -0.1598 -0.1332 -0.0925 -0.0081 0.1415 0.2370 0.2568 0.2407 0.2125 0.1820 0.1525 0.1242 0.0961 0.0660 0.0299 -0.0212 -0.1049 -0.2118 -0.2950 -0.3451 -0.3719 -0.3842 -0.3874 -0.3848 -0.3786 -0.3698 -0.3595 -0.3482 -0.3361 -0.3236 -0.3108 -0.2979 -0.2848 -0.2716 -0.2583 -0.2448 -0.2309 -0.2163 -0.2008 -0.1836 -0.1633 -0.1374 -0.0990 -0.0222 0.1269
-0.0201 -0.0990 -0.1376 -0.1636 -0.1838 -0.2010 -0.2166 -0.2311 -0.2450 -0.2585 -0.2718 -0.2850 -0.2981 -0.3110 -0.3238 -0.3363 -0.3484 -0.3597 -0.3700 -0.3787 -0.3849 -0.3874 -0.3840 -0.3716 -0.3445 -0.2939 -0.2100 -0.1031 -0.0200 0.0307 0.0666 0.0966 0.1247 0.1531 0.1826 0.2130 0.2412 0.2569 0.2361 0.1388 -0.0105 -0.0936 -0.1340 -0.1607 -0.1810 -0.1979 -0.2126 -0.2252 -0.2355 -0.2425 -0.2451 -0.2425 -0.2355 -0.2252 -0.2126 -0.1980 -0.1810 -0.1607 -0.1340 -0.0936 -0.0105 0.1388 0.2361 0.2569 0.2412 0.2130 0.1826 0.1530 0.1247 0.0966 0.0665 0.0307 -0.0200 -0.1031 -0.2100 -0.2939 -0.3445 -0.3716 -0.3840 -0.3874 -0.3849 -0.3787 -0.3700 -0.3597 -0.3484 -0.3363 -0.3238 -0.3110 -0.2981 -0.2850 -0.2718 -0.2585 -0.2450 -0.2311 -0.2166 -0.2010 -0.1838 -0.1636 -0.1376 -0.0990 -0.0201
-0.0968 -0.1374 -0.1636 -0.1839 -0.2012 -0.2167 -0.2313 -0.2452 -0.2587 -0.2720 -0.2852 -0.2983 -0.3112 -0.3240 -0.3365 -0.3486 -0.3599 -0.3702 -0.3788 -0.3850 -0.3874 -0.3839 -0.3713 -0.3438 -0.2927 -0.2081 -0.1013 -0.0189 0.0314 0.0671 0.0971 0.1252 0.1536 0.1831 0.2135 0.2416 0.2569 0.2351 0.1360 -0.0127 -0.0946 -0.1347 -0.1613 -0.1817 -0.1989 -0.2140 -0.2276 -0.2396 -0.2496 -0.2564 -0.2589 -0.2564 -0.2496 -0.2396 -0.2276 -0.2140 -0.1989 -0.1817 -0.1613 -0.1347 -0.0946 -0.0127 0.1360 0.2351 0.2569 0.2416 0.2135 0.1831 0.1536 0.1252 0.0971 0.0671 0.0314 -0.0189 -0.1013 -0.2082 -0.2927 -0.3438 -0.3713 -0.3839 -0.3874 -0.3850 -0.3788 -0.3702 -0.3599 -0.3486 -0.3365 -0.3240 -0.3112 -0.2983 -0.2852 -0.2720 -0.2587 -0.2452 -0.2313 -0.2167 -0.2012 -0.1839 -0.1636 -0.1374 -0.0968
-0.1361 -0.1633 -0.1838 -0.2012 -0.2168 -0.2314 -0.2453 -0.2589 -0.2722 -0.2854 -0.2985 -0.3114 -0.3242 -0.3367 -0.3488 -0.3601 -0.3704 -0.3790 -0.3851 -0.3874 -0.3838 -0.3709 -0.3431 -0.2915 -0.2063 -0.0994 -0.0177 0.0322 0.0677 0.0976 0.1257 0.1541 0.1836 0.2141 0.2420 0.2570 0.2341 0.1333 -0.0148 -0.0956 -0.1353 -0.1618 -0.1822 -0.1995 -0.2148 -0.2289 -0.2419 -0.2535 -0.2633 -0.2701 -0.2726 -0.2701 -0.2633 -0.2535 -0.2419 -0.2289 -0.2148 -0.1995 -0.1822 -0.1618 -0.1353 -0.0956 -0.0148 0.1333 0.2342 0.2570 0.2420 0.2141 0.1836 0.1541 0.1257 0.0976 0.0677 0.0321 -0.0178 -0.0995 -0.2063 -0.2915 -0.3431 -0.3709 -0.3838 -0.3874 -0.3851 -0.3790 -0.3704 -0.3601 -0.3488 -0.3367 -0.3242 -0.3114 -0.2985 -0.2854 -0.2722 -0.2589 -0.2453 -0.2314 -0.2168 -0.2012 -0.1838 -0.1633 -0.1361
-0.1624 -0.1836 -0.2010 -0.2167 -0.2314 -0.2453 -0.2589 -0.2723 -0.2855 -0.2986 -0.3116 -0.3244 -0.3369 -0.3489 -0.3603 -0.3705 -0.3791 -0.3851 -0.3874 -0.3837 -0.3706 -0.3424 -0.2903 -0.2045 -0.0976 -0.0166 0.0329 0.0683 0.0981 0.1262 0.1546 0.1842 0.2146 0.2425 0.2570 0.2332 0.1305 -0.0169 -0.0965 -0.1359 -0.1622 -0.1826 -0.1999 -0.2154 -0.2297 -0.2431 -0.2557 -0.2672 -0.2768 -0.2836 -0.2860 -0.2836 -0.2769 -0.2672 -0.2557 -0.2431 -0.2297 -0.2154 -0.1999 -0.1826 -0.1622 -0.1359 -0.0965 -0.0169 0.1306 0.2332 0.2570 0.2425 0.2146 0.1842 0.1546 0.1262 0.0981 0.0683 0.0329 -0.0167 -0.0977 -0.2045 -0.2903 -0.3425 -0.3706 -0.3837 -0.3874 -0.3851 -0.3791 -0.3705 -0.3603 -0.3489 -0.3369 -0.3244 -0.3116 -0.2986 -0.2855 -0.2723 -0.2590 -0.2454 -0.2314 -0.2167 -0.2010 -0.1836 -0.1624
-0.1828 -0.2008 -0.2166 -0.2313 -0.2453 -0.2589 -0.2723 -0.2856 -0.2987 -0.3117 -0.3245 -0.3371 -0.3491 -0.3604 -0.3707 -0.3792 -0.3852 -0.3874 -0.3835 -0.3703 -0.3418 -0.2891 -0.2028 -0.0959 -0.0155 0.0336 0.0688 0.0986 0.1267 0.1551 0.1847 0.2152 0.2429 0.2570 0.2321 0.1278 -0.0189 -0.0974 -0.1365 -0.1626 -0.1830 -0.2003 -0.2158 -0.2302 -0.2439 -0.2570 -0.2693 -0.2807 -0.2903 -0.2970 -0.2994 -0.2970 -0.2903 -0.2807 -0.2693 -0.2570 -0.2439 -0.2302 -0.2158 -0.2003 -0.1830 -0.1626 -0.1365 -0.0974 -0.0189 0.1278 0.2322 0.2570 0.2429 0.2152 0.1847 0.1551 0.1267 0.0986 0.0688 0.0336 -0.0156 -0.0959 -0.2028 -0.2892 -0.3418 -0.3703 -0.3835 -0.3874 -0.3852 -0.3792 -0.3707 -0.3604 -0.3491 -0.3371 -0.3245 -0.3117 -0.2987 -0.2856 -0.2724 -0.2590 -0.2453 -0.2313 -0.2166 -0.2008 -0.1828
-0.2002 -0.2163 -0.2311 -0.2452 -0.2589 -0.2723 -0.2856 -0.2988 -0.3118 -0.3246 -0.3372 -0.3492 -0.3606 -0.3708 -0.3793 -0.3853 -0.3874 -0.3834 -0.3700 -0.3412 -0.2880 -0.2011 -0.0943 -0.0145 0.0343 0.0694 0.0991 0.1272 0.1556 0.1853 0.2157 0.2433 0.2570 0.2311 0.1250 -0.0209 -0.0983 -0.1370 -0.1631 -0.1833 -0.2006 -0.2161 -0.2306 -0.2444 -0.2577 -0.2705 -0.2828 -0.2940 -0.3036 -0.3102 -0.3127 -0.3102 -0.3036 -0.2940 -0.2828 -0.2705 -0.2577 -0.2444 -0.2306 -0.2161 -0.2006 -0.1833 -0.1631 -0.1370 -0.0983 -0.0209 0.1250 0.2311 0.2570 0.2433 0.2157 0.1853 0.1556 0.1272 0.0991 0.0694 0.0343 -0.0146 -0.0943 -0.2011 -0.2881 -0.3412 -0.3700 -0.3834 -0.3874 -0.3853 -0.3793 -0.3708 -0.3606 -0.3492 -0.3372 -0.3246 -0.3118 -0.2988 -0.2856 -0.2723 -0.2589 -0.2452 -0.2311 -0.2163 -0.2002
-0.2158 -0.2309 -0.2450 -0.2587 -0.2722 -0.2855 -0.2987 -0.3118 -0.3247 -0.3372 -0.3493 -0.3607 -0.3709 -0.3794 -0.3853 -0.3873 -0.3833 -0.3697 -0.3406 -0.2870 -0.1995 -0.0927 -0.0136 0.0349 0.0699 0.0996 0.1277 0.1561 0.1858 0.2162 0.2437 0.2570 0.2300 0.1222 -0.0229 -0.0992 -0.1376 -0.1635 -0.1837 -0.2009 -0.2164 -0.2309 -0.2448 -0.2582 -0.2713 -0.2840 -0.2961 -0.3073 -0.3167 -0.3233 -0.3257 -0.3233 -0.3167 -0.3073 -0.2961 -0.2840 -0.2713 -0.2582 -0.2447 -0.2309 -0.2164 -0.2009 -0.1837 -0.1635 -0.1376 -0.0992 -0.0229 0.1222 0.2300 0.2570 0.2437 0.2162 0.1858 0.1561 0.1277 0.0996 0.0699 0.0349 -0.0136 -0.0927 -0.1995 -0.2870 -0.3406 -0.3697 -0.3833 -0.3874 -0.3853 -0.3794 -0.3709 -0.3606 -0.3493 -0.3372 -0.3247 -0.3118 -0.2987 -0.2855 -0.2722 -0.2587 -0.2450 -0.2309 -0.2158
-0.2304 -0.2448 -0.2585 -0.2720 -0.2854 -0.2986 -0.3117 -0.3246 -0.3372 -0.3493 -0.3607 -0.3709 -0.3794 -0.3854 -0.3873 -0.3832 -0.3694 -0.3400 -0.2859 -0.1979 -0.0912 -0.0126 0.0355 0.0704 0.1000 0.1282 0.1566 0.1863 0.2167 0.2441 0.2570 0.2290 0.1194 -0.0248 -0.1001 -0.1381 -0.1639 -0.1840 -0.2012 -0.2167 -0.2312 -0.2451 -0.2585 -0.2717 -0.2847 -0.2973 -0.3093 -0.3204 -0.3297 -0.3361 -0.3385 -0.3361 -0.3297 -0.3204 -0.3093 -0.2973 -0.2847 -0.2717 -0.2585 -0.2450 -0.2312 -0.2167 -0.2012 -0.1840 -0.1639 -0.1381 -0.1001 -0.0248 0.1195 0.2290 0.2570 0.2441 0.2167 0.1863 0.1566 0.1281 0.1000 0.0704 0.0355 -0.0126 -0.0912 -0.1979 -0.2859 -0.3400 -0.3694 -0.3832 -0.3873 -0.3854 -0.3794 -0.3709 -0.3607 -0.3493 -0.3372 -0.3246 -0.3117 -0.2986 -0.2854 -0.2720 -0.2585 -0.2448 -0.2304
-0.2444 -0.2583 -0.2718 -0.2852 -0.2985 -0.3116 -0.3245 -0.3372 -0.3493 -0.3607 -0.3709 -0.3795 -0.3854 -0.3873 -0.3831 -0.3692 -0.3396 -0.2850 -0.1964 -0.0898 -0.0117 0.0361 0.0709 0.1005 0.1286 0.1571 0.1868 0.2172 0.2445 0.2570 0.2279 0.1168 -0.0267 -0.1009 -0.1387 -0.1643 -0.1843 -0.2015 -0.2170 -0.2314 -0.2453 -0.2588 -0.2721 -0.2851 -0.2980 -0.3105 -0.3224 -0.3332 -0.3423 -0.3485 -0.3507 -0.3485 -0.3423 -0.3332 -0.3224 -0.3105 -0.2980 -0.2851 -0.2721 -0.2588 -0.2453 -0.2314 -0.2169 -0.2015 -0.1843 -0.1643 -0.1386 -0.1009 -0.0266 0.1168 0.2279 0.2569 0.2445 0.2172 0.1868 0.1570 0.1286 0.1005 0.0709 0.0361 -0.0118 -0.0898 -0.1964 -0.2850 -0.3396 -0.3692 -0.3831 -0.3873 -0.3854 -0.3795 -0.3709 -0.3607 -0.3493 -0.3372 -0.3245 -0.3116 -0.2985 -0.2852 -0.2718 -0.2583 -0.2444
-0.2580 -0.2716 -0.2850 -0.2983 -0.3114 -0.3244 -0.3371 -0.3492 -0.3606 -0.3709 -0.3795 -0.3854 -0.3873 -0.3831 -0.3690 -0.3392 -0.2843 -0.1952 -0.0885 -0.0109 0.0367 0.0713 0.1009 0.1290 0.1575 0.1872 0.2177 0.2448 0.2569 0.2269 0.1142 -0.0284 -0.1017 -0.1392 -0.1646 -0.1846 -0.2017 -0.2172 -0.2317 -0.2456 -0.2591 -0.2724 -0.2855 -0.2984 -0.3112 -0.3235 -0.3352 -0.3457 -0.3543 -0.3601 -0.3622 -0.3601 -0.3543 -0.3457 -0.3352 -0.3235 -0.3111 -0.2984 -0.2855 -0.2724 -0.2591 -0.2456 -0.2317 -0.2172 -0.2017 -0.1846 -0.1646 -0.1391 -0.1017 -0.0284 0.1143 0.2269 0.2569 0.2448 0.2177 0.1872 0.1575 0.1290 0.1009 0.0713 0.0367 -0.0109 -0.0885 -0.1952 -0.2843 -0.3392 -0.3690 -0.3831 -0.3873 -0.3854 -0.3795 -0.3709 -0.3606 -0.3492 -0.3371 -0.3244 -0.3114 -0.2983 -0.2850 -0.2716 -0.2580
-0.2714 -0.2848 -0.2981 -0.3112 -0.3242 -0.3369 -0.3491 -0.3606 -0.3709 -0.3794 -0.3854 -0.3873 -0.3831 -0.3690 -0.3390 -0.2839 -0.1944 -0.0876 -0.0103 0.0372 0.0718 0.1013 0.1294 0.1579 0.1877 0.2181 0.2452 0.2569 0.2259 0.1118 -0.0300 -0.1025 -0.1396 -0.1650 -0.1849 -0.2020 -0.2175 -0.2319 -0.2458 -0.2593 -0.2726 -0.2858 -0.2988 -0.3116 -0.3242 -0.3362 -0.3475 -0.3574 -0.3654 -0.3707 -0.3725 -0.3707 -0.3654 -0.3574 -0.3475 -0.3362 -0.3241 -0.3116 -0.2988 -0.2857 -0.2726 -0.2593 -0.2458 -0.2319 -0.2175 -0.2020 -0.1849 -0.1650 -0.1396 -0.1025 -0.0300 0.1118 0.2259 0.2569 0.2452 0.2181 0.1877 0.1579 0.1294 0.1013 0.0717 0.0372 -0.0103 -0.0876 -0.1944 -0.2839 -0.3390 -0.3690 -0.3831 -0.3873 -0.3854 -0.3794 -0.3709 -0.3606 -0.3491 -0.3369 -0.3242 -0.3112 -0.2981 -0.2848 -0.2714
-0.2847 -0.2979 -0.3110 -0.3240 -0.3367 -0.3489 -0.3604 -0.3708 -0.3794 -0.3854 -0.3873 -0.3831 -0.3690 -0.3389 -0.2836 -0.1938 -0.0870 -0.0098 0.0375 0.0721 0.1017 0.1298 0.1584 0.1882 0.2186 0.2455 0.2568 0.2249 0.1093 -0.0316 -0.1032 -0.1401 -0.1653 -0.1852 -0.2023 -0.2177 -0.2322 -0.2460 -0.2595 -0.2728 -0.2860 -0.2990 -0.3119 -0.3246 -0.3369 -0.3485 -0.3591 -0.3682 -0.3752 -0.3795 -0.3810 -0.3795 -0.3752 -0.3682 -0.3591 -0.3485 -0.3369 -0.3246 -0.3119 -0.2990 -0.2860 -0.2728 -0.2595 -0.2460 -0.2322 -0.2177 -0.2023 -0.1852 -0.1653 -0.1401 -0.1032 -0.0316 0.1094 0.2249 0.2568 0.2455 0.2186 0.1881 0.1584 0.1298 0.1017 0.0721 0.0375 -0.0098 -0.0870 -0.1938 -0.2836 -0.3389 -0.3690 -0.3831 -0.3873 -0.3854 -0.3794 -0.3708 -0.3604 -0.3489 -0.3367 -0.3240 -0.3110 -0.2979 -0.2847
-0.2978 -0.3108 -0.3238 -0.3365 -0.3488 -0.3603 -0.3707 -0.3793 -0.3853 -0.3873 -0.3831 -0.3690 -0.3390 -0.2836 -0.1936 -0.0866 -0.0095 0.0378 0.0723 0.1019 0.1301 0.1587 0.1886 0.2190 0.2459 0.2567 0.2238 0.1069 -0.0332 -0.1039 -0.1405 -0.1657 -0.1855 -0.2025 -0.2179 -0.2324 -0.2462 -0.2598 -0.2731 -0.2862 -0.2993 -0.3122 -0.3249 -0.3373 -0.3491 -0.3601 -0.3697 -0.3775 -0.3828 -0.3858 -0.3866 -0.3858 -0.3828 -0.3775 -0.3697 -0.3601 -0.3491 -0.3373 -0.3249 -0.3122 -0.2993 -0.2862 -0.2730 -0.2598 -0.2462 -0.2324 -0.2179 -0.2025 -0.1855 -0.1657 -0.1405 -0.1039 -0.0332 0.1069 0.2238 0.2567 0.2458 0.2190 0.1885 0.1587 0.1301 0.1019 0.0723 0.0378 -0.0095 -0.0866 -0.1936 -0.2836 -0.3390 -0.3690 -0.3831 -0.3873 -0.3853 -0.3793 -0.3707 -0.3603 -0.3488 -0.3365 -0.3238 -0.3108 -0.2978
-0.3109 -0.3236 -0.3363 -0.3486 -0.3601 -0.3705 -0.3792 -0.3853 -0.3874 -0.3832 -0.3692 -0.3392 -0.2839 -0.1938 -0.0866 -0.0094 0.0379 0.0725 0.1021 0.1303 0.1590 0.1889 0.2193 0.2461 0.2567 0.2228 0.1044 -0.0347 -0.1047 -0.1410 -0.1660 -0.1858 -0.2028 -0.2182 -0.2326 -0.2465 -0.2600 -0.2733 -0.2864 -0.2995 -0.3124 -0.3252 -0.3376 -0.3495 -0.3606 -0.3705 -0.3786 -0.3843 -0.3873 -0.3880 -0.3879 -0.3880 -0.3873 -0.3843 -0.3786 -0.3705 -0.3606 -0.3495 -0.3376 -0.3252 -0.3124 -0.2995 -0.2864 -0.2733 -0.2600 -0.2464 -0.2326 -0.2182 -0.2028 -0.1858 -0.1660 -0.1410 -0.1046 -0.0347 0.1045 0.2228 0.2567 0.2461 0.2193 0.1889 0.1590 0.1303 0.1021 0.0725 0.0379 -0.0094 -0.0866 -0.1938 -0.2839 -0.3392 -0.3692 -0.3832 -0.3874 -0.3853 -0.3792 -0.3705 -0.3601 -0.3486 -0.3363 -0.3236 -0.3109
-0.3238 -0.3361 -0.3484 -0.3599 -0.3704 -0.3791 -0.3852 -0.3874 -0.3833 -0.3694 -0.3396 -0.2843 -0.1944 -0.0870 -0.0095 0.0379 0.0726 0.1022 0.1305 0.1591 0.1891 0.2196 0.2464 0.2566 0.2219 0.1022 -0.0362 -0.1053 -0.1414 -0.1663 -0.1861 -0.2030 -0.2184 -0.2328 -0.2467 -0.2602 -0.2735 -0.2866 -0.2997 -0.3126 -0.3254 -0.3378 -0.3498 -0.3610 -0.3710 -0.3792 -0.3850 -0.3876 -0.3868 -0.3840 -0.3824 -0.3840 -0.3868 -0.3876 -0.3850 -0.3792 -0.3710 -0.3610 -0.3498 -0.3378 -0.3254 -0.3126 -0.2997 -0.2866 -0.2735 -0.2602 -0.2467 -0.2328 -0.2184 -0.2030 -0.1861 -0.1663 -0.1414 -0.1053 -0.0362 0.1023 0.2219 0.2566 0.2464 0.2196 0.1891 0.1591 0.1305 0.1022 0.0726 0.0379 -0.0095 -0.0870 -0.1944 -0.2843 -0.3396 -0.3694 -0.3833 -0.3874 -0.3852 -0.3791 -0.3704 -0.3599 -0.3484 -0.3361 -0.3238
-0.3365 -0.3482 -0.3597 -0.3702 -0.3790 -0.3851 -0.3874 -0.3834 -0.3697 -0.3400 -0.2850 -0.1952 -0.0876 -0.0098 0.0378 0.0725 0.1022 0.1305 0.1593 0.1892 0.2198 0.2465 0.2566 0.2212 0.1004 -0.0375 -0.1060 -0.1418 -0.1667 -0.1863 -0.2033 -0.2186 -0.2330 -0.2469 -0.2604 -0.2737 -0.2868 -0.2999 -0.3128 -0.3256 -0.3380 -0.3500 -0.3612 -0.3713 -0.3796 -0.3853 -0.3875 -0.3852 -0.3784 -0.3699 -0.3659 -0.3699 -0.3784 -0.3852 -0.3875 -0.3853 -0.3796 -0.3713 -0.3612 -0.3500 -0.3380 -0.3256 -0.3128 -0.2999 -0.2868 -0.2737 -0.2604 -0.2469 -0.2330 -0.2186 -0.2033 -0.1863 -0.1667 -0.1418 -0.1059 -0.0374 0.1005 0.2212 0.2566 0.2465 0.2198 0.1892 0.1593 0.1305 0.1022 0.0725 0.0378 -0.0098 -0.0876 -0.1952 -0.2850 -0.3400 -0.3697 -0.3834 -0.3874 -0.3851 -0.3790 -0.3702 -0.3597 -0.3482 -0.3365
-0.3489 -0.3595 -0.3700 -0.3788 -0.3851 -0.3874 -0.3835 -0.3700 -0.3406 -0.2859 -0.1964 -0.0885 -0.0103 0.0375 0.0723 0.1021 0.1305 0.1593 0.1893 0.2199 0.2466 0.2565 0.2207 0.0990 -0.0384 -0.1065 -0.1422 -0.1670 -0.1866 -0.2035 -0.2188 -0.2332 -0.2471 -0.2606 -0.2739 -0.2870 -0.3001 -0.3130 -0.3258 -0.3382 -0.3502 -0.3614 -0.3715 -0.3798 -0.3855 -0.3874 -0.3840 -0.3739 -0.3573 -0.3396 -0.3315 -0.3396 -0.3573 -0.3739 -0.3840 -0.3874 -0.3855 -0.3798 -0.3715 -0.3614 -0.3502 -0.3382 -0.3258 -0.3130 -0.3001 -0.2870 -0.2739 -0.2606 -0.2471 -0.2332 -0.2188 -0.2035 -0.1866 -0.1669 -0.1422 -0.1064 -0.0384 0.0991 0.2207 0.2565 0.2466 0.2199 0.1893 0.1593 0.1305 0.1021 0.0723 0.0375 -0.0103 -0.0885 -0.1964 -0.2859 -0.3406 -0.3700 -0.3835 -0.3874 -0.3851 -0.3788 -0.3700 -0.3595 -0.3489
-0.3605 -0.3698 -0.3787 -0.3850 -0.3874 -0.3837 -0.3703 -0.3412 -0.2870 -0.1979 -0.0898 -0.0109 0.0372 0.0721 0.1019 0.1303 0.1591 0.1892 0.2199 0.2467 0.2565 0.2203 0.0981 -0.0391 -0.1068 -0.1425 -0.1672 -0.1868 -0.2037 -0.2191 -0.2335 -0.2473 -0.2608 -0.2741 -0.2872 -0.3003 -0.3132 -0.3260 -0.3384 -0.3504 -0.3616 -0.3717 -0.3800 -0.3856 -0.3873 -0.3833 -0.3709 -0.3480 -0.3156 -0.2832 -0.2688 -0.2832 -0.3156 -0.3481 -0.3709 -0.3833 -0.3873 -0.3856 -0.3800 -0.3717 -0.3616 -0.3504 -0.3384 -0.3260 -0.3132 -0.3003 -0.2872 -0.2741 -0.2608 -0.2473 -0.2335 -0.2190 -0.2037 -0.1868 -0.1672 -0.1425 -0.1068 -0.0391 0.0982 0.2203 0.2565 0.2467 0.2199 0.1892 0.1591 0.1303 0.1019 0.0721 0.0372 -0.0109 -0.0898 -0.1979 -0.2870 -0.3412 -0.3703 -0.3837 -0.3874 -0.3850 -0.3787 -0.3698 -0.3605
-0.3712 -0.3786 -0.3849 -0.3874 -0.3838 -0.3706 -0.3418 -0.2881 -0.1995 -0.0912 -0.0118 0.0367 0.0717 0.1017 0.1301 0.1590 0.1891 0.2198 0.2466 0.2565 0.2202 0.0976 -0.0395 -0.1071 -0.1427 -0.1674 -0.1870 -0.2039 -0.2192 -0.2336 -0.2475 -0.2610 -0.2743 -0.2874 -0.3005 -0.3134 -0.3262 -0.3386 -0.3506 -0.3618 -0.3718 -0.3801 -0.3857 -0.3873 -0.3828 -0.3691 -0.3422 -0.2989 -0.2424 -0.1912 -0.1706 -0.1912 -0.2424 -0.2989 -0.3423 -0.3691 -0.3828 -0.3873 -0.3857 -0.3801 -0.3718 -0.3618 -0.3506 -0.3386 -0.3262 -0.3134 -0.3005 -0.2874 -0.2743 -0.2610 -0.2475 -0.2336 -0.2192 -0.2039 -0.1870 -0.1674 -0.1427 -0.1071 -0.0395 0.0976 0.2202 0.2565 0.2466 0.2198 0.1891 0.1590 0.1301 0.1017 0.0717 0.0367 -0.0118 -0.0912 -0.1995 -0.2881 -0.3418 -0.3706 -0.3838 -0.3874 -0.3849 -0.3786 -0.3712
-0.3804 -0.3848 -0.3874 -0.3839 -0.3709 -0.3425 -0.2892 -0.2011 -0.0927 -0.0126 0.0361 0.0713 0.1013 0.1298 0.1587 0.1889 0.2196 0.2465 0.2565 0.2203 0.0976 -0.0397 -0.1072 -0.1428 -0.1675 -0.1871 -0.2040 -0.2194 -0.2338 -0.2476 -0.2612 -0.2745 -0.2876 -0.3007 -0.3136 -0.3264 -0.3388 -0.3507 -0.3619 -0.3720 -0.3802 -0.3858 -0.3873 -0.3825 -0.3681 -0.3388 -0.2887 -0.2157 -0.1367 -0.0830 -0.0654 -0.0830 -0.1367 -0.2157 -0.2887 -0.3389 -0.3681 -0.3825 -0.3873 -0.3858 -0.3802 -0.3720 -0.3619 -0.3507 -0.3388 -0.3264 -0.3136 -0.3007 -0.2876 -0.2745 -0.2612 -0.2476 -0.2338 -0.2194 -0.2040 -0.1871 -0.1675 -0.1428 -0.1072 -0.0397 0.0976 0.2203 0.2565 0.2465 0.2196 0.1889 0.1587 0.1298 0.1013 0.0713 0.0361 -0.0126 -0.0927 -0.2011 -0.2892 -0.3425 -0.3709 -0.3839 -0.3874 -0.3848 -0.3804
-0.3873 -0.3874 -0.3840 -0.3713 -0.3431 -0.2903 -0.2028 -0.0943 -0.0136 0.0355 0.0709 0.1009 0.1294 0.1584 0.1885 0.2193 0.2464 0.2566 0.2207 0.0982 -0.0395 -0.1072 -0.1428 -0.1676 -0.1872 -0.2041 -0.2195 -0.2339 -0.2478 -0.2613 -0.2746 -0.2878 -0.3009 -0.3138 -0.3265 -0.3390 -0.3509 -0.3621 -0.3721 -0.3803 -0.3858 -0.3872 -0.3823 -0.3674 -0.3368 -0.2827 -0.2002 -0.1070 -0.0406 -0.0066 0.0038 -0.0067 -0.0406 -0.1070 -0.2002 -0.2827 -0.3368 -0.3674 -0.3823 -0.3872 -0.3858 -0.3803 -0.3721 -0.3621 -0.3509 -0.3390 -0.3265 -0.3138 -0.3009 -0.2878 -0.2746 -0.2613 -0.2478 -0.2339 -0.2195 -0.2041 -0.1872 -0.1676 -0.1428 -0.1072 -0.0395 0.0982 0.2207 0.2566 0.2464 0.2193 0.1885 0.1584 0.1294 0.1009 0.0709 0.0355 -0.0136 -0.0943 -0.2028 -0.2903 -0.3431 -0.3713 -0.3840 -0.3874 -0.3873
-0.3905 -0.3842 -0.3716 -0.3438 -0.2915 -0.2045 -0.0959 -0.0146 0.0349 0.0704 0.1005 0.1290 0.1579 0.1881 0.2190 0.2461 0.2566 0.2212 0.0991 -0.0391 -0.1071 -0.1428 -0.1676 -0.1872 -0.2042 -0.2195 -0.2340 -0.2479 -0.2614 -0.2747 -0.2879 -0.3010 -0.3140 -0.3267 -0.3392 -0.3511 -0.3623 -0.3722 -0.3804 -0.3859 -0.3872 -0.3821 -0.3668 -0.3354 -0.2791 -0.1914 -0.0917 -0.0214 0.0186 0.0402 0.0473 0.0402 0.0185 -0.0214 -0.0918 -0.1915 -0.2792 -0.3355 -0.3669 -0.3821 -0.3872 -0.3859 -0.3804 -0.3722 -0.3623 -0.3511 -0.3392 -0.3267 -0.3140 -0.3010 -0.2879 -0.2747 -0.2614 -0.2479 -0.2340 -0.2195 -0.2041 -0.1872 -0.1676 -0.1428 -0.1071 -0.0391 0.0991 0.2212 0.2566 0.2461 0.2190 0.1881 0.1579 0.1290 0.1005 0.0704 0.0349 -0.0146 -0.0959 -0.2045 -0.2915 -0.3438 -0.3716 -0.3842 -0.3905
-0.3882 -0.3719 -0.3445 -0.2927 -0.2063 -0.0977 -0.0156 0.0343 0.0699 0.1000 0.1286 0.1575 0.1877 0.2186 0.2458 0.2567 0.2219 0.1005 -0.0384 -0.1068 -0.1427 -0.1675 -0.1872 -0.2041 -0.2196 -0.2340 -0.2479 -0.2615 -0.2748 -0.2880 -0.3011 -0.3141 -0.3269 -0.3393 -0.3513 -0.3624 -0.3724 -0.3805 -0.3859 -0.3872 -0.3819 -0.3664 -0.3344 -0.2768 -0.1863 -0.0837 -0.0121 0.0305 0.0579 0.0746 0.0805 0.0746 0.0579 0.0305 -0.0121 -0.0837 -0.1863 -0.2768 -0.3345 -0.3664 -0.3819 -0.3872 -0.3859 -0.3805 -0.3724 -0.3624 -0.3513 -0.3393 -0.3269 -0.3141 -0.3011 -0.2880 -0.2748 -0.2615 -0.2479 -0.2340 -0.2196 -0.2041 -0.1872 -0.1675 -0.1427 -0.1068 -0.0384 0.1005 0.2219 0.2567 0.2458 0.2186 0.1877 0.1575 0.1286 0.1000 0.0699 0.0343 -0.0156 -0.0977 -0.2063 -0.2927 -0.3445 -0.3719 -0.3882
-0.3770 -0.3451 -0.2939 -0.2082 -0.0995 -0.0167 0.0336 0.0694 0.0996 0.1281 0.1570 0.1872 0.2181 0.2455 0.2567 0.2228 0.1023 -0.0374 -0.1064 -0.1425 -0.1674 -0.1871 -0.2041 -0.2195 -0.2340 -0.2479 -0.2615 -0.2749 -0.2881 -0.3012 -0.3142 -0.3270 -0.3394 -0.3514 -0.3626 -0.3725 -0.3806 -0.3860 -0.3872 -0.3818 -0.3660 -0.3336 -0.2751 -0.1829 -0.0791 -0.0072 0.0365 0.0669 0.0894 0.1043 0.1097 0.1043 0.0894 0.0669 0.0365 -0.0072 -0.0792 -0.1829 -0.2751 -0.3336 -0.3661 -0.3818 -0.3872 -0.3860 -0.3806 -0.3725 -0.3625 -0.3514 -0.3394 -0.3270 -0.3142 -0.3012 -0.2881 -0.2749 -0.2615 -0.2479 -0.2340 -0.2195 -0.2041 -0.1871 -0.1674 -0.1425 -0.1064 -0.0374 0.1023 0.2228 0.2567 0.2455 0.2181 0.1872 0.1570 0.1281 0.0996 0.0694 0.0336 -0.0167 -0.0995 -0.2082 -0.2939 -0.3451 -0.3770
-0.3514 -0.2950 -0.2100 -0.1013 -0.0178 0.0329 0.0688 0.0991 0.1277 0.1566 0.1868 0.2177 0.2452 0.2568 0.2238 0.1045 -0.0362 -0.1059 -0.1422 -0.1672 -0.1870 -0.2040 -0.2195 -0.2340 -0.2479 -0.2615 -0.2749 -0.2881 -0.3013 -0.3143 -0.3271 -0.3395 -0.3515 -0.3627 -0.3726 -0.3807 -0.3860 -0.3871 -0.3816 -0.3657 -0.3329 -0.2737 -0.1804 -0.0763 -0.0045 0.0397 0.0717 0.0974 0.1182 0.1328 0.1383 0.1328 0.1182 0.0974 0.0717 0.0397 -0.0045 -0.0763 -0.1805 -0.2737 -0.3329 -0.3657 -0.3816 -0.3871 -0.3860 -0.3807 -0.3726 -0.3627 -0.3515 -0.3395 -0.3271 -0.3143 -0.3013 -0.2881 -0.2749 -0.2615 -0.2479 -0.2340 -0.2195 -0.2040 -0.1870 -0.1672 -0.1422 -0.1059 -0.0362 0.1045 0.2238 0.2568 0.2452 0.2177 0.1868 0.1566 0.1277 0.0991 0.0688 0.0329 -0.0178 -0.1013 -0.2100 -0.2950 -0.3514
-0.3025 -0.2118 -0.1031 -0.0189 0.0321 0.0683 0.0986 0.1272 0.1561 0.1863 0.2172 0.2448 0.2569 0.2249 0.1069 -0.0347 -0.1053 -0.1418 -0.1669 -0.1868 -0.2039 -0.2194 -0.2339 -0.2479 -0.2615 -0.2749 -0.2881 -0.3013 -0.3143 -0.3271 -0.3396 -0.3516 -0.3627 -0.3727 -0.3808 -0.3861 -0.3871 -0.3815 -0.3654 -0.3322 -0.2724 -0.1785 -0.0742 -0.0028 0.0415 0.0742 0.1016 0.1260 0.1469 0.1619 0.1675 0.1619 0.1468 0.1260 0.1016 0.0742 0.0415 -0.0028 -0.0742 -0.1785 -0.2725 -0.3323 -0.3654 -0.3815 -0.3871 -0.3861 -0.3808 -0.3727 -0.3627 -0.3516 -0.3396 -0.3271 -0.3143 -0.3013 -0.2881 -0.2749 -0.2615 -0.2479 -0.2339 -0.2194 -0.2039 -0.1868 -0.1669 -0.1418 -0.1053 -0.0347 0.1069 0.2249 0.2569 0.2448 0.2172 0.1863 0.1561 0.1272 0.0986 0.0683 0.0321 -0.0189 -0.1031 -0.2118 -0.3025
-0.2194 -0.1049 -0.0200 0.0314 0.0677 0.0981 0.1267 0.1556 0.1858 0.2167 0.2445 0.2569 0.2259 0.1094 -0.0332 -0.1046 -0.1414 -0.1667 -0.1866 -0.2037 -0.2192 -0.2338 -0.2478 -0.2614 -0.2748 -0.2881 -0.3013 -0.3143 -0.3271 -0.3396 -0.3516 -0.3628 -0.3727 -0.3808 -0.3861 -0.3871 -0.3814 -0.3651 -0.3316 -0.2713 -0.1768 -0.0725 -0.0015 0.0427 0.0757 0.1040 0.1302 0.1548 0.1765 0.1923 0.1981 0.1923 0.1765 0.1548 0.1301 0.1040 0.0757 0.0427 -0.0015 -0.0726 -0.1768 -0.2713 -0.3316 -0.3651 -0.3814 -0.3871 -0.3861 -0.3808 -0.3727 -0.3628 -0.3516 -0.3396 -0.3271 -0.3143 -0.3013 -0.2881 -0.2748 -0.2614 -0.2478 -0.2338 -0.2192 -0.2037 -0.1866 -0.1667 -0.1414 -0.1046 -0.0332 0.1094 0.2259 0.2569 0.2445 0.2167 0.1858 0.1556 0.1267 0.0981 0.0677 0.0314 -0.0200 -0.1049 -0.2194
-0.1097 -0.0212 0.0307 0.0671 0.0976 0.1262 0.1551 0.1853 0.2162 0.2441 0.2569 0.2269 0.1118 -0.0316 -0.1039 -0.1410 -0.1663 -0.1863 -0.2035 -0.2190 -0.2336 -0.2476 -0.2613 -0.2747 -0.2880 -0.3012 -0.3143 -0.3271 -0.3396 -0.3516 -0.3628 -0.3728 -0.3809 -0.3861 -0.3871 -0.3813 -0.3648 -0.3311 -0.2704 -0.1753 -0.0712 -0.0006 0.0435 0.0766 0.1053 0.1325 0.1591 0.1848 0.2074 0.2229 0.2285 0.2229 0.2074 0.1848 0.1591 0.1325 0.1053 0.0766 0.0435 -0.0006 -0.0712 -0.1753 -0.2704 -0.3311 -0.3649 -0.3813 -0.3871 -0.3861 -0.3809 -0.3728 -0.3628 -0.3516 -0.3396 -0.3271 -0.3143 -0.3012 -0.2880 -0.2747 -0.2613 -0.2476 -0.2336 -0.2190 -0.2035 -0.1863 -0.1663 -0.1410 -0.1039 -0.0316 0.1118 0.2269 0.2569 0.2441 0.2162 0.1853 0.1551 0.1262 0.0976 0.0671 0.0307 -0.0212 -0.1097
-0.0219 0.0299 0.0665 0.0971 0.1257 0.1546 0.1847 0.2157 0.2437 0.2570 0.2279 0.1143 -0.0300 -0.1032 -0.1405 -0.1660 -0.1861 -0.2033 -0.2188 -0.2335 -0.2475 -0.2612 -0.2746 -0.2879 -0.3011 -0.3142 -0.3271 -0.3396 -0.3516 -0.3628 -0.3728 -0.3809 -0.3862 -0.3871 -0.3813 -0.3647 -0.3308 -0.2696 -0.1741 -0.0700 0.0002 0.0441 0.0773 0.1062 0.1338 0.1615 0.1894 0.2157 0.2368 0.2487 0.2521 0.2487 0.2368 0.2157 0.1894 0.1615 0.1338 0.1062 0.0773 0.0441 0.0002 -0.0701 -0.1741 -0.2696 -0.3308 -0.3647 -0.3813 -0.3871 -0.3862 -0.3809 -0.3728 -0.3628 -0.3516 -0.3396 -0.3271 -0.3142 -0.3011 -0.2879 -0.2746 -0.2612 -0.2475 -0.2335 -0.2188 -0.2033 -0.1861 -0.1660 -0.1405 -0.1032 -0.0300 0.1143 0.2279 0.2570 0.2437 0.2157 0.1847 0.1546 0.1257 0.0971 0.0665 0.0299 -0.0219
0.0313 0.0660 0.0966 0.1252 0.1541 0.1842 0.2152 0.2433 0.2570 0.2290 0.1168 -0.0284 -0.1025 -0.1401 -0.1657 -0.1858 -0.2030 -0.2186 -0.2332 -0.2473 -0.2610 -0.2745 -0.2878 -0.3010 -0.3141 -0.3270 -0.3395 -0.3516 -0.3628 -0.3728 -0.3809 -0.3862 -0.3871 -0.3812 -0.3645 -0.3305 -0.2691 -0.1732 -0.0692 0.0008 0.0446 0.0778 0.1068 0.1346 0.1629 0.1919 0.2202 0.2436 0.2558 0.2548 0.2513 0.2548 0.2558 0.2436 0.2202 0.1919 0.1629 0.1346 0.1067 0.0778 0.0446 0.0008 -0.0692 -0.1732 -0.2691 -0.3305 -0.3645 -0.3812 -0.3871 -0.3862 -0.3809 -0.3728 -0.3628 -0.3516 -0.3395 -0.3270 -0.3141 -0.3010 -0.2878 -0.2745 -0.2610 -0.2473 -0.2332 -0.2186 -0.2030 -0.1858 -0.1657 -0.1401 -0.1025 -0.0284 0.1168 0.2290 0.2570 0.2433 0.2152 0.1842 0.1541 0.1252 0.0966 0.0660 0.0313
0.0682 0.0961 0.1247 0.1536 0.1836 0.2146 0.2429 0.2570 0.2300 0.1195 -0.0266 -0.1017 -0.1396 -0.1653 -0.1855 -0.2028 -0.2184 -0.2330 -0.2471 -0.2608 -0.2743 -0.2876 -0.3009 -0.3140 -0.3269 -0.3394 -0.3515 -0.3627 -0.3727 -0.3809 -0.3862 -0.3871 -0.3812 -0.3645 -0.3303 -0.2687 -0.1725 -0.0685 0.0013 0.0450 0.0782 0.1072 0.1352 0.1637 0.1933 0.2226 0.2470 0.2568 0.2418 0.2088 0.1904 0.2088 0.2418 0.2568 0.2470 0.2226 0.1933 0.1637 0.1352 0.1072 0.0781 0.0450 0.0012 -0.0685 -0.1725 -0.2687 -0.3303 -0.3645 -0.3812 -0.3871 -0.3862 -0.3809 -0.3727 -0.3627 -0.3515 -0.3394 -0.3269 -0.3140 -0.3009 -0.2876 -0.2743 -0.2608 -0.2471 -0.2330 -0.2184 -0.2028 -0.1855 -0.1653 -0.1396 -0.1017 -0.0266 0.1195 0.2300 0.2570 0.2429 0.2146 0.1836 0.1536 0.1247 0.0961 0.0682
0.0989 0.1242 0.1530 0.1831 0.2141 0.2425 0.2570 0.2311 0.1222 -0.0248 -0.1009 -0.1391 -0.1650 -0.1852 -0.2025 -0.2182 -0.2328 -0.2469 -0.2606 -0.2741 -0.2874 -0.3007 -0.3138 -0.3267 -0.3393 -0.3514 -0.3627 -0.3727 -0.3808 -0.3861 -0.3871 -0.3812 -0.3645 -0.3302 -0.2684 -0.1721 -0.0681 0.0016 0.0453 0.0784 0.1075 0.1356 0.1643 0.1942 0.2239 0.2486 0.2562 0.2276 0.1551 0.0756 0.0455 0.0756 0.1551 0.2277 0.2562 0.2486 0.2239 0.1941 0.1643 0.1356 0.1075 0.0784 0.0453 0.0016 -0.0681 -0.1721 -0.2684 -0.3302 -0.3645 -0.3812 -0.3871 -0.3861 -0.3808 -0.3727 -0.3627 -0.3514 -0.3393 -0.3267 -0.3138 -0.3007 -0.2874 -0.2741 -0.2606 -0.2469 -0.2328 -0.2182 -0.2025 -0.1852 -0.1650 -0.1391 -0.1009 -0.0248 0.1222 0.2311 0.2570 0.2425 0.2141 0.1831 0.1530 0.1242 0.0989
0.1276 0.1525 0.1826 0.2135 0.2420 0.2570 0.2322 0.1250 -0.0229 -0.1001 -0.1386 -0.1646 -0.1849 -0.2023 -0.2179 -0.2326 -0.2467 -0.2604 -0.2739 -0.2872 -0.3005 -0.3136 -0.3265 -0.3392 -0.3513 -0.3625 -0.3726 -0.3808 -0.3861 -0.3871 -0.3813 -0.3645 -0.3303 -0.2684 -0.1719 -0.0678 0.0018 0.0455 0.0786 0.1077 0.1359 0.1647 0.1947 0.2248 0.2495 0.2555 0.2176 0.1154 0.0030 -0.0525 -0.0675 -0.0525 0.0030 0.1154 0.2176 0.2555 0.2495 0.2247 0.1947 0.1647 0.1359 0.1077 0.0786 0.0455 0.0018 -0.0678 -0.1719 -0.2684 -0.3303 -0.3645 -0.3813 -0.3871 -0.3861 -0.3808 -0.3726 -0.3625 -0.3513 -0.3392 -0.3265 -0.3136 -0.3005 -0.2872 -0.2739 -0.2604 -0.2467 -0.2326 -0.2179 -0.2023 -0.1849 -0.1646 -0.1386 -0.1001 -0.0229 0.1250 0.2322 0.2570 0.2420 0.2135 0.1826 0.1525 0.1276
0.1565 0.1820 0.2130 0.2416 0.2570 0.2332 0.1278 -0.0209 -0.0992 -0.1381 -0.1643 -0.1846 -0.2020 -0.2177 -0.2324 -0.2464 -0.2602 -0.2737 -0.2870 -0.3003 -0.3134 -0.3264 -0.3390 -0.3511 -0.3624 -0.3725 -0.3807 -0.3861 -0.3871 -0.3813 -0.3647 -0.3305 -0.2687 -0.1721 -0.0678 0.0019 0.0456 0.0788 0.1079 0.1361 0.1650 0.1951 0.2253 0.2501 0.2550 0.2114 0.0917 -0.0291 -0.0879 -0.1129 -0.1204 -0.1129 -0.0879 -0.0290 0.0917 0.2114 0.2550 0.2500 0.2253 0.1951 0.1649 0.1361 0.1079 0.0787 0.0456 0.0019 -0.0678 -0.1721 -0.2687 -0.3305 -0.3647 -0.3813 -0.3871 -0.3861 -0.3807 -0.3725 -0.3624 -0.3511 -0.3390 -0.3264 -0.3134 -0.3003 -0.2870 -0.2737 -0.2602 -0.2464 -0.2324 -0.2177 -0.2020 -0.1846 -0.1643 -0.1381 -0.0992 -0.0209 0.1278 0.2332 0.2570 0.2416 0.2130 0.1820 0.1565
0.1868 0.2125 0.2412 0.2569 0.2342 0.1306 -0.0189 -0.0983 -0.1376 -0.1639 -0.1843 -0.2017 -0.2175 -0.2322 -0.2462 -0.2600 -0.2735 -0.2868 -0.3001 -0.3132 -0.3262 -0.3388 -0.3509 -0.3623 -0.3724 -0.3806 -0.3860 -0.3871 -0.3814 -0.3649 -0.3308 -0.2691 -0.1725 -0.0681 0.0018 0.0456 0.0788 0.1080 0.1362 0.1651 0.1953 0.2256 0.2503 0.2546 0.2077 0.0788 -0.0437 -0.1024 -0.1313 -0.1467 -0.1517 -0.1467 -0.1313 -0.1024 -0.0437 0.0789 0.2077 0.2546 0.2503 0.2256 0.1953 0.1651 0.1362 0.1080 0.0788 0.0456 0.0018 -0.0681 -0.1725 -0.2691 -0.3308 -0.3649 -0.3814 -0.3871 -0.3860 -0.3806 -0.3724 -0.3623 -0.3509 -0.3388 -0.3262 -0.3132 -0.3001 -0.2868 -0.2735 -0.2600 -0.2462 -0.2322 -0.2175 -0.2017 -0.1843 -0.1639 -0.1376 -0.0983 -0.0189 0.1306 0.2342 0.2569 0.2412 0.2125 0.1868
0.2180 0.2407 0.2569 0.2351 0.1333 -0.0169 -0.0974 -0.1370 -0.1635 -0.1840 -0.2015 -0.2172 -0.2319 -0.2460 -0.2598 -0.2733 -0.2866 -0.2999 -0.3130 -0.3260 -0.3386 -0.3507 -0.3621 -0.3722 -0.3805 -0.3860 -0.3871 -0.3815 -0.3651 -0.3311 -0.2696 -0.1732 -0.0685 0.0016 0.0455 0.0787 0.1080 0.1362 0.1652 0.1955 0.2258 0.2505 0.2544 0.2056 0.0719 -0.0508 -0.1092 -0.1400 -0.1593 -0.1706 -0.1745 -0.1706 -0.1593 -0.1400 -0.1092 -0.0508 0.0720 0.2056 0.2544 0.2505 0.2258 0.1955 0.1652 0.1362 0.1080 0.0787 0.0455 0.0016 -0.0685 -0.1732 -0.2696 -0.3311 -0.3651 -0.3815 -0.3871 -0.3860 -0.3805 -0.3722 -0.3621 -0.3507 -0.3386 -0.3260 -0.3130 -0.2999 -0.2866 -0.2733 -0.2598 -0.2460 -0.2319 -0.2172 -0.2015 -0.1840 -0.1635 -0.1370 -0.0974 -0.0169 0.1333 0.2351 0.2569 0.2407 0.2180
0.2471 0.2568 0.2361 0.1360 -0.0148 -0.0965 -0.1365 -0.1631 -0.1837 -0.2012 -0.2169 -0.2317 -0.2458 -0.2595 -0.2730 -0.2864 -0.2997 -0.3128 -0.3258 -0.3384 -0.3506 -0.3619 -0.3721 -0.3804 -0.3859 -0.3872 -0.3816 -0.3654 -0.3316 -0.2704 -0.1741 -0.0692 0.0012 0.0453 0.0786 0.1079 0.1362 0.1652 0.1955 0.2259 0.2506 0.2543 0.2044 0.0682 -0.0544 -0.1126 -0.1443 -0.1655 -0.1805 -0.1899 -0.1932 -0.1899 -0.1805 -0.1655 -0.1442 -0.1126 -0.0544 0.0683 0.2044 0.2543 0.2506 0.2259 0.1955 0.1652 0.1362 0.1079 0.0786 0.0453 0.0012 -0.0692 -0.1741 -0.2704 -0.3316 -0.3654 -0.3816 -0.3872 -0.3859 -0.3804 -0.3721 -0.3619 -0.3506 -0.3384 -0.3258 -0.3128 -0.2997 -0.2864 -0.2730 -0.2595 -0.2458 -0.2317 -0.2169 -0.2012 -0.1837 -0.1631 -0.1365 -0.0965 -0.0148 0.1360 0.2361 0.2568 0.2471
0.2636 0.2370 0.1388 -0.0127 -0.0956 -0.1359 -0.1626 -0.1833 -0.2009 -0.2167 -0.2314 -0.2456 -0.2593 -0.2728 -0.2862 -0.2995 -0.3126 -0.3256 -0.3382 -0.3504 -0.3618 -0.3720 -0.3803 -0.3859 -0.3872 -0.3818 -0.3657 -0.3323 -0.2713 -0.1753 -0.0701 0.0008 0.0450 0.0784 0.1077 0.1361 0.1651 0.1955 0.2259 0.2507 0.2542 0.2037 0.0662 -0.0563 -0.1143 -0.1464 -0.1687 -0.1856 -0.1983 -0.2067 -0.2096 -0.2067 -0.1983 -0.1856 -0.1687 -0.1464 -0.1143 -0.0563 0.0663 0.2037 0.2542 0.2507 0.2259 0.1955 0.1651 0.1361 0.1077 0.0784 0.0450 0.0008 -0.0701 -0.1753 -0.2713 -0.3323 -0.3657 -0.3818 -0.3872 -0.3859 -0.3803 -0.3720 -0.3618 -0.3504 -0.3382 -0.3256 -0.3126 -0.2995 -0.2862 -0.2728 -0.2593 -0.2456 -0.2314 -0.2167 -0.2009 -0.1833 -0.1626 -0.1359 -0.0956 -0.0127 0.1388 0.2370 0.2636
0.2435 0.1415 -0.0105 -0.0946 -0.1353 -0.1622 -0.1830 -0.2006 -0.2164 -0.2312 -0.2453 -0.2591 -0.2726 -0.2860 -0.2993 -0.3124 -0.3254 -0.3380 -0.3502 -0.3616 -0.3718 -0.3802 -0.3858 -0.3872 -0.3819 -0.3661 -0.3329 -0.2725 -0.1768 -0.0712 0.0002 0.0446 0.0781 0.1075 0.1359 0.1649 0.1953 0.2258 0.2506 0.2542 0.2035 0.0653 -0.0572 -0.1151 -0.1475 -0.1703 -0.1882 -0.2028 -0.2143 -0.2220 -0.2247 -0.2220 -0.2143 -0.2028 -0.1882 -0.1703 -0.1474 -0.1151 -0.0572 0.0653 0.2035 0.2542 0.2506 0.2258 0.1953 0.1649 0.1359 0.1075 0.0781 0.0446 0.0002 -0.0712 -0.1768 -0.2725 -0.3329 -0.3661 -0.3819 -0.3872 -0.3858 -0.3802 -0.3718 -0.3616 -0.3502 -0.3380 -0.3254 -0.3124 -0.2993 -0.2860 -0.2726 -0.2591 -0.2453 -0.2312 -0.2164 -0.2006 -0.1830 -0.1622 -0.1353 -0.0946 -0.0105 0.1415 0.2435
0.1476 -0.0081 -0.0936 -0.1347 -0.1618 -0.1826 -0.2003 -0.2161 -0.2309 -0.2450 -0.2588 -0.2724 -0.2857 -0.2990 -0.3122 -0.3252 -0.3378 -0.3500 -0.3614 -0.3717 -0.3801 -0.3858 -0.3872 -0.3821 -0.3664 -0.3336 -0.2737 -0.1785 -0.0726 -0.0006 0.0441 0.0778 0.1072 0.1356 0.1647 0.1951 0.2256 0.2505 0.2543 0.2037 0.0653 -0.0575 -0.1155 -0.1480 -0.1711 -0.1895 -0.2051 -0.2183 -0.2291 -0.2364 -0.2390 -0.2364 -0.2291 -0.2183 -0.2051 -0.1895 -0.1711 -0.1480 -0.1155 -0.0574 0.0653 0.2037 0.2543 0.2505 0.2256 0.1951 0.1647 0.1356 0.1072 0.0778 0.0441 -0.0006 -0.0726 -0.1785 -0.2737 -0.3336 -0.3664 -0.3821 -0.3872 -0.3858 -0.3801 -0.3717 -0.3614 -0.3500 -0.3378 -0.3252 -0.3122 -0.2990 -0.2857 -0.2724 -0.2588 -0.2450 -0.2309 -0.2161 -0.2003 -0.1826 -0.1618 -0.1347 -0.0936 -0.0081 0.1476
-0.0044 -0.0925 -0.1340 -0.1613 -0.1822 -0.1999 -0.2158 -0.2306 -0.2447 -0.2585 -0.2721 -0.2855 -0.2988 -0.3119 -0.3249 -0.3376 -0.3498 -0.3612 -0.3715 -0.3800 -0.3857 -0.3873 -0.3823 -0.3669 -0.3345 -0.2751 -0.1805 -0.0742 -0.0015 0.0435 0.0773 0.1067 0.1352 0.1643 0.1947 0.2253 0.2503 0.2544 0.2044 0.0662 -0.0572 -0.1155 -0.1481 -0.1714 -0.1901 -0.2062 -0.2204 -0.2329 -0.2432 -0.2502 -0.2528 -0.2502 -0.2432 -0.2329 -0.2204 -0.2062 -0.1901 -0.1714 -0.1481 -0.1155 -0.0572 0.0663 0.2044 0.2544 0.2503 0.2253 0.1947 0.1643 0.1352 0.1067 0.0773 0.0435 -0.0015 -0.0742 -0.1805 -0.2751 -0.3345 -0.3669 -0.3823 -0.3873 -0.3857 -0.3800 -0.3715 -0.3612 -0.3498 -0.3376 -0.3249 -0.3119 -0.2988 -0.2855 -0.2721 -0.2585 -0.2447 -0.2306 -0.2158 -0.1999 -0.1822 -0.1613 -0.1340 -0.0925 -0.0044
-0.0893 -0.1332 -0.1607 -0.1817 -0.1995 -0.2154 -0.2302 -0.2444 -0.2582 -0.2717 -0.2851 -0.2984 -0.3116 -0.3246 -0.3373 -0.3495 -0.3610 -0.3713 -0.3798 -0.3856 -0.3873 -0.3825 -0.3674 -0.3355 -0.2768 -0.1829 -0.0763 -0.0028 0.0427 0.0766 0.1062 0.1346 0.1637 0.1941 0.2247 0.2500 0.2546 0.2056 0.0682 -0.0563 -0.1151 -0.1480 -0.1714 -0.1903 -0.2066 -0.2214 -0.2348 -0.2468 -0.2568 -0.2637 -0.2663 -0.2637 -0.2568 -0.2468 -0.2348 -0.2214 -0.2066 -0.1903 -0.1714 -0.1480 -0.1151 -0.0563 0.0683 0.2056 0.2546 0.2500 0.2247 0.1941 0.1637 0.1346 0.1062 0.0766 0.0427 -0.0028 -0.0763 -0.1829 -0.2768 -0.3355 -0.3674 -0.3825 -0.3873 -0.3856 -0.3798 -0.3713 -0.3610 -0.3495 -0.3373 -0.3246 -0.3116 -0.2984 -0.2851 -0.2717 -0.2582 -0.2444 -0.2302 -0.2154 -0.1995 -0.1817 -0.1607 -0.1332 -0.0893
-0.1310 -0.1598 -0.1810 -0.1989 -0.2148 -0.2297 -0.2439 -0.2577 -0.2713 -0.2847 -0.2980 -0.3111 -0.3241 -0.3369 -0.3491 -0.3606 -0.3710 -0.3796 -0.3855 -0.3873 -0.3828 -0.3681 -0.3368 -0.2792 -0.1863 -0.0792 -0.0045 0.0415 0.0757 0.1053 0.1338 0.1629 0.1933 0.2239 0.2495 0.2550 0.2077 0.0720 -0.0544 -0.1143 -0.1475 -0.1711 -0.1901 -0.2066 -0.2216 -0.2355 -0.2484 -0.2602 -0.2700 -0.2769 -0.2794 -0.2769 -0.2700 -0.2602 -0.2484 -0.2355 -0.2216 -0.2066 -0.1901 -0.1711 -0.1474 -0.1143 -0.0544 0.0720 0.2077 0.2550 0.2495 0.2239 0.1933 0.1629 0.1338 0.1053 0.0757 0.0415 -0.0045 -0.0792 -0.1863 -0.2792 -0.3368 -0.3681 -0.3828 -0.3873 -0.3855 -0.3796 -0.3710 -0.3606 -0.3491 -0.3369 -0.3241 -0.3111 -0.2980 -0.2847 -0.2713 -0.2577 -0.2439 -0.2297 -0.2148 -0.1989 -0.1810 -0.1598 -0.1310
-0.1578 -0.1800 -0.1980 -0.2140 -0.2289 -0.2431 -0.2570 -0.2705 -0.2840 -0.2973 -0.3105 -0.3235 -0.3362 -0.3485 -0.3601 -0.3705 -0.3792 -0.3853 -0.3874 -0.3833 -0.3691 -0.3389 -0.2827 -0.1915 -0.0837 -0.0072 0.0397 0.0742 0.1040 0.1325 0.1615 0.1919 0.2226 0.2486 0.2555 0.2114 0.0789 -0.0508 -0.1126 -0.1464 -0.1703 -0.1895 -0.2062 -0.2214 -0.2355 -0.2489 -0.2616 -0.2731 -0.2829 -0.2897 -0.2923 -0.2897 -0.2829 -0.2731 -0.2616 -0.2489 -0.2355 -0.2214 -0.2062 -0.1895 -0.1703 -0.1464 -0.1126 -0.0508 0.0789 0.2114 0.2555 0.2486 0.2226 0.1919 0.1615 0.1325 0.1040 0.0742 0.0397 -0.0072 -0.0837 -0.1915 -0.2827 -0.3389 -0.3691 -0.3833 -0.3874 -0.3853 -0.3792 -0.3705 -0.3601 -0.3485 -0.3362 -0.3235 -0.3105 -0.2973 -0.2840 -0.2705 -0.2570 -0.2431 -0.2289 -0.2140 -0.1980 -0.1800 -0.1578
-0.1777 -0.1964 -0.2126 -0.2276 -0.2419 -0.2557 -0.2693 -0.2828 -0.2961 -0.3093 -0.3224 -0.3352 -0.3475 -0.3591 -0.3697 -0.3786 -0.3850 -0.3875 -0.3840 -0.3709 -0.3423 -0.2887 -0.2002 -0.0918 -0.0121 0.0365 0.0717 0.1016 0.1301 0.1591 0.1894 0.2202 0.2470 0.2562 0.2176 0.0917 -0.0437 -0.1092 -0.1442 -0.1687 -0.1882 -0.2051 -0.2204 -0.2348 -0.2484 -0.2616 -0.2740 -0.2855 -0.2952 -0.3020 -0.3045 -0.3020 -0.2952 -0.2855 -0.2741 -0.2616 -0.2484 -0.2348 -0.2204 -0.2051 -0.1882 -0.1687 -0.1442 -0.1092 -0.0437 0.0917 0.2176 0.2562 0.2470 0.2202 0.1894 0.1591 0.1301 0.1016 0.0717 0.0365 -0.0121 -0.0918 -0.2002 -0.2887 -0.3423 -0.3709 -0.3840 -0.3875 -0.3850 -0.3786 -0.3697 -0.3591 -0.3475 -0.3352 -0.3224 -0.3093 -0.2961 -0.2828 -0.2693 -0.2557 -0.2419 -0.2276 -0.2126 -0.1964 -0.1777
-0.1932 -0.2100 -0.2252 -0.2396 -0.2535 -0.2672 -0.2807 -0.2940 -0.3073 -0.3204 -0.3332 -0.3457 -0.3574 -0.3682 -0.3775 -0.3843 -0.3876 -0.3852 -0.3739 -0.3481 -0.2989 -0.2157 -0.1070 -0.0214 0.0305 0.0669 0.0974 0.1259 0.1548 0.1848 0.2157 0.2436 0.2568 0.2277 0.1154 -0.0290 -0.1024 -0.1400 -0.1655 -0.1856 -0.2028 -0.2183 -0.2329 -0.2468 -0.2602 -0.2731 -0.2855 -0.2969 -0.3065 -0.3133 -0.3157 -0.3133 -0.3065 -0.2969 -0.2855 -0.2731 -0.2602 -0.2468 -0.2329 -0.2183 -0.2028 -0.1856 -0.1655 -0.1400 -0.1024 -0.0290 0.1154 0.2277 0.2568 0.2436 0.2157 0.1848 0.1548 0.1259 0.0974 0.0669 0.0305 -0.0214 -0.1070 -0.2157 -0.2989 -0.3481 -0.3739 -0.3852 -0.3876 -0.3843 -0.3775 -0.3682 -0.3574 -0.3457 -0.3332 -0.3204 -0.3073 -0.2940 -0.2807 -0.2672 -0.2535 -0.2396 -0.2252 -0.2100 -0.1932
-0.2050 -0.2209 -0.2355 -0.2496 -0.2633 -0.2769 -0.2903 -0.3036 -0.3167 -0.3297 -0.3423 -0.3543 -0.3654 -0.3752 -0.3828 -0.3873 -0.3868 -0.3784 -0.3573 -0.3156 -0.2424 -0.1368 -0.0406 0.0185 0.0579 0.0894 0.1182 0.1468 0.1765 0.2074 0.2368 0.2558 0.2418 0.1551 0.0030 -0.0879 -0.1313 -0.1593 -0.1805 -0.1983 -0.2143 -0.2291 -0.2432 -0.2568 -0.2700 -0.2829 -0.2952 -0.3065 -0.3161 -0.3227 -0.3252 -0.3227 -0.3161 -0.3065 -0.2952 -0.2829 -0.2700 -0.2568 -0.2432 -0.2291 -0.2143 -0.1983 -0.1805 -0.1593 -0.1313 -0.0879 0.0030 0.1551 0.2418 0.2558 0.2368 0.2074 0.1765 0.1468 0.1182 0.0894 0.0579 0.0185 -0.0406 -0.1368 -0.2424 -0.3156 -0.3573 -0.3784 -0.3868 -0.3873 -0.3828 -0.3752 -0.3654 -0.3543 -0.3423 -0.3297 -0.3167 -0.3036 -0.2903 -0.2769 -0.2633 -0.2496 -0.2355 -0.2209 -0.2050
-0.2128 -0.2282 -0.2425 -0.2564 -0.2701 -0.2836 -0.2970 -0.3102 -0.3233 -0.3361 -0.3485 -0.3601 -0.3707 -0.3795 -0.3858 -0.3880 -0.3840 -0.3699 -0.3396 -0.2832 -0.1913 -0.0830 -0.0067 0.0402 0.0746 0.1043 0.1328 0.1619 0.1922 0.2229 0.2487 0.2548 0.2088 0.0756 -0.0525 -0.1129 -0.1467 -0.1706 -0.1899 -0.2067 -0.2220 -0.2364 -0.2502 -0.2637 -0.2769 -0.2897 -0.3020 -0.3133 -0.3227 -0.3293 -0.3317 -0.3293 -0.3227 -0.3133 -0.3020 -0.2897 -0.2769 -0.2637 -0.2502 -0.2364 -0.2220 -0.2067 -0.1899 -0.1706 -0.1467 -0.1129 -0.0525 0.0756 0.2088 0.2548 0.2487 0.2229 0.1922 0.1619 0.1328 0.1043 0.0746 0.0402 -0.0067 -0.0830 -0.1913 -0.2832 -0.3396 -0.3699 -0.3840 -0.3880 -0.3858 -0.3795 -0.3707 -0.3601 -0.3485 -0.3361 -0.3233 -0.3102 -0.2970 -0.2836 -0.2701 -0.2564 -0.2425 -0.2282 -0.2128
-0.2156 -0.2308 -0.2451 -0.2589 -0.2726 -0.2860 -0.2994 -0.3127 -0.3257 -0.3385 -0.3507 -0.3622 -0.3725 -0.3810 -0.3866 -0.3879 -0.3824 -0.3659 -0.3315 -0.2689 -0.1707 -0.0655 0.0038 0.0473 0.0804 0.1097 0.1382 0.1675 0.1981 0.2285 0.2521 0.2513 0.1904 0.0455 -0.0675 -0.1204 -0.1517 -0.1745 -0.1932 -0.2096 -0.2247 -0.2390 -0.2528 -0.2663 -0.2794 -0.2923 -0.3045 -0.3157 -0.3252 -0.3317 -0.3341 -0.3317 -0.3252 -0.3157 -0.3045 -0.2923 -0.2794 -0.2663 -0.2528 -0.2390 -0.2247 -0.2096 -0.1932 -0.1745 -0.1517 -0.1204 -0.0675 0.0455 0.1904 0.2513 0.2521 0.2285 0.1981 0.1675 0.1382 0.1097 0.0804 0.0473 0.0038 -0.0655 -0.1707 -0.2689 -0.3315 -0.3659 -0.3824 -0.3879 -0.3866 -0.3810 -0.3725 -0.3622 -0.3507 -0.3385 -0.3257 -0.3127 -0.2994 -0.2860 -0.2726 -0.2589 -0.2451 -0.2308 -0.2156
