0.2467 0.1982 0.1684 0.1538 0.1453 0.1398 0.1363 0.1343 0.1336 0.1341 0.1358 0.1387 0.1428 0.1483 0.1551 0.1634 0.1734 0.1852 0.1990 0.2149 0.2332 0.2541 0.2778 0.3045 0.3342 0.3667 0.4013 0.4364 0.4688 0.4930 0.5050 0.5070 0.5022 0.4916 0.4757 0.4542 0.4268 0.3930 0.3523 0.3048 0.2529 0.2038 0.1713 0.1553 0.1464 0.1407 0.1371 0.1350 0.1340 0.1336 0.1336 0.1336 0.1340 0.1350 0.1371 0.1407 0.1464 0.1553 0.1713 0.2038 0.2529 0.3048 0.3523 0.3930 0.4269 0.4542 0.4757 0.4916 0.5022 0.5070 0.5050 0.4930 0.4688 0.4364 0.4013 0.3667 0.3342 0.3045 0.2778 0.2541 0.2332 0.2149 0.1989 0.1852 0.1734 0.1634 0.1551 0.1483 0.1428 0.1387 0.1358 0.1341 0.1336 0.1343 0.1363 0.1398 0.1453 0.1538 0.1684 0.1982 0.2467
0.1982 0.1679 0.1535 0.1451 0.1398 0.1363 0.1344 0.1338 0.1343 0.1361 0.1390 0.1432 0.1487 0.1555 0.1639 0.1739 0.1857 0.1995 0.2154 0.2337 0.2546 0.2782 0.3048 0.3342 0.3664 0.4005 0.4349 0.4663 0.4895 0.5008 0.5026 0.4977 0.4871 0.4713 0.4500 0.4229 0.3893 0.3490 0.3021 0.2508 0.2024 0.1704 0.1548 0.1461 0.1405 0.1369 0.1348 0.1339 0.1338 0.1341 0.1343 0.1341 0.1338 0.1339 0.1348 0.1369 0.1405 0.1461 0.1548 0.1704 0.2024 0.2508 0.3021 0.3490 0.3894 0.4229 0.4500 0.4713 0.4871 0.4977 0.5026 0.5008 0.4895 0.4663 0.4349 0.4005 0.3664 0.3342 0.3048 0.2782 0.2546 0.2337 0.2154 0.1995 0.1857 0.1739 0.1639 0.1555 0.1487 0.1432 0.1390 0.1361 0.1343 0.1338 0.1344 0.1363 0.1398 0.1451 0.1535 0.1679 0.1982
0.1684 0.1535 0.1451 0.1397 0.1363 0.1344 0.1338 0.1343 0.1361 0.1391 0.1433 0.1488 0.1557 0.1641 0.1741 0.1860 0.1998 0.2157 0.2341 0.2550 0.2787 0.3053 0.3348 0.3670 0.4011 0.4355 0.4668 0.4898 0.5009 0.5026 0.4975 0.4869 0.4710 0.4496 0.4223 0.3887 0.3482 0.3012 0.2498 0.2016 0.1700 0.1546 0.1459 0.1403 0.1367 0.1346 0.1338 0.1339 0.1347 0.1356 0.1361 0.1356 0.1347 0.1339 0.1338 0.1346 0.1367 0.1403 0.1459 0.1546 0.1700 0.2016 0.2499 0.3012 0.3483 0.3887 0.4223 0.4496 0.4710 0.4869 0.4975 0.5026 0.5009 0.4898 0.4668 0.4355 0.4011 0.3670 0.3348 0.3052 0.2786 0.2550 0.2341 0.2157 0.1998 0.1860 0.1741 0.1641 0.1557 0.1488 0.1432 0.1391 0.1361 0.1343 0.1338 0.1344 0.1363 0.1397 0.1451 0.1535 0.1684
0.1538 0.1451 0.1397 0.1363 0.1344 0.1338 0.1344 0.1361 0.1391 0.1433 0.1489 0.1558 0.1642 0.1743 0.1862 0.2000 0.2160 0.2344 0.2554 0.2791 0.3058 0.3354 0.3676 0.4018 0.4361 0.4673 0.4901 0.5010 0.5025 0.4974 0.4867 0.4706 0.4491 0.4218 0.3880 0.3474 0.3003 0.2489 0.2008 0.1696 0.1544 0.1457 0.1402 0.1366 0.1346 0.1338 0.1341 0.1353 0.1369 0.1385 0.1391 0.1385 0.1369 0.1353 0.1341 0.1338 0.1346 0.1366 0.1402 0.1457 0.1544 0.1696 0.2008 0.2489 0.3003 0.3475 0.3880 0.4218 0.4492 0.4706 0.4867 0.4974 0.5025 0.5010 0.4901 0.4673 0.4361 0.4017 0.3676 0.3353 0.3058 0.2791 0.2554 0.2344 0.2160 0.2000 0.1862 0.1743 0.1642 0.1558 0.1489 0.1433 0.1391 0.1361 0.1344 0.1338 0.1344 0.1363 0.1397 0.1451 0.1538
0.1453 0.1398 0.1363 0.1344 0.1338 0.1344 0.1362 0.1391 0.1434 0.1489 0.1559 0.1644 0.1745 0.1864 0.2003 0.2163 0.2347 0.2557 0.2795 0.3063 0.3359 0.3682 0.4024 0.4367 0.4678 0.4904 0.5011 0.5025 0.4972 0.4864 0.4703 0.4487 0.4212 0.3874 0.3467 0.2994 0.2480 0.2001 0.1692 0.1542 0.1456 0.1401 0.1365 0.1345 0.1338 0.1342 0.1356 0.1378 0.1404 0.1426 0.1434 0.1426 0.1404 0.1378 0.1356 0.1342 0.1338 0.1345 0.1365 0.1401 0.1456 0.1542 0.1692 0.2001 0.2480 0.2994 0.3467 0.3874 0.4212 0.4487 0.4703 0.4864 0.4972 0.5025 0.5011 0.4904 0.4678 0.4367 0.4024 0.3682 0.3359 0.3062 0.2795 0.2557 0.2347 0.2163 0.2003 0.1864 0.1745 0.1644 0.1559 0.1489 0.1434 0.1391 0.1362 0.1344 0.1338 0.1344 0.1363 0.1398 0.1453
0.1398 0.1363 0.1344 0.1338 0.1344 0.1362 0.1392 0.1434 0.1490 0.1560 0.1645 0.1746 0.1866 0.2005 0.2166 0.2350 0.2561 0.2800 0.3067 0.3364 0.3688 0.4030 0.4373 0.4683 0.4907 0.5012 0.5025 0.4971 0.4862 0.4700 0.4483 0.4207 0.3867 0.3459 0.2985 0.2471 0.1993 0.1688 0.1540 0.1455 0.1400 0.1365 0.1345 0.1338 0.1342 0.1358 0.1383 0.1416 0.1451 0.1480 0.1491 0.1480 0.1451 0.1416 0.1383 0.1358 0.1342 0.1338 0.1345 0.1365 0.1400 0.1455 0.1540 0.1689 0.1993 0.2471 0.2985 0.3459 0.3867 0.4207 0.4483 0.4700 0.4862 0.4971 0.5025 0.5012 0.4907 0.4683 0.4373 0.4030 0.3688 0.3364 0.3067 0.2799 0.2561 0.2350 0.2166 0.2005 0.1866 0.1746 0.1645 0.1560 0.1490 0.1434 0.1392 0.1362 0.1344 0.1338 0.1344 0.1363 0.1398
0.1363 0.1344 0.1338 0.1344 0.1362 0.1392 0.1434 0.1490 0.1560 0.1646 0.1747 0.1867 0.2007 0.2168 0.2353 0.2564 0.2804 0.3072 0.3369 0.3693 0.4035 0.4379 0.4688 0.4910 0.5013 0.5024 0.4969 0.4859 0.4696 0.4478 0.4201 0.3860 0.3451 0.2976 0.2461 0.1986 0.1685 0.1538 0.1454 0.1399 0.1364 0.1344 0.1338 0.1343 0.1359 0.1386 0.1423 0.1468 0.1513 0.1549 0.1563 0.1549 0.1513 0.1468 0.1423 0.1386 0.1359 0.1343 0.1338 0.1345 0.1364 0.1399 0.1454 0.1538 0.1685 0.1986 0.2462 0.2976 0.3451 0.3860 0.4201 0.4478 0.4696 0.4859 0.4969 0.5024 0.5013 0.4910 0.4688 0.4378 0.4035 0.3693 0.3369 0.3072 0.2803 0.2564 0.2353 0.2168 0.2007 0.1867 0.1747 0.1646 0.1560 0.1490 0.1434 0.1392 0.1362 0.1344 0.1338 0.1344 0.1363
0.1343 0.1338 0.1343 0.1361 0.1391 0.1434 0.1490 0.1561 0.1646 0.1748 0.1868 0.2008 0.2170 0.2356 0.2568 0.2807 0.3076 0.3374 0.3698 0.4041 0.4384 0.4693 0.4913 0.5014 0.5024 0.4968 0.4857 0.4693 0.4474 0.4196 0.3853 0.3443 0.2967 0.2452 0.1979 0.1681 0.1536 0.1452 0.1398 0.1364 0.1344 0.1338 0.1343 0.1360 0.1388 0.1428 0.1477 0.1533 0.1589 0.1633 0.1651 0.1633 0.1589 0.1533 0.1477 0.1428 0.1388 0.1360 0.1343 0.1338 0.1344 0.1364 0.1398 0.1452 0.1536 0.1681 0.1979 0.2452 0.2967 0.3443 0.3854 0.4196 0.4474 0.4693 0.4857 0.4968 0.5024 0.5014 0.4913 0.4692 0.4384 0.4041 0.3698 0.3374 0.3076 0.2807 0.2568 0.2356 0.2170 0.2008 0.1868 0.1748 0.1646 0.1561 0.1490 0.1434 0.1391 0.1361 0.1343 0.1338 0.1343
0.1336 0.1343 0.1361 0.1391 0.1434 0.1490 0.1560 0.1646 0.1748 0.1869 0.2009 0.2172 0.2358 0.2570 0.2810 0.3080 0.3379 0.3703 0.4046 0.4389 0.4697 0.4915 0.5015 0.5023 0.4967 0.4855 0.4690 0.4470 0.4190 0.3847 0.3435 0.2958 0.2443 0.1971 0.1678 0.1534 0.1451 0.1398 0.1363 0.1344 0.1338 0.1343 0.1361 0.1390 0.1430 0.1483 0.1545 0.1614 0.1682 0.1735 0.1755 0.1735 0.1682 0.1614 0.1545 0.1483 0.1430 0.1390 0.1361 0.1343 0.1338 0.1344 0.1363 0.1398 0.1451 0.1534 0.1678 0.1971 0.2443 0.2958 0.3435 0.3847 0.4191 0.4470 0.4690 0.4855 0.4967 0.5023 0.5015 0.4915 0.4697 0.4389 0.4046 0.3703 0.3378 0.3080 0.2810 0.2570 0.2358 0.2172 0.2009 0.1869 0.1748 0.1646 0.1560 0.1490 0.1434 0.1391 0.1361 0.1343 0.1336
0.1341 0.1361 0.1391 0.1433 0.1489 0.1560 0.1646 0.1748 0.1869 0.2010 0.2172 0.2359 0.2572 0.2813 0.3083 0.3382 0.3708 0.4051 0.4394 0.4701 0.4917 0.5016 0.5023 0.4965 0.4852 0.4687 0.4466 0.4185 0.3840 0.3427 0.2949 0.2434 0.1964 0.1674 0.1532 0.1450 0.1397 0.1363 0.1344 0.1338 0.1343 0.1361 0.1391 0.1432 0.1486 0.1552 0.1628 0.1712 0.1792 0.1855 0.1879 0.1855 0.1792 0.1712 0.1628 0.1552 0.1486 0.1432 0.1391 0.1361 0.1343 0.1338 0.1344 0.1363 0.1397 0.1450 0.1532 0.1674 0.1965 0.2434 0.2950 0.3427 0.3841 0.4185 0.4466 0.4687 0.4853 0.4965 0.5023 0.5016 0.4917 0.4701 0.4394 0.4051 0.3708 0.3382 0.3083 0.2813 0.2572 0.2359 0.2172 0.2010 0.1869 0.1748 0.1646 0.1560 0.1489 0.1433 0.1391 0.1361 0.1341
0.1358 0.1390 0.1432 0.1489 0.1559 0.1645 0.1747 0.1868 0.2009 0.2172 0.2359 0.2573 0.2814 0.3085 0.3385 0.3711 0.4055 0.4398 0.4705 0.4920 0.5016 0.5022 0.4964 0.4850 0.4684 0.4462 0.4180 0.3834 0.3420 0.2941 0.2426 0.1958 0.1671 0.1530 0.1449 0.1396 0.1362 0.1344 0.1338 0.1344 0.1362 0.1391 0.1433 0.1488 0.1556 0.1637 0.1728 0.1827 0.1922 0.1995 0.2024 0.1995 0.1922 0.1827 0.1728 0.1637 0.1556 0.1488 0.1433 0.1391 0.1362 0.1344 0.1338 0.1344 0.1362 0.1396 0.1449 0.1530 0.1671 0.1958 0.2426 0.2941 0.3420 0.3835 0.4181 0.4462 0.4684 0.4850 0.4964 0.5022 0.5016 0.4920 0.4705 0.4398 0.4055 0.3711 0.3385 0.3085 0.2814 0.2573 0.2359 0.2172 0.2009 0.1868 0.1747 0.1645 0.1559 0.1489 0.1432 0.1390 0.1358
0.1387 0.1432 0.1488 0.1558 0.1644 0.1746 0.1867 0.2008 0.2172 0.2359 0.2573 0.2815 0.3086 0.3387 0.3714 0.4058 0.4402 0.4708 0.4922 0.5017 0.5022 0.4963 0.4848 0.4681 0.4458 0.4176 0.3829 0.3413 0.2933 0.2418 0.1951 0.1668 0.1529 0.1448 0.1395 0.1362 0.1343 0.1338 0.1344 0.1362 0.1392 0.1434 0.1490 0.1559 0.1641 0.1738 0.1847 0.1963 0.2073 0.2158 0.2191 0.2158 0.2073 0.1963 0.1847 0.1738 0.1641 0.1559 0.1490 0.1434 0.1392 0.1362 0.1344 0.1338 0.1343 0.1362 0.1395 0.1448 0.1529 0.1668 0.1952 0.2418 0.2933 0.3413 0.3829 0.4176 0.4458 0.4681 0.4848 0.4963 0.5022 0.5017 0.4922 0.4708 0.4401 0.4058 0.3714 0.3387 0.3086 0.2815 0.2573 0.2359 0.2172 0.2008 0.1867 0.1746 0.1644 0.1558 0.1488 0.1432 0.1387
0.1428 0.1487 0.1557 0.1642 0.1745 0.1866 0.2007 0.2170 0.2358 0.2572 0.2814 0.3086 0.3387 0.3715 0.4060 0.4404 0.4710 0.4923 0.5017 0.5022 0.4961 0.4846 0.4678 0.4454 0.4171 0.3823 0.3406 0.2925 0.2410 0.1945 0.1665 0.1527 0.1447 0.1395 0.1362 0.1343 0.1338 0.1344 0.1362 0.1393 0.1435 0.1491 0.1561 0.1645 0.1744 0.1858 0.1986 0.2120 0.2248 0.2345 0.2383 0.2345 0.2248 0.2120 0.1986 0.1858 0.1744 0.1645 0.1561 0.1491 0.1435 0.1393 0.1362 0.1344 0.1338 0.1343 0.1362 0.1395 0.1447 0.1527 0.1665 0.1945 0.2410 0.2926 0.3406 0.3823 0.4171 0.4454 0.4678 0.4846 0.4961 0.5022 0.5017 0.4923 0.4710 0.4404 0.4060 0.3715 0.3387 0.3086 0.2814 0.2572 0.2358 0.2170 0.2007 0.1866 0.1745 0.1642 0.1557 0.1487 0.1428
0.1483 0.1555 0.1641 0.1743 0.1864 0.2005 0.2168 0.2356 0.2570 0.2813 0.3085 0.3387 0.3715 0.4061 0.4405 0.4711 0.4924 0.5018 0.5021 0.4960 0.4844 0.4675 0.4450 0.4166 0.3817 0.3399 0.2918 0.2402 0.1939 0.1662 0.1526 0.1446 0.1394 0.1361 0.1343 0.1338 0.1344 0.1363 0.1393 0.1436 0.1492 0.1562 0.1647 0.1748 0.1865 0.1999 0.2147 0.2302 0.2448 0.2560 0.2603 0.2560 0.2448 0.2302 0.2147 0.1999 0.1865 0.1748 0.1647 0.1562 0.1492 0.1436 0.1393 0.1363 0.1344 0.1338 0.1343 0.1361 0.1394 0.1446 0.1526 0.1662 0.1940 0.2402 0.2918 0.3399 0.3817 0.4166 0.4450 0.4675 0.4844 0.4960 0.5021 0.5018 0.4924 0.4711 0.4405 0.4061 0.3715 0.3387 0.3085 0.2813 0.2570 0.2356 0.2168 0.2005 0.1864 0.1743 0.1641 0.1555 0.1483
0.1551 0.1639 0.1741 0.1862 0.2003 0.2166 0.2353 0.2568 0.2810 0.3083 0.3385 0.3714 0.4060 0.4405 0.4712 0.4925 0.5018 0.5021 0.4960 0.4843 0.4673 0.4447 0.4162 0.3812 0.3393 0.2910 0.2394 0.1934 0.1659 0.1524 0.1445 0.1393 0.1361 0.1343 0.1338 0.1344 0.1363 0.1394 0.1437 0.1493 0.1564 0.1649 0.1751 0.1870 0.2007 0.2162 0.2332 0.2509 0.2677 0.2803 0.2852 0.2803 0.2676 0.2509 0.2332 0.2162 0.2007 0.1870 0.1751 0.1649 0.1564 0.1493 0.1437 0.1394 0.1363 0.1344 0.1338 0.1343 0.1361 0.1393 0.1445 0.1524 0.1659 0.1934 0.2394 0.2910 0.3393 0.3812 0.4162 0.4447 0.4673 0.4843 0.4960 0.5021 0.5018 0.4925 0.4712 0.4405 0.4060 0.3714 0.3385 0.3083 0.2810 0.2568 0.2353 0.2166 0.2003 0.1862 0.1741 0.1639 0.1551
0.1634 0.1739 0.1860 0.2000 0.2163 0.2350 0.2564 0.2807 0.3080 0.3382 0.3711 0.4058 0.4404 0.4711 0.4925 0.5018 0.5021 0.4959 0.4842 0.4672 0.4445 0.4159 0.3807 0.3387 0.2903 0.2386 0.1928 0.1656 0.1523 0.1444 0.1393 0.1360 0.1343 0.1338 0.1345 0.1364 0.1394 0.1438 0.1494 0.1565 0.1651 0.1753 0.1873 0.2012 0.2171 0.2349 0.2544 0.2746 0.2935 0.3077 0.3131 0.3077 0.2934 0.2746 0.2544 0.2349 0.2171 0.2012 0.1873 0.1753 0.1651 0.1565 0.1494 0.1438 0.1394 0.1364 0.1345 0.1338 0.1343 0.1360 0.1393 0.1444 0.1523 0.1656 0.1928 0.2387 0.2903 0.3387 0.3807 0.4159 0.4445 0.4672 0.4842 0.4959 0.5021 0.5018 0.4925 0.4711 0.4404 0.4058 0.3711 0.3382 0.3080 0.2807 0.2564 0.2350 0.2163 0.2000 0.1860 0.1739 0.1634
0.1734 0.1857 0.1998 0.2160 0.2347 0.2561 0.2803 0.3076 0.3378 0.3708 0.4055 0.4401 0.4710 0.4924 0.5018 0.5021 0.4959 0.4842 0.4671 0.4444 0.4156 0.3804 0.3382 0.2897 0.2380 0.1923 0.1653 0.1521 0.1443 0.1392 0.1360 0.1342 0.1338 0.1345 0.1364 0.1395 0.1439 0.1495 0.1566 0.1652 0.1755 0.1876 0.2016 0.2177 0.2360 0.2564 0.2785 0.3012 0.3223 0.3381 0.3441 0.3381 0.3223 0.3012 0.2785 0.2564 0.2360 0.2177 0.2016 0.1875 0.1755 0.1652 0.1566 0.1495 0.1439 0.1395 0.1364 0.1345 0.1338 0.1342 0.1360 0.1392 0.1443 0.1521 0.1654 0.1923 0.2380 0.2897 0.3382 0.3804 0.4156 0.4444 0.4671 0.4842 0.4959 0.5021 0.5018 0.4924 0.4710 0.4401 0.4055 0.3708 0.3378 0.3076 0.2803 0.2561 0.2347 0.2160 0.1998 0.1857 0.1734
0.1852 0.1995 0.2157 0.2344 0.2557 0.2799 0.3072 0.3374 0.3703 0.4051 0.4398 0.4708 0.4923 0.5018 0.5021 0.4959 0.4842 0.4670 0.4443 0.4155 0.3801 0.3379 0.2893 0.2375 0.1918 0.1651 0.1520 0.1442 0.1392 0.1360 0.1342 0.1338 0.1345 0.1364 0.1396 0.1439 0.1496 0.1567 0.1654 0.1757 0.1878 0.2019 0.2181 0.2366 0.2575 0.2807 0.3056 0.3309 0.3541 0.3712 0.3776 0.3712 0.3541 0.3309 0.3056 0.2807 0.2575 0.2366 0.2181 0.2019 0.1878 0.1757 0.1654 0.1567 0.1496 0.1439 0.1396 0.1364 0.1345 0.1338 0.1342 0.1360 0.1392 0.1442 0.1520 0.1651 0.1919 0.2375 0.2893 0.3379 0.3801 0.4155 0.4443 0.4670 0.4842 0.4959 0.5021 0.5018 0.4923 0.4708 0.4398 0.4051 0.3703 0.3374 0.3072 0.2799 0.2557 0.2344 0.2157 0.1995 0.1852
0.1989 0.2154 0.2341 0.2554 0.2795 0.3067 0.3369 0.3698 0.4046 0.4394 0.4705 0.4922 0.5017 0.5021 0.4960 0.4842 0.4671 0.4443 0.4154 0.3800 0.3377 0.2890 0.2371 0.1915 0.1649 0.1519 0.1441 0.1391 0.1359 0.1342 0.1338 0.1345 0.1365 0.1396 0.1440 0.1497 0.1569 0.1655 0.1758 0.1880 0.2021 0.2184 0.2371 0.2583 0.2820 0.3080 0.3357 0.3634 0.3883 0.4062 0.4128 0.4062 0.3883 0.3634 0.3357 0.3080 0.2819 0.2582 0.2371 0.2184 0.2021 0.1880 0.1758 0.1655 0.1569 0.1497 0.1440 0.1396 0.1365 0.1345 0.1338 0.1342 0.1359 0.1391 0.1441 0.1519 0.1649 0.1915 0.2371 0.2890 0.3377 0.3800 0.4154 0.4443 0.4671 0.4842 0.4960 0.5021 0.5017 0.4922 0.4705 0.4394 0.4046 0.3698 0.3369 0.3067 0.2795 0.2554 0.2341 0.2154 0.1989
0.2149 0.2337 0.2550 0.2791 0.3062 0.3364 0.3693 0.4041 0.4389 0.4701 0.4920 0.5017 0.5022 0.4960 0.4843 0.4672 0.4444 0.4155 0.3800 0.3376 0.2888 0.2369 0.1913 0.1648 0.1518 0.1441 0.1391 0.1359 0.1342 0.1338 0.1346 0.1365 0.1397 0.1441 0.1498 0.1570 0.1657 0.1760 0.1882 0.2023 0.2187 0.2375 0.2588 0.2828 0.3094 0.3383 0.3685 0.3980 0.4235 0.4410 0.4473 0.4410 0.4235 0.3980 0.3685 0.3383 0.3094 0.2828 0.2588 0.2375 0.2187 0.2023 0.1882 0.1760 0.1657 0.1570 0.1498 0.1441 0.1397 0.1365 0.1346 0.1338 0.1342 0.1359 0.1391 0.1441 0.1518 0.1648 0.1913 0.2369 0.2888 0.3376 0.3800 0.4155 0.4444 0.4672 0.4843 0.4960 0.5022 0.5017 0.4920 0.4701 0.4389 0.4041 0.3693 0.3364 0.3062 0.2791 0.2550 0.2337 0.2149
0.2332 0.2546 0.2786 0.3058 0.3359 0.3688 0.4035 0.4384 0.4697 0.4917 0.5016 0.5022 0.4961 0.4844 0.4673 0.4445 0.4156 0.3801 0.3377 0.2888 0.2368 0.1912 0.1647 0.1517 0.1440 0.1390 0.1359 0.1342 0.1338 0.1346 0.1365 0.1397 0.1442 0.1499 0.1571 0.1658 0.1762 0.1884 0.2026 0.2190 0.2378 0.2592 0.2834 0.3103 0.3399 0.3714 0.4033 0.4331 0.4570 0.4719 0.4768 0.4719 0.4570 0.4331 0.4033 0.3714 0.3399 0.3103 0.2834 0.2592 0.2378 0.2190 0.2026 0.1884 0.1762 0.1658 0.1571 0.1499 0.1442 0.1397 0.1365 0.1346 0.1338 0.1342 0.1359 0.1390 0.1440 0.1517 0.1647 0.1912 0.2368 0.2888 0.3377 0.3801 0.4156 0.4445 0.4673 0.4844 0.4961 0.5022 0.5016 0.4917 0.4697 0.4384 0.4035 0.3688 0.3359 0.3058 0.2786 0.2546 0.2332
0.2541 0.2782 0.3052 0.3353 0.3682 0.4030 0.4378 0.4692 0.4915 0.5016 0.5022 0.4963 0.4846 0.4675 0.4447 0.4159 0.3804 0.3379 0.2890 0.2369 0.1912 0.1647 0.1517 0.1440 0.1390 0.1359 0.1342 0.1338 0.1346 0.1366 0.1398 0.1442 0.1500 0.1572 0.1659 0.1763 0.1886 0.2028 0.2193 0.2381 0.2596 0.2838 0.3110 0.3409 0.3730 0.4062 0.4382 0.4653 0.4838 0.4930 0.4956 0.4930 0.4838 0.4653 0.4382 0.4062 0.3730 0.3409 0.3110 0.2838 0.2596 0.2381 0.2192 0.2028 0.1886 0.1763 0.1659 0.1572 0.1500 0.1442 0.1398 0.1366 0.1346 0.1338 0.1342 0.1359 0.1390 0.1440 0.1517 0.1647 0.1912 0.2369 0.2890 0.3379 0.3804 0.4159 0.4447 0.4675 0.4846 0.4963 0.5022 0.5016 0.4915 0.4692 0.4378 0.4030 0.3682 0.3353 0.3052 0.2782 0.2541
0.2778 0.3048 0.3348 0.3676 0.4024 0.4373 0.4688 0.4913 0.5015 0.5023 0.4964 0.4848 0.4678 0.4450 0.4162 0.3807 0.3382 0.2893 0.2371 0.1913 0.1647 0.1517 0.1440 0.1390 0.1359 0.1342 0.1338 0.1346 0.1366 0.1398 0.1443 0.1501 0.1573 0.1661 0.1765 0.1888 0.2031 0.2195 0.2384 0.2599 0.2843 0.3115 0.3416 0.3741 0.4079 0.4409 0.4695 0.4892 0.4988 0.5020 0.5026 0.5020 0.4988 0.4892 0.4695 0.4409 0.4079 0.3741 0.3416 0.3115 0.2843 0.2599 0.2384 0.2195 0.2030 0.1888 0.1765 0.1661 0.1573 0.1501 0.1443 0.1398 0.1366 0.1346 0.1338 0.1342 0.1359 0.1390 0.1440 0.1517 0.1647 0.1913 0.2371 0.2893 0.3382 0.3807 0.4162 0.4450 0.4678 0.4848 0.4964 0.5023 0.5015 0.4913 0.4688 0.4373 0.4024 0.3676 0.3348 0.3048 0.2778
0.3045 0.3342 0.3670 0.4017 0.4367 0.4683 0.4910 0.5014 0.5023 0.4965 0.4850 0.4681 0.4454 0.4166 0.3812 0.3387 0.2897 0.2375 0.1915 0.1648 0.1517 0.1440 0.1390 0.1358 0.1342 0.1338 0.1346 0.1366 0.1398 0.1443 0.1502 0.1574 0.1662 0.1767 0.1890 0.2033 0.2198 0.2387 0.2603 0.2847 0.3120 0.3422 0.3749 0.4090 0.4425 0.4717 0.4917 0.5008 0.5029 0.5019 0.5011 0.5019 0.5029 0.5008 0.4917 0.4717 0.4425 0.4090 0.3748 0.3422 0.3120 0.2847 0.2603 0.2387 0.2198 0.2033 0.1890 0.1767 0.1662 0.1574 0.1502 0.1443 0.1398 0.1366 0.1346 0.1338 0.1342 0.1358 0.1390 0.1440 0.1517 0.1648 0.1915 0.2375 0.2897 0.3387 0.3812 0.4166 0.4454 0.4681 0.4850 0.4965 0.5023 0.5014 0.4910 0.4683 0.4367 0.4017 0.3670 0.3342 0.3045
0.3342 0.3664 0.4011 0.4361 0.4678 0.4907 0.5013 0.5024 0.4967 0.4853 0.4684 0.4458 0.4171 0.3817 0.3393 0.2903 0.2380 0.1919 0.1649 0.1518 0.1440 0.1390 0.1359 0.1342 0.1338 0.1346 0.1366 0.1399 0.1444 0.1502 0.1575 0.1663 0.1768 0.1891 0.2035 0.2201 0.2390 0.2606 0.2851 0.3124 0.3427 0.3755 0.4098 0.4436 0.4730 0.4929 0.5016 0.5026 0.4994 0.4953 0.4934 0.4953 0.4994 0.5026 0.5016 0.4929 0.4730 0.4436 0.4098 0.3755 0.3427 0.3124 0.2851 0.2606 0.2390 0.2200 0.2035 0.1891 0.1768 0.1663 0.1575 0.1502 0.1444 0.1399 0.1366 0.1346 0.1338 0.1342 0.1359 0.1390 0.1440 0.1518 0.1649 0.1919 0.2380 0.2903 0.3393 0.3817 0.4171 0.4458 0.4684 0.4853 0.4967 0.5024 0.5013 0.4907 0.4678 0.4361 0.4011 0.3664 0.3342
0.3667 0.4005 0.4355 0.4673 0.4904 0.5012 0.5024 0.4968 0.4855 0.4687 0.4462 0.4176 0.3823 0.3399 0.2910 0.2387 0.1923 0.1651 0.1519 0.1441 0.1390 0.1359 0.1342 0.1338 0.1346 0.1366 0.1399 0.1444 0.1503 0.1575 0.1664 0.1769 0.1893 0.2037 0.2203 0.2393 0.2610 0.2854 0.3129 0.3432 0.3760 0.4104 0.4443 0.4738 0.4936 0.5019 0.5022 0.4974 0.4900 0.4831 0.4801 0.4831 0.4900 0.4974 0.5022 0.5019 0.4936 0.4738 0.4443 0.4104 0.3760 0.3432 0.3129 0.2854 0.2610 0.2393 0.2203 0.2037 0.1893 0.1769 0.1664 0.1575 0.1503 0.1444 0.1399 0.1366 0.1346 0.1338 0.1342 0.1359 0.1390 0.1441 0.1519 0.1651 0.1923 0.2387 0.2910 0.3399 0.3823 0.4176 0.4462 0.4687 0.4855 0.4968 0.5024 0.5012 0.4904 0.4673 0.4355 0.4005 0.3667
0.4013 0.4349 0.4668 0.4901 0.5011 0.5025 0.4969 0.4857 0.4690 0.4466 0.4181 0.3829 0.3406 0.2918 0.2394 0.1928 0.1654 0.1520 0.1441 0.1391 0.1359 0.1342 0.1338 0.1346 0.1366 0.1399 0.1444 0.1503 0.1576 0.1664 0.1770 0.1894 0.2038 0.2205 0.2395 0.2613 0.2858 0.3133 0.3437 0.3766 0.4110 0.4449 0.4744 0.4940 0.5021 0.5020 0.4962 0.4865 0.4751 0.4654 0.4614 0.4654 0.4751 0.4865 0.4962 0.5020 0.5021 0.4940 0.4744 0.4449 0.4110 0.3766 0.3436 0.3133 0.2858 0.2612 0.2395 0.2204 0.2038 0.1894 0.1770 0.1664 0.1576 0.1503 0.1444 0.1399 0.1366 0.1346 0.1338 0.1342 0.1359 0.1391 0.1441 0.1520 0.1654 0.1928 0.2394 0.2918 0.3406 0.3829 0.4181 0.4466 0.4690 0.4857 0.4969 0.5025 0.5011 0.4901 0.4668 0.4349 0.4013
0.4364 0.4663 0.4898 0.5010 0.5025 0.4971 0.4859 0.4693 0.4470 0.4185 0.3835 0.3413 0.2926 0.2402 0.1934 0.1656 0.1521 0.1442 0.1391 0.1359 0.1342 0.1338 0.1346 0.1366 0.1399 0.1444 0.1503 0.1576 0.1665 0.1770 0.1894 0.2039 0.2206 0.2397 0.2615 0.2861 0.3136 0.3441 0.3770 0.4115 0.4454 0.4749 0.4943 0.5022 0.5018 0.4954 0.4845 0.4701 0.4547 0.4419 0.4368 0.4419 0.4547 0.4701 0.4845 0.4954 0.5018 0.5022 0.4943 0.4749 0.4454 0.4115 0.3770 0.3441 0.3136 0.2861 0.2615 0.2397 0.2206 0.2039 0.1894 0.1770 0.1665 0.1576 0.1503 0.1444 0.1399 0.1366 0.1346 0.1338 0.1342 0.1359 0.1391 0.1442 0.1521 0.1656 0.1934 0.2402 0.2926 0.3413 0.3835 0.4185 0.4470 0.4693 0.4859 0.4971 0.5025 0.5010 0.4898 0.4663 0.4364
0.4688 0.4895 0.5009 0.5025 0.4972 0.4862 0.4696 0.4474 0.4191 0.3841 0.3420 0.2933 0.2410 0.1940 0.1659 0.1523 0.1443 0.1392 0.1359 0.1342 0.1338 0.1346 0.1366 0.1398 0.1444 0.1503 0.1576 0.1665 0.1770 0.1895 0.2040 0.2207 0.2398 0.2617 0.2863 0.3139 0.3444 0.3775 0.4120 0.4459 0.4753 0.4946 0.5023 0.5017 0.4950 0.4833 0.4673 0.4481 0.4283 0.4122 0.4059 0.4122 0.4283 0.4481 0.4673 0.4833 0.4950 0.5017 0.5023 0.4946 0.4753 0.4459 0.4120 0.3774 0.3444 0.3139 0.2863 0.2616 0.2398 0.2207 0.2040 0.1895 0.1770 0.1665 0.1576 0.1503 0.1444 0.1398 0.1366 0.1346 0.1338 0.1342 0.1359 0.1392 0.1443 0.1523 0.1659 0.1940 0.2410 0.2933 0.3420 0.3841 0.4191 0.4474 0.4696 0.4862 0.4972 0.5025 0.5009 0.4895 0.4688
0.4930 0.5008 0.5026 0.4974 0.4864 0.4700 0.4478 0.4196 0.3847 0.3427 0.2941 0.2418 0.1945 0.1662 0.1524 0.1444 0.1392 0.1360 0.1342 0.1338 0.1346 0.1366 0.1398 0.1443 0.1502 0.1575 0.1664 0.1770 0.1895 0.2040 0.2207 0.2399 0.2618 0.2865 0.3141 0.3447 0.3778 0.4124 0.4463 0.4756 0.4948 0.5023 0.5016 0.4947 0.4826 0.4656 0.4444 0.4200 0.3954 0.3758 0.3681 0.3758 0.3954 0.4200 0.4444 0.4656 0.4826 0.4947 0.5016 0.5023 0.4948 0.4756 0.4463 0.4124 0.3778 0.3447 0.3141 0.2865 0.2618 0.2399 0.2207 0.2040 0.1895 0.1770 0.1664 0.1575 0.1502 0.1443 0.1398 0.1366 0.1346 0.1338 0.1342 0.1360 0.1392 0.1444 0.1524 0.1662 0.1945 0.2418 0.2941 0.3427 0.3847 0.4196 0.4478 0.4700 0.4864 0.4974 0.5026 0.5008 0.4930
0.5050 0.5026 0.4975 0.4867 0.4703 0.4483 0.4201 0.3854 0.3435 0.2950 0.2426 0.1952 0.1665 0.1526 0.1445 0.1393 0.1360 0.1342 0.1338 0.1346 0.1365 0.1398 0.1443 0.1502 0.1575 0.1664 0.1770 0.1894 0.2040 0.2207 0.2399 0.2618 0.2866 0.3143 0.3449 0.3780 0.4127 0.4466 0.4759 0.4949 0.5024 0.5015 0.4945 0.4821 0.4647 0.4423 0.4153 0.3852 0.3555 0.3323 0.3234 0.3323 0.3555 0.3852 0.4153 0.4423 0.4647 0.4821 0.4945 0.5015 0.5024 0.4949 0.4759 0.4466 0.4127 0.3780 0.3449 0.3143 0.2866 0.2618 0.2399 0.2207 0.2040 0.1894 0.1770 0.1664 0.1575 0.1502 0.1443 0.1398 0.1365 0.1346 0.1338 0.1342 0.1360 0.1393 0.1445 0.1526 0.1665 0.1952 0.2426 0.2950 0.3435 0.3854 0.4201 0.4483 0.4703 0.4867 0.4975 0.5026 0.5050
0.5070 0.4977 0.4869 0.4706 0.4487 0.4207 0.3860 0.3443 0.2958 0.2434 0.1958 0.1668 0.1527 0.1446 0.1393 0.1360 0.1342 0.1338 0.1345 0.1365 0.1397 0.1442 0.1501 0.1574 0.1663 0.1769 0.1894 0.2039 0.2207 0.2399 0.2618 0.2866 0.3144 0.3450 0.3782 0.4129 0.4469 0.4761 0.4951 0.5024 0.5014 0.4943 0.4818 0.4641 0.4410 0.4127 0.3796 0.3435 0.3087 0.2826 0.2727 0.2826 0.3087 0.3435 0.3796 0.4127 0.4410 0.4641 0.4818 0.4943 0.5014 0.5024 0.4951 0.4761 0.4469 0.4129 0.3782 0.3450 0.3144 0.2866 0.2618 0.2399 0.2207 0.2039 0.1894 0.1769 0.1663 0.1574 0.1501 0.1442 0.1397 0.1365 0.1345 0.1338 0.1342 0.1360 0.1393 0.1446 0.1527 0.1668 0.1958 0.2434 0.2958 0.3443 0.3860 0.4207 0.4487 0.4706 0.4869 0.4977 0.5070
0.5022 0.4871 0.4710 0.4492 0.4212 0.3867 0.3451 0.2967 0.2443 0.1965 0.1671 0.1529 0.1447 0.1394 0.1361 0.1343 0.1338 0.1345 0.1365 0.1397 0.1442 0.1500 0.1573 0.1662 0.1768 0.1893 0.2038 0.2206 0.2398 0.2618 0.2866 0.3144 0.3451 0.3783 0.4130 0.4470 0.4763 0.4952 0.5024 0.5014 0.4942 0.4816 0.4636 0.4403 0.4112 0.3764 0.3368 0.2950 0.2570 0.2304 0.2210 0.2304 0.2570 0.2950 0.3368 0.3764 0.4112 0.4403 0.4637 0.4816 0.4942 0.5014 0.5024 0.4952 0.4763 0.4470 0.4130 0.3783 0.3451 0.3144 0.2866 0.2618 0.2398 0.2206 0.2038 0.1893 0.1768 0.1662 0.1573 0.1500 0.1442 0.1397 0.1365 0.1345 0.1338 0.1343 0.1361 0.1394 0.1447 0.1529 0.1671 0.1965 0.2443 0.2967 0.3451 0.3867 0.4212 0.4492 0.4710 0.4871 0.5022
0.4916 0.4713 0.4496 0.4218 0.3874 0.3459 0.2976 0.2452 0.1971 0.1674 0.1530 0.1448 0.1395 0.1361 0.1343 0.1338 0.1345 0.1364 0.1396 0.1441 0.1499 0.1572 0.1661 0.1767 0.1891 0.2037 0.2204 0.2397 0.2616 0.2865 0.3143 0.3450 0.3783 0.4131 0.4471 0.4764 0.4952 0.5025 0.5014 0.4941 0.4814 0.4634 0.4398 0.4103 0.3746 0.3331 0.2875 0.2428 0.2070 0.1867 0.1806 0.1867 0.2070 0.2428 0.2876 0.3331 0.3746 0.4103 0.4398 0.4634 0.4814 0.4941 0.5014 0.5025 0.4952 0.4764 0.4471 0.4131 0.3783 0.3450 0.3143 0.2865 0.2616 0.2397 0.2204 0.2037 0.1891 0.1767 0.1661 0.1572 0.1499 0.1441 0.1396 0.1364 0.1345 0.1338 0.1343 0.1361 0.1395 0.1448 0.1530 0.1674 0.1971 0.2452 0.2976 0.3459 0.3874 0.4218 0.4496 0.4713 0.4916
0.4757 0.4500 0.4223 0.3880 0.3467 0.2985 0.2462 0.1979 0.1678 0.1532 0.1449 0.1395 0.1362 0.1343 0.1338 0.1345 0.1364 0.1396 0.1440 0.1498 0.1571 0.1659 0.1765 0.1890 0.2035 0.2203 0.2395 0.2615 0.2863 0.3141 0.3449 0.3782 0.4130 0.4471 0.4764 0.4953 0.5025 0.5013 0.4940 0.4813 0.4631 0.4394 0.4097 0.3735 0.3310 0.2834 0.2353 0.1955 0.1726 0.1625 0.1597 0.1625 0.1726 0.1955 0.2353 0.2835 0.3310 0.3735 0.4097 0.4394 0.4631 0.4813 0.4940 0.5013 0.5025 0.4953 0.4764 0.4471 0.4130 0.3782 0.3449 0.3141 0.2863 0.2615 0.2395 0.2203 0.2035 0.1890 0.1765 0.1659 0.1571 0.1498 0.1440 0.1396 0.1364 0.1345 0.1338 0.1343 0.1362 0.1395 0.1449 0.1532 0.1678 0.1979 0.2462 0.2985 0.3467 0.3880 0.4223 0.4500 0.4757
0.4542 0.4229 0.3887 0.3475 0.2994 0.2471 0.1986 0.1681 0.1534 0.1450 0.1396 0.1362 0.1343 0.1338 0.1344 0.1364 0.1395 0.1439 0.1497 0.1570 0.1658 0.1763 0.1888 0.2033 0.2200 0.2393 0.2612 0.2861 0.3139 0.3447 0.3780 0.4129 0.4470 0.4764 0.4953 0.5025 0.5013 0.4940 0.4812 0.4630 0.4392 0.4093 0.3728 0.3297 0.2811 0.2312 0.1899 0.1667 0.1557 0.1504 0.1488 0.1504 0.1557 0.1667 0.1899 0.2313 0.2812 0.3298 0.3728 0.4093 0.4392 0.4630 0.4812 0.4940 0.5013 0.5025 0.4953 0.4764 0.4470 0.4129 0.3780 0.3447 0.3139 0.2861 0.2612 0.2393 0.2200 0.2033 0.1888 0.1763 0.1658 0.1570 0.1497 0.1439 0.1395 0.1364 0.1344 0.1338 0.1343 0.1362 0.1396 0.1450 0.1534 0.1681 0.1986 0.2471 0.2994 0.3475 0.3887 0.4229 0.4542
0.4269 0.3894 0.3483 0.3003 0.2480 0.1993 0.1685 0.1536 0.1451 0.1397 0.1362 0.1343 0.1338 0.1344 0.1363 0.1394 0.1439 0.1496 0.1569 0.1657 0.1762 0.1886 0.2030 0.2198 0.2390 0.2610 0.2858 0.3136 0.3444 0.3778 0.4127 0.4469 0.4763 0.4952 0.5025 0.5013 0.4940 0.4811 0.4629 0.4390 0.4090 0.3724 0.3290 0.2798 0.2290 0.1871 0.1640 0.1527 0.1464 0.1431 0.1421 0.1431 0.1465 0.1527 0.1640 0.1871 0.2291 0.2798 0.3290 0.3724 0.4090 0.4390 0.4629 0.4811 0.4940 0.5013 0.5025 0.4952 0.4763 0.4469 0.4127 0.3778 0.3444 0.3136 0.2858 0.2610 0.2390 0.2198 0.2030 0.1886 0.1762 0.1657 0.1569 0.1496 0.1439 0.1394 0.1363 0.1344 0.1338 0.1343 0.1362 0.1397 0.1451 0.1536 0.1685 0.1993 0.2480 0.3003 0.3483 0.3894 0.4269
0.3930 0.3490 0.3012 0.2489 0.2001 0.1689 0.1538 0.1452 0.1398 0.1363 0.1344 0.1338 0.1344 0.1363 0.1394 0.1438 0.1495 0.1567 0.1655 0.1760 0.1884 0.2028 0.2195 0.2387 0.2606 0.2854 0.3133 0.3441 0.3774 0.4124 0.4466 0.4761 0.4952 0.5025 0.5013 0.4940 0.4811 0.4629 0.4389 0.4089 0.3721 0.3285 0.2790 0.2278 0.1856 0.1627 0.1513 0.1446 0.1406 0.1384 0.1377 0.1384 0.1406 0.1446 0.1513 0.1627 0.1856 0.2278 0.2790 0.3285 0.3721 0.4089 0.4389 0.4629 0.4811 0.4940 0.5013 0.5025 0.4952 0.4761 0.4466 0.4124 0.3774 0.3441 0.3133 0.2854 0.2606 0.2387 0.2195 0.2028 0.1884 0.1760 0.1655 0.1567 0.1495 0.1438 0.1394 0.1363 0.1344 0.1338 0.1344 0.1363 0.1398 0.1452 0.1538 0.1689 0.2001 0.2489 0.3012 0.3490 0.3930
0.3523 0.3021 0.2499 0.2008 0.1692 0.1540 0.1454 0.1398 0.1363 0.1344 0.1338 0.1344 0.1362 0.1393 0.1437 0.1494 0.1566 0.1654 0.1758 0.1882 0.2026 0.2192 0.2384 0.2603 0.2851 0.3129 0.3436 0.3770 0.4120 0.4463 0.4759 0.4951 0.5024 0.5014 0.4940 0.4812 0.4629 0.4389 0.4088 0.3720 0.3283 0.2786 0.2271 0.1849 0.1620 0.1505 0.1437 0.1394 0.1368 0.1355 0.1351 0.1355 0.1368 0.1394 0.1437 0.1505 0.1620 0.1849 0.2272 0.2786 0.3283 0.3720 0.4088 0.4389 0.4629 0.4812 0.4940 0.5014 0.5024 0.4951 0.4759 0.4463 0.4120 0.3770 0.3436 0.3129 0.2851 0.2603 0.2384 0.2192 0.2026 0.1882 0.1758 0.1654 0.1566 0.1494 0.1437 0.1393 0.1362 0.1344 0.1338 0.1344 0.1363 0.1398 0.1454 0.1540 0.1692 0.2008 0.2499 0.3021 0.3523
0.3048 0.2508 0.2016 0.1696 0.1542 0.1455 0.1399 0.1364 0.1344 0.1338 0.1344 0.1362 0.1393 0.1436 0.1493 0.1565 0.1652 0.1757 0.1880 0.2023 0.2190 0.2381 0.2599 0.2847 0.3124 0.3432 0.3766 0.4115 0.4459 0.4756 0.4949 0.5024 0.5014 0.4941 0.4813 0.4630 0.4390 0.4089 0.3720 0.3282 0.2784 0.2268 0.1844 0.1617 0.1502 0.1432 0.1388 0.1360 0.1346 0.1340 0.1339 0.1340 0.1346 0.1360 0.1388 0.1432 0.1502 0.1617 0.1845 0.2268 0.2784 0.3282 0.3720 0.4089 0.4390 0.4630 0.4813 0.4941 0.5014 0.5024 0.4949 0.4756 0.4459 0.4115 0.3766 0.3432 0.3124 0.2847 0.2599 0.2381 0.2190 0.2023 0.1880 0.1757 0.1652 0.1565 0.1493 0.1436 0.1393 0.1362 0.1344 0.1338 0.1344 0.1364 0.1399 0.1455 0.1542 0.1696 0.2016 0.2508 0.3048
0.2529 0.2024 0.1700 0.1544 0.1456 0.1400 0.1364 0.1344 0.1338 0.1343 0.1362 0.1392 0.1435 0.1492 0.1564 0.1651 0.1755 0.1878 0.2021 0.2187 0.2378 0.2596 0.2843 0.3120 0.3427 0.3760 0.4110 0.4454 0.4753 0.4948 0.5024 0.5014 0.4942 0.4814 0.4631 0.4392 0.4090 0.3721 0.3283 0.2784 0.2267 0.1843 0.1615 0.1500 0.1430 0.1385 0.1357 0.1342 0.1337 0.1338 0.1339 0.1338 0.1337 0.1342 0.1357 0.1385 0.1430 0.1500 0.1615 0.1843 0.2267 0.2784 0.3283 0.3721 0.4090 0.4392 0.4631 0.4814 0.4942 0.5014 0.5024 0.4948 0.4753 0.4454 0.4110 0.3760 0.3427 0.3120 0.2843 0.2596 0.2378 0.2187 0.2021 0.1878 0.1755 0.1651 0.1564 0.1492 0.1435 0.1392 0.1362 0.1343 0.1338 0.1344 0.1364 0.1400 0.1456 0.1544 0.1700 0.2024 0.2529
0.2038 0.1704 0.1546 0.1457 0.1401 0.1365 0.1345 0.1338 0.1343 0.1361 0.1391 0.1434 0.1491 0.1562 0.1649 0.1753 0.1875 0.2019 0.2184 0.2375 0.2592 0.2838 0.3115 0.3422 0.3755 0.4104 0.4449 0.4749 0.4946 0.5023 0.5015 0.4943 0.4816 0.4634 0.4394 0.4093 0.3724 0.3285 0.2786 0.2268 0.1843 0.1614 0.1499 0.1429 0.1384 0.1355 0.1341 0.1338 0.1342 0.1348 0.1351 0.1348 0.1342 0.1337 0.1341 0.1355 0.1384 0.1429 0.1499 0.1614 0.1843 0.2268 0.2786 0.3285 0.3724 0.4093 0.4394 0.4634 0.4816 0.4943 0.5015 0.5023 0.4946 0.4749 0.4449 0.4104 0.3755 0.3422 0.3115 0.2838 0.2592 0.2375 0.2184 0.2019 0.1875 0.1753 0.1649 0.1562 0.1491 0.1434 0.1391 0.1361 0.1343 0.1338 0.1345 0.1365 0.1401 0.1457 0.1546 0.1704 0.2038
0.1713 0.1548 0.1459 0.1402 0.1365 0.1345 0.1338 0.1343 0.1361 0.1391 0.1433 0.1490 0.1561 0.1647 0.1751 0.1873 0.2016 0.2181 0.2371 0.2588 0.2834 0.3110 0.3416 0.3748 0.4098 0.4443 0.4744 0.4943 0.5023 0.5016 0.4945 0.4818 0.4637 0.4398 0.4097 0.3728 0.3290 0.2790 0.2272 0.1845 0.1615 0.1499 0.1429 0.1383 0.1355 0.1340 0.1338 0.1345 0.1358 0.1370 0.1376 0.1370 0.1358 0.1345 0.1338 0.1340 0.1355 0.1383 0.1429 0.1499 0.1615 0.1845 0.2272 0.2790 0.3290 0.3728 0.4097 0.4398 0.4637 0.4818 0.4945 0.5016 0.5023 0.4943 0.4744 0.4443 0.4098 0.3748 0.3416 0.3110 0.2834 0.2588 0.2371 0.2181 0.2016 0.1873 0.1751 0.1647 0.1561 0.1490 0.1433 0.1391 0.1361 0.1343 0.1338 0.1345 0.1365 0.1402 0.1459 0.1548 0.1713
0.1553 0.1461 0.1403 0.1366 0.1345 0.1338 0.1343 0.1360 0.1390 0.1432 0.1488 0.1559 0.1645 0.1748 0.1870 0.2012 0.2177 0.2366 0.2582 0.2828 0.3103 0.3409 0.3741 0.4090 0.4436 0.4738 0.4940 0.5022 0.5017 0.4947 0.4821 0.4641 0.4403 0.4103 0.3735 0.3298 0.2798 0.2278 0.1849 0.1617 0.1500 0.1429 0.1383 0.1355 0.1340 0.1338 0.1347 0.1364 0.1386 0.1405 0.1413 0.1405 0.1386 0.1364 0.1347 0.1338 0.1340 0.1355 0.1383 0.1429 0.1500 0.1617 0.1849 0.2278 0.2798 0.3298 0.3735 0.4103 0.4403 0.4641 0.4821 0.4947 0.5017 0.5022 0.4940 0.4738 0.4436 0.4090 0.3741 0.3409 0.3103 0.2828 0.2582 0.2366 0.2177 0.2012 0.1870 0.1748 0.1645 0.1559 0.1488 0.1432 0.1390 0.1360 0.1343 0.1338 0.1345 0.1366 0.1403 0.1461 0.1553
0.1464 0.1405 0.1367 0.1346 0.1338 0.1342 0.1359 0.1388 0.1430 0.1486 0.1556 0.1641 0.1744 0.1865 0.2007 0.2171 0.2360 0.2575 0.2819 0.3094 0.3399 0.3730 0.4079 0.4425 0.4730 0.4936 0.5021 0.5018 0.4950 0.4826 0.4647 0.4410 0.4112 0.3746 0.3310 0.2812 0.2291 0.1856 0.1620 0.1502 0.1430 0.1384 0.1355 0.1340 0.1338 0.1348 0.1367 0.1395 0.1426 0.1451 0.1462 0.1451 0.1426 0.1395 0.1367 0.1348 0.1338 0.1340 0.1355 0.1384 0.1430 0.1502 0.1620 0.1856 0.2291 0.2812 0.3310 0.3746 0.4112 0.4410 0.4647 0.4826 0.4950 0.5018 0.5021 0.4936 0.4730 0.4425 0.4079 0.3730 0.3399 0.3094 0.2819 0.2575 0.2360 0.2171 0.2007 0.1865 0.1744 0.1641 0.1556 0.1486 0.1430 0.1388 0.1359 0.1342 0.1338 0.1346 0.1367 0.1405 0.1464
0.1407 0.1369 0.1346 0.1338 0.1342 0.1358 0.1386 0.1428 0.1483 0.1552 0.1636 0.1738 0.1858 0.1999 0.2162 0.2349 0.2564 0.2807 0.3080 0.3383 0.3714 0.4062 0.4409 0.4717 0.4929 0.5019 0.5020 0.4954 0.4833 0.4656 0.4423 0.4127 0.3764 0.3331 0.2835 0.2313 0.1871 0.1627 0.1505 0.1432 0.1385 0.1355 0.1340 0.1338 0.1348 0.1368 0.1399 0.1437 0.1477 0.1510 0.1523 0.1510 0.1477 0.1437 0.1399 0.1368 0.1348 0.1338 0.1340 0.1355 0.1385 0.1432 0.1505 0.1627 0.1871 0.2313 0.2835 0.3331 0.3764 0.4127 0.4423 0.4656 0.4833 0.4954 0.5020 0.5019 0.4929 0.4717 0.4409 0.4062 0.3714 0.3383 0.3080 0.2807 0.2564 0.2349 0.2162 0.1999 0.1858 0.1738 0.1637 0.1552 0.1483 0.1428 0.1386 0.1358 0.1342 0.1338 0.1346 0.1369 0.1407
0.1371 0.1348 0.1338 0.1341 0.1356 0.1383 0.1423 0.1477 0.1545 0.1628 0.1728 0.1847 0.1986 0.2147 0.2332 0.2544 0.2785 0.3056 0.3357 0.3685 0.4033 0.4382 0.4695 0.4917 0.5016 0.5022 0.4962 0.4845 0.4673 0.4444 0.4153 0.3796 0.3368 0.2876 0.2353 0.1899 0.1640 0.1513 0.1437 0.1388 0.1357 0.1341 0.1338 0.1347 0.1367 0.1399 0.1440 0.1489 0.1539 0.1579 0.1594 0.1579 0.1539 0.1489 0.1440 0.1399 0.1367 0.1347 0.1338 0.1341 0.1357 0.1388 0.1437 0.1513 0.1640 0.1899 0.2353 0.2876 0.3368 0.3796 0.4153 0.4444 0.4673 0.4845 0.4962 0.5022 0.5016 0.4917 0.4695 0.4382 0.4033 0.3685 0.3357 0.3056 0.2785 0.2544 0.2332 0.2147 0.1986 0.1847 0.1729 0.1628 0.1545 0.1477 0.1423 0.1383 0.1356 0.1341 0.1338 0.1348 0.1371
0.1350 0.1339 0.1339 0.1353 0.1378 0.1416 0.1468 0.1533 0.1614 0.1712 0.1827 0.1963 0.2120 0.2302 0.2509 0.2746 0.3012 0.3309 0.3634 0.3980 0.4331 0.4653 0.4892 0.5008 0.5026 0.4974 0.4865 0.4702 0.4481 0.4200 0.3853 0.3435 0.2950 0.2428 0.1955 0.1667 0.1527 0.1446 0.1394 0.1360 0.1342 0.1337 0.1345 0.1364 0.1395 0.1437 0.1489 0.1549 0.1608 0.1655 0.1673 0.1655 0.1608 0.1549 0.1489 0.1437 0.1395 0.1364 0.1345 0.1337 0.1342 0.1360 0.1394 0.1446 0.1527 0.1667 0.1955 0.2428 0.2950 0.3435 0.3853 0.4200 0.4481 0.4702 0.4865 0.4974 0.5026 0.5008 0.4892 0.4653 0.4331 0.3980 0.3634 0.3309 0.3012 0.2746 0.2509 0.2302 0.2120 0.1963 0.1827 0.1712 0.1614 0.1533 0.1468 0.1416 0.1378 0.1353 0.1339 0.1339 0.1350
0.1340 0.1338 0.1347 0.1369 0.1404 0.1451 0.1513 0.1589 0.1682 0.1792 0.1922 0.2073 0.2248 0.2448 0.2676 0.2934 0.3223 0.3541 0.3883 0.4235 0.4570 0.4838 0.4988 0.5029 0.4994 0.4900 0.4751 0.4547 0.4283 0.3954 0.3555 0.3087 0.2570 0.2070 0.1726 0.1557 0.1465 0.1406 0.1368 0.1346 0.1337 0.1342 0.1358 0.1386 0.1426 0.1477 0.1539 0.1608 0.1676 0.1729 0.1749 0.1729 0.1676 0.1608 0.1539 0.1477 0.1426 0.1386 0.1358 0.1342 0.1337 0.1346 0.1368 0.1406 0.1465 0.1557 0.1726 0.2070 0.2570 0.3087 0.3555 0.3954 0.4283 0.4547 0.4751 0.4900 0.4994 0.5029 0.4988 0.4838 0.4570 0.4235 0.3883 0.3541 0.3223 0.2935 0.2677 0.2448 0.2248 0.2073 0.1922 0.1792 0.1682 0.1589 0.1513 0.1451 0.1404 0.1369 0.1347 0.1338 0.1340
0.1336 0.1341 0.1356 0.1385 0.1426 0.1480 0.1549 0.1633 0.1735 0.1855 0.1995 0.2158 0.2345 0.2560 0.2803 0.3077 0.3381 0.3712 0.4062 0.4410 0.4719 0.4930 0.5020 0.5019 0.4953 0.4831 0.4654 0.4419 0.4123 0.3758 0.3324 0.2826 0.2304 0.1867 0.1625 0.1504 0.1431 0.1384 0.1355 0.1340 0.1338 0.1348 0.1370 0.1405 0.1451 0.1510 0.1579 0.1655 0.1729 0.1786 0.1808 0.1786 0.1729 0.1655 0.1579 0.1510 0.1451 0.1405 0.1370 0.1348 0.1338 0.1340 0.1355 0.1384 0.1431 0.1504 0.1625 0.1867 0.2304 0.2826 0.3324 0.3758 0.4123 0.4419 0.4654 0.4831 0.4953 0.5019 0.5020 0.4930 0.4719 0.4410 0.4062 0.3712 0.3381 0.3077 0.2803 0.2560 0.2346 0.2158 0.1995 0.1855 0.1735 0.1633 0.1549 0.1480 0.1426 0.1385 0.1356 0.1341 0.1336
0.1336 0.1343 0.1361 0.1391 0.1434 0.1491 0.1563 0.1651 0.1756 0.1879 0.2024 0.2191 0.2383 0.2603 0.2852 0.3131 0.3440 0.3776 0.4128 0.4473 0.4768 0.4956 0.5026 0.5011 0.4934 0.4801 0.4614 0.4368 0.4059 0.3681 0.3234 0.2727 0.2210 0.1806 0.1597 0.1488 0.1421 0.1377 0.1351 0.1339 0.1339 0.1351 0.1376 0.1413 0.1462 0.1523 0.1594 0.1673 0.1749 0.1808 0.1831 0.1808 0.1749 0.1673 0.1594 0.1523 0.1462 0.1413 0.1376 0.1351 0.1339 0.1339 0.1351 0.1377 0.1421 0.1488 0.1597 0.1806 0.2210 0.2727 0.3234 0.3681 0.4059 0.4368 0.4614 0.4801 0.4934 0.5011 0.5026 0.4956 0.4768 0.4473 0.4128 0.3776 0.3440 0.3131 0.2852 0.2603 0.2383 0.2191 0.2024 0.1879 0.1756 0.1651 0.1563 0.1491 0.1434 0.1391 0.1361 0.1343 0.1336
0.1336 0.1341 0.1356 0.1385 0.1426 0.1480 0.1549 0.1633 0.1735 0.1855 0.1995 0.2158 0.2345 0.2560 0.2803 0.3077 0.3381 0.3712 0.4062 0.4410 0.4719 0.4930 0.5020 0.5019 0.4953 0.4831 0.4654 0.4419 0.4123 0.3758 0.3324 0.2826 0.2304 0.1867 0.1625 0.1504 0.1431 0.1384 0.1355 0.1340 0.1338 0.1348 0.1370 0.1405 0.1451 0.1510 0.1579 0.1655 0.1729 0.1786 0.1808 0.1786 0.1729 0.1655 0.1579 0.1510 0.1451 0.1405 0.1370 0.1348 0.1338 0.1340 0.1355 0.1384 0.1431 0.1504 0.1625 0.1867 0.2304 0.2826 0.3324 0.3758 0.4123 0.4419 0.4654 0.4831 0.4953 0.5019 0.5020 0.4930 0.4719 0.4410 0.4062 0.3712 0.3381 0.3077 0.2803 0.2560 0.2346 0.2158 0.1995 0.1855 0.1735 0.1633 0.1549 0.1480 0.1426 0.1385 0.1356 0.1341 0.1336
0.1340 0.1338 0.1347 0.1369 0.1404 0.1451 0.1513 0.1589 0.1682 0.1792 0.1922 0.2073 0.2248 0.2448 0.2677 0.2935 0.3223 0.3541 0.3883 0.4235 0.4570 0.4838 0.4988 0.5029 0.4994 0.4900 0.4751 0.4547 0.4283 0.3954 0.3555 0.3087 0.2570 0.2070 0.1726 0.1557 0.1464 0.1406 0.1368 0.1346 0.1337 0.1342 0.1358 0.1386 0.1426 0.1477 0.1539 0.1608 0.1676 0.1729 0.1749 0.1729 0.1676 0.1608 0.1539 0.1477 0.1426 0.1386 0.1358 0.1342 0.1337 0.1346 0.1368 0.1406 0.1465 0.1557 0.1726 0.2070 0.2570 0.3087 0.3555 0.3954 0.4283 0.4547 0.4751 0.4900 0.4994 0.5029 0.4988 0.4838 0.4570 0.4235 0.3883 0.3541 0.3223 0.2935 0.2677 0.2448 0.2248 0.2073 0.1922 0.1792 0.1682 0.1589 0.1513 0.1451 0.1404 0.1369 0.1347 0.1338 0.1340
0.1350 0.1339 0.1339 0.1353 0.1378 0.1416 0.1468 0.1533 0.1614 0.1712 0.1827 0.1963 0.2120 0.2302 0.2509 0.2746 0.3012 0.3309 0.3634 0.3980 0.4331 0.4653 0.4892 0.5008 0.5026 0.4974 0.4865 0.4702 0.4481 0.4200 0.3853 0.3435 0.2950 0.2428 0.1955 0.1667 0.1527 0.1446 0.1394 0.1360 0.1342 0.1337 0.1345 0.1364 0.1395 0.1437 0.1489 0.1549 0.1608 0.1655 0.1673 0.1655 0.1608 0.1549 0.1489 0.1437 0.1395 0.1364 0.1345 0.1337 0.1342 0.1360 0.1394 0.1446 0.1527 0.1667 0.1955 0.2428 0.2950 0.3435 0.3853 0.4200 0.4481 0.4702 0.4865 0.4974 0.5026 0.5008 0.4892 0.4653 0.4331 0.3980 0.3634 0.3309 0.3012 0.2746 0.2509 0.2302 0.2120 0.1963 0.1827 0.1712 0.1614 0.1533 0.1468 0.1416 0.1378 0.1353 0.1339 0.1339 0.1350
0.1371 0.1348 0.1338 0.1341 0.1356 0.1383 0.1423 0.1477 0.1545 0.1628 0.1729 0.1847 0.1986 0.2147 0.2332 0.2544 0.2785 0.3056 0.3357 0.3685 0.4033 0.4382 0.4695 0.4917 0.5016 0.5022 0.4962 0.4845 0.4673 0.4444 0.4153 0.3796 0.3368 0.2875 0.2353 0.1899 0.1640 0.1513 0.1437 0.1388 0.1357 0.1341 0.1338 0.1347 0.1367 0.1399 0.1440 0.1489 0.1539 0.1579 0.1594 0.1579 0.1539 0.1489 0.1440 0.1399 0.1367 0.1347 0.1338 0.1341 0.1357 0.1388 0.1437 0.1513 0.1640 0.1899 0.2353 0.2876 0.3368 0.3796 0.4153 0.4444 0.4673 0.4845 0.4962 0.5022 0.5016 0.4917 0.4695 0.4382 0.4033 0.3685 0.3357 0.3056 0.2785 0.2544 0.2332 0.2147 0.1986 0.1847 0.1729 0.1628 0.1545 0.1477 0.1423 0.1383 0.1356 0.1341 0.1338 0.1348 0.1371
0.1407 0.1369 0.1346 0.1338 0.1342 0.1358 0.1386 0.1428 0.1483 0.1552 0.1637 0.1738 0.1858 0.1999 0.2162 0.2349 0.2564 0.2807 0.3080 0.3383 0.3714 0.4062 0.4409 0.4717 0.4929 0.5019 0.5020 0.4954 0.4833 0.4656 0.4423 0.4127 0.3764 0.3331 0.2834 0.2313 0.1871 0.1627 0.1505 0.1432 0.1385 0.1355 0.1340 0.1338 0.1348 0.1368 0.1399 0.1437 0.1477 0.1510 0.1523 0.1510 0.1477 0.1437 0.1399 0.1368 0.1348 0.1338 0.1340 0.1355 0.1385 0.1432 0.1505 0.1627 0.1871 0.2313 0.2835 0.3331 0.3764 0.4127 0.4423 0.4656 0.4833 0.4954 0.5020 0.5019 0.4929 0.4717 0.4409 0.4062 0.3714 0.3383 0.3080 0.2807 0.2564 0.2349 0.2162 0.1999 0.1858 0.1738 0.1637 0.1552 0.1483 0.1428 0.1386 0.1358 0.1342 0.1338 0.1346 0.1369 0.1407
