0.1426 0.1378 0.1353 0.1347 0.1358 0.1385 0.1429 0.1492 0.1574 0.1677 0.1803 0.1955 0.2136 0.2347 0.2593 0.2875 0.3194 0.3546 0.3920 0.4292 0.4610 0.4805 0.4866 0.4829 0.4716 0.4531 0.4270 0.3927 0.3494 0.2969 0.2378 0.1856 0.1595 0.1477 0.1409 0.1369 0.1350 0.1348 0.1364 0.1396 0.1446 0.1514 0.1602 0.1712 0.1845 0.2005 0.2192 0.2403 0.2624 0.2815 0.2897 0.2815 0.2624 0.2403 0.2192 0.2005 0.1845 0.1712 0.1602 0.1514 0.1446 0.1396 0.1364 0.1348 0.1350 0.1369 0.1409 0.1477 0.1595 0.1856 0.2378 0.2969 0.3494 0.3927 0.4270 0.4531 0.4716 0.4829 0.4866 0.4805 0.4610 0.4292 0.3920 0.3546 0.3194 0.2875 0.2593 0.2347 0.2136 0.1955 0.1803 0.1677 0.1574 0.1492 0.1429 0.1385 0.1358 0.1347 0.1353 0.1378 0.1426
0.1378 0.1354 0.1350 0.1363 0.1392 0.1438 0.1503 0.1587 0.1692 0.1820 0.1974 0.2157 0.2370 0.2616 0.2897 0.3212 0.3557 0.3919 0.4270 0.4557 0.4722 0.4768 0.4727 0.4614 0.4432 0.4177 0.3842 0.3421 0.2910 0.2336 0.1830 0.1578 0.1468 0.1405 0.1368 0.1351 0.1352 0.1370 0.1404 0.1456 0.1526 0.1616 0.1728 0.1864 0.2026 0.2216 0.2436 0.2681 0.2936 0.3154 0.3248 0.3154 0.2936 0.2681 0.2436 0.2216 0.2026 0.1864 0.1728 0.1616 0.1526 0.1456 0.1404 0.1370 0.1352 0.1351 0.1368 0.1405 0.1468 0.1578 0.1830 0.2336 0.2910 0.3421 0.3842 0.4177 0.4432 0.4614 0.4727 0.4768 0.4722 0.4557 0.4270 0.3919 0.3557 0.3212 0.2897 0.2616 0.2370 0.2157 0.1974 0.1820 0.1692 0.1587 0.1503 0.1438 0.1392 0.1363 0.1350 0.1354 0.1378
0.1353 0.1350 0.1363 0.1393 0.1440 0.1505 0.1590 0.1696 0.1825 0.1980 0.2164 0.2378 0.2626 0.2908 0.3224 0.3570 0.3932 0.4282 0.4566 0.4726 0.4768 0.4724 0.4609 0.4424 0.4166 0.3829 0.3404 0.2890 0.2315 0.1816 0.1573 0.1465 0.1403 0.1367 0.1351 0.1352 0.1371 0.1406 0.1458 0.1529 0.1620 0.1732 0.1869 0.2032 0.2224 0.2447 0.2702 0.2983 0.3271 0.3515 0.3620 0.3515 0.3271 0.2983 0.2702 0.2447 0.2224 0.2032 0.1869 0.1732 0.1620 0.1529 0.1458 0.1406 0.1371 0.1352 0.1351 0.1367 0.1403 0.1465 0.1573 0.1816 0.2315 0.2890 0.3404 0.3829 0.4166 0.4424 0.4609 0.4724 0.4768 0.4726 0.4566 0.4282 0.3932 0.3570 0.3224 0.2908 0.2626 0.2378 0.2164 0.1980 0.1825 0.1696 0.1590 0.1505 0.1440 0.1393 0.1363 0.1350 0.1353
0.1347 0.1363 0.1393 0.1440 0.1506 0.1592 0.1699 0.1829 0.1986 0.2170 0.2386 0.2635 0.2919 0.3237 0.3584 0.3946 0.4294 0.4574 0.4729 0.4768 0.4721 0.4603 0.4415 0.4155 0.3814 0.3386 0.2869 0.2294 0.1803 0.1567 0.1462 0.1401 0.1366 0.1351 0.1353 0.1372 0.1407 0.1460 0.1532 0.1623 0.1737 0.1875 0.2039 0.2232 0.2457 0.2715 0.3006 0.3321 0.3637 0.3896 0.4005 0.3896 0.3637 0.3321 0.3006 0.2715 0.2457 0.2232 0.2039 0.1875 0.1737 0.1623 0.1532 0.1460 0.1407 0.1372 0.1353 0.1351 0.1366 0.1401 0.1462 0.1567 0.1803 0.2294 0.2869 0.3386 0.3814 0.4155 0.4415 0.4603 0.4721 0.4768 0.4729 0.4574 0.4294 0.3946 0.3584 0.3237 0.2919 0.2635 0.2386 0.2170 0.1986 0.1829 0.1699 0.1592 0.1506 0.1440 0.1393 0.1363 0.1347
0.1358 0.1392 0.1440 0.1506 0.1593 0.1701 0.1832 0.1990 0.2176 0.2393 0.2644 0.2929 0.3249 0.3597 0.3959 0.4306 0.4582 0.4732 0.4767 0.4718 0.4597 0.4407 0.4143 0.3800 0.3368 0.2848 0.2272 0.1790 0.1562 0.1459 0.1399 0.1365 0.1350 0.1353 0.1373 0.1409 0.1463 0.1535 0.1627 0.1742 0.1880 0.2045 0.2240 0.2466 0.2727 0.3021 0.3346 0.3688 0.4015 0.4267 0.4366 0.4267 0.4015 0.3688 0.3346 0.3021 0.2727 0.2466 0.2240 0.2045 0.1880 0.1742 0.1627 0.1535 0.1463 0.1409 0.1373 0.1353 0.1350 0.1365 0.1399 0.1459 0.1562 0.1790 0.2272 0.2848 0.3368 0.3800 0.4143 0.4407 0.4597 0.4718 0.4767 0.4732 0.4582 0.4306 0.3959 0.3597 0.3249 0.2929 0.2644 0.2393 0.2176 0.1990 0.1832 0.1701 0.1593 0.1506 0.1440 0.1392 0.1358
0.1385 0.1438 0.1505 0.1592 0.1701 0.1834 0.1992 0.2180 0.2399 0.2651 0.2938 0.3259 0.3608 0.3972 0.4318 0.4590 0.4736 0.4767 0.4715 0.4591 0.4398 0.4132 0.3785 0.3350 0.2827 0.2251 0.1777 0.1557 0.1457 0.1398 0.1364 0.1350 0.1354 0.1374 0.1411 0.1465 0.1538 0.1631 0.1746 0.1886 0.2052 0.2248 0.2475 0.2737 0.3034 0.3362 0.3713 0.4065 0.4370 0.4567 0.4631 0.4567 0.4370 0.4065 0.3713 0.3362 0.3034 0.2737 0.2475 0.2248 0.2052 0.1886 0.1746 0.1631 0.1538 0.1465 0.1411 0.1374 0.1354 0.1350 0.1364 0.1398 0.1457 0.1557 0.1777 0.2251 0.2827 0.3350 0.3785 0.4132 0.4398 0.4591 0.4715 0.4767 0.4736 0.4590 0.4318 0.3972 0.3608 0.3259 0.2938 0.2651 0.2399 0.2180 0.1992 0.1834 0.1701 0.1592 0.1505 0.1438 0.1385
0.1429 0.1503 0.1590 0.1699 0.1832 0.1992 0.2181 0.2402 0.2656 0.2945 0.3268 0.3618 0.3983 0.4328 0.4597 0.4738 0.4766 0.4712 0.4586 0.4390 0.4121 0.3771 0.3333 0.2807 0.2230 0.1765 0.1552 0.1454 0.1396 0.1363 0.1350 0.1354 0.1375 0.1412 0.1467 0.1541 0.1635 0.1751 0.1892 0.2059 0.2256 0.2485 0.2748 0.3046 0.3376 0.3730 0.4089 0.4410 0.4631 0.4730 0.4753 0.4730 0.4631 0.4410 0.4089 0.3730 0.3376 0.3046 0.2748 0.2485 0.2256 0.2059 0.1892 0.1751 0.1635 0.1541 0.1467 0.1412 0.1375 0.1354 0.1350 0.1363 0.1396 0.1454 0.1552 0.1765 0.2230 0.2807 0.3333 0.3771 0.4121 0.4390 0.4586 0.4712 0.4766 0.4738 0.4597 0.4328 0.3983 0.3618 0.3268 0.2945 0.2656 0.2402 0.2181 0.1992 0.1832 0.1699 0.1590 0.1503 0.1429
0.1492 0.1587 0.1696 0.1829 0.1990 0.2180 0.2402 0.2658 0.2949 0.3274 0.3626 0.3991 0.4337 0.4603 0.4741 0.4766 0.4708 0.4580 0.4381 0.4109 0.3756 0.3314 0.2785 0.2208 0.1753 0.1547 0.1451 0.1394 0.1363 0.1350 0.1355 0.1376 0.1414 0.1470 0.1544 0.1639 0.1756 0.1897 0.2066 0.2264 0.2494 0.2758 0.3057 0.3389 0.3745 0.4105 0.4429 0.4654 0.4752 0.4767 0.4759 0.4767 0.4752 0.4654 0.4429 0.4105 0.3745 0.3389 0.3057 0.2758 0.2494 0.2264 0.2066 0.1897 0.1756 0.1639 0.1544 0.1470 0.1414 0.1376 0.1355 0.1350 0.1363 0.1394 0.1451 0.1547 0.1753 0.2208 0.2785 0.3314 0.3756 0.4109 0.4381 0.4580 0.4708 0.4766 0.4741 0.4603 0.4337 0.3991 0.3626 0.3274 0.2949 0.2658 0.2402 0.2180 0.1990 0.1829 0.1696 0.1587 0.1492
0.1574 0.1692 0.1825 0.1986 0.2176 0.2399 0.2656 0.2949 0.3276 0.3630 0.3997 0.4343 0.4608 0.4743 0.4765 0.4706 0.4575 0.4373 0.4098 0.3742 0.3296 0.2764 0.2187 0.1741 0.1542 0.1448 0.1393 0.1362 0.1350 0.1355 0.1377 0.1416 0.1472 0.1547 0.1643 0.1761 0.1903 0.2073 0.2272 0.2503 0.2769 0.3069 0.3402 0.3759 0.4119 0.4442 0.4664 0.4759 0.4760 0.4712 0.4680 0.4712 0.4760 0.4759 0.4664 0.4442 0.4119 0.3759 0.3402 0.3069 0.2769 0.2503 0.2272 0.2073 0.1903 0.1761 0.1643 0.1547 0.1472 0.1416 0.1377 0.1355 0.1350 0.1362 0.1393 0.1448 0.1542 0.1741 0.2187 0.2764 0.3296 0.3742 0.4098 0.4373 0.4575 0.4706 0.4765 0.4743 0.4608 0.4343 0.3997 0.3630 0.3276 0.2949 0.2656 0.2399 0.2176 0.1986 0.1825 0.1692 0.1574
0.1677 0.1820 0.1980 0.2170 0.2393 0.2651 0.2945 0.3274 0.3630 0.3999 0.4346 0.4611 0.4744 0.4765 0.4703 0.4570 0.4366 0.4088 0.3728 0.3279 0.2743 0.2167 0.1730 0.1537 0.1446 0.1391 0.1361 0.1350 0.1356 0.1378 0.1418 0.1475 0.1551 0.1647 0.1766 0.1909 0.2079 0.2280 0.2512 0.2779 0.3081 0.3415 0.3772 0.4132 0.4453 0.4671 0.4761 0.4754 0.4682 0.4581 0.4525 0.4581 0.4682 0.4754 0.4761 0.4671 0.4453 0.4132 0.3772 0.3415 0.3081 0.2779 0.2512 0.2280 0.2079 0.1909 0.1766 0.1647 0.1551 0.1475 0.1418 0.1378 0.1356 0.1350 0.1361 0.1391 0.1446 0.1537 0.1730 0.2167 0.2743 0.3279 0.3728 0.4088 0.4366 0.4570 0.4703 0.4765 0.4744 0.4611 0.4346 0.3999 0.3630 0.3274 0.2945 0.2651 0.2393 0.2170 0.1980 0.1820 0.1677
0.1803 0.1974 0.2164 0.2386 0.2644 0.2938 0.3268 0.3626 0.3997 0.4346 0.4612 0.4745 0.4764 0.4701 0.4566 0.4360 0.4080 0.3716 0.3264 0.2725 0.2148 0.1720 0.1533 0.1443 0.1390 0.1360 0.1350 0.1356 0.1379 0.1419 0.1477 0.1554 0.1651 0.1771 0.1915 0.2086 0.2288 0.2522 0.2790 0.3093 0.3428 0.3786 0.4146 0.4464 0.4677 0.4763 0.4751 0.4668 0.4529 0.4373 0.4293 0.4373 0.4529 0.4668 0.4751 0.4763 0.4677 0.4464 0.4146 0.3786 0.3428 0.3093 0.2790 0.2522 0.2288 0.2086 0.1915 0.1771 0.1651 0.1554 0.1477 0.1419 0.1379 0.1356 0.1350 0.1360 0.1390 0.1443 0.1533 0.1720 0.2148 0.2725 0.3264 0.3716 0.4080 0.4360 0.4566 0.4701 0.4764 0.4745 0.4612 0.4346 0.3997 0.3626 0.3268 0.2938 0.2644 0.2386 0.2164 0.1974 0.1803
0.1955 0.2157 0.2378 0.2635 0.2929 0.3259 0.3618 0.3991 0.4343 0.4611 0.4745 0.4764 0.4700 0.4564 0.4356 0.4073 0.3707 0.3251 0.2709 0.2131 0.1711 0.1529 0.1441 0.1388 0.1359 0.1350 0.1357 0.1380 0.1421 0.1480 0.1557 0.1655 0.1775 0.1921 0.2093 0.2296 0.2531 0.2801 0.3105 0.3441 0.3799 0.4159 0.4474 0.4683 0.4764 0.4749 0.4660 0.4506 0.4300 0.4086 0.3980 0.4086 0.4300 0.4506 0.4660 0.4749 0.4764 0.4683 0.4474 0.4159 0.3799 0.3441 0.3105 0.2801 0.2531 0.2296 0.2093 0.1921 0.1775 0.1655 0.1557 0.1480 0.1421 0.1380 0.1357 0.1350 0.1359 0.1388 0.1441 0.1529 0.1711 0.2131 0.2709 0.3251 0.3707 0.4073 0.4356 0.4564 0.4700 0.4764 0.4745 0.4611 0.4343 0.3991 0.3618 0.3259 0.2929 0.2635 0.2378 0.2157 0.1955
0.2136 0.2370 0.2626 0.2919 0.3249 0.3608 0.3983 0.4337 0.4608 0.4744 0.4764 0.4700 0.4563 0.4354 0.4068 0.3700 0.3240 0.2695 0.2117 0.1704 0.1526 0.1439 0.1387 0.1359 0.1349 0.1357 0.1382 0.1423 0.1482 0.1560 0.1659 0.1780 0.1927 0.2100 0.2304 0.2540 0.2811 0.3117 0.3454 0.3813 0.4171 0.4484 0.4688 0.4765 0.4747 0.4655 0.4494 0.4268 0.3990 0.3712 0.3577 0.3712 0.3990 0.4268 0.4494 0.4655 0.4747 0.4765 0.4688 0.4484 0.4171 0.3813 0.3454 0.3117 0.2811 0.2540 0.2304 0.2100 0.1927 0.1780 0.1659 0.1560 0.1482 0.1423 0.1382 0.1357 0.1349 0.1359 0.1387 0.1439 0.1526 0.1704 0.2117 0.2695 0.3240 0.3700 0.4068 0.4354 0.4563 0.4700 0.4764 0.4744 0.4608 0.4337 0.3983 0.3608 0.3249 0.2919 0.2626 0.2370 0.2136
0.2347 0.2616 0.2908 0.3237 0.3597 0.3972 0.4328 0.4603 0.4743 0.4765 0.4701 0.4564 0.4354 0.4067 0.3696 0.3234 0.2686 0.2106 0.1698 0.1523 0.1437 0.1386 0.1358 0.1349 0.1358 0.1383 0.1425 0.1485 0.1564 0.1663 0.1785 0.1933 0.2107 0.2312 0.2550 0.2822 0.3129 0.3467 0.3826 0.4184 0.4494 0.4693 0.4766 0.4745 0.4650 0.4485 0.4251 0.3948 0.3589 0.3242 0.3077 0.3242 0.3589 0.3948 0.4251 0.4485 0.4650 0.4745 0.4766 0.4693 0.4494 0.4184 0.3826 0.3467 0.3129 0.2822 0.2550 0.2312 0.2107 0.1933 0.1785 0.1663 0.1564 0.1485 0.1425 0.1383 0.1358 0.1349 0.1358 0.1386 0.1437 0.1523 0.1698 0.2106 0.2686 0.3234 0.3696 0.4067 0.4354 0.4564 0.4701 0.4765 0.4743 0.4603 0.4328 0.3972 0.3597 0.3237 0.2908 0.2616 0.2347
0.2593 0.2897 0.3224 0.3584 0.3959 0.4318 0.4597 0.4741 0.4765 0.4703 0.4566 0.4356 0.4068 0.3696 0.3232 0.2681 0.2099 0.1694 0.1521 0.1436 0.1385 0.1358 0.1349 0.1358 0.1384 0.1427 0.1487 0.1567 0.1667 0.1790 0.1939 0.2115 0.2321 0.2560 0.2833 0.3141 0.3480 0.3840 0.4197 0.4504 0.4698 0.4766 0.4742 0.4645 0.4478 0.4239 0.3926 0.3536 0.3091 0.2682 0.2498 0.2682 0.3091 0.3536 0.3926 0.4239 0.4478 0.4645 0.4742 0.4766 0.4698 0.4504 0.4197 0.3840 0.3480 0.3141 0.2833 0.2560 0.2321 0.2115 0.1939 0.1790 0.1667 0.1567 0.1487 0.1427 0.1384 0.1358 0.1349 0.1358 0.1385 0.1436 0.1521 0.1694 0.2099 0.2681 0.3232 0.3696 0.4068 0.4356 0.4566 0.4703 0.4765 0.4741 0.4597 0.4318 0.3959 0.3584 0.3224 0.2897 0.2593
0.2875 0.3212 0.3570 0.3946 0.4306 0.4590 0.4738 0.4766 0.4706 0.4570 0.4360 0.4073 0.3700 0.3234 0.2681 0.2097 0.1692 0.1519 0.1435 0.1384 0.1357 0.1350 0.1359 0.1385 0.1428 0.1489 0.1570 0.1671 0.1795 0.1945 0.2122 0.2329 0.2569 0.2844 0.3153 0.3493 0.3853 0.4210 0.4513 0.4702 0.4767 0.4740 0.4640 0.4470 0.4228 0.3909 0.3508 0.3027 0.2512 0.2095 0.1940 0.2095 0.2512 0.3027 0.3508 0.3909 0.4228 0.4470 0.4640 0.4740 0.4767 0.4702 0.4513 0.4210 0.3853 0.3493 0.3153 0.2844 0.2569 0.2329 0.2122 0.1945 0.1795 0.1671 0.1570 0.1489 0.1428 0.1385 0.1359 0.1350 0.1357 0.1384 0.1435 0.1519 0.1692 0.2097 0.2681 0.3234 0.3700 0.4073 0.4360 0.4570 0.4706 0.4766 0.4738 0.4590 0.4306 0.3946 0.3570 0.3212 0.2875
0.3194 0.3557 0.3932 0.4294 0.4582 0.4736 0.4766 0.4708 0.4575 0.4366 0.4080 0.3707 0.3240 0.2686 0.2099 0.1692 0.1519 0.1434 0.1384 0.1357 0.1350 0.1359 0.1386 0.1429 0.1491 0.1572 0.1675 0.1800 0.1950 0.2128 0.2337 0.2579 0.2855 0.3165 0.3506 0.3867 0.4222 0.4523 0.4707 0.4767 0.4738 0.4635 0.4462 0.4218 0.3895 0.3488 0.2993 0.2440 0.1945 0.1689 0.1622 0.1689 0.1945 0.2440 0.2993 0.3488 0.3895 0.4218 0.4462 0.4635 0.4738 0.4767 0.4707 0.4523 0.4222 0.3867 0.3506 0.3165 0.2855 0.2579 0.2337 0.2128 0.1950 0.1800 0.1675 0.1572 0.1491 0.1429 0.1386 0.1359 0.1350 0.1357 0.1384 0.1434 0.1519 0.1692 0.2099 0.2686 0.3240 0.3707 0.4080 0.4366 0.4575 0.4708 0.4766 0.4736 0.4582 0.4294 0.3932 0.3557 0.3194
0.3546 0.3919 0.4282 0.4574 0.4732 0.4767 0.4712 0.4580 0.4373 0.4088 0.3716 0.3251 0.2695 0.2106 0.1694 0.1519 0.1434 0.1384 0.1357 0.1350 0.1359 0.1386 0.1431 0.1493 0.1575 0.1678 0.1804 0.1955 0.2135 0.2345 0.2588 0.2865 0.3177 0.3520 0.3881 0.4235 0.4532 0.4711 0.4768 0.4735 0.4629 0.4454 0.4207 0.3882 0.3470 0.2969 0.2403 0.1888 0.1620 0.1518 0.1488 0.1518 0.1620 0.1888 0.2403 0.2969 0.3470 0.3882 0.4207 0.4454 0.4629 0.4735 0.4768 0.4711 0.4532 0.4235 0.3881 0.3520 0.3177 0.2865 0.2588 0.2345 0.2135 0.1955 0.1804 0.1678 0.1575 0.1493 0.1431 0.1386 0.1359 0.1350 0.1357 0.1384 0.1434 0.1519 0.1694 0.2106 0.2695 0.3251 0.3716 0.4088 0.4373 0.4580 0.4712 0.4767 0.4732 0.4574 0.4282 0.3919 0.3546
0.3920 0.4270 0.4566 0.4729 0.4767 0.4715 0.4586 0.4381 0.4098 0.3728 0.3264 0.2709 0.2117 0.1698 0.1521 0.1435 0.1384 0.1357 0.1350 0.1360 0.1387 0.1431 0.1494 0.1577 0.1680 0.1807 0.1960 0.2140 0.2352 0.2596 0.2875 0.3189 0.3533 0.3894 0.4247 0.4541 0.4715 0.4768 0.4732 0.4624 0.4446 0.4196 0.3868 0.3452 0.2948 0.2377 0.1861 0.1596 0.1486 0.1431 0.1414 0.1431 0.1486 0.1596 0.1861 0.2377 0.2948 0.3452 0.3868 0.4196 0.4446 0.4624 0.4732 0.4768 0.4715 0.4541 0.4247 0.3894 0.3533 0.3189 0.2875 0.2596 0.2352 0.2140 0.1960 0.1807 0.1680 0.1577 0.1494 0.1431 0.1387 0.1360 0.1350 0.1357 0.1384 0.1435 0.1521 0.1698 0.2117 0.2709 0.3264 0.3728 0.4098 0.4381 0.4586 0.4715 0.4767 0.4729 0.4566 0.4270 0.3920
0.4292 0.4557 0.4726 0.4768 0.4718 0.4591 0.4390 0.4109 0.3742 0.3279 0.2725 0.2131 0.1704 0.1523 0.1436 0.1384 0.1357 0.1350 0.1360 0.1387 0.1432 0.1495 0.1578 0.1682 0.1810 0.1963 0.2145 0.2358 0.2604 0.2884 0.3199 0.3544 0.3907 0.4259 0.4550 0.4719 0.4768 0.4730 0.4619 0.4438 0.4186 0.3854 0.3435 0.2927 0.2354 0.1843 0.1585 0.1474 0.1413 0.1381 0.1371 0.1381 0.1413 0.1474 0.1585 0.1843 0.2354 0.2927 0.3435 0.3854 0.4186 0.4438 0.4619 0.4730 0.4768 0.4719 0.4550 0.4259 0.3907 0.3544 0.3199 0.2884 0.2604 0.2358 0.2145 0.1963 0.1810 0.1682 0.1578 0.1495 0.1432 0.1387 0.1360 0.1350 0.1357 0.1384 0.1436 0.1523 0.1704 0.2131 0.2725 0.3279 0.3742 0.4109 0.4390 0.4591 0.4718 0.4768 0.4726 0.4557 0.4292
0.4610 0.4722 0.4768 0.4721 0.4597 0.4398 0.4121 0.3756 0.3296 0.2743 0.2148 0.1711 0.1526 0.1437 0.1385 0.1357 0.1350 0.1359 0.1387 0.1432 0.1495 0.1578 0.1683 0.1812 0.1966 0.2149 0.2363 0.2610 0.2892 0.3208 0.3555 0.3918 0.4270 0.4558 0.4722 0.4768 0.4727 0.4613 0.4430 0.4175 0.3840 0.3418 0.2907 0.2332 0.1828 0.1578 0.1469 0.1406 0.1371 0.1355 0.1351 0.1355 0.1371 0.1406 0.1469 0.1578 0.1828 0.2332 0.2907 0.3418 0.3840 0.4175 0.4430 0.4613 0.4727 0.4768 0.4722 0.4558 0.4270 0.3918 0.3555 0.3208 0.2892 0.2610 0.2363 0.2149 0.1966 0.1812 0.1683 0.1578 0.1495 0.1432 0.1387 0.1359 0.1350 0.1357 0.1385 0.1437 0.1526 0.1711 0.2148 0.2743 0.3296 0.3756 0.4121 0.4398 0.4597 0.4721 0.4768 0.4722 0.4610
0.4805 0.4768 0.4724 0.4603 0.4407 0.4132 0.3771 0.3314 0.2764 0.2167 0.1720 0.1529 0.1439 0.1386 0.1358 0.1350 0.1359 0.1386 0.1431 0.1495 0.1578 0.1684 0.1813 0.1968 0.2151 0.2366 0.2615 0.2898 0.3216 0.3564 0.3928 0.4280 0.4565 0.4726 0.4768 0.4724 0.4608 0.4422 0.4164 0.3826 0.3400 0.2886 0.2311 0.1814 0.1572 0.1465 0.1403 0.1368 0.1352 0.1349 0.1350 0.1349 0.1352 0.1368 0.1403 0.1465 0.1572 0.1814 0.2311 0.2886 0.3400 0.3826 0.4164 0.4422 0.4608 0.4724 0.4768 0.4726 0.4565 0.4280 0.3928 0.3564 0.3216 0.2898 0.2615 0.2366 0.2151 0.1968 0.1813 0.1684 0.1578 0.1495 0.1431 0.1386 0.1359 0.1350 0.1358 0.1386 0.1439 0.1529 0.1720 0.2167 0.2764 0.3314 0.3771 0.4132 0.4407 0.4603 0.4724 0.4768 0.4805
0.4866 0.4727 0.4609 0.4415 0.4143 0.3785 0.3333 0.2785 0.2187 0.1730 0.1533 0.1441 0.1387 0.1358 0.1349 0.1359 0.1386 0.1431 0.1494 0.1578 0.1683 0.1813 0.1968 0.2153 0.2369 0.2618 0.2903 0.3222 0.3571 0.3937 0.4288 0.4571 0.4728 0.4768 0.4721 0.4603 0.4415 0.4153 0.3811 0.3382 0.2865 0.2289 0.1800 0.1566 0.1462 0.1401 0.1366 0.1351 0.1351 0.1361 0.1367 0.1361 0.1351 0.1351 0.1366 0.1401 0.1462 0.1566 0.1800 0.2289 0.2865 0.3382 0.3811 0.4153 0.4415 0.4603 0.4721 0.4768 0.4728 0.4571 0.4288 0.3937 0.3571 0.3222 0.2903 0.2618 0.2369 0.2153 0.1968 0.1813 0.1683 0.1578 0.1494 0.1431 0.1386 0.1359 0.1349 0.1358 0.1387 0.1441 0.1533 0.1730 0.2187 0.2785 0.3333 0.3785 0.4143 0.4415 0.4609 0.4727 0.4866
0.4829 0.4614 0.4424 0.4155 0.3800 0.3350 0.2807 0.2208 0.1741 0.1537 0.1443 0.1388 0.1359 0.1349 0.1358 0.1385 0.1429 0.1493 0.1577 0.1682 0.1812 0.1968 0.2153 0.2369 0.2620 0.2906 0.3227 0.3577 0.3943 0.4295 0.4576 0.4731 0.4767 0.4719 0.4598 0.4408 0.4143 0.3798 0.3365 0.2845 0.2268 0.1787 0.1561 0.1459 0.1399 0.1365 0.1350 0.1353 0.1369 0.1391 0.1402 0.1391 0.1369 0.1353 0.1350 0.1365 0.1399 0.1459 0.1561 0.1787 0.2268 0.2845 0.3365 0.3798 0.4143 0.4408 0.4598 0.4719 0.4767 0.4731 0.4576 0.4295 0.3943 0.3577 0.3227 0.2906 0.2620 0.2369 0.2153 0.1968 0.1812 0.1682 0.1577 0.1493 0.1429 0.1385 0.1358 0.1349 0.1359 0.1388 0.1443 0.1537 0.1741 0.2208 0.2807 0.3350 0.3800 0.4155 0.4424 0.4614 0.4829
0.4716 0.4432 0.4166 0.3814 0.3368 0.2827 0.2230 0.1753 0.1542 0.1446 0.1390 0.1359 0.1349 0.1358 0.1384 0.1428 0.1491 0.1575 0.1680 0.1810 0.1966 0.2151 0.2369 0.2620 0.2907 0.3229 0.3580 0.3948 0.4300 0.4580 0.4732 0.4767 0.4717 0.4594 0.4401 0.4134 0.3786 0.3350 0.2825 0.2247 0.1775 0.1556 0.1456 0.1397 0.1364 0.1350 0.1354 0.1373 0.1404 0.1439 0.1456 0.1439 0.1404 0.1373 0.1354 0.1350 0.1364 0.1397 0.1456 0.1556 0.1775 0.2247 0.2825 0.3350 0.3786 0.4134 0.4401 0.4594 0.4717 0.4767 0.4732 0.4580 0.4300 0.3948 0.3580 0.3229 0.2907 0.2620 0.2369 0.2151 0.1966 0.1810 0.1680 0.1575 0.1491 0.1428 0.1384 0.1358 0.1349 0.1359 0.1390 0.1446 0.1542 0.1753 0.2230 0.2827 0.3368 0.3814 0.4166 0.4432 0.4716
0.4531 0.4177 0.3829 0.3386 0.2848 0.2251 0.1765 0.1547 0.1448 0.1391 0.1360 0.1350 0.1357 0.1383 0.1427 0.1489 0.1572 0.1678 0.1807 0.1963 0.2149 0.2366 0.2618 0.2906 0.3229 0.3582 0.3950 0.4303 0.4583 0.4734 0.4767 0.4715 0.4590 0.4395 0.4126 0.3775 0.3335 0.2808 0.2229 0.1764 0.1551 0.1453 0.1396 0.1363 0.1350 0.1354 0.1375 0.1411 0.1459 0.1507 0.1530 0.1507 0.1459 0.1411 0.1375 0.1354 0.1350 0.1363 0.1396 0.1453 0.1551 0.1764 0.2229 0.2808 0.3335 0.3775 0.4126 0.4395 0.4590 0.4715 0.4767 0.4734 0.4583 0.4303 0.3950 0.3582 0.3229 0.2906 0.2618 0.2366 0.2149 0.1963 0.1807 0.1678 0.1572 0.1489 0.1427 0.1383 0.1357 0.1350 0.1360 0.1391 0.1448 0.1547 0.1765 0.2251 0.2848 0.3386 0.3829 0.4177 0.4531
0.4270 0.3842 0.3404 0.2869 0.2272 0.1777 0.1552 0.1451 0.1393 0.1361 0.1350 0.1357 0.1382 0.1425 0.1487 0.1570 0.1675 0.1804 0.1960 0.2145 0.2363 0.2615 0.2903 0.3227 0.3580 0.3950 0.4304 0.4584 0.4734 0.4767 0.4714 0.4588 0.4391 0.4119 0.3765 0.3322 0.2792 0.2212 0.1754 0.1547 0.1451 0.1394 0.1362 0.1350 0.1355 0.1376 0.1414 0.1467 0.1533 0.1596 0.1626 0.1596 0.1533 0.1467 0.1414 0.1376 0.1355 0.1350 0.1362 0.1394 0.1451 0.1547 0.1754 0.2212 0.2792 0.3322 0.3765 0.4119 0.4391 0.4588 0.4714 0.4767 0.4734 0.4584 0.4304 0.3950 0.3580 0.3227 0.2903 0.2615 0.2363 0.2145 0.1960 0.1804 0.1675 0.1570 0.1487 0.1425 0.1382 0.1357 0.1350 0.1361 0.1393 0.1451 0.1552 0.1777 0.2272 0.2869 0.3404 0.3842 0.4270
0.3927 0.3421 0.2890 0.2294 0.1790 0.1557 0.1454 0.1394 0.1362 0.1350 0.1356 0.1380 0.1423 0.1485 0.1567 0.1671 0.1800 0.1955 0.2140 0.2358 0.2610 0.2898 0.3222 0.3577 0.3948 0.4303 0.4584 0.4735 0.4767 0.4713 0.4586 0.4387 0.4113 0.3757 0.3312 0.2778 0.2198 0.1745 0.1543 0.1449 0.1393 0.1362 0.1350 0.1355 0.1377 0.1416 0.1472 0.1544 0.1629 0.1708 0.1745 0.1708 0.1629 0.1544 0.1472 0.1416 0.1377 0.1355 0.1350 0.1362 0.1393 0.1449 0.1543 0.1745 0.2198 0.2778 0.3312 0.3757 0.4113 0.4387 0.4586 0.4713 0.4767 0.4735 0.4584 0.4303 0.3948 0.3577 0.3222 0.2898 0.2610 0.2358 0.2140 0.1955 0.1800 0.1671 0.1567 0.1485 0.1423 0.1380 0.1356 0.1350 0.1362 0.1394 0.1454 0.1557 0.1790 0.2294 0.2890 0.3421 0.3927
0.3494 0.2910 0.2315 0.1803 0.1562 0.1457 0.1396 0.1363 0.1350 0.1356 0.1379 0.1421 0.1482 0.1564 0.1667 0.1795 0.1950 0.2135 0.2352 0.2604 0.2892 0.3216 0.3571 0.3943 0.4300 0.4583 0.4734 0.4767 0.4713 0.4585 0.4385 0.4110 0.3752 0.3303 0.2767 0.2185 0.1738 0.1540 0.1447 0.1392 0.1361 0.1350 0.1356 0.1378 0.1418 0.1475 0.1550 0.1643 0.1749 0.1846 0.1891 0.1846 0.1749 0.1643 0.1550 0.1475 0.1418 0.1378 0.1356 0.1350 0.1361 0.1392 0.1447 0.1540 0.1738 0.2185 0.2767 0.3303 0.3752 0.4110 0.4385 0.4585 0.4713 0.4767 0.4734 0.4583 0.4300 0.3943 0.3571 0.3216 0.2892 0.2604 0.2352 0.2135 0.1950 0.1795 0.1667 0.1564 0.1482 0.1421 0.1379 0.1356 0.1350 0.1363 0.1396 0.1457 0.1562 0.1803 0.2315 0.2910 0.3494
0.2969 0.2336 0.1816 0.1567 0.1459 0.1398 0.1363 0.1350 0.1355 0.1378 0.1419 0.1480 0.1560 0.1663 0.1790 0.1945 0.2128 0.2345 0.2596 0.2884 0.3208 0.3564 0.3937 0.4295 0.4580 0.4734 0.4767 0.4713 0.4585 0.4384 0.4108 0.3748 0.3298 0.2759 0.2175 0.1732 0.1537 0.1445 0.1391 0.1360 0.1350 0.1356 0.1379 0.1419 0.1477 0.1554 0.1650 0.1766 0.1894 0.2012 0.2065 0.2012 0.1894 0.1766 0.1650 0.1554 0.1477 0.1419 0.1379 0.1356 0.1350 0.1360 0.1391 0.1445 0.1537 0.1732 0.2175 0.2759 0.3298 0.3748 0.4108 0.4384 0.4585 0.4713 0.4767 0.4734 0.4580 0.4295 0.3937 0.3564 0.3208 0.2884 0.2596 0.2345 0.2128 0.1945 0.1790 0.1663 0.1560 0.1480 0.1419 0.1378 0.1355 0.1350 0.1363 0.1398 0.1459 0.1567 0.1816 0.2336 0.2969
0.2378 0.1830 0.1573 0.1462 0.1399 0.1364 0.1350 0.1355 0.1377 0.1418 0.1477 0.1557 0.1659 0.1785 0.1939 0.2122 0.2337 0.2588 0.2875 0.3199 0.3555 0.3928 0.4288 0.4576 0.4732 0.4767 0.4714 0.4586 0.4385 0.4108 0.3747 0.3295 0.2754 0.2169 0.1728 0.1535 0.1444 0.1390 0.1360 0.1350 0.1356 0.1380 0.1421 0.1479 0.1557 0.1655 0.1774 0.1915 0.2069 0.2209 0.2272 0.2209 0.2069 0.1915 0.1774 0.1655 0.1557 0.1479 0.1421 0.1380 0.1356 0.1350 0.1360 0.1390 0.1444 0.1535 0.1728 0.2169 0.2754 0.3295 0.3747 0.4108 0.4385 0.4586 0.4714 0.4767 0.4732 0.4576 0.4288 0.3928 0.3555 0.3199 0.2875 0.2588 0.2337 0.2122 0.1939 0.1785 0.1659 0.1557 0.1477 0.1418 0.1377 0.1355 0.1350 0.1364 0.1399 0.1462 0.1573 0.1830 0.2378
0.1856 0.1578 0.1465 0.1401 0.1365 0.1350 0.1354 0.1376 0.1416 0.1475 0.1554 0.1655 0.1780 0.1933 0.2115 0.2329 0.2579 0.2865 0.3189 0.3544 0.3918 0.4280 0.4571 0.4731 0.4767 0.4715 0.4588 0.4387 0.4110 0.3748 0.3295 0.2753 0.2166 0.1726 0.1534 0.1443 0.1389 0.1360 0.1350 0.1357 0.1381 0.1422 0.1481 0.1560 0.1659 0.1780 0.1925 0.2093 0.2275 0.2440 0.2514 0.2440 0.2275 0.2093 0.1925 0.1780 0.1659 0.1560 0.1481 0.1422 0.1381 0.1357 0.1350 0.1360 0.1389 0.1443 0.1534 0.1726 0.2166 0.2753 0.3295 0.3748 0.4110 0.4387 0.4588 0.4715 0.4767 0.4731 0.4571 0.4280 0.3918 0.3544 0.3189 0.2865 0.2579 0.2329 0.2115 0.1933 0.1780 0.1655 0.1554 0.1475 0.1416 0.1376 0.1354 0.1350 0.1365 0.1401 0.1465 0.1578 0.1856
0.1595 0.1468 0.1403 0.1366 0.1350 0.1354 0.1375 0.1414 0.1472 0.1551 0.1651 0.1775 0.1927 0.2107 0.2321 0.2569 0.2855 0.3177 0.3533 0.3907 0.4270 0.4565 0.4728 0.4767 0.4717 0.4590 0.4391 0.4113 0.3752 0.3298 0.2754 0.2166 0.1725 0.1533 0.1442 0.1389 0.1359 0.1350 0.1357 0.1382 0.1423 0.1483 0.1562 0.1662 0.1784 0.1931 0.2105 0.2304 0.2516 0.2707 0.2793 0.2707 0.2516 0.2304 0.2105 0.1931 0.1784 0.1662 0.1562 0.1483 0.1423 0.1382 0.1357 0.1350 0.1359 0.1389 0.1442 0.1533 0.1725 0.2166 0.2754 0.3298 0.3752 0.4113 0.4391 0.4590 0.4717 0.4767 0.4728 0.4565 0.4270 0.3907 0.3533 0.3177 0.2855 0.2569 0.2321 0.2107 0.1927 0.1775 0.1651 0.1551 0.1472 0.1414 0.1375 0.1354 0.1350 0.1366 0.1403 0.1468 0.1595
0.1477 0.1405 0.1367 0.1351 0.1353 0.1374 0.1412 0.1470 0.1547 0.1647 0.1771 0.1921 0.2100 0.2312 0.2560 0.2844 0.3165 0.3520 0.3894 0.4259 0.4558 0.4726 0.4768 0.4719 0.4594 0.4395 0.4119 0.3757 0.3303 0.2759 0.2169 0.1726 0.1533 0.1442 0.1388 0.1359 0.1350 0.1357 0.1382 0.1424 0.1485 0.1564 0.1665 0.1788 0.1936 0.2112 0.2317 0.2549 0.2794 0.3012 0.3109 0.3012 0.2794 0.2549 0.2317 0.2112 0.1936 0.1788 0.1665 0.1564 0.1485 0.1424 0.1382 0.1357 0.1350 0.1359 0.1388 0.1442 0.1533 0.1726 0.2169 0.2759 0.3303 0.3757 0.4119 0.4395 0.4594 0.4719 0.4768 0.4726 0.4558 0.4259 0.3894 0.3520 0.3165 0.2844 0.2560 0.2312 0.2100 0.1921 0.1771 0.1647 0.1547 0.1470 0.1412 0.1374 0.1353 0.1351 0.1367 0.1405 0.1477
0.1409 0.1368 0.1351 0.1353 0.1373 0.1411 0.1467 0.1544 0.1643 0.1766 0.1915 0.2093 0.2304 0.2550 0.2833 0.3153 0.3506 0.3881 0.4247 0.4550 0.4722 0.4768 0.4721 0.4598 0.4401 0.4126 0.3765 0.3312 0.2767 0.2175 0.1728 0.1534 0.1442 0.1388 0.1359 0.1349 0.1357 0.1383 0.1425 0.1486 0.1566 0.1667 0.1791 0.1941 0.2118 0.2325 0.2564 0.2830 0.3109 0.3352 0.3460 0.3352 0.3109 0.2830 0.2564 0.2325 0.2118 0.1941 0.1791 0.1667 0.1566 0.1486 0.1425 0.1383 0.1357 0.1349 0.1359 0.1388 0.1442 0.1534 0.1728 0.2175 0.2767 0.3312 0.3765 0.4126 0.4401 0.4598 0.4721 0.4768 0.4722 0.4550 0.4247 0.3881 0.3506 0.3153 0.2833 0.2550 0.2304 0.2093 0.1915 0.1766 0.1643 0.1544 0.1467 0.1411 0.1373 0.1353 0.1351 0.1368 0.1409
0.1369 0.1351 0.1352 0.1372 0.1409 0.1465 0.1541 0.1639 0.1761 0.1909 0.2086 0.2296 0.2540 0.2822 0.3141 0.3493 0.3867 0.4235 0.4541 0.4719 0.4768 0.4724 0.4603 0.4408 0.4134 0.3775 0.3322 0.2778 0.2185 0.1732 0.1535 0.1443 0.1389 0.1359 0.1349 0.1358 0.1383 0.1426 0.1486 0.1567 0.1669 0.1794 0.1944 0.2122 0.2331 0.2573 0.2847 0.3149 0.3458 0.3721 0.3835 0.3721 0.3458 0.3149 0.2847 0.2573 0.2331 0.2122 0.1944 0.1794 0.1669 0.1567 0.1486 0.1426 0.1383 0.1358 0.1349 0.1359 0.1389 0.1443 0.1535 0.1732 0.2185 0.2778 0.3322 0.3775 0.4134 0.4408 0.4603 0.4724 0.4768 0.4719 0.4541 0.4235 0.3867 0.3493 0.3141 0.2822 0.2540 0.2296 0.2086 0.1909 0.1761 0.1639 0.1541 0.1465 0.1409 0.1372 0.1352 0.1351 0.1369
0.1350 0.1352 0.1371 0.1407 0.1463 0.1538 0.1635 0.1756 0.1903 0.2079 0.2288 0.2531 0.2811 0.3129 0.3480 0.3853 0.4222 0.4532 0.4715 0.4768 0.4727 0.4608 0.4415 0.4143 0.3786 0.3335 0.2792 0.2198 0.1738 0.1537 0.1444 0.1389 0.1359 0.1350 0.1357 0.1383 0.1426 0.1487 0.1568 0.1670 0.1796 0.1947 0.2126 0.2336 0.2579 0.2857 0.3167 0.3500 0.3830 0.4097 0.4207 0.4097 0.3830 0.3500 0.3167 0.2857 0.2579 0.2336 0.2126 0.1947 0.1796 0.1670 0.1568 0.1487 0.1426 0.1383 0.1357 0.1350 0.1359 0.1389 0.1444 0.1537 0.1738 0.2198 0.2792 0.3335 0.3786 0.4143 0.4415 0.4608 0.4727 0.4768 0.4715 0.4532 0.4222 0.3853 0.3480 0.3129 0.2811 0.2531 0.2288 0.2079 0.1903 0.1756 0.1635 0.1538 0.1463 0.1407 0.1371 0.1352 0.1350
0.1348 0.1370 0.1406 0.1460 0.1535 0.1631 0.1751 0.1897 0.2073 0.2280 0.2522 0.2801 0.3117 0.3467 0.3840 0.4210 0.4523 0.4711 0.4768 0.4730 0.4613 0.4422 0.4153 0.3798 0.3350 0.2808 0.2212 0.1745 0.1540 0.1445 0.1390 0.1360 0.1350 0.1357 0.1383 0.1426 0.1487 0.1568 0.1671 0.1797 0.1949 0.2129 0.2340 0.2585 0.2864 0.3177 0.3519 0.3872 0.4200 0.4436 0.4522 0.4436 0.4200 0.3872 0.3519 0.3177 0.2864 0.2585 0.2340 0.2129 0.1949 0.1797 0.1671 0.1568 0.1487 0.1426 0.1383 0.1357 0.1350 0.1360 0.1390 0.1445 0.1540 0.1745 0.2212 0.2808 0.3350 0.3798 0.4153 0.4422 0.4613 0.4730 0.4768 0.4711 0.4523 0.4210 0.3840 0.3467 0.3117 0.2801 0.2522 0.2280 0.2073 0.1897 0.1751 0.1631 0.1535 0.1460 0.1406 0.1370 0.1348
0.1364 0.1404 0.1458 0.1532 0.1627 0.1746 0.1892 0.2066 0.2272 0.2512 0.2790 0.3105 0.3454 0.3826 0.4197 0.4513 0.4707 0.4768 0.4732 0.4619 0.4430 0.4164 0.3811 0.3365 0.2825 0.2229 0.1754 0.1543 0.1447 0.1391 0.1360 0.1350 0.1357 0.1382 0.1425 0.1486 0.1568 0.1671 0.1797 0.1950 0.2130 0.2342 0.2588 0.2869 0.3184 0.3530 0.3891 0.4238 0.4514 0.4668 0.4711 0.4668 0.4514 0.4238 0.3891 0.3530 0.3184 0.2869 0.2588 0.2342 0.2130 0.1950 0.1797 0.1671 0.1568 0.1486 0.1425 0.1382 0.1357 0.1350 0.1360 0.1391 0.1447 0.1543 0.1754 0.2229 0.2825 0.3365 0.3811 0.4164 0.4430 0.4619 0.4732 0.4768 0.4707 0.4513 0.4197 0.3826 0.3454 0.3105 0.2790 0.2512 0.2272 0.2066 0.1892 0.1746 0.1627 0.1532 0.1458 0.1404 0.1364
0.1396 0.1456 0.1529 0.1623 0.1742 0.1886 0.2059 0.2264 0.2503 0.2779 0.3093 0.3441 0.3813 0.4184 0.4504 0.4702 0.4767 0.4735 0.4624 0.4438 0.4175 0.3826 0.3382 0.2845 0.2247 0.1764 0.1547 0.1449 0.1392 0.1360 0.1350 0.1357 0.1382 0.1424 0.1486 0.1567 0.1670 0.1797 0.1950 0.2131 0.2344 0.2590 0.2872 0.3189 0.3536 0.3900 0.4253 0.4541 0.4707 0.4762 0.4768 0.4762 0.4707 0.4541 0.4253 0.3900 0.3536 0.3189 0.2872 0.2590 0.2344 0.2131 0.1950 0.1797 0.1670 0.1567 0.1486 0.1424 0.1382 0.1357 0.1350 0.1360 0.1392 0.1449 0.1547 0.1764 0.2247 0.2845 0.3382 0.3826 0.4175 0.4438 0.4624 0.4735 0.4767 0.4702 0.4504 0.4184 0.3813 0.3441 0.3093 0.2779 0.2503 0.2264 0.2059 0.1886 0.1742 0.1623 0.1529 0.1456 0.1396
0.1446 0.1526 0.1620 0.1737 0.1880 0.2052 0.2256 0.2494 0.2769 0.3081 0.3428 0.3799 0.4171 0.4494 0.4698 0.4767 0.4738 0.4629 0.4446 0.4186 0.3840 0.3400 0.2865 0.2268 0.1775 0.1551 0.1451 0.1393 0.1361 0.1350 0.1356 0.1381 0.1423 0.1485 0.1566 0.1669 0.1796 0.1949 0.2130 0.2344 0.2591 0.2874 0.3192 0.3540 0.3906 0.4261 0.4552 0.4718 0.4767 0.4750 0.4729 0.4750 0.4767 0.4718 0.4552 0.4261 0.3906 0.3540 0.3192 0.2874 0.2591 0.2344 0.2130 0.1949 0.1796 0.1669 0.1566 0.1485 0.1423 0.1381 0.1356 0.1350 0.1361 0.1393 0.1451 0.1551 0.1775 0.2268 0.2865 0.3400 0.3840 0.4186 0.4446 0.4629 0.4738 0.4767 0.4698 0.4494 0.4171 0.3799 0.3428 0.3081 0.2769 0.2494 0.2256 0.2052 0.1880 0.1737 0.1620 0.1526 0.1446
0.1514 0.1616 0.1732 0.1875 0.2045 0.2248 0.2485 0.2758 0.3069 0.3415 0.3786 0.4159 0.4484 0.4693 0.4766 0.4740 0.4635 0.4454 0.4196 0.3854 0.3418 0.2886 0.2289 0.1787 0.1556 0.1453 0.1394 0.1362 0.1350 0.1356 0.1380 0.1422 0.1483 0.1564 0.1667 0.1794 0.1947 0.2129 0.2342 0.2590 0.2874 0.3193 0.3543 0.3910 0.4266 0.4557 0.4722 0.4768 0.4734 0.4659 0.4614 0.4659 0.4734 0.4768 0.4722 0.4557 0.4266 0.3910 0.3543 0.3193 0.2874 0.2590 0.2342 0.2129 0.1947 0.1794 0.1667 0.1564 0.1483 0.1422 0.1380 0.1356 0.1350 0.1362 0.1394 0.1453 0.1556 0.1787 0.2289 0.2886 0.3418 0.3854 0.4196 0.4454 0.4635 0.4740 0.4766 0.4693 0.4484 0.4159 0.3786 0.3415 0.3069 0.2758 0.2485 0.2248 0.2045 0.1875 0.1732 0.1616 0.1514
0.1602 0.1728 0.1869 0.2039 0.2240 0.2475 0.2748 0.3057 0.3402 0.3772 0.4146 0.4474 0.4688 0.4766 0.4742 0.4640 0.4462 0.4207 0.3868 0.3435 0.2907 0.2311 0.1800 0.1561 0.1456 0.1396 0.1362 0.1350 0.1356 0.1379 0.1421 0.1481 0.1562 0.1665 0.1791 0.1944 0.2126 0.2340 0.2588 0.2872 0.3192 0.3543 0.3911 0.4268 0.4559 0.4724 0.4768 0.4726 0.4623 0.4494 0.4426 0.4494 0.4623 0.4726 0.4768 0.4724 0.4559 0.4268 0.3911 0.3543 0.3192 0.2872 0.2588 0.2340 0.2126 0.1944 0.1791 0.1665 0.1562 0.1481 0.1421 0.1379 0.1356 0.1350 0.1362 0.1396 0.1456 0.1561 0.1800 0.2311 0.2907 0.3435 0.3868 0.4207 0.4462 0.4640 0.4742 0.4766 0.4688 0.4474 0.4146 0.3772 0.3402 0.3057 0.2748 0.2475 0.2240 0.2039 0.1869 0.1728 0.1602
0.1712 0.1864 0.2032 0.2232 0.2466 0.2737 0.3046 0.3389 0.3759 0.4132 0.4464 0.4683 0.4765 0.4745 0.4645 0.4470 0.4218 0.3882 0.3452 0.2927 0.2332 0.1814 0.1566 0.1459 0.1397 0.1363 0.1350 0.1355 0.1378 0.1419 0.1479 0.1560 0.1662 0.1788 0.1941 0.2122 0.2336 0.2585 0.2869 0.3189 0.3540 0.3910 0.4268 0.4560 0.4725 0.4768 0.4723 0.4609 0.4439 0.4254 0.4160 0.4254 0.4439 0.4609 0.4723 0.4768 0.4725 0.4560 0.4268 0.3910 0.3540 0.3189 0.2869 0.2585 0.2336 0.2122 0.1941 0.1788 0.1662 0.1560 0.1479 0.1419 0.1378 0.1355 0.1350 0.1363 0.1397 0.1459 0.1566 0.1814 0.2332 0.2927 0.3452 0.3882 0.4218 0.4470 0.4645 0.4745 0.4765 0.4683 0.4464 0.4132 0.3759 0.3389 0.3046 0.2737 0.2466 0.2232 0.2032 0.1864 0.1712
0.1845 0.2026 0.2224 0.2457 0.2727 0.3034 0.3376 0.3745 0.4119 0.4453 0.4677 0.4764 0.4747 0.4650 0.4478 0.4228 0.3895 0.3470 0.2948 0.2354 0.1828 0.1572 0.1462 0.1399 0.1364 0.1350 0.1355 0.1377 0.1418 0.1477 0.1557 0.1659 0.1784 0.1936 0.2118 0.2331 0.2579 0.2864 0.3184 0.3536 0.3906 0.4266 0.4559 0.4725 0.4768 0.4722 0.4604 0.4418 0.4179 0.3934 0.3812 0.3934 0.4179 0.4418 0.4604 0.4722 0.4768 0.4725 0.4559 0.4266 0.3906 0.3536 0.3184 0.2864 0.2579 0.2331 0.2118 0.1936 0.1784 0.1659 0.1557 0.1477 0.1418 0.1377 0.1355 0.1350 0.1364 0.1399 0.1462 0.1572 0.1828 0.2354 0.2948 0.3470 0.3895 0.4228 0.4478 0.4650 0.4747 0.4764 0.4677 0.4453 0.4119 0.3745 0.3376 0.3034 0.2727 0.2457 0.2224 0.2026 0.1845
0.2005 0.2216 0.2447 0.2715 0.3021 0.3362 0.3730 0.4105 0.4442 0.4671 0.4763 0.4749 0.4655 0.4485 0.4239 0.3910 0.3488 0.2969 0.2376 0.1843 0.1578 0.1465 0.1401 0.1365 0.1350 0.1354 0.1376 0.1416 0.1475 0.1554 0.1655 0.1780 0.1931 0.2112 0.2325 0.2573 0.2857 0.3177 0.3530 0.3901 0.4261 0.4557 0.4724 0.4768 0.4722 0.4602 0.4412 0.4153 0.3838 0.3525 0.3373 0.3525 0.3838 0.4153 0.4412 0.4602 0.4722 0.4768 0.4724 0.4557 0.4261 0.3900 0.3530 0.3177 0.2857 0.2573 0.2325 0.2112 0.1931 0.1780 0.1655 0.1554 0.1475 0.1416 0.1376 0.1354 0.1350 0.1365 0.1401 0.1465 0.1578 0.1843 0.2377 0.2969 0.3488 0.3909 0.4239 0.4485 0.4655 0.4749 0.4763 0.4671 0.4442 0.4105 0.3730 0.3362 0.3021 0.2715 0.2447 0.2216 0.2005
0.2192 0.2436 0.2702 0.3006 0.3346 0.3713 0.4089 0.4429 0.4664 0.4761 0.4751 0.4660 0.4494 0.4251 0.3926 0.3508 0.2993 0.2403 0.1861 0.1585 0.1469 0.1403 0.1366 0.1350 0.1354 0.1375 0.1414 0.1472 0.1550 0.1650 0.1774 0.1925 0.2105 0.2317 0.2564 0.2847 0.3167 0.3519 0.3891 0.4254 0.4552 0.4722 0.4768 0.4723 0.4604 0.4412 0.4147 0.3807 0.3409 0.3028 0.2848 0.3028 0.3409 0.3807 0.4147 0.4412 0.4604 0.4723 0.4768 0.4722 0.4552 0.4253 0.3891 0.3519 0.3167 0.2847 0.2564 0.2317 0.2105 0.1925 0.1774 0.1650 0.1550 0.1472 0.1414 0.1375 0.1354 0.1350 0.1366 0.1403 0.1469 0.1585 0.1861 0.2403 0.2993 0.3508 0.3926 0.4251 0.4494 0.4660 0.4751 0.4761 0.4664 0.4429 0.4089 0.3713 0.3346 0.3006 0.2702 0.2436 0.2192
0.2403 0.2681 0.2983 0.3321 0.3688 0.4065 0.4410 0.4654 0.4759 0.4754 0.4668 0.4507 0.4269 0.3948 0.3536 0.3027 0.2440 0.1888 0.1596 0.1474 0.1406 0.1368 0.1351 0.1353 0.1373 0.1411 0.1467 0.1544 0.1643 0.1766 0.1915 0.2093 0.2304 0.2549 0.2830 0.3149 0.3500 0.3872 0.4238 0.4541 0.4718 0.4768 0.4726 0.4609 0.4418 0.4153 0.3807 0.3381 0.2901 0.2471 0.2284 0.2471 0.2901 0.3381 0.3807 0.4153 0.4418 0.4609 0.4726 0.4768 0.4718 0.4541 0.4238 0.3872 0.3500 0.3149 0.2830 0.2549 0.2304 0.2093 0.1915 0.1766 0.1643 0.1544 0.1467 0.1411 0.1373 0.1353 0.1351 0.1368 0.1406 0.1474 0.1596 0.1888 0.2440 0.3027 0.3536 0.3948 0.4268 0.4506 0.4668 0.4754 0.4759 0.4654 0.4410 0.4065 0.3688 0.3321 0.2983 0.2681 0.2403
0.2624 0.2936 0.3271 0.3637 0.4015 0.4370 0.4631 0.4752 0.4760 0.4682 0.4529 0.4301 0.3990 0.3589 0.3092 0.2512 0.1945 0.1620 0.1486 0.1413 0.1371 0.1352 0.1351 0.1369 0.1404 0.1459 0.1533 0.1629 0.1749 0.1894 0.2069 0.2275 0.2516 0.2794 0.3109 0.3458 0.3830 0.4200 0.4515 0.4707 0.4767 0.4733 0.4623 0.4439 0.4179 0.3838 0.3409 0.2901 0.2371 0.1971 0.1837 0.1971 0.2371 0.2901 0.3409 0.3838 0.4179 0.4439 0.4623 0.4734 0.4767 0.4707 0.4514 0.4200 0.3830 0.3458 0.3109 0.2794 0.2516 0.2275 0.2069 0.1894 0.1749 0.1629 0.1533 0.1459 0.1404 0.1369 0.1351 0.1352 0.1371 0.1413 0.1486 0.1620 0.1945 0.2512 0.3091 0.3589 0.3990 0.4300 0.4529 0.4682 0.4760 0.4752 0.4631 0.4370 0.4015 0.3637 0.3271 0.2936 0.2624
0.2815 0.3154 0.3515 0.3896 0.4267 0.4567 0.4730 0.4767 0.4712 0.4581 0.4373 0.4087 0.3712 0.3242 0.2683 0.2095 0.1689 0.1518 0.1431 0.1381 0.1355 0.1349 0.1361 0.1391 0.1439 0.1507 0.1596 0.1708 0.1846 0.2012 0.2209 0.2440 0.2707 0.3012 0.3352 0.3721 0.4097 0.4436 0.4668 0.4762 0.4750 0.4659 0.4494 0.4254 0.3934 0.3525 0.3028 0.2471 0.1971 0.1706 0.1637 0.1706 0.1971 0.2471 0.3028 0.3525 0.3934 0.4254 0.4494 0.4659 0.4750 0.4762 0.4668 0.4436 0.4097 0.3721 0.3352 0.3012 0.2707 0.2440 0.2209 0.2012 0.1846 0.1708 0.1596 0.1507 0.1439 0.1391 0.1361 0.1349 0.1355 0.1381 0.1431 0.1518 0.1689 0.2095 0.2682 0.3242 0.3712 0.4086 0.4373 0.4581 0.4712 0.4767 0.4730 0.4567 0.4267 0.3896 0.3515 0.3154 0.2815
0.2897 0.3248 0.3620 0.4005 0.4366 0.4631 0.4753 0.4759 0.4680 0.4525 0.4293 0.3980 0.3577 0.3078 0.2498 0.1940 0.1622 0.1488 0.1414 0.1371 0.1351 0.1350 0.1367 0.1402 0.1456 0.1530 0.1626 0.1745 0.1891 0.2065 0.2272 0.2514 0.2793 0.3109 0.3460 0.3835 0.4207 0.4522 0.4711 0.4768 0.4729 0.4614 0.4426 0.4160 0.3812 0.3373 0.2848 0.2284 0.1837 0.1637 0.1587 0.1637 0.1837 0.2284 0.2848 0.3373 0.3812 0.4161 0.4426 0.4614 0.4729 0.4768 0.4711 0.4522 0.4207 0.3835 0.3460 0.3109 0.2793 0.2514 0.2272 0.2065 0.1891 0.1745 0.1626 0.1530 0.1456 0.1402 0.1367 0.1350 0.1351 0.1371 0.1414 0.1488 0.1622 0.1940 0.2498 0.3077 0.3577 0.3980 0.4293 0.4525 0.4680 0.4759 0.4753 0.4631 0.4366 0.4005 0.3620 0.3248 0.2897
0.2815 0.3154 0.3515 0.3896 0.4267 0.4567 0.4730 0.4767 0.4712 0.4581 0.4373 0.4087 0.3712 0.3242 0.2683 0.2095 0.1689 0.1518 0.1431 0.1381 0.1355 0.1349 0.1361 0.1391 0.1439 0.1507 0.1596 0.1708 0.1846 0.2012 0.2209 0.2440 0.2707 0.3012 0.3352 0.3721 0.4097 0.4436 0.4668 0.4762 0.4750 0.4659 0.4494 0.4254 0.3934 0.3525 0.3028 0.2471 0.1971 0.1706 0.1637 0.1706 0.1971 0.2471 0.3028 0.3525 0.3934 0.4254 0.4494 0.4659 0.4750 0.4762 0.4668 0.4436 0.4097 0.3721 0.3352 0.3012 0.2707 0.2440 0.2209 0.2012 0.1846 0.1708 0.1596 0.1507 0.1439 0.1391 0.1361 0.1349 0.1355 0.1381 0.1431 0.1518 0.1689 0.2095 0.2682 0.3242 0.3712 0.4086 0.4373 0.4581 0.4712 0.4767 0.4730 0.4567 0.4267 0.3896 0.3515 0.3154 0.2815
0.2624 0.2936 0.3271 0.3637 0.4015 0.4370 0.4631 0.4752 0.4760 0.4682 0.4529 0.4301 0.3990 0.3589 0.3092 0.2512 0.1945 0.1620 0.1486 0.1413 0.1371 0.1352 0.1351 0.1369 0.1404 0.1459 0.1533 0.1629 0.1749 0.1894 0.2069 0.2275 0.2516 0.2794 0.3109 0.3458 0.3830 0.4200 0.4515 0.4707 0.4767 0.4734 0.4623 0.4439 0.4179 0.3838 0.3409 0.2901 0.2371 0.1971 0.1837 0.1971 0.2371 0.2901 0.3409 0.3838 0.4179 0.4439 0.4623 0.4734 0.4767 0.4707 0.4514 0.4200 0.3830 0.3458 0.3109 0.2794 0.2516 0.2275 0.2069 0.1894 0.1749 0.1629 0.1533 0.1459 0.1404 0.1369 0.1351 0.1352 0.1371 0.1413 0.1486 0.1620 0.1945 0.2512 0.3091 0.3589 0.3990 0.4300 0.4529 0.4682 0.4760 0.4752 0.4631 0.4370 0.4015 0.3637 0.3271 0.2936 0.2624
0.2403 0.2681 0.2983 0.3321 0.3688 0.4065 0.4410 0.4654 0.4759 0.4754 0.4668 0.4507 0.4269 0.3948 0.3536 0.3027 0.2440 0.1888 0.1596 0.1474 0.1406 0.1368 0.1351 0.1353 0.1373 0.1411 0.1467 0.1544 0.1643 0.1766 0.1915 0.2093 0.2304 0.2549 0.2830 0.3149 0.3500 0.3872 0.4238 0.4541 0.4718 0.4768 0.4726 0.4609 0.4418 0.4153 0.3807 0.3381 0.2901 0.2471 0.2284 0.2471 0.2901 0.3381 0.3807 0.4153 0.4418 0.4609 0.4726 0.4768 0.4718 0.4541 0.4238 0.3872 0.3500 0.3149 0.2830 0.2549 0.2304 0.2093 0.1915 0.1766 0.1643 0.1544 0.1467 0.1411 0.1373 0.1353 0.1351 0.1368 0.1406 0.1474 0.1596 0.1888 0.2440 0.3027 0.3536 0.3948 0.4268 0.4506 0.4668 0.4754 0.4759 0.4654 0.4410 0.4065 0.3688 0.3321 0.2983 0.2681 0.2403
0.2192 0.2436 0.2702 0.3006 0.3346 0.3713 0.4089 0.4429 0.4664 0.4761 0.4751 0.4660 0.4494 0.4251 0.3926 0.3508 0.2993 0.2403 0.1861 0.1585 0.1469 0.1403 0.1366 0.1350 0.1354 0.1375 0.1414 0.1472 0.1550 0.1650 0.1774 0.1925 0.2105 0.2317 0.2564 0.2847 0.3167 0.3519 0.3891 0.4253 0.4552 0.4722 0.4768 0.4723 0.4604 0.4412 0.4147 0.3807 0.3409 0.3028 0.2848 0.3028 0.3409 0.3807 0.4147 0.4412 0.4604 0.4723 0.4768 0.4722 0.4552 0.4253 0.3891 0.3519 0.3167 0.2847 0.2564 0.2317 0.2105 0.1925 0.1774 0.1650 0.1550 0.1472 0.1414 0.1375 0.1354 0.1350 0.1366 0.1403 0.1469 0.1585 0.1861 0.2403 0.2993 0.3508 0.3926 0.4251 0.4494 0.4660 0.4751 0.4761 0.4664 0.4429 0.4089 0.3713 0.3346 0.3006 0.2702 0.2436 0.2192
0.2005 0.2216 0.2447 0.2715 0.3021 0.3362 0.3730 0.4105 0.4442 0.4671 0.4763 0.4749 0.4655 0.4485 0.4239 0.3910 0.3488 0.2969 0.2376 0.1843 0.1578 0.1465 0.1401 0.1365 0.1350 0.1354 0.1376 0.1416 0.1475 0.1554 0.1655 0.1780 0.1931 0.2112 0.2325 0.2573 0.2857 0.3177 0.3530 0.3900 0.4261 0.4557 0.4724 0.4768 0.4722 0.4602 0.4412 0.4153 0.3838 0.3525 0.3373 0.3525 0.3838 0.4153 0.4412 0.4602 0.4722 0.4768 0.4724 0.4557 0.4261 0.3900 0.3530 0.3177 0.2857 0.2573 0.2325 0.2112 0.1931 0.1780 0.1655 0.1554 0.1475 0.1416 0.1376 0.1354 0.1350 0.1365 0.1401 0.1465 0.1578 0.1843 0.2377 0.2969 0.3488 0.3909 0.4239 0.4485 0.4655 0.4749 0.4763 0.4671 0.4442 0.4105 0.3730 0.3362 0.3021 0.2715 0.2447 0.2216 0.2005
