-0.2843 -0.2991 -0.3135 -0.3273 -0.3403 -0.3520 -0.3616 -0.3680 -0.3698 -0.3642 -0.3470 -0.3108 -0.2442 -0.1427 -0.0461 0.0147 0.0553 0.0886 0.1197 0.1513 0.1842 0.2161 0.2344 0.1998 0.0380 -0.0848 -0.1363 -0.1665 -0.1894 -0.2087 -0.2261 -0.2425 -0.2582 -0.2736 -0.2886 -0.3033 -0.3176 -0.3313 -0.3440 -0.3551 -0.3639 -0.3692 -0.3690 -0.3605 -0.3387 -0.2949 -0.2186 -0.1163 -0.0359 0.0064 0.0202 0.0064 -0.0359 -0.1163 -0.2186 -0.2949 -0.3387 -0.3605 -0.3690 -0.3692 -0.3639 -0.3551 -0.3440 -0.3313 -0.3176 -0.3033 -0.2886 -0.2736 -0.2582 -0.2425 -0.2261 -0.2087 -0.1894 -0.1665 -0.1363 -0.0848 0.0380 0.1998 0.2344 0.2161 0.1842 0.1513 0.1197 0.0886 0.0553 0.0147 -0.0461 -0.1427 -0.2442 -0.3108 -0.3470 -0.3642 -0.3698 -0.3680 -0.3616 -0.3520 -0.3403 -0.3273 -0.3135 -0.2991 -0.2843
-0.2991 -0.3136 -0.3271 -0.3395 -0.3504 -0.3589 -0.3639 -0.3637 -0.3554 -0.3347 -0.2940 -0.2232 -0.1243 -0.0396 0.0134 0.0505 0.0820 0.1115 0.1414 0.1724 0.2025 0.2202 0.1877 0.0306 -0.0913 -0.1408 -0.1697 -0.1918 -0.2107 -0.2279 -0.2440 -0.2596 -0.2747 -0.2895 -0.3040 -0.3179 -0.3310 -0.3430 -0.3532 -0.3608 -0.3645 -0.3622 -0.3508 -0.3251 -0.2765 -0.1958 -0.0968 -0.0239 0.0193 0.0457 0.0557 0.0457 0.0193 -0.0239 -0.0968 -0.1958 -0.2765 -0.3251 -0.3508 -0.3622 -0.3645 -0.3608 -0.3532 -0.3430 -0.3310 -0.3179 -0.3040 -0.2895 -0.2747 -0.2596 -0.2440 -0.2279 -0.2107 -0.1918 -0.1697 -0.1408 -0.0913 0.0306 0.1877 0.2202 0.2025 0.1724 0.1414 0.1115 0.0820 0.0505 0.0134 -0.0396 -0.1243 -0.2232 -0.2940 -0.3347 -0.3554 -0.3637 -0.3639 -0.3589 -0.3504 -0.3395 -0.3271 -0.3136 -0.2991
-0.3135 -0.3271 -0.3397 -0.3506 -0.3591 -0.3640 -0.3636 -0.3550 -0.3338 -0.2921 -0.2200 -0.1206 -0.0371 0.0150 0.0518 0.0831 0.1126 0.1425 0.1736 0.2035 0.2202 0.1847 0.0243 -0.0943 -0.1420 -0.1705 -0.1925 -0.2114 -0.2285 -0.2446 -0.2601 -0.2753 -0.2901 -0.3045 -0.3184 -0.3315 -0.3434 -0.3536 -0.3610 -0.3645 -0.3620 -0.3502 -0.3238 -0.2741 -0.1919 -0.0922 -0.0197 0.0250 0.0568 0.0793 0.0885 0.0793 0.0568 0.0250 -0.0197 -0.0922 -0.1919 -0.2741 -0.3238 -0.3502 -0.3620 -0.3645 -0.3610 -0.3536 -0.3434 -0.3315 -0.3184 -0.3045 -0.2901 -0.2753 -0.2601 -0.2446 -0.2285 -0.2114 -0.1925 -0.1705 -0.1420 -0.0943 0.0243 0.1847 0.2202 0.2035 0.1736 0.1425 0.1126 0.0831 0.0518 0.0150 -0.0371 -0.1206 -0.2200 -0.2921 -0.3338 -0.3550 -0.3636 -0.3640 -0.3591 -0.3506 -0.3397 -0.3271 -0.3135
-0.3273 -0.3395 -0.3506 -0.3592 -0.3641 -0.3635 -0.3547 -0.3329 -0.2903 -0.2169 -0.1171 -0.0347 0.0165 0.0530 0.0842 0.1137 0.1437 0.1748 0.2045 0.2202 0.1814 0.0180 -0.0973 -0.1433 -0.1715 -0.1933 -0.2120 -0.2291 -0.2452 -0.2607 -0.2758 -0.2906 -0.3050 -0.3189 -0.3319 -0.3438 -0.3539 -0.3613 -0.3646 -0.3618 -0.3496 -0.3225 -0.2717 -0.1882 -0.0886 -0.0170 0.0277 0.0613 0.0889 0.1104 0.1195 0.1104 0.0889 0.0613 0.0277 -0.0170 -0.0886 -0.1882 -0.2717 -0.3225 -0.3496 -0.3618 -0.3646 -0.3613 -0.3539 -0.3438 -0.3319 -0.3189 -0.3050 -0.2906 -0.2758 -0.2607 -0.2452 -0.2291 -0.2120 -0.1933 -0.1715 -0.1433 -0.0973 0.0180 0.1814 0.2202 0.2045 0.1748 0.1437 0.1137 0.0842 0.0530 0.0165 -0.0347 -0.1171 -0.2169 -0.2903 -0.3329 -0.3547 -0.3635 -0.3641 -0.3592 -0.3506 -0.3395 -0.3273
-0.3403 -0.3504 -0.3591 -0.3641 -0.3635 -0.3545 -0.3322 -0.2889 -0.2143 -0.1141 -0.0326 0.0179 0.0542 0.0853 0.1148 0.1448 0.1759 0.2055 0.2201 0.1779 0.0119 -0.1002 -0.1446 -0.1724 -0.1940 -0.2127 -0.2297 -0.2458 -0.2613 -0.2764 -0.2912 -0.3055 -0.3194 -0.3324 -0.3442 -0.3542 -0.3615 -0.3646 -0.3615 -0.3489 -0.3211 -0.2692 -0.1845 -0.0853 -0.0148 0.0295 0.0635 0.0929 0.1197 0.1416 0.1512 0.1416 0.1197 0.0929 0.0635 0.0295 -0.0148 -0.0853 -0.1845 -0.2692 -0.3211 -0.3489 -0.3615 -0.3646 -0.3615 -0.3542 -0.3442 -0.3324 -0.3194 -0.3055 -0.2912 -0.2764 -0.2613 -0.2458 -0.2297 -0.2127 -0.1940 -0.1724 -0.1446 -0.1002 0.0119 0.1779 0.2201 0.2055 0.1759 0.1448 0.1148 0.0853 0.0542 0.0179 -0.0326 -0.1141 -0.2143 -0.2889 -0.3322 -0.3545 -0.3635 -0.3641 -0.3591 -0.3504 -0.3403
-0.3520 -0.3589 -0.3640 -0.3635 -0.3545 -0.3320 -0.2881 -0.2126 -0.1118 -0.0309 0.0191 0.0552 0.0863 0.1158 0.1459 0.1771 0.2064 0.2200 0.1742 0.0061 -0.1030 -0.1458 -0.1732 -0.1948 -0.2133 -0.2303 -0.2464 -0.2619 -0.2769 -0.2917 -0.3061 -0.3199 -0.3329 -0.3447 -0.3546 -0.3617 -0.3646 -0.3612 -0.3481 -0.3196 -0.2666 -0.1808 -0.0820 -0.0128 0.0310 0.0649 0.0949 0.1236 0.1511 0.1739 0.1836 0.1739 0.1511 0.1236 0.0949 0.0649 0.0310 -0.0128 -0.0820 -0.1808 -0.2666 -0.3196 -0.3481 -0.3612 -0.3646 -0.3617 -0.3546 -0.3447 -0.3329 -0.3199 -0.3061 -0.2917 -0.2769 -0.2619 -0.2464 -0.2303 -0.2133 -0.1948 -0.1732 -0.1458 -0.1030 0.0061 0.1742 0.2200 0.2064 0.1771 0.1459 0.1158 0.0863 0.0552 0.0191 -0.0309 -0.1118 -0.2126 -0.2881 -0.3320 -0.3545 -0.3635 -0.3640 -0.3589 -0.3520
-0.3616 -0.3639 -0.3636 -0.3547 -0.3322 -0.2881 -0.2120 -0.1105 -0.0298 0.0200 0.0561 0.0871 0.1167 0.1469 0.1781 0.2073 0.2198 0.1698 0.0003 -0.1058 -0.1470 -0.1741 -0.1955 -0.2140 -0.2309 -0.2470 -0.2624 -0.2775 -0.2922 -0.3066 -0.3204 -0.3334 -0.3451 -0.3549 -0.3619 -0.3646 -0.3609 -0.3474 -0.3181 -0.2640 -0.1770 -0.0787 -0.0108 0.0324 0.0662 0.0963 0.1256 0.1551 0.1834 0.2044 0.2115 0.2044 0.1834 0.1551 0.1256 0.0963 0.0662 0.0324 -0.0108 -0.0787 -0.1770 -0.2640 -0.3181 -0.3474 -0.3609 -0.3646 -0.3619 -0.3549 -0.3451 -0.3334 -0.3204 -0.3066 -0.2922 -0.2775 -0.2624 -0.2470 -0.2309 -0.2140 -0.1955 -0.1741 -0.1470 -0.1058 0.0003 0.1698 0.2198 0.2073 0.1781 0.1469 0.1167 0.0871 0.0561 0.0200 -0.0298 -0.1105 -0.2120 -0.2881 -0.3322 -0.3547 -0.3636 -0.3639 -0.3616
-0.3680 -0.3637 -0.3550 -0.3329 -0.2889 -0.2126 -0.1105 -0.0294 0.0205 0.0566 0.0877 0.1174 0.1477 0.1790 0.2081 0.2195 0.1649 -0.0052 -0.1080 -0.1481 -0.1750 -0.1962 -0.2147 -0.2316 -0.2476 -0.2630 -0.2781 -0.2928 -0.3071 -0.3209 -0.3338 -0.3455 -0.3552 -0.3621 -0.3646 -0.3607 -0.3466 -0.3167 -0.2614 -0.1732 -0.0756 -0.0089 0.0338 0.0674 0.0975 0.1269 0.1571 0.1874 0.2118 0.2182 0.2123 0.2182 0.2118 0.1874 0.1571 0.1269 0.0975 0.0674 0.0338 -0.0089 -0.0756 -0.1732 -0.2614 -0.3167 -0.3466 -0.3607 -0.3646 -0.3621 -0.3552 -0.3455 -0.3338 -0.3209 -0.3071 -0.2928 -0.2781 -0.2630 -0.2476 -0.2316 -0.2147 -0.1962 -0.1750 -0.1481 -0.1080 -0.0052 0.1649 0.2195 0.2081 0.1790 0.1477 0.1174 0.0877 0.0566 0.0205 -0.0294 -0.1105 -0.2126 -0.2889 -0.3329 -0.3550 -0.3637 -0.3680
-0.3698 -0.3554 -0.3338 -0.2903 -0.2143 -0.1118 -0.0298 0.0205 0.0568 0.0881 0.1179 0.1483 0.1798 0.2087 0.2192 0.1605 -0.0099 -0.1098 -0.1492 -0.1758 -0.1970 -0.2153 -0.2322 -0.2481 -0.2636 -0.2786 -0.2933 -0.3076 -0.3214 -0.3343 -0.3459 -0.3555 -0.3622 -0.3646 -0.3603 -0.3459 -0.3151 -0.2587 -0.1695 -0.0725 -0.0070 0.0351 0.0685 0.0986 0.1281 0.1586 0.1894 0.2145 0.2146 0.1663 0.1194 0.1663 0.2146 0.2145 0.1894 0.1586 0.1281 0.0986 0.0685 0.0351 -0.0070 -0.0725 -0.1695 -0.2587 -0.3151 -0.3459 -0.3603 -0.3646 -0.3622 -0.3555 -0.3459 -0.3343 -0.3214 -0.3076 -0.2933 -0.2786 -0.2636 -0.2481 -0.2322 -0.2153 -0.1970 -0.1758 -0.1492 -0.1098 -0.0099 0.1605 0.2192 0.2087 0.1798 0.1483 0.1179 0.0881 0.0568 0.0205 -0.0298 -0.1118 -0.2143 -0.2903 -0.3338 -0.3554 -0.3698
-0.3642 -0.3347 -0.2921 -0.2169 -0.1141 -0.0309 0.0200 0.0566 0.0881 0.1181 0.1487 0.1802 0.2092 0.2189 0.1568 -0.0138 -0.1113 -0.1502 -0.1766 -0.1976 -0.2159 -0.2328 -0.2487 -0.2641 -0.2792 -0.2939 -0.3082 -0.3219 -0.3347 -0.3463 -0.3558 -0.3624 -0.3646 -0.3600 -0.3450 -0.3135 -0.2560 -0.1656 -0.0693 -0.0050 0.0365 0.0697 0.0997 0.1292 0.1598 0.1908 0.2158 0.2118 0.1263 -0.0020 -0.0451 -0.0020 0.1263 0.2118 0.2158 0.1908 0.1598 0.1292 0.0997 0.0697 0.0365 -0.0050 -0.0693 -0.1656 -0.2560 -0.3135 -0.3450 -0.3600 -0.3646 -0.3624 -0.3558 -0.3463 -0.3347 -0.3219 -0.3082 -0.2939 -0.2792 -0.2641 -0.2487 -0.2328 -0.2159 -0.1976 -0.1766 -0.1502 -0.1113 -0.0138 0.1568 0.2189 0.2092 0.1802 0.1487 0.1181 0.0881 0.0566 0.0200 -0.0309 -0.1141 -0.2169 -0.2921 -0.3347 -0.3642
-0.3470 -0.2940 -0.2200 -0.1171 -0.0326 0.0191 0.0561 0.0877 0.1179 0.1487 0.1804 0.2094 0.2187 0.1540 -0.0169 -0.1125 -0.1510 -0.1773 -0.1982 -0.2165 -0.2333 -0.2493 -0.2647 -0.2797 -0.2944 -0.3087 -0.3224 -0.3352 -0.3467 -0.3561 -0.3626 -0.3645 -0.3597 -0.3442 -0.3119 -0.2532 -0.1618 -0.0663 -0.0032 0.0378 0.0709 0.1008 0.1303 0.1610 0.1920 0.2166 0.2098 0.1037 -0.0427 -0.1067 -0.1210 -0.1067 -0.0427 0.1037 0.2098 0.2166 0.1920 0.1610 0.1303 0.1008 0.0709 0.0378 -0.0032 -0.0663 -0.1618 -0.2532 -0.3119 -0.3442 -0.3597 -0.3645 -0.3626 -0.3561 -0.3467 -0.3352 -0.3224 -0.3087 -0.2944 -0.2797 -0.2647 -0.2493 -0.2333 -0.2165 -0.1982 -0.1773 -0.1510 -0.1125 -0.0169 0.1540 0.2187 0.2094 0.1804 0.1487 0.1179 0.0877 0.0561 0.0191 -0.0326 -0.1171 -0.2200 -0.2940 -0.3470
-0.3108 -0.2232 -0.1206 -0.0347 0.0179 0.0552 0.0871 0.1174 0.1483 0.1802 0.2094 0.2186 0.1525 -0.0189 -0.1134 -0.1517 -0.1778 -0.1987 -0.2170 -0.2338 -0.2498 -0.2652 -0.2802 -0.2949 -0.3092 -0.3229 -0.3357 -0.3471 -0.3564 -0.3628 -0.3645 -0.3593 -0.3434 -0.3103 -0.2504 -0.1580 -0.0634 -0.0014 0.0391 0.0720 0.1019 0.1315 0.1621 0.1931 0.2172 0.2081 0.0918 -0.0571 -0.1225 -0.1486 -0.1574 -0.1486 -0.1225 -0.0571 0.0918 0.2081 0.2172 0.1931 0.1621 0.1315 0.1019 0.0720 0.0391 -0.0014 -0.0634 -0.1580 -0.2504 -0.3103 -0.3434 -0.3593 -0.3645 -0.3628 -0.3564 -0.3471 -0.3357 -0.3229 -0.3092 -0.2949 -0.2802 -0.2652 -0.2498 -0.2338 -0.2170 -0.1987 -0.1778 -0.1517 -0.1134 -0.0189 0.1525 0.2186 0.2094 0.1802 0.1483 0.1174 0.0871 0.0552 0.0179 -0.0347 -0.1206 -0.2232 -0.3108
-0.2442 -0.1243 -0.0371 0.0165 0.0542 0.0863 0.1167 0.1477 0.1798 0.2092 0.2187 0.1525 -0.0196 -0.1139 -0.1521 -0.1782 -0.1991 -0.2174 -0.2342 -0.2502 -0.2657 -0.2807 -0.2954 -0.3097 -0.3234 -0.3361 -0.3475 -0.3567 -0.3629 -0.3644 -0.3589 -0.3425 -0.3086 -0.2475 -0.1541 -0.0605 0.0004 0.0405 0.0731 0.1030 0.1326 0.1633 0.1942 0.2178 0.2063 0.0834 -0.0639 -0.1283 -0.1582 -0.1762 -0.1829 -0.1762 -0.1582 -0.1283 -0.0639 0.0834 0.2063 0.2178 0.1942 0.1633 0.1326 0.1030 0.0731 0.0405 0.0004 -0.0605 -0.1541 -0.2475 -0.3086 -0.3425 -0.3589 -0.3644 -0.3629 -0.3567 -0.3475 -0.3361 -0.3234 -0.3097 -0.2954 -0.2807 -0.2657 -0.2502 -0.2342 -0.2174 -0.1991 -0.1782 -0.1521 -0.1139 -0.0196 0.1525 0.2187 0.2092 0.1798 0.1477 0.1167 0.0863 0.0542 0.0165 -0.0371 -0.1243 -0.2442
-0.1427 -0.0396 0.0150 0.0530 0.0853 0.1158 0.1469 0.1790 0.2087 0.2189 0.1540 -0.0189 -0.1139 -0.1522 -0.1784 -0.1994 -0.2177 -0.2346 -0.2506 -0.2660 -0.2811 -0.2958 -0.3101 -0.3238 -0.3365 -0.3478 -0.3570 -0.3631 -0.3644 -0.3585 -0.3416 -0.3068 -0.2445 -0.1503 -0.0576 0.0022 0.0418 0.0743 0.1041 0.1337 0.1645 0.1953 0.2183 0.2044 0.0762 -0.0684 -0.1311 -0.1620 -0.1835 -0.1981 -0.2037 -0.1981 -0.1835 -0.1620 -0.1311 -0.0684 0.0762 0.2044 0.2183 0.1953 0.1645 0.1337 0.1041 0.0743 0.0418 0.0022 -0.0576 -0.1503 -0.2445 -0.3068 -0.3416 -0.3585 -0.3644 -0.3631 -0.3570 -0.3478 -0.3365 -0.3238 -0.3101 -0.2958 -0.2811 -0.2660 -0.2506 -0.2346 -0.2177 -0.1994 -0.1784 -0.1522 -0.1139 -0.0189 0.1540 0.2189 0.2087 0.1790 0.1469 0.1158 0.0853 0.0530 0.0150 -0.0396 -0.1427
-0.0461 0.0134 0.0518 0.0842 0.1148 0.1459 0.1781 0.2081 0.2192 0.1568 -0.0169 -0.1134 -0.1521 -0.1784 -0.1995 -0.2178 -0.2348 -0.2508 -0.2663 -0.2814 -0.2962 -0.3105 -0.3242 -0.3369 -0.3482 -0.3573 -0.3632 -0.3643 -0.3581 -0.3406 -0.3051 -0.2416 -0.1465 -0.0549 0.0039 0.0431 0.0754 0.1052 0.1348 0.1656 0.1964 0.2187 0.2024 0.0692 -0.0722 -0.1328 -0.1638 -0.1864 -0.2042 -0.2170 -0.2221 -0.2170 -0.2042 -0.1864 -0.1638 -0.1328 -0.0722 0.0692 0.2024 0.2187 0.1964 0.1656 0.1348 0.1052 0.0754 0.0431 0.0039 -0.0549 -0.1465 -0.2416 -0.3051 -0.3406 -0.3581 -0.3643 -0.3632 -0.3573 -0.3482 -0.3369 -0.3242 -0.3105 -0.2962 -0.2814 -0.2663 -0.2508 -0.2348 -0.2178 -0.1995 -0.1784 -0.1521 -0.1134 -0.0169 0.1568 0.2192 0.2081 0.1781 0.1459 0.1148 0.0842 0.0518 0.0134 -0.0461
0.0147 0.0505 0.0831 0.1137 0.1448 0.1771 0.2073 0.2195 0.1605 -0.0138 -0.1125 -0.1517 -0.1782 -0.1994 -0.2178 -0.2348 -0.2509 -0.2665 -0.2817 -0.2965 -0.3108 -0.3245 -0.3372 -0.3484 -0.3575 -0.3633 -0.3642 -0.3578 -0.3398 -0.3033 -0.2385 -0.1427 -0.0521 0.0055 0.0444 0.0766 0.1063 0.1360 0.1668 0.1975 0.2191 0.2003 0.0624 -0.0758 -0.1343 -0.1650 -0.1879 -0.2067 -0.2225 -0.2344 -0.2393 -0.2344 -0.2225 -0.2067 -0.1879 -0.1650 -0.1343 -0.0758 0.0624 0.2003 0.2191 0.1975 0.1668 0.1360 0.1063 0.0766 0.0444 0.0055 -0.0521 -0.1427 -0.2385 -0.3033 -0.3398 -0.3578 -0.3642 -0.3633 -0.3575 -0.3484 -0.3372 -0.3245 -0.3108 -0.2965 -0.2817 -0.2665 -0.2509 -0.2348 -0.2178 -0.1994 -0.1782 -0.1517 -0.1125 -0.0138 0.1605 0.2195 0.2073 0.1771 0.1448 0.1137 0.0831 0.0505 0.0147
0.0553 0.0820 0.1126 0.1437 0.1759 0.2064 0.2198 0.1649 -0.0099 -0.1113 -0.1510 -0.1778 -0.1991 -0.2177 -0.2348 -0.2509 -0.2666 -0.2818 -0.2966 -0.3110 -0.3247 -0.3374 -0.3487 -0.3577 -0.3634 -0.3642 -0.3574 -0.3389 -0.3016 -0.2355 -0.1389 -0.0494 0.0072 0.0457 0.0777 0.1074 0.1371 0.1680 0.1985 0.2194 0.1980 0.0557 -0.0791 -0.1357 -0.1660 -0.1888 -0.2079 -0.2248 -0.2396 -0.2509 -0.2556 -0.2509 -0.2396 -0.2248 -0.2079 -0.1888 -0.1660 -0.1357 -0.0791 0.0557 0.1980 0.2194 0.1985 0.1680 0.1371 0.1074 0.0777 0.0457 0.0072 -0.0494 -0.1389 -0.2355 -0.3016 -0.3389 -0.3574 -0.3642 -0.3634 -0.3577 -0.3487 -0.3374 -0.3247 -0.3110 -0.2966 -0.2818 -0.2666 -0.2509 -0.2348 -0.2177 -0.1991 -0.1778 -0.1510 -0.1113 -0.0099 0.1649 0.2198 0.2064 0.1759 0.1437 0.1126 0.0820 0.0553
0.0886 0.1115 0.1425 0.1748 0.2055 0.2200 0.1698 -0.0052 -0.1098 -0.1502 -0.1773 -0.1987 -0.2174 -0.2346 -0.2508 -0.2665 -0.2818 -0.2967 -0.3111 -0.3249 -0.3376 -0.3489 -0.3579 -0.3635 -0.3641 -0.3571 -0.3381 -0.3001 -0.2328 -0.1354 -0.0469 0.0088 0.0470 0.0788 0.1085 0.1382 0.1691 0.1996 0.2197 0.1955 0.0489 -0.0825 -0.1371 -0.1670 -0.1896 -0.2088 -0.2259 -0.2417 -0.2559 -0.2669 -0.2715 -0.2669 -0.2559 -0.2417 -0.2259 -0.2088 -0.1896 -0.1670 -0.1371 -0.0825 0.0489 0.1955 0.2197 0.1996 0.1691 0.1382 0.1085 0.0788 0.0470 0.0088 -0.0469 -0.1354 -0.2328 -0.3001 -0.3381 -0.3571 -0.3641 -0.3635 -0.3579 -0.3489 -0.3376 -0.3249 -0.3111 -0.2967 -0.2818 -0.2665 -0.2508 -0.2346 -0.2174 -0.1987 -0.1773 -0.1502 -0.1098 -0.0052 0.1698 0.2200 0.2055 0.1748 0.1425 0.1115 0.0886
0.1197 0.1414 0.1736 0.2045 0.2201 0.1742 0.0003 -0.1080 -0.1492 -0.1766 -0.1982 -0.2170 -0.2342 -0.2506 -0.2663 -0.2817 -0.2966 -0.3111 -0.3249 -0.3377 -0.3490 -0.3580 -0.3636 -0.3641 -0.3568 -0.3374 -0.2987 -0.2304 -0.1323 -0.0447 0.0103 0.0482 0.0799 0.1095 0.1394 0.1703 0.2006 0.2199 0.1929 0.0423 -0.0857 -0.1385 -0.1680 -0.1904 -0.2095 -0.2267 -0.2428 -0.2579 -0.2717 -0.2825 -0.2871 -0.2825 -0.2717 -0.2579 -0.2428 -0.2267 -0.2095 -0.1904 -0.1680 -0.1385 -0.0857 0.0423 0.1929 0.2199 0.2006 0.1703 0.1394 0.1095 0.0799 0.0482 0.0103 -0.0447 -0.1323 -0.2304 -0.2987 -0.3374 -0.3568 -0.3641 -0.3636 -0.3580 -0.3490 -0.3377 -0.3249 -0.3111 -0.2966 -0.2817 -0.2663 -0.2506 -0.2342 -0.2170 -0.1982 -0.1766 -0.1492 -0.1080 0.0003 0.1742 0.2201 0.2045 0.1736 0.1414 0.1197
0.1513 0.1724 0.2035 0.2202 0.1779 0.0061 -0.1058 -0.1481 -0.1758 -0.1976 -0.2165 -0.2338 -0.2502 -0.2660 -0.2814 -0.2965 -0.3110 -0.3249 -0.3377 -0.3490 -0.3580 -0.3636 -0.3640 -0.3566 -0.3369 -0.2976 -0.2283 -0.1296 -0.0427 0.0116 0.0492 0.0809 0.1105 0.1404 0.1715 0.2017 0.2201 0.1901 0.0358 -0.0888 -0.1397 -0.1689 -0.1912 -0.2102 -0.2274 -0.2435 -0.2590 -0.2737 -0.2872 -0.2978 -0.3023 -0.2978 -0.2872 -0.2737 -0.2590 -0.2435 -0.2274 -0.2102 -0.1912 -0.1689 -0.1397 -0.0888 0.0358 0.1901 0.2201 0.2017 0.1715 0.1404 0.1105 0.0809 0.0492 0.0116 -0.0427 -0.1296 -0.2283 -0.2976 -0.3369 -0.3566 -0.3640 -0.3636 -0.3580 -0.3490 -0.3377 -0.3249 -0.3110 -0.2965 -0.2814 -0.2660 -0.2502 -0.2338 -0.2165 -0.1976 -0.1758 -0.1481 -0.1058 0.0061 0.1779 0.2202 0.2035 0.1724 0.1513
0.1842 0.2025 0.2202 0.1814 0.0119 -0.1030 -0.1470 -0.1750 -0.1970 -0.2159 -0.2333 -0.2498 -0.2657 -0.2811 -0.2962 -0.3108 -0.3247 -0.3376 -0.3490 -0.3580 -0.3636 -0.3640 -0.3565 -0.3365 -0.2967 -0.2267 -0.1275 -0.0411 0.0127 0.0502 0.0818 0.1115 0.1414 0.1725 0.2026 0.2202 0.1872 0.0294 -0.0919 -0.1410 -0.1698 -0.1919 -0.2108 -0.2280 -0.2441 -0.2596 -0.2747 -0.2891 -0.3022 -0.3126 -0.3169 -0.3126 -0.3022 -0.2891 -0.2747 -0.2596 -0.2441 -0.2280 -0.2108 -0.1919 -0.1698 -0.1410 -0.0919 0.0294 0.1872 0.2202 0.2026 0.1725 0.1414 0.1115 0.0818 0.0502 0.0127 -0.0411 -0.1275 -0.2267 -0.2967 -0.3365 -0.3565 -0.3640 -0.3636 -0.3580 -0.3490 -0.3376 -0.3247 -0.3108 -0.2962 -0.2811 -0.2657 -0.2498 -0.2333 -0.2159 -0.1970 -0.1750 -0.1470 -0.1030 0.0119 0.1814 0.2202 0.2025 0.1842
0.2161 0.2202 0.1847 0.0180 -0.1002 -0.1458 -0.1741 -0.1962 -0.2153 -0.2328 -0.2493 -0.2652 -0.2807 -0.2958 -0.3105 -0.3245 -0.3374 -0.3489 -0.3580 -0.3636 -0.3640 -0.3564 -0.3364 -0.2962 -0.2255 -0.1258 -0.0398 0.0136 0.0509 0.0826 0.1123 0.1423 0.1735 0.2035 0.2202 0.1842 0.0232 -0.0949 -0.1423 -0.1707 -0.1927 -0.2115 -0.2286 -0.2447 -0.2603 -0.2753 -0.2900 -0.3041 -0.3168 -0.3267 -0.3308 -0.3267 -0.3168 -0.3041 -0.2900 -0.2753 -0.2603 -0.2447 -0.2286 -0.2115 -0.1927 -0.1707 -0.1423 -0.0949 0.0232 0.1842 0.2202 0.2035 0.1735 0.1423 0.1123 0.0826 0.0509 0.0136 -0.0398 -0.1258 -0.2255 -0.2962 -0.3364 -0.3564 -0.3640 -0.3636 -0.3580 -0.3489 -0.3374 -0.3245 -0.3105 -0.2958 -0.2807 -0.2652 -0.2493 -0.2328 -0.2153 -0.1962 -0.1741 -0.1458 -0.1002 0.0180 0.1847 0.2202 0.2161
0.2344 0.1877 0.0243 -0.0973 -0.1446 -0.1732 -0.1955 -0.2147 -0.2322 -0.2487 -0.2647 -0.2802 -0.2954 -0.3101 -0.3242 -0.3372 -0.3487 -0.3579 -0.3636 -0.3640 -0.3565 -0.3364 -0.2960 -0.2249 -0.1248 -0.0389 0.0143 0.0516 0.0832 0.1130 0.1431 0.1743 0.2043 0.2202 0.1814 0.0177 -0.0976 -0.1435 -0.1716 -0.1934 -0.2122 -0.2292 -0.2453 -0.2608 -0.2759 -0.2907 -0.3050 -0.3185 -0.3306 -0.3398 -0.3436 -0.3398 -0.3306 -0.3185 -0.3050 -0.2907 -0.2759 -0.2608 -0.2453 -0.2292 -0.2122 -0.1934 -0.1716 -0.1435 -0.0976 0.0177 0.1814 0.2202 0.2043 0.1743 0.1431 0.1130 0.0832 0.0516 0.0143 -0.0389 -0.1248 -0.2249 -0.2960 -0.3364 -0.3565 -0.3640 -0.3636 -0.3579 -0.3487 -0.3372 -0.3242 -0.3101 -0.2954 -0.2802 -0.2647 -0.2487 -0.2322 -0.2147 -0.1955 -0.1732 -0.1446 -0.0973 0.0243 0.1877 0.2344
0.1998 0.0306 -0.0943 -0.1433 -0.1724 -0.1948 -0.2140 -0.2316 -0.2481 -0.2641 -0.2797 -0.2949 -0.3097 -0.3238 -0.3369 -0.3484 -0.3577 -0.3635 -0.3641 -0.3566 -0.3365 -0.2962 -0.2249 -0.1244 -0.0385 0.0147 0.0520 0.0837 0.1135 0.1437 0.1750 0.2049 0.2202 0.1788 0.0128 -0.1000 -0.1446 -0.1724 -0.1942 -0.2128 -0.2298 -0.2459 -0.2614 -0.2765 -0.2912 -0.3056 -0.3194 -0.3321 -0.3431 -0.3513 -0.3546 -0.3513 -0.3431 -0.3321 -0.3194 -0.3056 -0.2912 -0.2765 -0.2614 -0.2459 -0.2298 -0.2128 -0.1942 -0.1724 -0.1446 -0.1000 0.0128 0.1788 0.2202 0.2049 0.1750 0.1437 0.1135 0.0837 0.0520 0.0147 -0.0385 -0.1244 -0.2249 -0.2962 -0.3365 -0.3566 -0.3641 -0.3635 -0.3577 -0.3484 -0.3369 -0.3238 -0.3097 -0.2949 -0.2797 -0.2641 -0.2481 -0.2316 -0.2140 -0.1948 -0.1724 -0.1433 -0.0943 0.0306 0.1998
0.0380 -0.0913 -0.1420 -0.1715 -0.1940 -0.2133 -0.2309 -0.2476 -0.2636 -0.2792 -0.2944 -0.3092 -0.3234 -0.3365 -0.3482 -0.3575 -0.3634 -0.3641 -0.3568 -0.3369 -0.2967 -0.2255 -0.1248 -0.0385 0.0148 0.0522 0.0840 0.1139 0.1442 0.1756 0.2055 0.2201 0.1764 0.0085 -0.1022 -0.1456 -0.1732 -0.1948 -0.2134 -0.2304 -0.2465 -0.2620 -0.2770 -0.2918 -0.3062 -0.3200 -0.3329 -0.3444 -0.3538 -0.3603 -0.3628 -0.3603 -0.3538 -0.3444 -0.3329 -0.3200 -0.3062 -0.2918 -0.2770 -0.2620 -0.2465 -0.2304 -0.2134 -0.1948 -0.1732 -0.1456 -0.1022 0.0085 0.1764 0.2201 0.2055 0.1756 0.1442 0.1139 0.0840 0.0522 0.0148 -0.0385 -0.1248 -0.2255 -0.2967 -0.3369 -0.3568 -0.3641 -0.3634 -0.3575 -0.3482 -0.3365 -0.3234 -0.3092 -0.2944 -0.2792 -0.2636 -0.2476 -0.2309 -0.2133 -0.1940 -0.1715 -0.1420 -0.0913 0.0380
-0.0848 -0.1408 -0.1705 -0.1933 -0.2127 -0.2303 -0.2470 -0.2630 -0.2786 -0.2939 -0.3087 -0.3229 -0.3361 -0.3478 -0.3573 -0.3633 -0.3642 -0.3571 -0.3374 -0.2976 -0.2267 -0.1258 -0.0389 0.0147 0.0522 0.0841 0.1141 0.1445 0.1760 0.2059 0.2200 0.1743 0.0049 -0.1041 -0.1464 -0.1739 -0.1954 -0.2140 -0.2309 -0.2470 -0.2625 -0.2776 -0.2923 -0.3067 -0.3205 -0.3334 -0.3451 -0.3548 -0.3617 -0.3655 -0.3666 -0.3655 -0.3617 -0.3548 -0.3451 -0.3334 -0.3205 -0.3067 -0.2923 -0.2776 -0.2625 -0.2470 -0.2309 -0.2140 -0.1954 -0.1739 -0.1464 -0.1041 0.0049 0.1743 0.2200 0.2059 0.1760 0.1445 0.1141 0.0841 0.0522 0.0147 -0.0389 -0.1258 -0.2267 -0.2976 -0.3374 -0.3571 -0.3642 -0.3633 -0.3573 -0.3478 -0.3361 -0.3229 -0.3087 -0.2939 -0.2786 -0.2630 -0.2470 -0.2303 -0.2127 -0.1933 -0.1705 -0.1408 -0.0848
-0.1363 -0.1697 -0.1925 -0.2120 -0.2297 -0.2464 -0.2624 -0.2781 -0.2933 -0.3082 -0.3224 -0.3357 -0.3475 -0.3570 -0.3632 -0.3642 -0.3574 -0.3381 -0.2987 -0.2283 -0.1275 -0.0398 0.0143 0.0520 0.0840 0.1141 0.1446 0.1762 0.2061 0.2200 0.1728 0.0021 -0.1056 -0.1471 -0.1744 -0.1959 -0.2145 -0.2314 -0.2475 -0.2630 -0.2781 -0.2929 -0.3072 -0.3210 -0.3339 -0.3455 -0.3552 -0.3621 -0.3652 -0.3649 -0.3639 -0.3649 -0.3652 -0.3621 -0.3552 -0.3455 -0.3339 -0.3210 -0.3072 -0.2929 -0.2781 -0.2630 -0.2475 -0.2314 -0.2145 -0.1959 -0.1744 -0.1471 -0.1056 0.0021 0.1728 0.2200 0.2061 0.1762 0.1446 0.1141 0.0840 0.0520 0.0143 -0.0398 -0.1275 -0.2283 -0.2987 -0.3381 -0.3574 -0.3642 -0.3632 -0.3570 -0.3475 -0.3357 -0.3224 -0.3082 -0.2933 -0.2781 -0.2624 -0.2464 -0.2297 -0.2120 -0.1925 -0.1697 -0.1363
-0.1665 -0.1918 -0.2114 -0.2291 -0.2458 -0.2619 -0.2775 -0.2928 -0.3076 -0.3219 -0.3352 -0.3471 -0.3567 -0.3631 -0.3643 -0.3578 -0.3389 -0.3001 -0.2304 -0.1296 -0.0411 0.0136 0.0516 0.0837 0.1139 0.1445 0.1762 0.2062 0.2199 0.1717 0.0003 -0.1066 -0.1477 -0.1749 -0.1963 -0.2149 -0.2319 -0.2479 -0.2634 -0.2786 -0.2933 -0.3077 -0.3214 -0.3343 -0.3459 -0.3556 -0.3623 -0.3648 -0.3621 -0.3551 -0.3505 -0.3551 -0.3621 -0.3648 -0.3623 -0.3556 -0.3459 -0.3343 -0.3214 -0.3077 -0.2933 -0.2786 -0.2634 -0.2479 -0.2319 -0.2149 -0.1963 -0.1749 -0.1477 -0.1066 0.0003 0.1717 0.2199 0.2062 0.1762 0.1445 0.1139 0.0837 0.0516 0.0136 -0.0411 -0.1296 -0.2304 -0.3001 -0.3389 -0.3578 -0.3643 -0.3631 -0.3567 -0.3471 -0.3352 -0.3219 -0.3076 -0.2928 -0.2775 -0.2619 -0.2458 -0.2291 -0.2114 -0.1918 -0.1665
-0.1894 -0.2107 -0.2285 -0.2452 -0.2613 -0.2769 -0.2922 -0.3071 -0.3214 -0.3347 -0.3467 -0.3564 -0.3629 -0.3644 -0.3581 -0.3398 -0.3016 -0.2328 -0.1323 -0.0427 0.0127 0.0509 0.0832 0.1135 0.1442 0.1760 0.2061 0.2199 0.1713 -0.0006 -0.1072 -0.1480 -0.1752 -0.1967 -0.2152 -0.2322 -0.2483 -0.2638 -0.2790 -0.2937 -0.3081 -0.3219 -0.3348 -0.3463 -0.3559 -0.3625 -0.3646 -0.3605 -0.3485 -0.3305 -0.3199 -0.3305 -0.3485 -0.3605 -0.3646 -0.3625 -0.3559 -0.3463 -0.3348 -0.3219 -0.3081 -0.2937 -0.2790 -0.2638 -0.2483 -0.2322 -0.2152 -0.1967 -0.1752 -0.1480 -0.1072 -0.0006 0.1713 0.2199 0.2061 0.1760 0.1442 0.1135 0.0832 0.0509 0.0127 -0.0427 -0.1323 -0.2328 -0.3016 -0.3398 -0.3581 -0.3644 -0.3629 -0.3564 -0.3467 -0.3347 -0.3214 -0.3071 -0.2922 -0.2769 -0.2613 -0.2452 -0.2285 -0.2107 -0.1894
-0.2087 -0.2279 -0.2446 -0.2607 -0.2764 -0.2917 -0.3066 -0.3209 -0.3343 -0.3463 -0.3561 -0.3628 -0.3644 -0.3585 -0.3406 -0.3033 -0.2355 -0.1354 -0.0447 0.0116 0.0502 0.0826 0.1130 0.1437 0.1756 0.2059 0.2200 0.1717 -0.0006 -0.1073 -0.1482 -0.1754 -0.1969 -0.2155 -0.2325 -0.2486 -0.2642 -0.2793 -0.2941 -0.3085 -0.3222 -0.3351 -0.3466 -0.3561 -0.3626 -0.3646 -0.3598 -0.3452 -0.3179 -0.2817 -0.2612 -0.2817 -0.3179 -0.3452 -0.3598 -0.3646 -0.3626 -0.3561 -0.3466 -0.3351 -0.3222 -0.3085 -0.2941 -0.2793 -0.2642 -0.2486 -0.2325 -0.2155 -0.1969 -0.1754 -0.1482 -0.1073 -0.0006 0.1717 0.2200 0.2059 0.1756 0.1437 0.1130 0.0826 0.0502 0.0116 -0.0447 -0.1354 -0.2355 -0.3033 -0.3406 -0.3585 -0.3644 -0.3628 -0.3561 -0.3463 -0.3343 -0.3209 -0.3066 -0.2917 -0.2764 -0.2607 -0.2446 -0.2279 -0.2087
-0.2261 -0.2440 -0.2601 -0.2758 -0.2912 -0.3061 -0.3204 -0.3338 -0.3459 -0.3558 -0.3626 -0.3645 -0.3589 -0.3416 -0.3051 -0.2385 -0.1389 -0.0469 0.0103 0.0492 0.0818 0.1123 0.1431 0.1750 0.2055 0.2200 0.1728 0.0003 -0.1072 -0.1482 -0.1755 -0.1970 -0.2156 -0.2327 -0.2488 -0.2644 -0.2796 -0.2944 -0.3088 -0.3226 -0.3355 -0.3469 -0.3564 -0.3627 -0.3645 -0.3593 -0.3436 -0.3120 -0.2600 -0.1975 -0.1659 -0.1975 -0.2600 -0.3120 -0.3436 -0.3593 -0.3645 -0.3627 -0.3564 -0.3469 -0.3355 -0.3226 -0.3088 -0.2944 -0.2796 -0.2644 -0.2488 -0.2327 -0.2156 -0.1970 -0.1755 -0.1482 -0.1072 0.0003 0.1728 0.2200 0.2055 0.1750 0.1431 0.1123 0.0818 0.0492 0.0103 -0.0469 -0.1389 -0.2385 -0.3051 -0.3416 -0.3589 -0.3645 -0.3626 -0.3558 -0.3459 -0.3338 -0.3204 -0.3061 -0.2912 -0.2758 -0.2601 -0.2440 -0.2261
-0.2425 -0.2596 -0.2753 -0.2906 -0.3055 -0.3199 -0.3334 -0.3455 -0.3555 -0.3624 -0.3645 -0.3593 -0.3425 -0.3068 -0.2416 -0.1427 -0.0494 0.0088 0.0482 0.0809 0.1115 0.1423 0.1743 0.2049 0.2201 0.1743 0.0021 -0.1066 -0.1480 -0.1754 -0.1970 -0.2157 -0.2328 -0.2490 -0.2646 -0.2798 -0.2947 -0.3091 -0.3229 -0.3358 -0.3472 -0.3566 -0.3629 -0.3645 -0.3590 -0.3426 -0.3091 -0.2503 -0.1666 -0.0923 -0.0647 -0.0923 -0.1666 -0.2503 -0.3091 -0.3426 -0.3590 -0.3645 -0.3629 -0.3566 -0.3472 -0.3358 -0.3229 -0.3091 -0.2947 -0.2798 -0.2646 -0.2490 -0.2328 -0.2157 -0.1970 -0.1754 -0.1480 -0.1066 0.0021 0.1743 0.2201 0.2049 0.1743 0.1423 0.1115 0.0809 0.0482 0.0088 -0.0494 -0.1427 -0.2416 -0.3068 -0.3425 -0.3593 -0.3645 -0.3624 -0.3555 -0.3455 -0.3334 -0.3199 -0.3055 -0.2906 -0.2753 -0.2596 -0.2425
-0.2582 -0.2747 -0.2901 -0.3050 -0.3194 -0.3329 -0.3451 -0.3552 -0.3622 -0.3646 -0.3597 -0.3434 -0.3086 -0.2445 -0.1465 -0.0521 0.0072 0.0470 0.0799 0.1105 0.1414 0.1735 0.2043 0.2202 0.1764 0.0049 -0.1056 -0.1477 -0.1752 -0.1969 -0.2156 -0.2328 -0.2490 -0.2647 -0.2800 -0.2949 -0.3093 -0.3231 -0.3360 -0.3475 -0.3568 -0.3630 -0.3644 -0.3587 -0.3418 -0.3072 -0.2455 -0.1541 -0.0667 -0.0166 -0.0001 -0.0166 -0.0667 -0.1541 -0.2455 -0.3072 -0.3418 -0.3587 -0.3644 -0.3630 -0.3568 -0.3475 -0.3360 -0.3231 -0.3093 -0.2949 -0.2800 -0.2647 -0.2490 -0.2328 -0.2156 -0.1969 -0.1752 -0.1477 -0.1056 0.0049 0.1764 0.2202 0.2043 0.1735 0.1414 0.1105 0.0799 0.0470 0.0072 -0.0521 -0.1465 -0.2445 -0.3086 -0.3434 -0.3597 -0.3646 -0.3622 -0.3552 -0.3451 -0.3329 -0.3194 -0.3050 -0.2901 -0.2747 -0.2582
-0.2736 -0.2895 -0.3045 -0.3189 -0.3324 -0.3447 -0.3549 -0.3621 -0.3646 -0.3600 -0.3442 -0.3103 -0.2475 -0.1503 -0.0549 0.0055 0.0457 0.0788 0.1095 0.1404 0.1725 0.2035 0.2202 0.1788 0.0085 -0.1041 -0.1471 -0.1749 -0.1967 -0.2155 -0.2327 -0.2490 -0.2647 -0.2800 -0.2949 -0.3094 -0.3233 -0.3362 -0.3476 -0.3570 -0.3631 -0.3644 -0.3584 -0.3411 -0.3057 -0.2424 -0.1480 -0.0576 -0.0018 0.0297 0.0415 0.0297 -0.0018 -0.0576 -0.1480 -0.2424 -0.3057 -0.3411 -0.3584 -0.3644 -0.3631 -0.3570 -0.3476 -0.3362 -0.3233 -0.3094 -0.2949 -0.2800 -0.2647 -0.2490 -0.2327 -0.2155 -0.1967 -0.1749 -0.1471 -0.1041 0.0085 0.1788 0.2202 0.2035 0.1725 0.1404 0.1095 0.0788 0.0457 0.0055 -0.0549 -0.1503 -0.2475 -0.3103 -0.3442 -0.3600 -0.3646 -0.3621 -0.3549 -0.3447 -0.3324 -0.3189 -0.3045 -0.2895 -0.2736
-0.2886 -0.3040 -0.3184 -0.3319 -0.3442 -0.3546 -0.3619 -0.3646 -0.3603 -0.3450 -0.3119 -0.2504 -0.1541 -0.0576 0.0039 0.0444 0.0777 0.1085 0.1394 0.1715 0.2026 0.2202 0.1814 0.0128 -0.1022 -0.1464 -0.1744 -0.1963 -0.2152 -0.2325 -0.2488 -0.2646 -0.2800 -0.2949 -0.3095 -0.3233 -0.3363 -0.3477 -0.3571 -0.3631 -0.3643 -0.3582 -0.3405 -0.3045 -0.2401 -0.1443 -0.0535 0.0037 0.0402 0.0651 0.0751 0.0651 0.0402 0.0037 -0.0535 -0.1443 -0.2401 -0.3045 -0.3405 -0.3582 -0.3643 -0.3631 -0.3571 -0.3477 -0.3363 -0.3233 -0.3095 -0.2949 -0.2800 -0.2646 -0.2488 -0.2325 -0.2152 -0.1963 -0.1744 -0.1464 -0.1022 0.0128 0.1814 0.2202 0.2026 0.1715 0.1394 0.1085 0.0777 0.0444 0.0039 -0.0576 -0.1541 -0.2504 -0.3119 -0.3450 -0.3603 -0.3646 -0.3619 -0.3546 -0.3442 -0.3319 -0.3184 -0.3040 -0.2886
-0.3033 -0.3179 -0.3315 -0.3438 -0.3542 -0.3617 -0.3646 -0.3607 -0.3459 -0.3135 -0.2532 -0.1580 -0.0605 0.0022 0.0431 0.0766 0.1074 0.1382 0.1703 0.2017 0.2202 0.1842 0.0177 -0.1000 -0.1456 -0.1739 -0.1959 -0.2149 -0.2322 -0.2486 -0.2644 -0.2798 -0.2949 -0.3094 -0.3233 -0.3363 -0.3478 -0.3571 -0.3632 -0.3643 -0.3580 -0.3400 -0.3035 -0.2382 -0.1415 -0.0510 0.0061 0.0441 0.0739 0.0963 0.1058 0.0963 0.0739 0.0441 0.0061 -0.0510 -0.1415 -0.2382 -0.3035 -0.3400 -0.3580 -0.3643 -0.3632 -0.3571 -0.3478 -0.3363 -0.3233 -0.3094 -0.2949 -0.2798 -0.2644 -0.2486 -0.2322 -0.2149 -0.1959 -0.1739 -0.1456 -0.1000 0.0177 0.1842 0.2202 0.2017 0.1703 0.1382 0.1074 0.0766 0.0431 0.0022 -0.0605 -0.1580 -0.2532 -0.3135 -0.3459 -0.3607 -0.3646 -0.3617 -0.3542 -0.3438 -0.3315 -0.3179 -0.3033
-0.3176 -0.3310 -0.3434 -0.3539 -0.3615 -0.3646 -0.3609 -0.3466 -0.3151 -0.2560 -0.1618 -0.0634 0.0004 0.0418 0.0754 0.1063 0.1371 0.1691 0.2006 0.2201 0.1872 0.0232 -0.0976 -0.1446 -0.1732 -0.1954 -0.2145 -0.2319 -0.2483 -0.2642 -0.2796 -0.2947 -0.3093 -0.3233 -0.3363 -0.3478 -0.3572 -0.3632 -0.3643 -0.3579 -0.3397 -0.3027 -0.2366 -0.1392 -0.0492 0.0076 0.0459 0.0773 0.1046 0.1267 0.1365 0.1267 0.1046 0.0773 0.0459 0.0076 -0.0492 -0.1392 -0.2366 -0.3027 -0.3397 -0.3579 -0.3643 -0.3632 -0.3572 -0.3478 -0.3363 -0.3233 -0.3093 -0.2947 -0.2796 -0.2642 -0.2483 -0.2319 -0.2145 -0.1954 -0.1732 -0.1446 -0.0976 0.0232 0.1872 0.2201 0.2006 0.1691 0.1371 0.1063 0.0754 0.0418 0.0004 -0.0634 -0.1618 -0.2560 -0.3151 -0.3466 -0.3609 -0.3646 -0.3615 -0.3539 -0.3434 -0.3310 -0.3176
-0.3313 -0.3430 -0.3536 -0.3613 -0.3646 -0.3612 -0.3474 -0.3167 -0.2587 -0.1656 -0.0663 -0.0014 0.0405 0.0743 0.1052 0.1360 0.1680 0.1996 0.2199 0.1901 0.0294 -0.0949 -0.1435 -0.1724 -0.1948 -0.2140 -0.2314 -0.2479 -0.2638 -0.2793 -0.2944 -0.3091 -0.3231 -0.3362 -0.3477 -0.3571 -0.3632 -0.3643 -0.3578 -0.3395 -0.3021 -0.2354 -0.1375 -0.0478 0.0086 0.0470 0.0788 0.1079 0.1352 0.1582 0.1682 0.1582 0.1352 0.1079 0.0788 0.0470 0.0086 -0.0478 -0.1375 -0.2354 -0.3021 -0.3395 -0.3578 -0.3643 -0.3632 -0.3571 -0.3477 -0.3362 -0.3231 -0.3091 -0.2944 -0.2793 -0.2638 -0.2479 -0.2314 -0.2140 -0.1948 -0.1724 -0.1435 -0.0949 0.0294 0.1901 0.2199 0.1996 0.1680 0.1360 0.1052 0.0743 0.0405 -0.0014 -0.0663 -0.1656 -0.2587 -0.3167 -0.3474 -0.3612 -0.3646 -0.3613 -0.3536 -0.3430 -0.3313
-0.3440 -0.3532 -0.3610 -0.3646 -0.3615 -0.3481 -0.3181 -0.2614 -0.1695 -0.0693 -0.0032 0.0391 0.0731 0.1041 0.1348 0.1668 0.1985 0.2197 0.1929 0.0358 -0.0919 -0.1423 -0.1716 -0.1942 -0.2134 -0.2309 -0.2475 -0.2634 -0.2790 -0.2941 -0.3088 -0.3229 -0.3360 -0.3476 -0.3571 -0.3632 -0.3643 -0.3578 -0.3394 -0.3018 -0.2346 -0.1364 -0.0468 0.0094 0.0477 0.0797 0.1093 0.1385 0.1669 0.1900 0.1993 0.1900 0.1669 0.1385 0.1093 0.0797 0.0477 0.0094 -0.0468 -0.1364 -0.2346 -0.3018 -0.3394 -0.3578 -0.3643 -0.3632 -0.3571 -0.3476 -0.3360 -0.3229 -0.3088 -0.2941 -0.2790 -0.2634 -0.2475 -0.2309 -0.2134 -0.1942 -0.1716 -0.1423 -0.0919 0.0358 0.1929 0.2197 0.1985 0.1668 0.1348 0.1041 0.0731 0.0391 -0.0032 -0.0693 -0.1695 -0.2614 -0.3181 -0.3481 -0.3615 -0.3646 -0.3610 -0.3532 -0.3440
-0.3551 -0.3608 -0.3645 -0.3618 -0.3489 -0.3196 -0.2640 -0.1732 -0.0725 -0.0050 0.0378 0.0720 0.1030 0.1337 0.1656 0.1975 0.2194 0.1955 0.0423 -0.0888 -0.1410 -0.1707 -0.1934 -0.2128 -0.2304 -0.2470 -0.2630 -0.2786 -0.2937 -0.3085 -0.3226 -0.3358 -0.3475 -0.3570 -0.3631 -0.3643 -0.3579 -0.3395 -0.3018 -0.2344 -0.1358 -0.0462 0.0099 0.0482 0.0802 0.1100 0.1399 0.1703 0.1983 0.2152 0.2181 0.2152 0.1983 0.1703 0.1399 0.1100 0.0802 0.0482 0.0099 -0.0462 -0.1358 -0.2344 -0.3018 -0.3395 -0.3579 -0.3643 -0.3631 -0.3570 -0.3475 -0.3358 -0.3226 -0.3085 -0.2937 -0.2786 -0.2630 -0.2470 -0.2304 -0.2128 -0.1934 -0.1707 -0.1410 -0.0888 0.0423 0.1955 0.2194 0.1975 0.1656 0.1337 0.1030 0.0720 0.0378 -0.0050 -0.0725 -0.1732 -0.2640 -0.3196 -0.3489 -0.3618 -0.3645 -0.3608 -0.3551
-0.3639 -0.3645 -0.3620 -0.3496 -0.3211 -0.2666 -0.1770 -0.0756 -0.0070 0.0365 0.0709 0.1019 0.1326 0.1645 0.1964 0.2191 0.1980 0.0489 -0.0857 -0.1397 -0.1698 -0.1927 -0.2122 -0.2298 -0.2465 -0.2625 -0.2781 -0.2933 -0.3081 -0.3222 -0.3355 -0.3472 -0.3568 -0.3631 -0.3643 -0.3580 -0.3397 -0.3021 -0.2346 -0.1358 -0.0460 0.0101 0.0485 0.0806 0.1105 0.1406 0.1717 0.2013 0.2188 0.2061 0.1852 0.2061 0.2188 0.2013 0.1717 0.1406 0.1105 0.0806 0.0485 0.0101 -0.0460 -0.1358 -0.2346 -0.3021 -0.3397 -0.3580 -0.3643 -0.3631 -0.3568 -0.3472 -0.3355 -0.3222 -0.3081 -0.2933 -0.2781 -0.2625 -0.2465 -0.2298 -0.2122 -0.1927 -0.1698 -0.1397 -0.0857 0.0489 0.1980 0.2191 0.1964 0.1645 0.1326 0.1019 0.0709 0.0365 -0.0070 -0.0756 -0.1770 -0.2666 -0.3211 -0.3496 -0.3620 -0.3645 -0.3639
-0.3692 -0.3622 -0.3502 -0.3225 -0.2692 -0.1808 -0.0787 -0.0089 0.0351 0.0697 0.1008 0.1315 0.1633 0.1953 0.2187 0.2003 0.0557 -0.0825 -0.1385 -0.1689 -0.1919 -0.2115 -0.2292 -0.2459 -0.2620 -0.2776 -0.2929 -0.3077 -0.3219 -0.3351 -0.3469 -0.3566 -0.3630 -0.3644 -0.3582 -0.3400 -0.3027 -0.2354 -0.1364 -0.0462 0.0101 0.0486 0.0808 0.1108 0.1410 0.1724 0.2026 0.2198 0.1919 0.0914 0.0332 0.0914 0.1919 0.2198 0.2026 0.1724 0.1410 0.1108 0.0808 0.0486 0.0101 -0.0462 -0.1364 -0.2354 -0.3027 -0.3400 -0.3582 -0.3644 -0.3630 -0.3566 -0.3469 -0.3351 -0.3219 -0.3077 -0.2929 -0.2776 -0.2620 -0.2459 -0.2292 -0.2115 -0.1919 -0.1689 -0.1385 -0.0825 0.0557 0.2003 0.2187 0.1953 0.1633 0.1315 0.1008 0.0697 0.0351 -0.0089 -0.0787 -0.1808 -0.2692 -0.3225 -0.3502 -0.3622 -0.3692
-0.3690 -0.3508 -0.3238 -0.2717 -0.1845 -0.0820 -0.0108 0.0338 0.0685 0.0997 0.1303 0.1621 0.1942 0.2183 0.2024 0.0624 -0.0791 -0.1371 -0.1680 -0.1912 -0.2108 -0.2286 -0.2453 -0.2614 -0.2770 -0.2923 -0.3072 -0.3214 -0.3348 -0.3466 -0.3564 -0.3629 -0.3644 -0.3584 -0.3405 -0.3035 -0.2366 -0.1375 -0.0468 0.0099 0.0485 0.0808 0.1109 0.1412 0.1727 0.2031 0.2201 0.1856 0.0419 -0.0622 -0.0896 -0.0622 0.0419 0.1856 0.2201 0.2031 0.1727 0.1412 0.1109 0.0808 0.0485 0.0099 -0.0468 -0.1375 -0.2366 -0.3035 -0.3405 -0.3584 -0.3644 -0.3629 -0.3564 -0.3466 -0.3348 -0.3214 -0.3072 -0.2923 -0.2770 -0.2614 -0.2453 -0.2286 -0.2108 -0.1912 -0.1680 -0.1371 -0.0791 0.0624 0.2024 0.2183 0.1942 0.1621 0.1303 0.0997 0.0685 0.0338 -0.0108 -0.0820 -0.1845 -0.2717 -0.3238 -0.3508 -0.3690
-0.3605 -0.3251 -0.2741 -0.1882 -0.0853 -0.0128 0.0324 0.0674 0.0986 0.1292 0.1610 0.1931 0.2178 0.2044 0.0692 -0.0758 -0.1357 -0.1670 -0.1904 -0.2102 -0.2280 -0.2447 -0.2608 -0.2765 -0.2918 -0.3067 -0.3210 -0.3343 -0.3463 -0.3561 -0.3627 -0.3645 -0.3587 -0.3411 -0.3045 -0.2382 -0.1392 -0.0478 0.0094 0.0482 0.0806 0.1108 0.1412 0.1728 0.2033 0.2202 0.1832 0.0245 -0.0879 -0.1284 -0.1397 -0.1284 -0.0879 0.0245 0.1832 0.2202 0.2033 0.1728 0.1412 0.1108 0.0806 0.0482 0.0094 -0.0478 -0.1392 -0.2382 -0.3045 -0.3411 -0.3587 -0.3645 -0.3627 -0.3561 -0.3463 -0.3343 -0.3210 -0.3067 -0.2918 -0.2765 -0.2608 -0.2447 -0.2280 -0.2102 -0.1904 -0.1670 -0.1357 -0.0758 0.0692 0.2044 0.2178 0.1931 0.1610 0.1292 0.0986 0.0674 0.0324 -0.0128 -0.0853 -0.1882 -0.2741 -0.3251 -0.3605
-0.3387 -0.2765 -0.1919 -0.0886 -0.0148 0.0310 0.0662 0.0975 0.1281 0.1598 0.1920 0.2172 0.2063 0.0762 -0.0722 -0.1343 -0.1660 -0.1896 -0.2095 -0.2274 -0.2441 -0.2603 -0.2759 -0.2912 -0.3062 -0.3205 -0.3339 -0.3459 -0.3559 -0.3626 -0.3645 -0.3590 -0.3418 -0.3057 -0.2401 -0.1415 -0.0492 0.0086 0.0477 0.0802 0.1105 0.1410 0.1727 0.2033 0.2202 0.1824 0.0187 -0.0960 -0.1396 -0.1617 -0.1695 -0.1617 -0.1396 -0.0960 0.0187 0.1824 0.2202 0.2033 0.1727 0.1410 0.1105 0.0802 0.0477 0.0086 -0.0492 -0.1415 -0.2401 -0.3057 -0.3418 -0.3590 -0.3645 -0.3626 -0.3559 -0.3459 -0.3339 -0.3205 -0.3062 -0.2912 -0.2759 -0.2603 -0.2441 -0.2274 -0.2095 -0.1896 -0.1660 -0.1343 -0.0722 0.0762 0.2063 0.2172 0.1920 0.1598 0.1281 0.0975 0.0662 0.0310 -0.0148 -0.0886 -0.1919 -0.2765 -0.3387
-0.2949 -0.1958 -0.0922 -0.0170 0.0295 0.0649 0.0963 0.1269 0.1586 0.1908 0.2166 0.2081 0.0834 -0.0684 -0.1328 -0.1650 -0.1888 -0.2088 -0.2267 -0.2435 -0.2596 -0.2753 -0.2907 -0.3056 -0.3200 -0.3334 -0.3455 -0.3556 -0.3625 -0.3646 -0.3593 -0.3426 -0.3072 -0.2424 -0.1443 -0.0510 0.0076 0.0470 0.0797 0.1101 0.1406 0.1724 0.2031 0.2202 0.1824 0.0173 -0.0984 -0.1432 -0.1693 -0.1859 -0.1922 -0.1859 -0.1693 -0.1432 -0.0984 0.0173 0.1824 0.2202 0.2031 0.1724 0.1406 0.1100 0.0797 0.0470 0.0076 -0.0510 -0.1443 -0.2424 -0.3072 -0.3426 -0.3593 -0.3646 -0.3625 -0.3556 -0.3455 -0.3334 -0.3200 -0.3056 -0.2907 -0.2753 -0.2596 -0.2435 -0.2267 -0.2088 -0.1888 -0.1650 -0.1328 -0.0684 0.0834 0.2081 0.2166 0.1908 0.1586 0.1269 0.0963 0.0649 0.0295 -0.0170 -0.0922 -0.1958 -0.2949
-0.2186 -0.0968 -0.0197 0.0277 0.0635 0.0949 0.1256 0.1571 0.1894 0.2158 0.2098 0.0918 -0.0639 -0.1311 -0.1638 -0.1879 -0.2079 -0.2259 -0.2428 -0.2589 -0.2747 -0.2900 -0.3050 -0.3194 -0.3329 -0.3451 -0.3552 -0.3623 -0.3646 -0.3598 -0.3436 -0.3091 -0.2455 -0.1480 -0.0535 0.0061 0.0459 0.0788 0.1093 0.1399 0.1717 0.2026 0.2201 0.1832 0.0186 -0.0984 -0.1440 -0.1716 -0.1918 -0.2058 -0.2113 -0.2058 -0.1918 -0.1716 -0.1440 -0.0984 0.0187 0.1832 0.2201 0.2026 0.1717 0.1399 0.1093 0.0788 0.0459 0.0061 -0.0535 -0.1480 -0.2455 -0.3091 -0.3436 -0.3598 -0.3646 -0.3623 -0.3552 -0.3451 -0.3329 -0.3194 -0.3050 -0.2900 -0.2747 -0.2590 -0.2428 -0.2259 -0.2079 -0.1879 -0.1638 -0.1311 -0.0639 0.0918 0.2098 0.2158 0.1894 0.1571 0.1256 0.0949 0.0635 0.0277 -0.0197 -0.0968 -0.2186
-0.1163 -0.0239 0.0250 0.0613 0.0929 0.1236 0.1551 0.1874 0.2145 0.2118 0.1038 -0.0571 -0.1283 -0.1620 -0.1864 -0.2067 -0.2248 -0.2417 -0.2579 -0.2737 -0.2891 -0.3041 -0.3185 -0.3321 -0.3444 -0.3548 -0.3621 -0.3648 -0.3606 -0.3452 -0.3120 -0.2503 -0.1541 -0.0576 0.0037 0.0441 0.0773 0.1079 0.1385 0.1703 0.2013 0.2198 0.1856 0.0245 -0.0960 -0.1432 -0.1716 -0.1932 -0.2105 -0.2232 -0.2283 -0.2232 -0.2105 -0.1932 -0.1716 -0.1432 -0.0960 0.0245 0.1856 0.2198 0.2013 0.1703 0.1385 0.1079 0.0773 0.0441 0.0037 -0.0576 -0.1541 -0.2503 -0.3120 -0.3452 -0.3605 -0.3648 -0.3621 -0.3548 -0.3444 -0.3321 -0.3185 -0.3041 -0.2891 -0.2737 -0.2579 -0.2417 -0.2248 -0.2067 -0.1864 -0.1620 -0.1283 -0.0571 0.1037 0.2118 0.2145 0.1874 0.1551 0.1236 0.0929 0.0613 0.0250 -0.0239 -0.1163
-0.0359 0.0193 0.0568 0.0889 0.1197 0.1511 0.1834 0.2118 0.2146 0.1263 -0.0427 -0.1225 -0.1582 -0.1835 -0.2042 -0.2225 -0.2396 -0.2559 -0.2717 -0.2872 -0.3022 -0.3168 -0.3306 -0.3431 -0.3538 -0.3617 -0.3652 -0.3621 -0.3485 -0.3179 -0.2600 -0.1666 -0.0667 -0.0018 0.0402 0.0739 0.1046 0.1352 0.1669 0.1983 0.2188 0.1919 0.0419 -0.0879 -0.1397 -0.1693 -0.1918 -0.2105 -0.2264 -0.2383 -0.2431 -0.2383 -0.2264 -0.2105 -0.1918 -0.1693 -0.1396 -0.0879 0.0419 0.1919 0.2188 0.1983 0.1669 0.1352 0.1046 0.0739 0.0402 -0.0018 -0.0667 -0.1666 -0.2600 -0.3179 -0.3485 -0.3621 -0.3652 -0.3617 -0.3538 -0.3431 -0.3306 -0.3168 -0.3022 -0.2872 -0.2717 -0.2559 -0.2396 -0.2225 -0.2042 -0.1835 -0.1582 -0.1225 -0.0427 0.1263 0.2146 0.2118 0.1834 0.1511 0.1197 0.0889 0.0568 0.0193 -0.0359
0.0064 0.0457 0.0793 0.1104 0.1416 0.1739 0.2044 0.2182 0.1663 -0.0020 -0.1067 -0.1486 -0.1763 -0.1981 -0.2170 -0.2344 -0.2509 -0.2669 -0.2825 -0.2978 -0.3126 -0.3267 -0.3398 -0.3513 -0.3603 -0.3655 -0.3649 -0.3551 -0.3305 -0.2817 -0.1975 -0.0923 -0.0166 0.0297 0.0651 0.0963 0.1268 0.1582 0.1900 0.2152 0.2061 0.0914 -0.0622 -0.1284 -0.1617 -0.1859 -0.2058 -0.2232 -0.2383 -0.2497 -0.2543 -0.2497 -0.2383 -0.2232 -0.2058 -0.1859 -0.1617 -0.1284 -0.0622 0.0914 0.2061 0.2152 0.1900 0.1582 0.1267 0.0963 0.0651 0.0297 -0.0166 -0.0923 -0.1975 -0.2817 -0.3305 -0.3551 -0.3649 -0.3655 -0.3603 -0.3513 -0.3398 -0.3267 -0.3126 -0.2978 -0.2825 -0.2669 -0.2509 -0.2344 -0.2170 -0.1981 -0.1762 -0.1486 -0.1067 -0.0020 0.1663 0.2182 0.2044 0.1739 0.1416 0.1104 0.0793 0.0457 0.0064
0.0202 0.0557 0.0885 0.1195 0.1512 0.1836 0.2115 0.2123 0.1194 -0.0451 -0.1210 -0.1574 -0.1829 -0.2037 -0.2221 -0.2393 -0.2556 -0.2715 -0.2871 -0.3022 -0.3169 -0.3309 -0.3436 -0.3546 -0.3628 -0.3666 -0.3639 -0.3505 -0.3200 -0.2613 -0.1659 -0.0647 -0.0001 0.0416 0.0751 0.1058 0.1365 0.1682 0.1993 0.2181 0.1852 0.0332 -0.0896 -0.1397 -0.1695 -0.1922 -0.2113 -0.2283 -0.2431 -0.2543 -0.2589 -0.2543 -0.2431 -0.2283 -0.2113 -0.1922 -0.1695 -0.1397 -0.0896 0.0332 0.1852 0.2181 0.1993 0.1682 0.1365 0.1058 0.0751 0.0415 -0.0001 -0.0647 -0.1659 -0.2612 -0.3199 -0.3505 -0.3639 -0.3666 -0.3628 -0.3546 -0.3436 -0.3308 -0.3169 -0.3023 -0.2871 -0.2715 -0.2556 -0.2393 -0.2221 -0.2037 -0.1829 -0.1574 -0.1210 -0.0451 0.1194 0.2123 0.2115 0.1836 0.1512 0.1195 0.0885 0.0557 0.0202
