0.1498 0.1590 0.1697 0.1828 0.1984 0.2170 0.2388 0.2640 0.2928 0.3253 0.3610 0.3986 0.4353 0.4654 0.4824 0.4865 0.4815 0.4689 0.4491 0.4216 0.3859 0.3409 0.2869 0.2276 0.1793 0.1568 0.1462 0.1400 0.1364 0.1348 0.1350 0.1368 0.1404 0.1456 0.1528 0.1620 0.1733 0.1872 0.2037 0.2232 0.2459 0.2722 0.3021 0.3356 0.3720 0.4097 0.4448 0.4709 0.4836 0.4865 0.4863 0.4865 0.4836 0.4709 0.4448 0.4097 0.3720 0.3356 0.3021 0.2722 0.2459 0.2232 0.2037 0.1872 0.1733 0.1620 0.1528 0.1456 0.1404 0.1368 0.1350 0.1348 0.1364 0.1400 0.1462 0.1568 0.1793 0.2276 0.2869 0.3409 0.3859 0.4216 0.4491 0.4689 0.4815 0.4865 0.4824 0.4654 0.4353 0.3986 0.3610 0.3253 0.2928 0.2640 0.2388 0.2170 0.1984 0.1828 0.1697 0.1590 0.1498
0.1590 0.1711 0.1844 0.2003 0.2191 0.2410 0.2662 0.2949 0.3270 0.3619 0.3982 0.4326 0.4595 0.4737 0.4766 0.4713 0.4588 0.4393 0.4125 0.3776 0.3339 0.2814 0.2237 0.1769 0.1553 0.1455 0.1397 0.1364 0.1350 0.1354 0.1374 0.1412 0.1467 0.1540 0.1634 0.1750 0.1890 0.2057 0.2253 0.2482 0.2744 0.3042 0.3372 0.3727 0.4088 0.4417 0.4649 0.4754 0.4763 0.4725 0.4698 0.4725 0.4763 0.4754 0.4649 0.4417 0.4088 0.3727 0.3372 0.3042 0.2744 0.2482 0.2253 0.2057 0.1890 0.1750 0.1634 0.1540 0.1467 0.1412 0.1374 0.1354 0.1350 0.1364 0.1397 0.1455 0.1553 0.1769 0.2237 0.2814 0.3339 0.3776 0.4125 0.4393 0.4588 0.4713 0.4766 0.4737 0.4595 0.4326 0.3982 0.3619 0.3270 0.2949 0.2662 0.2410 0.2191 0.2003 0.1844 0.1711 0.1590
0.1697 0.1844 0.2005 0.2195 0.2415 0.2670 0.2959 0.3282 0.3632 0.3995 0.4338 0.4603 0.4740 0.4766 0.4709 0.4582 0.4384 0.4113 0.3761 0.3321 0.2793 0.2216 0.1757 0.1548 0.1452 0.1395 0.1363 0.1350 0.1354 0.1375 0.1413 0.1469 0.1543 0.1638 0.1754 0.1895 0.2063 0.2261 0.2491 0.2754 0.3053 0.3385 0.3741 0.4102 0.4428 0.4657 0.4757 0.4759 0.4694 0.4601 0.4551 0.4601 0.4694 0.4759 0.4757 0.4657 0.4428 0.4102 0.3741 0.3385 0.3053 0.2754 0.2491 0.2261 0.2063 0.1895 0.1754 0.1638 0.1543 0.1469 0.1413 0.1375 0.1354 0.1350 0.1363 0.1395 0.1452 0.1548 0.1757 0.2216 0.2793 0.3321 0.3761 0.4113 0.4384 0.4582 0.4709 0.4766 0.4740 0.4603 0.4338 0.3995 0.3632 0.3282 0.2959 0.2670 0.2415 0.2195 0.2005 0.1844 0.1697
0.1828 0.2003 0.2195 0.2418 0.2674 0.2966 0.3291 0.3643 0.4006 0.4349 0.4610 0.4743 0.4765 0.4706 0.4576 0.4375 0.4101 0.3746 0.3302 0.2771 0.2194 0.1745 0.1544 0.1449 0.1393 0.1362 0.1350 0.1355 0.1377 0.1415 0.1471 0.1546 0.1641 0.1759 0.1901 0.2070 0.2269 0.2500 0.2765 0.3065 0.3398 0.3754 0.4115 0.4439 0.4664 0.4759 0.4756 0.4679 0.4548 0.4401 0.4327 0.4401 0.4548 0.4679 0.4756 0.4759 0.4664 0.4439 0.4115 0.3754 0.3398 0.3065 0.2765 0.2500 0.2269 0.2070 0.1901 0.1759 0.1641 0.1546 0.1471 0.1415 0.1377 0.1355 0.1350 0.1362 0.1393 0.1449 0.1544 0.1745 0.2194 0.2771 0.3302 0.3746 0.4101 0.4375 0.4576 0.4706 0.4765 0.4743 0.4610 0.4349 0.4006 0.3643 0.3291 0.2966 0.2674 0.2418 0.2195 0.2003 0.1828
0.1984 0.2191 0.2415 0.2674 0.2969 0.3296 0.3650 0.4015 0.4357 0.4616 0.4745 0.4764 0.4702 0.4569 0.4367 0.4090 0.3731 0.3284 0.2750 0.2173 0.1734 0.1539 0.1447 0.1392 0.1361 0.1350 0.1355 0.1378 0.1417 0.1474 0.1549 0.1646 0.1764 0.1907 0.2077 0.2277 0.2509 0.2776 0.3077 0.3410 0.3767 0.4128 0.4450 0.4670 0.4761 0.4754 0.4671 0.4524 0.4326 0.4122 0.4021 0.4122 0.4326 0.4524 0.4671 0.4754 0.4761 0.4670 0.4450 0.4128 0.3767 0.3410 0.3077 0.2776 0.2509 0.2277 0.2077 0.1907 0.1764 0.1646 0.1549 0.1474 0.1417 0.1378 0.1355 0.1350 0.1361 0.1392 0.1447 0.1539 0.1734 0.2173 0.2750 0.3284 0.3731 0.4090 0.4367 0.4569 0.4702 0.4764 0.4745 0.4616 0.4357 0.4015 0.3650 0.3296 0.2969 0.2674 0.2415 0.2191 0.1984
0.2170 0.2410 0.2670 0.2966 0.3296 0.3653 0.4020 0.4363 0.4621 0.4747 0.4764 0.4699 0.4564 0.4358 0.4078 0.3716 0.3266 0.2729 0.2153 0.1723 0.1535 0.1444 0.1390 0.1360 0.1350 0.1356 0.1379 0.1419 0.1476 0.1553 0.1650 0.1769 0.1913 0.2084 0.2285 0.2519 0.2786 0.3089 0.3424 0.3781 0.4141 0.4460 0.4675 0.4762 0.4752 0.4666 0.4512 0.4293 0.4023 0.3755 0.3625 0.3755 0.4023 0.4293 0.4512 0.4666 0.4752 0.4762 0.4675 0.4460 0.4141 0.3781 0.3424 0.3089 0.2786 0.2519 0.2285 0.2084 0.1913 0.1769 0.1650 0.1553 0.1476 0.1419 0.1379 0.1356 0.1350 0.1360 0.1390 0.1444 0.1535 0.1723 0.2153 0.2729 0.3266 0.3716 0.4078 0.4358 0.4564 0.4699 0.4764 0.4747 0.4621 0.4363 0.4020 0.3653 0.3296 0.2966 0.2670 0.2410 0.2170
0.2388 0.2662 0.2959 0.3291 0.3650 0.4020 0.4365 0.4623 0.4748 0.4763 0.4697 0.4559 0.4351 0.4068 0.3703 0.3248 0.2708 0.2133 0.1713 0.1530 0.1442 0.1389 0.1360 0.1350 0.1356 0.1380 0.1420 0.1479 0.1556 0.1653 0.1774 0.1919 0.2091 0.2293 0.2528 0.2797 0.3101 0.3436 0.3795 0.4154 0.4471 0.4681 0.4763 0.4750 0.4661 0.4503 0.4275 0.3979 0.3630 0.3293 0.3133 0.3293 0.3630 0.3979 0.4275 0.4503 0.4661 0.4750 0.4763 0.4681 0.4471 0.4154 0.3795 0.3436 0.3101 0.2797 0.2528 0.2293 0.2091 0.1919 0.1774 0.1653 0.1556 0.1479 0.1420 0.1380 0.1356 0.1350 0.1360 0.1389 0.1442 0.1530 0.1713 0.2133 0.2708 0.3248 0.3703 0.4068 0.4351 0.4559 0.4697 0.4763 0.4748 0.4623 0.4365 0.4020 0.3650 0.3291 0.2959 0.2662 0.2388
0.2640 0.2949 0.3282 0.3643 0.4015 0.4363 0.4623 0.4749 0.4763 0.4695 0.4556 0.4345 0.4059 0.3691 0.3232 0.2689 0.2113 0.1703 0.1526 0.1439 0.1387 0.1359 0.1350 0.1357 0.1381 0.1422 0.1481 0.1559 0.1658 0.1779 0.1925 0.2098 0.2301 0.2537 0.2807 0.3113 0.3449 0.3808 0.4167 0.4481 0.4686 0.4764 0.4748 0.4656 0.4495 0.4263 0.3957 0.3575 0.3141 0.2739 0.2556 0.2739 0.3141 0.3575 0.3957 0.4263 0.4495 0.4656 0.4748 0.4764 0.4686 0.4481 0.4167 0.3808 0.3449 0.3113 0.2807 0.2537 0.2301 0.2098 0.1925 0.1779 0.1658 0.1559 0.1481 0.1422 0.1381 0.1357 0.1350 0.1359 0.1387 0.1439 0.1526 0.1703 0.2113 0.2689 0.3232 0.3691 0.4059 0.4345 0.4556 0.4695 0.4763 0.4749 0.4623 0.4363 0.4015 0.3643 0.3282 0.2949 0.2640
0.2928 0.3270 0.3632 0.4006 0.4357 0.4621 0.4748 0.4763 0.4694 0.4554 0.4341 0.4053 0.3681 0.3219 0.2673 0.2097 0.1695 0.1522 0.1437 0.1386 0.1358 0.1349 0.1358 0.1382 0.1424 0.1484 0.1562 0.1662 0.1784 0.1931 0.2105 0.2310 0.2547 0.2818 0.3125 0.3463 0.3822 0.4180 0.4491 0.4691 0.4765 0.4746 0.4651 0.4488 0.4253 0.3941 0.3547 0.3075 0.2566 0.2146 0.1985 0.2146 0.2566 0.3075 0.3547 0.3941 0.4253 0.4488 0.4651 0.4746 0.4765 0.4691 0.4491 0.4180 0.3822 0.3463 0.3125 0.2818 0.2547 0.2310 0.2105 0.1931 0.1784 0.1662 0.1562 0.1484 0.1424 0.1382 0.1358 0.1349 0.1358 0.1386 0.1437 0.1522 0.1695 0.2097 0.2673 0.3219 0.3681 0.4053 0.4341 0.4554 0.4694 0.4763 0.4748 0.4621 0.4357 0.4006 0.3632 0.3270 0.2928
0.3253 0.3619 0.3995 0.4349 0.4616 0.4747 0.4763 0.4695 0.4554 0.4340 0.4049 0.3675 0.3210 0.2660 0.2084 0.1688 0.1519 0.1435 0.1385 0.1358 0.1349 0.1358 0.1384 0.1426 0.1486 0.1566 0.1666 0.1789 0.1937 0.2112 0.2318 0.2556 0.2829 0.3137 0.3476 0.3835 0.4193 0.4501 0.4696 0.4766 0.4743 0.4646 0.4480 0.4242 0.3927 0.3527 0.3041 0.2492 0.1988 0.1713 0.1641 0.1713 0.1988 0.2492 0.3041 0.3527 0.3927 0.4242 0.4480 0.4646 0.4743 0.4766 0.4696 0.4501 0.4193 0.3835 0.3476 0.3137 0.2829 0.2556 0.2318 0.2112 0.1937 0.1789 0.1666 0.1566 0.1486 0.1426 0.1384 0.1358 0.1349 0.1358 0.1385 0.1435 0.1519 0.1688 0.2084 0.2660 0.3210 0.3675 0.4049 0.4340 0.4554 0.4695 0.4763 0.4747 0.4616 0.4349 0.3995 0.3619 0.3253
0.3610 0.3982 0.4338 0.4610 0.4745 0.4764 0.4697 0.4556 0.4341 0.4049 0.3672 0.3204 0.2651 0.2074 0.1682 0.1516 0.1433 0.1384 0.1357 0.1350 0.1359 0.1385 0.1428 0.1489 0.1569 0.1670 0.1794 0.1943 0.2119 0.2326 0.2566 0.2840 0.3149 0.3489 0.3849 0.4205 0.4510 0.4701 0.4767 0.4741 0.4641 0.4472 0.4232 0.3913 0.3509 0.3016 0.2455 0.1927 0.1638 0.1528 0.1497 0.1528 0.1638 0.1927 0.2455 0.3016 0.3509 0.3913 0.4232 0.4472 0.4641 0.4741 0.4767 0.4701 0.4510 0.4205 0.3849 0.3489 0.3149 0.2840 0.2566 0.2326 0.2119 0.1943 0.1794 0.1670 0.1569 0.1489 0.1428 0.1385 0.1359 0.1350 0.1357 0.1384 0.1433 0.1516 0.1682 0.2074 0.2651 0.3204 0.3672 0.4049 0.4341 0.4556 0.4697 0.4764 0.4745 0.4610 0.4338 0.3982 0.3610
0.3986 0.4326 0.4603 0.4743 0.4764 0.4699 0.4559 0.4345 0.4053 0.3675 0.3204 0.2648 0.2069 0.1679 0.1514 0.1432 0.1383 0.1357 0.1350 0.1359 0.1386 0.1430 0.1491 0.1572 0.1674 0.1799 0.1949 0.2126 0.2334 0.2575 0.2851 0.3161 0.3502 0.3862 0.4218 0.4519 0.4705 0.4767 0.4738 0.4636 0.4465 0.4221 0.3900 0.3493 0.2995 0.2428 0.1898 0.1612 0.1494 0.1437 0.1419 0.1437 0.1494 0.1612 0.1898 0.2428 0.2995 0.3493 0.3900 0.4221 0.4465 0.4636 0.4738 0.4767 0.4705 0.4519 0.4218 0.3862 0.3502 0.3161 0.2851 0.2575 0.2334 0.2126 0.1949 0.1799 0.1674 0.1572 0.1491 0.1430 0.1386 0.1359 0.1350 0.1357 0.1383 0.1432 0.1514 0.1679 0.2069 0.2648 0.3204 0.3675 0.4053 0.4345 0.4559 0.4699 0.4764 0.4743 0.4603 0.4326 0.3986
0.4353 0.4595 0.4740 0.4765 0.4702 0.4564 0.4351 0.4059 0.3681 0.3210 0.2651 0.2069 0.1677 0.1513 0.1431 0.1382 0.1356 0.1350 0.1360 0.1387 0.1431 0.1494 0.1575 0.1678 0.1804 0.1955 0.2134 0.2343 0.2585 0.2862 0.3173 0.3515 0.3876 0.4231 0.4529 0.4709 0.4768 0.4736 0.4631 0.4457 0.4211 0.3886 0.3476 0.2975 0.2405 0.1878 0.1600 0.1482 0.1418 0.1384 0.1374 0.1384 0.1418 0.1482 0.1600 0.1878 0.2405 0.2975 0.3476 0.3886 0.4211 0.4457 0.4631 0.4736 0.4768 0.4709 0.4529 0.4231 0.3876 0.3515 0.3173 0.2862 0.2585 0.2343 0.2134 0.1955 0.1804 0.1678 0.1575 0.1494 0.1431 0.1387 0.1360 0.1350 0.1356 0.1382 0.1431 0.1513 0.1677 0.2069 0.2651 0.3210 0.3681 0.4059 0.4351 0.4564 0.4702 0.4765 0.4740 0.4595 0.4353
0.4654 0.4737 0.4766 0.4706 0.4569 0.4358 0.4068 0.3691 0.3219 0.2660 0.2074 0.1679 0.1513 0.1431 0.1382 0.1356 0.1350 0.1360 0.1388 0.1433 0.1496 0.1578 0.1682 0.1808 0.1960 0.2140 0.2351 0.2595 0.2873 0.3186 0.3529 0.3890 0.4243 0.4538 0.4714 0.4768 0.4733 0.4626 0.4449 0.4200 0.3872 0.3458 0.2954 0.2383 0.1862 0.1592 0.1476 0.1411 0.1374 0.1356 0.1352 0.1356 0.1374 0.1411 0.1476 0.1592 0.1862 0.2383 0.2954 0.3458 0.3872 0.4200 0.4449 0.4626 0.4733 0.4768 0.4714 0.4538 0.4243 0.3890 0.3529 0.3186 0.2873 0.2595 0.2351 0.2140 0.1960 0.1808 0.1682 0.1578 0.1496 0.1433 0.1388 0.1360 0.1350 0.1356 0.1382 0.1431 0.1513 0.1679 0.2074 0.2660 0.3219 0.3691 0.4068 0.4358 0.4569 0.4706 0.4766 0.4737 0.4654
0.4824 0.4766 0.4709 0.4576 0.4367 0.4078 0.3703 0.3232 0.2673 0.2084 0.1682 0.1514 0.1431 0.1382 0.1356 0.1350 0.1361 0.1388 0.1434 0.1497 0.1580 0.1685 0.1812 0.1965 0.2146 0.2359 0.2604 0.2884 0.3198 0.3542 0.3903 0.4255 0.4547 0.4718 0.4768 0.4731 0.4621 0.4441 0.4189 0.3859 0.3441 0.2934 0.2361 0.1847 0.1585 0.1472 0.1407 0.1370 0.1352 0.1349 0.1349 0.1349 0.1352 0.1370 0.1407 0.1472 0.1585 0.1847 0.2361 0.2934 0.3441 0.3859 0.4189 0.4441 0.4621 0.4731 0.4768 0.4718 0.4547 0.4255 0.3903 0.3542 0.3198 0.2884 0.2604 0.2359 0.2146 0.1965 0.1812 0.1685 0.1580 0.1497 0.1434 0.1388 0.1361 0.1350 0.1356 0.1382 0.1431 0.1514 0.1682 0.2084 0.2673 0.3232 0.3703 0.4078 0.4367 0.4576 0.4709 0.4766 0.4824
0.4865 0.4713 0.4582 0.4375 0.4090 0.3716 0.3248 0.2689 0.2097 0.1688 0.1516 0.1432 0.1382 0.1356 0.1350 0.1361 0.1389 0.1434 0.1498 0.1582 0.1687 0.1816 0.1970 0.2152 0.2365 0.2612 0.2894 0.3209 0.3554 0.3917 0.4268 0.4556 0.4721 0.4768 0.4728 0.4615 0.4433 0.4179 0.3845 0.3424 0.2914 0.2340 0.1833 0.1579 0.1469 0.1405 0.1368 0.1351 0.1350 0.1359 0.1365 0.1359 0.1350 0.1351 0.1368 0.1405 0.1469 0.1579 0.1833 0.2340 0.2914 0.3424 0.3845 0.4179 0.4433 0.4615 0.4728 0.4768 0.4721 0.4556 0.4268 0.3917 0.3554 0.3209 0.2894 0.2612 0.2365 0.2152 0.1970 0.1816 0.1687 0.1582 0.1498 0.1434 0.1389 0.1361 0.1350 0.1356 0.1382 0.1432 0.1516 0.1688 0.2097 0.2689 0.3248 0.3716 0.4090 0.4375 0.4582 0.4713 0.4865
0.4815 0.4588 0.4384 0.4101 0.3731 0.3266 0.2708 0.2113 0.1695 0.1519 0.1433 0.1383 0.1356 0.1350 0.1361 0.1389 0.1435 0.1499 0.1583 0.1689 0.1818 0.1973 0.2157 0.2371 0.2619 0.2902 0.3220 0.3566 0.3929 0.4280 0.4564 0.4725 0.4768 0.4725 0.4610 0.4425 0.4168 0.3831 0.3406 0.2893 0.2318 0.1819 0.1574 0.1466 0.1403 0.1367 0.1351 0.1352 0.1366 0.1387 0.1398 0.1387 0.1366 0.1352 0.1351 0.1367 0.1403 0.1466 0.1574 0.1819 0.2318 0.2893 0.3406 0.3831 0.4168 0.4425 0.4610 0.4725 0.4768 0.4725 0.4564 0.4280 0.3929 0.3566 0.3220 0.2902 0.2619 0.2371 0.2157 0.1973 0.1818 0.1689 0.1583 0.1499 0.1435 0.1389 0.1361 0.1350 0.1356 0.1383 0.1433 0.1519 0.1695 0.2113 0.2708 0.3266 0.3731 0.4101 0.4384 0.4588 0.4815
0.4689 0.4393 0.4113 0.3746 0.3284 0.2729 0.2133 0.1703 0.1522 0.1435 0.1384 0.1357 0.1350 0.1360 0.1388 0.1434 0.1499 0.1583 0.1690 0.1820 0.1976 0.2160 0.2376 0.2626 0.2910 0.3229 0.3577 0.3940 0.4290 0.4572 0.4728 0.4768 0.4722 0.4604 0.4417 0.4156 0.3816 0.3389 0.2872 0.2296 0.1805 0.1568 0.1463 0.1401 0.1366 0.1351 0.1353 0.1370 0.1400 0.1434 0.1451 0.1434 0.1400 0.1370 0.1353 0.1351 0.1366 0.1401 0.1463 0.1568 0.1805 0.2296 0.2872 0.3389 0.3816 0.4156 0.4417 0.4604 0.4722 0.4768 0.4728 0.4572 0.4290 0.3940 0.3577 0.3229 0.2910 0.2626 0.2376 0.2160 0.1976 0.1820 0.1690 0.1583 0.1499 0.1434 0.1388 0.1360 0.1350 0.1357 0.1384 0.1435 0.1522 0.1703 0.2133 0.2729 0.3284 0.3746 0.4113 0.4393 0.4689
0.4491 0.4125 0.3761 0.3302 0.2750 0.2153 0.1713 0.1526 0.1437 0.1385 0.1357 0.1350 0.1360 0.1388 0.1434 0.1498 0.1583 0.1690 0.1820 0.1977 0.2162 0.2379 0.2630 0.2916 0.3236 0.3585 0.3950 0.4299 0.4579 0.4731 0.4767 0.4719 0.4598 0.4408 0.4145 0.3802 0.3371 0.2851 0.2275 0.1792 0.1563 0.1460 0.1400 0.1365 0.1350 0.1353 0.1372 0.1407 0.1453 0.1500 0.1523 0.1500 0.1453 0.1407 0.1372 0.1353 0.1350 0.1365 0.1400 0.1460 0.1563 0.1792 0.2275 0.2851 0.3371 0.3802 0.4145 0.4408 0.4598 0.4719 0.4767 0.4731 0.4579 0.4299 0.3950 0.3585 0.3236 0.2916 0.2630 0.2379 0.2162 0.1977 0.1820 0.1690 0.1583 0.1498 0.1434 0.1388 0.1360 0.1350 0.1357 0.1385 0.1437 0.1526 0.1713 0.2153 0.2750 0.3302 0.3761 0.4125 0.4491
0.4216 0.3776 0.3321 0.2771 0.2173 0.1723 0.1530 0.1439 0.1386 0.1358 0.1350 0.1359 0.1387 0.1433 0.1497 0.1582 0.1689 0.1820 0.1977 0.2163 0.2381 0.2633 0.2920 0.3242 0.3592 0.3958 0.4307 0.4584 0.4734 0.4767 0.4716 0.4593 0.4401 0.4134 0.3788 0.3353 0.2831 0.2254 0.1779 0.1558 0.1457 0.1398 0.1364 0.1350 0.1354 0.1373 0.1410 0.1462 0.1526 0.1588 0.1616 0.1588 0.1526 0.1462 0.1410 0.1373 0.1354 0.1350 0.1364 0.1398 0.1457 0.1558 0.1779 0.2254 0.2831 0.3353 0.3788 0.4134 0.4401 0.4593 0.4716 0.4767 0.4734 0.4584 0.4307 0.3958 0.3592 0.3242 0.2920 0.2633 0.2381 0.2163 0.1977 0.1820 0.1689 0.1582 0.1497 0.1433 0.1387 0.1359 0.1350 0.1358 0.1386 0.1439 0.1530 0.1723 0.2173 0.2771 0.3321 0.3776 0.4216
0.3859 0.3339 0.2793 0.2194 0.1734 0.1535 0.1442 0.1387 0.1358 0.1349 0.1359 0.1386 0.1431 0.1496 0.1580 0.1687 0.1818 0.1976 0.2162 0.2381 0.2634 0.2922 0.3245 0.3597 0.3964 0.4314 0.4589 0.4736 0.4767 0.4714 0.4589 0.4393 0.4124 0.3774 0.3336 0.2810 0.2233 0.1767 0.1552 0.1454 0.1396 0.1363 0.1350 0.1354 0.1375 0.1412 0.1466 0.1537 0.1620 0.1698 0.1734 0.1698 0.1620 0.1537 0.1466 0.1412 0.1375 0.1354 0.1350 0.1363 0.1396 0.1454 0.1552 0.1767 0.2233 0.2810 0.3336 0.3774 0.4124 0.4393 0.4589 0.4714 0.4767 0.4736 0.4589 0.4314 0.3964 0.3597 0.3245 0.2922 0.2634 0.2381 0.2162 0.1976 0.1818 0.1687 0.1580 0.1496 0.1431 0.1386 0.1359 0.1349 0.1358 0.1387 0.1442 0.1535 0.1734 0.2194 0.2793 0.3339 0.3859
0.3409 0.2814 0.2216 0.1745 0.1539 0.1444 0.1389 0.1359 0.1349 0.1358 0.1385 0.1430 0.1494 0.1578 0.1685 0.1816 0.1973 0.2160 0.2379 0.2633 0.2922 0.3246 0.3600 0.3967 0.4318 0.4592 0.4737 0.4766 0.4712 0.4585 0.4387 0.4115 0.3762 0.3321 0.2791 0.2213 0.1755 0.1548 0.1451 0.1395 0.1363 0.1350 0.1354 0.1376 0.1414 0.1469 0.1543 0.1634 0.1737 0.1833 0.1877 0.1833 0.1737 0.1634 0.1543 0.1469 0.1414 0.1376 0.1354 0.1350 0.1363 0.1395 0.1451 0.1548 0.1755 0.2213 0.2791 0.3321 0.3762 0.4115 0.4387 0.4585 0.4712 0.4766 0.4737 0.4592 0.4318 0.3967 0.3600 0.3246 0.2922 0.2633 0.2379 0.2160 0.1973 0.1816 0.1685 0.1578 0.1494 0.1430 0.1385 0.1358 0.1349 0.1359 0.1389 0.1444 0.1539 0.1745 0.2216 0.2814 0.3409
0.2869 0.2237 0.1757 0.1544 0.1447 0.1390 0.1360 0.1350 0.1358 0.1384 0.1428 0.1491 0.1575 0.1682 0.1812 0.1970 0.2157 0.2376 0.2630 0.2920 0.3245 0.3600 0.3969 0.4320 0.4595 0.4738 0.4766 0.4710 0.4581 0.4382 0.4107 0.3752 0.3306 0.2774 0.2195 0.1745 0.1543 0.1449 0.1393 0.1362 0.1350 0.1355 0.1377 0.1415 0.1472 0.1547 0.1641 0.1755 0.1881 0.1996 0.2049 0.1996 0.1881 0.1755 0.1641 0.1547 0.1472 0.1415 0.1377 0.1355 0.1350 0.1362 0.1393 0.1449 0.1543 0.1745 0.2195 0.2774 0.3306 0.3752 0.4107 0.4382 0.4581 0.4710 0.4766 0.4738 0.4595 0.4320 0.3969 0.3600 0.3245 0.2920 0.2630 0.2376 0.2157 0.1970 0.1812 0.1682 0.1575 0.1491 0.1428 0.1384 0.1358 0.1350 0.1360 0.1390 0.1447 0.1544 0.1757 0.2237 0.2869
0.2276 0.1769 0.1548 0.1449 0.1392 0.1360 0.1350 0.1357 0.1382 0.1426 0.1489 0.1572 0.1678 0.1808 0.1965 0.2152 0.2371 0.2626 0.2916 0.3242 0.3597 0.3967 0.4320 0.4595 0.4739 0.4766 0.4709 0.4579 0.4377 0.4101 0.3742 0.3294 0.2758 0.2179 0.1736 0.1539 0.1447 0.1392 0.1361 0.1350 0.1356 0.1378 0.1417 0.1474 0.1550 0.1646 0.1763 0.1902 0.2053 0.2191 0.2253 0.2191 0.2053 0.1902 0.1763 0.1646 0.1550 0.1474 0.1417 0.1378 0.1356 0.1350 0.1361 0.1392 0.1447 0.1539 0.1736 0.2179 0.2758 0.3294 0.3742 0.4101 0.4377 0.4579 0.4709 0.4766 0.4739 0.4595 0.4320 0.3967 0.3597 0.3242 0.2916 0.2626 0.2371 0.2152 0.1965 0.1808 0.1678 0.1572 0.1489 0.1426 0.1382 0.1357 0.1350 0.1360 0.1392 0.1449 0.1548 0.1769 0.2276
0.1793 0.1553 0.1452 0.1393 0.1361 0.1350 0.1356 0.1381 0.1424 0.1486 0.1569 0.1674 0.1804 0.1960 0.2146 0.2365 0.2619 0.2910 0.3236 0.3592 0.3964 0.4318 0.4595 0.4739 0.4766 0.4708 0.4577 0.4374 0.4096 0.3735 0.3284 0.2745 0.2165 0.1728 0.1536 0.1445 0.1390 0.1360 0.1350 0.1356 0.1379 0.1419 0.1477 0.1553 0.1650 0.1769 0.1912 0.2078 0.2257 0.2419 0.2492 0.2419 0.2257 0.2078 0.1912 0.1769 0.1650 0.1553 0.1477 0.1419 0.1379 0.1356 0.1350 0.1360 0.1390 0.1445 0.1536 0.1728 0.2165 0.2745 0.3284 0.3735 0.4096 0.4374 0.4577 0.4708 0.4766 0.4739 0.4595 0.4318 0.3964 0.3592 0.3236 0.2910 0.2619 0.2365 0.2146 0.1960 0.1804 0.1674 0.1569 0.1486 0.1424 0.1381 0.1356 0.1350 0.1361 0.1393 0.1452 0.1553 0.1793
0.1568 0.1455 0.1395 0.1362 0.1350 0.1356 0.1380 0.1422 0.1484 0.1566 0.1670 0.1799 0.1955 0.2140 0.2359 0.2612 0.2902 0.3229 0.3585 0.3958 0.4314 0.4592 0.4738 0.4766 0.4708 0.4576 0.4373 0.4093 0.3730 0.3277 0.2735 0.2154 0.1721 0.1533 0.1443 0.1389 0.1360 0.1350 0.1356 0.1380 0.1421 0.1479 0.1556 0.1654 0.1775 0.1919 0.2090 0.2286 0.2496 0.2684 0.2768 0.2684 0.2496 0.2286 0.2090 0.1919 0.1775 0.1654 0.1556 0.1479 0.1421 0.1380 0.1356 0.1350 0.1360 0.1389 0.1443 0.1533 0.1721 0.2154 0.2735 0.3277 0.3730 0.4093 0.4373 0.4576 0.4708 0.4766 0.4738 0.4592 0.4314 0.3958 0.3585 0.3229 0.2902 0.2612 0.2359 0.2140 0.1955 0.1799 0.1670 0.1566 0.1484 0.1422 0.1380 0.1356 0.1350 0.1362 0.1395 0.1455 0.1568
0.1462 0.1397 0.1363 0.1350 0.1355 0.1379 0.1420 0.1481 0.1562 0.1666 0.1794 0.1949 0.2134 0.2351 0.2604 0.2894 0.3220 0.3577 0.3950 0.4307 0.4589 0.4737 0.4766 0.4709 0.4577 0.4373 0.4092 0.3727 0.3272 0.2729 0.2145 0.1716 0.1530 0.1441 0.1388 0.1359 0.1350 0.1357 0.1381 0.1422 0.1481 0.1560 0.1658 0.1780 0.1926 0.2099 0.2301 0.2529 0.2772 0.2986 0.3082 0.2986 0.2772 0.2529 0.2301 0.2099 0.1926 0.1780 0.1658 0.1560 0.1481 0.1422 0.1381 0.1357 0.1350 0.1359 0.1388 0.1441 0.1530 0.1716 0.2145 0.2729 0.3272 0.3727 0.4092 0.4373 0.4577 0.4709 0.4766 0.4737 0.4589 0.4307 0.3950 0.3577 0.3220 0.2894 0.2604 0.2351 0.2134 0.1949 0.1794 0.1666 0.1562 0.1481 0.1420 0.1379 0.1355 0.1350 0.1363 0.1397 0.1462
0.1400 0.1364 0.1350 0.1355 0.1378 0.1419 0.1479 0.1559 0.1662 0.1789 0.1943 0.2126 0.2343 0.2595 0.2884 0.3209 0.3566 0.3940 0.4299 0.4584 0.4736 0.4766 0.4710 0.4579 0.4374 0.4093 0.3727 0.3270 0.2725 0.2140 0.1713 0.1529 0.1440 0.1388 0.1359 0.1349 0.1357 0.1382 0.1424 0.1484 0.1562 0.1662 0.1784 0.1932 0.2106 0.2311 0.2546 0.2809 0.3085 0.3326 0.3432 0.3326 0.3085 0.2809 0.2546 0.2311 0.2106 0.1932 0.1784 0.1662 0.1562 0.1484 0.1424 0.1382 0.1357 0.1349 0.1359 0.1388 0.1440 0.1529 0.1713 0.2140 0.2725 0.3270 0.3727 0.4093 0.4374 0.4579 0.4710 0.4766 0.4736 0.4584 0.4299 0.3940 0.3566 0.3209 0.2884 0.2595 0.2343 0.2126 0.1943 0.1789 0.1662 0.1559 0.1479 0.1419 0.1378 0.1355 0.1350 0.1364 0.1400
0.1364 0.1350 0.1354 0.1377 0.1417 0.1476 0.1556 0.1658 0.1784 0.1937 0.2119 0.2334 0.2585 0.2873 0.3198 0.3554 0.3929 0.4290 0.4579 0.4734 0.4767 0.4712 0.4581 0.4377 0.4096 0.3730 0.3272 0.2725 0.2139 0.1711 0.1528 0.1439 0.1387 0.1359 0.1349 0.1358 0.1383 0.1425 0.1485 0.1565 0.1665 0.1788 0.1937 0.2113 0.2319 0.2557 0.2828 0.3127 0.3433 0.3694 0.3807 0.3694 0.3433 0.3127 0.2828 0.2557 0.2319 0.2113 0.1937 0.1788 0.1665 0.1565 0.1485 0.1425 0.1383 0.1358 0.1349 0.1359 0.1387 0.1439 0.1528 0.1711 0.2139 0.2725 0.3272 0.3730 0.4096 0.4377 0.4581 0.4712 0.4767 0.4734 0.4579 0.4290 0.3929 0.3554 0.3198 0.2873 0.2585 0.2334 0.2119 0.1937 0.1784 0.1658 0.1556 0.1476 0.1417 0.1377 0.1354 0.1350 0.1364
0.1348 0.1354 0.1375 0.1415 0.1474 0.1553 0.1653 0.1779 0.1931 0.2112 0.2326 0.2575 0.2862 0.3186 0.3542 0.3917 0.4280 0.4572 0.4731 0.4767 0.4714 0.4585 0.4382 0.4101 0.3735 0.3277 0.2729 0.2140 0.1711 0.1527 0.1439 0.1387 0.1358 0.1349 0.1358 0.1384 0.1426 0.1487 0.1567 0.1668 0.1792 0.1942 0.2119 0.2326 0.2566 0.2841 0.3148 0.3478 0.3806 0.4072 0.4182 0.4072 0.3806 0.3478 0.3148 0.2841 0.2566 0.2326 0.2119 0.1942 0.1792 0.1668 0.1567 0.1487 0.1426 0.1384 0.1358 0.1349 0.1358 0.1387 0.1439 0.1527 0.1711 0.2140 0.2729 0.3277 0.3735 0.4101 0.4382 0.4585 0.4714 0.4767 0.4731 0.4572 0.4280 0.3917 0.3542 0.3186 0.2862 0.2575 0.2326 0.2112 0.1931 0.1779 0.1653 0.1553 0.1474 0.1415 0.1375 0.1354 0.1348
0.1350 0.1374 0.1413 0.1471 0.1549 0.1650 0.1774 0.1925 0.2105 0.2318 0.2566 0.2851 0.3173 0.3529 0.3903 0.4268 0.4564 0.4728 0.4767 0.4716 0.4589 0.4387 0.4107 0.3742 0.3284 0.2735 0.2145 0.1713 0.1528 0.1439 0.1387 0.1358 0.1349 0.1358 0.1384 0.1427 0.1488 0.1569 0.1671 0.1796 0.1946 0.2124 0.2333 0.2575 0.2851 0.3161 0.3500 0.3851 0.4178 0.4417 0.4505 0.4417 0.4178 0.3851 0.3500 0.3161 0.2851 0.2575 0.2333 0.2124 0.1946 0.1796 0.1671 0.1569 0.1488 0.1427 0.1384 0.1358 0.1349 0.1358 0.1387 0.1439 0.1528 0.1713 0.2145 0.2735 0.3284 0.3742 0.4107 0.4387 0.4589 0.4716 0.4767 0.4728 0.4564 0.4268 0.3903 0.3529 0.3173 0.2851 0.2566 0.2318 0.2105 0.1925 0.1774 0.1650 0.1549 0.1471 0.1413 0.1374 0.1350
0.1368 0.1412 0.1469 0.1546 0.1646 0.1769 0.1919 0.2098 0.2310 0.2556 0.2840 0.3161 0.3515 0.3890 0.4255 0.4556 0.4725 0.4768 0.4719 0.4593 0.4393 0.4115 0.3752 0.3294 0.2745 0.2154 0.1716 0.1529 0.1439 0.1387 0.1358 0.1349 0.1358 0.1384 0.1428 0.1489 0.1571 0.1673 0.1799 0.1950 0.2129 0.2339 0.2582 0.2860 0.3172 0.3514 0.3873 0.4219 0.4499 0.4658 0.4704 0.4658 0.4499 0.4219 0.3873 0.3514 0.3172 0.2860 0.2582 0.2339 0.2129 0.1950 0.1799 0.1673 0.1571 0.1489 0.1428 0.1384 0.1358 0.1349 0.1358 0.1387 0.1439 0.1529 0.1716 0.2154 0.2745 0.3294 0.3752 0.4115 0.4393 0.4593 0.4719 0.4768 0.4725 0.4556 0.4255 0.3890 0.3515 0.3161 0.2840 0.2556 0.2310 0.2098 0.1919 0.1769 0.1646 0.1546 0.1469 0.1412 0.1368
0.1404 0.1467 0.1543 0.1641 0.1764 0.1913 0.2091 0.2301 0.2547 0.2829 0.3149 0.3502 0.3876 0.4243 0.4547 0.4721 0.4768 0.4722 0.4598 0.4401 0.4124 0.3762 0.3306 0.2758 0.2165 0.1721 0.1530 0.1440 0.1387 0.1358 0.1349 0.1358 0.1384 0.1428 0.1490 0.1572 0.1675 0.1801 0.1953 0.2133 0.2344 0.2589 0.2868 0.3182 0.3526 0.3887 0.4239 0.4530 0.4700 0.4759 0.4767 0.4759 0.4700 0.4530 0.4239 0.3887 0.3526 0.3182 0.2868 0.2589 0.2344 0.2133 0.1953 0.1801 0.1675 0.1572 0.1490 0.1428 0.1384 0.1358 0.1349 0.1358 0.1387 0.1440 0.1530 0.1721 0.2165 0.2758 0.3306 0.3762 0.4124 0.4401 0.4598 0.4722 0.4768 0.4721 0.4547 0.4243 0.3876 0.3502 0.3149 0.2829 0.2547 0.2301 0.2091 0.1913 0.1764 0.1641 0.1543 0.1467 0.1404
0.1456 0.1540 0.1638 0.1759 0.1907 0.2084 0.2293 0.2537 0.2818 0.3137 0.3489 0.3862 0.4231 0.4538 0.4718 0.4768 0.4725 0.4604 0.4408 0.4134 0.3774 0.3321 0.2774 0.2179 0.1728 0.1533 0.1441 0.1388 0.1359 0.1349 0.1358 0.1384 0.1428 0.1490 0.1572 0.1676 0.1803 0.1956 0.2137 0.2349 0.2594 0.2875 0.3190 0.3535 0.3899 0.4252 0.4544 0.4714 0.4767 0.4753 0.4734 0.4753 0.4767 0.4714 0.4544 0.4252 0.3899 0.3535 0.3190 0.2875 0.2594 0.2349 0.2137 0.1956 0.1803 0.1676 0.1572 0.1490 0.1428 0.1384 0.1358 0.1349 0.1359 0.1388 0.1441 0.1533 0.1728 0.2179 0.2774 0.3321 0.3774 0.4134 0.4408 0.4604 0.4725 0.4768 0.4718 0.4538 0.4231 0.3862 0.3489 0.3137 0.2818 0.2537 0.2293 0.2084 0.1907 0.1759 0.1638 0.1540 0.1456
0.1528 0.1634 0.1754 0.1901 0.2077 0.2285 0.2528 0.2807 0.3125 0.3476 0.3849 0.4218 0.4529 0.4714 0.4768 0.4728 0.4610 0.4417 0.4145 0.3788 0.3336 0.2791 0.2195 0.1736 0.1536 0.1443 0.1388 0.1359 0.1349 0.1358 0.1384 0.1428 0.1490 0.1572 0.1676 0.1804 0.1957 0.2139 0.2352 0.2599 0.2880 0.3197 0.3544 0.3908 0.4262 0.4552 0.4720 0.4768 0.4736 0.4665 0.4622 0.4665 0.4736 0.4768 0.4720 0.4552 0.4262 0.3908 0.3544 0.3197 0.2880 0.2599 0.2352 0.2139 0.1957 0.1804 0.1676 0.1572 0.1490 0.1428 0.1384 0.1358 0.1349 0.1359 0.1388 0.1443 0.1536 0.1736 0.2195 0.2791 0.3336 0.3788 0.4145 0.4417 0.4610 0.4728 0.4768 0.4714 0.4529 0.4218 0.3849 0.3476 0.3125 0.2807 0.2528 0.2285 0.2077 0.1901 0.1754 0.1634 0.1528
0.1620 0.1750 0.1895 0.2070 0.2277 0.2519 0.2797 0.3113 0.3463 0.3835 0.4205 0.4519 0.4709 0.4768 0.4731 0.4615 0.4425 0.4156 0.3802 0.3353 0.2810 0.2213 0.1745 0.1539 0.1445 0.1389 0.1359 0.1349 0.1358 0.1384 0.1427 0.1489 0.1572 0.1676 0.1804 0.1957 0.2140 0.2354 0.2602 0.2885 0.3203 0.3550 0.3915 0.4269 0.4558 0.4723 0.4768 0.4728 0.4628 0.4502 0.4436 0.4502 0.4628 0.4728 0.4768 0.4723 0.4558 0.4269 0.3915 0.3550 0.3203 0.2885 0.2602 0.2354 0.2140 0.1957 0.1804 0.1676 0.1572 0.1489 0.1427 0.1384 0.1358 0.1349 0.1359 0.1389 0.1445 0.1539 0.1745 0.2213 0.2810 0.3353 0.3802 0.4156 0.4425 0.4615 0.4731 0.4768 0.4709 0.4519 0.4205 0.3835 0.3463 0.3113 0.2797 0.2519 0.2277 0.2070 0.1895 0.1750 0.1620
0.1733 0.1890 0.2063 0.2269 0.2509 0.2786 0.3101 0.3449 0.3822 0.4193 0.4510 0.4705 0.4768 0.4733 0.4621 0.4433 0.4168 0.3816 0.3371 0.2831 0.2233 0.1755 0.1543 0.1447 0.1390 0.1360 0.1350 0.1357 0.1383 0.1426 0.1488 0.1571 0.1675 0.1803 0.1957 0.2140 0.2355 0.2603 0.2887 0.3206 0.3555 0.3921 0.4276 0.4563 0.4725 0.4768 0.4724 0.4612 0.4445 0.4264 0.4172 0.4264 0.4445 0.4612 0.4724 0.4768 0.4725 0.4563 0.4276 0.3921 0.3555 0.3206 0.2887 0.2603 0.2355 0.2140 0.1957 0.1803 0.1675 0.1571 0.1488 0.1426 0.1383 0.1357 0.1350 0.1360 0.1390 0.1447 0.1543 0.1755 0.2233 0.2831 0.3371 0.3816 0.4168 0.4433 0.4621 0.4733 0.4768 0.4705 0.4510 0.4193 0.3822 0.3449 0.3101 0.2786 0.2509 0.2269 0.2063 0.1890 0.1733
0.1872 0.2057 0.2261 0.2500 0.2776 0.3089 0.3436 0.3808 0.4180 0.4501 0.4701 0.4767 0.4736 0.4626 0.4441 0.4179 0.3831 0.3389 0.2851 0.2254 0.1767 0.1548 0.1449 0.1392 0.1360 0.1350 0.1357 0.1382 0.1425 0.1487 0.1569 0.1673 0.1801 0.1956 0.2139 0.2354 0.2603 0.2888 0.3208 0.3558 0.3925 0.4281 0.4567 0.4727 0.4768 0.4722 0.4604 0.4421 0.4185 0.3944 0.3824 0.3944 0.4185 0.4421 0.4604 0.4722 0.4768 0.4727 0.4567 0.4281 0.3925 0.3558 0.3208 0.2888 0.2603 0.2354 0.2139 0.1956 0.1801 0.1673 0.1569 0.1487 0.1425 0.1382 0.1357 0.1350 0.1360 0.1392 0.1449 0.1548 0.1767 0.2254 0.2851 0.3389 0.3831 0.4179 0.4441 0.4626 0.4736 0.4767 0.4701 0.4501 0.4180 0.3808 0.3436 0.3089 0.2776 0.2500 0.2261 0.2057 0.1872
0.2037 0.2253 0.2491 0.2765 0.3077 0.3424 0.3795 0.4167 0.4491 0.4696 0.4767 0.4738 0.4631 0.4449 0.4189 0.3845 0.3406 0.2872 0.2275 0.1779 0.1552 0.1451 0.1393 0.1361 0.1350 0.1356 0.1381 0.1424 0.1485 0.1567 0.1671 0.1799 0.1953 0.2137 0.2352 0.2602 0.2887 0.3208 0.3559 0.3928 0.4283 0.4570 0.4729 0.4768 0.4720 0.4600 0.4410 0.4153 0.3842 0.3533 0.3384 0.3533 0.3842 0.4153 0.4410 0.4600 0.4720 0.4768 0.4729 0.4570 0.4283 0.3928 0.3559 0.3208 0.2887 0.2602 0.2352 0.2137 0.1953 0.1799 0.1671 0.1567 0.1485 0.1424 0.1381 0.1356 0.1350 0.1361 0.1393 0.1451 0.1552 0.1779 0.2275 0.2872 0.3406 0.3845 0.4189 0.4449 0.4631 0.4738 0.4767 0.4696 0.4491 0.4167 0.3795 0.3424 0.3077 0.2765 0.2491 0.2253 0.2037
0.2232 0.2482 0.2754 0.3065 0.3410 0.3781 0.4154 0.4481 0.4691 0.4766 0.4741 0.4636 0.4457 0.4200 0.3859 0.3424 0.2893 0.2296 0.1792 0.1558 0.1454 0.1395 0.1362 0.1350 0.1356 0.1380 0.1422 0.1484 0.1565 0.1668 0.1796 0.1950 0.2133 0.2349 0.2599 0.2885 0.3206 0.3558 0.3928 0.4284 0.4571 0.4729 0.4767 0.4719 0.4597 0.4404 0.4140 0.3801 0.3406 0.3029 0.2851 0.3029 0.3406 0.3801 0.4140 0.4404 0.4597 0.4719 0.4767 0.4729 0.4571 0.4284 0.3928 0.3558 0.3206 0.2885 0.2599 0.2349 0.2133 0.1950 0.1796 0.1668 0.1565 0.1484 0.1422 0.1380 0.1356 0.1350 0.1362 0.1395 0.1454 0.1558 0.1792 0.2296 0.2893 0.3424 0.3859 0.4200 0.4457 0.4636 0.4741 0.4766 0.4691 0.4481 0.4154 0.3781 0.3410 0.3065 0.2754 0.2482 0.2232
0.2459 0.2744 0.3053 0.3398 0.3767 0.4141 0.4471 0.4686 0.4765 0.4743 0.4641 0.4465 0.4211 0.3872 0.3441 0.2914 0.2318 0.1805 0.1563 0.1457 0.1396 0.1363 0.1350 0.1356 0.1379 0.1421 0.1481 0.1562 0.1665 0.1792 0.1946 0.2129 0.2344 0.2594 0.2880 0.3203 0.3555 0.3925 0.4283 0.4571 0.4730 0.4767 0.4718 0.4595 0.4401 0.4132 0.3784 0.3357 0.2877 0.2449 0.2263 0.2449 0.2877 0.3357 0.3784 0.4132 0.4401 0.4595 0.4718 0.4767 0.4730 0.4571 0.4283 0.3925 0.3555 0.3203 0.2880 0.2594 0.2344 0.2129 0.1946 0.1792 0.1665 0.1562 0.1481 0.1421 0.1379 0.1356 0.1350 0.1363 0.1396 0.1457 0.1563 0.1805 0.2318 0.2914 0.3441 0.3872 0.4211 0.4465 0.4641 0.4743 0.4765 0.4686 0.4471 0.4141 0.3767 0.3398 0.3053 0.2744 0.2459
0.2722 0.3042 0.3385 0.3754 0.4128 0.4460 0.4681 0.4764 0.4746 0.4646 0.4472 0.4221 0.3886 0.3458 0.2934 0.2340 0.1819 0.1568 0.1460 0.1398 0.1363 0.1350 0.1355 0.1378 0.1419 0.1479 0.1560 0.1662 0.1788 0.1942 0.2124 0.2339 0.2589 0.2875 0.3197 0.3550 0.3921 0.4281 0.4570 0.4729 0.4767 0.4718 0.4594 0.4399 0.4128 0.3776 0.3337 0.2820 0.2289 0.1904 0.1783 0.1904 0.2289 0.2820 0.3337 0.3776 0.4128 0.4399 0.4594 0.4718 0.4767 0.4729 0.4570 0.4281 0.3921 0.3550 0.3197 0.2875 0.2589 0.2339 0.2124 0.1942 0.1788 0.1662 0.1560 0.1479 0.1419 0.1378 0.1355 0.1350 0.1363 0.1398 0.1460 0.1568 0.1819 0.2340 0.2934 0.3458 0.3886 0.4221 0.4472 0.4646 0.4746 0.4764 0.4681 0.4460 0.4128 0.3754 0.3385 0.3042 0.2722
0.3021 0.3372 0.3741 0.4115 0.4450 0.4675 0.4763 0.4748 0.4651 0.4480 0.4232 0.3900 0.3476 0.2954 0.2361 0.1833 0.1574 0.1463 0.1400 0.1364 0.1350 0.1354 0.1377 0.1417 0.1477 0.1556 0.1658 0.1784 0.1937 0.2119 0.2333 0.2582 0.2868 0.3190 0.3544 0.3915 0.4276 0.4567 0.4729 0.4767 0.4718 0.4594 0.4398 0.4126 0.3772 0.3328 0.2798 0.2230 0.1793 0.1607 0.1560 0.1607 0.1793 0.2230 0.2798 0.3328 0.3772 0.4126 0.4398 0.4594 0.4718 0.4767 0.4729 0.4567 0.4276 0.3915 0.3544 0.3190 0.2868 0.2582 0.2333 0.2119 0.1937 0.1784 0.1658 0.1556 0.1477 0.1417 0.1377 0.1354 0.1350 0.1364 0.1400 0.1463 0.1574 0.1833 0.2361 0.2954 0.3476 0.3900 0.4232 0.4480 0.4651 0.4748 0.4763 0.4675 0.4450 0.4115 0.3741 0.3372 0.3021
0.3356 0.3727 0.4102 0.4439 0.4670 0.4762 0.4750 0.4656 0.4488 0.4242 0.3913 0.3493 0.2975 0.2383 0.1847 0.1579 0.1466 0.1401 0.1365 0.1350 0.1354 0.1376 0.1415 0.1474 0.1553 0.1654 0.1780 0.1932 0.2113 0.2326 0.2575 0.2860 0.3182 0.3535 0.3908 0.4269 0.4563 0.4727 0.4768 0.4719 0.4595 0.4399 0.4126 0.3771 0.3324 0.2789 0.2209 0.1758 0.1560 0.1481 0.1456 0.1481 0.1560 0.1758 0.2209 0.2789 0.3324 0.3771 0.4126 0.4399 0.4595 0.4719 0.4768 0.4727 0.4563 0.4269 0.3908 0.3535 0.3182 0.2860 0.2575 0.2326 0.2113 0.1932 0.1780 0.1654 0.1553 0.1474 0.1415 0.1376 0.1354 0.1350 0.1365 0.1401 0.1466 0.1579 0.1847 0.2383 0.2975 0.3493 0.3913 0.4242 0.4488 0.4656 0.4750 0.4762 0.4670 0.4439 0.4102 0.3727 0.3356
0.3720 0.4088 0.4428 0.4664 0.4761 0.4752 0.4661 0.4495 0.4253 0.3927 0.3509 0.2995 0.2405 0.1862 0.1585 0.1469 0.1403 0.1366 0.1350 0.1354 0.1375 0.1414 0.1472 0.1550 0.1650 0.1775 0.1926 0.2106 0.2319 0.2566 0.2851 0.3172 0.3526 0.3899 0.4262 0.4558 0.4725 0.4768 0.4720 0.4597 0.4401 0.4128 0.3772 0.3324 0.2787 0.2202 0.1747 0.1546 0.1457 0.1411 0.1396 0.1411 0.1457 0.1546 0.1747 0.2202 0.2787 0.3324 0.3772 0.4128 0.4401 0.4597 0.4720 0.4768 0.4725 0.4558 0.4262 0.3899 0.3526 0.3172 0.2851 0.2566 0.2319 0.2106 0.1926 0.1775 0.1650 0.1550 0.1472 0.1414 0.1375 0.1354 0.1350 0.1366 0.1403 0.1469 0.1585 0.1862 0.2405 0.2995 0.3509 0.3927 0.4253 0.4495 0.4661 0.4752 0.4761 0.4664 0.4428 0.4088 0.3720
0.4097 0.4417 0.4657 0.4759 0.4754 0.4666 0.4503 0.4263 0.3941 0.3527 0.3016 0.2428 0.1878 0.1592 0.1472 0.1405 0.1367 0.1351 0.1353 0.1373 0.1412 0.1469 0.1547 0.1646 0.1769 0.1919 0.2099 0.2311 0.2557 0.2841 0.3161 0.3514 0.3887 0.4252 0.4552 0.4723 0.4768 0.4722 0.4600 0.4404 0.4132 0.3776 0.3328 0.2789 0.2202 0.1744 0.1542 0.1449 0.1397 0.1370 0.1362 0.1370 0.1397 0.1449 0.1542 0.1744 0.2202 0.2789 0.3328 0.3776 0.4132 0.4404 0.4600 0.4722 0.4768 0.4723 0.4552 0.4252 0.3887 0.3514 0.3161 0.2841 0.2557 0.2311 0.2099 0.1919 0.1769 0.1646 0.1547 0.1469 0.1412 0.1373 0.1353 0.1351 0.1367 0.1405 0.1472 0.1592 0.1878 0.2428 0.3016 0.3527 0.3941 0.4263 0.4503 0.4666 0.4754 0.4759 0.4657 0.4417 0.4097
0.4448 0.4649 0.4757 0.4756 0.4671 0.4512 0.4275 0.3957 0.3547 0.3041 0.2455 0.1898 0.1600 0.1476 0.1407 0.1368 0.1351 0.1353 0.1372 0.1410 0.1466 0.1543 0.1641 0.1763 0.1912 0.2090 0.2301 0.2546 0.2828 0.3148 0.3500 0.3873 0.4239 0.4544 0.4720 0.4768 0.4724 0.4604 0.4410 0.4139 0.3784 0.3337 0.2798 0.2209 0.1747 0.1542 0.1448 0.1393 0.1363 0.1351 0.1348 0.1351 0.1363 0.1393 0.1448 0.1542 0.1747 0.2209 0.2798 0.3337 0.3784 0.4140 0.4410 0.4604 0.4724 0.4768 0.4720 0.4544 0.4239 0.3873 0.3500 0.3148 0.2828 0.2546 0.2301 0.2090 0.1912 0.1763 0.1641 0.1543 0.1466 0.1410 0.1372 0.1353 0.1351 0.1368 0.1407 0.1476 0.1600 0.1898 0.2455 0.3041 0.3547 0.3957 0.4275 0.4512 0.4671 0.4756 0.4757 0.4649 0.4448
0.4709 0.4754 0.4759 0.4679 0.4524 0.4293 0.3979 0.3575 0.3075 0.2492 0.1927 0.1612 0.1482 0.1411 0.1370 0.1351 0.1352 0.1370 0.1407 0.1462 0.1537 0.1634 0.1755 0.1902 0.2078 0.2286 0.2529 0.2809 0.3127 0.3478 0.3851 0.4219 0.4530 0.4714 0.4768 0.4728 0.4612 0.4421 0.4153 0.3801 0.3357 0.2820 0.2230 0.1758 0.1546 0.1449 0.1393 0.1362 0.1350 0.1350 0.1352 0.1350 0.1350 0.1362 0.1393 0.1449 0.1546 0.1758 0.2230 0.2820 0.3357 0.3801 0.4153 0.4421 0.4612 0.4728 0.4768 0.4714 0.4530 0.4219 0.3851 0.3478 0.3127 0.2809 0.2529 0.2286 0.2078 0.1902 0.1755 0.1634 0.1537 0.1462 0.1407 0.1370 0.1352 0.1351 0.1370 0.1411 0.1482 0.1612 0.1927 0.2492 0.3075 0.3575 0.3979 0.4293 0.4524 0.4679 0.4759 0.4754 0.4709
0.4836 0.4763 0.4694 0.4548 0.4326 0.4023 0.3630 0.3141 0.2566 0.1988 0.1638 0.1494 0.1418 0.1374 0.1352 0.1350 0.1366 0.1400 0.1453 0.1526 0.1620 0.1737 0.1881 0.2053 0.2257 0.2496 0.2772 0.3085 0.3433 0.3805 0.4178 0.4499 0.4700 0.4767 0.4736 0.4628 0.4445 0.4185 0.3842 0.3406 0.2877 0.2288 0.1793 0.1560 0.1457 0.1397 0.1363 0.1350 0.1352 0.1363 0.1370 0.1363 0.1352 0.1350 0.1363 0.1397 0.1457 0.1560 0.1793 0.2289 0.2877 0.3406 0.3842 0.4185 0.4445 0.4628 0.4736 0.4767 0.4700 0.4499 0.4178 0.3806 0.3433 0.3085 0.2772 0.2496 0.2257 0.2053 0.1881 0.1737 0.1620 0.1526 0.1453 0.1400 0.1366 0.1350 0.1352 0.1374 0.1418 0.1494 0.1638 0.1988 0.2566 0.3141 0.3630 0.4023 0.4326 0.4548 0.4694 0.4763 0.4836
0.4865 0.4725 0.4601 0.4401 0.4122 0.3755 0.3293 0.2739 0.2146 0.1713 0.1528 0.1437 0.1384 0.1356 0.1349 0.1359 0.1387 0.1434 0.1500 0.1588 0.1698 0.1833 0.1996 0.2191 0.2419 0.2684 0.2987 0.3326 0.3694 0.4071 0.4417 0.4658 0.4759 0.4753 0.4665 0.4502 0.4264 0.3944 0.3533 0.3029 0.2449 0.1904 0.1607 0.1481 0.1411 0.1370 0.1351 0.1350 0.1363 0.1383 0.1393 0.1383 0.1363 0.1350 0.1351 0.1370 0.1411 0.1481 0.1607 0.1904 0.2449 0.3029 0.3533 0.3944 0.4264 0.4502 0.4665 0.4753 0.4759 0.4658 0.4417 0.4072 0.3694 0.3326 0.2986 0.2684 0.2419 0.2191 0.1996 0.1833 0.1698 0.1588 0.1500 0.1434 0.1387 0.1359 0.1349 0.1356 0.1384 0.1437 0.1528 0.1713 0.2146 0.2739 0.3293 0.3755 0.4122 0.4401 0.4601 0.4725 0.4865
0.4863 0.4698 0.4551 0.4327 0.4021 0.3625 0.3133 0.2556 0.1985 0.1641 0.1497 0.1419 0.1374 0.1352 0.1349 0.1365 0.1398 0.1451 0.1523 0.1616 0.1734 0.1877 0.2049 0.2253 0.2492 0.2768 0.3083 0.3432 0.3807 0.4182 0.4505 0.4704 0.4767 0.4734 0.4622 0.4436 0.4172 0.3824 0.3384 0.2851 0.2263 0.1783 0.1560 0.1456 0.1396 0.1362 0.1348 0.1352 0.1370 0.1393 0.1405 0.1393 0.1370 0.1352 0.1348 0.1362 0.1396 0.1456 0.1560 0.1783 0.2263 0.2851 0.3384 0.3824 0.4172 0.4436 0.4622 0.4734 0.4767 0.4704 0.4505 0.4182 0.3807 0.3432 0.3082 0.2768 0.2492 0.2253 0.2049 0.1877 0.1734 0.1616 0.1523 0.1451 0.1398 0.1365 0.1349 0.1352 0.1374 0.1419 0.1497 0.1641 0.1985 0.2556 0.3133 0.3625 0.4021 0.4327 0.4551 0.4698 0.4863
0.4865 0.4725 0.4601 0.4401 0.4122 0.3755 0.3293 0.2739 0.2146 0.1713 0.1528 0.1437 0.1384 0.1356 0.1349 0.1359 0.1387 0.1434 0.1500 0.1588 0.1698 0.1833 0.1996 0.2191 0.2419 0.2684 0.2987 0.3326 0.3694 0.4071 0.4417 0.4658 0.4759 0.4753 0.4665 0.4502 0.4264 0.3944 0.3533 0.3029 0.2449 0.1904 0.1607 0.1481 0.1411 0.1370 0.1351 0.1350 0.1363 0.1383 0.1393 0.1383 0.1363 0.1350 0.1351 0.1370 0.1411 0.1481 0.1607 0.1904 0.2449 0.3029 0.3533 0.3944 0.4264 0.4502 0.4665 0.4753 0.4759 0.4658 0.4417 0.4072 0.3694 0.3326 0.2986 0.2684 0.2419 0.2191 0.1996 0.1833 0.1698 0.1588 0.1500 0.1434 0.1387 0.1359 0.1349 0.1356 0.1384 0.1437 0.1528 0.1713 0.2146 0.2739 0.3293 0.3755 0.4122 0.4401 0.4601 0.4725 0.4865
0.4836 0.4763 0.4694 0.4548 0.4326 0.4023 0.3630 0.3141 0.2566 0.1988 0.1638 0.1494 0.1418 0.1374 0.1352 0.1350 0.1366 0.1400 0.1453 0.1526 0.1620 0.1737 0.1881 0.2053 0.2257 0.2496 0.2772 0.3085 0.3433 0.3805 0.4178 0.4499 0.4700 0.4767 0.4736 0.4628 0.4445 0.4185 0.3842 0.3406 0.2877 0.2289 0.1793 0.1560 0.1457 0.1397 0.1363 0.1350 0.1352 0.1363 0.1370 0.1363 0.1352 0.1350 0.1363 0.1397 0.1457 0.1560 0.1793 0.2289 0.2877 0.3406 0.3842 0.4185 0.4445 0.4628 0.4736 0.4767 0.4700 0.4499 0.4178 0.3806 0.3433 0.3085 0.2772 0.2496 0.2257 0.2053 0.1881 0.1737 0.1620 0.1526 0.1453 0.1400 0.1366 0.1350 0.1352 0.1374 0.1418 0.1494 0.1638 0.1988 0.2566 0.3141 0.3630 0.4023 0.4326 0.4548 0.4694 0.4763 0.4836
0.4709 0.4754 0.4759 0.4679 0.4524 0.4293 0.3979 0.3575 0.3075 0.2492 0.1927 0.1612 0.1482 0.1411 0.1370 0.1351 0.1352 0.1370 0.1407 0.1462 0.1537 0.1634 0.1755 0.1902 0.2078 0.2286 0.2529 0.2809 0.3127 0.3478 0.3851 0.4219 0.4530 0.4714 0.4768 0.4728 0.4612 0.4421 0.4153 0.3801 0.3357 0.2820 0.2230 0.1758 0.1546 0.1449 0.1393 0.1362 0.1350 0.1350 0.1352 0.1350 0.1350 0.1362 0.1393 0.1449 0.1546 0.1758 0.2230 0.2820 0.3357 0.3801 0.4153 0.4421 0.4612 0.4728 0.4768 0.4714 0.4530 0.4219 0.3851 0.3478 0.3127 0.2809 0.2529 0.2286 0.2078 0.1902 0.1755 0.1634 0.1537 0.1462 0.1407 0.1370 0.1352 0.1351 0.1370 0.1411 0.1482 0.1612 0.1927 0.2492 0.3075 0.3575 0.3979 0.4293 0.4524 0.4679 0.4759 0.4754 0.4709
0.4448 0.4649 0.4757 0.4756 0.4671 0.4512 0.4275 0.3957 0.3547 0.3041 0.2455 0.1898 0.1600 0.1476 0.1407 0.1368 0.1351 0.1353 0.1372 0.1410 0.1466 0.1543 0.1641 0.1763 0.1912 0.2090 0.2301 0.2546 0.2828 0.3147 0.3500 0.3873 0.4239 0.4544 0.4720 0.4768 0.4724 0.4604 0.4410 0.4140 0.3784 0.3337 0.2798 0.2209 0.1747 0.1542 0.1448 0.1393 0.1363 0.1351 0.1348 0.1351 0.1363 0.1393 0.1448 0.1542 0.1747 0.2209 0.2798 0.3337 0.3784 0.4140 0.4410 0.4604 0.4724 0.4768 0.4720 0.4544 0.4239 0.3873 0.3500 0.3148 0.2828 0.2546 0.2301 0.2090 0.1912 0.1763 0.1641 0.1543 0.1466 0.1410 0.1372 0.1353 0.1351 0.1368 0.1407 0.1476 0.1600 0.1898 0.2455 0.3041 0.3547 0.3957 0.4275 0.4512 0.4671 0.4756 0.4757 0.4649 0.4448
0.4097 0.4417 0.4657 0.4759 0.4754 0.4666 0.4503 0.4263 0.3941 0.3527 0.3016 0.2428 0.1878 0.1592 0.1472 0.1405 0.1367 0.1351 0.1353 0.1373 0.1412 0.1469 0.1547 0.1646 0.1769 0.1919 0.2099 0.2311 0.2557 0.2841 0.3161 0.3514 0.3887 0.4252 0.4552 0.4723 0.4768 0.4722 0.4600 0.4404 0.4132 0.3776 0.3328 0.2789 0.2202 0.1744 0.1542 0.1449 0.1397 0.1370 0.1362 0.1370 0.1397 0.1449 0.1542 0.1744 0.2202 0.2789 0.3328 0.3776 0.4132 0.4404 0.4600 0.4722 0.4768 0.4723 0.4552 0.4252 0.3887 0.3514 0.3161 0.2841 0.2557 0.2311 0.2099 0.1919 0.1769 0.1646 0.1547 0.1469 0.1412 0.1373 0.1353 0.1351 0.1367 0.1405 0.1472 0.1592 0.1878 0.2428 0.3016 0.3527 0.3941 0.4263 0.4503 0.4666 0.4754 0.4759 0.4657 0.4417 0.4097
