0.2120 -0.1571 -0.2609 -0.2886 -0.2498 0.0483 0.2175 -0.1067 -0.2472 -0.2872 -0.2703 -0.0046 0.1783 -0.0096 -0.2315 -0.2811 -0.2788 -0.0919 0.1234 0.1634 -0.1929 -0.2715 -0.2862 -0.1973 0.0829 0.2294 -0.1515 -0.2592 -0.2889 -0.2551 0.0414 0.2128 -0.0965 -0.2449 -0.2866 -0.2714 -0.0150 0.1688 0.0141 -0.2269 -0.2798 -0.2802 -0.1087 0.1169 0.1825 -0.1869 -0.2698 -0.2868 -0.2086 0.0739 0.1683 0.0739 -0.2086 -0.2868 -0.2698 -0.1869 0.1825 0.1169 -0.1087 -0.2802 -0.2798 -0.2269 0.0141 0.1688 -0.0150 -0.2714 -0.2866 -0.2449 -0.0965 0.2128 0.0414 -0.2551 -0.2889 -0.2592 -0.1515 0.2294 0.0829 -0.1973 -0.2862 -0.2715 -0.1929 0.1634 0.1234 -0.0919 -0.2788 -0.2811 -0.2315 -0.0096 0.1783 -0.0046 -0.2703 -0.2872 -0.2472 -0.1067 0.2175 0.0483 -0.2498 -0.2886 -0.2609 -0.1571 0.2120
-0.1571 -0.3147 -0.3305 -0.2663 0.0536 0.2192 -0.1008 -0.3012 -0.3334 -0.2975 0.0040 0.1689 0.0334 -0.2818 -0.3300 -0.3131 -0.0825 0.1199 0.2075 -0.2177 -0.3224 -0.3257 -0.2019 0.0844 0.2418 -0.1596 -0.3119 -0.3324 -0.2747 0.0468 0.2131 -0.0868 -0.2992 -0.3332 -0.2999 -0.0060 0.1592 0.0644 -0.2726 -0.3290 -0.3154 -0.1004 0.1142 0.2207 -0.2088 -0.3210 -0.3271 -0.2168 0.0793 0.2339 0.0394 0.2339 0.0793 -0.2168 -0.3271 -0.3210 -0.2088 0.2207 0.1142 -0.1004 -0.3154 -0.3290 -0.2726 0.0644 0.1592 -0.0060 -0.2999 -0.3332 -0.2992 -0.0868 0.2131 0.0468 -0.2747 -0.3324 -0.3119 -0.1596 0.2418 0.0844 -0.2019 -0.3257 -0.3224 -0.2177 0.2075 0.1199 -0.0825 -0.3131 -0.3300 -0.2818 0.0334 0.1689 0.0040 -0.2975 -0.3334 -0.3012 -0.1008 0.2192 0.0536 -0.2663 -0.3305 -0.3147 -0.1571
-0.2609 -0.3305 -0.2713 0.0455 0.2115 -0.0798 -0.2977 -0.3326 -0.3009 -0.0144 0.1530 0.0868 -0.2653 -0.3280 -0.3165 -0.1148 0.1089 0.2279 -0.2028 -0.3196 -0.3276 -0.2272 0.0739 0.2374 -0.1437 -0.3085 -0.3328 -0.2842 0.0341 0.2030 -0.0595 -0.2953 -0.3322 -0.3035 -0.0265 0.1446 0.1180 -0.2548 -0.3270 -0.3185 -0.1337 0.1035 0.2353 -0.1941 -0.3181 -0.3288 -0.2396 0.0685 0.2338 -0.1278 -0.2760 -0.1278 0.2338 0.0685 -0.2396 -0.3288 -0.3181 -0.1941 0.2353 0.1035 -0.1337 -0.3185 -0.3270 -0.2548 0.1180 0.1446 -0.0265 -0.3035 -0.3322 -0.2953 -0.0595 0.2030 0.0341 -0.2842 -0.3328 -0.3085 -0.1437 0.2374 0.0739 -0.2272 -0.3276 -0.3196 -0.2028 0.2279 0.1089 -0.1148 -0.3165 -0.3280 -0.2653 0.0868 0.1530 -0.0144 -0.3009 -0.3326 -0.2977 -0.0798 0.2115 0.0455 -0.2713 -0.3305 -0.2609
-0.2886 -0.2663 0.0455 0.2083 -0.0649 -0.2951 -0.3318 -0.3045 -0.0334 0.1400 0.1370 -0.2481 -0.3262 -0.3199 -0.1465 0.0999 0.2388 -0.1881 -0.3170 -0.3296 -0.2472 0.0647 0.2304 -0.1264 -0.3053 -0.3332 -0.2911 0.0217 0.1907 -0.0254 -0.2918 -0.3313 -0.3076 -0.0488 0.1325 0.1642 -0.2382 -0.3250 -0.3217 -0.1650 0.0946 0.2419 -0.1794 -0.3154 -0.3305 -0.2572 0.0590 0.2255 -0.1159 -0.3045 -0.3350 -0.3045 -0.1159 0.2255 0.0590 -0.2572 -0.3305 -0.3154 -0.1794 0.2419 0.0946 -0.1650 -0.3217 -0.3250 -0.2382 0.1642 0.1325 -0.0488 -0.3076 -0.3313 -0.2918 -0.0254 0.1907 0.0217 -0.2911 -0.3332 -0.3053 -0.1264 0.2304 0.0647 -0.2472 -0.3296 -0.3170 -0.1881 0.2388 0.0999 -0.1465 -0.3199 -0.3262 -0.2481 0.1370 0.1400 -0.0334 -0.3045 -0.3318 -0.2951 -0.0649 0.2083 0.0455 -0.2663 -0.2886
-0.2498 0.0536 0.2115 -0.0649 -0.2941 -0.3313 -0.3070 -0.0521 0.1299 0.1761 -0.2326 -0.3242 -0.3228 -0.1772 0.0910 0.2428 -0.1733 -0.3142 -0.3310 -0.2633 0.0549 0.2218 -0.1070 -0.3020 -0.3332 -0.2959 0.0074 0.1744 0.0182 -0.2851 -0.3301 -0.3116 -0.0752 0.1217 0.1993 -0.2225 -0.3228 -0.3245 -0.1944 0.0857 0.2426 -0.1644 -0.3125 -0.3317 -0.2710 0.0488 0.2162 -0.0941 -0.3001 -0.3421 -0.3507 -0.3421 -0.3001 -0.0941 0.2162 0.0488 -0.2710 -0.3317 -0.3125 -0.1644 0.2426 0.0857 -0.1944 -0.3245 -0.3228 -0.2225 0.1993 0.1217 -0.0752 -0.3116 -0.3301 -0.2851 0.0182 0.1744 0.0074 -0.2959 -0.3332 -0.3020 -0.1070 0.2218 0.0549 -0.2633 -0.3310 -0.3142 -0.1733 0.2428 0.0910 -0.1772 -0.3228 -0.3242 -0.2326 0.1761 0.1299 -0.0521 -0.3070 -0.3313 -0.2941 -0.0649 0.2115 0.0536 -0.2498
0.0483 0.2192 -0.0798 -0.2951 -0.3313 -0.3079 -0.0642 0.1233 0.2007 -0.2197 -0.3221 -0.3252 -0.2041 0.0823 0.2416 -0.1581 -0.3113 -0.3321 -0.2757 0.0444 0.2122 -0.0843 -0.2985 -0.3328 -0.2999 -0.0090 0.1575 0.0699 -0.2710 -0.3286 -0.3154 -0.1049 0.1119 0.2227 -0.2074 -0.3204 -0.3270 -0.2200 0.0768 0.2391 -0.1488 -0.3095 -0.3326 -0.2815 0.0378 0.2062 -0.0686 -0.2965 -0.3323 -0.3137 -0.1887 -0.3137 -0.3323 -0.2965 -0.0686 0.2062 0.0378 -0.2815 -0.3326 -0.3095 -0.1488 0.2391 0.0768 -0.2200 -0.3270 -0.3204 -0.2074 0.2227 0.1119 -0.1049 -0.3154 -0.3286 -0.2710 0.0699 0.1575 -0.0090 -0.2999 -0.3328 -0.2985 -0.0843 0.2122 0.0444 -0.2757 -0.3321 -0.3113 -0.1581 0.2416 0.0823 -0.2041 -0.3252 -0.3221 -0.2197 0.2007 0.1233 -0.0642 -0.3079 -0.3313 -0.2951 -0.0798 0.2192 0.0483
0.2175 -0.1008 -0.2977 -0.3318 -0.3070 -0.0642 0.1209 0.2119 -0.2108 -0.3204 -0.3270 -0.2254 0.0741 0.2372 -0.1426 -0.3082 -0.3329 -0.2850 0.0330 0.2020 -0.0566 -0.2950 -0.3322 -0.3039 -0.0284 0.1434 0.1228 -0.2532 -0.3268 -0.3189 -0.1367 0.1027 0.2362 -0.1927 -0.3179 -0.3290 -0.2415 0.0676 0.2328 -0.1320 -0.3063 -0.3331 -0.2892 0.0257 0.1955 -0.0369 -0.2929 -0.3315 -0.3059 -0.0377 0.0737 -0.0377 -0.3059 -0.3315 -0.2929 -0.0369 0.1955 0.0257 -0.2892 -0.3331 -0.3063 -0.1320 0.2328 0.0676 -0.2415 -0.3290 -0.3179 -0.1927 0.2362 0.1027 -0.1367 -0.3189 -0.3268 -0.2532 0.1228 0.1434 -0.0284 -0.3039 -0.3322 -0.2950 -0.0566 0.2020 0.0330 -0.2850 -0.3329 -0.3082 -0.1426 0.2372 0.0741 -0.2254 -0.3270 -0.3204 -0.2108 0.2119 0.1209 -0.0642 -0.3070 -0.3318 -0.2977 -0.1008 0.2175
-0.1067 -0.3012 -0.3326 -0.3045 -0.0521 0.1233 0.2119 -0.2077 -0.3193 -0.3280 -0.2399 0.0669 0.2314 -0.1272 -0.3052 -0.3331 -0.2915 0.0204 0.1892 -0.0215 -0.2914 -0.3312 -0.3080 -0.0513 0.1313 0.1682 -0.2366 -0.3248 -0.3220 -0.1681 0.0937 0.2422 -0.1779 -0.3151 -0.3306 -0.2587 0.0580 0.2246 -0.1133 -0.3030 -0.3332 -0.2945 0.0120 0.1802 0.0037 -0.2888 -0.3305 -0.3102 -0.0650 0.1184 0.2161 0.1184 -0.0650 -0.3102 -0.3305 -0.2888 0.0037 0.1802 0.0120 -0.2945 -0.3332 -0.3030 -0.1133 0.2246 0.0580 -0.2587 -0.3306 -0.3151 -0.1779 0.2422 0.0937 -0.1681 -0.3220 -0.3248 -0.2366 0.1682 0.1313 -0.0513 -0.3080 -0.3312 -0.2914 -0.0215 0.1892 0.0204 -0.2915 -0.3331 -0.3052 -0.1272 0.2314 0.0669 -0.2399 -0.3280 -0.3193 -0.2077 0.2119 0.1233 -0.0521 -0.3045 -0.3326 -0.3012 -0.1067
-0.2472 -0.3334 -0.3009 -0.0334 0.1299 0.2007 -0.2108 -0.3193 -0.3284 -0.2472 0.0618 0.2260 -0.1130 -0.3025 -0.3331 -0.2958 0.0067 0.1732 0.0223 -0.2841 -0.3299 -0.3120 -0.0780 0.1207 0.2021 -0.2210 -0.3226 -0.3248 -0.1971 0.0849 0.2424 -0.1629 -0.3122 -0.3318 -0.2722 0.0478 0.2152 -0.0918 -0.2996 -0.3330 -0.2986 -0.0037 0.1624 0.0533 -0.2768 -0.3291 -0.3142 -0.0954 0.1147 0.2253 -0.1093 0.2253 0.1147 -0.0954 -0.3142 -0.3291 -0.2768 0.0533 0.1624 -0.0037 -0.2986 -0.3330 -0.2996 -0.0918 0.2152 0.0478 -0.2722 -0.3318 -0.3122 -0.1629 0.2424 0.0849 -0.1971 -0.3248 -0.3226 -0.2210 0.2021 0.1207 -0.0780 -0.3120 -0.3299 -0.2841 0.0223 0.1732 0.0067 -0.2958 -0.3331 -0.3025 -0.1130 0.2260 0.0618 -0.2472 -0.3284 -0.3193 -0.2108 0.2007 0.1299 -0.0334 -0.3009 -0.3334 -0.2472
-0.2872 -0.2975 -0.0144 0.1400 0.1761 -0.2197 -0.3204 -0.3280 -0.2472 0.0599 0.2227 -0.1023 -0.3003 -0.3329 -0.2989 -0.0074 0.1580 0.0711 -0.2699 -0.3284 -0.3157 -0.1080 0.1110 0.2244 -0.2060 -0.3202 -0.3272 -0.2223 0.0759 0.2386 -0.1472 -0.3092 -0.3327 -0.2824 0.0367 0.2052 -0.0658 -0.2961 -0.3324 -0.3026 -0.0220 0.1475 0.1069 -0.2585 -0.3274 -0.3178 -0.1268 0.1055 0.2325 -0.1935 -0.2991 -0.1935 0.2325 0.1055 -0.1268 -0.3178 -0.3274 -0.2585 0.1069 0.1475 -0.0220 -0.3026 -0.3324 -0.2961 -0.0658 0.2052 0.0367 -0.2824 -0.3327 -0.3092 -0.1472 0.2386 0.0759 -0.2223 -0.3272 -0.3202 -0.2060 0.2244 0.1110 -0.1080 -0.3157 -0.3284 -0.2699 0.0711 0.1580 -0.0074 -0.2989 -0.3329 -0.3003 -0.1023 0.2227 0.0599 -0.2472 -0.3280 -0.3204 -0.2197 0.1761 0.1400 -0.0144 -0.2975 -0.2872
-0.2703 0.0040 0.1530 0.1370 -0.2326 -0.3221 -0.3270 -0.2399 0.0618 0.2227 -0.0983 -0.2991 -0.3325 -0.3013 -0.0206 0.1466 0.1161 -0.2540 -0.3268 -0.3190 -0.1392 0.1018 0.2371 -0.1912 -0.3176 -0.3292 -0.2433 0.0667 0.2321 -0.1302 -0.3060 -0.3331 -0.2898 0.0244 0.1940 -0.0333 -0.2925 -0.3315 -0.3067 -0.0438 0.1349 0.1553 -0.2417 -0.3255 -0.3211 -0.1585 0.0965 0.2410 -0.1829 -0.3189 -0.3458 -0.3189 -0.1829 0.2410 0.0965 -0.1585 -0.3211 -0.3255 -0.2417 0.1553 0.1349 -0.0438 -0.3067 -0.3315 -0.2925 -0.0333 0.1940 0.0244 -0.2898 -0.3331 -0.3060 -0.1302 0.2321 0.0667 -0.2433 -0.3292 -0.3176 -0.1912 0.2371 0.1018 -0.1392 -0.3190 -0.3268 -0.2540 0.1161 0.1466 -0.0206 -0.3013 -0.3325 -0.2991 -0.0983 0.2227 0.0618 -0.2399 -0.3270 -0.3221 -0.2326 0.1370 0.1530 0.0040 -0.2703
-0.0046 0.1689 0.0868 -0.2481 -0.3242 -0.3252 -0.2254 0.0669 0.2260 -0.1023 -0.2991 -0.3324 -0.3026 -0.0305 0.1388 0.1499 -0.2410 -0.3251 -0.3217 -0.1680 0.0933 0.2423 -0.1767 -0.3149 -0.3308 -0.2602 0.0570 0.2237 -0.1113 -0.3027 -0.3332 -0.2950 0.0106 0.1783 0.0082 -0.2876 -0.3304 -0.3108 -0.0693 0.1239 0.1929 -0.2258 -0.3233 -0.3240 -0.1884 0.0876 0.2428 -0.1677 -0.3132 -0.3438 -0.3381 -0.3438 -0.3132 -0.1677 0.2428 0.0876 -0.1884 -0.3240 -0.3233 -0.2258 0.1929 0.1239 -0.0693 -0.3108 -0.3304 -0.2876 0.0082 0.1783 0.0106 -0.2950 -0.3332 -0.3027 -0.1113 0.2237 0.0570 -0.2602 -0.3308 -0.3149 -0.1767 0.2423 0.0933 -0.1680 -0.3217 -0.3251 -0.2410 0.1499 0.1388 -0.0305 -0.3026 -0.3324 -0.2991 -0.1023 0.2260 0.0669 -0.2254 -0.3252 -0.3242 -0.2481 0.0868 0.1689 -0.0046
0.1783 0.0334 -0.2653 -0.3262 -0.3228 -0.2041 0.0741 0.2314 -0.1130 -0.3003 -0.3325 -0.3026 -0.0344 0.1349 0.1696 -0.2317 -0.3236 -0.3238 -0.1920 0.0856 0.2424 -0.1625 -0.3120 -0.3319 -0.2733 0.0467 0.2143 -0.0894 -0.2993 -0.3329 -0.2990 -0.0054 0.1608 0.0586 -0.2749 -0.3289 -0.3146 -0.0984 0.1139 0.2186 -0.2106 -0.3210 -0.3265 -0.2149 0.0787 0.2401 -0.1522 -0.3101 -0.3322 -0.2796 -0.0564 -0.2796 -0.3322 -0.3101 -0.1522 0.2401 0.0787 -0.2149 -0.3265 -0.3210 -0.2106 0.2186 0.1139 -0.0984 -0.3146 -0.3289 -0.2749 0.0586 0.1608 -0.0054 -0.2990 -0.3329 -0.2993 -0.0894 0.2143 0.0467 -0.2733 -0.3319 -0.3120 -0.1625 0.2424 0.0856 -0.1920 -0.3238 -0.3236 -0.2317 0.1696 0.1349 -0.0344 -0.3026 -0.3325 -0.3003 -0.1130 0.2314 0.0741 -0.2041 -0.3228 -0.3262 -0.2653 0.0334 0.1783
-0.0096 -0.2818 -0.3280 -0.3199 -0.1772 0.0823 0.2372 -0.1272 -0.3025 -0.3329 -0.3013 -0.0305 0.1349 0.1758 -0.2268 -0.3226 -0.3252 -0.2099 0.0790 0.2397 -0.1490 -0.3093 -0.3326 -0.2828 0.0358 0.2043 -0.0630 -0.2958 -0.3323 -0.3030 -0.0240 0.1462 0.1120 -0.2568 -0.3272 -0.3181 -0.1299 0.1046 0.2341 -0.1958 -0.3184 -0.3286 -0.2373 0.0696 0.2343 -0.1357 -0.3070 -0.3329 -0.2873 0.0292 0.1091 0.0292 -0.2873 -0.3329 -0.3070 -0.1357 0.2343 0.0696 -0.2373 -0.3286 -0.3184 -0.1958 0.2341 0.1046 -0.1299 -0.3181 -0.3272 -0.2568 0.1120 0.1462 -0.0240 -0.3030 -0.3323 -0.2958 -0.0630 0.2043 0.0358 -0.2828 -0.3326 -0.3093 -0.1490 0.2397 0.0790 -0.2099 -0.3252 -0.3226 -0.2268 0.1758 0.1349 -0.0305 -0.3013 -0.3329 -0.3025 -0.1272 0.2372 0.0823 -0.1772 -0.3199 -0.3280 -0.2818 -0.0096
-0.2315 -0.3300 -0.3165 -0.1465 0.0910 0.2416 -0.1426 -0.3052 -0.3331 -0.2989 -0.0206 0.1388 0.1696 -0.2268 -0.3222 -0.3259 -0.2208 0.0739 0.2360 -0.1368 -0.3067 -0.3330 -0.2894 0.0244 0.1936 -0.0307 -0.2922 -0.3314 -0.3071 -0.0461 0.1337 0.1596 -0.2400 -0.3253 -0.3214 -0.1616 0.0956 0.2414 -0.1811 -0.3157 -0.3303 -0.2554 0.0601 0.2265 -0.1175 -0.3037 -0.3332 -0.2936 0.0158 0.1641 0.2302 0.1641 0.0158 -0.2936 -0.3332 -0.3037 -0.1175 0.2265 0.0601 -0.2554 -0.3303 -0.3157 -0.1811 0.2414 0.0956 -0.1616 -0.3214 -0.3253 -0.2400 0.1596 0.1337 -0.0461 -0.3071 -0.3314 -0.2922 -0.0307 0.1936 0.0244 -0.2894 -0.3330 -0.3067 -0.1368 0.2360 0.0739 -0.2208 -0.3259 -0.3222 -0.2268 0.1696 0.1388 -0.0206 -0.2989 -0.3331 -0.3052 -0.1426 0.2416 0.0910 -0.1465 -0.3165 -0.3300 -0.2315
-0.2811 -0.3131 -0.1148 0.0999 0.2428 -0.1581 -0.3082 -0.3331 -0.2958 -0.0074 0.1466 0.1499 -0.2317 -0.3226 -0.3259 -0.2245 0.0712 0.2330 -0.1271 -0.3046 -0.3331 -0.2938 0.0129 0.1798 0.0076 -0.2876 -0.3303 -0.3111 -0.0718 0.1229 0.1959 -0.2242 -0.3231 -0.3242 -0.1912 0.0867 0.2427 -0.1661 -0.3128 -0.3316 -0.2697 0.0500 0.2173 -0.0966 -0.3003 -0.3331 -0.2978 -0.0001 0.1649 0.0632 -0.1991 0.0632 0.1649 -0.0001 -0.2978 -0.3331 -0.3003 -0.0966 0.2173 0.0500 -0.2697 -0.3316 -0.3128 -0.1661 0.2427 0.0867 -0.1912 -0.3242 -0.3231 -0.2242 0.1959 0.1229 -0.0718 -0.3111 -0.3303 -0.2876 0.0076 0.1798 0.0129 -0.2938 -0.3331 -0.3046 -0.1271 0.2330 0.0712 -0.2245 -0.3259 -0.3226 -0.2317 0.1499 0.1466 -0.0074 -0.2958 -0.3331 -0.3082 -0.1581 0.2428 0.0999 -0.1148 -0.3131 -0.2811
-0.2788 -0.0825 0.1089 0.2388 -0.1733 -0.3113 -0.3329 -0.2915 0.0067 0.1580 0.1161 -0.2410 -0.3236 -0.3252 -0.2208 0.0712 0.2319 -0.1218 -0.3032 -0.3330 -0.2964 0.0019 0.1657 0.0494 -0.2766 -0.3289 -0.3146 -0.1000 0.1132 0.2204 -0.2091 -0.3207 -0.3267 -0.2173 0.0778 0.2397 -0.1506 -0.3098 -0.3325 -0.2805 0.0391 0.2074 -0.0718 -0.2969 -0.3326 -0.3018 -0.0179 0.1506 0.0939 -0.2590 -0.3152 -0.2590 0.0939 0.1506 -0.0179 -0.3018 -0.3326 -0.2969 -0.0718 0.2074 0.0391 -0.2805 -0.3325 -0.3098 -0.1506 0.2397 0.0778 -0.2173 -0.3267 -0.3207 -0.2091 0.2204 0.1132 -0.1000 -0.3146 -0.3289 -0.2766 0.0494 0.1657 0.0019 -0.2964 -0.3330 -0.3032 -0.1218 0.2319 0.0712 -0.2208 -0.3252 -0.3236 -0.2410 0.1161 0.1580 0.0067 -0.2915 -0.3329 -0.3113 -0.1733 0.2388 0.1089 -0.0825 -0.2788
-0.0919 0.1199 0.2279 -0.1881 -0.3142 -0.3321 -0.2850 0.0204 0.1732 0.0711 -0.2540 -0.3251 -0.3238 -0.2099 0.0739 0.2330 -0.1218 -0.3027 -0.3329 -0.2979 -0.0070 0.1557 0.0873 -0.2623 -0.3275 -0.3177 -0.1284 0.1045 0.2346 -0.1946 -0.3182 -0.3288 -0.2393 0.0687 0.2336 -0.1340 -0.3067 -0.3331 -0.2885 0.0271 0.1970 -0.0408 -0.2933 -0.3317 -0.3059 -0.0389 0.1374 0.1457 -0.2455 -0.3310 -0.3524 -0.3310 -0.2455 0.1457 0.1374 -0.0389 -0.3059 -0.3317 -0.2933 -0.0408 0.1970 0.0271 -0.2885 -0.3331 -0.3067 -0.1340 0.2336 0.0687 -0.2393 -0.3288 -0.3182 -0.1946 0.2346 0.1045 -0.1284 -0.3177 -0.3275 -0.2623 0.0873 0.1557 -0.0070 -0.2979 -0.3329 -0.3027 -0.1218 0.2330 0.0739 -0.2099 -0.3238 -0.3251 -0.2540 0.0711 0.1732 0.0204 -0.2850 -0.3321 -0.3142 -0.1881 0.2279 0.1199 -0.0919
0.1234 0.2075 -0.2028 -0.3170 -0.3310 -0.2757 0.0330 0.1892 0.0223 -0.2699 -0.3268 -0.3217 -0.1920 0.0790 0.2360 -0.1271 -0.3032 -0.3329 -0.2984 -0.0119 0.1497 0.1145 -0.2517 -0.3262 -0.3202 -0.1547 0.0968 0.2412 -0.1811 -0.3156 -0.3304 -0.2568 0.0592 0.2256 -0.1155 -0.3034 -0.3332 -0.2940 0.0137 0.1821 -0.0014 -0.2896 -0.3306 -0.3099 -0.0636 0.1261 0.1859 -0.2291 -0.3238 -0.3381 -0.3107 -0.3381 -0.3238 -0.2291 0.1859 0.1261 -0.0636 -0.3099 -0.3306 -0.2896 -0.0014 0.1821 0.0137 -0.2940 -0.3332 -0.3034 -0.1155 0.2256 0.0592 -0.2568 -0.3304 -0.3156 -0.1811 0.2412 0.0968 -0.1547 -0.3202 -0.3262 -0.2517 0.1145 0.1497 -0.0119 -0.2984 -0.3329 -0.3032 -0.1271 0.2360 0.0790 -0.1920 -0.3217 -0.3268 -0.2699 0.0223 0.1892 0.0330 -0.2757 -0.3310 -0.3170 -0.2028 0.2075 0.1234
0.1634 -0.2177 -0.3196 -0.3296 -0.2633 0.0444 0.2020 -0.0215 -0.2841 -0.3284 -0.3190 -0.1680 0.0856 0.2397 -0.1368 -0.3046 -0.3330 -0.2979 -0.0119 0.1478 0.1281 -0.2450 -0.3251 -0.3220 -0.1760 0.0900 0.2429 -0.1683 -0.3130 -0.3316 -0.2701 0.0493 0.2165 -0.0946 -0.3000 -0.3330 -0.2982 -0.0018 0.1643 0.0474 -0.2785 -0.3292 -0.3138 -0.0920 0.1160 0.2141 -0.2137 -0.3214 -0.3256 -0.2039 0.0185 -0.2039 -0.3256 -0.3214 -0.2137 0.2141 0.1160 -0.0920 -0.3138 -0.3292 -0.2785 0.0474 0.1643 -0.0018 -0.2982 -0.3330 -0.3000 -0.0946 0.2165 0.0493 -0.2701 -0.3316 -0.3130 -0.1683 0.2429 0.0900 -0.1760 -0.3220 -0.3251 -0.2450 0.1281 0.1478 -0.0119 -0.2979 -0.3330 -0.3046 -0.1368 0.2397 0.0856 -0.1680 -0.3190 -0.3284 -0.2841 -0.0215 0.2020 0.0444 -0.2633 -0.3296 -0.3196 -0.2177 0.1634
-0.1929 -0.3224 -0.3276 -0.2472 0.0549 0.2122 -0.0566 -0.2914 -0.3299 -0.3157 -0.1392 0.0933 0.2424 -0.1490 -0.3067 -0.3331 -0.2964 -0.0070 0.1497 0.1281 -0.2428 -0.3246 -0.3231 -0.1906 0.0847 0.2418 -0.1568 -0.3106 -0.3323 -0.2798 0.0392 0.2071 -0.0702 -0.2966 -0.3325 -0.3022 -0.0198 0.1491 0.1010 -0.2605 -0.3276 -0.3174 -0.1232 0.1065 0.2316 -0.1989 -0.3190 -0.3280 -0.2316 0.0703 0.1514 0.0703 -0.2316 -0.3280 -0.3190 -0.1989 0.2316 0.1065 -0.1232 -0.3174 -0.3276 -0.2605 0.1010 0.1491 -0.0198 -0.3022 -0.3325 -0.2966 -0.0702 0.2071 0.0392 -0.2798 -0.3323 -0.3106 -0.1568 0.2418 0.0847 -0.1906 -0.3231 -0.3246 -0.2428 0.1281 0.1497 -0.0070 -0.2964 -0.3331 -0.3067 -0.1490 0.2424 0.0933 -0.1392 -0.3157 -0.3299 -0.2914 -0.0566 0.2122 0.0549 -0.2472 -0.3276 -0.3224 -0.1929
-0.2715 -0.3257 -0.2272 0.0647 0.2218 -0.0843 -0.2950 -0.3312 -0.3120 -0.1080 0.1018 0.2423 -0.1625 -0.3093 -0.3330 -0.2938 0.0019 0.1557 0.1145 -0.2450 -0.3246 -0.3234 -0.1979 0.0813 0.2400 -0.1473 -0.3085 -0.3328 -0.2865 0.0292 0.1979 -0.0418 -0.2932 -0.3317 -0.3062 -0.0410 0.1362 0.1504 -0.2435 -0.3257 -0.3207 -0.1550 0.0975 0.2405 -0.1842 -0.3163 -0.3300 -0.2519 0.0624 0.2147 0.1313 0.2147 0.0624 -0.2519 -0.3300 -0.3163 -0.1842 0.2405 0.0975 -0.1550 -0.3207 -0.3257 -0.2435 0.1504 0.1362 -0.0410 -0.3062 -0.3317 -0.2932 -0.0418 0.1979 0.0292 -0.2865 -0.3328 -0.3085 -0.1473 0.2400 0.0813 -0.1979 -0.3234 -0.3246 -0.2450 0.1145 0.1557 0.0019 -0.2938 -0.3330 -0.3093 -0.1625 0.2423 0.1018 -0.1080 -0.3120 -0.3312 -0.2950 -0.0843 0.2218 0.0647 -0.2272 -0.3257 -0.2715
-0.2862 -0.2019 0.0739 0.2304 -0.1070 -0.2985 -0.3322 -0.3080 -0.0780 0.1110 0.2371 -0.1767 -0.3120 -0.3326 -0.2894 0.0129 0.1657 0.0873 -0.2517 -0.3251 -0.3231 -0.1979 0.0800 0.2387 -0.1412 -0.3069 -0.3330 -0.2909 0.0196 0.1871 -0.0093 -0.2900 -0.3307 -0.3099 -0.0649 0.1253 0.1890 -0.2275 -0.3236 -0.3237 -0.1852 0.0886 0.2429 -0.1693 -0.3135 -0.3314 -0.2669 0.0522 0.2196 -0.0934 -0.2564 -0.0934 0.2196 0.0522 -0.2669 -0.3314 -0.3135 -0.1693 0.2429 0.0886 -0.1852 -0.3237 -0.3236 -0.2275 0.1890 0.1253 -0.0649 -0.3099 -0.3307 -0.2900 -0.0093 0.1871 0.0196 -0.2909 -0.3330 -0.3069 -0.1412 0.2387 0.0800 -0.1979 -0.3231 -0.3251 -0.2517 0.0873 0.1657 0.0129 -0.2894 -0.3326 -0.3120 -0.1767 0.2371 0.1110 -0.0780 -0.3080 -0.3322 -0.2985 -0.1070 0.2304 0.0739 -0.2019 -0.2862
-0.1973 0.0844 0.2374 -0.1264 -0.3020 -0.3328 -0.3039 -0.0513 0.1207 0.2244 -0.1912 -0.3149 -0.3319 -0.2828 0.0244 0.1798 0.0494 -0.2623 -0.3262 -0.3220 -0.1906 0.0813 0.2387 -0.1390 -0.3062 -0.3330 -0.2934 0.0117 0.1755 0.0242 -0.2831 -0.3295 -0.3133 -0.0906 0.1159 0.2152 -0.2126 -0.3213 -0.3262 -0.2122 0.0797 0.2406 -0.1540 -0.3105 -0.3324 -0.2785 0.0415 0.2095 -0.0783 -0.2982 -0.3297 -0.2982 -0.0783 0.2095 0.0415 -0.2785 -0.3324 -0.3105 -0.1540 0.2406 0.0797 -0.2122 -0.3262 -0.3213 -0.2126 0.2152 0.1159 -0.0906 -0.3133 -0.3295 -0.2831 0.0242 0.1755 0.0117 -0.2934 -0.3330 -0.3062 -0.1390 0.2387 0.0813 -0.1906 -0.3220 -0.3262 -0.2623 0.0494 0.1798 0.0244 -0.2828 -0.3319 -0.3149 -0.1912 0.2244 0.1207 -0.0513 -0.3039 -0.3328 -0.3020 -0.1264 0.2374 0.0844 -0.1973
0.0829 0.2418 -0.1437 -0.3053 -0.3332 -0.2999 -0.0284 0.1313 0.2021 -0.2060 -0.3176 -0.3308 -0.2733 0.0358 0.1936 0.0076 -0.2766 -0.3275 -0.3202 -0.1760 0.0847 0.2400 -0.1412 -0.3062 -0.3330 -0.2945 0.0063 0.1673 0.0529 -0.2726 -0.3284 -0.3161 -0.1164 0.1076 0.2310 -0.1988 -0.3188 -0.3283 -0.2349 0.0706 0.2351 -0.1376 -0.3073 -0.3330 -0.2870 0.0298 0.1992 -0.0481 -0.2942 -0.3398 -0.3528 -0.3398 -0.2942 -0.0481 0.1992 0.0298 -0.2870 -0.3330 -0.3073 -0.1376 0.2351 0.0706 -0.2349 -0.3283 -0.3188 -0.1988 0.2310 0.1076 -0.1164 -0.3161 -0.3284 -0.2726 0.0529 0.1673 0.0063 -0.2945 -0.3330 -0.3062 -0.1412 0.2400 0.0847 -0.1760 -0.3202 -0.3275 -0.2766 0.0076 0.1936 0.0358 -0.2733 -0.3308 -0.3176 -0.2060 0.2021 0.1313 -0.0284 -0.2999 -0.3332 -0.3053 -0.1437 0.2418 0.0829
0.2294 -0.1596 -0.3085 -0.3332 -0.2959 -0.0090 0.1434 0.1682 -0.2210 -0.3202 -0.3292 -0.2602 0.0467 0.2043 -0.0307 -0.2876 -0.3289 -0.3177 -0.1547 0.0900 0.2418 -0.1473 -0.3069 -0.3330 -0.2945 0.0043 0.1633 0.0719 -0.2642 -0.3274 -0.3183 -0.1392 0.1006 0.2391 -0.1861 -0.3164 -0.3299 -0.2527 0.0614 0.2275 -0.1198 -0.3041 -0.3332 -0.2930 0.0167 0.1852 -0.0105 -0.2904 -0.3308 -0.3230 -0.2381 -0.3230 -0.3308 -0.2904 -0.0105 0.1852 0.0167 -0.2930 -0.3332 -0.3041 -0.1198 0.2275 0.0614 -0.2527 -0.3299 -0.3164 -0.1861 0.2391 0.1006 -0.1392 -0.3183 -0.3274 -0.2642 0.0719 0.1633 0.0043 -0.2945 -0.3330 -0.3069 -0.1473 0.2418 0.0900 -0.1547 -0.3177 -0.3289 -0.2876 -0.0307 0.2043 0.0467 -0.2602 -0.3292 -0.3202 -0.2210 0.1682 0.1434 -0.0090 -0.2959 -0.3332 -0.3085 -0.1596 0.2294
-0.1515 -0.3119 -0.3328 -0.2911 0.0074 0.1575 0.1228 -0.2366 -0.3226 -0.3272 -0.2433 0.0570 0.2143 -0.0630 -0.2922 -0.3303 -0.3146 -0.1284 0.0968 0.2429 -0.1568 -0.3085 -0.3330 -0.2934 0.0063 0.1633 0.0784 -0.2600 -0.3267 -0.3197 -0.1565 0.0950 0.2423 -0.1749 -0.3141 -0.3311 -0.2661 0.0523 0.2190 -0.1001 -0.3008 -0.3331 -0.2974 0.0017 0.1679 0.0364 -0.2809 -0.3295 -0.3125 -0.0803 0.0599 -0.0803 -0.3125 -0.3295 -0.2809 0.0364 0.1679 0.0017 -0.2974 -0.3331 -0.3008 -0.1001 0.2190 0.0523 -0.2661 -0.3311 -0.3141 -0.1749 0.2423 0.0950 -0.1565 -0.3197 -0.3267 -0.2600 0.0784 0.1633 0.0063 -0.2934 -0.3330 -0.3085 -0.1568 0.2429 0.0968 -0.1284 -0.3146 -0.3303 -0.2922 -0.0630 0.2143 0.0570 -0.2433 -0.3272 -0.3226 -0.2366 0.1228 0.1575 0.0074 -0.2911 -0.3328 -0.3119 -0.1515
-0.2592 -0.3324 -0.2842 0.0217 0.1744 0.0699 -0.2532 -0.3248 -0.3248 -0.2223 0.0667 0.2237 -0.0894 -0.2958 -0.3314 -0.3111 -0.1000 0.1045 0.2412 -0.1683 -0.3106 -0.3328 -0.2909 0.0117 0.1673 0.0719 -0.2600 -0.3265 -0.3205 -0.1670 0.0911 0.2429 -0.1655 -0.3121 -0.3320 -0.2758 0.0432 0.2103 -0.0782 -0.2976 -0.3327 -0.3012 -0.0156 0.1521 0.0897 -0.2643 -0.3280 -0.3165 -0.1145 0.1042 0.2008 0.1042 -0.1145 -0.3165 -0.3280 -0.2643 0.0897 0.1521 -0.0156 -0.3012 -0.3327 -0.2976 -0.0782 0.2103 0.0432 -0.2758 -0.3320 -0.3121 -0.1655 0.2429 0.0911 -0.1670 -0.3205 -0.3265 -0.2600 0.0719 0.1673 0.0117 -0.2909 -0.3328 -0.3106 -0.1683 0.2412 0.1045 -0.1000 -0.3111 -0.3314 -0.2958 -0.0894 0.2237 0.0667 -0.2223 -0.3248 -0.3248 -0.2532 0.0699 0.1744 0.0217 -0.2842 -0.3324 -0.2592
-0.2889 -0.2747 0.0341 0.1907 0.0182 -0.2710 -0.3268 -0.3220 -0.1971 0.0759 0.2321 -0.1113 -0.2993 -0.3323 -0.3071 -0.0718 0.1132 0.2346 -0.1811 -0.3130 -0.3323 -0.2865 0.0196 0.1755 0.0529 -0.2642 -0.3267 -0.3205 -0.1705 0.0891 0.2426 -0.1589 -0.3105 -0.3324 -0.2825 0.0346 0.2020 -0.0536 -0.2944 -0.3320 -0.3050 -0.0353 0.1390 0.1404 -0.2470 -0.3261 -0.3201 -0.1483 0.0994 0.2425 -0.0614 0.2425 0.0994 -0.1483 -0.3201 -0.3261 -0.2470 0.1404 0.1390 -0.0353 -0.3050 -0.3320 -0.2944 -0.0536 0.2020 0.0346 -0.2825 -0.3324 -0.3105 -0.1589 0.2426 0.0891 -0.1705 -0.3205 -0.3267 -0.2642 0.0529 0.1755 0.0196 -0.2865 -0.3323 -0.3130 -0.1811 0.2346 0.1132 -0.0718 -0.3071 -0.3323 -0.2993 -0.1113 0.2321 0.0759 -0.1971 -0.3220 -0.3268 -0.2710 0.0182 0.1907 0.0341 -0.2747 -0.2889
-0.2551 0.0468 0.2030 -0.0254 -0.2851 -0.3286 -0.3189 -0.1681 0.0849 0.2386 -0.1302 -0.3027 -0.3329 -0.3030 -0.0461 0.1229 0.2204 -0.1946 -0.3156 -0.3316 -0.2798 0.0292 0.1871 0.0242 -0.2726 -0.3274 -0.3197 -0.1670 0.0891 0.2424 -0.1555 -0.3095 -0.3327 -0.2867 0.0272 0.1949 -0.0274 -0.2915 -0.3311 -0.3086 -0.0568 0.1283 0.1803 -0.2311 -0.3240 -0.3231 -0.1791 0.0905 0.2427 -0.1682 -0.2922 -0.1682 0.2427 0.0905 -0.1791 -0.3231 -0.3240 -0.2311 0.1803 0.1283 -0.0568 -0.3086 -0.3311 -0.2915 -0.0274 0.1949 0.0272 -0.2867 -0.3327 -0.3095 -0.1555 0.2424 0.0891 -0.1670 -0.3197 -0.3274 -0.2726 0.0242 0.1871 0.0292 -0.2798 -0.3316 -0.3156 -0.1946 0.2204 0.1229 -0.0461 -0.3030 -0.3329 -0.3027 -0.1302 0.2386 0.0849 -0.1681 -0.3189 -0.3286 -0.2851 -0.0254 0.2030 0.0468 -0.2551
0.0414 0.2131 -0.0595 -0.2918 -0.3301 -0.3154 -0.1367 0.0937 0.2424 -0.1472 -0.3060 -0.3332 -0.2990 -0.0240 0.1337 0.1959 -0.2091 -0.3182 -0.3304 -0.2701 0.0392 0.1979 -0.0093 -0.2831 -0.3284 -0.3183 -0.1565 0.0911 0.2426 -0.1555 -0.3092 -0.3328 -0.2889 0.0217 0.1877 -0.0027 -0.2890 -0.3301 -0.3117 -0.0799 0.1192 0.2080 -0.2168 -0.3219 -0.3257 -0.2066 0.0816 0.2414 -0.1577 -0.3132 -0.3418 -0.3132 -0.1577 0.2414 0.0816 -0.2066 -0.3257 -0.3219 -0.2168 0.2080 0.1192 -0.0799 -0.3117 -0.3301 -0.2890 -0.0027 0.1877 0.0217 -0.2889 -0.3328 -0.3092 -0.1555 0.2426 0.0911 -0.1565 -0.3183 -0.3284 -0.2831 -0.0093 0.1979 0.0392 -0.2701 -0.3304 -0.3182 -0.2091 0.1959 0.1337 -0.0240 -0.2990 -0.3332 -0.3060 -0.1472 0.2424 0.0937 -0.1367 -0.3154 -0.3301 -0.2918 -0.0595 0.2131 0.0414
0.2128 -0.0868 -0.2953 -0.3313 -0.3116 -0.1049 0.1027 0.2422 -0.1629 -0.3092 -0.3331 -0.2950 -0.0054 0.1462 0.1596 -0.2242 -0.3207 -0.3288 -0.2568 0.0493 0.2071 -0.0418 -0.2900 -0.3295 -0.3161 -0.1392 0.0950 0.2429 -0.1589 -0.3095 -0.3328 -0.2896 0.0188 0.1817 0.0165 -0.2843 -0.3292 -0.3142 -0.1021 0.1114 0.2254 -0.2037 -0.3196 -0.3278 -0.2295 0.0727 0.2365 -0.1412 -0.3081 -0.3439 -0.3447 -0.3439 -0.3081 -0.1412 0.2365 0.0727 -0.2295 -0.3278 -0.3196 -0.2037 0.2254 0.1114 -0.1021 -0.3142 -0.3292 -0.2843 0.0165 0.1817 0.0188 -0.2896 -0.3328 -0.3095 -0.1589 0.2429 0.0950 -0.1392 -0.3161 -0.3295 -0.2900 -0.0418 0.2071 0.0493 -0.2568 -0.3288 -0.3207 -0.2242 0.1596 0.1462 -0.0054 -0.2950 -0.3331 -0.3092 -0.1629 0.2422 0.1027 -0.1049 -0.3116 -0.3313 -0.2953 -0.0868 0.2128
-0.0965 -0.2992 -0.3322 -0.3076 -0.0752 0.1119 0.2362 -0.1779 -0.3122 -0.3327 -0.2898 0.0106 0.1608 0.1120 -0.2400 -0.3231 -0.3267 -0.2393 0.0592 0.2165 -0.0702 -0.2932 -0.3307 -0.3133 -0.1164 0.1006 0.2423 -0.1655 -0.3105 -0.3327 -0.2889 0.0188 0.1797 0.0269 -0.2788 -0.3286 -0.3160 -0.1206 0.1053 0.2352 -0.1921 -0.3174 -0.3294 -0.2474 0.0640 0.2296 -0.1240 -0.3048 -0.3330 -0.2967 -0.1061 -0.2967 -0.3330 -0.3048 -0.1240 0.2296 0.0640 -0.2474 -0.3294 -0.3174 -0.1921 0.2352 0.1053 -0.1206 -0.3160 -0.3286 -0.2788 0.0269 0.1797 0.0188 -0.2889 -0.3327 -0.3105 -0.1655 0.2423 0.1006 -0.1164 -0.3133 -0.3307 -0.2932 -0.0702 0.2165 0.0592 -0.2393 -0.3267 -0.3231 -0.2400 0.1120 0.1608 0.0106 -0.2898 -0.3327 -0.3122 -0.1779 0.2362 0.1119 -0.0752 -0.3076 -0.3322 -0.2992 -0.0965
-0.2449 -0.3332 -0.3035 -0.0488 0.1217 0.2227 -0.1927 -0.3151 -0.3318 -0.2824 0.0244 0.1783 0.0586 -0.2568 -0.3253 -0.3242 -0.2173 0.0687 0.2256 -0.0946 -0.2966 -0.3317 -0.3099 -0.0906 0.1076 0.2391 -0.1749 -0.3121 -0.3324 -0.2867 0.0217 0.1817 0.0269 -0.2768 -0.3282 -0.3171 -0.1339 0.1007 0.2399 -0.1824 -0.3154 -0.3306 -0.2609 0.0556 0.2217 -0.1057 -0.3016 -0.3330 -0.2962 0.0069 0.0944 0.0069 -0.2962 -0.3330 -0.3016 -0.1057 0.2217 0.0556 -0.2609 -0.3306 -0.3154 -0.1824 0.2399 0.1007 -0.1339 -0.3171 -0.3282 -0.2768 0.0269 0.1817 0.0217 -0.2867 -0.3324 -0.3121 -0.1749 0.2391 0.1076 -0.0906 -0.3099 -0.3317 -0.2966 -0.0946 0.2256 0.0687 -0.2173 -0.3242 -0.3253 -0.2568 0.0586 0.1783 0.0244 -0.2824 -0.3318 -0.3151 -0.1927 0.2227 0.1217 -0.0488 -0.3035 -0.3332 -0.2449
-0.2866 -0.2999 -0.0265 0.1325 0.1993 -0.2074 -0.3179 -0.3306 -0.2722 0.0367 0.1940 0.0082 -0.2749 -0.3272 -0.3214 -0.1912 0.0778 0.2336 -0.1155 -0.3000 -0.3325 -0.3062 -0.0649 0.1159 0.2310 -0.1861 -0.3141 -0.3320 -0.2825 0.0272 0.1877 0.0165 -0.2788 -0.3282 -0.3175 -0.1407 0.0978 0.2418 -0.1751 -0.3138 -0.3314 -0.2706 0.0475 0.2138 -0.0861 -0.2985 -0.3328 -0.3002 -0.0102 0.1432 0.2312 0.1432 -0.0102 -0.3002 -0.3328 -0.2985 -0.0861 0.2138 0.0475 -0.2706 -0.3314 -0.3138 -0.1751 0.2418 0.0978 -0.1407 -0.3175 -0.3282 -0.2788 0.0165 0.1877 0.0272 -0.2825 -0.3320 -0.3141 -0.1861 0.2310 0.1159 -0.0649 -0.3062 -0.3325 -0.3000 -0.1155 0.2336 0.0778 -0.1912 -0.3214 -0.3272 -0.2749 0.0082 0.1940 0.0367 -0.2722 -0.3306 -0.3179 -0.2074 0.1993 0.1325 -0.0265 -0.2999 -0.2866
-0.2714 -0.0060 0.1446 0.1642 -0.2225 -0.3204 -0.3290 -0.2587 0.0478 0.2052 -0.0333 -0.2876 -0.3289 -0.3181 -0.1616 0.0867 0.2397 -0.1340 -0.3034 -0.3330 -0.3022 -0.0410 0.1253 0.2152 -0.1988 -0.3164 -0.3311 -0.2758 0.0346 0.1949 -0.0027 -0.2843 -0.3286 -0.3171 -0.1407 0.0969 0.2424 -0.1705 -0.3126 -0.3319 -0.2771 0.0405 0.2067 -0.0657 -0.2957 -0.3322 -0.3038 -0.0293 0.1418 0.1475 -0.1649 0.1475 0.1418 -0.0293 -0.3038 -0.3322 -0.2957 -0.0657 0.2067 0.0405 -0.2771 -0.3319 -0.3126 -0.1705 0.2424 0.0969 -0.1407 -0.3171 -0.3286 -0.2843 -0.0027 0.1949 0.0346 -0.2758 -0.3311 -0.3164 -0.1988 0.2152 0.1253 -0.0410 -0.3022 -0.3330 -0.3034 -0.1340 0.2397 0.0867 -0.1616 -0.3181 -0.3289 -0.2876 -0.0333 0.2052 0.0478 -0.2587 -0.3290 -0.3204 -0.2225 0.1642 0.1446 -0.0060 -0.2714
-0.0150 0.1592 0.1180 -0.2382 -0.3228 -0.3270 -0.2415 0.0580 0.2152 -0.0658 -0.2925 -0.3304 -0.3146 -0.1299 0.0956 0.2427 -0.1506 -0.3067 -0.3332 -0.2982 -0.0198 0.1362 0.1890 -0.2126 -0.3188 -0.3299 -0.2661 0.0432 0.2020 -0.0274 -0.2890 -0.3292 -0.3160 -0.1339 0.0978 0.2424 -0.1689 -0.3120 -0.3322 -0.2809 0.0350 0.2010 -0.0459 -0.2931 -0.3315 -0.3071 -0.0488 0.1317 0.1681 -0.2323 -0.3091 -0.2323 0.1681 0.1317 -0.0488 -0.3071 -0.3315 -0.2931 -0.0459 0.2010 0.0350 -0.2809 -0.3322 -0.3120 -0.1689 0.2424 0.0978 -0.1339 -0.3160 -0.3292 -0.2890 -0.0274 0.2020 0.0432 -0.2661 -0.3299 -0.3188 -0.2126 0.1890 0.1362 -0.0198 -0.2982 -0.3332 -0.3067 -0.1506 0.2427 0.0956 -0.1299 -0.3146 -0.3304 -0.2925 -0.0658 0.2152 0.0580 -0.2415 -0.3270 -0.3228 -0.2382 0.1180 0.1592 -0.0150
0.1688 0.0644 -0.2548 -0.3250 -0.3245 -0.2200 0.0676 0.2246 -0.0918 -0.2961 -0.3315 -0.3108 -0.0984 0.1046 0.2414 -0.1661 -0.3098 -0.3331 -0.2940 -0.0018 0.1491 0.1504 -0.2275 -0.3213 -0.3283 -0.2527 0.0523 0.2103 -0.0536 -0.2915 -0.3301 -0.3142 -0.1206 0.1007 0.2418 -0.1705 -0.3120 -0.3322 -0.2828 0.0313 0.1969 -0.0291 -0.2911 -0.3308 -0.3099 -0.0687 0.1228 0.1986 -0.2220 -0.3267 -0.3504 -0.3267 -0.2220 0.1986 0.1228 -0.0687 -0.3099 -0.3308 -0.2911 -0.0291 0.1969 0.0313 -0.2828 -0.3322 -0.3120 -0.1705 0.2418 0.1007 -0.1206 -0.3142 -0.3301 -0.2915 -0.0536 0.2103 0.0523 -0.2527 -0.3283 -0.3213 -0.2275 0.1504 0.1491 -0.0018 -0.2940 -0.3331 -0.3098 -0.1661 0.2414 0.1046 -0.0984 -0.3108 -0.3315 -0.2961 -0.0918 0.2246 0.0676 -0.2200 -0.3245 -0.3250 -0.2548 0.0644 0.1688
0.0141 -0.2726 -0.3270 -0.3217 -0.1944 0.0768 0.2328 -0.1133 -0.2996 -0.3324 -0.3067 -0.0693 0.1139 0.2341 -0.1811 -0.3128 -0.3325 -0.2885 0.0137 0.1643 0.1010 -0.2435 -0.3236 -0.3262 -0.2349 0.0614 0.2190 -0.0782 -0.2944 -0.3311 -0.3117 -0.1021 0.1053 0.2399 -0.1751 -0.3126 -0.3322 -0.2828 0.0300 0.1947 -0.0172 -0.2897 -0.3302 -0.3121 -0.0868 0.1157 0.2178 -0.2093 -0.3205 -0.3409 -0.3232 -0.3409 -0.3205 -0.2093 0.2178 0.1157 -0.0868 -0.3121 -0.3302 -0.2897 -0.0172 0.1947 0.0300 -0.2828 -0.3322 -0.3126 -0.1751 0.2399 0.1053 -0.1021 -0.3117 -0.3311 -0.2944 -0.0782 0.2190 0.0614 -0.2349 -0.3262 -0.3236 -0.2435 0.1010 0.1643 0.0137 -0.2885 -0.3325 -0.3128 -0.1811 0.2341 0.1139 -0.0693 -0.3067 -0.3324 -0.2996 -0.1133 0.2328 0.0768 -0.1944 -0.3217 -0.3270 -0.2726 0.0141
-0.2269 -0.3290 -0.3185 -0.1650 0.0857 0.2391 -0.1320 -0.3030 -0.3330 -0.3026 -0.0438 0.1239 0.2186 -0.1958 -0.3157 -0.3316 -0.2805 0.0271 0.1821 0.0474 -0.2605 -0.3257 -0.3237 -0.2122 0.0706 0.2275 -0.1001 -0.2976 -0.3320 -0.3086 -0.0799 0.1114 0.2352 -0.1824 -0.3138 -0.3319 -0.2809 0.0313 0.1947 -0.0129 -0.2889 -0.3298 -0.3135 -0.1010 0.1105 0.2290 -0.1988 -0.3185 -0.3283 -0.2357 -0.0009 -0.2357 -0.3283 -0.3185 -0.1988 0.2290 0.1105 -0.1010 -0.3135 -0.3298 -0.2889 -0.0129 0.1947 0.0313 -0.2809 -0.3319 -0.3138 -0.1824 0.2352 0.1114 -0.0799 -0.3086 -0.3320 -0.2976 -0.1001 0.2275 0.0706 -0.2122 -0.3237 -0.3257 -0.2605 0.0474 0.1821 0.0271 -0.2805 -0.3316 -0.3157 -0.1958 0.2186 0.1239 -0.0438 -0.3026 -0.3330 -0.3030 -0.1320 0.2391 0.0857 -0.1650 -0.3185 -0.3290 -0.2269
-0.2798 -0.3154 -0.1337 0.0946 0.2426 -0.1488 -0.3063 -0.3332 -0.2986 -0.0220 0.1349 0.1929 -0.2106 -0.3184 -0.3303 -0.2697 0.0391 0.1970 -0.0014 -0.2785 -0.3276 -0.3207 -0.1852 0.0797 0.2351 -0.1198 -0.3008 -0.3327 -0.3050 -0.0568 0.1192 0.2254 -0.1921 -0.3154 -0.3314 -0.2771 0.0350 0.1969 -0.0172 -0.2889 -0.3296 -0.3142 -0.1100 0.1070 0.2347 -0.1908 -0.3168 -0.3297 -0.2531 0.0592 0.1373 0.0592 -0.2531 -0.3297 -0.3168 -0.1908 0.2347 0.1070 -0.1100 -0.3142 -0.3296 -0.2889 -0.0172 0.1969 0.0350 -0.2771 -0.3314 -0.3154 -0.1921 0.2254 0.1192 -0.0568 -0.3050 -0.3327 -0.3008 -0.1198 0.2351 0.0797 -0.1852 -0.3207 -0.3276 -0.2785 -0.0014 0.1970 0.0391 -0.2697 -0.3303 -0.3184 -0.2106 0.1929 0.1349 -0.0220 -0.2986 -0.3332 -0.3063 -0.1488 0.2426 0.0946 -0.1337 -0.3154 -0.2798
-0.2802 -0.1004 0.1035 0.2419 -0.1644 -0.3095 -0.3331 -0.2945 -0.0037 0.1475 0.1553 -0.2258 -0.3210 -0.3286 -0.2554 0.0500 0.2074 -0.0408 -0.2896 -0.3292 -0.3174 -0.1550 0.0886 0.2406 -0.1376 -0.3041 -0.3331 -0.3012 -0.0353 0.1283 0.2080 -0.2037 -0.3174 -0.3306 -0.2706 0.0405 0.2010 -0.0291 -0.2897 -0.3298 -0.3142 -0.1131 0.1052 0.2374 -0.1854 -0.3156 -0.3306 -0.2636 0.0532 0.2024 0.1767 0.2024 0.0532 -0.2636 -0.3306 -0.3156 -0.1854 0.2374 0.1052 -0.1131 -0.3142 -0.3298 -0.2897 -0.0291 0.2010 0.0405 -0.2706 -0.3306 -0.3174 -0.2037 0.2080 0.1283 -0.0353 -0.3012 -0.3331 -0.3041 -0.1376 0.2406 0.0886 -0.1550 -0.3174 -0.3292 -0.2896 -0.0408 0.2074 0.0500 -0.2554 -0.3286 -0.3210 -0.2258 0.1553 0.1475 -0.0037 -0.2945 -0.3331 -0.3095 -0.1644 0.2419 0.1035 -0.1004 -0.2802
-0.1087 0.1142 0.2353 -0.1794 -0.3125 -0.3326 -0.2892 0.0120 0.1624 0.1069 -0.2417 -0.3233 -0.3265 -0.2373 0.0601 0.2173 -0.0718 -0.2933 -0.3306 -0.3138 -0.1232 0.0975 0.2429 -0.1540 -0.3073 -0.3332 -0.2974 -0.0156 0.1390 0.1803 -0.2168 -0.3196 -0.3294 -0.2609 0.0475 0.2067 -0.0459 -0.2911 -0.3302 -0.3135 -0.1100 0.1052 0.2382 -0.1826 -0.3148 -0.3311 -0.2697 0.0471 0.2126 -0.0706 -0.2452 -0.0706 0.2126 0.0471 -0.2697 -0.3311 -0.3148 -0.1826 0.2382 0.1052 -0.1100 -0.3135 -0.3302 -0.2911 -0.0459 0.2067 0.0475 -0.2609 -0.3294 -0.3196 -0.2168 0.1803 0.1390 -0.0156 -0.2974 -0.3332 -0.3073 -0.1540 0.2429 0.0975 -0.1232 -0.3138 -0.3306 -0.2933 -0.0718 0.2173 0.0601 -0.2373 -0.3265 -0.3233 -0.2417 0.1069 0.1624 0.0120 -0.2892 -0.3326 -0.3125 -0.1794 0.2353 0.1142 -0.1087
0.1169 0.2207 -0.1941 -0.3154 -0.3317 -0.2815 0.0257 0.1802 0.0533 -0.2585 -0.3255 -0.3240 -0.2149 0.0696 0.2265 -0.0966 -0.2969 -0.3317 -0.3099 -0.0920 0.1065 0.2405 -0.1693 -0.3105 -0.3330 -0.2930 0.0017 0.1521 0.1404 -0.2311 -0.3219 -0.3278 -0.2474 0.0556 0.2138 -0.0657 -0.2931 -0.3308 -0.3121 -0.1010 0.1070 0.2374 -0.1826 -0.3145 -0.3314 -0.2731 0.0430 0.2077 -0.0658 -0.2955 -0.3269 -0.2955 -0.0658 0.2077 0.0430 -0.2731 -0.3314 -0.3145 -0.1826 0.2374 0.1070 -0.1010 -0.3121 -0.3308 -0.2931 -0.0657 0.2138 0.0556 -0.2474 -0.3278 -0.3219 -0.2311 0.1404 0.1521 0.0017 -0.2930 -0.3330 -0.3105 -0.1693 0.2405 0.1065 -0.0920 -0.3099 -0.3317 -0.2969 -0.0966 0.2265 0.0696 -0.2149 -0.3240 -0.3255 -0.2585 0.0533 0.1802 0.0257 -0.2815 -0.3317 -0.3154 -0.1941 0.2207 0.1169
0.1825 -0.2088 -0.3181 -0.3305 -0.2710 0.0378 0.1955 0.0037 -0.2768 -0.3274 -0.3211 -0.1884 0.0787 0.2343 -0.1175 -0.3003 -0.3326 -0.3059 -0.0636 0.1160 0.2316 -0.1842 -0.3135 -0.3324 -0.2870 0.0167 0.1679 0.0897 -0.2470 -0.3240 -0.3257 -0.2295 0.0640 0.2217 -0.0861 -0.2957 -0.3315 -0.3099 -0.0868 0.1105 0.2347 -0.1854 -0.3148 -0.3314 -0.2742 0.0409 0.2048 -0.0535 -0.2937 -0.3387 -0.3522 -0.3387 -0.2937 -0.0535 0.2048 0.0409 -0.2742 -0.3314 -0.3148 -0.1854 0.2347 0.1105 -0.0868 -0.3099 -0.3315 -0.2957 -0.0861 0.2217 0.0640 -0.2295 -0.3257 -0.3240 -0.2470 0.0897 0.1679 0.0167 -0.2870 -0.3324 -0.3135 -0.1842 0.2316 0.1160 -0.0636 -0.3059 -0.3326 -0.3003 -0.1175 0.2343 0.0787 -0.1884 -0.3211 -0.3274 -0.2768 0.0037 0.1955 0.0378 -0.2710 -0.3305 -0.3181 -0.2088 0.1825
-0.1869 -0.3210 -0.3288 -0.2572 0.0488 0.2062 -0.0369 -0.2888 -0.3291 -0.3178 -0.1585 0.0876 0.2401 -0.1357 -0.3037 -0.3331 -0.3018 -0.0389 0.1261 0.2141 -0.1989 -0.3163 -0.3314 -0.2785 0.0298 0.1852 0.0364 -0.2643 -0.3261 -0.3231 -0.2066 0.0727 0.2296 -0.1057 -0.2985 -0.3322 -0.3071 -0.0687 0.1157 0.2290 -0.1908 -0.3156 -0.3311 -0.2731 0.0409 0.2037 -0.0472 -0.2925 -0.3309 -0.3229 -0.2436 -0.3229 -0.3309 -0.2925 -0.0472 0.2037 0.0409 -0.2731 -0.3311 -0.3156 -0.1908 0.2290 0.1157 -0.0687 -0.3071 -0.3322 -0.2985 -0.1057 0.2296 0.0727 -0.2066 -0.3231 -0.3261 -0.2643 0.0364 0.1852 0.0298 -0.2785 -0.3314 -0.3163 -0.1989 0.2141 0.1261 -0.0389 -0.3018 -0.3331 -0.3037 -0.1357 0.2401 0.0876 -0.1585 -0.3178 -0.3291 -0.2888 -0.0369 0.2062 0.0488 -0.2572 -0.3288 -0.3210 -0.1869
-0.2698 -0.3271 -0.2396 0.0590 0.2162 -0.0686 -0.2929 -0.3305 -0.3142 -0.1268 0.0965 0.2428 -0.1522 -0.3070 -0.3332 -0.2978 -0.0179 0.1374 0.1859 -0.2137 -0.3190 -0.3300 -0.2669 0.0415 0.1992 -0.0105 -0.2809 -0.3280 -0.3201 -0.1791 0.0816 0.2365 -0.1240 -0.3016 -0.3328 -0.3038 -0.0488 0.1228 0.2178 -0.1988 -0.3168 -0.3306 -0.2697 0.0430 0.2048 -0.0472 -0.2921 -0.3307 -0.3100 -0.0731 0.0613 -0.0731 -0.3100 -0.3307 -0.2921 -0.0472 0.2048 0.0430 -0.2697 -0.3306 -0.3168 -0.1988 0.2178 0.1228 -0.0488 -0.3038 -0.3328 -0.3016 -0.1240 0.2365 0.0816 -0.1791 -0.3201 -0.3280 -0.2809 -0.0105 0.1992 0.0415 -0.2669 -0.3300 -0.3190 -0.2137 0.1859 0.1374 -0.0179 -0.2978 -0.3332 -0.3070 -0.1522 0.2428 0.0965 -0.1268 -0.3142 -0.3305 -0.2929 -0.0686 0.2162 0.0590 -0.2396 -0.3271 -0.2698
-0.2868 -0.2168 0.0685 0.2255 -0.0941 -0.2965 -0.3315 -0.3102 -0.0954 0.1055 0.2410 -0.1677 -0.3101 -0.3329 -0.2936 -0.0001 0.1506 0.1457 -0.2291 -0.3214 -0.3280 -0.2519 0.0522 0.2095 -0.0481 -0.2904 -0.3295 -0.3165 -0.1483 0.0905 0.2414 -0.1412 -0.3048 -0.3330 -0.3002 -0.0293 0.1317 0.1986 -0.2093 -0.3185 -0.3297 -0.2636 0.0471 0.2077 -0.0535 -0.2925 -0.3307 -0.3106 -0.0830 0.1102 0.2059 0.1102 -0.0830 -0.3106 -0.3307 -0.2925 -0.0535 0.2077 0.0471 -0.2636 -0.3297 -0.3185 -0.2093 0.1986 0.1317 -0.0293 -0.3002 -0.3330 -0.3048 -0.1412 0.2414 0.0905 -0.1483 -0.3165 -0.3295 -0.2904 -0.0481 0.2095 0.0522 -0.2519 -0.3280 -0.3214 -0.2291 0.1457 0.1506 -0.0001 -0.2936 -0.3329 -0.3101 -0.1677 0.2410 0.1055 -0.0954 -0.3102 -0.3315 -0.2965 -0.0941 0.2255 0.0685 -0.2168 -0.2868
-0.2086 0.0793 0.2338 -0.1159 -0.3001 -0.3323 -0.3059 -0.0650 0.1147 0.2325 -0.1829 -0.3132 -0.3322 -0.2873 0.0158 0.1649 0.0939 -0.2455 -0.3238 -0.3256 -0.2316 0.0624 0.2196 -0.0783 -0.2942 -0.3308 -0.3125 -0.1145 0.0994 0.2427 -0.1577 -0.3081 -0.3330 -0.2962 -0.0102 0.1418 0.1681 -0.2220 -0.3205 -0.3283 -0.2531 0.0532 0.2126 -0.0658 -0.2937 -0.3309 -0.3100 -0.0830 0.1135 0.2326 -0.0925 0.2326 0.1135 -0.0830 -0.3100 -0.3309 -0.2937 -0.0658 0.2126 0.0532 -0.2531 -0.3283 -0.3205 -0.2220 0.1681 0.1418 -0.0102 -0.2962 -0.3330 -0.3081 -0.1577 0.2427 0.0994 -0.1145 -0.3125 -0.3308 -0.2942 -0.0783 0.2196 0.0624 -0.2316 -0.3256 -0.3238 -0.2455 0.0939 0.1649 0.0158 -0.2873 -0.3322 -0.3132 -0.1829 0.2325 0.1147 -0.0650 -0.3059 -0.3323 -0.3001 -0.1159 0.2338 0.0793 -0.2086
0.0739 0.2339 -0.1278 -0.3045 -0.3421 -0.3137 -0.0377 0.1184 0.2253 -0.1935 -0.3189 -0.3438 -0.2796 0.0292 0.1641 0.0632 -0.2590 -0.3310 -0.3381 -0.2039 0.0703 0.2147 -0.0934 -0.2982 -0.3398 -0.3230 -0.0803 0.1042 0.2425 -0.1682 -0.3132 -0.3439 -0.2967 0.0069 0.1432 0.1475 -0.2323 -0.3267 -0.3409 -0.2357 0.0592 0.2024 -0.0706 -0.2955 -0.3387 -0.3229 -0.0731 0.1102 0.2326 -0.1897 -0.2991 -0.1897 0.2326 0.1102 -0.0731 -0.3229 -0.3387 -0.2955 -0.0706 0.2024 0.0592 -0.2357 -0.3409 -0.3267 -0.2323 0.1475 0.1432 0.0069 -0.2967 -0.3439 -0.3132 -0.1682 0.2425 0.1042 -0.0803 -0.3230 -0.3398 -0.2982 -0.0934 0.2147 0.0703 -0.2039 -0.3381 -0.3310 -0.2590 0.0632 0.1641 0.0292 -0.2796 -0.3438 -0.3189 -0.1935 0.2253 0.1184 -0.0377 -0.3137 -0.3421 -0.3045 -0.1278 0.2339 0.0739
0.1683 0.0394 -0.2760 -0.3350 -0.3507 -0.1887 0.0737 0.2161 -0.1093 -0.2991 -0.3458 -0.3381 -0.0564 0.1091 0.2302 -0.1991 -0.3152 -0.3524 -0.3107 0.0185 0.1514 0.1313 -0.2564 -0.3297 -0.3528 -0.2381 0.0599 0.2008 -0.0614 -0.2922 -0.3418 -0.3447 -0.1061 0.0944 0.2312 -0.1649 -0.3091 -0.3504 -0.3232 -0.0009 0.1373 0.1767 -0.2452 -0.3269 -0.3522 -0.2436 0.0613 0.2059 -0.0925 -0.2991 -0.3354 -0.2991 -0.0925 0.2059 0.0613 -0.2436 -0.3522 -0.3269 -0.2452 0.1767 0.1373 -0.0009 -0.3232 -0.3504 -0.3091 -0.1649 0.2312 0.0944 -0.1061 -0.3447 -0.3418 -0.2922 -0.0614 0.2008 0.0599 -0.2381 -0.3528 -0.3297 -0.2564 0.1313 0.1514 0.0185 -0.3107 -0.3524 -0.3152 -0.1991 0.2302 0.1091 -0.0564 -0.3381 -0.3458 -0.2991 -0.1093 0.2161 0.0737 -0.1887 -0.3507 -0.3350 -0.2760 0.0394 0.1683
