-0.1174 -0.2552 -0.2882 -0.2626 0.0285 0.2036 -0.0756 -0.2408 -0.2851 -0.2735 -0.0356 0.1523 0.0623 -0.2160 -0.2774 -0.2824 -0.1387 0.1058 0.2073 -0.1762 -0.2666 -0.2879 -0.2283 0.0663 0.2276 -0.1313 -0.2535 -0.2885 -0.2654 0.0208 0.1980 -0.0617 -0.2385 -0.2842 -0.2749 -0.0488 0.1440 0.0912 -0.2099 -0.2760 -0.2835 -0.1553 0.0997 0.2168 -0.1700 -0.2648 -0.2884 -0.2369 0.0603 0.2165 0.0572 0.2165 0.0603 -0.2369 -0.2884 -0.2648 -0.1700 0.2168 0.0997 -0.1553 -0.2835 -0.2760 -0.2099 0.0912 0.1440 -0.0488 -0.2749 -0.2842 -0.2385 -0.0617 0.1980 0.0208 -0.2654 -0.2885 -0.2535 -0.1313 0.2276 0.0663 -0.2283 -0.2879 -0.2666 -0.1762 0.2073 0.1058 -0.1387 -0.2824 -0.2774 -0.2160 0.0623 0.1523 -0.0356 -0.2735 -0.2851 -0.2408 -0.0756 0.2036 0.0285 -0.2626 -0.2882 -0.2552 -0.1174
-0.2552 -0.3319 -0.2833 0.0362 0.2032 -0.0593 -0.2955 -0.3325 -0.3040 -0.0256 0.1449 0.1194 -0.2540 -0.3272 -0.3191 -0.1335 0.1046 0.2356 -0.1934 -0.3183 -0.3292 -0.2400 0.0695 0.2332 -0.1330 -0.3068 -0.3334 -0.2891 0.0277 0.1964 -0.0390 -0.2934 -0.3320 -0.3065 -0.0387 0.1377 0.1483 -0.2441 -0.3261 -0.3209 -0.1524 0.0993 0.2401 -0.1848 -0.3167 -0.3303 -0.2510 0.0640 0.2289 -0.1157 -0.2705 -0.1157 0.2289 0.0640 -0.2510 -0.3303 -0.3167 -0.1848 0.2401 0.0993 -0.1524 -0.3209 -0.3261 -0.2441 0.1483 0.1377 -0.0387 -0.3065 -0.3320 -0.2934 -0.0390 0.1964 0.0277 -0.2891 -0.3334 -0.3068 -0.1330 0.2332 0.0695 -0.2400 -0.3292 -0.3183 -0.1934 0.2356 0.1046 -0.1335 -0.3191 -0.3272 -0.2540 0.1194 0.1449 -0.0256 -0.3040 -0.3325 -0.2955 -0.0593 0.2032 0.0362 -0.2833 -0.3319 -0.2552
-0.2882 -0.2833 0.0301 0.1966 -0.0328 -0.2920 -0.3312 -0.3074 -0.0493 0.1322 0.1656 -0.2375 -0.3249 -0.3218 -0.1665 0.0941 0.2420 -0.1788 -0.3153 -0.3305 -0.2579 0.0585 0.2251 -0.1144 -0.3032 -0.3332 -0.2943 0.0128 0.1812 0.0012 -0.2894 -0.3305 -0.3101 -0.0653 0.1254 0.1879 -0.2282 -0.3236 -0.3236 -0.1841 0.0889 0.2429 -0.1699 -0.3136 -0.3313 -0.2664 0.0525 0.2198 -0.1030 -0.3021 -0.3331 -0.3021 -0.1030 0.2198 0.0525 -0.2664 -0.3313 -0.3136 -0.1699 0.2429 0.0889 -0.1841 -0.3236 -0.3236 -0.2282 0.1879 0.1254 -0.0653 -0.3101 -0.3305 -0.2894 0.0012 0.1812 0.0128 -0.2943 -0.3332 -0.3032 -0.1144 0.2251 0.0585 -0.2579 -0.3305 -0.3153 -0.1788 0.2420 0.0941 -0.1665 -0.3218 -0.3249 -0.2375 0.1656 0.1322 -0.0493 -0.3074 -0.3312 -0.2920 -0.0328 0.1966 0.0301 -0.2833 -0.2882
-0.2626 0.0362 0.1966 -0.0208 -0.2900 -0.3302 -0.3105 -0.0729 0.1221 0.1993 -0.2222 -0.3227 -0.3246 -0.1955 0.0854 0.2425 -0.1638 -0.3124 -0.3318 -0.2715 0.0484 0.2158 -0.0931 -0.2998 -0.3330 -0.2984 -0.0027 0.1634 0.0503 -0.2779 -0.3292 -0.3140 -0.0937 0.1154 0.2154 -0.2129 -0.3213 -0.3261 -0.2111 0.0801 0.2408 -0.1546 -0.3106 -0.3323 -0.2780 0.0420 0.2099 -0.0787 -0.2979 -0.3414 -0.3517 -0.3414 -0.2979 -0.0787 0.2099 0.0420 -0.2780 -0.3323 -0.3106 -0.1546 0.2408 0.0801 -0.2111 -0.3261 -0.3213 -0.2129 0.2154 0.1154 -0.0937 -0.3140 -0.3292 -0.2779 0.0503 0.1634 -0.0027 -0.2984 -0.3330 -0.2998 -0.0931 0.2158 0.0484 -0.2715 -0.3318 -0.3124 -0.1638 0.2425 0.0854 -0.1955 -0.3246 -0.3227 -0.2222 0.1993 0.1221 -0.0729 -0.3105 -0.3302 -0.2900 -0.0208 0.1966 0.0362 -0.2626
0.0285 0.2032 -0.0328 -0.2900 -0.3298 -0.3123 -0.0926 0.1143 0.2201 -0.2084 -0.3204 -0.3269 -0.2207 0.0765 0.2389 -0.1481 -0.3093 -0.3326 -0.2819 0.0373 0.2058 -0.0674 -0.2963 -0.3325 -0.3024 -0.0209 0.1483 0.1039 -0.2595 -0.3275 -0.3176 -0.1250 0.1060 0.2323 -0.1981 -0.3188 -0.3283 -0.2341 0.0710 0.2354 -0.1383 -0.3075 -0.3330 -0.2867 0.0303 0.1997 -0.0494 -0.2942 -0.3319 -0.3175 -0.2087 -0.3175 -0.3319 -0.2942 -0.0494 0.1997 0.0303 -0.2867 -0.3330 -0.3075 -0.1383 0.2354 0.0710 -0.2341 -0.3283 -0.3188 -0.1981 0.2323 0.1060 -0.1250 -0.3176 -0.3275 -0.2595 0.1039 0.1483 -0.0209 -0.3024 -0.3325 -0.2963 -0.0674 0.2058 0.0373 -0.2819 -0.3326 -0.3093 -0.1481 0.2389 0.0765 -0.2207 -0.3269 -0.3204 -0.2084 0.2201 0.1143 -0.0926 -0.3123 -0.3298 -0.2900 -0.0328 0.2032 0.0285
0.2036 -0.0593 -0.2920 -0.3302 -0.3123 -0.1005 0.1099 0.2304 -0.1973 -0.3182 -0.3286 -0.2407 0.0677 0.2327 -0.1314 -0.3062 -0.3331 -0.2895 0.0252 0.1949 -0.0353 -0.2927 -0.3316 -0.3065 -0.0424 0.1355 0.1529 -0.2426 -0.3256 -0.3209 -0.1568 0.0970 0.2408 -0.1834 -0.3161 -0.3301 -0.2529 0.0616 0.2278 -0.1204 -0.3042 -0.3332 -0.2928 0.0172 0.1858 -0.0123 -0.2906 -0.3309 -0.3085 -0.0526 0.0685 -0.0526 -0.3085 -0.3309 -0.2906 -0.0123 0.1858 0.0172 -0.2928 -0.3332 -0.3042 -0.1204 0.2278 0.0616 -0.2529 -0.3301 -0.3161 -0.1834 0.2408 0.0970 -0.1568 -0.3209 -0.3256 -0.2426 0.1529 0.1355 -0.0424 -0.3065 -0.3316 -0.2927 -0.0353 0.1949 0.0252 -0.2895 -0.3331 -0.3062 -0.1314 0.2327 0.0677 -0.2407 -0.3286 -0.3182 -0.1973 0.2304 0.1099 -0.1005 -0.3123 -0.3302 -0.2920 -0.0593 0.2036
-0.0756 -0.2955 -0.3312 -0.3105 -0.0926 0.1099 0.2334 -0.1910 -0.3166 -0.3297 -0.2551 0.0594 0.2252 -0.1137 -0.3029 -0.3332 -0.2947 0.0114 0.1794 0.0056 -0.2883 -0.3304 -0.3105 -0.0678 0.1245 0.1911 -0.2266 -0.3234 -0.3238 -0.1868 0.0881 0.2429 -0.1685 -0.3133 -0.3314 -0.2677 0.0516 0.2188 -0.1001 -0.3009 -0.3331 -0.2972 0.0024 0.1686 0.0343 -0.2814 -0.3296 -0.3127 -0.0827 0.1129 0.2106 0.1129 -0.0827 -0.3127 -0.3296 -0.2814 0.0343 0.1686 0.0024 -0.2972 -0.3331 -0.3009 -0.1001 0.2188 0.0516 -0.2677 -0.3314 -0.3133 -0.1685 0.2429 0.0881 -0.1868 -0.3238 -0.3234 -0.2266 0.1911 0.1245 -0.0678 -0.3105 -0.3304 -0.2883 0.0056 0.1794 0.0114 -0.2947 -0.3332 -0.3029 -0.1137 0.2252 0.0594 -0.2551 -0.3297 -0.3166 -0.1910 0.2334 0.1099 -0.0926 -0.3105 -0.3312 -0.2955 -0.0756
-0.2408 -0.3325 -0.3074 -0.0729 0.1143 0.2304 -0.1910 -0.3161 -0.3302 -0.2636 0.0525 0.2181 -0.0960 -0.2999 -0.3329 -0.2986 -0.0041 0.1619 0.0555 -0.2760 -0.3290 -0.3144 -0.0967 0.1145 0.2175 -0.2114 -0.3211 -0.3264 -0.2136 0.0792 0.2404 -0.1531 -0.3103 -0.3324 -0.2790 0.0409 0.2089 -0.0760 -0.2974 -0.3327 -0.3012 -0.0150 0.1527 0.0874 -0.2650 -0.3280 -0.3165 -0.1151 0.1088 0.2345 -0.0927 0.2345 0.1088 -0.1151 -0.3165 -0.3280 -0.2650 0.0874 0.1527 -0.0150 -0.3012 -0.3327 -0.2974 -0.0760 0.2089 0.0409 -0.2790 -0.3324 -0.3103 -0.1531 0.2404 0.0792 -0.2136 -0.3264 -0.3211 -0.2114 0.2175 0.1145 -0.0967 -0.3144 -0.3290 -0.2760 0.0555 0.1619 -0.0041 -0.2986 -0.3329 -0.2999 -0.0960 0.2181 0.0525 -0.2636 -0.3302 -0.3161 -0.1910 0.2304 0.1143 -0.0729 -0.3074 -0.3325 -0.2408
-0.2851 -0.3040 -0.0493 0.1221 0.2201 -0.1973 -0.3166 -0.3302 -0.2664 0.0485 0.2128 -0.0800 -0.2973 -0.3324 -0.3020 -0.0209 0.1477 0.1076 -0.2580 -0.3273 -0.3179 -0.1281 0.1051 0.2335 -0.1966 -0.3186 -0.3285 -0.2361 0.0701 0.2347 -0.1366 -0.3072 -0.3330 -0.2874 0.0291 0.1986 -0.0461 -0.2939 -0.3319 -0.3052 -0.0354 0.1393 0.1387 -0.2477 -0.3262 -0.3199 -0.1470 0.0998 0.2386 -0.1840 -0.2965 -0.1840 0.2386 0.0998 -0.1470 -0.3199 -0.3262 -0.2477 0.1387 0.1393 -0.0354 -0.3052 -0.3319 -0.2939 -0.0461 0.1986 0.0291 -0.2874 -0.3330 -0.3072 -0.1366 0.2347 0.0701 -0.2361 -0.3285 -0.3186 -0.1966 0.2335 0.1051 -0.1281 -0.3179 -0.3273 -0.2580 0.1076 0.1477 -0.0209 -0.3020 -0.3324 -0.2973 -0.0800 0.2128 0.0485 -0.2664 -0.3302 -0.3166 -0.1973 0.2201 0.1221 -0.0493 -0.3040 -0.2851
-0.2735 -0.0256 0.1322 0.1993 -0.2084 -0.3182 -0.3297 -0.2636 0.0485 0.2109 -0.0701 -0.2955 -0.3319 -0.3049 -0.0379 0.1367 0.1516 -0.2422 -0.3254 -0.3211 -0.1596 0.0961 0.2412 -0.1819 -0.3159 -0.3302 -0.2545 0.0606 0.2270 -0.1186 -0.3039 -0.3332 -0.2933 0.0159 0.1843 -0.0081 -0.2902 -0.3308 -0.3093 -0.0595 0.1278 0.1805 -0.2315 -0.3241 -0.3230 -0.1778 0.0908 0.2427 -0.1735 -0.3168 -0.3444 -0.3168 -0.1735 0.2427 0.0908 -0.1778 -0.3230 -0.3241 -0.2315 0.1805 0.1278 -0.0595 -0.3093 -0.3308 -0.2902 -0.0081 0.1843 0.0159 -0.2933 -0.3332 -0.3039 -0.1186 0.2270 0.0606 -0.2545 -0.3302 -0.3159 -0.1819 0.2412 0.0961 -0.1596 -0.3211 -0.3254 -0.2422 0.1516 0.1367 -0.0379 -0.3049 -0.3319 -0.2955 -0.0701 0.2109 0.0485 -0.2636 -0.3297 -0.3182 -0.2084 0.1993 0.1322 -0.0256 -0.2735
-0.0356 0.1449 0.1656 -0.2222 -0.3204 -0.3286 -0.2551 0.0525 0.2128 -0.0701 -0.2948 -0.3316 -0.3068 -0.0525 0.1287 0.1831 -0.2287 -0.3235 -0.3238 -0.1883 0.0874 0.2428 -0.1670 -0.3130 -0.3316 -0.2689 0.0506 0.2178 -0.0979 -0.3005 -0.3331 -0.2976 0.0008 0.1669 0.0393 -0.2802 -0.3295 -0.3132 -0.0874 0.1175 0.2105 -0.2161 -0.3218 -0.3256 -0.2057 0.0820 0.2415 -0.1580 -0.3113 -0.3440 -0.3409 -0.3440 -0.3113 -0.1580 0.2415 0.0820 -0.2057 -0.3256 -0.3218 -0.2161 0.2105 0.1175 -0.0874 -0.3132 -0.3295 -0.2802 0.0393 0.1669 0.0008 -0.2976 -0.3331 -0.3005 -0.0979 0.2178 0.0506 -0.2689 -0.3316 -0.3130 -0.1670 0.2428 0.0874 -0.1883 -0.3238 -0.3235 -0.2287 0.1831 0.1287 -0.0525 -0.3068 -0.3316 -0.2948 -0.0701 0.2128 0.0525 -0.2551 -0.3286 -0.3204 -0.2222 0.1656 0.1449 -0.0356
0.1523 0.1194 -0.2375 -0.3227 -0.3269 -0.2407 0.0594 0.2181 -0.0800 -0.2955 -0.3316 -0.3075 -0.0613 0.1236 0.2020 -0.2179 -0.3217 -0.3258 -0.2119 0.0792 0.2402 -0.1519 -0.3100 -0.3325 -0.2800 0.0398 0.2079 -0.0733 -0.2971 -0.3326 -0.3016 -0.0168 0.1513 0.0927 -0.2633 -0.3279 -0.3169 -0.1182 0.1080 0.2295 -0.2012 -0.3194 -0.3279 -0.2296 0.0729 0.2367 -0.1419 -0.3081 -0.3326 -0.2868 -0.0738 -0.2868 -0.3326 -0.3081 -0.1419 0.2367 0.0729 -0.2296 -0.3279 -0.3194 -0.2012 0.2295 0.1080 -0.1182 -0.3169 -0.3279 -0.2633 0.0927 0.1513 -0.0168 -0.3016 -0.3326 -0.2971 -0.0733 0.2079 0.0398 -0.2800 -0.3325 -0.3100 -0.1519 0.2402 0.0792 -0.2119 -0.3258 -0.3217 -0.2179 0.2020 0.1236 -0.0613 -0.3075 -0.3316 -0.2955 -0.0800 0.2181 0.0594 -0.2407 -0.3269 -0.3227 -0.2375 0.1194 0.1523
0.0623 -0.2540 -0.3249 -0.3246 -0.2207 0.0677 0.2252 -0.0960 -0.2973 -0.3319 -0.3068 -0.0613 0.1217 0.2104 -0.2109 -0.3202 -0.3273 -0.2298 0.0718 0.2353 -0.1370 -0.3070 -0.3330 -0.2879 0.0279 0.1976 -0.0428 -0.2935 -0.3318 -0.3056 -0.0376 0.1381 0.1433 -0.2461 -0.3260 -0.3202 -0.1501 0.0989 0.2396 -0.1865 -0.3167 -0.3297 -0.2492 0.0636 0.2295 -0.1244 -0.3049 -0.3331 -0.2913 0.0213 0.1035 0.0213 -0.2913 -0.3331 -0.3049 -0.1244 0.2295 0.0636 -0.2492 -0.3297 -0.3167 -0.1865 0.2396 0.0989 -0.1501 -0.3202 -0.3260 -0.2461 0.1433 0.1381 -0.0376 -0.3056 -0.3318 -0.2935 -0.0428 0.1976 0.0279 -0.2879 -0.3330 -0.3070 -0.1370 0.2353 0.0718 -0.2298 -0.3273 -0.3202 -0.2109 0.2104 0.1217 -0.0613 -0.3068 -0.3319 -0.2973 -0.0960 0.2252 0.0677 -0.2207 -0.3246 -0.3249 -0.2540 0.0623
-0.2160 -0.3272 -0.3218 -0.1955 0.0765 0.2327 -0.1137 -0.2999 -0.3324 -0.3049 -0.0525 0.1236 0.2104 -0.2085 -0.3194 -0.3281 -0.2416 0.0656 0.2298 -0.1225 -0.3043 -0.3331 -0.2933 0.0151 0.1833 -0.0042 -0.2898 -0.3307 -0.3097 -0.0621 0.1267 0.1840 -0.2299 -0.3239 -0.3232 -0.1807 0.0900 0.2428 -0.1717 -0.3139 -0.3312 -0.2649 0.0538 0.2208 -0.1046 -0.3016 -0.3332 -0.2964 0.0065 0.1556 0.2322 0.1556 0.0065 -0.2964 -0.3332 -0.3016 -0.1046 0.2208 0.0538 -0.2649 -0.3312 -0.3139 -0.1717 0.2428 0.0900 -0.1807 -0.3232 -0.3239 -0.2299 0.1840 0.1267 -0.0621 -0.3097 -0.3307 -0.2898 -0.0042 0.1833 0.0151 -0.2933 -0.3331 -0.3043 -0.1225 0.2298 0.0656 -0.2416 -0.3281 -0.3194 -0.2085 0.2104 0.1236 -0.0525 -0.3049 -0.3324 -0.2999 -0.1137 0.2327 0.0765 -0.1955 -0.3218 -0.3272 -0.2160
-0.2774 -0.3191 -0.1665 0.0854 0.2389 -0.1314 -0.3029 -0.3329 -0.3020 -0.0379 0.1287 0.2020 -0.2109 -0.3194 -0.3284 -0.2473 0.0613 0.2251 -0.1097 -0.3018 -0.3330 -0.2970 0.0017 0.1669 0.0415 -0.2797 -0.3293 -0.3136 -0.0903 0.1165 0.2128 -0.2146 -0.3216 -0.3259 -0.2082 0.0811 0.2412 -0.1564 -0.3109 -0.3322 -0.2769 0.0432 0.2111 -0.0815 -0.2981 -0.3328 -0.3003 -0.0110 0.1550 0.0975 -0.1857 0.0975 0.1550 -0.0110 -0.3003 -0.3328 -0.2981 -0.0815 0.2111 0.0432 -0.2769 -0.3322 -0.3109 -0.1564 0.2412 0.0811 -0.2082 -0.3259 -0.3216 -0.2146 0.2128 0.1165 -0.0903 -0.3136 -0.3293 -0.2797 0.0415 0.1669 0.0017 -0.2970 -0.3330 -0.3018 -0.1097 0.2251 0.0613 -0.2473 -0.3284 -0.3194 -0.2109 0.2020 0.1287 -0.0379 -0.3020 -0.3329 -0.3029 -0.1314 0.2389 0.0854 -0.1665 -0.3191 -0.2774
-0.2824 -0.1335 0.0941 0.2425 -0.1481 -0.3062 -0.3332 -0.2986 -0.0209 0.1367 0.1831 -0.2179 -0.3202 -0.3281 -0.2473 0.0597 0.2224 -0.1006 -0.2999 -0.3328 -0.2998 -0.0118 0.1536 0.0886 -0.2635 -0.3278 -0.3170 -0.1207 0.1071 0.2308 -0.1997 -0.3191 -0.3281 -0.2317 0.0720 0.2361 -0.1402 -0.3078 -0.3329 -0.2858 0.0317 0.2008 -0.0530 -0.2946 -0.3321 -0.3044 -0.0308 0.1420 0.1267 -0.2480 -0.3128 -0.2480 0.1267 0.1420 -0.0308 -0.3044 -0.3321 -0.2946 -0.0530 0.2008 0.0317 -0.2858 -0.3329 -0.3078 -0.1402 0.2361 0.0720 -0.2317 -0.3281 -0.3191 -0.1997 0.2308 0.1071 -0.1207 -0.3170 -0.3278 -0.2635 0.0886 0.1536 -0.0118 -0.2998 -0.3328 -0.2999 -0.1006 0.2224 0.0597 -0.2473 -0.3281 -0.3202 -0.2179 0.1831 0.1367 -0.0209 -0.2986 -0.3332 -0.3062 -0.1481 0.2425 0.0941 -0.1335 -0.2824
-0.1387 0.1046 0.2420 -0.1638 -0.3093 -0.3331 -0.2947 -0.0041 0.1477 0.1516 -0.2287 -0.3217 -0.3273 -0.2416 0.0613 0.2224 -0.0973 -0.2989 -0.3325 -0.3018 -0.0242 0.1436 0.1293 -0.2490 -0.3261 -0.3200 -0.1506 0.0984 0.2400 -0.1851 -0.3164 -0.3299 -0.2510 0.0627 0.2287 -0.1225 -0.3046 -0.3332 -0.2922 0.0188 0.1875 -0.0170 -0.2910 -0.3311 -0.3085 -0.0541 0.1301 0.1725 -0.2352 -0.3293 -0.3517 -0.3293 -0.2352 0.1725 0.1301 -0.0541 -0.3085 -0.3311 -0.2910 -0.0170 0.1875 0.0188 -0.2922 -0.3332 -0.3046 -0.1225 0.2287 0.0627 -0.2510 -0.3299 -0.3164 -0.1851 0.2400 0.0984 -0.1506 -0.3200 -0.3261 -0.2490 0.1293 0.1436 -0.0242 -0.3018 -0.3325 -0.2989 -0.0973 0.2224 0.0613 -0.2416 -0.3273 -0.3217 -0.2287 0.1516 0.1477 -0.0041 -0.2947 -0.3331 -0.3093 -0.1638 0.2420 0.1046 -0.1387
0.1058 0.2356 -0.1788 -0.3124 -0.3326 -0.2895 0.0114 0.1619 0.1076 -0.2422 -0.3235 -0.3258 -0.2298 0.0656 0.2251 -0.1006 -0.2989 -0.3325 -0.3029 -0.0329 0.1370 0.1583 -0.2374 -0.3245 -0.3225 -0.1776 0.0904 0.2429 -0.1709 -0.3137 -0.3313 -0.2662 0.0528 0.2198 -0.1025 -0.3013 -0.3331 -0.2968 0.0041 0.1706 0.0286 -0.2827 -0.3298 -0.3124 -0.0812 0.1196 0.2051 -0.2193 -0.3224 -0.3395 -0.3167 -0.3395 -0.3224 -0.2193 0.2051 0.1196 -0.0812 -0.3124 -0.3298 -0.2827 0.0286 0.1706 0.0041 -0.2968 -0.3331 -0.3013 -0.1025 0.2198 0.0528 -0.2662 -0.3313 -0.3137 -0.1709 0.2429 0.0904 -0.1776 -0.3225 -0.3245 -0.2374 0.1583 0.1370 -0.0329 -0.3029 -0.3325 -0.2989 -0.1006 0.2251 0.0656 -0.2298 -0.3258 -0.3235 -0.2422 0.1076 0.1619 0.0114 -0.2895 -0.3326 -0.3124 -0.1788 0.2356 0.1058
0.2073 -0.1934 -0.3153 -0.3318 -0.2819 0.0252 0.1794 0.0555 -0.2580 -0.3254 -0.3238 -0.2119 0.0718 0.2298 -0.1097 -0.2999 -0.3325 -0.3029 -0.0358 0.1338 0.1745 -0.2292 -0.3232 -0.3244 -0.1994 0.0831 0.2417 -0.1572 -0.3109 -0.3322 -0.2776 0.0423 0.2101 -0.0789 -0.2978 -0.3327 -0.3007 -0.0129 0.1543 0.0813 -0.2671 -0.3282 -0.3161 -0.1116 0.1099 0.2263 -0.2043 -0.3199 -0.3271 -0.2195 0.0102 -0.2195 -0.3271 -0.3199 -0.2043 0.2263 0.1099 -0.1116 -0.3161 -0.3282 -0.2671 0.0813 0.1543 -0.0129 -0.3007 -0.3327 -0.2978 -0.0789 0.2101 0.0423 -0.2776 -0.3322 -0.3109 -0.1572 0.2417 0.0831 -0.1994 -0.3244 -0.3232 -0.2292 0.1745 0.1338 -0.0358 -0.3029 -0.3325 -0.2999 -0.1097 0.2298 0.0718 -0.2119 -0.3238 -0.3254 -0.2580 0.0555 0.1794 0.0252 -0.2819 -0.3318 -0.3153 -0.1934 0.2073
-0.1762 -0.3183 -0.3305 -0.2715 0.0373 0.1949 0.0056 -0.2760 -0.3273 -0.3211 -0.1883 0.0792 0.2353 -0.1225 -0.3018 -0.3328 -0.3018 -0.0329 0.1338 0.1795 -0.2250 -0.3222 -0.3256 -0.2151 0.0768 0.2383 -0.1443 -0.3083 -0.3329 -0.2858 0.0312 0.2002 -0.0503 -0.2943 -0.3320 -0.3048 -0.0329 0.1407 0.1333 -0.2496 -0.3264 -0.3195 -0.1434 0.1008 0.2381 -0.1896 -0.3173 -0.3292 -0.2442 0.0647 0.1441 0.0647 -0.2442 -0.3292 -0.3173 -0.1896 0.2381 0.1008 -0.1434 -0.3195 -0.3264 -0.2496 0.1333 0.1407 -0.0329 -0.3048 -0.3320 -0.2943 -0.0503 0.2002 0.0312 -0.2858 -0.3329 -0.3083 -0.1443 0.2383 0.0768 -0.2151 -0.3256 -0.3222 -0.2250 0.1795 0.1338 -0.0329 -0.3018 -0.3328 -0.3018 -0.1225 0.2353 0.0792 -0.1883 -0.3211 -0.3273 -0.2760 0.0056 0.1949 0.0373 -0.2715 -0.3305 -0.3183 -0.1762
-0.2666 -0.3292 -0.2579 0.0484 0.2058 -0.0353 -0.2883 -0.3290 -0.3179 -0.1596 0.0874 0.2402 -0.1370 -0.3043 -0.3330 -0.2998 -0.0242 0.1370 0.1745 -0.2250 -0.3219 -0.3263 -0.2243 0.0723 0.2346 -0.1326 -0.3059 -0.3331 -0.2914 0.0198 0.1880 -0.0158 -0.2908 -0.3310 -0.3088 -0.0566 0.1290 0.1764 -0.2333 -0.3244 -0.3226 -0.1745 0.0918 0.2426 -0.1748 -0.3145 -0.3309 -0.2619 0.0563 0.2075 0.1590 0.2075 0.0563 -0.2619 -0.3309 -0.3145 -0.1748 0.2426 0.0918 -0.1745 -0.3226 -0.3244 -0.2333 0.1764 0.1290 -0.0566 -0.3088 -0.3310 -0.2908 -0.0158 0.1880 0.0198 -0.2914 -0.3331 -0.3059 -0.1326 0.2346 0.0723 -0.2243 -0.3263 -0.3219 -0.2250 0.1745 0.1370 -0.0242 -0.2998 -0.3330 -0.3043 -0.1370 0.2402 0.0874 -0.1596 -0.3179 -0.3290 -0.2883 -0.0353 0.2058 0.0484 -0.2579 -0.3292 -0.2666
-0.2879 -0.2400 0.0585 0.2158 -0.0674 -0.2927 -0.3304 -0.3144 -0.1281 0.0961 0.2428 -0.1519 -0.3070 -0.3331 -0.2970 -0.0118 0.1436 0.1583 -0.2292 -0.3222 -0.3263 -0.2273 0.0699 0.2318 -0.1237 -0.3039 -0.3331 -0.2950 0.0084 0.1736 0.0242 -0.2834 -0.3297 -0.3126 -0.0835 0.1187 0.2077 -0.2178 -0.3221 -0.3253 -0.2027 0.0830 0.2419 -0.1597 -0.3116 -0.3321 -0.2746 0.0455 0.2134 -0.0775 -0.2495 -0.0775 0.2134 0.0455 -0.2746 -0.3321 -0.3116 -0.1597 0.2419 0.0830 -0.2027 -0.3253 -0.3221 -0.2178 0.2077 0.1187 -0.0835 -0.3126 -0.3297 -0.2834 0.0242 0.1736 0.0084 -0.2950 -0.3331 -0.3039 -0.1237 0.2318 0.0699 -0.2273 -0.3263 -0.3222 -0.2292 0.1583 0.1436 -0.0118 -0.2970 -0.3331 -0.3070 -0.1519 0.2428 0.0961 -0.1281 -0.3144 -0.3304 -0.2927 -0.0674 0.2158 0.0585 -0.2400 -0.2879
-0.2283 0.0695 0.2251 -0.0931 -0.2963 -0.3316 -0.3105 -0.0967 0.1051 0.2412 -0.1670 -0.3100 -0.3330 -0.2933 0.0017 0.1536 0.1293 -0.2374 -0.3232 -0.3256 -0.2243 0.0699 0.2308 -0.1189 -0.3027 -0.3330 -0.2972 -0.0022 0.1610 0.0656 -0.2704 -0.3284 -0.3159 -0.1119 0.1094 0.2275 -0.2029 -0.3197 -0.3276 -0.2271 0.0740 0.2374 -0.1437 -0.3085 -0.3328 -0.2842 0.0342 0.2030 -0.0606 -0.2957 -0.3276 -0.2957 -0.0606 0.2030 0.0342 -0.2842 -0.3328 -0.3085 -0.1437 0.2374 0.0740 -0.2271 -0.3276 -0.3197 -0.2029 0.2275 0.1094 -0.1119 -0.3159 -0.3284 -0.2704 0.0656 0.1610 -0.0022 -0.2972 -0.3330 -0.3027 -0.1189 0.2308 0.0699 -0.2243 -0.3256 -0.3232 -0.2374 0.1293 0.1536 0.0017 -0.2933 -0.3330 -0.3100 -0.1670 0.2412 0.1051 -0.0967 -0.3105 -0.3316 -0.2963 -0.0931 0.2251 0.0695 -0.2283
0.0663 0.2332 -0.1144 -0.2998 -0.3325 -0.3065 -0.0678 0.1145 0.2335 -0.1819 -0.3130 -0.3325 -0.2879 0.0151 0.1669 0.0886 -0.2490 -0.3245 -0.3244 -0.2151 0.0723 0.2318 -0.1189 -0.3022 -0.3330 -0.2986 -0.0104 0.1523 0.1008 -0.2574 -0.3270 -0.3188 -0.1397 0.1012 0.2381 -0.1888 -0.3171 -0.3295 -0.2472 0.0647 0.2304 -0.1264 -0.3053 -0.3332 -0.2911 0.0216 0.1907 -0.0255 -0.2919 -0.3387 -0.3532 -0.3387 -0.2919 -0.0255 0.1907 0.0216 -0.2911 -0.3332 -0.3053 -0.1264 0.2304 0.0647 -0.2472 -0.3295 -0.3171 -0.1888 0.2381 0.1012 -0.1397 -0.3188 -0.3270 -0.2574 0.1008 0.1523 -0.0104 -0.2986 -0.3330 -0.3022 -0.1189 0.2318 0.0723 -0.2151 -0.3244 -0.3245 -0.2490 0.0886 0.1669 0.0151 -0.2879 -0.3325 -0.3130 -0.1819 0.2335 0.1145 -0.0678 -0.3065 -0.3325 -0.2998 -0.1144 0.2332 0.0663
0.2276 -0.1330 -0.3032 -0.3330 -0.3024 -0.0424 0.1245 0.2175 -0.1966 -0.3159 -0.3316 -0.2800 0.0279 0.1833 0.0415 -0.2635 -0.3261 -0.3225 -0.1994 0.0768 0.2346 -0.1237 -0.3027 -0.3330 -0.2991 -0.0150 0.1473 0.1246 -0.2479 -0.3257 -0.3210 -0.1644 0.0937 0.2424 -0.1755 -0.3145 -0.3309 -0.2630 0.0550 0.2218 -0.1070 -0.3020 -0.3332 -0.2959 0.0074 0.1744 0.0182 -0.2851 -0.3300 -0.3260 -0.2537 -0.3260 -0.3300 -0.2851 0.0182 0.1744 0.0074 -0.2959 -0.3332 -0.3020 -0.1070 0.2218 0.0550 -0.2630 -0.3309 -0.3145 -0.1755 0.2424 0.0937 -0.1644 -0.3210 -0.3257 -0.2479 0.1246 0.1473 -0.0150 -0.2991 -0.3330 -0.3027 -0.1237 0.2346 0.0768 -0.1994 -0.3225 -0.3261 -0.2635 0.0415 0.1833 0.0279 -0.2800 -0.3316 -0.3159 -0.1966 0.2175 0.1245 -0.0424 -0.3024 -0.3330 -0.3032 -0.1330 0.2276
-0.1313 -0.3068 -0.3332 -0.2984 -0.0209 0.1355 0.1911 -0.2114 -0.3186 -0.3302 -0.2689 0.0398 0.1976 -0.0042 -0.2797 -0.3278 -0.3200 -0.1776 0.0831 0.2383 -0.1326 -0.3039 -0.3330 -0.2986 -0.0150 0.1456 0.1364 -0.2420 -0.3247 -0.3226 -0.1837 0.0874 0.2426 -0.1631 -0.3120 -0.3319 -0.2747 0.0450 0.2125 -0.0847 -0.2986 -0.3328 -0.2999 -0.0090 0.1575 0.0699 -0.2710 -0.3285 -0.3149 -0.0990 0.0544 -0.0990 -0.3149 -0.3285 -0.2710 0.0699 0.1575 -0.0090 -0.2999 -0.3328 -0.2986 -0.0847 0.2125 0.0450 -0.2747 -0.3319 -0.3120 -0.1631 0.2426 0.0874 -0.1837 -0.3226 -0.3247 -0.2420 0.1364 0.1456 -0.0150 -0.2986 -0.3330 -0.3039 -0.1326 0.2383 0.0831 -0.1776 -0.3200 -0.3278 -0.2797 -0.0042 0.1976 0.0398 -0.2689 -0.3302 -0.3186 -0.2114 0.1911 0.1355 -0.0209 -0.2984 -0.3332 -0.3068 -0.1313
-0.2535 -0.3334 -0.2943 -0.0027 0.1483 0.1529 -0.2266 -0.3211 -0.3285 -0.2545 0.0506 0.2079 -0.0428 -0.2898 -0.3293 -0.3170 -0.1506 0.0904 0.2417 -0.1443 -0.3059 -0.3331 -0.2972 -0.0104 0.1473 0.1364 -0.2400 -0.3242 -0.3236 -0.1965 0.0826 0.2410 -0.1522 -0.3096 -0.3326 -0.2830 0.0350 0.2031 -0.0587 -0.2952 -0.3322 -0.3039 -0.0284 0.1434 0.1228 -0.2532 -0.3268 -0.3187 -0.1347 0.0990 0.1946 0.0990 -0.1347 -0.3187 -0.3268 -0.2532 0.1228 0.1434 -0.0284 -0.3039 -0.3322 -0.2952 -0.0587 0.2031 0.0350 -0.2830 -0.3326 -0.3096 -0.1522 0.2410 0.0826 -0.1965 -0.3236 -0.3242 -0.2400 0.1364 0.1473 -0.0104 -0.2972 -0.3331 -0.3059 -0.1443 0.2417 0.0904 -0.1506 -0.3170 -0.3293 -0.2898 -0.0428 0.2079 0.0506 -0.2545 -0.3285 -0.3211 -0.2266 0.1529 0.1483 -0.0027 -0.2943 -0.3334 -0.2535
-0.2885 -0.2891 0.0128 0.1634 0.1039 -0.2426 -0.3234 -0.3264 -0.2361 0.0606 0.2178 -0.0733 -0.2935 -0.3307 -0.3136 -0.1207 0.0984 0.2429 -0.1572 -0.3083 -0.3331 -0.2950 -0.0022 0.1523 0.1246 -0.2420 -0.3242 -0.3239 -0.2026 0.0796 0.2390 -0.1436 -0.3077 -0.3329 -0.2887 0.0250 0.1937 -0.0285 -0.2919 -0.3313 -0.3078 -0.0508 0.1314 0.1682 -0.2366 -0.3248 -0.3220 -0.1680 0.0938 0.2440 -0.0389 0.2440 0.0938 -0.1680 -0.3220 -0.3248 -0.2366 0.1682 0.1314 -0.0508 -0.3078 -0.3313 -0.2919 -0.0285 0.1937 0.0250 -0.2887 -0.3329 -0.3077 -0.1436 0.2390 0.0796 -0.2026 -0.3239 -0.3242 -0.2420 0.1246 0.1523 -0.0022 -0.2950 -0.3331 -0.3083 -0.1572 0.2429 0.0984 -0.1207 -0.3136 -0.3307 -0.2935 -0.0733 0.2178 0.0606 -0.2361 -0.3264 -0.3234 -0.2426 0.1039 0.1634 0.0128 -0.2891 -0.2885
-0.2654 0.0277 0.1812 0.0503 -0.2595 -0.3256 -0.3238 -0.2136 0.0701 0.2270 -0.0979 -0.2971 -0.3318 -0.3097 -0.0903 0.1071 0.2400 -0.1709 -0.3109 -0.3329 -0.2914 0.0084 0.1610 0.1008 -0.2479 -0.3247 -0.3236 -0.2026 0.0785 0.2378 -0.1381 -0.3063 -0.3330 -0.2923 0.0157 0.1820 0.0054 -0.2879 -0.3302 -0.3114 -0.0754 0.1212 0.2015 -0.2211 -0.3226 -0.3248 -0.1971 0.0849 0.2424 -0.1583 -0.2896 -0.1583 0.2424 0.0849 -0.1971 -0.3248 -0.3226 -0.2211 0.2015 0.1212 -0.0754 -0.3114 -0.3302 -0.2879 0.0054 0.1820 0.0157 -0.2923 -0.3330 -0.3063 -0.1381 0.2378 0.0785 -0.2026 -0.3236 -0.3247 -0.2479 0.1008 0.1610 0.0084 -0.2914 -0.3329 -0.3109 -0.1709 0.2400 0.1071 -0.0903 -0.3097 -0.3318 -0.2971 -0.0979 0.2270 0.0701 -0.2136 -0.3238 -0.3256 -0.2595 0.0503 0.1812 0.0277 -0.2654
0.0208 0.1964 0.0012 -0.2779 -0.3275 -0.3209 -0.1868 0.0792 0.2347 -0.1186 -0.3005 -0.3326 -0.3056 -0.0621 0.1165 0.2308 -0.1851 -0.3137 -0.3322 -0.2858 0.0198 0.1736 0.0656 -0.2574 -0.3257 -0.3226 -0.1965 0.0796 0.2378 -0.1361 -0.3056 -0.3331 -0.2944 0.0081 0.1707 0.0389 -0.2789 -0.3290 -0.3146 -0.1016 0.1123 0.2229 -0.2067 -0.3202 -0.3272 -0.2223 0.0759 0.2386 -0.1477 -0.3110 -0.3402 -0.3110 -0.1477 0.2386 0.0759 -0.2223 -0.3272 -0.3202 -0.2067 0.2229 0.1123 -0.1016 -0.3146 -0.3290 -0.2789 0.0389 0.1707 0.0081 -0.2944 -0.3331 -0.3056 -0.1361 0.2378 0.0796 -0.1965 -0.3226 -0.3257 -0.2574 0.0656 0.1736 0.0198 -0.2858 -0.3322 -0.3137 -0.1851 0.2308 0.1165 -0.0621 -0.3056 -0.3326 -0.3005 -0.1186 0.2347 0.0792 -0.1868 -0.3209 -0.3275 -0.2779 0.0012 0.1964 0.0208
0.1980 -0.0390 -0.2894 -0.3292 -0.3176 -0.1568 0.0881 0.2404 -0.1366 -0.3039 -0.3331 -0.3016 -0.0376 0.1267 0.2128 -0.1997 -0.3164 -0.3313 -0.2776 0.0312 0.1880 0.0242 -0.2704 -0.3270 -0.3210 -0.1837 0.0826 0.2390 -0.1381 -0.3056 -0.3332 -0.2953 0.0031 0.1635 0.0661 -0.2676 -0.3278 -0.3172 -0.1270 0.1045 0.2351 -0.1934 -0.3178 -0.3291 -0.2430 0.0667 0.2321 -0.1303 -0.3061 -0.3436 -0.3466 -0.3436 -0.3061 -0.1303 0.2321 0.0667 -0.2430 -0.3291 -0.3178 -0.1934 0.2351 0.1045 -0.1270 -0.3172 -0.3278 -0.2676 0.0661 0.1635 0.0031 -0.2953 -0.3332 -0.3056 -0.1381 0.2390 0.0826 -0.1837 -0.3210 -0.3270 -0.2704 0.0242 0.1880 0.0312 -0.2776 -0.3313 -0.3164 -0.1997 0.2128 0.1267 -0.0376 -0.3016 -0.3331 -0.3039 -0.1366 0.2404 0.0881 -0.1568 -0.3176 -0.3292 -0.2894 -0.0390 0.1980
-0.0617 -0.2934 -0.3305 -0.3140 -0.1250 0.0970 0.2429 -0.1531 -0.3072 -0.3332 -0.2976 -0.0168 0.1381 0.1840 -0.2146 -0.3191 -0.3299 -0.2662 0.0423 0.2002 -0.0158 -0.2834 -0.3284 -0.3188 -0.1644 0.0874 0.2410 -0.1436 -0.3063 -0.3331 -0.2953 0.0014 0.1600 0.0833 -0.2602 -0.3269 -0.3192 -0.1484 0.0978 0.2410 -0.1810 -0.3154 -0.3305 -0.2589 0.0575 0.2239 -0.1115 -0.3027 -0.3330 -0.3016 -0.1274 -0.3016 -0.3330 -0.3027 -0.1115 0.2239 0.0575 -0.2589 -0.3305 -0.3154 -0.1810 0.2410 0.0978 -0.1484 -0.3192 -0.3269 -0.2602 0.0833 0.1600 0.0014 -0.2953 -0.3331 -0.3063 -0.1436 0.2410 0.0874 -0.1644 -0.3188 -0.3284 -0.2834 -0.0158 0.2002 0.0423 -0.2662 -0.3299 -0.3191 -0.2146 0.1840 0.1381 -0.0168 -0.2976 -0.3332 -0.3072 -0.1531 0.2429 0.0970 -0.1250 -0.3140 -0.3305 -0.2934 -0.0617
-0.2385 -0.3320 -0.3101 -0.0937 0.1060 0.2408 -0.1685 -0.3103 -0.3330 -0.2933 0.0008 0.1513 0.1433 -0.2299 -0.3216 -0.3281 -0.2510 0.0528 0.2101 -0.0503 -0.2908 -0.3297 -0.3159 -0.1397 0.0937 0.2426 -0.1522 -0.3077 -0.3330 -0.2944 0.0031 0.1600 0.0890 -0.2565 -0.3263 -0.3205 -0.1643 0.0926 0.2428 -0.1701 -0.3132 -0.3315 -0.2707 0.0482 0.2152 -0.0906 -0.2993 -0.3328 -0.2987 -0.0032 0.0887 -0.0032 -0.2987 -0.3328 -0.2993 -0.0906 0.2152 0.0482 -0.2707 -0.3315 -0.3132 -0.1701 0.2428 0.0926 -0.1643 -0.3205 -0.3263 -0.2565 0.0890 0.1600 0.0031 -0.2944 -0.3330 -0.3077 -0.1522 0.2426 0.0937 -0.1397 -0.3159 -0.3297 -0.2908 -0.0503 0.2101 0.0528 -0.2510 -0.3281 -0.3216 -0.2299 0.1433 0.1513 0.0008 -0.2933 -0.3330 -0.3103 -0.1685 0.2408 0.1060 -0.0937 -0.3101 -0.3320 -0.2385
-0.2842 -0.3065 -0.0653 0.1154 0.2323 -0.1834 -0.3133 -0.3324 -0.2874 0.0159 0.1669 0.0927 -0.2461 -0.3239 -0.3259 -0.2317 0.0627 0.2198 -0.0789 -0.2943 -0.3310 -0.3126 -0.1119 0.1012 0.2424 -0.1631 -0.3096 -0.3329 -0.2923 0.0081 0.1635 0.0833 -0.2565 -0.3261 -0.3211 -0.1740 0.0889 0.2427 -0.1613 -0.3112 -0.3322 -0.2793 0.0392 0.2065 -0.0672 -0.2961 -0.3324 -0.3029 -0.0228 0.1359 0.2286 0.1359 -0.0228 -0.3029 -0.3324 -0.2961 -0.0672 0.2065 0.0392 -0.2793 -0.3322 -0.3112 -0.1613 0.2427 0.0889 -0.1740 -0.3211 -0.3261 -0.2565 0.0833 0.1635 0.0081 -0.2923 -0.3329 -0.3096 -0.1631 0.2424 0.1012 -0.1119 -0.3126 -0.3310 -0.2943 -0.0789 0.2198 0.0627 -0.2317 -0.3259 -0.3239 -0.2461 0.0927 0.1669 0.0159 -0.2874 -0.3324 -0.3133 -0.1834 0.2323 0.1154 -0.0653 -0.3065 -0.2842
-0.2749 -0.0387 0.1254 0.2154 -0.1981 -0.3161 -0.3314 -0.2790 0.0291 0.1843 0.0393 -0.2633 -0.3260 -0.3232 -0.2082 0.0720 0.2287 -0.1025 -0.2978 -0.3320 -0.3088 -0.0835 0.1094 0.2381 -0.1755 -0.3120 -0.3326 -0.2887 0.0157 0.1707 0.0661 -0.2602 -0.3263 -0.3211 -0.1771 0.0870 0.2420 -0.1549 -0.3097 -0.3326 -0.2850 0.0307 0.1984 -0.0412 -0.2930 -0.3315 -0.3067 -0.0448 0.1338 0.1752 -0.1510 0.1752 0.1338 -0.0448 -0.3067 -0.3315 -0.2930 -0.0412 0.1984 0.0307 -0.2850 -0.3326 -0.3097 -0.1549 0.2420 0.0870 -0.1771 -0.3211 -0.3263 -0.2602 0.0661 0.1707 0.0157 -0.2887 -0.3326 -0.3120 -0.1755 0.2381 0.1094 -0.0835 -0.3088 -0.3320 -0.2978 -0.1025 0.2287 0.0720 -0.2082 -0.3232 -0.3260 -0.2633 0.0393 0.1843 0.0291 -0.2790 -0.3314 -0.3161 -0.1981 0.2154 0.1254 -0.0387 -0.2749
-0.0488 0.1377 0.1879 -0.2129 -0.3188 -0.3301 -0.2677 0.0409 0.1986 -0.0081 -0.2802 -0.3279 -0.3202 -0.1807 0.0811 0.2361 -0.1225 -0.3013 -0.3327 -0.3048 -0.0566 0.1187 0.2275 -0.1888 -0.3145 -0.3319 -0.2830 0.0250 0.1820 0.0389 -0.2676 -0.3269 -0.3205 -0.1740 0.0870 0.2417 -0.1515 -0.3087 -0.3328 -0.2886 0.0235 0.1907 -0.0144 -0.2902 -0.3306 -0.3101 -0.0675 0.1241 0.1925 -0.2216 -0.3065 -0.2216 0.1925 0.1241 -0.0675 -0.3101 -0.3306 -0.2902 -0.0144 0.1907 0.0235 -0.2886 -0.3328 -0.3087 -0.1515 0.2417 0.0870 -0.1740 -0.3205 -0.3269 -0.2676 0.0389 0.1820 0.0250 -0.2830 -0.3319 -0.3145 -0.1888 0.2275 0.1187 -0.0566 -0.3048 -0.3327 -0.3013 -0.1225 0.2361 0.0811 -0.1807 -0.3202 -0.3279 -0.2802 -0.0081 0.1986 0.0409 -0.2677 -0.3301 -0.3188 -0.2129 0.1879 0.1377 -0.0488
0.1440 0.1483 -0.2282 -0.3213 -0.3283 -0.2529 0.0516 0.2089 -0.0461 -0.2902 -0.3295 -0.3169 -0.1501 0.0900 0.2412 -0.1402 -0.3046 -0.3331 -0.3007 -0.0329 0.1290 0.2077 -0.2029 -0.3171 -0.3309 -0.2747 0.0350 0.1937 0.0054 -0.2789 -0.3278 -0.3192 -0.1643 0.0889 0.2420 -0.1515 -0.3084 -0.3329 -0.2905 0.0181 0.1827 0.0101 -0.2862 -0.3297 -0.3131 -0.0909 0.1155 0.2168 -0.2113 -0.3247 -0.3494 -0.3247 -0.2113 0.2168 0.1155 -0.0909 -0.3131 -0.3297 -0.2862 0.0101 0.1827 0.0181 -0.2905 -0.3329 -0.3084 -0.1515 0.2420 0.0889 -0.1643 -0.3192 -0.3278 -0.2789 0.0054 0.1937 0.0350 -0.2747 -0.3309 -0.3171 -0.2029 0.2077 0.1290 -0.0329 -0.3007 -0.3331 -0.3046 -0.1402 0.2412 0.0900 -0.1501 -0.3169 -0.3295 -0.2902 -0.0461 0.2089 0.0516 -0.2529 -0.3283 -0.3213 -0.2282 0.1483 0.1440
0.0912 -0.2441 -0.3236 -0.3261 -0.2341 0.0616 0.2188 -0.0760 -0.2939 -0.3308 -0.3132 -0.1182 0.0989 0.2428 -0.1564 -0.3078 -0.3332 -0.2968 -0.0129 0.1407 0.1764 -0.2178 -0.3197 -0.3295 -0.2630 0.0450 0.2031 -0.0285 -0.2879 -0.3290 -0.3172 -0.1484 0.0926 0.2427 -0.1549 -0.3087 -0.3329 -0.2911 0.0153 0.1769 0.0293 -0.2798 -0.3288 -0.3154 -0.1127 0.1082 0.2309 -0.1984 -0.3187 -0.3420 -0.3278 -0.3420 -0.3187 -0.1984 0.2309 0.1082 -0.1127 -0.3154 -0.3288 -0.2798 0.0293 0.1769 0.0153 -0.2911 -0.3329 -0.3087 -0.1549 0.2427 0.0926 -0.1484 -0.3172 -0.3290 -0.2879 -0.0285 0.2031 0.0450 -0.2630 -0.3295 -0.3197 -0.2178 0.1764 0.1407 -0.0129 -0.2968 -0.3332 -0.3078 -0.1564 0.2428 0.0989 -0.1182 -0.3132 -0.3308 -0.2939 -0.0760 0.2188 0.0616 -0.2341 -0.3261 -0.3236 -0.2441 0.0912
-0.2099 -0.3261 -0.3236 -0.2111 0.0710 0.2278 -0.1001 -0.2974 -0.3319 -0.3093 -0.0874 0.1080 0.2396 -0.1717 -0.3109 -0.3329 -0.2922 0.0041 0.1543 0.1333 -0.2333 -0.3221 -0.3276 -0.2472 0.0550 0.2125 -0.0587 -0.2919 -0.3302 -0.3146 -0.1270 0.0978 0.2428 -0.1613 -0.3097 -0.3328 -0.2905 0.0153 0.1749 0.0401 -0.2740 -0.3282 -0.3171 -0.1302 0.1023 0.2382 -0.1870 -0.3164 -0.3296 -0.2496 -0.0130 -0.2496 -0.3296 -0.3164 -0.1870 0.2382 0.1023 -0.1302 -0.3171 -0.3282 -0.2740 0.0401 0.1749 0.0153 -0.2905 -0.3328 -0.3097 -0.1613 0.2428 0.0978 -0.1270 -0.3146 -0.3302 -0.2919 -0.0587 0.2125 0.0550 -0.2472 -0.3276 -0.3221 -0.2333 0.1333 0.1543 0.0041 -0.2922 -0.3329 -0.3109 -0.1717 0.2396 0.1080 -0.0874 -0.3093 -0.3319 -0.2974 -0.1001 0.2278 0.0710 -0.2111 -0.3236 -0.3261 -0.2099
-0.2760 -0.3209 -0.1841 0.0801 0.2354 -0.1204 -0.3009 -0.3327 -0.3052 -0.0595 0.1175 0.2295 -0.1865 -0.3139 -0.3322 -0.2858 0.0188 0.1706 0.0813 -0.2496 -0.3244 -0.3253 -0.2271 0.0647 0.2218 -0.0847 -0.2952 -0.3313 -0.3114 -0.1016 0.1045 0.2410 -0.1701 -0.3112 -0.3326 -0.2886 0.0181 0.1769 0.0401 -0.2720 -0.3278 -0.3180 -0.1425 0.0981 0.2414 -0.1777 -0.3145 -0.3309 -0.2649 0.0520 0.1293 0.0520 -0.2649 -0.3309 -0.3145 -0.1777 0.2414 0.0981 -0.1425 -0.3180 -0.3278 -0.2720 0.0401 0.1769 0.0181 -0.2886 -0.3326 -0.3112 -0.1701 0.2410 0.1045 -0.1016 -0.3114 -0.3313 -0.2952 -0.0847 0.2218 0.0647 -0.2271 -0.3253 -0.3244 -0.2496 0.0813 0.1706 0.0188 -0.2858 -0.3322 -0.3139 -0.1865 0.2295 0.1175 -0.0595 -0.3052 -0.3327 -0.3009 -0.1204 0.2354 0.0801 -0.1841 -0.3209 -0.2760
-0.2835 -0.1524 0.0889 0.2408 -0.1383 -0.3042 -0.3331 -0.3012 -0.0354 0.1278 0.2105 -0.2012 -0.3167 -0.3312 -0.2769 0.0317 0.1875 0.0286 -0.2671 -0.3264 -0.3226 -0.2027 0.0740 0.2304 -0.1070 -0.2986 -0.3322 -0.3078 -0.0754 0.1123 0.2351 -0.1810 -0.3132 -0.3322 -0.2850 0.0235 0.1827 0.0293 -0.2740 -0.3278 -0.3183 -0.1488 0.0955 0.2425 -0.1708 -0.3129 -0.3317 -0.2744 0.0446 0.1935 0.1995 0.1935 0.0446 -0.2744 -0.3317 -0.3129 -0.1708 0.2425 0.0955 -0.1488 -0.3183 -0.3278 -0.2740 0.0293 0.1827 0.0235 -0.2850 -0.3322 -0.3132 -0.1810 0.2351 0.1123 -0.0754 -0.3078 -0.3322 -0.2986 -0.1070 0.2304 0.0740 -0.2027 -0.3226 -0.3264 -0.2671 0.0286 0.1875 0.0317 -0.2769 -0.3312 -0.3167 -0.2012 0.2105 0.1278 -0.0354 -0.3012 -0.3331 -0.3042 -0.1383 0.2408 0.0889 -0.1524 -0.2835
-0.1553 0.0993 0.2429 -0.1546 -0.3075 -0.3332 -0.2972 -0.0150 0.1393 0.1805 -0.2161 -0.3194 -0.3297 -0.2649 0.0432 0.2008 -0.0170 -0.2827 -0.3282 -0.3195 -0.1745 0.0830 0.2374 -0.1264 -0.3020 -0.3328 -0.3039 -0.0508 0.1212 0.2229 -0.1934 -0.3154 -0.3315 -0.2793 0.0307 0.1907 0.0101 -0.2798 -0.3282 -0.3180 -0.1488 0.0947 0.2428 -0.1666 -0.3118 -0.3322 -0.2800 0.0371 0.2039 -0.0450 -0.2369 -0.0450 0.2039 0.0371 -0.2800 -0.3322 -0.3118 -0.1666 0.2428 0.0947 -0.1488 -0.3180 -0.3282 -0.2798 0.0101 0.1907 0.0307 -0.2793 -0.3315 -0.3154 -0.1934 0.2229 0.1212 -0.0508 -0.3039 -0.3328 -0.3020 -0.1264 0.2374 0.0830 -0.1745 -0.3195 -0.3282 -0.2827 -0.0170 0.2008 0.0432 -0.2649 -0.3297 -0.3194 -0.2161 0.1805 0.1393 -0.0150 -0.2972 -0.3332 -0.3075 -0.1546 0.2429 0.0993 -0.1553
0.0997 0.2401 -0.1699 -0.3106 -0.3330 -0.2928 0.0024 0.1527 0.1387 -0.2315 -0.3218 -0.3279 -0.2492 0.0538 0.2111 -0.0530 -0.2910 -0.3298 -0.3161 -0.1434 0.0918 0.2419 -0.1437 -0.3053 -0.3332 -0.2999 -0.0284 0.1314 0.2015 -0.2067 -0.3178 -0.3305 -0.2707 0.0392 0.1984 -0.0144 -0.2862 -0.3288 -0.3171 -0.1425 0.0955 0.2428 -0.1651 -0.3112 -0.3324 -0.2833 0.0316 0.1980 -0.0371 -0.2922 -0.3241 -0.2922 -0.0371 0.1980 0.0316 -0.2833 -0.3324 -0.3112 -0.1651 0.2428 0.0955 -0.1425 -0.3171 -0.3288 -0.2862 -0.0144 0.1984 0.0392 -0.2707 -0.3305 -0.3178 -0.2067 0.2015 0.1314 -0.0284 -0.2999 -0.3332 -0.3053 -0.1437 0.2419 0.0918 -0.1434 -0.3161 -0.3298 -0.2910 -0.0530 0.2111 0.0538 -0.2492 -0.3279 -0.3218 -0.2315 0.1387 0.1527 0.0024 -0.2928 -0.3330 -0.3106 -0.1699 0.2401 0.0997
0.2168 -0.1848 -0.3136 -0.3323 -0.2867 0.0172 0.1686 0.0874 -0.2477 -0.3241 -0.3256 -0.2296 0.0636 0.2208 -0.0815 -0.2946 -0.3311 -0.3124 -0.1116 0.1008 0.2426 -0.1597 -0.3085 -0.3332 -0.2959 -0.0090 0.1434 0.1682 -0.2211 -0.3202 -0.3291 -0.2589 0.0482 0.2065 -0.0412 -0.2902 -0.3297 -0.3154 -0.1302 0.0981 0.2425 -0.1666 -0.3112 -0.3324 -0.2849 0.0281 0.1941 -0.0185 -0.2903 -0.3371 -0.3527 -0.3371 -0.2903 -0.0185 0.1941 0.0281 -0.2849 -0.3324 -0.3112 -0.1666 0.2425 0.0981 -0.1302 -0.3154 -0.3297 -0.2902 -0.0412 0.2065 0.0482 -0.2589 -0.3291 -0.3202 -0.2211 0.1682 0.1434 -0.0090 -0.2959 -0.3332 -0.3085 -0.1597 0.2426 0.1008 -0.1116 -0.3124 -0.3311 -0.2946 -0.0815 0.2208 0.0636 -0.2296 -0.3256 -0.3241 -0.2477 0.0874 0.1686 0.0172 -0.2867 -0.3323 -0.3136 -0.1848 0.2168
-0.1700 -0.3167 -0.3313 -0.2780 0.0303 0.1858 0.0343 -0.2650 -0.3262 -0.3230 -0.2057 0.0729 0.2295 -0.1046 -0.2981 -0.3321 -0.3085 -0.0812 0.1099 0.2381 -0.1748 -0.3116 -0.3328 -0.2911 0.0074 0.1575 0.1228 -0.2366 -0.3226 -0.3272 -0.2430 0.0575 0.2152 -0.0672 -0.2930 -0.3306 -0.3131 -0.1127 0.1023 0.2414 -0.1708 -0.3118 -0.3324 -0.2849 0.0269 0.1921 -0.0063 -0.2887 -0.3297 -0.3273 -0.2651 -0.3273 -0.3297 -0.2887 -0.0063 0.1921 0.0269 -0.2849 -0.3324 -0.3118 -0.1708 0.2414 0.1023 -0.1127 -0.3131 -0.3306 -0.2930 -0.0672 0.2152 0.0575 -0.2430 -0.3272 -0.3226 -0.2366 0.1228 0.1575 0.0074 -0.2911 -0.3328 -0.3116 -0.1748 0.2381 0.1099 -0.0812 -0.3085 -0.3321 -0.2981 -0.1046 0.2295 0.0729 -0.2057 -0.3230 -0.3262 -0.2650 0.0343 0.1858 0.0303 -0.2780 -0.3313 -0.3167 -0.1700
-0.2648 -0.3303 -0.2664 0.0420 0.1997 -0.0123 -0.2814 -0.3280 -0.3199 -0.1778 0.0820 0.2367 -0.1244 -0.3016 -0.3328 -0.3044 -0.0541 0.1196 0.2263 -0.1896 -0.3145 -0.3321 -0.2842 0.0216 0.1744 0.0699 -0.2532 -0.3248 -0.3248 -0.2223 0.0667 0.2239 -0.0906 -0.2961 -0.3315 -0.3101 -0.0909 0.1082 0.2382 -0.1777 -0.3129 -0.3322 -0.2833 0.0281 0.1921 -0.0020 -0.2880 -0.3293 -0.3139 -0.1021 0.0528 -0.1021 -0.3139 -0.3293 -0.2880 -0.0020 0.1921 0.0281 -0.2833 -0.3322 -0.3129 -0.1777 0.2382 0.1082 -0.0909 -0.3101 -0.3315 -0.2961 -0.0906 0.2239 0.0667 -0.2223 -0.3248 -0.3248 -0.2532 0.0699 0.1744 0.0216 -0.2842 -0.3321 -0.3145 -0.1896 0.2263 0.1196 -0.0541 -0.3044 -0.3328 -0.3016 -0.1244 0.2367 0.0820 -0.1778 -0.3199 -0.3280 -0.2814 -0.0123 0.1997 0.0420 -0.2664 -0.3303 -0.2648
-0.2884 -0.2510 0.0525 0.2099 -0.0494 -0.2906 -0.3296 -0.3165 -0.1470 0.0908 0.2415 -0.1419 -0.3049 -0.3332 -0.3003 -0.0308 0.1301 0.2051 -0.2043 -0.3173 -0.3309 -0.2746 0.0342 0.1907 0.0182 -0.2710 -0.3268 -0.3220 -0.1971 0.0759 0.2321 -0.1115 -0.2993 -0.3324 -0.3067 -0.0675 0.1155 0.2309 -0.1870 -0.3145 -0.3317 -0.2800 0.0316 0.1941 -0.0063 -0.2880 -0.3292 -0.3150 -0.1159 0.1015 0.1961 0.1015 -0.1159 -0.3150 -0.3292 -0.2880 -0.0063 0.1941 0.0316 -0.2800 -0.3317 -0.3145 -0.1870 0.2309 0.1155 -0.0675 -0.3067 -0.3324 -0.2993 -0.1115 0.2321 0.0759 -0.1971 -0.3220 -0.3268 -0.2710 0.0182 0.1907 0.0342 -0.2746 -0.3309 -0.3173 -0.2043 0.2051 0.1301 -0.0308 -0.3003 -0.3332 -0.3049 -0.1419 0.2415 0.0908 -0.1470 -0.3165 -0.3296 -0.2906 -0.0494 0.2099 0.0525 -0.2510 -0.2884
-0.2369 0.0640 0.2198 -0.0787 -0.2942 -0.3309 -0.3127 -0.1151 0.0998 0.2427 -0.1580 -0.3081 -0.3331 -0.2964 -0.0110 0.1420 0.1725 -0.2193 -0.3199 -0.3292 -0.2619 0.0455 0.2030 -0.0255 -0.2851 -0.3285 -0.3187 -0.1680 0.0849 0.2386 -0.1303 -0.3027 -0.3328 -0.3029 -0.0448 0.1241 0.2168 -0.1984 -0.3164 -0.3309 -0.2744 0.0371 0.1980 -0.0185 -0.2887 -0.3293 -0.3150 -0.1211 0.1031 0.2422 -0.0590 0.2422 0.1031 -0.1211 -0.3150 -0.3293 -0.2887 -0.0185 0.1980 0.0371 -0.2744 -0.3309 -0.3164 -0.1984 0.2168 0.1241 -0.0448 -0.3029 -0.3328 -0.3027 -0.1303 0.2386 0.0849 -0.1680 -0.3187 -0.3285 -0.2851 -0.0255 0.2030 0.0455 -0.2619 -0.3292 -0.3199 -0.2193 0.1725 0.1420 -0.0110 -0.2964 -0.3331 -0.3081 -0.1580 0.2427 0.0998 -0.1151 -0.3127 -0.3309 -0.2942 -0.0787 0.2198 0.0640 -0.2369
0.0603 0.2289 -0.1030 -0.2979 -0.3319 -0.3085 -0.0827 0.1088 0.2386 -0.1735 -0.3113 -0.3326 -0.2913 0.0065 0.1550 0.1267 -0.2352 -0.3224 -0.3271 -0.2442 0.0563 0.2134 -0.0606 -0.2919 -0.3300 -0.3149 -0.1347 0.0938 0.2424 -0.1477 -0.3061 -0.3330 -0.2987 -0.0228 0.1338 0.1925 -0.2113 -0.3187 -0.3296 -0.2649 0.0446 0.2039 -0.0371 -0.2903 -0.3297 -0.3139 -0.1159 0.1031 0.2392 -0.1762 -0.2937 -0.1762 0.2392 0.1031 -0.1159 -0.3139 -0.3297 -0.2903 -0.0371 0.2039 0.0446 -0.2649 -0.3296 -0.3187 -0.2113 0.1925 0.1338 -0.0228 -0.2987 -0.3330 -0.3061 -0.1477 0.2424 0.0938 -0.1347 -0.3149 -0.3300 -0.2919 -0.0606 0.2134 0.0563 -0.2442 -0.3271 -0.3224 -0.2352 0.1267 0.1550 0.0065 -0.2913 -0.3326 -0.3113 -0.1735 0.2386 0.1088 -0.0827 -0.3085 -0.3319 -0.2979 -0.1030 0.2289 0.0603
0.2165 -0.1157 -0.3021 -0.3414 -0.3175 -0.0526 0.1129 0.2345 -0.1840 -0.3168 -0.3440 -0.2868 0.0213 0.1556 0.0975 -0.2480 -0.3293 -0.3395 -0.2195 0.0647 0.2075 -0.0775 -0.2957 -0.3387 -0.3260 -0.0990 0.0990 0.2440 -0.1583 -0.3110 -0.3436 -0.3016 -0.0032 0.1359 0.1752 -0.2216 -0.3247 -0.3420 -0.2496 0.0520 0.1935 -0.0450 -0.2922 -0.3371 -0.3273 -0.1021 0.1015 0.2422 -0.1762 -0.3191 -0.3519 -0.3191 -0.1762 0.2422 0.1015 -0.1021 -0.3273 -0.3371 -0.2922 -0.0450 0.1935 0.0520 -0.2496 -0.3420 -0.3247 -0.2216 0.1752 0.1359 -0.0032 -0.3016 -0.3436 -0.3110 -0.1583 0.2440 0.0990 -0.0990 -0.3260 -0.3387 -0.2957 -0.0775 0.2075 0.0647 -0.2195 -0.3395 -0.3293 -0.2480 0.0975 0.1556 0.0213 -0.2868 -0.3440 -0.3168 -0.1840 0.2345 0.1129 -0.0526 -0.3175 -0.3414 -0.3021 -0.1157 0.2165
0.0572 -0.2705 -0.3331 -0.3517 -0.2087 0.0685 0.2106 -0.0927 -0.2965 -0.3444 -0.3409 -0.0738 0.1035 0.2322 -0.1857 -0.3128 -0.3517 -0.3167 0.0102 0.1441 0.1590 -0.2495 -0.3276 -0.3532 -0.2537 0.0544 0.1946 -0.0389 -0.2896 -0.3402 -0.3466 -0.1274 0.0887 0.2286 -0.1510 -0.3065 -0.3494 -0.3278 -0.0130 0.1293 0.1995 -0.2369 -0.3241 -0.3527 -0.2651 0.0528 0.1961 -0.0590 -0.2937 -0.3519 -0.3808 -0.3519 -0.2937 -0.0590 0.1961 0.0528 -0.2651 -0.3527 -0.3241 -0.2369 0.1995 0.1293 -0.0130 -0.3278 -0.3494 -0.3065 -0.1510 0.2286 0.0887 -0.1274 -0.3466 -0.3402 -0.2896 -0.0389 0.1946 0.0544 -0.2537 -0.3532 -0.3276 -0.2495 0.1590 0.1441 0.0102 -0.3167 -0.3517 -0.3128 -0.1857 0.2322 0.1035 -0.0738 -0.3409 -0.3444 -0.2965 -0.0927 0.2106 0.0685 -0.2087 -0.3517 -0.3331 -0.2705 0.0572
