0.0101 0.0155 0.0241 0.0376 0.0587 0.0916 0.1429 0.2230 0.3480 0.5431 0.8475 1.0000 1.0000 1.0000 1.0000 1.0000 1.0000 1.0000 1.0000 1.0000 0.0000 0.0000 0.0001 0.0001 0.0001 0.0002 0.0003 0.0005 0.0008 0.0012 0.0019 0.0030 0.0046 0.0072 0.0113 0.0176 0.0275 0.0429 0.0669 0.1044 0.1629 0.2543 0.3968 0.6192 0.9663 1.0000 1.0000 1.0000 1.0000 1.0000 1.0000 1.0000 1.0000 1.0000 1.0000 1.0000 0.9663 0.6192 0.3968 0.2543 0.1629 0.1044 0.0669 0.0429 0.0275 0.0176 0.0113 0.0072 0.0046 0.0030 0.0019 0.0012 0.0008 0.0005 0.0003 0.0002 0.0001 0.0001 0.0001 0.0000 0.0000 1.0000 1.0000 1.0000 1.0000 1.0000 1.0000 1.0000 1.0000 1.0000 0.8475 0.5431 0.3480 0.2230 0.1429 0.0916 0.0587 0.0376 0.0241 0.0155 0.0101
0.0155 0.0240 0.0375 0.0587 0.0918 0.1432 0.2234 0.3493 0.5452 0.8507 1.0000 1.0000 1.0000 1.0000 1.0000 1.0000 1.0000 1.0000 1.0000 0.0000 0.0000 0.0001 0.0001 0.0001 0.0002 0.0003 0.0005 0.0008 0.0012 0.0019 0.0030 0.0047 0.0073 0.0113 0.0177 0.0276 0.0430 0.0672 0.1048 0.1636 0.2553 0.3983 0.6216 0.9700 1.0000 1.0000 1.0000 1.0000 1.0000 1.0000 1.0000 1.0000 1.0000 1.0000 1.0000 1.0000 1.0000 0.9700 0.6216 0.3983 0.2553 0.1636 0.1048 0.0672 0.0430 0.0276 0.0177 0.0113 0.0073 0.0047 0.0030 0.0019 0.0012 0.0008 0.0005 0.0003 0.0002 0.0001 0.0001 0.0001 0.0000 0.0000 1.0000 1.0000 1.0000 1.0000 1.0000 1.0000 1.0000 1.0000 1.0000 0.8507 0.5452 0.3493 0.2234 0.1432 0.0918 0.0587 0.0375 0.0240 0.0155
0.0241 0.0375 0.0590 0.0926 0.1448 0.2269 0.3540 0.5535 0.8638 1.0000 1.0000 1.0000 1.0000 1.0000 1.0000 1.0000 1.0000 1.0000 0.0000 0.0000 0.0001 0.0001 0.0001 0.0002 0.0003 0.0005 0.0008 0.0012 0.0019 0.0030 0.0047 0.0074 0.0115 0.0180 0.0281 0.0438 0.0683 0.1066 0.1664 0.2597 0.4052 0.6323 0.9868 1.0000 1.0000 1.0000 1.0000 1.0000 1.0000 1.0000 1.0000 1.0000 1.0000 1.0000 1.0000 1.0000 1.0000 1.0000 0.9868 0.6323 0.4052 0.2597 0.1664 0.1066 0.0683 0.0438 0.0281 0.0180 0.0115 0.0074 0.0047 0.0030 0.0019 0.0012 0.0008 0.0005 0.0003 0.0002 0.0001 0.0001 0.0001 0.0000 0.0000 1.0000 1.0000 1.0000 1.0000 1.0000 1.0000 1.0000 1.0000 1.0000 0.8638 0.5535 0.3540 0.2269 0.1448 0.0926 0.0590 0.0375 0.0241
0.0376 0.0587 0.0926 0.1457 0.2282 0.3574 0.5599 0.8754 1.0000 1.0000 1.0000 1.0000 1.0000 1.0000 1.0000 1.0000 1.0000 0.0000 0.0000 0.0001 0.0001 0.0001 0.0002 0.0003 0.0005 0.0008 0.0013 0.0020 0.0031 0.0048 0.0075 0.0117 0.0183 0.0285 0.0445 0.0695 0.1085 0.1693 0.2641 0.4122 0.6433 1.0000 1.0000 1.0000 1.0000 1.0000 1.0000 1.0000 1.0000 1.0000 1.0000 1.0000 1.0000 1.0000 1.0000 1.0000 1.0000 1.0000 1.0000 1.0000 0.6433 0.4122 0.2641 0.1693 0.1085 0.0695 0.0445 0.0285 0.0183 0.0117 0.0075 0.0048 0.0031 0.0020 0.0013 0.0008 0.0005 0.0003 0.0002 0.0001 0.0001 0.0001 0.0000 0.0000 1.0000 1.0000 1.0000 1.0000 1.0000 1.0000 1.0000 1.0000 1.0000 0.8754 0.5599 0.3574 0.2282 0.1457 0.0926 0.0587 0.0376
0.0587 0.0918 0.1448 0.2282 0.3588 0.5641 0.8837 1.0000 1.0000 1.0000 1.0000 1.0000 1.0000 1.0000 1.0000 1.0000 0.0000 0.0000 0.0001 0.0001 0.0001 0.0002 0.0003 0.0005 0.0008 0.0013 0.0020 0.0031 0.0049 0.0076 0.0119 0.0186 0.0290 0.0452 0.0706 0.1101 0.1722 0.2687 0.4193 0.6544 1.0000 1.0000 1.0000 1.0000 1.0000 1.0000 1.0000 1.0000 1.0000 1.0000 1.0000 1.0000 1.0000 1.0000 1.0000 1.0000 1.0000 1.0000 1.0000 1.0000 1.0000 0.6544 0.4193 0.2687 0.1722 0.1101 0.0706 0.0452 0.0290 0.0186 0.0119 0.0076 0.0049 0.0031 0.0020 0.0013 0.0008 0.0005 0.0003 0.0002 0.0001 0.0001 0.0001 0.0000 0.0000 1.0000 1.0000 1.0000 1.0000 1.0000 1.0000 1.0000 1.0000 1.0000 0.8837 0.5641 0.3588 0.2282 0.1448 0.0918 0.0587
0.0916 0.1432 0.2269 0.3574 0.5641 0.8871 1.0000 1.0000 1.0000 1.0000 1.0000 1.0000 1.0000 1.0000 1.0000 0.0000 0.0000 0.0001 0.0001 0.0001 0.0002 0.0003 0.0005 0.0008 0.0013 0.0020 0.0032 0.0050 0.0078 0.0121 0.0189 0.0295 0.0460 0.0718 0.1120 0.1748 0.2728 0.4257 0.6644 1.0000 1.0000 1.0000 1.0000 1.0000 1.0000 1.0000 1.0000 1.0000 1.0000 0.0000 0.0000 0.0000 1.0000 1.0000 1.0000 1.0000 1.0000 1.0000 1.0000 1.0000 1.0000 1.0000 0.6644 0.4257 0.2728 0.1748 0.1120 0.0718 0.0460 0.0295 0.0189 0.0121 0.0078 0.0050 0.0032 0.0020 0.0013 0.0008 0.0005 0.0003 0.0002 0.0001 0.0001 0.0001 0.0000 0.0000 1.0000 1.0000 1.0000 1.0000 1.0000 1.0000 1.0000 1.0000 1.0000 0.8871 0.5641 0.3574 0.2269 0.1432 0.0916
0.1429 0.2234 0.3540 0.5599 0.8837 1.0000 1.0000 1.0000 1.0000 1.0000 1.0000 1.0000 1.0000 1.0000 0.0000 0.0000 0.0001 0.0001 0.0001 0.0002 0.0004 0.0005 0.0009 0.0013 0.0021 0.0032 0.0051 0.0079 0.0123 0.0192 0.0300 0.0468 0.0730 0.1140 0.1778 0.2775 0.4331 0.6759 1.0000 1.0000 1.0000 1.0000 1.0000 1.0000 1.0000 1.0000 1.0000 1.0000 0.0000 0.0000 0.0000 0.0000 0.0000 1.0000 1.0000 1.0000 1.0000 1.0000 1.0000 1.0000 1.0000 1.0000 1.0000 0.6759 0.4331 0.2775 0.1778 0.1140 0.0730 0.0468 0.0300 0.0192 0.0123 0.0079 0.0051 0.0032 0.0021 0.0013 0.0009 0.0005 0.0004 0.0002 0.0001 0.0001 0.0001 0.0000 0.0000 1.0000 1.0000 1.0000 1.0000 1.0000 1.0000 1.0000 1.0000 1.0000 0.8837 0.5599 0.3540 0.2234 0.1429
0.2230 0.3493 0.5535 0.8754 1.0000 1.0000 1.0000 1.0000 1.0000 1.0000 1.0000 1.0000 1.0000 0.0000 0.0000 0.0001 0.0001 0.0001 0.0002 0.0004 0.0006 0.0009 0.0014 0.0021 0.0033 0.0051 0.0080 0.0125 0.0195 0.0305 0.0476 0.0743 0.1159 0.1809 0.2823 0.4406 0.6875 1.0000 1.0000 1.0000 1.0000 1.0000 1.0000 1.0000 1.0000 1.0000 1.0000 0.0000 0.0000 0.0001 0.0001 0.0001 0.0000 0.0000 1.0000 1.0000 1.0000 1.0000 1.0000 1.0000 1.0000 1.0000 1.0000 1.0000 0.6875 0.4406 0.2823 0.1809 0.1159 0.0743 0.0476 0.0305 0.0195 0.0125 0.0080 0.0051 0.0033 0.0021 0.0014 0.0009 0.0006 0.0004 0.0002 0.0001 0.0001 0.0001 0.0000 0.0000 1.0000 1.0000 1.0000 1.0000 1.0000 1.0000 1.0000 1.0000 1.0000 0.8754 0.5535 0.3493 0.2230
0.3480 0.5452 0.8638 1.0000 1.0000 1.0000 1.0000 1.0000 1.0000 1.0000 1.0000 1.0000 0.0000 0.0000 0.0001 0.0001 0.0001 0.0002 0.0004 0.0006 0.0009 0.0014 0.0021 0.0033 0.0052 0.0082 0.0127 0.0198 0.0310 0.0483 0.0754 0.1177 0.1837 0.2867 0.4482 0.6994 1.0000 1.0000 1.0000 1.0000 1.0000 1.0000 1.0000 1.0000 1.0000 1.0000 0.0000 0.0000 0.0001 0.0001 0.0001 0.0001 0.0001 0.0000 0.0000 1.0000 1.0000 1.0000 1.0000 1.0000 1.0000 1.0000 1.0000 1.0000 1.0000 0.6994 0.4482 0.2867 0.1837 0.1177 0.0754 0.0483 0.0310 0.0198 0.0127 0.0082 0.0052 0.0033 0.0021 0.0014 0.0009 0.0006 0.0004 0.0002 0.0001 0.0001 0.0001 0.0000 0.0000 1.0000 1.0000 1.0000 1.0000 1.0000 1.0000 1.0000 1.0000 1.0000 0.8638 0.5452 0.3480
0.5431 0.8507 1.0000 1.0000 1.0000 1.0000 1.0000 1.0000 1.0000 1.0000 1.0000 0.0000 0.0000 0.0001 0.0001 0.0001 0.0002 0.0004 0.0006 0.0009 0.0014 0.0022 0.0034 0.0053 0.0083 0.0129 0.0202 0.0315 0.0492 0.0767 0.1197 0.1869 0.2916 0.4550 0.7101 1.0000 1.0000 1.0000 1.0000 1.0000 1.0000 1.0000 1.0000 1.0000 1.0000 0.0000 0.0000 0.0001 0.0001 0.0001 0.0002 0.0001 0.0001 0.0001 0.0000 0.0000 1.0000 1.0000 1.0000 1.0000 1.0000 1.0000 1.0000 1.0000 1.0000 1.0000 0.7101 0.4550 0.2916 0.1869 0.1197 0.0767 0.0492 0.0315 0.0202 0.0129 0.0083 0.0053 0.0034 0.0022 0.0014 0.0009 0.0006 0.0004 0.0002 0.0001 0.0001 0.0001 0.0000 0.0000 1.0000 1.0000 1.0000 1.0000 1.0000 1.0000 1.0000 1.0000 1.0000 0.8507 0.5431
0.8475 1.0000 1.0000 1.0000 1.0000 1.0000 1.0000 1.0000 1.0000 1.0000 0.0000 0.0000 0.0001 0.0001 0.0002 0.0002 0.0004 0.0006 0.0009 0.0014 0.0022 0.0035 0.0054 0.0084 0.0132 0.0205 0.0321 0.0500 0.0781 0.1218 0.1901 0.2966 0.4629 0.7224 1.0000 1.0000 1.0000 1.0000 1.0000 1.0000 1.0000 1.0000 1.0000 1.0000 0.0000 0.0000 0.0001 0.0001 0.0002 0.0002 0.0003 0.0002 0.0002 0.0001 0.0001 0.0000 0.0000 1.0000 1.0000 1.0000 1.0000 1.0000 1.0000 1.0000 1.0000 1.0000 1.0000 0.7224 0.4629 0.2966 0.1901 0.1218 0.0781 0.0500 0.0321 0.0205 0.0132 0.0084 0.0054 0.0035 0.0022 0.0014 0.0009 0.0006 0.0004 0.0002 0.0002 0.0001 0.0001 0.0000 0.0000 1.0000 1.0000 1.0000 1.0000 1.0000 1.0000 1.0000 1.0000 1.0000 0.8475
1.0000 1.0000 1.0000 1.0000 1.0000 1.0000 1.0000 1.0000 1.0000 0.0000 0.0000 0.0001 0.0001 0.0002 0.0002 0.0004 0.0006 0.0009 0.0014 0.0022 0.0035 0.0055 0.0086 0.0134 0.0209 0.0326 0.0509 0.0794 0.1239 0.1934 0.3018 0.4709 0.7348 1.0000 1.0000 1.0000 1.0000 1.0000 1.0000 1.0000 1.0000 1.0000 1.0000 0.0000 0.0000 0.0001 0.0001 0.0002 0.0003 0.0004 0.0004 0.0004 0.0003 0.0002 0.0001 0.0001 0.0000 0.0000 1.0000 1.0000 1.0000 1.0000 1.0000 1.0000 1.0000 1.0000 1.0000 1.0000 0.7348 0.4709 0.3018 0.1934 0.1239 0.0794 0.0509 0.0326 0.0209 0.0134 0.0086 0.0055 0.0035 0.0022 0.0014 0.0009 0.0006 0.0004 0.0002 0.0002 0.0001 0.0001 0.0000 0.0000 1.0000 1.0000 1.0000 1.0000 1.0000 1.0000 1.0000 1.0000 1.0000
1.0000 1.0000 1.0000 1.0000 1.0000 1.0000 1.0000 1.0000 0.0000 0.0000 0.0001 0.0001 0.0002 0.0002 0.0004 0.0006 0.0009 0.0014 0.0023 0.0036 0.0056 0.0087 0.0136 0.0212 0.0331 0.0517 0.0806 0.1258 0.1963 0.3064 0.4781 0.7461 1.0000 1.0000 1.0000 1.0000 1.0000 1.0000 1.0000 1.0000 1.0000 1.0000 0.0000 0.0000 0.0001 0.0001 0.0002 0.0003 0.0004 0.0006 0.0007 0.0006 0.0004 0.0003 0.0002 0.0001 0.0001 0.0000 0.0000 1.0000 1.0000 1.0000 1.0000 1.0000 1.0000 1.0000 1.0000 1.0000 1.0000 0.7461 0.4781 0.3064 0.1963 0.1258 0.0806 0.0517 0.0331 0.0212 0.0136 0.0087 0.0056 0.0036 0.0023 0.0014 0.0009 0.0006 0.0004 0.0002 0.0002 0.0001 0.0001 0.0000 0.0000 1.0000 1.0000 1.0000 1.0000 1.0000 1.0000 1.0000 1.0000
1.0000 1.0000 1.0000 1.0000 1.0000 1.0000 1.0000 0.0000 0.0000 0.0001 0.0001 0.0002 0.0002 0.0004 0.0006 0.0009 0.0015 0.0023 0.0036 0.0056 0.0088 0.0138 0.0215 0.0336 0.0525 0.0820 0.1280 0.1997 0.3117 0.4864 0.7590 1.0000 1.0000 1.0000 1.0000 1.0000 1.0000 1.0000 1.0000 1.0000 1.0000 0.0000 0.0000 0.0001 0.0001 0.0002 0.0003 0.0004 0.0007 0.0009 0.0011 0.0009 0.0007 0.0004 0.0003 0.0002 0.0001 0.0001 0.0000 0.0000 1.0000 1.0000 1.0000 1.0000 1.0000 1.0000 1.0000 1.0000 1.0000 1.0000 0.7590 0.4864 0.3117 0.1997 0.1280 0.0820 0.0525 0.0336 0.0215 0.0138 0.0088 0.0056 0.0036 0.0023 0.0015 0.0009 0.0006 0.0004 0.0002 0.0002 0.0001 0.0001 0.0000 0.0000 1.0000 1.0000 1.0000 1.0000 1.0000 1.0000 1.0000
1.0000 1.0000 1.0000 1.0000 1.0000 1.0000 0.0000 0.0000 0.0001 0.0001 0.0002 0.0002 0.0004 0.0006 0.0009 0.0015 0.0023 0.0036 0.0057 0.0089 0.0139 0.0217 0.0340 0.0532 0.0831 0.1299 0.2028 0.3171 0.4948 0.7721 1.0000 1.0000 1.0000 1.0000 1.0000 1.0000 1.0000 1.0000 1.0000 1.0000 0.0000 0.0000 0.0001 0.0001 0.0002 0.0003 0.0005 0.0007 0.0011 0.0015 0.0017 0.0015 0.0011 0.0007 0.0005 0.0003 0.0002 0.0001 0.0001 0.0000 0.0000 1.0000 1.0000 1.0000 1.0000 1.0000 1.0000 1.0000 1.0000 1.0000 1.0000 0.7721 0.4948 0.3171 0.2028 0.1299 0.0831 0.0532 0.0340 0.0217 0.0139 0.0089 0.0057 0.0036 0.0023 0.0015 0.0009 0.0006 0.0004 0.0002 0.0002 0.0001 0.0001 0.0000 0.0000 1.0000 1.0000 1.0000 1.0000 1.0000 1.0000
1.0000 1.0000 1.0000 1.0000 1.0000 0.0000 0.0000 0.0001 0.0001 0.0001 0.0002 0.0004 0.0006 0.0009 0.0015 0.0023 0.0036 0.0057 0.0089 0.0140 0.0220 0.0344 0.0539 0.0842 0.1317 0.2059 0.3213 0.5024 0.7839 1.0000 1.0000 1.0000 1.0000 1.0000 1.0000 1.0000 1.0000 1.0000 1.0000 0.0000 0.0001 0.0001 0.0001 0.0002 0.0003 0.0005 0.0007 0.0011 0.0017 0.0023 0.0027 0.0023 0.0017 0.0011 0.0007 0.0005 0.0003 0.0002 0.0001 0.0001 0.0001 0.0000 1.0000 1.0000 1.0000 1.0000 1.0000 1.0000 1.0000 1.0000 1.0000 1.0000 0.7839 0.5024 0.3213 0.2059 0.1317 0.0842 0.0539 0.0344 0.0220 0.0140 0.0089 0.0057 0.0036 0.0023 0.0015 0.0009 0.0006 0.0004 0.0002 0.0001 0.0001 0.0001 0.0000 0.0000 1.0000 1.0000 1.0000 1.0000 1.0000
1.0000 1.0000 1.0000 1.0000 0.0000 0.0000 0.0001 0.0001 0.0001 0.0002 0.0004 0.0006 0.0009 0.0015 0.0023 0.0036 0.0057 0.0090 0.0141 0.0221 0.0347 0.0543 0.0850 0.1332 0.2083 0.3256 0.5091 0.7960 1.0000 1.0000 1.0000 1.0000 1.0000 1.0000 1.0000 1.0000 1.0000 0.0000 0.0000 0.0001 0.0001 0.0001 0.0002 0.0003 0.0005 0.0007 0.0011 0.0018 0.0027 0.0037 0.0043 0.0037 0.0027 0.0018 0.0011 0.0007 0.0005 0.0003 0.0002 0.0001 0.0001 0.0001 0.0000 0.0000 1.0000 1.0000 1.0000 1.0000 1.0000 1.0000 1.0000 1.0000 1.0000 0.7960 0.5091 0.3256 0.2083 0.1332 0.0850 0.0543 0.0347 0.0221 0.0141 0.0090 0.0057 0.0036 0.0023 0.0015 0.0009 0.0006 0.0004 0.0002 0.0001 0.0001 0.0001 0.0000 0.0000 1.0000 1.0000 1.0000 1.0000
1.0000 1.0000 1.0000 0.0000 0.0000 0.0001 0.0001 0.0001 0.0002 0.0004 0.0006 0.0009 0.0014 0.0023 0.0036 0.0057 0.0090 0.0141 0.0222 0.0349 0.0547 0.0858 0.1345 0.2106 0.3293 0.5159 0.8066 1.0000 1.0000 1.0000 1.0000 1.0000 1.0000 1.0000 1.0000 1.0000 0.0000 0.0000 0.0001 0.0001 0.0001 0.0002 0.0003 0.0005 0.0007 0.0012 0.0018 0.0028 0.0042 0.0059 0.0068 0.0059 0.0042 0.0028 0.0018 0.0012 0.0007 0.0005 0.0003 0.0002 0.0001 0.0001 0.0001 0.0000 0.0000 1.0000 1.0000 1.0000 1.0000 1.0000 1.0000 1.0000 1.0000 1.0000 0.8066 0.5159 0.3293 0.2106 0.1345 0.0858 0.0547 0.0349 0.0222 0.0141 0.0090 0.0057 0.0036 0.0023 0.0014 0.0009 0.0006 0.0004 0.0002 0.0001 0.0001 0.0001 0.0000 0.0000 1.0000 1.0000 1.0000
1.0000 1.0000 0.0000 0.0000 0.0001 0.0001 0.0001 0.0002 0.0004 0.0006 0.0009 0.0014 0.0023 0.0036 0.0057 0.0089 0.0141 0.0222 0.0349 0.0549 0.0862 0.1352 0.2123 0.3325 0.5208 0.8159 1.0000 1.0000 1.0000 1.0000 1.0000 1.0000 1.0000 1.0000 1.0000 0.0000 0.0000 0.0001 0.0001 0.0001 0.0002 0.0003 0.0005 0.0008 0.0012 0.0019 0.0029 0.0045 0.0067 0.0093 0.0107 0.0093 0.0067 0.0045 0.0029 0.0019 0.0012 0.0008 0.0005 0.0003 0.0002 0.0001 0.0001 0.0001 0.0000 0.0000 1.0000 1.0000 1.0000 1.0000 1.0000 1.0000 1.0000 1.0000 1.0000 0.8159 0.5208 0.3325 0.2123 0.1352 0.0862 0.0549 0.0349 0.0222 0.0141 0.0089 0.0057 0.0036 0.0023 0.0014 0.0009 0.0006 0.0004 0.0002 0.0001 0.0001 0.0001 0.0000 0.0000 1.0000 1.0000
1.0000 0.0000 0.0000 0.0001 0.0001 0.0001 0.0002 0.0004 0.0006 0.0009 0.0014 0.0022 0.0036 0.0056 0.0089 0.0140 0.0221 0.0349 0.0549 0.0863 0.1358 0.2131 0.3344 0.5248 0.8221 1.0000 1.0000 1.0000 1.0000 1.0000 1.0000 1.0000 1.0000 1.0000 0.0000 0.0000 0.0001 0.0001 0.0001 0.0002 0.0003 0.0005 0.0008 0.0012 0.0019 0.0029 0.0046 0.0071 0.0106 0.0148 0.0170 0.0148 0.0106 0.0071 0.0046 0.0029 0.0019 0.0012 0.0008 0.0005 0.0003 0.0002 0.0001 0.0001 0.0001 0.0000 0.0000 1.0000 1.0000 1.0000 1.0000 1.0000 1.0000 1.0000 1.0000 1.0000 0.8221 0.5248 0.3344 0.2131 0.1358 0.0863 0.0549 0.0349 0.0221 0.0140 0.0089 0.0056 0.0036 0.0022 0.0014 0.0009 0.0006 0.0004 0.0002 0.0001 0.0001 0.0001 0.0000 0.0000 1.0000
0.0000 0.0000 0.0001 0.0001 0.0001 0.0002 0.0004 0.0006 0.0009 0.0014 0.0022 0.0035 0.0056 0.0088 0.0139 0.0220 0.0347 0.0547 0.0862 0.1358 0.2135 0.3357 0.5268 0.8268 1.0000 1.0000 1.0000 1.0000 1.0000 1.0000 1.0000 1.0000 1.0000 0.0000 0.0000 0.0001 0.0001 0.0001 0.0002 0.0003 0.0005 0.0008 0.0012 0.0019 0.0030 0.0047 0.0073 0.0112 0.0168 0.0234 0.0270 0.0234 0.0168 0.0112 0.0073 0.0047 0.0030 0.0019 0.0012 0.0008 0.0005 0.0003 0.0002 0.0001 0.0001 0.0001 0.0000 0.0000 1.0000 1.0000 1.0000 1.0000 1.0000 1.0000 1.0000 1.0000 1.0000 0.8268 0.5268 0.3357 0.2135 0.1358 0.0862 0.0547 0.0347 0.0220 0.0139 0.0088 0.0056 0.0035 0.0022 0.0014 0.0009 0.0006 0.0004 0.0002 0.0001 0.0001 0.0001 0.0000 0.0000
0.0000 0.0001 0.0001 0.0001 0.0002 0.0003 0.0005 0.0009 0.0014 0.0022 0.0035 0.0055 0.0087 0.0138 0.0217 0.0344 0.0543 0.0858 0.1352 0.2131 0.3357 0.5278 0.8300 1.0000 1.0000 1.0000 1.0000 1.0000 1.0000 1.0000 1.0000 1.0000 0.0000 0.0000 0.0001 0.0001 0.0001 0.0002 0.0003 0.0005 0.0008 0.0012 0.0019 0.0030 0.0047 0.0074 0.0115 0.0178 0.0267 0.0372 0.0429 0.0372 0.0267 0.0178 0.0115 0.0074 0.0047 0.0030 0.0019 0.0012 0.0008 0.0005 0.0003 0.0002 0.0001 0.0001 0.0001 0.0000 0.0000 1.0000 1.0000 1.0000 1.0000 1.0000 1.0000 1.0000 1.0000 1.0000 0.8300 0.5278 0.3357 0.2131 0.1352 0.0858 0.0543 0.0344 0.0217 0.0138 0.0087 0.0055 0.0035 0.0022 0.0014 0.0009 0.0005 0.0003 0.0002 0.0001 0.0001 0.0001 0.0000
0.0001 0.0001 0.0001 0.0002 0.0003 0.0005 0.0009 0.0014 0.0021 0.0034 0.0054 0.0086 0.0136 0.0215 0.0340 0.0539 0.0850 0.1345 0.2123 0.3344 0.5268 0.8300 1.0000 1.0000 1.0000 1.0000 1.0000 1.0000 1.0000 1.0000 1.0000 0.0000 0.0000 0.0001 0.0001 0.0001 0.0002 0.0003 0.0005 0.0008 0.0013 0.0020 0.0031 0.0048 0.0075 0.0117 0.0183 0.0282 0.0424 0.0590 0.0681 0.0590 0.0424 0.0282 0.0183 0.0117 0.0075 0.0048 0.0031 0.0020 0.0013 0.0008 0.0005 0.0003 0.0002 0.0001 0.0001 0.0001 0.0000 0.0000 1.0000 1.0000 1.0000 1.0000 1.0000 1.0000 1.0000 1.0000 1.0000 0.8300 0.5268 0.3344 0.2123 0.1345 0.0850 0.0539 0.0340 0.0215 0.0136 0.0086 0.0054 0.0034 0.0021 0.0014 0.0009 0.0005 0.0003 0.0002 0.0001 0.0001 0.0001
0.0001 0.0001 0.0002 0.0003 0.0005 0.0008 0.0013 0.0021 0.0033 0.0053 0.0084 0.0134 0.0212 0.0336 0.0532 0.0842 0.1332 0.2106 0.3325 0.5248 0.8268 1.0000 1.0000 1.0000 1.0000 1.0000 1.0000 1.0000 1.0000 1.0000 0.0000 0.0000 0.0001 0.0001 0.0001 0.0002 0.0003 0.0005 0.0008 0.0013 0.0020 0.0031 0.0049 0.0077 0.0119 0.0186 0.0290 0.0447 0.0673 0.0937 0.1081 0.0937 0.0673 0.0447 0.0290 0.0186 0.0119 0.0077 0.0049 0.0031 0.0020 0.0013 0.0008 0.0005 0.0003 0.0002 0.0001 0.0001 0.0001 0.0000 0.0000 1.0000 1.0000 1.0000 1.0000 1.0000 1.0000 1.0000 1.0000 1.0000 0.8268 0.5248 0.3325 0.2106 0.1332 0.0842 0.0532 0.0336 0.0212 0.0134 0.0084 0.0053 0.0033 0.0021 0.0013 0.0008 0.0005 0.0003 0.0002 0.0001 0.0001
0.0001 0.0002 0.0003 0.0005 0.0008 0.0013 0.0021 0.0033 0.0052 0.0083 0.0132 0.0209 0.0331 0.0525 0.0831 0.1317 0.2083 0.3293 0.5208 0.8221 1.0000 1.0000 1.0000 1.0000 1.0000 1.0000 1.0000 1.0000 1.0000 0.0000 0.0000 0.0001 0.0001 0.0001 0.0002 0.0003 0.0005 0.0008 0.0013 0.0020 0.0032 0.0050 0.0078 0.0122 0.0190 0.0295 0.0460 0.0710 0.1068 0.1484 0.1715 0.1484 0.1068 0.0710 0.0460 0.0295 0.0190 0.0122 0.0078 0.0050 0.0032 0.0020 0.0013 0.0008 0.0005 0.0003 0.0002 0.0001 0.0001 0.0001 0.0000 0.0000 1.0000 1.0000 1.0000 1.0000 1.0000 1.0000 1.0000 1.0000 1.0000 0.8221 0.5208 0.3293 0.2083 0.1317 0.0831 0.0525 0.0331 0.0209 0.0132 0.0083 0.0052 0.0033 0.0021 0.0013 0.0008 0.0005 0.0003 0.0002 0.0001
0.0002 0.0003 0.0005 0.0008 0.0013 0.0020 0.0032 0.0051 0.0082 0.0129 0.0205 0.0326 0.0517 0.0820 0.1299 0.2059 0.3256 0.5159 0.8159 1.0000 1.0000 1.0000 1.0000 1.0000 1.0000 1.0000 1.0000 1.0000 0.0000 0.0000 0.0001 0.0001 0.0001 0.0002 0.0003 0.0005 0.0008 0.0013 0.0021 0.0032 0.0051 0.0079 0.0124 0.0193 0.0301 0.0469 0.0730 0.1127 0.1693 0.2357 0.2718 0.2357 0.1693 0.1127 0.0730 0.0469 0.0301 0.0193 0.0124 0.0079 0.0051 0.0032 0.0021 0.0013 0.0008 0.0005 0.0003 0.0002 0.0001 0.0001 0.0001 0.0000 0.0000 1.0000 1.0000 1.0000 1.0000 1.0000 1.0000 1.0000 1.0000 1.0000 0.8159 0.5159 0.3256 0.2059 0.1299 0.0820 0.0517 0.0326 0.0205 0.0129 0.0082 0.0051 0.0032 0.0020 0.0013 0.0008 0.0005 0.0003 0.0002
0.0003 0.0005 0.0008 0.0013 0.0020 0.0032 0.0051 0.0080 0.0127 0.0202 0.0321 0.0509 0.0806 0.1280 0.2028 0.3213 0.5091 0.8066 1.0000 1.0000 1.0000 1.0000 1.0000 1.0000 1.0000 1.0000 1.0000 0.0000 0.0000 0.0001 0.0001 0.0001 0.0002 0.0004 0.0005 0.0009 0.0013 0.0021 0.0033 0.0051 0.0080 0.0126 0.0196 0.0306 0.0477 0.0744 0.1157 0.1789 0.2687 0.3741 0.4315 0.3741 0.2687 0.1789 0.1157 0.0744 0.0477 0.0306 0.0196 0.0126 0.0080 0.0051 0.0033 0.0021 0.0013 0.0009 0.0005 0.0004 0.0002 0.0001 0.0001 0.0001 0.0000 0.0000 1.0000 1.0000 1.0000 1.0000 1.0000 1.0000 1.0000 1.0000 1.0000 0.8066 0.5091 0.3213 0.2028 0.1280 0.0806 0.0509 0.0321 0.0202 0.0127 0.0080 0.0051 0.0032 0.0020 0.0013 0.0008 0.0005 0.0003
0.0005 0.0008 0.0012 0.0020 0.0031 0.0050 0.0079 0.0125 0.0198 0.0315 0.0500 0.0794 0.1258 0.1997 0.3171 0.5024 0.7960 1.0000 1.0000 1.0000 1.0000 1.0000 1.0000 1.0000 1.0000 1.0000 0.0000 0.0000 0.0001 0.0001 0.0001 0.0002 0.0004 0.0006 0.0009 0.0014 0.0021 0.0033 0.0052 0.0081 0.0127 0.0199 0.0310 0.0485 0.0757 0.1182 0.1837 0.2839 0.4266 0.5939 0.6849 0.5939 0.4266 0.2839 0.1837 0.1182 0.0757 0.0485 0.0310 0.0199 0.0127 0.0081 0.0052 0.0033 0.0021 0.0014 0.0009 0.0006 0.0004 0.0002 0.0001 0.0001 0.0001 0.0000 0.0000 1.0000 1.0000 1.0000 1.0000 1.0000 1.0000 1.0000 1.0000 1.0000 0.7960 0.5024 0.3171 0.1997 0.1258 0.0794 0.0500 0.0315 0.0198 0.0125 0.0079 0.0050 0.0031 0.0020 0.0012 0.0008 0.0005
0.0008 0.0012 0.0019 0.0031 0.0049 0.0078 0.0123 0.0195 0.0310 0.0492 0.0781 0.1239 0.1963 0.3117 0.4948 0.7839 1.0000 1.0000 1.0000 1.0000 1.0000 1.0000 1.0000 1.0000 1.0000 0.0000 0.0000 0.0001 0.0001 0.0001 0.0002 0.0004 0.0006 0.0009 0.0014 0.0021 0.0034 0.0053 0.0082 0.0129 0.0202 0.0315 0.0492 0.0769 0.1200 0.1872 0.2916 0.4499 0.6771 0.9427 1.0000 0.9427 0.6771 0.4499 0.2916 0.1872 0.1200 0.0769 0.0492 0.0315 0.0202 0.0129 0.0082 0.0053 0.0034 0.0021 0.0014 0.0009 0.0006 0.0004 0.0002 0.0001 0.0001 0.0001 0.0000 0.0000 1.0000 1.0000 1.0000 1.0000 1.0000 1.0000 1.0000 1.0000 1.0000 0.7839 0.4948 0.3117 0.1963 0.1239 0.0781 0.0492 0.0310 0.0195 0.0123 0.0078 0.0049 0.0031 0.0019 0.0012 0.0008
0.0012 0.0019 0.0030 0.0048 0.0076 0.0121 0.0192 0.0305 0.0483 0.0767 0.1218 0.1934 0.3064 0.4864 0.7721 1.0000 1.0000 1.0000 1.0000 1.0000 1.0000 1.0000 1.0000 1.0000 0.0000 0.0000 0.0001 0.0001 0.0001 0.0002 0.0004 0.0006 0.0009 0.0014 0.0022 0.0034 0.0053 0.0083 0.0130 0.0204 0.0319 0.0498 0.0779 0.1218 0.1904 0.2972 0.4620 0.7142 1.0000 1.0000 1.0000 1.0000 1.0000 0.7142 0.4620 0.2972 0.1904 0.1218 0.0779 0.0498 0.0319 0.0204 0.0130 0.0083 0.0053 0.0034 0.0022 0.0014 0.0009 0.0006 0.0004 0.0002 0.0001 0.0001 0.0001 0.0000 0.0000 1.0000 1.0000 1.0000 1.0000 1.0000 1.0000 1.0000 1.0000 1.0000 0.7721 0.4864 0.3064 0.1934 0.1218 0.0767 0.0483 0.0305 0.0192 0.0121 0.0076 0.0048 0.0030 0.0019 0.0012
0.0019 0.0030 0.0047 0.0075 0.0119 0.0189 0.0300 0.0476 0.0754 0.1197 0.1901 0.3018 0.4781 0.7590 1.0000 1.0000 1.0000 1.0000 1.0000 1.0000 1.0000 1.0000 1.0000 0.0000 0.0000 0.0001 0.0001 0.0001 0.0002 0.0004 0.0006 0.0009 0.0014 0.0022 0.0034 0.0054 0.0084 0.0132 0.0206 0.0323 0.0505 0.0790 0.1234 0.1930 0.3018 0.4709 0.7335 1.0000 1.0000 1.0000 1.0000 1.0000 1.0000 1.0000 0.7335 0.4709 0.3018 0.1930 0.1234 0.0790 0.0505 0.0323 0.0206 0.0132 0.0084 0.0054 0.0034 0.0022 0.0014 0.0009 0.0006 0.0004 0.0002 0.0001 0.0001 0.0001 0.0000 0.0000 1.0000 1.0000 1.0000 1.0000 1.0000 1.0000 1.0000 1.0000 1.0000 0.7590 0.4781 0.3018 0.1901 0.1197 0.0754 0.0476 0.0300 0.0189 0.0119 0.0075 0.0047 0.0030 0.0019
0.0030 0.0047 0.0074 0.0117 0.0186 0.0295 0.0468 0.0743 0.1177 0.1869 0.2966 0.4709 0.7461 1.0000 1.0000 1.0000 1.0000 1.0000 1.0000 1.0000 1.0000 1.0000 0.0000 0.0000 0.0001 0.0001 0.0001 0.0002 0.0004 0.0006 0.0009 0.0014 0.0022 0.0034 0.0054 0.0085 0.0133 0.0208 0.0326 0.0510 0.0799 0.1251 0.1956 0.3058 0.4781 0.7461 1.0000 1.0000 1.0000 1.0000 1.0000 1.0000 1.0000 1.0000 1.0000 0.7461 0.4781 0.3058 0.1956 0.1251 0.0799 0.0510 0.0326 0.0208 0.0133 0.0085 0.0054 0.0034 0.0022 0.0014 0.0009 0.0006 0.0004 0.0002 0.0001 0.0001 0.0001 0.0000 0.0000 1.0000 1.0000 1.0000 1.0000 1.0000 1.0000 1.0000 1.0000 1.0000 0.7461 0.4709 0.2966 0.1869 0.1177 0.0743 0.0468 0.0295 0.0186 0.0117 0.0074 0.0047 0.0030
0.0046 0.0073 0.0115 0.0183 0.0290 0.0460 0.0730 0.1159 0.1837 0.2916 0.4629 0.7348 1.0000 1.0000 1.0000 1.0000 1.0000 1.0000 1.0000 1.0000 1.0000 0.0000 0.0000 0.0001 0.0001 0.0001 0.0002 0.0004 0.0006 0.0009 0.0014 0.0022 0.0034 0.0054 0.0085 0.0133 0.0209 0.0329 0.0515 0.0806 0.1263 0.1978 0.3093 0.4836 0.7561 1.0000 1.0000 1.0000 1.0000 1.0000 1.0000 1.0000 1.0000 1.0000 1.0000 1.0000 0.7561 0.4836 0.3093 0.1978 0.1263 0.0806 0.0515 0.0329 0.0209 0.0133 0.0085 0.0054 0.0034 0.0022 0.0014 0.0009 0.0006 0.0004 0.0002 0.0001 0.0001 0.0001 0.0000 0.0000 1.0000 1.0000 1.0000 1.0000 1.0000 1.0000 1.0000 1.0000 1.0000 0.7348 0.4629 0.2916 0.1837 0.1159 0.0730 0.0460 0.0290 0.0183 0.0115 0.0073 0.0046
0.0072 0.0113 0.0180 0.0285 0.0452 0.0718 0.1140 0.1809 0.2867 0.4550 0.7224 1.0000 1.0000 1.0000 1.0000 1.0000 1.0000 1.0000 1.0000 1.0000 0.0000 0.0000 0.0001 0.0001 0.0001 0.0002 0.0004 0.0006 0.0009 0.0014 0.0022 0.0034 0.0054 0.0085 0.0134 0.0210 0.0330 0.0518 0.0812 0.1275 0.1997 0.3129 0.4892 0.7662 1.0000 1.0000 1.0000 1.0000 1.0000 1.0000 1.0000 1.0000 1.0000 1.0000 1.0000 1.0000 1.0000 0.7662 0.4892 0.3129 0.1997 0.1275 0.0812 0.0518 0.0330 0.0210 0.0134 0.0085 0.0054 0.0034 0.0022 0.0014 0.0009 0.0006 0.0004 0.0002 0.0001 0.0001 0.0001 0.0000 0.0000 1.0000 1.0000 1.0000 1.0000 1.0000 1.0000 1.0000 1.0000 1.0000 0.7224 0.4550 0.2867 0.1809 0.1140 0.0718 0.0452 0.0285 0.0180 0.0113 0.0072
0.0113 0.0177 0.0281 0.0445 0.0706 0.1120 0.1778 0.2823 0.4482 0.7101 1.0000 1.0000 1.0000 1.0000 1.0000 1.0000 1.0000 1.0000 1.0000 0.0000 0.0000 0.0001 0.0001 0.0001 0.0002 0.0003 0.0005 0.0009 0.0014 0.0022 0.0034 0.0054 0.0085 0.0134 0.0211 0.0331 0.0520 0.0817 0.1282 0.2012 0.3152 0.4938 0.7736 1.0000 1.0000 1.0000 1.0000 1.0000 1.0000 1.0000 1.0000 1.0000 1.0000 1.0000 1.0000 1.0000 1.0000 1.0000 0.7736 0.4938 0.3152 0.2012 0.1282 0.0817 0.0520 0.0331 0.0211 0.0134 0.0085 0.0054 0.0034 0.0022 0.0014 0.0009 0.0005 0.0003 0.0002 0.0001 0.0001 0.0001 0.0000 0.0000 1.0000 1.0000 1.0000 1.0000 1.0000 1.0000 1.0000 1.0000 1.0000 0.7101 0.4482 0.2823 0.1778 0.1120 0.0706 0.0445 0.0281 0.0177 0.0113
0.0176 0.0276 0.0438 0.0695 0.1101 0.1748 0.2775 0.4406 0.6994 1.0000 1.0000 1.0000 1.0000 1.0000 1.0000 1.0000 1.0000 1.0000 0.0000 0.0000 0.0001 0.0001 0.0001 0.0002 0.0003 0.0005 0.0009 0.0014 0.0021 0.0034 0.0054 0.0085 0.0133 0.0210 0.0331 0.0521 0.0819 0.1287 0.2024 0.3177 0.4976 0.7810 1.0000 1.0000 1.0000 1.0000 1.0000 1.0000 1.0000 1.0000 1.0000 1.0000 1.0000 1.0000 1.0000 1.0000 1.0000 1.0000 1.0000 0.7810 0.4976 0.3177 0.2024 0.1287 0.0819 0.0521 0.0331 0.0210 0.0133 0.0085 0.0054 0.0034 0.0021 0.0014 0.0009 0.0005 0.0003 0.0002 0.0001 0.0001 0.0001 0.0000 0.0000 1.0000 1.0000 1.0000 1.0000 1.0000 1.0000 1.0000 1.0000 1.0000 0.6994 0.4406 0.2775 0.1748 0.1101 0.0695 0.0438 0.0276 0.0176
0.0275 0.0430 0.0683 0.1085 0.1722 0.2728 0.4331 0.6875 1.0000 1.0000 1.0000 1.0000 1.0000 1.0000 1.0000 1.0000 1.0000 0.0000 0.0000 0.0001 0.0001 0.0001 0.0002 0.0003 0.0005 0.0008 0.0013 0.0021 0.0034 0.0053 0.0084 0.0133 0.0209 0.0330 0.0520 0.0819 0.1290 0.2028 0.3189 0.5004 0.7854 1.0000 1.0000 1.0000 1.0000 1.0000 1.0000 1.0000 1.0000 1.0000 1.0000 1.0000 1.0000 1.0000 1.0000 1.0000 1.0000 1.0000 1.0000 1.0000 0.7854 0.5004 0.3189 0.2028 0.1290 0.0819 0.0520 0.0330 0.0209 0.0133 0.0084 0.0053 0.0034 0.0021 0.0013 0.0008 0.0005 0.0003 0.0002 0.0001 0.0001 0.0001 0.0000 0.0000 1.0000 1.0000 1.0000 1.0000 1.0000 1.0000 1.0000 1.0000 1.0000 0.6875 0.4331 0.2728 0.1722 0.1085 0.0683 0.0430 0.0275
0.0429 0.0672 0.1066 0.1693 0.2687 0.4257 0.6759 1.0000 1.0000 1.0000 1.0000 1.0000 1.0000 1.0000 1.0000 1.0000 0.0000 0.0000 0.0001 0.0001 0.0001 0.0002 0.0003 0.0005 0.0008 0.0013 0.0021 0.0033 0.0053 0.0083 0.0132 0.0208 0.0329 0.0518 0.0817 0.1287 0.2028 0.3189 0.5014 0.7884 1.0000 1.0000 1.0000 1.0000 1.0000 1.0000 1.0000 1.0000 1.0000 1.0000 0.0000 1.0000 1.0000 1.0000 1.0000 1.0000 1.0000 1.0000 1.0000 1.0000 1.0000 0.7884 0.5014 0.3189 0.2028 0.1287 0.0817 0.0518 0.0329 0.0208 0.0132 0.0083 0.0053 0.0033 0.0021 0.0013 0.0008 0.0005 0.0003 0.0002 0.0001 0.0001 0.0001 0.0000 0.0000 1.0000 1.0000 1.0000 1.0000 1.0000 1.0000 1.0000 1.0000 1.0000 0.6759 0.4257 0.2687 0.1693 0.1066 0.0672 0.0429
0.0669 0.1048 0.1664 0.2641 0.4193 0.6644 1.0000 1.0000 1.0000 1.0000 1.0000 1.0000 1.0000 1.0000 1.0000 1.0000 0.0000 0.0001 0.0001 0.0001 0.0002 0.0003 0.0005 0.0008 0.0013 0.0021 0.0033 0.0052 0.0082 0.0130 0.0206 0.0326 0.0515 0.0812 0.1282 0.2024 0.3189 0.5014 0.7899 1.0000 1.0000 1.0000 1.0000 1.0000 1.0000 1.0000 1.0000 1.0000 1.0000 0.0000 0.0000 0.0000 1.0000 1.0000 1.0000 1.0000 1.0000 1.0000 1.0000 1.0000 1.0000 1.0000 0.7899 0.5014 0.3189 0.2024 0.1282 0.0812 0.0515 0.0326 0.0206 0.0130 0.0082 0.0052 0.0033 0.0021 0.0013 0.0008 0.0005 0.0003 0.0002 0.0001 0.0001 0.0001 0.0000 1.0000 1.0000 1.0000 1.0000 1.0000 1.0000 1.0000 1.0000 1.0000 1.0000 0.6644 0.4193 0.2641 0.1664 0.1048 0.0669
0.1044 0.1636 0.2597 0.4122 0.6544 1.0000 1.0000 1.0000 1.0000 1.0000 1.0000 1.0000 1.0000 1.0000 1.0000 0.0000 0.0001 0.0001 0.0001 0.0002 0.0003 0.0005 0.0008 0.0013 0.0020 0.0032 0.0051 0.0081 0.0129 0.0204 0.0323 0.0510 0.0806 0.1275 0.2012 0.3177 0.5004 0.7884 1.0000 1.0000 1.0000 1.0000 1.0000 1.0000 1.0000 1.0000 1.0000 0.0000 0.0000 0.0000 0.0001 0.0000 0.0000 0.0000 1.0000 1.0000 1.0000 1.0000 1.0000 1.0000 1.0000 1.0000 1.0000 0.7884 0.5004 0.3177 0.2012 0.1275 0.0806 0.0510 0.0323 0.0204 0.0129 0.0081 0.0051 0.0032 0.0020 0.0013 0.0008 0.0005 0.0003 0.0002 0.0001 0.0001 0.0001 0.0000 1.0000 1.0000 1.0000 1.0000 1.0000 1.0000 1.0000 1.0000 1.0000 1.0000 0.6544 0.4122 0.2597 0.1636 0.1044
0.1629 0.2553 0.4052 0.6433 1.0000 1.0000 1.0000 1.0000 1.0000 1.0000 1.0000 1.0000 1.0000 1.0000 0.0000 0.0001 0.0001 0.0001 0.0002 0.0003 0.0005 0.0008 0.0013 0.0020 0.0032 0.0051 0.0080 0.0127 0.0202 0.0319 0.0505 0.0799 0.1263 0.1997 0.3152 0.4976 0.7854 1.0000 1.0000 1.0000 1.0000 1.0000 1.0000 1.0000 1.0000 1.0000 0.0000 0.0000 0.0001 0.0001 0.0001 0.0001 0.0001 0.0000 0.0000 1.0000 1.0000 1.0000 1.0000 1.0000 1.0000 1.0000 1.0000 1.0000 0.7854 0.4976 0.3152 0.1997 0.1263 0.0799 0.0505 0.0319 0.0202 0.0127 0.0080 0.0051 0.0032 0.0020 0.0013 0.0008 0.0005 0.0003 0.0002 0.0001 0.0001 0.0001 0.0000 1.0000 1.0000 1.0000 1.0000 1.0000 1.0000 1.0000 1.0000 1.0000 1.0000 0.6433 0.4052 0.2553 0.1629
0.2543 0.3983 0.6323 1.0000 1.0000 1.0000 1.0000 1.0000 1.0000 1.0000 1.0000 1.0000 1.0000 0.0000 0.0000 0.0001 0.0001 0.0002 0.0003 0.0005 0.0008 0.0012 0.0020 0.0031 0.0050 0.0079 0.0126 0.0199 0.0315 0.0498 0.0790 0.1251 0.1978 0.3129 0.4938 0.7810 1.0000 1.0000 1.0000 1.0000 1.0000 1.0000 1.0000 1.0000 1.0000 0.0000 0.0000 0.0001 0.0001 0.0001 0.0001 0.0001 0.0001 0.0001 0.0000 0.0000 1.0000 1.0000 1.0000 1.0000 1.0000 1.0000 1.0000 1.0000 1.0000 0.7810 0.4938 0.3129 0.1978 0.1251 0.0790 0.0498 0.0315 0.0199 0.0126 0.0079 0.0050 0.0031 0.0020 0.0012 0.0008 0.0005 0.0003 0.0002 0.0001 0.0001 0.0000 0.0000 1.0000 1.0000 1.0000 1.0000 1.0000 1.0000 1.0000 1.0000 1.0000 1.0000 0.6323 0.3983 0.2543
0.3968 0.6216 0.9868 1.0000 1.0000 1.0000 1.0000 1.0000 1.0000 1.0000 1.0000 1.0000 0.0000 0.0000 0.0001 0.0001 0.0002 0.0003 0.0005 0.0008 0.0012 0.0019 0.0031 0.0049 0.0078 0.0124 0.0196 0.0310 0.0492 0.0779 0.1234 0.1956 0.3093 0.4892 0.7736 1.0000 1.0000 1.0000 1.0000 1.0000 1.0000 1.0000 1.0000 1.0000 0.0000 0.0000 0.0001 0.0001 0.0001 0.0002 0.0002 0.0002 0.0001 0.0001 0.0001 0.0000 0.0000 1.0000 1.0000 1.0000 1.0000 1.0000 1.0000 1.0000 1.0000 1.0000 0.7736 0.4892 0.3093 0.1956 0.1234 0.0779 0.0492 0.0310 0.0196 0.0124 0.0078 0.0049 0.0031 0.0019 0.0012 0.0008 0.0005 0.0003 0.0002 0.0001 0.0001 0.0000 0.0000 1.0000 1.0000 1.0000 1.0000 1.0000 1.0000 1.0000 1.0000 1.0000 0.9868 0.6216 0.3968
0.6192 0.9700 1.0000 1.0000 1.0000 1.0000 1.0000 1.0000 1.0000 1.0000 1.0000 0.0000 0.0000 0.0001 0.0001 0.0002 0.0003 0.0005 0.0008 0.0012 0.0019 0.0030 0.0048 0.0077 0.0122 0.0193 0.0306 0.0485 0.0769 0.1218 0.1930 0.3058 0.4845 0.7662 1.0000 1.0000 1.0000 1.0000 1.0000 1.0000 1.0000 1.0000 1.0000 0.0000 0.0000 0.0001 0.0001 0.0001 0.0002 0.0003 0.0003 0.0003 0.0002 0.0001 0.0001 0.0001 0.0000 0.0000 1.0000 1.0000 1.0000 1.0000 1.0000 1.0000 1.0000 1.0000 1.0000 0.7662 0.4836 0.3058 0.1930 0.1218 0.0769 0.0485 0.0306 0.0193 0.0122 0.0077 0.0048 0.0030 0.0019 0.0012 0.0008 0.0005 0.0003 0.0002 0.0001 0.0001 0.0000 0.0000 1.0000 1.0000 1.0000 1.0000 1.0000 1.0000 1.0000 1.0000 1.0000 0.9700 0.6192
0.9663 1.0000 1.0000 1.0000 1.0000 1.0000 1.0000 1.0000 1.0000 1.0000 0.0000 0.0000 0.0001 0.0001 0.0002 0.0003 0.0005 0.0007 0.0012 0.0019 0.0030 0.0047 0.0075 0.0119 0.0190 0.0301 0.0477 0.0757 0.1200 0.1904 0.3018 0.4781 0.7561 1.0000 1.0000 1.0000 1.0000 1.0000 1.0000 1.0000 1.0000 1.0000 0.0000 0.0000 0.0001 0.0001 0.0001 0.0002 0.0003 0.0004 0.0005 0.0004 0.0003 0.0002 0.0001 0.0001 0.0001 0.0000 0.0000 1.0000 1.0000 1.0000 1.0000 1.0000 1.0000 1.0000 1.0000 1.0000 0.7561 0.4781 0.3018 0.1904 0.1200 0.0757 0.0477 0.0301 0.0190 0.0119 0.0075 0.0047 0.0030 0.0019 0.0012 0.0007 0.0005 0.0003 0.0002 0.0001 0.0001 0.0000 0.0000 1.0000 1.0000 1.0000 1.0000 1.0000 1.0000 1.0000 1.0000 1.0000 0.9663
1.0000 1.0000 1.0000 1.0000 1.0000 1.0000 1.0000 1.0000 1.0000 0.0000 0.0000 0.0001 0.0001 0.0002 0.0003 0.0005 0.0007 0.0012 0.0019 0.0029 0.0047 0.0074 0.0117 0.0186 0.0295 0.0469 0.0744 0.1182 0.1872 0.2972 0.4709 0.7461 1.0000 1.0000 1.0000 1.0000 1.0000 1.0000 1.0000 1.0000 1.0000 0.0000 0.0000 0.0001 0.0001 0.0001 0.0002 0.0003 0.0005 0.0007 0.0008 0.0007 0.0005 0.0003 0.0002 0.0001 0.0001 0.0001 0.0000 0.0000 1.0000 1.0000 1.0000 1.0000 1.0000 1.0000 1.0000 1.0000 1.0000 0.7461 0.4709 0.2972 0.1872 0.1182 0.0744 0.0469 0.0295 0.0186 0.0117 0.0074 0.0047 0.0029 0.0019 0.0012 0.0007 0.0005 0.0003 0.0002 0.0001 0.0001 0.0000 0.0000 1.0000 1.0000 1.0000 1.0000 1.0000 1.0000 1.0000 1.0000 1.0000
1.0000 1.0000 1.0000 1.0000 1.0000 1.0000 1.0000 1.0000 0.0000 0.0000 0.0001 0.0001 0.0002 0.0003 0.0005 0.0007 0.0011 0.0018 0.0029 0.0046 0.0073 0.0115 0.0183 0.0290 0.0460 0.0730 0.1157 0.1837 0.2916 0.4620 0.7335 1.0000 1.0000 1.0000 1.0000 1.0000 1.0000 1.0000 1.0000 1.0000 0.0000 0.0000 0.0001 0.0001 0.0001 0.0002 0.0003 0.0005 0.0008 0.0011 0.0013 0.0011 0.0008 0.0005 0.0003 0.0002 0.0001 0.0001 0.0001 0.0000 0.0000 1.0000 1.0000 1.0000 1.0000 1.0000 1.0000 1.0000 1.0000 1.0000 0.7335 0.4620 0.2916 0.1837 0.1157 0.0730 0.0460 0.0290 0.0183 0.0115 0.0073 0.0046 0.0029 0.0018 0.0011 0.0007 0.0005 0.0003 0.0002 0.0001 0.0001 0.0000 0.0000 1.0000 1.0000 1.0000 1.0000 1.0000 1.0000 1.0000 1.0000
1.0000 1.0000 1.0000 1.0000 1.0000 1.0000 1.0000 0.0000 0.0000 0.0001 0.0001 0.0002 0.0003 0.0004 0.0007 0.0011 0.0018 0.0028 0.0044 0.0071 0.0112 0.0178 0.0282 0.0447 0.0710 0.1127 0.1789 0.2834 0.4499 0.7142 1.0000 1.0000 1.0000 1.0000 1.0000 1.0000 1.0000 1.0000 1.0000 0.0000 0.0000 0.0001 0.0001 0.0001 0.0002 0.0003 0.0005 0.0008 0.0012 0.0017 0.0020 0.0017 0.0012 0.0008 0.0005 0.0003 0.0002 0.0001 0.0001 0.0001 0.0000 0.0000 1.0000 1.0000 1.0000 1.0000 1.0000 1.0000 1.0000 1.0000 1.0000 0.7142 0.4499 0.2839 0.1789 0.1127 0.0710 0.0447 0.0282 0.0178 0.0112 0.0071 0.0045 0.0028 0.0018 0.0011 0.0007 0.0004 0.0003 0.0002 0.0001 0.0001 0.0000 0.0000 1.0000 1.0000 1.0000 1.0000 1.0000 1.0000 1.0000
1.0000 1.0000 1.0000 1.0000 1.0000 1.0000 0.0000 0.0000 0.0001 0.0001 0.0002 0.0003 0.0004 0.0007 0.0011 0.0017 0.0027 0.0042 0.0067 0.0106 0.0168 0.0267 0.0424 0.0673 0.1068 0.1693 0.2687 0.4266 0.6771 1.0000 1.0000 1.0000 1.0000 1.0000 1.0000 1.0000 1.0000 1.0000 1.0000 0.0000 0.0001 0.0001 0.0001 0.0002 0.0003 0.0005 0.0008 0.0012 0.0019 0.0026 0.0030 0.0026 0.0019 0.0012 0.0008 0.0005 0.0003 0.0002 0.0001 0.0001 0.0001 0.0000 1.0000 1.0000 1.0000 1.0000 1.0000 1.0000 1.0000 1.0000 1.0000 1.0000 0.6771 0.4266 0.2687 0.1693 0.1068 0.0673 0.0424 0.0267 0.0168 0.0106 0.0067 0.0042 0.0027 0.0017 0.0011 0.0007 0.0004 0.0003 0.0002 0.0001 0.0001 0.0000 0.0000 1.0000 1.0000 1.0000 1.0000 1.0000 1.0000
1.0000 1.0000 1.0000 1.0000 1.0000 0.0000 0.0000 0.0001 0.0001 0.0001 0.0002 0.0004 0.0006 0.0009 0.0015 0.0023 0.0037 0.0059 0.0093 0.0148 0.0234 0.0372 0.0590 0.0937 0.1484 0.2357 0.3741 0.5939 0.9427 1.0000 1.0000 1.0000 1.0000 1.0000 1.0000 1.0000 1.0000 1.0000 0.0000 0.0000 0.0001 0.0001 0.0002 0.0003 0.0004 0.0007 0.0011 0.0017 0.0026 0.0036 0.0042 0.0036 0.0026 0.0017 0.0011 0.0007 0.0004 0.0003 0.0002 0.0001 0.0001 0.0000 0.0000 1.0000 1.0000 1.0000 1.0000 1.0000 1.0000 1.0000 1.0000 1.0000 0.9427 0.5939 0.3741 0.2357 0.1484 0.0937 0.0590 0.0372 0.0234 0.0148 0.0093 0.0059 0.0037 0.0023 0.0015 0.0009 0.0006 0.0004 0.0002 0.0001 0.0001 0.0001 0.0000 0.0000 1.0000 1.0000 1.0000 1.0000 1.0000
1.0000 1.0000 1.0000 1.0000 1.0000 0.0000 0.0000 0.0001 0.0001 0.0002 0.0003 0.0004 0.0007 0.0011 0.0017 0.0027 0.0043 0.0068 0.0107 0.0170 0.0270 0.0429 0.0681 0.1081 0.1715 0.2723 0.4315 0.6849 1.0000 1.0000 1.0000 1.0000 1.0000 1.0000 1.0000 1.0000 1.0000 0.0000 0.0000 0.0001 0.0001 0.0001 0.0002 0.0003 0.0005 0.0008 0.0013 0.0020 0.0030 0.0042 0.0048 0.0042 0.0030 0.0020 0.0013 0.0008 0.0005 0.0003 0.0002 0.0001 0.0001 0.0001 0.0000 0.0000 1.0000 1.0000 1.0000 1.0000 1.0000 1.0000 1.0000 1.0000 1.0000 0.6849 0.4315 0.2718 0.1715 0.1081 0.0681 0.0429 0.0270 0.0170 0.0107 0.0068 0.0043 0.0027 0.0017 0.0011 0.0007 0.0004 0.0003 0.0002 0.0001 0.0001 0.0000 0.0000 1.0000 1.0000 1.0000 1.0000 1.0000
1.0000 1.0000 1.0000 1.0000 1.0000 0.0000 0.0000 0.0001 0.0001 0.0001 0.0002 0.0004 0.0006 0.0009 0.0015 0.0023 0.0037 0.0059 0.0093 0.0148 0.0234 0.0372 0.0590 0.0937 0.1484 0.2357 0.3741 0.5939 0.9427 1.0000 1.0000 1.0000 1.0000 1.0000 1.0000 1.0000 1.0000 1.0000 0.0000 0.0000 0.0001 0.0001 0.0002 0.0003 0.0004 0.0007 0.0011 0.0017 0.0026 0.0036 0.0042 0.0036 0.0026 0.0017 0.0011 0.0007 0.0004 0.0003 0.0002 0.0001 0.0001 0.0000 0.0000 1.0000 1.0000 1.0000 1.0000 1.0000 1.0000 1.0000 1.0000 1.0000 0.9427 0.5939 0.3741 0.2357 0.1484 0.0937 0.0590 0.0372 0.0234 0.0148 0.0093 0.0059 0.0037 0.0023 0.0015 0.0009 0.0006 0.0004 0.0002 0.0001 0.0001 0.0001 0.0000 0.0000 1.0000 1.0000 1.0000 1.0000 1.0000
1.0000 1.0000 1.0000 1.0000 1.0000 1.0000 0.0000 0.0000 0.0001 0.0001 0.0002 0.0003 0.0004 0.0007 0.0011 0.0017 0.0027 0.0042 0.0067 0.0106 0.0168 0.0267 0.0424 0.0673 0.1068 0.1693 0.2687 0.4266 0.6771 1.0000 1.0000 1.0000 1.0000 1.0000 1.0000 1.0000 1.0000 1.0000 1.0000 0.0000 0.0001 0.0001 0.0001 0.0002 0.0003 0.0005 0.0008 0.0012 0.0019 0.0026 0.0030 0.0026 0.0019 0.0012 0.0008 0.0005 0.0003 0.0002 0.0001 0.0001 0.0001 0.0000 1.0000 1.0000 1.0000 1.0000 1.0000 1.0000 1.0000 1.0000 1.0000 1.0000 0.6771 0.4266 0.2687 0.1693 0.1068 0.0673 0.0424 0.0267 0.0168 0.0106 0.0067 0.0042 0.0027 0.0017 0.0011 0.0007 0.0004 0.0003 0.0002 0.0001 0.0001 0.0000 0.0000 1.0000 1.0000 1.0000 1.0000 1.0000 1.0000
1.0000 1.0000 1.0000 1.0000 1.0000 1.0000 1.0000 0.0000 0.0000 0.0001 0.0001 0.0002 0.0003 0.0004 0.0007 0.0011 0.0018 0.0028 0.0044 0.0071 0.0112 0.0178 0.0282 0.0447 0.0710 0.1127 0.1789 0.2834 0.4499 0.7142 1.0000 1.0000 1.0000 1.0000 1.0000 1.0000 1.0000 1.0000 1.0000 0.0000 0.0000 0.0001 0.0001 0.0001 0.0002 0.0003 0.0005 0.0008 0.0012 0.0017 0.0020 0.0017 0.0012 0.0008 0.0005 0.0003 0.0002 0.0001 0.0001 0.0001 0.0000 0.0000 1.0000 1.0000 1.0000 1.0000 1.0000 1.0000 1.0000 1.0000 1.0000 0.7142 0.4499 0.2839 0.1789 0.1127 0.0710 0.0447 0.0282 0.0178 0.0112 0.0071 0.0045 0.0028 0.0018 0.0011 0.0007 0.0004 0.0003 0.0002 0.0001 0.0001 0.0000 0.0000 1.0000 1.0000 1.0000 1.0000 1.0000 1.0000 1.0000
1.0000 1.0000 1.0000 1.0000 1.0000 1.0000 1.0000 1.0000 0.0000 0.0000 0.0001 0.0001 0.0002 0.0003 0.0005 0.0007 0.0011 0.0018 0.0029 0.0046 0.0073 0.0115 0.0183 0.0290 0.0460 0.0730 0.1157 0.1837 0.2916 0.4620 0.7335 1.0000 1.0000 1.0000 1.0000 1.0000 1.0000 1.0000 1.0000 1.0000 0.0000 0.0000 0.0001 0.0001 0.0001 0.0002 0.0003 0.0005 0.0008 0.0011 0.0013 0.0011 0.0008 0.0005 0.0003 0.0002 0.0001 0.0001 0.0001 0.0000 0.0000 1.0000 1.0000 1.0000 1.0000 1.0000 1.0000 1.0000 1.0000 1.0000 0.7335 0.4620 0.2916 0.1837 0.1157 0.0730 0.0460 0.0290 0.0183 0.0115 0.0073 0.0046 0.0029 0.0018 0.0011 0.0007 0.0005 0.0003 0.0002 0.0001 0.0001 0.0000 0.0000 1.0000 1.0000 1.0000 1.0000 1.0000 1.0000 1.0000 1.0000
1.0000 1.0000 1.0000 1.0000 1.0000 1.0000 1.0000 1.0000 1.0000 0.0000 0.0000 0.0001 0.0001 0.0002 0.0003 0.0005 0.0007 0.0012 0.0019 0.0029 0.0047 0.0074 0.0117 0.0186 0.0295 0.0469 0.0744 0.1182 0.1872 0.2972 0.4709 0.7461 1.0000 1.0000 1.0000 1.0000 1.0000 1.0000 1.0000 1.0000 1.0000 0.0000 0.0000 0.0001 0.0001 0.0001 0.0002 0.0003 0.0005 0.0007 0.0008 0.0007 0.0005 0.0003 0.0002 0.0001 0.0001 0.0001 0.0000 0.0000 1.0000 1.0000 1.0000 1.0000 1.0000 1.0000 1.0000 1.0000 1.0000 0.7461 0.4709 0.2972 0.1872 0.1182 0.0744 0.0469 0.0295 0.0186 0.0117 0.0074 0.0047 0.0029 0.0019 0.0012 0.0007 0.0005 0.0003 0.0002 0.0001 0.0001 0.0000 0.0000 1.0000 1.0000 1.0000 1.0000 1.0000 1.0000 1.0000 1.0000 1.0000
