-0.2967 -0.1953 -0.0890 -0.0114 0.0367 0.0727 0.1045 0.1356 0.1679 0.2010 0.2287 0.2275 0.1300 -0.0375 -0.1158 -0.1529 -0.1787 -0.1995 -0.2177 -0.2345 -0.2505 -0.2661 -0.2812 -0.2961 -0.3107 -0.3247 -0.3379 -0.3498 -0.3599 -0.3671 -0.3699 -0.3660 -0.3515 -0.3197 -0.2600 -0.1639 -0.0618 0.0051 0.0482 0.0824 0.1137 0.1451 0.1778 0.2104 0.2332 0.2140 0.0771 -0.0632 -0.1208 -0.1461 -0.1543 -0.1461 -0.1208 -0.0632 0.0771 0.2140 0.2332 0.2104 0.1778 0.1451 0.1137 0.0824 0.0482 0.0051 -0.0618 -0.1639 -0.2600 -0.3197 -0.3515 -0.3660 -0.3699 -0.3671 -0.3599 -0.3498 -0.3379 -0.3247 -0.3107 -0.2961 -0.2812 -0.2661 -0.2505 -0.2345 -0.2177 -0.1995 -0.1787 -0.1529 -0.1158 -0.0375 0.1300 0.2275 0.2287 0.2010 0.1679 0.1356 0.1045 0.0727 0.0367 -0.0114 -0.0890 -0.1953 -0.2967
-0.1953 -0.0780 -0.0101 0.0331 0.0668 0.0970 0.1266 0.1570 0.1882 0.2145 0.2140 0.1192 -0.0431 -0.1217 -0.1566 -0.1814 -0.2017 -0.2196 -0.2362 -0.2520 -0.2673 -0.2823 -0.2969 -0.3111 -0.3247 -0.3373 -0.3485 -0.3575 -0.3633 -0.3642 -0.3578 -0.3400 -0.3039 -0.2395 -0.1440 -0.0531 0.0049 0.0439 0.0761 0.1058 0.1355 0.1664 0.1971 0.2190 0.2011 0.0658 -0.0730 -0.1316 -0.1600 -0.1770 -0.1832 -0.1770 -0.1600 -0.1316 -0.0730 0.0658 0.2011 0.2190 0.1971 0.1664 0.1355 0.1058 0.0761 0.0439 0.0049 -0.0531 -0.1440 -0.2395 -0.3039 -0.3400 -0.3578 -0.3642 -0.3633 -0.3575 -0.3485 -0.3373 -0.3247 -0.3111 -0.2969 -0.2823 -0.2673 -0.2520 -0.2362 -0.2196 -0.2017 -0.1814 -0.1566 -0.1217 -0.0431 0.1192 0.2140 0.2145 0.1882 0.1570 0.1266 0.0970 0.0668 0.0331 -0.0101 -0.0780 -0.1953
-0.0890 -0.0101 0.0335 0.0675 0.0978 0.1275 0.1580 0.1892 0.2151 0.2129 0.1128 -0.0474 -0.1233 -0.1577 -0.1822 -0.2024 -0.2202 -0.2368 -0.2526 -0.2679 -0.2828 -0.2974 -0.3116 -0.3251 -0.3377 -0.3488 -0.3578 -0.3634 -0.3642 -0.3575 -0.3391 -0.3022 -0.2366 -0.1402 -0.0504 0.0066 0.0452 0.0773 0.1069 0.1367 0.1675 0.1981 0.2193 0.1989 0.0583 -0.0775 -0.1346 -0.1643 -0.1850 -0.1990 -0.2044 -0.1990 -0.1850 -0.1643 -0.1346 -0.0775 0.0583 0.1989 0.2193 0.1981 0.1675 0.1367 0.1069 0.0773 0.0452 0.0066 -0.0504 -0.1402 -0.2366 -0.3022 -0.3391 -0.3575 -0.3642 -0.3634 -0.3578 -0.3488 -0.3377 -0.3251 -0.3116 -0.2974 -0.2828 -0.2679 -0.2526 -0.2368 -0.2202 -0.2024 -0.1822 -0.1577 -0.1233 -0.0474 0.1128 0.2129 0.2151 0.1892 0.1580 0.1275 0.0978 0.0675 0.0335 -0.0101 -0.0890
-0.0114 0.0331 0.0675 0.0981 0.1280 0.1588 0.1900 0.2157 0.2117 0.1068 -0.0514 -0.1249 -0.1587 -0.1831 -0.2031 -0.2209 -0.2374 -0.2531 -0.2684 -0.2834 -0.2980 -0.3121 -0.3256 -0.3382 -0.3492 -0.3581 -0.3636 -0.3641 -0.3570 -0.3381 -0.3003 -0.2335 -0.1364 -0.0478 0.0082 0.0465 0.0784 0.1080 0.1378 0.1687 0.1992 0.2196 0.1964 0.0515 -0.0812 -0.1364 -0.1662 -0.1883 -0.2056 -0.2181 -0.2230 -0.2181 -0.2056 -0.1883 -0.1662 -0.1364 -0.0812 0.0515 0.1964 0.2196 0.1992 0.1687 0.1378 0.1080 0.0784 0.0465 0.0082 -0.0478 -0.1364 -0.2335 -0.3003 -0.3381 -0.3570 -0.3641 -0.3636 -0.3581 -0.3492 -0.3382 -0.3256 -0.3121 -0.2980 -0.2834 -0.2684 -0.2531 -0.2374 -0.2209 -0.2031 -0.1831 -0.1587 -0.1249 -0.0514 0.1068 0.2117 0.2157 0.1900 0.1588 0.1280 0.0981 0.0675 0.0331 -0.0114
0.0367 0.0668 0.0978 0.1280 0.1590 0.1905 0.2160 0.2107 0.1017 -0.0547 -0.1262 -0.1596 -0.1838 -0.2038 -0.2215 -0.2380 -0.2537 -0.2690 -0.2839 -0.2985 -0.3126 -0.3261 -0.3386 -0.3496 -0.3583 -0.3637 -0.3640 -0.3566 -0.3371 -0.2984 -0.2303 -0.1326 -0.0451 0.0099 0.0478 0.0795 0.1091 0.1389 0.1698 0.2002 0.2198 0.1939 0.0449 -0.0844 -0.1379 -0.1675 -0.1898 -0.2083 -0.2239 -0.2355 -0.2403 -0.2355 -0.2239 -0.2083 -0.1898 -0.1675 -0.1379 -0.0844 0.0449 0.1939 0.2198 0.2002 0.1698 0.1389 0.1091 0.0795 0.0478 0.0099 -0.0451 -0.1326 -0.2303 -0.2984 -0.3371 -0.3566 -0.3640 -0.3637 -0.3583 -0.3496 -0.3386 -0.3261 -0.3126 -0.2985 -0.2839 -0.2690 -0.2537 -0.2380 -0.2215 -0.2038 -0.1838 -0.1596 -0.1262 -0.0547 0.1017 0.2107 0.2160 0.1905 0.1590 0.1280 0.0978 0.0668 0.0367
0.0727 0.0970 0.1275 0.1588 0.1905 0.2162 0.2102 0.0981 -0.0572 -0.1273 -0.1605 -0.1845 -0.2044 -0.2221 -0.2385 -0.2543 -0.2696 -0.2845 -0.2990 -0.3132 -0.3266 -0.3390 -0.3500 -0.3586 -0.3638 -0.3639 -0.3561 -0.3360 -0.2964 -0.2271 -0.1288 -0.0425 0.0115 0.0490 0.0807 0.1102 0.1400 0.1710 0.2013 0.2200 0.1912 0.0383 -0.0876 -0.1392 -0.1685 -0.1908 -0.2097 -0.2263 -0.2409 -0.2521 -0.2567 -0.2521 -0.2409 -0.2263 -0.2097 -0.1908 -0.1685 -0.1392 -0.0876 0.0383 0.1912 0.2200 0.2013 0.1710 0.1400 0.1102 0.0807 0.0490 0.0115 -0.0425 -0.1288 -0.2271 -0.2964 -0.3360 -0.3561 -0.3639 -0.3638 -0.3586 -0.3500 -0.3390 -0.3266 -0.3132 -0.2990 -0.2845 -0.2696 -0.2543 -0.2385 -0.2221 -0.2044 -0.1845 -0.1605 -0.1273 -0.0572 0.0981 0.2102 0.2162 0.1905 0.1588 0.1275 0.0970 0.0727
0.1045 0.1266 0.1580 0.1900 0.2160 0.2102 0.0968 -0.0586 -0.1281 -0.1611 -0.1850 -0.2049 -0.2226 -0.2390 -0.2548 -0.2701 -0.2850 -0.2996 -0.3137 -0.3271 -0.3395 -0.3503 -0.3589 -0.3639 -0.3637 -0.3556 -0.3350 -0.2945 -0.2239 -0.1251 -0.0400 0.0131 0.0503 0.0818 0.1113 0.1412 0.1722 0.2023 0.2202 0.1883 0.0317 -0.0908 -0.1405 -0.1695 -0.1916 -0.2105 -0.2275 -0.2432 -0.2572 -0.2682 -0.2727 -0.2682 -0.2572 -0.2432 -0.2275 -0.2105 -0.1916 -0.1695 -0.1405 -0.0908 0.0317 0.1883 0.2202 0.2023 0.1722 0.1412 0.1113 0.0818 0.0503 0.0131 -0.0400 -0.1251 -0.2239 -0.2945 -0.3350 -0.3556 -0.3637 -0.3639 -0.3589 -0.3503 -0.3395 -0.3271 -0.3137 -0.2996 -0.2850 -0.2701 -0.2548 -0.2390 -0.2226 -0.2049 -0.1850 -0.1611 -0.1281 -0.0586 0.0968 0.2102 0.2160 0.1900 0.1580 0.1266 0.1045
0.1356 0.1570 0.1892 0.2157 0.2107 0.0981 -0.0586 -0.1283 -0.1614 -0.1854 -0.2053 -0.2230 -0.2395 -0.2553 -0.2706 -0.2855 -0.3001 -0.3142 -0.3276 -0.3399 -0.3507 -0.3591 -0.3640 -0.3636 -0.3551 -0.3339 -0.2925 -0.2206 -0.1214 -0.0376 0.0147 0.0515 0.0829 0.1124 0.1423 0.1733 0.2033 0.2202 0.1853 0.0253 -0.0938 -0.1418 -0.1704 -0.1924 -0.2112 -0.2283 -0.2443 -0.2594 -0.2731 -0.2838 -0.2883 -0.2838 -0.2731 -0.2594 -0.2443 -0.2283 -0.2112 -0.1924 -0.1704 -0.1418 -0.0938 0.0253 0.1853 0.2202 0.2033 0.1733 0.1423 0.1124 0.0829 0.0515 0.0147 -0.0376 -0.1214 -0.2206 -0.2925 -0.3339 -0.3551 -0.3636 -0.3640 -0.3591 -0.3507 -0.3399 -0.3276 -0.3142 -0.3001 -0.2855 -0.2706 -0.2553 -0.2395 -0.2230 -0.2053 -0.1854 -0.1614 -0.1283 -0.0586 0.0981 0.2107 0.2157 0.1892 0.1570 0.1356
0.1679 0.1882 0.2151 0.2117 0.1017 -0.0572 -0.1281 -0.1614 -0.1855 -0.2055 -0.2233 -0.2398 -0.2556 -0.2710 -0.2859 -0.3005 -0.3146 -0.3280 -0.3403 -0.3511 -0.3594 -0.3641 -0.3634 -0.3546 -0.3328 -0.2904 -0.2172 -0.1176 -0.0351 0.0162 0.0528 0.0840 0.1135 0.1434 0.1745 0.2043 0.2202 0.1820 0.0191 -0.0968 -0.1431 -0.1713 -0.1931 -0.2119 -0.2290 -0.2450 -0.2604 -0.2751 -0.2885 -0.2990 -0.3035 -0.2990 -0.2885 -0.2751 -0.2604 -0.2450 -0.2290 -0.2119 -0.1931 -0.1713 -0.1431 -0.0968 0.0191 0.1820 0.2202 0.2043 0.1745 0.1434 0.1135 0.0840 0.0528 0.0162 -0.0351 -0.1176 -0.2172 -0.2904 -0.3328 -0.3546 -0.3634 -0.3641 -0.3594 -0.3511 -0.3403 -0.3280 -0.3146 -0.3005 -0.2859 -0.2710 -0.2556 -0.2398 -0.2233 -0.2055 -0.1855 -0.1614 -0.1281 -0.0572 0.1017 0.2117 0.2151 0.1882 0.1679
0.2010 0.2145 0.2129 0.1068 -0.0547 -0.1273 -0.1611 -0.1854 -0.2055 -0.2234 -0.2400 -0.2559 -0.2712 -0.2863 -0.3009 -0.3150 -0.3284 -0.3407 -0.3514 -0.3596 -0.3642 -0.3633 -0.3540 -0.3316 -0.2882 -0.2138 -0.1139 -0.0327 0.0177 0.0540 0.0851 0.1146 0.1446 0.1757 0.2053 0.2202 0.1786 0.0130 -0.0997 -0.1443 -0.1722 -0.1939 -0.2126 -0.2296 -0.2457 -0.2611 -0.2761 -0.2904 -0.3035 -0.3138 -0.3181 -0.3138 -0.3035 -0.2904 -0.2761 -0.2611 -0.2457 -0.2296 -0.2126 -0.1939 -0.1722 -0.1443 -0.0997 0.0130 0.1786 0.2202 0.2053 0.1757 0.1446 0.1146 0.0851 0.0540 0.0177 -0.0327 -0.1139 -0.2138 -0.2882 -0.3316 -0.3540 -0.3633 -0.3642 -0.3596 -0.3514 -0.3407 -0.3284 -0.3150 -0.3009 -0.2863 -0.2712 -0.2559 -0.2400 -0.2234 -0.2055 -0.1854 -0.1611 -0.1273 -0.0547 0.1068 0.2129 0.2145 0.2010
0.2287 0.2140 0.1128 -0.0514 -0.1262 -0.1605 -0.1850 -0.2053 -0.2233 -0.2400 -0.2559 -0.2714 -0.2865 -0.3011 -0.3153 -0.3287 -0.3410 -0.3517 -0.3598 -0.3642 -0.3631 -0.3535 -0.3304 -0.2861 -0.2104 -0.1103 -0.0304 0.0192 0.0552 0.0862 0.1157 0.1457 0.1769 0.2063 0.2200 0.1750 0.0070 -0.1026 -0.1456 -0.1731 -0.1946 -0.2132 -0.2302 -0.2463 -0.2617 -0.2768 -0.2914 -0.3054 -0.3181 -0.3279 -0.3320 -0.3279 -0.3181 -0.3054 -0.2914 -0.2768 -0.2617 -0.2463 -0.2302 -0.2132 -0.1946 -0.1731 -0.1456 -0.1026 0.0070 0.1750 0.2200 0.2063 0.1769 0.1457 0.1157 0.0862 0.0552 0.0192 -0.0304 -0.1103 -0.2104 -0.2861 -0.3304 -0.3535 -0.3631 -0.3642 -0.3598 -0.3517 -0.3410 -0.3287 -0.3153 -0.3011 -0.2865 -0.2714 -0.2559 -0.2400 -0.2233 -0.2053 -0.1850 -0.1605 -0.1262 -0.0514 0.1128 0.2140 0.2287
0.2275 0.1192 -0.0474 -0.1249 -0.1596 -0.1845 -0.2049 -0.2230 -0.2398 -0.2559 -0.2714 -0.2866 -0.3013 -0.3155 -0.3289 -0.3413 -0.3519 -0.3600 -0.3643 -0.3630 -0.3530 -0.3294 -0.2840 -0.2071 -0.1067 -0.0281 0.0207 0.0564 0.0873 0.1168 0.1469 0.1780 0.2072 0.2198 0.1707 0.0013 -0.1053 -0.1467 -0.1740 -0.1954 -0.2139 -0.2308 -0.2468 -0.2623 -0.2774 -0.2921 -0.3063 -0.3198 -0.3318 -0.3409 -0.3447 -0.3409 -0.3318 -0.3198 -0.3063 -0.2921 -0.2774 -0.2623 -0.2468 -0.2308 -0.2139 -0.1954 -0.1740 -0.1467 -0.1053 0.0013 0.1707 0.2198 0.2072 0.1780 0.1469 0.1168 0.0873 0.0564 0.0207 -0.0281 -0.1067 -0.2071 -0.2840 -0.3294 -0.3530 -0.3630 -0.3643 -0.3600 -0.3519 -0.3413 -0.3289 -0.3155 -0.3013 -0.2866 -0.2714 -0.2559 -0.2398 -0.2230 -0.2049 -0.1845 -0.1596 -0.1249 -0.0474 0.1192 0.2275
0.1300 -0.0431 -0.1233 -0.1587 -0.1838 -0.2044 -0.2226 -0.2395 -0.2556 -0.2712 -0.2865 -0.3013 -0.3156 -0.3291 -0.3414 -0.3521 -0.3601 -0.3643 -0.3628 -0.3526 -0.3284 -0.2821 -0.2039 -0.1034 -0.0259 0.0222 0.0577 0.0885 0.1179 0.1480 0.1792 0.2081 0.2195 0.1655 -0.0043 -0.1077 -0.1479 -0.1748 -0.1961 -0.2145 -0.2314 -0.2474 -0.2629 -0.2779 -0.2927 -0.3070 -0.3207 -0.3333 -0.3442 -0.3522 -0.3554 -0.3522 -0.3442 -0.3333 -0.3207 -0.3070 -0.2927 -0.2779 -0.2629 -0.2474 -0.2314 -0.2145 -0.1961 -0.1748 -0.1479 -0.1077 -0.0043 0.1655 0.2195 0.2081 0.1792 0.1480 0.1179 0.0885 0.0577 0.0222 -0.0259 -0.1034 -0.2039 -0.2821 -0.3284 -0.3526 -0.3628 -0.3643 -0.3601 -0.3521 -0.3414 -0.3291 -0.3156 -0.3013 -0.2865 -0.2712 -0.2556 -0.2395 -0.2226 -0.2044 -0.1838 -0.1587 -0.1233 -0.0431 0.1300
-0.0375 -0.1217 -0.1577 -0.1831 -0.2038 -0.2221 -0.2390 -0.2553 -0.2710 -0.2863 -0.3011 -0.3155 -0.3291 -0.3415 -0.3521 -0.3602 -0.3644 -0.3628 -0.3522 -0.3275 -0.2804 -0.2011 -0.1005 -0.0240 0.0235 0.0588 0.0895 0.1190 0.1492 0.1804 0.2090 0.2191 0.1601 -0.0098 -0.1097 -0.1491 -0.1757 -0.1968 -0.2152 -0.2320 -0.2480 -0.2635 -0.2785 -0.2932 -0.3075 -0.3213 -0.3341 -0.3455 -0.3547 -0.3609 -0.3633 -0.3609 -0.3547 -0.3455 -0.3341 -0.3213 -0.3075 -0.2932 -0.2785 -0.2635 -0.2480 -0.2320 -0.2152 -0.1968 -0.1757 -0.1491 -0.1097 -0.0098 0.1601 0.2191 0.2090 0.1804 0.1492 0.1190 0.0895 0.0588 0.0235 -0.0240 -0.1005 -0.2011 -0.2804 -0.3275 -0.3522 -0.3628 -0.3644 -0.3602 -0.3521 -0.3415 -0.3291 -0.3155 -0.3011 -0.2863 -0.2710 -0.2553 -0.2390 -0.2221 -0.2038 -0.1831 -0.1577 -0.1217 -0.0375
-0.1158 -0.1566 -0.1822 -0.2031 -0.2215 -0.2385 -0.2548 -0.2706 -0.2859 -0.3009 -0.3153 -0.3289 -0.3414 -0.3521 -0.3602 -0.3644 -0.3627 -0.3519 -0.3269 -0.2791 -0.1987 -0.0980 -0.0223 0.0247 0.0598 0.0905 0.1201 0.1503 0.1815 0.2099 0.2186 0.1545 -0.0152 -0.1115 -0.1502 -0.1766 -0.1976 -0.2158 -0.2327 -0.2486 -0.2640 -0.2791 -0.2938 -0.3081 -0.3218 -0.3346 -0.3461 -0.3556 -0.3622 -0.3657 -0.3667 -0.3657 -0.3622 -0.3556 -0.3461 -0.3346 -0.3218 -0.3081 -0.2938 -0.2791 -0.2640 -0.2486 -0.2327 -0.2158 -0.1976 -0.1766 -0.1502 -0.1115 -0.0152 0.1545 0.2186 0.2099 0.1815 0.1503 0.1201 0.0905 0.0598 0.0247 -0.0223 -0.0980 -0.1987 -0.2791 -0.3269 -0.3519 -0.3627 -0.3644 -0.3602 -0.3521 -0.3414 -0.3289 -0.3153 -0.3009 -0.2859 -0.2706 -0.2548 -0.2385 -0.2215 -0.2031 -0.1822 -0.1566 -0.1158
-0.1529 -0.1814 -0.2024 -0.2209 -0.2380 -0.2543 -0.2701 -0.2855 -0.3005 -0.3150 -0.3287 -0.3413 -0.3521 -0.3602 -0.3644 -0.3627 -0.3518 -0.3265 -0.2781 -0.1969 -0.0959 -0.0209 0.0257 0.0608 0.0914 0.1210 0.1513 0.1826 0.2107 0.2181 0.1489 -0.0203 -0.1134 -0.1514 -0.1774 -0.1983 -0.2165 -0.2333 -0.2492 -0.2646 -0.2796 -0.2943 -0.3086 -0.3223 -0.3351 -0.3466 -0.3560 -0.3625 -0.3653 -0.3644 -0.3632 -0.3644 -0.3653 -0.3625 -0.3560 -0.3466 -0.3351 -0.3223 -0.3086 -0.2943 -0.2796 -0.2646 -0.2492 -0.2333 -0.2165 -0.1983 -0.1774 -0.1514 -0.1134 -0.0203 0.1489 0.2181 0.2107 0.1826 0.1513 0.1210 0.0914 0.0608 0.0257 -0.0209 -0.0959 -0.1969 -0.2781 -0.3265 -0.3518 -0.3627 -0.3644 -0.3602 -0.3521 -0.3413 -0.3287 -0.3150 -0.3005 -0.2855 -0.2701 -0.2543 -0.2380 -0.2209 -0.2024 -0.1814 -0.1529
-0.1787 -0.2017 -0.2202 -0.2374 -0.2537 -0.2696 -0.2850 -0.3001 -0.3146 -0.3284 -0.3410 -0.3519 -0.3601 -0.3644 -0.3627 -0.3518 -0.3264 -0.2776 -0.1958 -0.0945 -0.0199 0.0265 0.0615 0.0922 0.1218 0.1522 0.1835 0.2114 0.2175 0.1433 -0.0252 -0.1152 -0.1525 -0.1783 -0.1990 -0.2171 -0.2339 -0.2498 -0.2652 -0.2802 -0.2948 -0.3091 -0.3228 -0.3356 -0.3470 -0.3564 -0.3627 -0.3648 -0.3613 -0.3536 -0.3486 -0.3536 -0.3613 -0.3648 -0.3627 -0.3564 -0.3470 -0.3356 -0.3228 -0.3091 -0.2948 -0.2802 -0.2652 -0.2498 -0.2339 -0.2171 -0.1990 -0.1783 -0.1525 -0.1152 -0.0252 0.1433 0.2175 0.2114 0.1835 0.1522 0.1218 0.0922 0.0615 0.0265 -0.0199 -0.0945 -0.1958 -0.2776 -0.3264 -0.3518 -0.3627 -0.3644 -0.3601 -0.3519 -0.3410 -0.3284 -0.3146 -0.3001 -0.2850 -0.2696 -0.2537 -0.2374 -0.2202 -0.2017 -0.1787
-0.1995 -0.2196 -0.2368 -0.2531 -0.2690 -0.2845 -0.2996 -0.3142 -0.3280 -0.3407 -0.3517 -0.3600 -0.3643 -0.3628 -0.3519 -0.3265 -0.2776 -0.1954 -0.0937 -0.0192 0.0271 0.0621 0.0928 0.1225 0.1530 0.1844 0.2121 0.2169 0.1381 -0.0297 -0.1169 -0.1536 -0.1791 -0.1997 -0.2178 -0.2345 -0.2504 -0.2657 -0.2807 -0.2954 -0.3096 -0.3233 -0.3360 -0.3474 -0.3567 -0.3629 -0.3645 -0.3597 -0.3465 -0.3272 -0.3159 -0.3272 -0.3465 -0.3597 -0.3645 -0.3629 -0.3567 -0.3474 -0.3360 -0.3233 -0.3096 -0.2954 -0.2807 -0.2657 -0.2504 -0.2345 -0.2178 -0.1997 -0.1791 -0.1536 -0.1169 -0.0297 0.1381 0.2169 0.2121 0.1844 0.1530 0.1225 0.0928 0.0621 0.0271 -0.0192 -0.0937 -0.1954 -0.2776 -0.3265 -0.3519 -0.3628 -0.3643 -0.3600 -0.3517 -0.3407 -0.3280 -0.3142 -0.2996 -0.2845 -0.2690 -0.2531 -0.2368 -0.2196 -0.1995
-0.2177 -0.2362 -0.2526 -0.2684 -0.2839 -0.2990 -0.3137 -0.3276 -0.3403 -0.3514 -0.3598 -0.3643 -0.3628 -0.3522 -0.3269 -0.2781 -0.1958 -0.0937 -0.0190 0.0274 0.0624 0.0932 0.1230 0.1536 0.1851 0.2126 0.2163 0.1334 -0.0336 -0.1184 -0.1545 -0.1799 -0.2004 -0.2184 -0.2351 -0.2509 -0.2663 -0.2813 -0.2959 -0.3102 -0.3238 -0.3365 -0.3478 -0.3570 -0.3630 -0.3644 -0.3588 -0.3430 -0.3139 -0.2756 -0.2541 -0.2756 -0.3139 -0.3430 -0.3588 -0.3644 -0.3630 -0.3570 -0.3478 -0.3365 -0.3238 -0.3102 -0.2959 -0.2813 -0.2663 -0.2509 -0.2351 -0.2184 -0.2004 -0.1799 -0.1545 -0.1184 -0.0336 0.1334 0.2163 0.2126 0.1851 0.1536 0.1230 0.0932 0.0624 0.0274 -0.0190 -0.0937 -0.1958 -0.2781 -0.3269 -0.3522 -0.3628 -0.3643 -0.3598 -0.3514 -0.3403 -0.3276 -0.3137 -0.2990 -0.2839 -0.2684 -0.2526 -0.2362 -0.2177
-0.2345 -0.2520 -0.2679 -0.2834 -0.2985 -0.3132 -0.3271 -0.3399 -0.3511 -0.3596 -0.3642 -0.3630 -0.3526 -0.3275 -0.2791 -0.1969 -0.0945 -0.0192 0.0274 0.0625 0.0934 0.1233 0.1541 0.1856 0.2130 0.2158 0.1292 -0.0369 -0.1196 -0.1554 -0.1806 -0.2010 -0.2190 -0.2357 -0.2515 -0.2669 -0.2818 -0.2965 -0.3107 -0.3243 -0.3369 -0.3482 -0.3573 -0.3632 -0.3643 -0.3583 -0.3412 -0.3075 -0.2527 -0.1880 -0.1559 -0.1880 -0.2527 -0.3075 -0.3412 -0.3583 -0.3643 -0.3632 -0.3573 -0.3482 -0.3369 -0.3243 -0.3107 -0.2965 -0.2818 -0.2669 -0.2515 -0.2357 -0.2190 -0.2010 -0.1806 -0.1554 -0.1196 -0.0369 0.1292 0.2158 0.2130 0.1856 0.1541 0.1233 0.0934 0.0625 0.0274 -0.0192 -0.0945 -0.1969 -0.2791 -0.3275 -0.3526 -0.3630 -0.3642 -0.3596 -0.3511 -0.3399 -0.3271 -0.3132 -0.2985 -0.2834 -0.2679 -0.2520 -0.2345
-0.2505 -0.2673 -0.2828 -0.2980 -0.3126 -0.3266 -0.3395 -0.3507 -0.3594 -0.3642 -0.3631 -0.3530 -0.3284 -0.2804 -0.1987 -0.0959 -0.0199 0.0271 0.0624 0.0934 0.1234 0.1543 0.1859 0.2133 0.2153 0.1259 -0.0395 -0.1207 -0.1562 -0.1812 -0.2016 -0.2195 -0.2362 -0.2520 -0.2674 -0.2824 -0.2970 -0.3112 -0.3247 -0.3374 -0.3485 -0.3575 -0.3633 -0.3642 -0.3578 -0.3400 -0.3042 -0.2422 -0.1563 -0.0833 -0.0570 -0.0833 -0.1563 -0.2422 -0.3042 -0.3400 -0.3578 -0.3642 -0.3633 -0.3575 -0.3485 -0.3374 -0.3247 -0.3112 -0.2970 -0.2824 -0.2674 -0.2520 -0.2362 -0.2195 -0.2016 -0.1812 -0.1562 -0.1207 -0.0395 0.1259 0.2153 0.2133 0.1859 0.1543 0.1234 0.0934 0.0624 0.0271 -0.0199 -0.0959 -0.1987 -0.2804 -0.3284 -0.3530 -0.3631 -0.3642 -0.3594 -0.3507 -0.3395 -0.3266 -0.3126 -0.2980 -0.2828 -0.2673 -0.2505
-0.2661 -0.2823 -0.2974 -0.3121 -0.3261 -0.3390 -0.3503 -0.3591 -0.3641 -0.3633 -0.3535 -0.3294 -0.2821 -0.2011 -0.0980 -0.0209 0.0265 0.0621 0.0932 0.1233 0.1543 0.1860 0.2134 0.2151 0.1237 -0.0414 -0.1215 -0.1568 -0.1817 -0.2020 -0.2200 -0.2367 -0.2525 -0.2679 -0.2829 -0.2975 -0.3117 -0.3252 -0.3378 -0.3489 -0.3578 -0.3635 -0.3642 -0.3574 -0.3389 -0.3020 -0.2368 -0.1432 -0.0586 -0.0112 0.0045 -0.0112 -0.0586 -0.1432 -0.2368 -0.3020 -0.3389 -0.3574 -0.3642 -0.3635 -0.3578 -0.3489 -0.3378 -0.3252 -0.3117 -0.2975 -0.2829 -0.2679 -0.2525 -0.2367 -0.2200 -0.2020 -0.1817 -0.1568 -0.1215 -0.0414 0.1237 0.2151 0.2134 0.1860 0.1543 0.1233 0.0932 0.0621 0.0265 -0.0209 -0.0980 -0.2011 -0.2821 -0.3294 -0.3535 -0.3633 -0.3641 -0.3591 -0.3503 -0.3390 -0.3261 -0.3121 -0.2974 -0.2823 -0.2661
-0.2812 -0.2969 -0.3116 -0.3256 -0.3386 -0.3500 -0.3589 -0.3640 -0.3634 -0.3540 -0.3304 -0.2840 -0.2039 -0.1005 -0.0223 0.0257 0.0615 0.0928 0.1230 0.1541 0.1859 0.2134 0.2150 0.1225 -0.0426 -0.1221 -0.1572 -0.1821 -0.2024 -0.2204 -0.2371 -0.2529 -0.2683 -0.2833 -0.2980 -0.3121 -0.3257 -0.3382 -0.3493 -0.3581 -0.3636 -0.3641 -0.3569 -0.3379 -0.3000 -0.2331 -0.1367 -0.0496 0.0033 0.0336 0.0451 0.0336 0.0033 -0.0496 -0.1367 -0.2331 -0.3000 -0.3379 -0.3569 -0.3641 -0.3636 -0.3581 -0.3493 -0.3382 -0.3257 -0.3121 -0.2980 -0.2833 -0.2683 -0.2529 -0.2371 -0.2204 -0.2024 -0.1821 -0.1572 -0.1221 -0.0426 0.1225 0.2150 0.2134 0.1859 0.1541 0.1230 0.0928 0.0615 0.0257 -0.0223 -0.1005 -0.2039 -0.2840 -0.3304 -0.3540 -0.3634 -0.3640 -0.3589 -0.3500 -0.3386 -0.3256 -0.3116 -0.2969 -0.2812
-0.2961 -0.3111 -0.3251 -0.3382 -0.3496 -0.3586 -0.3639 -0.3636 -0.3546 -0.3316 -0.2861 -0.2071 -0.1034 -0.0240 0.0247 0.0608 0.0922 0.1225 0.1536 0.1856 0.2133 0.2151 0.1225 -0.0430 -0.1224 -0.1575 -0.1824 -0.2027 -0.2207 -0.2374 -0.2533 -0.2687 -0.2837 -0.2984 -0.3126 -0.3261 -0.3386 -0.3496 -0.3584 -0.3637 -0.3639 -0.3565 -0.3369 -0.2980 -0.2297 -0.1321 -0.0452 0.0087 0.0440 0.0684 0.0783 0.0684 0.0440 0.0087 -0.0452 -0.1321 -0.2297 -0.2980 -0.3369 -0.3565 -0.3639 -0.3637 -0.3584 -0.3496 -0.3386 -0.3261 -0.3126 -0.2984 -0.2837 -0.2687 -0.2533 -0.2374 -0.2207 -0.2027 -0.1824 -0.1575 -0.1224 -0.0430 0.1225 0.2151 0.2133 0.1856 0.1536 0.1225 0.0922 0.0608 0.0247 -0.0240 -0.1034 -0.2071 -0.2861 -0.3316 -0.3546 -0.3636 -0.3639 -0.3586 -0.3496 -0.3382 -0.3251 -0.3111 -0.2961
-0.3107 -0.3247 -0.3377 -0.3492 -0.3583 -0.3638 -0.3637 -0.3551 -0.3328 -0.2882 -0.2104 -0.1067 -0.0259 0.0235 0.0598 0.0914 0.1218 0.1530 0.1851 0.2130 0.2153 0.1237 -0.0426 -0.1224 -0.1576 -0.1825 -0.2029 -0.2209 -0.2376 -0.2536 -0.2690 -0.2841 -0.2987 -0.3129 -0.3265 -0.3390 -0.3500 -0.3586 -0.3638 -0.3638 -0.3560 -0.3358 -0.2961 -0.2265 -0.1282 -0.0422 0.0115 0.0481 0.0774 0.0995 0.1090 0.0995 0.0774 0.0481 0.0115 -0.0422 -0.1282 -0.2265 -0.2961 -0.3358 -0.3560 -0.3638 -0.3638 -0.3586 -0.3500 -0.3390 -0.3265 -0.3129 -0.2987 -0.2841 -0.2690 -0.2536 -0.2376 -0.2209 -0.2029 -0.1825 -0.1576 -0.1224 -0.0426 0.1237 0.2153 0.2130 0.1851 0.1530 0.1218 0.0914 0.0598 0.0235 -0.0259 -0.1067 -0.2104 -0.2882 -0.3328 -0.3551 -0.3637 -0.3638 -0.3583 -0.3492 -0.3377 -0.3247 -0.3107
-0.3247 -0.3373 -0.3488 -0.3581 -0.3637 -0.3639 -0.3556 -0.3339 -0.2904 -0.2138 -0.1103 -0.0281 0.0222 0.0588 0.0905 0.1210 0.1522 0.1844 0.2126 0.2158 0.1259 -0.0414 -0.1221 -0.1575 -0.1825 -0.2030 -0.2211 -0.2378 -0.2538 -0.2692 -0.2843 -0.2990 -0.3133 -0.3268 -0.3393 -0.3502 -0.3588 -0.3639 -0.3637 -0.3556 -0.3348 -0.2941 -0.2233 -0.1244 -0.0396 0.0133 0.0502 0.0810 0.1081 0.1302 0.1399 0.1302 0.1081 0.0810 0.0502 0.0133 -0.0396 -0.1244 -0.2233 -0.2941 -0.3348 -0.3556 -0.3637 -0.3639 -0.3588 -0.3502 -0.3393 -0.3268 -0.3133 -0.2990 -0.2843 -0.2692 -0.2538 -0.2378 -0.2211 -0.2030 -0.1825 -0.1575 -0.1221 -0.0414 0.1259 0.2158 0.2126 0.1844 0.1522 0.1210 0.0905 0.0588 0.0222 -0.0281 -0.1103 -0.2138 -0.2904 -0.3339 -0.3556 -0.3639 -0.3637 -0.3581 -0.3488 -0.3373 -0.3247
-0.3379 -0.3485 -0.3578 -0.3636 -0.3640 -0.3561 -0.3350 -0.2925 -0.2172 -0.1139 -0.0304 0.0207 0.0577 0.0895 0.1201 0.1513 0.1835 0.2121 0.2163 0.1292 -0.0395 -0.1215 -0.1572 -0.1824 -0.2029 -0.2211 -0.2379 -0.2539 -0.2694 -0.2845 -0.2992 -0.3135 -0.3271 -0.3396 -0.3505 -0.3590 -0.3640 -0.3636 -0.3551 -0.3339 -0.2923 -0.2201 -0.1207 -0.0371 0.0150 0.0517 0.0828 0.1117 0.1390 0.1618 0.1719 0.1618 0.1390 0.1117 0.0828 0.0517 0.0150 -0.0371 -0.1207 -0.2201 -0.2923 -0.3339 -0.3551 -0.3636 -0.3640 -0.3590 -0.3505 -0.3396 -0.3271 -0.3135 -0.2992 -0.2845 -0.2694 -0.2539 -0.2379 -0.2211 -0.2029 -0.1824 -0.1572 -0.1215 -0.0395 0.1292 0.2163 0.2121 0.1835 0.1513 0.1201 0.0895 0.0577 0.0207 -0.0304 -0.1139 -0.2172 -0.2925 -0.3350 -0.3561 -0.3640 -0.3636 -0.3578 -0.3485 -0.3379
-0.3498 -0.3575 -0.3634 -0.3641 -0.3566 -0.3360 -0.2945 -0.2206 -0.1176 -0.0327 0.0192 0.0564 0.0885 0.1190 0.1503 0.1826 0.2114 0.2169 0.1334 -0.0369 -0.1207 -0.1568 -0.1821 -0.2027 -0.2209 -0.2378 -0.2539 -0.2694 -0.2846 -0.2994 -0.3137 -0.3272 -0.3398 -0.3507 -0.3592 -0.3640 -0.3635 -0.3547 -0.3330 -0.2906 -0.2172 -0.1174 -0.0349 0.0165 0.0530 0.0842 0.1135 0.1427 0.1710 0.1937 0.2025 0.1937 0.1710 0.1427 0.1135 0.0842 0.0530 0.0165 -0.0349 -0.1174 -0.2172 -0.2906 -0.3330 -0.3547 -0.3635 -0.3640 -0.3592 -0.3507 -0.3398 -0.3272 -0.3137 -0.2994 -0.2846 -0.2694 -0.2539 -0.2378 -0.2209 -0.2027 -0.1821 -0.1568 -0.1207 -0.0369 0.1334 0.2169 0.2114 0.1826 0.1503 0.1190 0.0885 0.0564 0.0192 -0.0327 -0.1176 -0.2206 -0.2945 -0.3360 -0.3566 -0.3641 -0.3634 -0.3575 -0.3498
-0.3599 -0.3633 -0.3642 -0.3570 -0.3371 -0.2964 -0.2239 -0.1214 -0.0351 0.0177 0.0552 0.0873 0.1179 0.1492 0.1815 0.2107 0.2175 0.1381 -0.0336 -0.1196 -0.1562 -0.1817 -0.2024 -0.2207 -0.2376 -0.2538 -0.2694 -0.2846 -0.2994 -0.3138 -0.3274 -0.3399 -0.3508 -0.3593 -0.3641 -0.3634 -0.3544 -0.3322 -0.2890 -0.2146 -0.1144 -0.0328 0.0178 0.0541 0.0853 0.1147 0.1445 0.1748 0.2021 0.2169 0.2181 0.2169 0.2021 0.1748 0.1445 0.1147 0.0853 0.0541 0.0178 -0.0328 -0.1144 -0.2146 -0.2890 -0.3322 -0.3544 -0.3634 -0.3641 -0.3593 -0.3508 -0.3399 -0.3274 -0.3138 -0.2994 -0.2846 -0.2694 -0.2538 -0.2376 -0.2207 -0.2024 -0.1817 -0.1562 -0.1196 -0.0336 0.1381 0.2175 0.2107 0.1815 0.1492 0.1179 0.0873 0.0552 0.0177 -0.0351 -0.1214 -0.2239 -0.2964 -0.3371 -0.3570 -0.3642 -0.3633 -0.3599
-0.3671 -0.3642 -0.3575 -0.3381 -0.2984 -0.2271 -0.1251 -0.0376 0.0162 0.0540 0.0862 0.1168 0.1480 0.1804 0.2099 0.2181 0.1433 -0.0297 -0.1184 -0.1554 -0.1812 -0.2020 -0.2204 -0.2374 -0.2536 -0.2692 -0.2845 -0.2994 -0.3138 -0.3274 -0.3400 -0.3509 -0.3593 -0.3641 -0.3634 -0.3541 -0.3315 -0.2876 -0.2122 -0.1117 -0.0310 0.0190 0.0552 0.0863 0.1158 0.1458 0.1767 0.2054 0.2193 0.1992 0.1733 0.1992 0.2193 0.2054 0.1767 0.1458 0.1158 0.0863 0.0552 0.0190 -0.0310 -0.1117 -0.2122 -0.2876 -0.3315 -0.3541 -0.3634 -0.3641 -0.3593 -0.3509 -0.3400 -0.3274 -0.3138 -0.2994 -0.2845 -0.2692 -0.2536 -0.2374 -0.2204 -0.2020 -0.1812 -0.1554 -0.1184 -0.0297 0.1433 0.2181 0.2099 0.1804 0.1480 0.1168 0.0862 0.0540 0.0162 -0.0376 -0.1251 -0.2271 -0.2984 -0.3381 -0.3575 -0.3642 -0.3671
-0.3699 -0.3578 -0.3391 -0.3003 -0.2303 -0.1288 -0.0400 0.0147 0.0528 0.0851 0.1157 0.1469 0.1792 0.2090 0.2186 0.1489 -0.0252 -0.1169 -0.1545 -0.1806 -0.2016 -0.2200 -0.2371 -0.2533 -0.2690 -0.2843 -0.2992 -0.3137 -0.3274 -0.3400 -0.3509 -0.3594 -0.3641 -0.3633 -0.3539 -0.3310 -0.2865 -0.2102 -0.1093 -0.0294 0.0201 0.0561 0.0872 0.1168 0.1469 0.1780 0.2070 0.2196 0.1794 0.0658 0.0099 0.0658 0.1794 0.2196 0.2070 0.1780 0.1469 0.1168 0.0872 0.0561 0.0201 -0.0294 -0.1093 -0.2102 -0.2865 -0.3310 -0.3539 -0.3633 -0.3641 -0.3594 -0.3509 -0.3400 -0.3274 -0.3137 -0.2992 -0.2843 -0.2690 -0.2533 -0.2371 -0.2200 -0.2016 -0.1806 -0.1545 -0.1169 -0.0252 0.1489 0.2186 0.2090 0.1792 0.1469 0.1157 0.0851 0.0528 0.0147 -0.0400 -0.1288 -0.2303 -0.3003 -0.3391 -0.3578 -0.3699
-0.3660 -0.3400 -0.3022 -0.2335 -0.1326 -0.0425 0.0131 0.0515 0.0840 0.1146 0.1457 0.1780 0.2081 0.2191 0.1545 -0.0203 -0.1152 -0.1536 -0.1799 -0.2010 -0.2195 -0.2367 -0.2529 -0.2687 -0.2841 -0.2990 -0.3135 -0.3272 -0.3399 -0.3509 -0.3594 -0.3642 -0.3633 -0.3538 -0.3306 -0.2857 -0.2086 -0.1074 -0.0280 0.0211 0.0570 0.0880 0.1176 0.1478 0.1791 0.2080 0.2194 0.1689 0.0144 -0.0770 -0.1002 -0.0770 0.0144 0.1689 0.2194 0.2080 0.1791 0.1478 0.1176 0.0880 0.0570 0.0211 -0.0280 -0.1074 -0.2086 -0.2857 -0.3306 -0.3538 -0.3633 -0.3642 -0.3594 -0.3509 -0.3399 -0.3272 -0.3135 -0.2990 -0.2841 -0.2687 -0.2529 -0.2367 -0.2195 -0.2010 -0.1799 -0.1536 -0.1152 -0.0203 0.1545 0.2191 0.2081 0.1780 0.1457 0.1146 0.0840 0.0515 0.0131 -0.0425 -0.1326 -0.2335 -0.3022 -0.3400 -0.3660
-0.3515 -0.3039 -0.2366 -0.1364 -0.0451 0.0115 0.0503 0.0829 0.1135 0.1446 0.1769 0.2072 0.2195 0.1601 -0.0152 -0.1134 -0.1525 -0.1791 -0.2004 -0.2190 -0.2362 -0.2525 -0.2683 -0.2837 -0.2987 -0.3133 -0.3271 -0.3398 -0.3508 -0.3593 -0.3641 -0.3633 -0.3537 -0.3305 -0.2852 -0.2075 -0.1060 -0.0270 0.0218 0.0577 0.0887 0.1183 0.1486 0.1800 0.2088 0.2191 0.1619 -0.0044 -0.1013 -0.1347 -0.1451 -0.1347 -0.1013 -0.0044 0.1619 0.2191 0.2088 0.1800 0.1486 0.1183 0.0887 0.0577 0.0218 -0.0270 -0.1060 -0.2075 -0.2852 -0.3305 -0.3537 -0.3633 -0.3641 -0.3593 -0.3508 -0.3398 -0.3271 -0.3133 -0.2987 -0.2837 -0.2683 -0.2525 -0.2362 -0.2190 -0.2004 -0.1791 -0.1525 -0.1134 -0.0152 0.1601 0.2195 0.2072 0.1769 0.1446 0.1135 0.0829 0.0503 0.0115 -0.0451 -0.1364 -0.2366 -0.3039 -0.3515
-0.3197 -0.2395 -0.1402 -0.0478 0.0099 0.0490 0.0818 0.1124 0.1434 0.1757 0.2063 0.2198 0.1655 -0.0098 -0.1115 -0.1514 -0.1783 -0.1997 -0.2184 -0.2357 -0.2520 -0.2679 -0.2833 -0.2984 -0.3129 -0.3268 -0.3396 -0.3507 -0.3593 -0.3641 -0.3633 -0.3538 -0.3305 -0.2850 -0.2070 -0.1052 -0.0263 0.0224 0.0582 0.0892 0.1190 0.1493 0.1808 0.2095 0.2188 0.1562 -0.0129 -0.1092 -0.1458 -0.1663 -0.1736 -0.1663 -0.1458 -0.1092 -0.0129 0.1562 0.2188 0.2095 0.1808 0.1493 0.1190 0.0892 0.0582 0.0224 -0.0263 -0.1052 -0.2070 -0.2850 -0.3305 -0.3538 -0.3633 -0.3641 -0.3593 -0.3507 -0.3396 -0.3268 -0.3129 -0.2984 -0.2833 -0.2679 -0.2520 -0.2357 -0.2184 -0.1997 -0.1783 -0.1514 -0.1115 -0.0098 0.1655 0.2198 0.2063 0.1757 0.1434 0.1124 0.0818 0.0490 0.0099 -0.0478 -0.1402 -0.2395 -0.3197
-0.2600 -0.1440 -0.0504 0.0082 0.0478 0.0807 0.1113 0.1423 0.1745 0.2053 0.2200 0.1707 -0.0043 -0.1097 -0.1502 -0.1774 -0.1990 -0.2178 -0.2351 -0.2515 -0.2674 -0.2829 -0.2980 -0.3126 -0.3265 -0.3393 -0.3505 -0.3592 -0.3641 -0.3634 -0.3539 -0.3306 -0.2852 -0.2070 -0.1050 -0.0260 0.0227 0.0586 0.0897 0.1195 0.1499 0.1814 0.2100 0.2184 0.1517 -0.0181 -0.1124 -0.1499 -0.1741 -0.1898 -0.1958 -0.1898 -0.1741 -0.1499 -0.1124 -0.0181 0.1517 0.2184 0.2100 0.1814 0.1499 0.1195 0.0897 0.0586 0.0227 -0.0260 -0.1050 -0.2070 -0.2852 -0.3306 -0.3539 -0.3634 -0.3641 -0.3592 -0.3505 -0.3393 -0.3265 -0.3126 -0.2980 -0.2829 -0.2674 -0.2515 -0.2351 -0.2178 -0.1990 -0.1774 -0.1502 -0.1097 -0.0043 0.1707 0.2200 0.2053 0.1745 0.1423 0.1113 0.0807 0.0478 0.0082 -0.0504 -0.1440 -0.2600
-0.1639 -0.0531 0.0066 0.0465 0.0795 0.1102 0.1412 0.1733 0.2043 0.2202 0.1750 0.0013 -0.1077 -0.1491 -0.1766 -0.1983 -0.2171 -0.2345 -0.2509 -0.2669 -0.2824 -0.2975 -0.3121 -0.3261 -0.3390 -0.3502 -0.3590 -0.3640 -0.3634 -0.3541 -0.3310 -0.2857 -0.2075 -0.1052 -0.0260 0.0228 0.0588 0.0899 0.1198 0.1504 0.1819 0.2105 0.2181 0.1482 -0.0218 -0.1141 -0.1517 -0.1771 -0.1961 -0.2096 -0.2149 -0.2096 -0.1961 -0.1771 -0.1517 -0.1141 -0.0218 0.1482 0.2181 0.2105 0.1819 0.1504 0.1198 0.0899 0.0588 0.0228 -0.0260 -0.1052 -0.2075 -0.2857 -0.3310 -0.3541 -0.3634 -0.3640 -0.3590 -0.3502 -0.3390 -0.3261 -0.3121 -0.2975 -0.2824 -0.2669 -0.2509 -0.2345 -0.2171 -0.1983 -0.1766 -0.1491 -0.1077 0.0013 0.1750 0.2202 0.2043 0.1733 0.1412 0.1102 0.0795 0.0465 0.0066 -0.0531 -0.1639
-0.0618 0.0049 0.0452 0.0784 0.1091 0.1400 0.1722 0.2033 0.2202 0.1786 0.0070 -0.1053 -0.1479 -0.1757 -0.1976 -0.2165 -0.2339 -0.2504 -0.2663 -0.2818 -0.2970 -0.3117 -0.3257 -0.3386 -0.3500 -0.3588 -0.3640 -0.3635 -0.3544 -0.3315 -0.2865 -0.2086 -0.1060 -0.0263 0.0227 0.0588 0.0900 0.1200 0.1507 0.1823 0.2108 0.2179 0.1453 -0.0247 -0.1153 -0.1527 -0.1784 -0.1986 -0.2152 -0.2274 -0.2324 -0.2274 -0.2152 -0.1986 -0.1784 -0.1527 -0.1153 -0.0247 0.1453 0.2179 0.2108 0.1823 0.1507 0.1200 0.0900 0.0588 0.0227 -0.0263 -0.1060 -0.2086 -0.2865 -0.3315 -0.3544 -0.3635 -0.3640 -0.3588 -0.3500 -0.3386 -0.3257 -0.3117 -0.2970 -0.2818 -0.2663 -0.2504 -0.2339 -0.2165 -0.1976 -0.1757 -0.1479 -0.1053 0.0070 0.1786 0.2202 0.2033 0.1722 0.1400 0.1091 0.0784 0.0452 0.0049 -0.0618
0.0051 0.0439 0.0773 0.1080 0.1389 0.1710 0.2023 0.2202 0.1820 0.0130 -0.1026 -0.1467 -0.1748 -0.1968 -0.2158 -0.2333 -0.2498 -0.2657 -0.2813 -0.2965 -0.3112 -0.3252 -0.3382 -0.3496 -0.3586 -0.3639 -0.3636 -0.3547 -0.3322 -0.2876 -0.2102 -0.1074 -0.0270 0.0224 0.0586 0.0899 0.1200 0.1507 0.1825 0.2110 0.2177 0.1429 -0.0270 -0.1163 -0.1534 -0.1791 -0.1996 -0.2173 -0.2326 -0.2442 -0.2490 -0.2442 -0.2326 -0.2173 -0.1996 -0.1791 -0.1534 -0.1163 -0.0270 0.1429 0.2177 0.2110 0.1825 0.1507 0.1200 0.0899 0.0586 0.0224 -0.0270 -0.1074 -0.2102 -0.2876 -0.3322 -0.3547 -0.3636 -0.3639 -0.3586 -0.3496 -0.3382 -0.3252 -0.3112 -0.2965 -0.2813 -0.2657 -0.2498 -0.2333 -0.2158 -0.1968 -0.1748 -0.1467 -0.1026 0.0130 0.1820 0.2202 0.2023 0.1710 0.1389 0.1080 0.0773 0.0439 0.0051
0.0482 0.0761 0.1069 0.1378 0.1698 0.2013 0.2202 0.1853 0.0191 -0.0997 -0.1456 -0.1740 -0.1961 -0.2152 -0.2327 -0.2492 -0.2652 -0.2807 -0.2959 -0.3107 -0.3247 -0.3378 -0.3493 -0.3584 -0.3638 -0.3637 -0.3551 -0.3330 -0.2890 -0.2122 -0.1093 -0.0280 0.0218 0.0582 0.0897 0.1198 0.1507 0.1825 0.2110 0.2176 0.1416 -0.0284 -0.1169 -0.1539 -0.1796 -0.2002 -0.2182 -0.2345 -0.2490 -0.2603 -0.2650 -0.2603 -0.2490 -0.2345 -0.2182 -0.2002 -0.1796 -0.1539 -0.1169 -0.0284 0.1416 0.2176 0.2110 0.1825 0.1507 0.1198 0.0897 0.0582 0.0218 -0.0280 -0.1093 -0.2122 -0.2890 -0.3330 -0.3551 -0.3637 -0.3638 -0.3584 -0.3493 -0.3378 -0.3247 -0.3107 -0.2959 -0.2807 -0.2652 -0.2492 -0.2327 -0.2152 -0.1961 -0.1740 -0.1456 -0.0997 0.0191 0.1853 0.2202 0.2013 0.1698 0.1378 0.1069 0.0761 0.0482
0.0824 0.1058 0.1367 0.1687 0.2002 0.2200 0.1883 0.0253 -0.0968 -0.1443 -0.1731 -0.1954 -0.2145 -0.2320 -0.2486 -0.2646 -0.2802 -0.2954 -0.3102 -0.3243 -0.3374 -0.3489 -0.3581 -0.3637 -0.3638 -0.3556 -0.3339 -0.2906 -0.2146 -0.1117 -0.0294 0.0211 0.0577 0.0892 0.1195 0.1504 0.1823 0.2110 0.2176 0.1412 -0.0292 -0.1173 -0.1542 -0.1799 -0.2006 -0.2187 -0.2353 -0.2509 -0.2649 -0.2759 -0.2805 -0.2759 -0.2649 -0.2509 -0.2353 -0.2187 -0.2006 -0.1799 -0.1542 -0.1173 -0.0292 0.1412 0.2176 0.2110 0.1823 0.1504 0.1195 0.0892 0.0577 0.0211 -0.0294 -0.1117 -0.2146 -0.2906 -0.3339 -0.3556 -0.3638 -0.3637 -0.3581 -0.3489 -0.3374 -0.3243 -0.3102 -0.2954 -0.2802 -0.2646 -0.2486 -0.2320 -0.2145 -0.1954 -0.1731 -0.1443 -0.0968 0.0253 0.1883 0.2200 0.2002 0.1687 0.1367 0.1058 0.0824
0.1137 0.1355 0.1675 0.1992 0.2198 0.1912 0.0317 -0.0938 -0.1431 -0.1722 -0.1946 -0.2139 -0.2314 -0.2480 -0.2640 -0.2796 -0.2948 -0.3096 -0.3238 -0.3369 -0.3485 -0.3578 -0.3636 -0.3639 -0.3560 -0.3348 -0.2923 -0.2172 -0.1144 -0.0310 0.0201 0.0570 0.0887 0.1190 0.1499 0.1819 0.2108 0.2177 0.1416 -0.0292 -0.1175 -0.1544 -0.1801 -0.2008 -0.2190 -0.2357 -0.2516 -0.2667 -0.2804 -0.2912 -0.2958 -0.2912 -0.2804 -0.2667 -0.2516 -0.2357 -0.2190 -0.2008 -0.1801 -0.1544 -0.1175 -0.0292 0.1416 0.2177 0.2108 0.1819 0.1499 0.1190 0.0887 0.0570 0.0201 -0.0310 -0.1144 -0.2172 -0.2923 -0.3348 -0.3560 -0.3639 -0.3636 -0.3578 -0.3485 -0.3369 -0.3238 -0.3096 -0.2948 -0.2796 -0.2640 -0.2480 -0.2314 -0.2139 -0.1946 -0.1722 -0.1431 -0.0938 0.0317 0.1912 0.2198 0.1992 0.1675 0.1355 0.1137
0.1451 0.1664 0.1981 0.2196 0.1939 0.0383 -0.0908 -0.1418 -0.1713 -0.1939 -0.2132 -0.2308 -0.2474 -0.2635 -0.2791 -0.2943 -0.3091 -0.3233 -0.3365 -0.3482 -0.3575 -0.3635 -0.3641 -0.3565 -0.3358 -0.2941 -0.2201 -0.1174 -0.0328 0.0190 0.0561 0.0880 0.1183 0.1493 0.1814 0.2105 0.2179 0.1429 -0.0284 -0.1173 -0.1544 -0.1801 -0.2009 -0.2191 -0.2360 -0.2520 -0.2673 -0.2820 -0.2955 -0.3061 -0.3106 -0.3061 -0.2955 -0.2820 -0.2673 -0.2520 -0.2360 -0.2191 -0.2009 -0.1801 -0.1544 -0.1173 -0.0284 0.1429 0.2179 0.2105 0.1814 0.1493 0.1183 0.0880 0.0561 0.0190 -0.0328 -0.1174 -0.2201 -0.2941 -0.3358 -0.3565 -0.3641 -0.3635 -0.3575 -0.3482 -0.3365 -0.3233 -0.3091 -0.2943 -0.2791 -0.2635 -0.2474 -0.2308 -0.2132 -0.1939 -0.1713 -0.1418 -0.0908 0.0383 0.1939 0.2196 0.1981 0.1664 0.1451
0.1778 0.1971 0.2193 0.1964 0.0449 -0.0876 -0.1405 -0.1704 -0.1931 -0.2126 -0.2302 -0.2468 -0.2629 -0.2785 -0.2938 -0.3086 -0.3228 -0.3360 -0.3478 -0.3573 -0.3633 -0.3642 -0.3569 -0.3369 -0.2961 -0.2233 -0.1207 -0.0349 0.0178 0.0552 0.0872 0.1176 0.1486 0.1808 0.2100 0.2181 0.1453 -0.0270 -0.1169 -0.1542 -0.1801 -0.2009 -0.2192 -0.2361 -0.2521 -0.2676 -0.2827 -0.2971 -0.3102 -0.3205 -0.3248 -0.3205 -0.3102 -0.2971 -0.2827 -0.2676 -0.2521 -0.2361 -0.2192 -0.2009 -0.1801 -0.1542 -0.1169 -0.0270 0.1453 0.2181 0.2100 0.1808 0.1486 0.1176 0.0872 0.0552 0.0178 -0.0349 -0.1207 -0.2233 -0.2961 -0.3369 -0.3569 -0.3642 -0.3633 -0.3573 -0.3478 -0.3360 -0.3228 -0.3086 -0.2938 -0.2785 -0.2629 -0.2468 -0.2302 -0.2126 -0.1931 -0.1704 -0.1405 -0.0876 0.0449 0.1964 0.2193 0.1971 0.1778
0.2104 0.2190 0.1989 0.0515 -0.0844 -0.1392 -0.1695 -0.1924 -0.2119 -0.2296 -0.2463 -0.2623 -0.2779 -0.2932 -0.3081 -0.3223 -0.3356 -0.3474 -0.3570 -0.3632 -0.3642 -0.3574 -0.3379 -0.2980 -0.2265 -0.1244 -0.0371 0.0165 0.0541 0.0863 0.1168 0.1478 0.1800 0.2095 0.2185 0.1483 -0.0247 -0.1163 -0.1539 -0.1799 -0.2008 -0.2191 -0.2361 -0.2522 -0.2678 -0.2829 -0.2976 -0.3116 -0.3242 -0.3339 -0.3380 -0.3339 -0.3242 -0.3116 -0.2976 -0.2829 -0.2678 -0.2522 -0.2361 -0.2191 -0.2008 -0.1799 -0.1539 -0.1163 -0.0247 0.1482 0.2184 0.2095 0.1800 0.1478 0.1168 0.0863 0.0541 0.0165 -0.0371 -0.1244 -0.2265 -0.2980 -0.3379 -0.3574 -0.3642 -0.3632 -0.3570 -0.3474 -0.3356 -0.3223 -0.3081 -0.2932 -0.2779 -0.2623 -0.2463 -0.2296 -0.2119 -0.1924 -0.1695 -0.1392 -0.0844 0.0515 0.1989 0.2190 0.2104
0.2332 0.2011 0.0583 -0.0812 -0.1379 -0.1685 -0.1916 -0.2112 -0.2290 -0.2457 -0.2617 -0.2774 -0.2927 -0.3075 -0.3218 -0.3351 -0.3470 -0.3567 -0.3630 -0.3643 -0.3578 -0.3389 -0.3000 -0.2297 -0.1282 -0.0396 0.0150 0.0530 0.0853 0.1158 0.1469 0.1791 0.2088 0.2188 0.1518 -0.0218 -0.1153 -0.1534 -0.1796 -0.2006 -0.2190 -0.2360 -0.2521 -0.2678 -0.2830 -0.2978 -0.3121 -0.3254 -0.3372 -0.3461 -0.3498 -0.3461 -0.3372 -0.3254 -0.3121 -0.2978 -0.2830 -0.2678 -0.2521 -0.2360 -0.2190 -0.2006 -0.1796 -0.1534 -0.1153 -0.0218 0.1517 0.2188 0.2088 0.1791 0.1469 0.1158 0.0853 0.0530 0.0150 -0.0396 -0.1282 -0.2297 -0.3000 -0.3389 -0.3578 -0.3643 -0.3630 -0.3567 -0.3470 -0.3351 -0.3218 -0.3075 -0.2927 -0.2774 -0.2617 -0.2457 -0.2290 -0.2112 -0.1916 -0.1685 -0.1379 -0.0812 0.0583 0.2011 0.2332
0.2140 0.0658 -0.0775 -0.1364 -0.1675 -0.1908 -0.2105 -0.2283 -0.2450 -0.2611 -0.2768 -0.2921 -0.3070 -0.3213 -0.3346 -0.3466 -0.3564 -0.3629 -0.3644 -0.3583 -0.3400 -0.3020 -0.2331 -0.1321 -0.0422 0.0133 0.0517 0.0842 0.1147 0.1458 0.1780 0.2080 0.2192 0.1562 -0.0181 -0.1141 -0.1527 -0.1791 -0.2002 -0.2187 -0.2358 -0.2520 -0.2676 -0.2829 -0.2978 -0.3122 -0.3258 -0.3383 -0.3488 -0.3563 -0.3593 -0.3563 -0.3488 -0.3383 -0.3258 -0.3122 -0.2978 -0.2829 -0.2676 -0.2520 -0.2357 -0.2187 -0.2002 -0.1791 -0.1527 -0.1141 -0.0181 0.1562 0.2191 0.2080 0.1780 0.1458 0.1147 0.0842 0.0517 0.0133 -0.0422 -0.1321 -0.2331 -0.3020 -0.3400 -0.3583 -0.3644 -0.3629 -0.3564 -0.3466 -0.3346 -0.3213 -0.3070 -0.2921 -0.2768 -0.2611 -0.2450 -0.2283 -0.2105 -0.1908 -0.1675 -0.1364 -0.0775 0.0658 0.2140
0.0771 -0.0730 -0.1346 -0.1662 -0.1898 -0.2097 -0.2275 -0.2443 -0.2604 -0.2761 -0.2914 -0.3063 -0.3207 -0.3341 -0.3461 -0.3560 -0.3627 -0.3645 -0.3588 -0.3412 -0.3042 -0.2368 -0.1367 -0.0452 0.0115 0.0502 0.0828 0.1135 0.1445 0.1767 0.2070 0.2194 0.1619 -0.0129 -0.1124 -0.1517 -0.1784 -0.1996 -0.2182 -0.2354 -0.2516 -0.2673 -0.2827 -0.2976 -0.3121 -0.3258 -0.3385 -0.3495 -0.3581 -0.3635 -0.3655 -0.3635 -0.3581 -0.3495 -0.3385 -0.3258 -0.3121 -0.2976 -0.2827 -0.2673 -0.2516 -0.2353 -0.2182 -0.1996 -0.1784 -0.1517 -0.1124 -0.0129 0.1619 0.2194 0.2070 0.1767 0.1445 0.1135 0.0828 0.0502 0.0115 -0.0452 -0.1367 -0.2368 -0.3042 -0.3412 -0.3588 -0.3645 -0.3627 -0.3560 -0.3461 -0.3341 -0.3207 -0.3063 -0.2914 -0.2761 -0.2604 -0.2443 -0.2275 -0.2097 -0.1898 -0.1662 -0.1346 -0.0730 0.0771
-0.0632 -0.1316 -0.1643 -0.1883 -0.2083 -0.2263 -0.2432 -0.2594 -0.2751 -0.2904 -0.3054 -0.3198 -0.3333 -0.3455 -0.3556 -0.3626 -0.3648 -0.3597 -0.3430 -0.3075 -0.2422 -0.1432 -0.0496 0.0087 0.0481 0.0810 0.1117 0.1427 0.1748 0.2054 0.2196 0.1689 -0.0044 -0.1092 -0.1499 -0.1771 -0.1986 -0.2173 -0.2345 -0.2509 -0.2667 -0.2820 -0.2971 -0.3116 -0.3254 -0.3383 -0.3495 -0.3584 -0.3641 -0.3664 -0.3668 -0.3664 -0.3641 -0.3584 -0.3495 -0.3383 -0.3254 -0.3116 -0.2971 -0.2820 -0.2667 -0.2509 -0.2345 -0.2173 -0.1986 -0.1771 -0.1499 -0.1092 -0.0044 0.1689 0.2196 0.2054 0.1748 0.1427 0.1117 0.0810 0.0481 0.0087 -0.0496 -0.1432 -0.2422 -0.3075 -0.3430 -0.3597 -0.3648 -0.3625 -0.3556 -0.3455 -0.3333 -0.3198 -0.3054 -0.2904 -0.2751 -0.2594 -0.2432 -0.2263 -0.2083 -0.1883 -0.1643 -0.1316 -0.0632
-0.1208 -0.1600 -0.1850 -0.2056 -0.2239 -0.2409 -0.2572 -0.2731 -0.2885 -0.3035 -0.3181 -0.3318 -0.3442 -0.3547 -0.3622 -0.3653 -0.3613 -0.3465 -0.3139 -0.2527 -0.1562 -0.0586 0.0032 0.0440 0.0774 0.1081 0.1390 0.1710 0.2021 0.2193 0.1794 0.0144 -0.1013 -0.1458 -0.1741 -0.1961 -0.2152 -0.2326 -0.2490 -0.2649 -0.2804 -0.2955 -0.3102 -0.3242 -0.3372 -0.3488 -0.3581 -0.3641 -0.3659 -0.3638 -0.3619 -0.3638 -0.3659 -0.3641 -0.3581 -0.3488 -0.3372 -0.3242 -0.3102 -0.2955 -0.2804 -0.2649 -0.2490 -0.2326 -0.2152 -0.1961 -0.1741 -0.1458 -0.1013 0.0144 0.1794 0.2193 0.2021 0.1710 0.1390 0.1081 0.0774 0.0440 0.0033 -0.0586 -0.1563 -0.2527 -0.3139 -0.3465 -0.3613 -0.3653 -0.3622 -0.3547 -0.3442 -0.3318 -0.3181 -0.3035 -0.2885 -0.2731 -0.2572 -0.2409 -0.2239 -0.2056 -0.1850 -0.1600 -0.1208
-0.1461 -0.1770 -0.1990 -0.2181 -0.2355 -0.2521 -0.2682 -0.2838 -0.2990 -0.3138 -0.3279 -0.3409 -0.3522 -0.3609 -0.3657 -0.3644 -0.3536 -0.3272 -0.2756 -0.1879 -0.0833 -0.0112 0.0336 0.0684 0.0995 0.1302 0.1619 0.1937 0.2169 0.1992 0.0658 -0.0770 -0.1347 -0.1663 -0.1898 -0.2096 -0.2274 -0.2442 -0.2603 -0.2759 -0.2912 -0.3061 -0.3205 -0.3339 -0.3461 -0.3563 -0.3635 -0.3664 -0.3638 -0.3568 -0.3523 -0.3568 -0.3638 -0.3664 -0.3635 -0.3563 -0.3461 -0.3339 -0.3205 -0.3061 -0.2912 -0.2759 -0.2603 -0.2442 -0.2274 -0.2096 -0.1898 -0.1663 -0.1347 -0.0770 0.0658 0.1992 0.2169 0.1937 0.1618 0.1302 0.0995 0.0684 0.0336 -0.0112 -0.0833 -0.1880 -0.2756 -0.3272 -0.3536 -0.3644 -0.3657 -0.3609 -0.3522 -0.3409 -0.3279 -0.3138 -0.2990 -0.2838 -0.2682 -0.2521 -0.2355 -0.2181 -0.1990 -0.1770 -0.1461
-0.1543 -0.1832 -0.2044 -0.2230 -0.2403 -0.2567 -0.2727 -0.2883 -0.3035 -0.3181 -0.3320 -0.3447 -0.3554 -0.3633 -0.3667 -0.3632 -0.3486 -0.3159 -0.2541 -0.1559 -0.0570 0.0045 0.0451 0.0783 0.1090 0.1399 0.1719 0.2025 0.2181 0.1733 0.0099 -0.1002 -0.1451 -0.1736 -0.1958 -0.2149 -0.2324 -0.2490 -0.2650 -0.2805 -0.2958 -0.3106 -0.3248 -0.3380 -0.3498 -0.3593 -0.3655 -0.3668 -0.3619 -0.3523 -0.3464 -0.3523 -0.3619 -0.3668 -0.3655 -0.3593 -0.3498 -0.3380 -0.3248 -0.3106 -0.2958 -0.2805 -0.2650 -0.2490 -0.2324 -0.2149 -0.1958 -0.1736 -0.1451 -0.1002 0.0099 0.1733 0.2181 0.2025 0.1719 0.1399 0.1090 0.0783 0.0451 0.0045 -0.0570 -0.1559 -0.2541 -0.3159 -0.3486 -0.3632 -0.3667 -0.3633 -0.3554 -0.3447 -0.3320 -0.3181 -0.3035 -0.2883 -0.2727 -0.2567 -0.2403 -0.2230 -0.2044 -0.1832 -0.1543
