-0.2740 -0.2891 -0.3038 -0.3181 -0.3317 -0.3443 -0.3554 -0.3641 -0.3692 -0.3689 -0.3601 -0.3377 -0.2929 -0.2140 -0.1074 -0.0226 0.0293 0.0667 0.0989 0.1299 0.1620 0.1951 0.2248 0.2320 0.1610 -0.0143 -0.1067 -0.1474 -0.1746 -0.1960 -0.2145 -0.2315 -0.2477 -0.2633 -0.2785 -0.2935 -0.3081 -0.3222 -0.3356 -0.3478 -0.3583 -0.3661 -0.3698 -0.3673 -0.3552 -0.3274 -0.2748 -0.1895 -0.0939 -0.0341 -0.0152 -0.0341 -0.0939 -0.1895 -0.2748 -0.3274 -0.3552 -0.3673 -0.3698 -0.3661 -0.3583 -0.3478 -0.3356 -0.3222 -0.3081 -0.2935 -0.2785 -0.2633 -0.2477 -0.2315 -0.2145 -0.1960 -0.1746 -0.1474 -0.1067 -0.0143 0.1610 0.2320 0.2248 0.1951 0.1620 0.1299 0.0989 0.0667 0.0293 -0.0226 -0.1074 -0.2140 -0.2929 -0.3377 -0.3601 -0.3689 -0.3692 -0.3641 -0.3554 -0.3443 -0.3317 -0.3181 -0.3038 -0.2891 -0.2740
-0.2891 -0.3041 -0.3181 -0.3313 -0.3433 -0.3535 -0.3610 -0.3645 -0.3620 -0.3503 -0.3240 -0.2745 -0.1925 -0.0926 -0.0193 0.0265 0.0613 0.0917 0.1212 0.1515 0.1827 0.2108 0.2181 0.1490 -0.0202 -0.1134 -0.1514 -0.1774 -0.1983 -0.2165 -0.2333 -0.2492 -0.2646 -0.2796 -0.2943 -0.3086 -0.3223 -0.3351 -0.3466 -0.3560 -0.3625 -0.3645 -0.3597 -0.3443 -0.3122 -0.2540 -0.1642 -0.0710 -0.0114 0.0209 0.0324 0.0209 -0.0114 -0.0710 -0.1642 -0.2540 -0.3122 -0.3443 -0.3597 -0.3645 -0.3625 -0.3560 -0.3466 -0.3351 -0.3223 -0.3086 -0.2943 -0.2796 -0.2646 -0.2492 -0.2333 -0.2165 -0.1983 -0.1774 -0.1514 -0.1134 -0.0202 0.1490 0.2181 0.2108 0.1827 0.1515 0.1212 0.0917 0.0613 0.0265 -0.0193 -0.0926 -0.1925 -0.2745 -0.3240 -0.3503 -0.3620 -0.3645 -0.3610 -0.3535 -0.3433 -0.3313 -0.3181 -0.3041 -0.2891
-0.3038 -0.3181 -0.3315 -0.3435 -0.3537 -0.3612 -0.3646 -0.3619 -0.3498 -0.3228 -0.2722 -0.1889 -0.0893 -0.0172 0.0279 0.0624 0.0928 0.1223 0.1526 0.1838 0.2116 0.2175 0.1431 -0.0252 -0.1152 -0.1525 -0.1782 -0.1990 -0.2171 -0.2339 -0.2498 -0.2651 -0.2802 -0.2948 -0.3091 -0.3228 -0.3355 -0.3470 -0.3564 -0.3627 -0.3645 -0.3594 -0.3436 -0.3107 -0.2511 -0.1592 -0.0651 -0.0041 0.0336 0.0584 0.0681 0.0584 0.0336 -0.0041 -0.0651 -0.1592 -0.2511 -0.3107 -0.3436 -0.3594 -0.3645 -0.3627 -0.3564 -0.3470 -0.3355 -0.3228 -0.3091 -0.2948 -0.2802 -0.2651 -0.2498 -0.2339 -0.2171 -0.1990 -0.1782 -0.1525 -0.1152 -0.0252 0.1431 0.2175 0.2116 0.1838 0.1526 0.1223 0.0928 0.0624 0.0279 -0.0172 -0.0893 -0.1889 -0.2722 -0.3228 -0.3498 -0.3619 -0.3646 -0.3612 -0.3537 -0.3435 -0.3315 -0.3181 -0.3038
-0.3181 -0.3313 -0.3435 -0.3538 -0.3613 -0.3646 -0.3617 -0.3492 -0.3216 -0.2700 -0.1855 -0.0861 -0.0152 0.0293 0.0636 0.0939 0.1234 0.1537 0.1849 0.2124 0.2167 0.1370 -0.0301 -0.1169 -0.1536 -0.1791 -0.1997 -0.2178 -0.2345 -0.2503 -0.2657 -0.2807 -0.2954 -0.3096 -0.3233 -0.3360 -0.3474 -0.3567 -0.3629 -0.3645 -0.3590 -0.3427 -0.3090 -0.2481 -0.1550 -0.0614 -0.0006 0.0386 0.0686 0.0906 0.0997 0.0906 0.0686 0.0386 -0.0006 -0.0614 -0.1550 -0.2481 -0.3090 -0.3427 -0.3590 -0.3645 -0.3629 -0.3567 -0.3474 -0.3360 -0.3233 -0.3096 -0.2954 -0.2807 -0.2657 -0.2503 -0.2345 -0.2178 -0.1997 -0.1791 -0.1536 -0.1169 -0.0301 0.1370 0.2167 0.2124 0.1849 0.1537 0.1234 0.0939 0.0636 0.0293 -0.0152 -0.0861 -0.1855 -0.2700 -0.3216 -0.3492 -0.3617 -0.3646 -0.3613 -0.3538 -0.3435 -0.3313 -0.3181
-0.3317 -0.3433 -0.3537 -0.3613 -0.3646 -0.3616 -0.3488 -0.3207 -0.2681 -0.1825 -0.0832 -0.0134 0.0306 0.0648 0.0950 0.1245 0.1549 0.1861 0.2132 0.2158 0.1309 -0.0348 -0.1186 -0.1546 -0.1799 -0.2004 -0.2184 -0.2351 -0.2509 -0.2663 -0.2813 -0.2959 -0.3101 -0.3238 -0.3365 -0.3478 -0.3570 -0.3630 -0.3644 -0.3586 -0.3418 -0.3072 -0.2451 -0.1511 -0.0583 0.0016 0.0411 0.0727 0.0999 0.1214 0.1307 0.1214 0.0999 0.0727 0.0411 0.0016 -0.0583 -0.1511 -0.2451 -0.3072 -0.3418 -0.3586 -0.3644 -0.3630 -0.3570 -0.3478 -0.3365 -0.3238 -0.3101 -0.2959 -0.2813 -0.2663 -0.2509 -0.2351 -0.2184 -0.2004 -0.1799 -0.1546 -0.1186 -0.0348 0.1309 0.2158 0.2132 0.1861 0.1549 0.1245 0.0950 0.0648 0.0306 -0.0134 -0.0832 -0.1825 -0.2681 -0.3207 -0.3488 -0.3616 -0.3646 -0.3613 -0.3537 -0.3433 -0.3317
-0.3443 -0.3535 -0.3612 -0.3646 -0.3616 -0.3487 -0.3201 -0.2667 -0.1801 -0.0809 -0.0118 0.0318 0.0658 0.0961 0.1256 0.1560 0.1872 0.2139 0.2149 0.1246 -0.0394 -0.1203 -0.1557 -0.1807 -0.2011 -0.2190 -0.2357 -0.2515 -0.2668 -0.2818 -0.2964 -0.3107 -0.3242 -0.3369 -0.3481 -0.3572 -0.3632 -0.3643 -0.3582 -0.3409 -0.3055 -0.2422 -0.1473 -0.0554 0.0035 0.0427 0.0748 0.1037 0.1306 0.1530 0.1627 0.1530 0.1306 0.1037 0.0748 0.0427 0.0035 -0.0554 -0.1473 -0.2422 -0.3055 -0.3409 -0.3582 -0.3643 -0.3632 -0.3572 -0.3481 -0.3369 -0.3242 -0.3107 -0.2964 -0.2818 -0.2668 -0.2515 -0.2357 -0.2190 -0.2011 -0.1807 -0.1557 -0.1203 -0.0394 0.1246 0.2149 0.2139 0.1872 0.1560 0.1256 0.0961 0.0658 0.0318 -0.0118 -0.0809 -0.1801 -0.2667 -0.3201 -0.3487 -0.3616 -0.3646 -0.3612 -0.3535 -0.3443
-0.3554 -0.3610 -0.3646 -0.3617 -0.3488 -0.3201 -0.2663 -0.1788 -0.0793 -0.0106 0.0327 0.0667 0.0969 0.1266 0.1571 0.1883 0.2146 0.2138 0.1180 -0.0439 -0.1220 -0.1568 -0.1816 -0.2018 -0.2197 -0.2363 -0.2521 -0.2674 -0.2824 -0.2970 -0.3112 -0.3247 -0.3374 -0.3485 -0.3575 -0.3633 -0.3643 -0.3578 -0.3399 -0.3037 -0.2392 -0.1435 -0.0527 0.0052 0.0441 0.0762 0.1057 0.1345 0.1625 0.1852 0.1946 0.1852 0.1625 0.1345 0.1057 0.0762 0.0441 0.0052 -0.0527 -0.1435 -0.2392 -0.3037 -0.3399 -0.3578 -0.3643 -0.3633 -0.3575 -0.3485 -0.3374 -0.3247 -0.3112 -0.2970 -0.2824 -0.2674 -0.2521 -0.2363 -0.2197 -0.2018 -0.1816 -0.1568 -0.1220 -0.0439 0.1180 0.2138 0.2146 0.1883 0.1571 0.1266 0.0969 0.0667 0.0327 -0.0106 -0.0793 -0.1788 -0.2663 -0.3201 -0.3488 -0.3617 -0.3646 -0.3610 -0.3554
-0.3641 -0.3645 -0.3619 -0.3492 -0.3207 -0.2667 -0.1788 -0.0788 -0.0100 0.0334 0.0674 0.0977 0.1274 0.1580 0.1892 0.2152 0.2127 0.1118 -0.0481 -0.1236 -0.1579 -0.1824 -0.2025 -0.2203 -0.2369 -0.2527 -0.2680 -0.2829 -0.2975 -0.3117 -0.3252 -0.3378 -0.3489 -0.3578 -0.3635 -0.3642 -0.3574 -0.3389 -0.3019 -0.2361 -0.1396 -0.0500 0.0069 0.0454 0.0774 0.1070 0.1365 0.1665 0.1944 0.2127 0.2171 0.2127 0.1944 0.1665 0.1365 0.1070 0.0774 0.0454 0.0069 -0.0500 -0.1396 -0.2361 -0.3019 -0.3389 -0.3574 -0.3642 -0.3635 -0.3578 -0.3489 -0.3378 -0.3252 -0.3117 -0.2975 -0.2829 -0.2680 -0.2527 -0.2369 -0.2203 -0.2025 -0.1824 -0.1579 -0.1236 -0.0481 0.1118 0.2127 0.2152 0.1892 0.1580 0.1274 0.0977 0.0674 0.0334 -0.0100 -0.0788 -0.1788 -0.2667 -0.3207 -0.3492 -0.3619 -0.3645 -0.3641
-0.3692 -0.3620 -0.3498 -0.3216 -0.2681 -0.1801 -0.0793 -0.0100 0.0336 0.0677 0.0982 0.1280 0.1587 0.1900 0.2157 0.2117 0.1061 -0.0518 -0.1251 -0.1589 -0.1832 -0.2032 -0.2209 -0.2375 -0.2532 -0.2685 -0.2835 -0.2981 -0.3122 -0.3257 -0.3382 -0.3493 -0.3581 -0.3636 -0.3641 -0.3569 -0.3379 -0.3000 -0.2330 -0.1358 -0.0473 0.0085 0.0467 0.0786 0.1082 0.1379 0.1685 0.1982 0.2178 0.2114 0.1956 0.2114 0.2178 0.1982 0.1685 0.1379 0.1082 0.0786 0.0467 0.0085 -0.0473 -0.1358 -0.2330 -0.3000 -0.3379 -0.3569 -0.3641 -0.3636 -0.3581 -0.3493 -0.3382 -0.3257 -0.3122 -0.2981 -0.2835 -0.2685 -0.2532 -0.2375 -0.2209 -0.2032 -0.1832 -0.1589 -0.1251 -0.0518 0.1061 0.2117 0.2157 0.1900 0.1587 0.1280 0.0982 0.0677 0.0336 -0.0100 -0.0793 -0.1801 -0.2681 -0.3216 -0.3498 -0.3620 -0.3692
-0.3689 -0.3503 -0.3228 -0.2700 -0.1825 -0.0809 -0.0106 0.0334 0.0677 0.0983 0.1283 0.1592 0.1906 0.2161 0.2107 0.1010 -0.0551 -0.1264 -0.1598 -0.1839 -0.2039 -0.2216 -0.2381 -0.2538 -0.2691 -0.2840 -0.2986 -0.3127 -0.3262 -0.3387 -0.3497 -0.3584 -0.3637 -0.3639 -0.3565 -0.3369 -0.2981 -0.2298 -0.1321 -0.0447 0.0101 0.0480 0.0797 0.1093 0.1391 0.1700 0.2001 0.2193 0.1994 0.1127 0.0560 0.1127 0.1994 0.2193 0.2001 0.1700 0.1391 0.1093 0.0797 0.0480 0.0101 -0.0447 -0.1321 -0.2298 -0.2981 -0.3369 -0.3565 -0.3639 -0.3637 -0.3584 -0.3497 -0.3387 -0.3262 -0.3127 -0.2986 -0.2840 -0.2691 -0.2538 -0.2381 -0.2216 -0.2039 -0.1839 -0.1598 -0.1264 -0.0551 0.1010 0.2107 0.2161 0.1906 0.1592 0.1283 0.0983 0.0677 0.0334 -0.0106 -0.0809 -0.1825 -0.2700 -0.3228 -0.3503 -0.3689
-0.3601 -0.3240 -0.2722 -0.1855 -0.0832 -0.0118 0.0327 0.0674 0.0982 0.1283 0.1594 0.1910 0.2163 0.2100 0.0971 -0.0577 -0.1275 -0.1606 -0.1846 -0.2045 -0.2222 -0.2386 -0.2544 -0.2697 -0.2846 -0.2991 -0.3133 -0.3267 -0.3391 -0.3500 -0.3586 -0.3638 -0.3638 -0.3560 -0.3359 -0.2962 -0.2266 -0.1283 -0.0422 0.0117 0.0492 0.0808 0.1104 0.1402 0.1712 0.2014 0.2199 0.1925 0.0602 -0.0499 -0.0801 -0.0499 0.0602 0.1925 0.2199 0.2014 0.1712 0.1402 0.1104 0.0808 0.0492 0.0117 -0.0422 -0.1283 -0.2266 -0.2962 -0.3359 -0.3560 -0.3638 -0.3638 -0.3586 -0.3500 -0.3391 -0.3267 -0.3133 -0.2991 -0.2846 -0.2697 -0.2544 -0.2386 -0.2222 -0.2045 -0.1846 -0.1606 -0.1275 -0.0577 0.0971 0.2100 0.2163 0.1910 0.1594 0.1283 0.0982 0.0674 0.0327 -0.0118 -0.0832 -0.1855 -0.2722 -0.3240 -0.3601
-0.3377 -0.2745 -0.1889 -0.0861 -0.0134 0.0318 0.0667 0.0977 0.1280 0.1592 0.1910 0.2164 0.2096 0.0946 -0.0597 -0.1283 -0.1612 -0.1852 -0.2050 -0.2227 -0.2391 -0.2549 -0.2702 -0.2851 -0.2997 -0.3138 -0.3272 -0.3396 -0.3504 -0.3589 -0.3639 -0.3637 -0.3555 -0.3348 -0.2941 -0.2233 -0.1245 -0.0396 0.0134 0.0505 0.0820 0.1115 0.1414 0.1724 0.2025 0.2201 0.1882 0.0374 -0.0802 -0.1242 -0.1358 -0.1242 -0.0802 0.0374 0.1882 0.2201 0.2025 0.1724 0.1414 0.1115 0.0820 0.0505 0.0134 -0.0396 -0.1245 -0.2233 -0.2941 -0.3348 -0.3555 -0.3637 -0.3639 -0.3589 -0.3504 -0.3396 -0.3272 -0.3138 -0.2997 -0.2851 -0.2702 -0.2549 -0.2391 -0.2227 -0.2050 -0.1852 -0.1612 -0.1283 -0.0597 0.0946 0.2096 0.2164 0.1910 0.1592 0.1280 0.0977 0.0667 0.0318 -0.0134 -0.0861 -0.1889 -0.2745 -0.3377
-0.2929 -0.1925 -0.0893 -0.0152 0.0306 0.0658 0.0969 0.1274 0.1587 0.1906 0.2163 0.2096 0.0936 -0.0607 -0.1289 -0.1617 -0.1856 -0.2054 -0.2231 -0.2396 -0.2554 -0.2706 -0.2856 -0.3002 -0.3143 -0.3277 -0.3400 -0.3508 -0.3592 -0.3640 -0.3636 -0.3550 -0.3337 -0.2921 -0.2200 -0.1207 -0.0371 0.0149 0.0518 0.0831 0.1126 0.1425 0.1736 0.2035 0.2202 0.1848 0.0262 -0.0911 -0.1370 -0.1593 -0.1671 -0.1593 -0.1370 -0.0911 0.0262 0.1848 0.2202 0.2035 0.1736 0.1425 0.1126 0.0831 0.0518 0.0149 -0.0371 -0.1207 -0.2200 -0.2921 -0.3337 -0.3550 -0.3636 -0.3640 -0.3592 -0.3508 -0.3400 -0.3277 -0.3143 -0.3002 -0.2856 -0.2706 -0.2554 -0.2396 -0.2231 -0.2054 -0.1856 -0.1617 -0.1289 -0.0607 0.0936 0.2096 0.2163 0.1906 0.1587 0.1274 0.0969 0.0658 0.0306 -0.0152 -0.0893 -0.1925 -0.2929
-0.2140 -0.0926 -0.0172 0.0293 0.0648 0.0961 0.1266 0.1580 0.1900 0.2161 0.2100 0.0946 -0.0607 -0.1290 -0.1619 -0.1859 -0.2057 -0.2234 -0.2400 -0.2558 -0.2711 -0.2860 -0.3006 -0.3147 -0.3281 -0.3404 -0.3511 -0.3594 -0.3641 -0.3634 -0.3545 -0.3326 -0.2900 -0.2166 -0.1170 -0.0347 0.0164 0.0530 0.0842 0.1137 0.1437 0.1747 0.2045 0.2202 0.1814 0.0186 -0.0964 -0.1418 -0.1679 -0.1844 -0.1906 -0.1844 -0.1679 -0.1418 -0.0964 0.0186 0.1814 0.2202 0.2045 0.1747 0.1437 0.1137 0.0842 0.0530 0.0164 -0.0347 -0.1170 -0.2166 -0.2900 -0.3326 -0.3545 -0.3634 -0.3641 -0.3594 -0.3511 -0.3404 -0.3281 -0.3147 -0.3006 -0.2860 -0.2711 -0.2558 -0.2400 -0.2234 -0.2057 -0.1859 -0.1619 -0.1290 -0.0607 0.0946 0.2100 0.2161 0.1900 0.1580 0.1266 0.0961 0.0648 0.0293 -0.0172 -0.0926 -0.2140
-0.1074 -0.0193 0.0279 0.0636 0.0950 0.1256 0.1571 0.1892 0.2157 0.2107 0.0971 -0.0597 -0.1289 -0.1619 -0.1859 -0.2059 -0.2237 -0.2402 -0.2560 -0.2714 -0.2864 -0.3010 -0.3151 -0.3285 -0.3408 -0.3514 -0.3596 -0.3642 -0.3633 -0.3539 -0.3314 -0.2879 -0.2132 -0.1133 -0.0324 0.0180 0.0542 0.0853 0.1148 0.1448 0.1759 0.2054 0.2201 0.1780 0.0122 -0.0999 -0.1441 -0.1713 -0.1912 -0.2050 -0.2104 -0.2050 -0.1912 -0.1713 -0.1441 -0.0999 0.0122 0.1780 0.2201 0.2054 0.1759 0.1448 0.1148 0.0853 0.0542 0.0180 -0.0324 -0.1133 -0.2132 -0.2879 -0.3314 -0.3539 -0.3633 -0.3642 -0.3596 -0.3514 -0.3408 -0.3285 -0.3151 -0.3010 -0.2864 -0.2714 -0.2560 -0.2402 -0.2237 -0.2059 -0.1859 -0.1619 -0.1289 -0.0597 0.0971 0.2107 0.2157 0.1892 0.1571 0.1256 0.0950 0.0636 0.0279 -0.0193 -0.1074
-0.0226 0.0265 0.0624 0.0939 0.1245 0.1560 0.1883 0.2152 0.2117 0.1010 -0.0577 -0.1283 -0.1617 -0.1859 -0.2059 -0.2237 -0.2403 -0.2562 -0.2716 -0.2867 -0.3013 -0.3154 -0.3288 -0.3411 -0.3517 -0.3598 -0.3643 -0.3631 -0.3534 -0.3302 -0.2857 -0.2097 -0.1096 -0.0300 0.0195 0.0554 0.0864 0.1159 0.1459 0.1771 0.2064 0.2200 0.1743 0.0062 -0.1029 -0.1456 -0.1729 -0.1939 -0.2109 -0.2233 -0.2283 -0.2233 -0.2109 -0.1939 -0.1729 -0.1456 -0.1029 0.0062 0.1743 0.2200 0.2064 0.1771 0.1459 0.1159 0.0864 0.0554 0.0195 -0.0300 -0.1096 -0.2097 -0.2857 -0.3302 -0.3534 -0.3631 -0.3643 -0.3598 -0.3517 -0.3411 -0.3288 -0.3154 -0.3013 -0.2867 -0.2716 -0.2562 -0.2403 -0.2237 -0.2059 -0.1859 -0.1617 -0.1283 -0.0577 0.1010 0.2117 0.2152 0.1883 0.1560 0.1245 0.0939 0.0624 0.0265 -0.0226
0.0293 0.0613 0.0928 0.1234 0.1549 0.1872 0.2146 0.2127 0.1061 -0.0551 -0.1275 -0.1612 -0.1856 -0.2057 -0.2237 -0.2403 -0.2563 -0.2717 -0.2868 -0.3015 -0.3157 -0.3291 -0.3414 -0.3520 -0.3600 -0.3643 -0.3629 -0.3529 -0.3291 -0.2836 -0.2063 -0.1061 -0.0277 0.0210 0.0567 0.0875 0.1170 0.1471 0.1782 0.2074 0.2198 0.1698 0.0003 -0.1057 -0.1469 -0.1740 -0.1953 -0.2133 -0.2287 -0.2403 -0.2451 -0.2403 -0.2287 -0.2133 -0.1953 -0.1740 -0.1469 -0.1057 0.0003 0.1698 0.2198 0.2074 0.1782 0.1471 0.1170 0.0875 0.0567 0.0210 -0.0277 -0.1061 -0.2063 -0.2836 -0.3291 -0.3529 -0.3629 -0.3643 -0.3600 -0.3520 -0.3414 -0.3291 -0.3157 -0.3015 -0.2868 -0.2717 -0.2563 -0.2403 -0.2237 -0.2057 -0.1856 -0.1612 -0.1275 -0.0551 0.1061 0.2127 0.2146 0.1872 0.1549 0.1234 0.0928 0.0613 0.0293
0.0667 0.0917 0.1223 0.1537 0.1861 0.2139 0.2138 0.1118 -0.0518 -0.1264 -0.1606 -0.1852 -0.2054 -0.2234 -0.2402 -0.2562 -0.2717 -0.2869 -0.3016 -0.3158 -0.3293 -0.3416 -0.3522 -0.3602 -0.3644 -0.3628 -0.3524 -0.3281 -0.2816 -0.2032 -0.1028 -0.0255 0.0224 0.0579 0.0886 0.1181 0.1482 0.1794 0.2083 0.2194 0.1646 -0.0053 -0.1080 -0.1481 -0.1749 -0.1962 -0.2145 -0.2309 -0.2454 -0.2566 -0.2613 -0.2566 -0.2454 -0.2309 -0.2145 -0.1962 -0.1749 -0.1481 -0.1080 -0.0053 0.1646 0.2194 0.2083 0.1794 0.1482 0.1181 0.0886 0.0579 0.0224 -0.0255 -0.1028 -0.2032 -0.2816 -0.3281 -0.3524 -0.3628 -0.3644 -0.3602 -0.3522 -0.3416 -0.3293 -0.3158 -0.3016 -0.2869 -0.2717 -0.2562 -0.2402 -0.2234 -0.2054 -0.1852 -0.1606 -0.1264 -0.0518 0.1118 0.2138 0.2139 0.1861 0.1537 0.1223 0.0917 0.0667
0.0989 0.1212 0.1526 0.1849 0.2132 0.2149 0.1180 -0.0481 -0.1251 -0.1598 -0.1846 -0.2050 -0.2231 -0.2400 -0.2560 -0.2716 -0.2868 -0.3016 -0.3159 -0.3294 -0.3417 -0.3523 -0.3603 -0.3644 -0.3627 -0.3520 -0.3272 -0.2799 -0.2003 -0.0997 -0.0235 0.0238 0.0590 0.0897 0.1192 0.1494 0.1805 0.2092 0.2190 0.1592 -0.0107 -0.1099 -0.1493 -0.1758 -0.1969 -0.2153 -0.2320 -0.2475 -0.2615 -0.2725 -0.2770 -0.2725 -0.2615 -0.2475 -0.2320 -0.2153 -0.1969 -0.1758 -0.1493 -0.1099 -0.0107 0.1592 0.2190 0.2092 0.1805 0.1494 0.1192 0.0897 0.0590 0.0238 -0.0235 -0.0997 -0.2003 -0.2799 -0.3272 -0.3520 -0.3627 -0.3644 -0.3603 -0.3523 -0.3417 -0.3294 -0.3159 -0.3016 -0.2868 -0.2716 -0.2560 -0.2400 -0.2231 -0.2050 -0.1846 -0.1598 -0.1251 -0.0481 0.1180 0.2149 0.2132 0.1849 0.1526 0.1212 0.0989
0.1299 0.1515 0.1838 0.2124 0.2158 0.1246 -0.0439 -0.1236 -0.1589 -0.1839 -0.2045 -0.2227 -0.2396 -0.2558 -0.2714 -0.2867 -0.3015 -0.3158 -0.3294 -0.3418 -0.3524 -0.3604 -0.3644 -0.3626 -0.3517 -0.3265 -0.2784 -0.1978 -0.0971 -0.0218 0.0250 0.0601 0.0907 0.1203 0.1505 0.1817 0.2101 0.2186 0.1537 -0.0160 -0.1119 -0.1504 -0.1767 -0.1977 -0.2159 -0.2327 -0.2485 -0.2635 -0.2772 -0.2879 -0.2924 -0.2879 -0.2772 -0.2635 -0.2485 -0.2327 -0.2159 -0.1977 -0.1767 -0.1504 -0.1119 -0.0160 0.1537 0.2186 0.2101 0.1817 0.1505 0.1203 0.0907 0.0601 0.0250 -0.0218 -0.0971 -0.1978 -0.2784 -0.3265 -0.3517 -0.3626 -0.3644 -0.3604 -0.3524 -0.3418 -0.3294 -0.3158 -0.3015 -0.2867 -0.2714 -0.2558 -0.2396 -0.2227 -0.2045 -0.1839 -0.1589 -0.1236 -0.0439 0.1246 0.2158 0.2124 0.1838 0.1515 0.1299
0.1620 0.1827 0.2116 0.2167 0.1309 -0.0394 -0.1220 -0.1579 -0.1832 -0.2039 -0.2222 -0.2391 -0.2554 -0.2711 -0.2864 -0.3013 -0.3157 -0.3293 -0.3417 -0.3524 -0.3604 -0.3644 -0.3625 -0.3515 -0.3259 -0.2772 -0.1956 -0.0948 -0.0203 0.0261 0.0610 0.0916 0.1212 0.1516 0.1828 0.2109 0.2180 0.1478 -0.0212 -0.1137 -0.1516 -0.1776 -0.1984 -0.2166 -0.2334 -0.2493 -0.2645 -0.2791 -0.2925 -0.3030 -0.3075 -0.3030 -0.2925 -0.2791 -0.2645 -0.2493 -0.2334 -0.2166 -0.1984 -0.1776 -0.1516 -0.1137 -0.0212 0.1478 0.2180 0.2109 0.1828 0.1516 0.1212 0.0916 0.0610 0.0261 -0.0203 -0.0948 -0.1956 -0.2772 -0.3259 -0.3515 -0.3625 -0.3644 -0.3604 -0.3524 -0.3417 -0.3293 -0.3157 -0.3013 -0.2864 -0.2711 -0.2554 -0.2391 -0.2222 -0.2039 -0.1832 -0.1579 -0.1220 -0.0394 0.1309 0.2167 0.2116 0.1827 0.1620
0.1951 0.2108 0.2175 0.1370 -0.0348 -0.1203 -0.1568 -0.1824 -0.2032 -0.2216 -0.2386 -0.2549 -0.2706 -0.2860 -0.3010 -0.3154 -0.3291 -0.3416 -0.3523 -0.3604 -0.3644 -0.3625 -0.3513 -0.3255 -0.2763 -0.1940 -0.0931 -0.0191 0.0270 0.0619 0.0925 0.1221 0.1525 0.1838 0.2116 0.2174 0.1421 -0.0261 -0.1155 -0.1527 -0.1784 -0.1991 -0.2172 -0.2340 -0.2499 -0.2652 -0.2801 -0.2944 -0.3074 -0.3176 -0.3219 -0.3176 -0.3074 -0.2944 -0.2801 -0.2652 -0.2499 -0.2340 -0.2172 -0.1991 -0.1784 -0.1527 -0.1155 -0.0261 0.1421 0.2174 0.2116 0.1838 0.1525 0.1221 0.0925 0.0619 0.0270 -0.0191 -0.0931 -0.1940 -0.2763 -0.3255 -0.3513 -0.3625 -0.3644 -0.3604 -0.3523 -0.3416 -0.3291 -0.3154 -0.3010 -0.2860 -0.2706 -0.2549 -0.2386 -0.2216 -0.2032 -0.1824 -0.1568 -0.1203 -0.0348 0.1370 0.2175 0.2108 0.1951
0.2248 0.2181 0.1431 -0.0301 -0.1186 -0.1557 -0.1816 -0.2025 -0.2209 -0.2381 -0.2544 -0.2702 -0.2856 -0.3006 -0.3151 -0.3288 -0.3414 -0.3522 -0.3603 -0.3644 -0.3625 -0.3513 -0.3254 -0.2759 -0.1931 -0.0918 -0.0182 0.0277 0.0625 0.0932 0.1229 0.1534 0.1847 0.2123 0.2167 0.1368 -0.0306 -0.1171 -0.1538 -0.1792 -0.1998 -0.2179 -0.2346 -0.2505 -0.2658 -0.2808 -0.2953 -0.3092 -0.3218 -0.3315 -0.3355 -0.3315 -0.3218 -0.3092 -0.2953 -0.2808 -0.2658 -0.2505 -0.2346 -0.2179 -0.1998 -0.1792 -0.1538 -0.1171 -0.0306 0.1368 0.2167 0.2123 0.1847 0.1534 0.1229 0.0932 0.0625 0.0277 -0.0182 -0.0918 -0.1931 -0.2759 -0.3254 -0.3513 -0.3625 -0.3644 -0.3603 -0.3522 -0.3414 -0.3288 -0.3151 -0.3006 -0.2856 -0.2702 -0.2544 -0.2381 -0.2209 -0.2025 -0.1816 -0.1557 -0.1186 -0.0301 0.1431 0.2181 0.2248
0.2320 0.1490 -0.0252 -0.1169 -0.1546 -0.1807 -0.2018 -0.2203 -0.2375 -0.2538 -0.2697 -0.2851 -0.3002 -0.3147 -0.3285 -0.3411 -0.3520 -0.3602 -0.3644 -0.3626 -0.3515 -0.3255 -0.2759 -0.1928 -0.0912 -0.0176 0.0282 0.0630 0.0937 0.1235 0.1541 0.1855 0.2129 0.2161 0.1318 -0.0346 -0.1187 -0.1548 -0.1800 -0.2005 -0.2185 -0.2352 -0.2510 -0.2664 -0.2814 -0.2960 -0.3101 -0.3234 -0.3352 -0.3441 -0.3477 -0.3441 -0.3352 -0.3234 -0.3101 -0.2960 -0.2814 -0.2664 -0.2510 -0.2352 -0.2185 -0.2005 -0.1800 -0.1548 -0.1187 -0.0346 0.1318 0.2161 0.2129 0.1855 0.1541 0.1235 0.0937 0.0630 0.0282 -0.0176 -0.0912 -0.1928 -0.2759 -0.3255 -0.3515 -0.3626 -0.3644 -0.3602 -0.3520 -0.3411 -0.3285 -0.3147 -0.3002 -0.2851 -0.2697 -0.2538 -0.2375 -0.2203 -0.2018 -0.1807 -0.1546 -0.1169 -0.0252 0.1490 0.2320
0.1610 -0.0202 -0.1152 -0.1536 -0.1799 -0.2011 -0.2197 -0.2369 -0.2532 -0.2691 -0.2846 -0.2997 -0.3143 -0.3281 -0.3408 -0.3517 -0.3600 -0.3644 -0.3627 -0.3517 -0.3259 -0.2763 -0.1931 -0.0912 -0.0174 0.0284 0.0633 0.0941 0.1239 0.1546 0.1861 0.2133 0.2155 0.1271 -0.0382 -0.1200 -0.1556 -0.1807 -0.2012 -0.2191 -0.2358 -0.2516 -0.2670 -0.2819 -0.2966 -0.3107 -0.3242 -0.3366 -0.3471 -0.3548 -0.3578 -0.3548 -0.3471 -0.3366 -0.3242 -0.3107 -0.2966 -0.2819 -0.2670 -0.2516 -0.2358 -0.2191 -0.2012 -0.1807 -0.1556 -0.1200 -0.0382 0.1271 0.2155 0.2133 0.1861 0.1546 0.1239 0.0941 0.0633 0.0284 -0.0174 -0.0912 -0.1931 -0.2763 -0.3259 -0.3517 -0.3627 -0.3644 -0.3600 -0.3517 -0.3408 -0.3281 -0.3143 -0.2997 -0.2846 -0.2691 -0.2532 -0.2369 -0.2197 -0.2011 -0.1799 -0.1536 -0.1152 -0.0202 0.1610
-0.0143 -0.1134 -0.1525 -0.1791 -0.2004 -0.2190 -0.2363 -0.2527 -0.2685 -0.2840 -0.2991 -0.3138 -0.3277 -0.3404 -0.3514 -0.3598 -0.3643 -0.3628 -0.3520 -0.3265 -0.2772 -0.1940 -0.0918 -0.0176 0.0284 0.0635 0.0943 0.1242 0.1550 0.1865 0.2137 0.2150 0.1232 -0.0412 -0.1212 -0.1565 -0.1814 -0.2017 -0.2197 -0.2363 -0.2522 -0.2675 -0.2825 -0.2971 -0.3113 -0.3248 -0.3373 -0.3483 -0.3570 -0.3626 -0.3647 -0.3626 -0.3570 -0.3483 -0.3373 -0.3248 -0.3113 -0.2971 -0.2825 -0.2675 -0.2522 -0.2363 -0.2197 -0.2017 -0.1814 -0.1565 -0.1212 -0.0412 0.1232 0.2150 0.2137 0.1865 0.1550 0.1242 0.0943 0.0635 0.0284 -0.0176 -0.0918 -0.1940 -0.2772 -0.3265 -0.3520 -0.3628 -0.3643 -0.3598 -0.3514 -0.3404 -0.3277 -0.3138 -0.2991 -0.2840 -0.2685 -0.2527 -0.2363 -0.2190 -0.2004 -0.1791 -0.1525 -0.1134 -0.0143
-0.1067 -0.1514 -0.1782 -0.1997 -0.2184 -0.2357 -0.2521 -0.2680 -0.2835 -0.2986 -0.3133 -0.3272 -0.3400 -0.3511 -0.3596 -0.3643 -0.3629 -0.3524 -0.3272 -0.2784 -0.1956 -0.0931 -0.0182 0.0282 0.0633 0.0943 0.1243 0.1552 0.1868 0.2139 0.2145 0.1203 -0.0435 -0.1222 -0.1572 -0.1820 -0.2023 -0.2202 -0.2368 -0.2527 -0.2680 -0.2830 -0.2976 -0.3118 -0.3253 -0.3379 -0.3489 -0.3577 -0.3635 -0.3661 -0.3666 -0.3661 -0.3635 -0.3577 -0.3489 -0.3379 -0.3253 -0.3118 -0.2976 -0.2830 -0.2680 -0.2527 -0.2368 -0.2202 -0.2023 -0.1820 -0.1572 -0.1222 -0.0435 0.1203 0.2145 0.2139 0.1868 0.1552 0.1243 0.0943 0.0633 0.0282 -0.0182 -0.0931 -0.1956 -0.2784 -0.3272 -0.3524 -0.3629 -0.3643 -0.3596 -0.3511 -0.3400 -0.3272 -0.3133 -0.2986 -0.2835 -0.2680 -0.2521 -0.2357 -0.2184 -0.1997 -0.1782 -0.1514 -0.1067
-0.1474 -0.1774 -0.1990 -0.2178 -0.2351 -0.2515 -0.2674 -0.2829 -0.2981 -0.3127 -0.3267 -0.3396 -0.3508 -0.3594 -0.3642 -0.3631 -0.3529 -0.3281 -0.2799 -0.1978 -0.0948 -0.0191 0.0277 0.0630 0.0941 0.1242 0.1552 0.1869 0.2140 0.2142 0.1183 -0.0452 -0.1230 -0.1577 -0.1825 -0.2027 -0.2206 -0.2373 -0.2531 -0.2685 -0.2835 -0.2981 -0.3123 -0.3258 -0.3383 -0.3493 -0.3581 -0.3637 -0.3650 -0.3627 -0.3607 -0.3627 -0.3650 -0.3637 -0.3581 -0.3493 -0.3383 -0.3258 -0.3123 -0.2981 -0.2835 -0.2685 -0.2531 -0.2373 -0.2206 -0.2027 -0.1825 -0.1577 -0.1230 -0.0452 0.1183 0.2142 0.2140 0.1869 0.1552 0.1242 0.0941 0.0630 0.0277 -0.0191 -0.0948 -0.1978 -0.2799 -0.3281 -0.3529 -0.3631 -0.3642 -0.3594 -0.3508 -0.3396 -0.3267 -0.3127 -0.2981 -0.2829 -0.2674 -0.2515 -0.2351 -0.2178 -0.1990 -0.1774 -0.1474
-0.1746 -0.1983 -0.2171 -0.2345 -0.2509 -0.2668 -0.2824 -0.2975 -0.3122 -0.3262 -0.3391 -0.3504 -0.3592 -0.3641 -0.3633 -0.3534 -0.3291 -0.2816 -0.2003 -0.0971 -0.0203 0.0270 0.0625 0.0937 0.1239 0.1550 0.1868 0.2140 0.2141 0.1171 -0.0462 -0.1235 -0.1582 -0.1829 -0.2031 -0.2210 -0.2377 -0.2535 -0.2689 -0.2839 -0.2985 -0.3127 -0.3262 -0.3387 -0.3497 -0.3584 -0.3637 -0.3643 -0.3587 -0.3485 -0.3422 -0.3485 -0.3587 -0.3643 -0.3637 -0.3584 -0.3497 -0.3387 -0.3262 -0.3127 -0.2985 -0.2839 -0.2689 -0.2535 -0.2377 -0.2210 -0.2031 -0.1829 -0.1582 -0.1235 -0.0462 0.1171 0.2141 0.2140 0.1868 0.1550 0.1239 0.0937 0.0625 0.0270 -0.0203 -0.0971 -0.2003 -0.2816 -0.3291 -0.3534 -0.3633 -0.3641 -0.3592 -0.3504 -0.3391 -0.3262 -0.3122 -0.2975 -0.2824 -0.2668 -0.2509 -0.2345 -0.2171 -0.1983 -0.1746
-0.1960 -0.2165 -0.2339 -0.2503 -0.2663 -0.2818 -0.2970 -0.3117 -0.3257 -0.3387 -0.3500 -0.3589 -0.3640 -0.3634 -0.3539 -0.3302 -0.2836 -0.2032 -0.0997 -0.0218 0.0261 0.0619 0.0932 0.1235 0.1546 0.1865 0.2139 0.2142 0.1171 -0.0465 -0.1237 -0.1584 -0.1831 -0.2034 -0.2213 -0.2380 -0.2539 -0.2692 -0.2843 -0.2989 -0.3131 -0.3266 -0.3391 -0.3500 -0.3587 -0.3638 -0.3639 -0.3567 -0.3401 -0.3167 -0.3032 -0.3167 -0.3401 -0.3567 -0.3639 -0.3638 -0.3587 -0.3500 -0.3391 -0.3266 -0.3131 -0.2989 -0.2843 -0.2692 -0.2539 -0.2380 -0.2213 -0.2034 -0.1831 -0.1584 -0.1237 -0.0465 0.1171 0.2142 0.2139 0.1865 0.1546 0.1235 0.0932 0.0619 0.0261 -0.0218 -0.0997 -0.2032 -0.2836 -0.3302 -0.3539 -0.3634 -0.3640 -0.3589 -0.3500 -0.3387 -0.3257 -0.3117 -0.2970 -0.2818 -0.2663 -0.2503 -0.2339 -0.2165 -0.1960
-0.2145 -0.2333 -0.2498 -0.2657 -0.2813 -0.2964 -0.3112 -0.3252 -0.3382 -0.3497 -0.3586 -0.3639 -0.3636 -0.3545 -0.3314 -0.2857 -0.2063 -0.1028 -0.0235 0.0250 0.0610 0.0925 0.1229 0.1541 0.1861 0.2137 0.2145 0.1183 -0.0462 -0.1237 -0.1585 -0.1832 -0.2035 -0.2215 -0.2382 -0.2541 -0.2695 -0.2846 -0.2993 -0.3135 -0.3270 -0.3394 -0.3503 -0.3589 -0.3639 -0.3637 -0.3557 -0.3361 -0.3013 -0.2565 -0.2317 -0.2565 -0.3013 -0.3361 -0.3557 -0.3637 -0.3639 -0.3589 -0.3503 -0.3394 -0.3270 -0.3135 -0.2993 -0.2846 -0.2695 -0.2541 -0.2382 -0.2215 -0.2035 -0.1832 -0.1585 -0.1237 -0.0462 0.1183 0.2145 0.2137 0.1861 0.1541 0.1229 0.0925 0.0610 0.0250 -0.0235 -0.1028 -0.2063 -0.2857 -0.3314 -0.3545 -0.3636 -0.3639 -0.3586 -0.3497 -0.3382 -0.3252 -0.3112 -0.2964 -0.2813 -0.2657 -0.2498 -0.2333 -0.2145
-0.2315 -0.2492 -0.2651 -0.2807 -0.2959 -0.3107 -0.3247 -0.3378 -0.3493 -0.3584 -0.3638 -0.3637 -0.3550 -0.3326 -0.2879 -0.2097 -0.1061 -0.0255 0.0238 0.0601 0.0916 0.1221 0.1534 0.1855 0.2133 0.2150 0.1203 -0.0452 -0.1235 -0.1584 -0.1832 -0.2036 -0.2216 -0.2383 -0.2543 -0.2698 -0.2848 -0.2996 -0.3138 -0.3273 -0.3397 -0.3506 -0.3591 -0.3640 -0.3636 -0.3551 -0.3341 -0.2943 -0.2311 -0.1604 -0.1276 -0.1604 -0.2311 -0.2943 -0.3341 -0.3551 -0.3636 -0.3640 -0.3591 -0.3506 -0.3397 -0.3273 -0.3138 -0.2996 -0.2848 -0.2698 -0.2543 -0.2383 -0.2216 -0.2036 -0.1832 -0.1584 -0.1235 -0.0452 0.1203 0.2150 0.2133 0.1855 0.1534 0.1221 0.0916 0.0601 0.0238 -0.0255 -0.1061 -0.2097 -0.2879 -0.3326 -0.3550 -0.3637 -0.3638 -0.3584 -0.3493 -0.3378 -0.3247 -0.3107 -0.2959 -0.2807 -0.2651 -0.2492 -0.2315
-0.2477 -0.2646 -0.2802 -0.2954 -0.3101 -0.3242 -0.3374 -0.3489 -0.3581 -0.3637 -0.3638 -0.3555 -0.3337 -0.2900 -0.2132 -0.1096 -0.0277 0.0224 0.0590 0.0907 0.1212 0.1525 0.1847 0.2129 0.2155 0.1232 -0.0435 -0.1230 -0.1582 -0.1831 -0.2035 -0.2216 -0.2384 -0.2544 -0.2699 -0.2850 -0.2998 -0.3140 -0.3275 -0.3400 -0.3508 -0.3593 -0.3641 -0.3635 -0.3546 -0.3328 -0.2908 -0.2201 -0.1292 -0.0611 -0.0379 -0.0611 -0.1292 -0.2201 -0.2908 -0.3328 -0.3546 -0.3635 -0.3641 -0.3593 -0.3508 -0.3400 -0.3275 -0.3140 -0.2998 -0.2850 -0.2699 -0.2544 -0.2384 -0.2216 -0.2035 -0.1831 -0.1582 -0.1230 -0.0435 0.1232 0.2155 0.2129 0.1847 0.1525 0.1212 0.0907 0.0590 0.0224 -0.0277 -0.1096 -0.2132 -0.2900 -0.3337 -0.3555 -0.3638 -0.3637 -0.3581 -0.3489 -0.3374 -0.3242 -0.3101 -0.2954 -0.2802 -0.2646 -0.2477
-0.2633 -0.2796 -0.2948 -0.3096 -0.3238 -0.3369 -0.3485 -0.3578 -0.3636 -0.3639 -0.3560 -0.3348 -0.2921 -0.2166 -0.1133 -0.0300 0.0210 0.0579 0.0897 0.1203 0.1516 0.1838 0.2123 0.2161 0.1271 -0.0412 -0.1222 -0.1577 -0.1829 -0.2034 -0.2215 -0.2383 -0.2544 -0.2699 -0.2851 -0.2999 -0.3142 -0.3277 -0.3402 -0.3510 -0.3594 -0.3641 -0.3634 -0.3542 -0.3318 -0.2886 -0.2146 -0.1171 -0.0401 0.0018 0.0160 0.0018 -0.0401 -0.1171 -0.2146 -0.2886 -0.3318 -0.3542 -0.3634 -0.3641 -0.3594 -0.3510 -0.3402 -0.3277 -0.3142 -0.2999 -0.2851 -0.2699 -0.2544 -0.2383 -0.2215 -0.2034 -0.1829 -0.1577 -0.1222 -0.0412 0.1271 0.2161 0.2123 0.1838 0.1516 0.1203 0.0897 0.0579 0.0210 -0.0300 -0.1133 -0.2166 -0.2921 -0.3348 -0.3560 -0.3639 -0.3636 -0.3578 -0.3485 -0.3369 -0.3238 -0.3096 -0.2948 -0.2796 -0.2633
-0.2785 -0.2943 -0.3091 -0.3233 -0.3365 -0.3481 -0.3575 -0.3635 -0.3641 -0.3565 -0.3359 -0.2941 -0.2200 -0.1170 -0.0324 0.0195 0.0567 0.0886 0.1192 0.1505 0.1828 0.2116 0.2167 0.1318 -0.0382 -0.1212 -0.1572 -0.1825 -0.2031 -0.2213 -0.2382 -0.2543 -0.2699 -0.2851 -0.2999 -0.3143 -0.3278 -0.3403 -0.3512 -0.3595 -0.3642 -0.3633 -0.3538 -0.3310 -0.2869 -0.2112 -0.1115 -0.0326 0.0145 0.0429 0.0539 0.0429 0.0145 -0.0326 -0.1115 -0.2112 -0.2869 -0.3310 -0.3538 -0.3633 -0.3642 -0.3595 -0.3512 -0.3403 -0.3278 -0.3143 -0.2999 -0.2851 -0.2699 -0.2543 -0.2382 -0.2213 -0.2031 -0.1825 -0.1572 -0.1212 -0.0382 0.1318 0.2167 0.2116 0.1828 0.1505 0.1192 0.0886 0.0567 0.0195 -0.0324 -0.1170 -0.2200 -0.2941 -0.3359 -0.3565 -0.3641 -0.3635 -0.3575 -0.3481 -0.3365 -0.3233 -0.3091 -0.2943 -0.2785
-0.2935 -0.3086 -0.3228 -0.3360 -0.3478 -0.3572 -0.3633 -0.3642 -0.3569 -0.3369 -0.2962 -0.2233 -0.1207 -0.0347 0.0180 0.0554 0.0875 0.1181 0.1494 0.1817 0.2109 0.2174 0.1368 -0.0346 -0.1200 -0.1565 -0.1820 -0.2027 -0.2210 -0.2380 -0.2541 -0.2698 -0.2850 -0.2999 -0.3143 -0.3279 -0.3404 -0.3512 -0.3596 -0.3642 -0.3632 -0.3536 -0.3304 -0.2855 -0.2088 -0.1082 -0.0292 0.0192 0.0526 0.0762 0.0860 0.0762 0.0526 0.0192 -0.0292 -0.1082 -0.2088 -0.2855 -0.3304 -0.3536 -0.3632 -0.3642 -0.3596 -0.3512 -0.3404 -0.3279 -0.3143 -0.2999 -0.2850 -0.2698 -0.2541 -0.2380 -0.2210 -0.2027 -0.1820 -0.1565 -0.1200 -0.0346 0.1368 0.2174 0.2109 0.1817 0.1494 0.1181 0.0875 0.0554 0.0180 -0.0347 -0.1207 -0.2233 -0.2962 -0.3369 -0.3569 -0.3642 -0.3633 -0.3572 -0.3478 -0.3360 -0.3228 -0.3086 -0.2935
-0.3081 -0.3223 -0.3355 -0.3474 -0.3570 -0.3632 -0.3643 -0.3574 -0.3379 -0.2981 -0.2266 -0.1245 -0.0371 0.0164 0.0542 0.0864 0.1170 0.1482 0.1805 0.2101 0.2180 0.1421 -0.0306 -0.1187 -0.1556 -0.1814 -0.2023 -0.2206 -0.2377 -0.2539 -0.2695 -0.2848 -0.2998 -0.3142 -0.3278 -0.3404 -0.3513 -0.3596 -0.3642 -0.3632 -0.3533 -0.3298 -0.2843 -0.2068 -0.1059 -0.0273 0.0212 0.0562 0.0848 0.1069 0.1165 0.1069 0.0848 0.0562 0.0212 -0.0273 -0.1059 -0.2068 -0.2843 -0.3298 -0.3533 -0.3632 -0.3642 -0.3596 -0.3513 -0.3404 -0.3278 -0.3142 -0.2998 -0.2848 -0.2695 -0.2539 -0.2377 -0.2206 -0.2023 -0.1814 -0.1556 -0.1187 -0.0306 0.1421 0.2180 0.2101 0.1805 0.1482 0.1170 0.0864 0.0542 0.0164 -0.0371 -0.1245 -0.2266 -0.2981 -0.3379 -0.3574 -0.3643 -0.3632 -0.3570 -0.3474 -0.3355 -0.3223 -0.3081
-0.3222 -0.3351 -0.3470 -0.3567 -0.3630 -0.3643 -0.3578 -0.3389 -0.3000 -0.2298 -0.1283 -0.0396 0.0149 0.0530 0.0853 0.1159 0.1471 0.1794 0.2092 0.2186 0.1478 -0.0261 -0.1171 -0.1548 -0.1807 -0.2017 -0.2202 -0.2373 -0.2535 -0.2692 -0.2846 -0.2996 -0.3140 -0.3277 -0.3403 -0.3512 -0.3596 -0.3642 -0.3631 -0.3532 -0.3295 -0.2835 -0.2052 -0.1040 -0.0258 0.0224 0.0579 0.0880 0.1152 0.1376 0.1475 0.1376 0.1152 0.0880 0.0579 0.0224 -0.0258 -0.1040 -0.2052 -0.2835 -0.3295 -0.3532 -0.3631 -0.3642 -0.3596 -0.3512 -0.3403 -0.3277 -0.3140 -0.2996 -0.2846 -0.2692 -0.2535 -0.2373 -0.2202 -0.2017 -0.1807 -0.1548 -0.1171 -0.0261 0.1478 0.2186 0.2092 0.1794 0.1471 0.1159 0.0853 0.0530 0.0149 -0.0396 -0.1283 -0.2298 -0.3000 -0.3389 -0.3578 -0.3643 -0.3630 -0.3567 -0.3470 -0.3351 -0.3222
-0.3356 -0.3466 -0.3564 -0.3629 -0.3644 -0.3582 -0.3399 -0.3019 -0.2330 -0.1321 -0.0422 0.0134 0.0518 0.0842 0.1148 0.1459 0.1782 0.2083 0.2190 0.1537 -0.0212 -0.1155 -0.1538 -0.1800 -0.2012 -0.2197 -0.2368 -0.2531 -0.2689 -0.2843 -0.2993 -0.3138 -0.3275 -0.3402 -0.3512 -0.3596 -0.3642 -0.3631 -0.3532 -0.3293 -0.2830 -0.2041 -0.1026 -0.0248 0.0233 0.0588 0.0895 0.1184 0.1461 0.1693 0.1794 0.1693 0.1461 0.1184 0.0895 0.0588 0.0233 -0.0248 -0.1026 -0.2041 -0.2830 -0.3293 -0.3532 -0.3631 -0.3642 -0.3596 -0.3512 -0.3402 -0.3275 -0.3138 -0.2993 -0.2843 -0.2689 -0.2531 -0.2368 -0.2197 -0.2012 -0.1800 -0.1538 -0.1155 -0.0212 0.1537 0.2190 0.2083 0.1782 0.1459 0.1148 0.0842 0.0518 0.0134 -0.0422 -0.1321 -0.2330 -0.3019 -0.3399 -0.3582 -0.3644 -0.3629 -0.3564 -0.3466 -0.3356
-0.3478 -0.3560 -0.3627 -0.3645 -0.3586 -0.3409 -0.3037 -0.2361 -0.1358 -0.0447 0.0117 0.0505 0.0831 0.1137 0.1448 0.1771 0.2074 0.2194 0.1592 -0.0160 -0.1137 -0.1527 -0.1792 -0.2005 -0.2191 -0.2363 -0.2527 -0.2685 -0.2839 -0.2989 -0.3135 -0.3273 -0.3400 -0.3510 -0.3595 -0.3642 -0.3632 -0.3532 -0.3293 -0.2828 -0.2036 -0.1018 -0.0241 0.0238 0.0594 0.0903 0.1198 0.1494 0.1781 0.2002 0.2083 0.2002 0.1781 0.1494 0.1198 0.0903 0.0594 0.0238 -0.0241 -0.1018 -0.2036 -0.2828 -0.3293 -0.3532 -0.3632 -0.3642 -0.3595 -0.3510 -0.3400 -0.3273 -0.3135 -0.2989 -0.2839 -0.2685 -0.2527 -0.2363 -0.2191 -0.2005 -0.1792 -0.1527 -0.1137 -0.0160 0.1592 0.2194 0.2074 0.1771 0.1448 0.1137 0.0831 0.0505 0.0117 -0.0447 -0.1358 -0.2361 -0.3037 -0.3409 -0.3586 -0.3645 -0.3627 -0.3560 -0.3478
-0.3583 -0.3625 -0.3645 -0.3590 -0.3418 -0.3055 -0.2392 -0.1396 -0.0473 0.0101 0.0492 0.0820 0.1126 0.1437 0.1759 0.2064 0.2198 0.1646 -0.0107 -0.1119 -0.1516 -0.1784 -0.1998 -0.2185 -0.2358 -0.2522 -0.2680 -0.2835 -0.2985 -0.3131 -0.3270 -0.3397 -0.3508 -0.3594 -0.3642 -0.3632 -0.3533 -0.3295 -0.2830 -0.2036 -0.1016 -0.0238 0.0242 0.0598 0.0907 0.1205 0.1508 0.1814 0.2077 0.2184 0.2159 0.2184 0.2077 0.1814 0.1508 0.1205 0.0907 0.0598 0.0242 -0.0238 -0.1016 -0.2036 -0.2830 -0.3295 -0.3533 -0.3632 -0.3642 -0.3594 -0.3508 -0.3397 -0.3270 -0.3131 -0.2985 -0.2835 -0.2680 -0.2522 -0.2358 -0.2185 -0.1998 -0.1784 -0.1516 -0.1119 -0.0107 0.1646 0.2198 0.2064 0.1759 0.1437 0.1126 0.0820 0.0492 0.0101 -0.0473 -0.1396 -0.2392 -0.3055 -0.3418 -0.3590 -0.3645 -0.3625 -0.3583
-0.3661 -0.3645 -0.3594 -0.3427 -0.3072 -0.2422 -0.1435 -0.0500 0.0085 0.0480 0.0808 0.1115 0.1425 0.1747 0.2054 0.2200 0.1698 -0.0053 -0.1099 -0.1504 -0.1776 -0.1991 -0.2179 -0.2352 -0.2516 -0.2675 -0.2830 -0.2981 -0.3127 -0.3266 -0.3394 -0.3506 -0.3593 -0.3641 -0.3633 -0.3536 -0.3298 -0.2835 -0.2041 -0.1018 -0.0238 0.0243 0.0599 0.0910 0.1209 0.1514 0.1827 0.2103 0.2181 0.1836 0.1457 0.1836 0.2181 0.2103 0.1827 0.1514 0.1209 0.0910 0.0599 0.0243 -0.0238 -0.1018 -0.2041 -0.2835 -0.3298 -0.3536 -0.3633 -0.3641 -0.3593 -0.3506 -0.3394 -0.3266 -0.3127 -0.2981 -0.2830 -0.2675 -0.2516 -0.2352 -0.2179 -0.1991 -0.1776 -0.1504 -0.1099 -0.0053 0.1698 0.2200 0.2054 0.1747 0.1425 0.1115 0.0808 0.0480 0.0085 -0.0500 -0.1435 -0.2422 -0.3072 -0.3427 -0.3594 -0.3645 -0.3661
-0.3698 -0.3597 -0.3436 -0.3090 -0.2451 -0.1473 -0.0527 0.0069 0.0467 0.0797 0.1104 0.1414 0.1736 0.2045 0.2201 0.1743 0.0003 -0.1080 -0.1493 -0.1767 -0.1984 -0.2172 -0.2346 -0.2510 -0.2670 -0.2825 -0.2976 -0.3123 -0.3262 -0.3391 -0.3503 -0.3591 -0.3641 -0.3634 -0.3538 -0.3304 -0.2843 -0.2052 -0.1026 -0.0241 0.0242 0.0599 0.0911 0.1211 0.1517 0.1833 0.2113 0.2173 0.1565 0.0288 -0.0218 0.0288 0.1565 0.2173 0.2113 0.1833 0.1517 0.1211 0.0911 0.0599 0.0242 -0.0241 -0.1026 -0.2052 -0.2843 -0.3304 -0.3538 -0.3634 -0.3641 -0.3591 -0.3503 -0.3391 -0.3262 -0.3123 -0.2976 -0.2825 -0.2670 -0.2510 -0.2346 -0.2172 -0.1984 -0.1767 -0.1493 -0.1080 0.0003 0.1743 0.2201 0.2045 0.1736 0.1414 0.1104 0.0797 0.0467 0.0069 -0.0527 -0.1473 -0.2451 -0.3090 -0.3436 -0.3597 -0.3698
-0.3673 -0.3443 -0.3107 -0.2481 -0.1511 -0.0554 0.0052 0.0454 0.0786 0.1093 0.1402 0.1724 0.2035 0.2202 0.1780 0.0062 -0.1057 -0.1481 -0.1758 -0.1977 -0.2166 -0.2340 -0.2505 -0.2664 -0.2819 -0.2971 -0.3118 -0.3258 -0.3387 -0.3500 -0.3589 -0.3640 -0.3635 -0.3542 -0.3310 -0.2855 -0.2068 -0.1040 -0.0248 0.0238 0.0598 0.0910 0.1211 0.1519 0.1835 0.2117 0.2170 0.1434 -0.0146 -0.0933 -0.1117 -0.0933 -0.0146 0.1434 0.2170 0.2117 0.1835 0.1519 0.1211 0.0910 0.0598 0.0238 -0.0248 -0.1040 -0.2068 -0.2855 -0.3310 -0.3542 -0.3635 -0.3640 -0.3589 -0.3500 -0.3387 -0.3258 -0.3118 -0.2971 -0.2819 -0.2664 -0.2505 -0.2340 -0.2166 -0.1977 -0.1758 -0.1481 -0.1057 0.0062 0.1780 0.2202 0.2035 0.1724 0.1402 0.1093 0.0786 0.0454 0.0052 -0.0554 -0.1511 -0.2481 -0.3107 -0.3443 -0.3673
-0.3552 -0.3122 -0.2511 -0.1550 -0.0583 0.0035 0.0441 0.0774 0.1082 0.1391 0.1712 0.2025 0.2202 0.1814 0.0122 -0.1029 -0.1469 -0.1749 -0.1969 -0.2159 -0.2334 -0.2499 -0.2658 -0.2814 -0.2966 -0.3113 -0.3253 -0.3383 -0.3497 -0.3587 -0.3639 -0.3636 -0.3546 -0.3318 -0.2869 -0.2088 -0.1059 -0.0258 0.0233 0.0594 0.0907 0.1209 0.1517 0.1835 0.2118 0.2169 0.1378 -0.0279 -0.1117 -0.1414 -0.1512 -0.1414 -0.1117 -0.0278 0.1378 0.2169 0.2118 0.1835 0.1517 0.1209 0.0907 0.0594 0.0233 -0.0258 -0.1059 -0.2088 -0.2869 -0.3318 -0.3546 -0.3636 -0.3639 -0.3587 -0.3497 -0.3383 -0.3253 -0.3113 -0.2966 -0.2814 -0.2658 -0.2499 -0.2334 -0.2159 -0.1969 -0.1749 -0.1469 -0.1029 0.0122 0.1814 0.2202 0.2025 0.1712 0.1391 0.1082 0.0774 0.0441 0.0035 -0.0583 -0.1550 -0.2511 -0.3122 -0.3552
-0.3274 -0.2540 -0.1592 -0.0614 0.0016 0.0427 0.0762 0.1070 0.1379 0.1700 0.2014 0.2201 0.1848 0.0186 -0.0999 -0.1456 -0.1740 -0.1961 -0.2152 -0.2327 -0.2493 -0.2652 -0.2808 -0.2960 -0.3107 -0.3248 -0.3379 -0.3493 -0.3584 -0.3638 -0.3637 -0.3551 -0.3328 -0.2886 -0.2112 -0.1082 -0.0273 0.0224 0.0588 0.0903 0.1205 0.1514 0.1833 0.2117 0.2169 0.1364 -0.0318 -0.1167 -0.1510 -0.1707 -0.1778 -0.1707 -0.1510 -0.1167 -0.0318 0.1364 0.2169 0.2117 0.1833 0.1514 0.1205 0.0903 0.0588 0.0224 -0.0273 -0.1082 -0.2112 -0.2886 -0.3328 -0.3551 -0.3637 -0.3638 -0.3584 -0.3493 -0.3379 -0.3248 -0.3107 -0.2960 -0.2808 -0.2652 -0.2493 -0.2327 -0.2153 -0.1962 -0.1740 -0.1456 -0.0999 0.0186 0.1848 0.2201 0.2014 0.1700 0.1379 0.1070 0.0762 0.0427 0.0016 -0.0614 -0.1592 -0.2540 -0.3274
-0.2748 -0.1642 -0.0651 -0.0006 0.0411 0.0748 0.1057 0.1365 0.1685 0.2001 0.2199 0.1882 0.0262 -0.0964 -0.1441 -0.1729 -0.1953 -0.2144 -0.2320 -0.2485 -0.2645 -0.2801 -0.2953 -0.3101 -0.3242 -0.3373 -0.3489 -0.3581 -0.3637 -0.3639 -0.3557 -0.3341 -0.2908 -0.2146 -0.1115 -0.0292 0.0212 0.0579 0.0895 0.1198 0.1508 0.1827 0.2113 0.2170 0.1378 -0.0318 -0.1179 -0.1538 -0.1774 -0.1929 -0.1989 -0.1929 -0.1774 -0.1538 -0.1179 -0.0318 0.1378 0.2170 0.2113 0.1827 0.1508 0.1198 0.0895 0.0579 0.0212 -0.0292 -0.1115 -0.2146 -0.2908 -0.3341 -0.3557 -0.3639 -0.3637 -0.3581 -0.3489 -0.3373 -0.3242 -0.3101 -0.2953 -0.2801 -0.2645 -0.2485 -0.2320 -0.2145 -0.1953 -0.1729 -0.1441 -0.0964 0.0262 0.1882 0.2199 0.2001 0.1685 0.1365 0.1057 0.0748 0.0411 -0.0006 -0.0651 -0.1642 -0.2748
-0.1895 -0.0710 -0.0041 0.0386 0.0727 0.1037 0.1345 0.1665 0.1982 0.2193 0.1925 0.0374 -0.0911 -0.1418 -0.1713 -0.1939 -0.2132 -0.2309 -0.2475 -0.2635 -0.2791 -0.2944 -0.3092 -0.3234 -0.3366 -0.3483 -0.3577 -0.3637 -0.3643 -0.3567 -0.3361 -0.2943 -0.2201 -0.1171 -0.0326 0.0192 0.0562 0.0880 0.1184 0.1494 0.1814 0.2103 0.2173 0.1434 -0.0279 -0.1167 -0.1538 -0.1790 -0.1980 -0.2115 -0.2169 -0.2115 -0.1980 -0.1790 -0.1538 -0.1167 -0.0278 0.1434 0.2173 0.2103 0.1814 0.1494 0.1184 0.0880 0.0562 0.0192 -0.0326 -0.1171 -0.2201 -0.2943 -0.3361 -0.3567 -0.3643 -0.3637 -0.3577 -0.3483 -0.3366 -0.3234 -0.3092 -0.2944 -0.2791 -0.2635 -0.2475 -0.2309 -0.2133 -0.1939 -0.1713 -0.1418 -0.0911 0.0374 0.1925 0.2193 0.1982 0.1665 0.1345 0.1037 0.0727 0.0386 -0.0041 -0.0710 -0.1895
-0.0939 -0.0114 0.0336 0.0686 0.0999 0.1306 0.1625 0.1944 0.2178 0.1994 0.0602 -0.0802 -0.1370 -0.1679 -0.1912 -0.2109 -0.2286 -0.2454 -0.2615 -0.2772 -0.2925 -0.3074 -0.3218 -0.3352 -0.3472 -0.3570 -0.3635 -0.3650 -0.3587 -0.3401 -0.3013 -0.2311 -0.1292 -0.0401 0.0145 0.0526 0.0848 0.1152 0.1461 0.1781 0.2077 0.2181 0.1565 -0.0146 -0.1117 -0.1510 -0.1774 -0.1980 -0.2149 -0.2272 -0.2322 -0.2272 -0.2149 -0.1980 -0.1774 -0.1510 -0.1117 -0.0146 0.1565 0.2181 0.2077 0.1781 0.1461 0.1152 0.0848 0.0526 0.0145 -0.0401 -0.1292 -0.2311 -0.3013 -0.3401 -0.3587 -0.3650 -0.3635 -0.3570 -0.3471 -0.3352 -0.3218 -0.3074 -0.2925 -0.2772 -0.2615 -0.2454 -0.2287 -0.2109 -0.1912 -0.1679 -0.1370 -0.0802 0.0602 0.1994 0.2178 0.1944 0.1625 0.1306 0.0999 0.0686 0.0336 -0.0114 -0.0939
-0.0341 0.0209 0.0584 0.0906 0.1214 0.1530 0.1852 0.2127 0.2114 0.1127 -0.0499 -0.1242 -0.1593 -0.1844 -0.2050 -0.2233 -0.2403 -0.2566 -0.2725 -0.2880 -0.3031 -0.3176 -0.3315 -0.3441 -0.3548 -0.3626 -0.3661 -0.3627 -0.3485 -0.3167 -0.2565 -0.1604 -0.0611 0.0018 0.0429 0.0762 0.1069 0.1376 0.1693 0.2002 0.2184 0.1836 0.0288 -0.0933 -0.1414 -0.1707 -0.1929 -0.2115 -0.2272 -0.2390 -0.2437 -0.2390 -0.2272 -0.2115 -0.1929 -0.1707 -0.1414 -0.0933 0.0288 0.1835 0.2184 0.2002 0.1693 0.1376 0.1069 0.0762 0.0429 0.0018 -0.0611 -0.1604 -0.2565 -0.3167 -0.3485 -0.3627 -0.3661 -0.3626 -0.3548 -0.3441 -0.3315 -0.3176 -0.3030 -0.2879 -0.2725 -0.2566 -0.2403 -0.2233 -0.2050 -0.1844 -0.1593 -0.1242 -0.0499 0.1127 0.2114 0.2127 0.1852 0.1530 0.1214 0.0906 0.0584 0.0209 -0.0341
-0.0152 0.0324 0.0681 0.0997 0.1307 0.1627 0.1946 0.2171 0.1956 0.0560 -0.0801 -0.1358 -0.1671 -0.1906 -0.2104 -0.2283 -0.2451 -0.2613 -0.2770 -0.2925 -0.3075 -0.3219 -0.3355 -0.3477 -0.3578 -0.3647 -0.3666 -0.3607 -0.3422 -0.3032 -0.2317 -0.1276 -0.0379 0.0160 0.0539 0.0860 0.1165 0.1475 0.1794 0.2083 0.2159 0.1457 -0.0218 -0.1117 -0.1512 -0.1778 -0.1989 -0.2169 -0.2322 -0.2437 -0.2484 -0.2437 -0.2322 -0.2169 -0.1989 -0.1778 -0.1512 -0.1117 -0.0218 0.1457 0.2159 0.2083 0.1794 0.1475 0.1165 0.0860 0.0539 0.0160 -0.0379 -0.1276 -0.2317 -0.3032 -0.3422 -0.3607 -0.3666 -0.3647 -0.3578 -0.3477 -0.3355 -0.3219 -0.3075 -0.2924 -0.2770 -0.2613 -0.2451 -0.2283 -0.2104 -0.1906 -0.1671 -0.1358 -0.0801 0.0560 0.1956 0.2171 0.1946 0.1627 0.1307 0.0997 0.0681 0.0324 -0.0152
