0.0011 0.0017 0.0026 0.0040 0.0063 0.0099 0.0154 0.0240 0.0375 0.0585 0.0912 0.1424 0.2222 0.3467 0.5410 0.8443 1.0000 1.0000 1.0000 1.0000 1.0000 1.0000 1.0000 1.0000 1.0000 0.0000 0.0000 0.0001 0.0001 0.0001 0.0002 0.0003 0.0005 0.0008 0.0012 0.0019 0.0030 0.0046 0.0072 0.0113 0.0176 0.0274 0.0428 0.0668 0.1042 0.1623 0.2519 0.3864 0.5750 0.7839 0.8905 0.7839 0.5750 0.3864 0.2519 0.1623 0.1042 0.0668 0.0428 0.0274 0.0176 0.0113 0.0072 0.0046 0.0030 0.0019 0.0012 0.0008 0.0005 0.0003 0.0002 0.0001 0.0001 0.0001 0.0000 0.0000 1.0000 1.0000 1.0000 1.0000 1.0000 1.0000 1.0000 1.0000 1.0000 0.8443 0.5410 0.3467 0.2222 0.1424 0.0912 0.0585 0.0375 0.0240 0.0154 0.0099 0.0063 0.0040 0.0026 0.0017 0.0011
0.0017 0.0026 0.0040 0.0063 0.0099 0.0154 0.0241 0.0376 0.0587 0.0916 0.1429 0.2230 0.3480 0.5431 0.8475 1.0000 1.0000 1.0000 1.0000 1.0000 1.0000 1.0000 1.0000 1.0000 0.0000 0.0000 0.0001 0.0001 0.0001 0.0002 0.0003 0.0005 0.0008 0.0012 0.0019 0.0030 0.0046 0.0072 0.0113 0.0176 0.0275 0.0430 0.0670 0.1046 0.1633 0.2543 0.3953 0.6064 0.9041 1.0000 1.0000 1.0000 0.9041 0.6064 0.3953 0.2543 0.1633 0.1046 0.0670 0.0430 0.0275 0.0176 0.0113 0.0072 0.0046 0.0030 0.0019 0.0012 0.0008 0.0005 0.0003 0.0002 0.0001 0.0001 0.0001 0.0000 0.0000 1.0000 1.0000 1.0000 1.0000 1.0000 1.0000 1.0000 1.0000 1.0000 0.8475 0.5431 0.3480 0.2230 0.1429 0.0916 0.0587 0.0376 0.0241 0.0154 0.0099 0.0063 0.0040 0.0026 0.0017
0.0026 0.0040 0.0064 0.0100 0.0156 0.0244 0.0381 0.0596 0.0930 0.1451 0.2269 0.3540 0.5525 0.8621 1.0000 1.0000 1.0000 1.0000 1.0000 1.0000 1.0000 1.0000 1.0000 0.0000 0.0000 0.0001 0.0001 0.0001 0.0002 0.0003 0.0005 0.0008 0.0012 0.0019 0.0030 0.0047 0.0074 0.0115 0.0179 0.0280 0.0436 0.0681 0.1062 0.1658 0.2587 0.4037 0.6275 0.9645 1.0000 1.0000 1.0000 1.0000 1.0000 0.9645 0.6275 0.4037 0.2587 0.1658 0.1062 0.0681 0.0436 0.0280 0.0179 0.0115 0.0074 0.0047 0.0030 0.0019 0.0012 0.0008 0.0005 0.0003 0.0002 0.0001 0.0001 0.0001 0.0000 0.0000 1.0000 1.0000 1.0000 1.0000 1.0000 1.0000 1.0000 1.0000 1.0000 0.8621 0.5525 0.3540 0.2269 0.1451 0.0930 0.0596 0.0381 0.0244 0.0156 0.0100 0.0064 0.0040 0.0026
0.0040 0.0063 0.0100 0.0157 0.0246 0.0385 0.0603 0.0942 0.1473 0.2303 0.3595 0.5609 0.8770 1.0000 1.0000 1.0000 1.0000 1.0000 1.0000 1.0000 1.0000 1.0000 0.0000 0.0000 0.0001 0.0001 0.0001 0.0002 0.0003 0.0005 0.0008 0.0013 0.0020 0.0031 0.0048 0.0075 0.0117 0.0182 0.0284 0.0444 0.0692 0.1081 0.1686 0.2631 0.4106 0.6408 0.9943 1.0000 1.0000 1.0000 1.0000 1.0000 1.0000 1.0000 0.9943 0.6408 0.4106 0.2631 0.1686 0.1081 0.0692 0.0444 0.0284 0.0182 0.0117 0.0075 0.0048 0.0031 0.0020 0.0013 0.0008 0.0005 0.0003 0.0002 0.0001 0.0001 0.0001 0.0000 0.0000 1.0000 1.0000 1.0000 1.0000 1.0000 1.0000 1.0000 1.0000 1.0000 0.8770 0.5609 0.3595 0.2303 0.1473 0.0942 0.0603 0.0385 0.0246 0.0157 0.0100 0.0063 0.0040
0.0063 0.0099 0.0156 0.0246 0.0387 0.0607 0.0951 0.1490 0.2330 0.3643 0.5695 0.8905 1.0000 1.0000 1.0000 1.0000 1.0000 1.0000 1.0000 1.0000 1.0000 0.0000 0.0000 0.0001 0.0001 0.0001 0.0002 0.0003 0.0005 0.0008 0.0013 0.0020 0.0031 0.0049 0.0076 0.0119 0.0185 0.0289 0.0451 0.0704 0.1099 0.1715 0.2677 0.4177 0.6519 1.0000 1.0000 1.0000 1.0000 1.0000 1.0000 1.0000 1.0000 1.0000 1.0000 1.0000 0.6519 0.4177 0.2677 0.1715 0.1099 0.0704 0.0451 0.0289 0.0185 0.0119 0.0076 0.0049 0.0031 0.0020 0.0013 0.0008 0.0005 0.0003 0.0002 0.0001 0.0001 0.0001 0.0000 0.0000 1.0000 1.0000 1.0000 1.0000 1.0000 1.0000 1.0000 1.0000 1.0000 0.8905 0.5695 0.3643 0.2330 0.1490 0.0951 0.0607 0.0387 0.0246 0.0156 0.0099 0.0063
0.0099 0.0154 0.0244 0.0385 0.0607 0.0955 0.1499 0.2352 0.3685 0.5761 0.9007 1.0000 1.0000 1.0000 1.0000 1.0000 1.0000 1.0000 1.0000 1.0000 0.0000 0.0000 0.0001 0.0001 0.0001 0.0002 0.0003 0.0005 0.0008 0.0013 0.0020 0.0032 0.0050 0.0077 0.0121 0.0189 0.0294 0.0459 0.0717 0.1118 0.1745 0.2723 0.4249 0.6631 1.0000 1.0000 1.0000 1.0000 1.0000 1.0000 1.0000 1.0000 1.0000 1.0000 1.0000 1.0000 1.0000 0.6631 0.4249 0.2723 0.1745 0.1118 0.0717 0.0459 0.0294 0.0189 0.0121 0.0077 0.0050 0.0032 0.0020 0.0013 0.0008 0.0005 0.0003 0.0002 0.0001 0.0001 0.0001 0.0000 0.0000 1.0000 1.0000 1.0000 1.0000 1.0000 1.0000 1.0000 1.0000 1.0000 0.9007 0.5761 0.3685 0.2352 0.1499 0.0955 0.0607 0.0385 0.0244 0.0154 0.0099
0.0154 0.0241 0.0381 0.0603 0.0951 0.1499 0.2361 0.3706 0.5805 0.9110 1.0000 1.0000 1.0000 1.0000 1.0000 1.0000 1.0000 1.0000 1.0000 0.0000 0.0000 0.0001 0.0001 0.0001 0.0002 0.0003 0.0005 0.0008 0.0013 0.0021 0.0032 0.0050 0.0079 0.0123 0.0191 0.0299 0.0466 0.0728 0.1135 0.1772 0.2765 0.4315 0.6746 1.0000 1.0000 1.0000 1.0000 1.0000 1.0000 1.0000 1.0000 1.0000 1.0000 1.0000 1.0000 1.0000 1.0000 1.0000 0.6746 0.4315 0.2765 0.1772 0.1135 0.0728 0.0466 0.0299 0.0191 0.0123 0.0079 0.0050 0.0032 0.0021 0.0013 0.0008 0.0005 0.0003 0.0002 0.0001 0.0001 0.0001 0.0000 0.0000 1.0000 1.0000 1.0000 1.0000 1.0000 1.0000 1.0000 1.0000 1.0000 0.9110 0.5805 0.3706 0.2361 0.1499 0.0951 0.0603 0.0381 0.0241 0.0154
0.0240 0.0376 0.0596 0.0942 0.1490 0.2352 0.3706 0.5827 0.9145 1.0000 1.0000 1.0000 1.0000 1.0000 1.0000 1.0000 1.0000 1.0000 0.0000 0.0000 0.0001 0.0001 0.0001 0.0002 0.0004 0.0006 0.0009 0.0013 0.0021 0.0033 0.0051 0.0080 0.0125 0.0195 0.0304 0.0474 0.0740 0.1155 0.1802 0.2813 0.4389 0.6849 1.0000 1.0000 1.0000 1.0000 1.0000 1.0000 1.0000 1.0000 1.0000 1.0000 1.0000 1.0000 1.0000 1.0000 1.0000 1.0000 1.0000 0.6849 0.4389 0.2813 0.1802 0.1155 0.0740 0.0474 0.0304 0.0195 0.0125 0.0080 0.0051 0.0033 0.0021 0.0013 0.0009 0.0006 0.0004 0.0002 0.0001 0.0001 0.0001 0.0000 0.0000 1.0000 1.0000 1.0000 1.0000 1.0000 1.0000 1.0000 1.0000 1.0000 0.9145 0.5827 0.3706 0.2352 0.1490 0.0942 0.0596 0.0376 0.0240
0.0375 0.0587 0.0930 0.1473 0.2330 0.3685 0.5805 0.9145 1.0000 1.0000 1.0000 1.0000 1.0000 1.0000 1.0000 1.0000 1.0000 0.0000 0.0000 0.0001 0.0001 0.0001 0.0002 0.0004 0.0006 0.0009 0.0014 0.0021 0.0033 0.0052 0.0081 0.0127 0.0198 0.0309 0.0482 0.0753 0.1175 0.1833 0.2861 0.4465 0.6967 1.0000 1.0000 1.0000 1.0000 1.0000 1.0000 1.0000 1.0000 1.0000 1.0000 1.0000 1.0000 1.0000 1.0000 1.0000 1.0000 1.0000 1.0000 1.0000 0.6967 0.4465 0.2861 0.1833 0.1175 0.0753 0.0482 0.0309 0.0198 0.0127 0.0081 0.0052 0.0033 0.0021 0.0014 0.0009 0.0006 0.0004 0.0002 0.0001 0.0001 0.0001 0.0000 0.0000 1.0000 1.0000 1.0000 1.0000 1.0000 1.0000 1.0000 1.0000 1.0000 0.9145 0.5805 0.3685 0.2330 0.1473 0.0930 0.0587 0.0375
0.0585 0.0916 0.1451 0.2303 0.3643 0.5761 0.9110 1.0000 1.0000 1.0000 1.0000 1.0000 1.0000 1.0000 1.0000 1.0000 0.0000 0.0000 0.0001 0.0001 0.0002 0.0002 0.0004 0.0006 0.0009 0.0014 0.0022 0.0034 0.0053 0.0083 0.0129 0.0201 0.0314 0.0491 0.0766 0.1195 0.1865 0.2910 0.4542 0.7088 1.0000 1.0000 1.0000 1.0000 1.0000 1.0000 1.0000 1.0000 1.0000 1.0000 1.0000 1.0000 1.0000 1.0000 1.0000 1.0000 1.0000 1.0000 1.0000 1.0000 1.0000 0.7088 0.4542 0.2910 0.1865 0.1195 0.0766 0.0491 0.0314 0.0201 0.0129 0.0083 0.0053 0.0034 0.0022 0.0014 0.0009 0.0006 0.0004 0.0002 0.0002 0.0001 0.0001 0.0000 0.0000 1.0000 1.0000 1.0000 1.0000 1.0000 1.0000 1.0000 1.0000 1.0000 0.9110 0.5761 0.3643 0.2303 0.1451 0.0916 0.0585
0.0912 0.1429 0.2269 0.3595 0.5695 0.9007 1.0000 1.0000 1.0000 1.0000 1.0000 1.0000 1.0000 1.0000 1.0000 0.0000 0.0000 0.0001 0.0001 0.0002 0.0002 0.0004 0.0006 0.0009 0.0014 0.0022 0.0035 0.0054 0.0084 0.0131 0.0205 0.0319 0.0498 0.0778 0.1213 0.1894 0.2955 0.4611 0.7196 1.0000 1.0000 1.0000 1.0000 1.0000 1.0000 1.0000 1.0000 1.0000 1.0000 0.0000 0.0000 0.0000 1.0000 1.0000 1.0000 1.0000 1.0000 1.0000 1.0000 1.0000 1.0000 1.0000 0.7196 0.4611 0.2955 0.1894 0.1213 0.0778 0.0498 0.0319 0.0205 0.0131 0.0084 0.0054 0.0035 0.0022 0.0014 0.0009 0.0006 0.0004 0.0002 0.0002 0.0001 0.0001 0.0000 0.0000 1.0000 1.0000 1.0000 1.0000 1.0000 1.0000 1.0000 1.0000 1.0000 0.9007 0.5695 0.3595 0.2269 0.1429 0.0912
0.1424 0.2230 0.3540 0.5609 0.8905 1.0000 1.0000 1.0000 1.0000 1.0000 1.0000 1.0000 1.0000 1.0000 0.0000 0.0000 0.0001 0.0001 0.0002 0.0002 0.0004 0.0006 0.0009 0.0014 0.0022 0.0035 0.0055 0.0085 0.0133 0.0208 0.0325 0.0507 0.0791 0.1234 0.1926 0.3006 0.4691 0.7321 1.0000 1.0000 1.0000 1.0000 1.0000 1.0000 1.0000 1.0000 1.0000 1.0000 0.0000 0.0000 0.0000 0.0000 0.0000 1.0000 1.0000 1.0000 1.0000 1.0000 1.0000 1.0000 1.0000 1.0000 1.0000 0.7321 0.4691 0.3006 0.1926 0.1234 0.0791 0.0507 0.0325 0.0208 0.0133 0.0085 0.0055 0.0035 0.0022 0.0014 0.0009 0.0006 0.0004 0.0002 0.0002 0.0001 0.0001 0.0000 0.0000 1.0000 1.0000 1.0000 1.0000 1.0000 1.0000 1.0000 1.0000 1.0000 0.8905 0.5609 0.3540 0.2230 0.1424
0.2222 0.3480 0.5525 0.8770 1.0000 1.0000 1.0000 1.0000 1.0000 1.0000 1.0000 1.0000 1.0000 0.0000 0.0000 0.0001 0.0001 0.0002 0.0002 0.0004 0.0006 0.0009 0.0015 0.0023 0.0036 0.0056 0.0087 0.0136 0.0212 0.0330 0.0516 0.0805 0.1256 0.1960 0.3058 0.4772 0.7447 1.0000 1.0000 1.0000 1.0000 1.0000 1.0000 1.0000 1.0000 1.0000 1.0000 0.0000 0.0000 0.0001 0.0001 0.0001 0.0000 0.0000 1.0000 1.0000 1.0000 1.0000 1.0000 1.0000 1.0000 1.0000 1.0000 1.0000 0.7447 0.4772 0.3058 0.1960 0.1256 0.0805 0.0516 0.0330 0.0212 0.0136 0.0087 0.0056 0.0036 0.0023 0.0015 0.0009 0.0006 0.0004 0.0002 0.0002 0.0001 0.0001 0.0000 0.0000 1.0000 1.0000 1.0000 1.0000 1.0000 1.0000 1.0000 1.0000 1.0000 0.8770 0.5525 0.3480 0.2222
0.3467 0.5431 0.8621 1.0000 1.0000 1.0000 1.0000 1.0000 1.0000 1.0000 1.0000 1.0000 0.0000 0.0000 0.0001 0.0001 0.0002 0.0002 0.0004 0.0006 0.0009 0.0015 0.0023 0.0036 0.0057 0.0088 0.0138 0.0215 0.0335 0.0524 0.0819 0.1277 0.1993 0.3111 0.4854 0.7576 1.0000 1.0000 1.0000 1.0000 1.0000 1.0000 1.0000 1.0000 1.0000 1.0000 0.0000 0.0000 0.0001 0.0001 0.0001 0.0001 0.0001 0.0000 0.0000 1.0000 1.0000 1.0000 1.0000 1.0000 1.0000 1.0000 1.0000 1.0000 1.0000 0.7576 0.4854 0.3111 0.1993 0.1277 0.0819 0.0524 0.0335 0.0215 0.0138 0.0088 0.0057 0.0036 0.0023 0.0015 0.0009 0.0006 0.0004 0.0002 0.0002 0.0001 0.0001 0.0000 0.0000 1.0000 1.0000 1.0000 1.0000 1.0000 1.0000 1.0000 1.0000 1.0000 0.8621 0.5431 0.3467
0.5410 0.8475 1.0000 1.0000 1.0000 1.0000 1.0000 1.0000 1.0000 1.0000 1.0000 0.0000 0.0000 0.0001 0.0001 0.0002 0.0002 0.0004 0.0006 0.0010 0.0015 0.0023 0.0037 0.0057 0.0089 0.0140 0.0219 0.0341 0.0533 0.0831 0.1297 0.2024 0.3158 0.4929 0.7692 1.0000 1.0000 1.0000 1.0000 1.0000 1.0000 1.0000 1.0000 1.0000 1.0000 0.0000 0.0000 0.0001 0.0001 0.0002 0.0002 0.0002 0.0001 0.0001 0.0000 0.0000 1.0000 1.0000 1.0000 1.0000 1.0000 1.0000 1.0000 1.0000 1.0000 1.0000 0.7692 0.4929 0.3158 0.2024 0.1297 0.0831 0.0533 0.0341 0.0219 0.0140 0.0089 0.0057 0.0037 0.0023 0.0015 0.0010 0.0006 0.0004 0.0002 0.0002 0.0001 0.0001 0.0000 0.0000 1.0000 1.0000 1.0000 1.0000 1.0000 1.0000 1.0000 1.0000 1.0000 0.8475 0.5410
0.8443 1.0000 1.0000 1.0000 1.0000 1.0000 1.0000 1.0000 1.0000 1.0000 0.0000 0.0000 0.0001 0.0001 0.0002 0.0002 0.0004 0.0006 0.0010 0.0015 0.0024 0.0037 0.0058 0.0091 0.0142 0.0222 0.0347 0.0541 0.0845 0.1319 0.2059 0.3213 0.5014 0.7824 1.0000 1.0000 1.0000 1.0000 1.0000 1.0000 1.0000 1.0000 1.0000 1.0000 0.0000 0.0000 0.0001 0.0001 0.0002 0.0003 0.0003 0.0003 0.0002 0.0001 0.0001 0.0000 0.0000 1.0000 1.0000 1.0000 1.0000 1.0000 1.0000 1.0000 1.0000 1.0000 1.0000 0.7824 0.5014 0.3213 0.2059 0.1319 0.0845 0.0541 0.0347 0.0222 0.0142 0.0091 0.0058 0.0037 0.0024 0.0015 0.0010 0.0006 0.0004 0.0002 0.0002 0.0001 0.0001 0.0000 0.0000 1.0000 1.0000 1.0000 1.0000 1.0000 1.0000 1.0000 1.0000 1.0000 0.8443
1.0000 1.0000 1.0000 1.0000 1.0000 1.0000 1.0000 1.0000 1.0000 0.0000 0.0000 0.0001 0.0001 0.0002 0.0002 0.0004 0.0006 0.0010 0.0015 0.0024 0.0037 0.0059 0.0092 0.0143 0.0225 0.0351 0.0548 0.0857 0.1340 0.2094 0.3268 0.5101 0.7960 1.0000 1.0000 1.0000 1.0000 1.0000 1.0000 1.0000 1.0000 1.0000 0.0000 0.0000 0.0001 0.0001 0.0001 0.0002 0.0003 0.0004 0.0005 0.0004 0.0003 0.0002 0.0001 0.0001 0.0001 0.0000 0.0000 1.0000 1.0000 1.0000 1.0000 1.0000 1.0000 1.0000 1.0000 1.0000 0.7960 0.5101 0.3268 0.2094 0.1340 0.0857 0.0548 0.0351 0.0225 0.0143 0.0092 0.0059 0.0037 0.0024 0.0015 0.0010 0.0006 0.0004 0.0002 0.0002 0.0001 0.0001 0.0000 0.0000 1.0000 1.0000 1.0000 1.0000 1.0000 1.0000 1.0000 1.0000 1.0000
1.0000 1.0000 1.0000 1.0000 1.0000 1.0000 1.0000 1.0000 0.0000 0.0000 0.0001 0.0001 0.0002 0.0002 0.0004 0.0006 0.0010 0.0015 0.0024 0.0038 0.0059 0.0092 0.0145 0.0227 0.0355 0.0555 0.0868 0.1358 0.2123 0.3319 0.5179 0.8082 1.0000 1.0000 1.0000 1.0000 1.0000 1.0000 1.0000 1.0000 1.0000 0.0000 0.0000 0.0001 0.0001 0.0001 0.0002 0.0003 0.0005 0.0006 0.0007 0.0006 0.0005 0.0003 0.0002 0.0001 0.0001 0.0001 0.0000 0.0000 1.0000 1.0000 1.0000 1.0000 1.0000 1.0000 1.0000 1.0000 1.0000 0.8082 0.5179 0.3319 0.2123 0.1358 0.0868 0.0555 0.0355 0.0227 0.0145 0.0092 0.0059 0.0038 0.0024 0.0015 0.0010 0.0006 0.0004 0.0002 0.0002 0.0001 0.0001 0.0000 0.0000 1.0000 1.0000 1.0000 1.0000 1.0000 1.0000 1.0000 1.0000
1.0000 1.0000 1.0000 1.0000 1.0000 1.0000 1.0000 0.0000 0.0000 0.0001 0.0001 0.0002 0.0002 0.0004 0.0006 0.0010 0.0015 0.0024 0.0038 0.0059 0.0093 0.0146 0.0228 0.0358 0.0561 0.0878 0.1373 0.2151 0.3363 0.5248 0.8205 1.0000 1.0000 1.0000 1.0000 1.0000 1.0000 1.0000 1.0000 1.0000 0.0000 0.0000 0.0001 0.0001 0.0001 0.0002 0.0003 0.0005 0.0007 0.0010 0.0012 0.0010 0.0007 0.0005 0.0003 0.0002 0.0001 0.0001 0.0001 0.0000 0.0000 1.0000 1.0000 1.0000 1.0000 1.0000 1.0000 1.0000 1.0000 1.0000 0.8205 0.5248 0.3363 0.2151 0.1373 0.0878 0.0561 0.0358 0.0228 0.0146 0.0093 0.0059 0.0038 0.0024 0.0015 0.0010 0.0006 0.0004 0.0002 0.0002 0.0001 0.0001 0.0000 0.0000 1.0000 1.0000 1.0000 1.0000 1.0000 1.0000 1.0000
1.0000 1.0000 1.0000 1.0000 1.0000 1.0000 0.0000 0.0000 0.0001 0.0001 0.0002 0.0002 0.0004 0.0006 0.0010 0.0015 0.0024 0.0038 0.0059 0.0093 0.0146 0.0230 0.0360 0.0565 0.0887 0.1389 0.2172 0.3402 0.5318 0.8315 1.0000 1.0000 1.0000 1.0000 1.0000 1.0000 1.0000 1.0000 1.0000 0.0000 0.0000 0.0001 0.0001 0.0001 0.0002 0.0003 0.0005 0.0008 0.0011 0.0016 0.0018 0.0016 0.0011 0.0008 0.0005 0.0003 0.0002 0.0001 0.0001 0.0001 0.0000 0.0000 1.0000 1.0000 1.0000 1.0000 1.0000 1.0000 1.0000 1.0000 1.0000 0.8315 0.5318 0.3402 0.2172 0.1389 0.0887 0.0565 0.0360 0.0230 0.0146 0.0093 0.0059 0.0038 0.0024 0.0015 0.0010 0.0006 0.0004 0.0002 0.0002 0.0001 0.0001 0.0000 0.0000 1.0000 1.0000 1.0000 1.0000 1.0000 1.0000
1.0000 1.0000 1.0000 1.0000 1.0000 0.0000 0.0000 0.0001 0.0001 0.0002 0.0002 0.0004 0.0006 0.0009 0.0015 0.0024 0.0037 0.0059 0.0093 0.0146 0.0230 0.0361 0.0568 0.0892 0.1397 0.2192 0.3434 0.5380 0.8411 1.0000 1.0000 1.0000 1.0000 1.0000 1.0000 1.0000 1.0000 1.0000 0.0000 0.0000 0.0001 0.0001 0.0001 0.0002 0.0003 0.0005 0.0008 0.0012 0.0018 0.0025 0.0029 0.0025 0.0018 0.0012 0.0008 0.0005 0.0003 0.0002 0.0001 0.0001 0.0001 0.0000 0.0000 1.0000 1.0000 1.0000 1.0000 1.0000 1.0000 1.0000 1.0000 1.0000 0.8411 0.5380 0.3434 0.2192 0.1397 0.0892 0.0568 0.0361 0.0230 0.0146 0.0093 0.0059 0.0037 0.0024 0.0015 0.0009 0.0006 0.0004 0.0002 0.0002 0.0001 0.0001 0.0000 0.0000 1.0000 1.0000 1.0000 1.0000 1.0000
1.0000 1.0000 1.0000 1.0000 0.0000 0.0000 0.0001 0.0001 0.0001 0.0002 0.0004 0.0006 0.0009 0.0015 0.0023 0.0037 0.0059 0.0092 0.0146 0.0230 0.0361 0.0569 0.0893 0.1405 0.2205 0.3460 0.5421 0.8491 1.0000 1.0000 1.0000 1.0000 1.0000 1.0000 1.0000 1.0000 1.0000 0.0000 0.0000 0.0001 0.0001 0.0001 0.0002 0.0003 0.0005 0.0008 0.0012 0.0019 0.0029 0.0040 0.0046 0.0040 0.0029 0.0019 0.0012 0.0008 0.0005 0.0003 0.0002 0.0001 0.0001 0.0001 0.0000 0.0000 1.0000 1.0000 1.0000 1.0000 1.0000 1.0000 1.0000 1.0000 1.0000 0.8491 0.5421 0.3460 0.2205 0.1405 0.0893 0.0569 0.0361 0.0230 0.0146 0.0092 0.0059 0.0037 0.0023 0.0015 0.0009 0.0006 0.0004 0.0002 0.0001 0.0001 0.0001 0.0000 0.0000 1.0000 1.0000 1.0000 1.0000
1.0000 1.0000 1.0000 0.0000 0.0000 0.0001 0.0001 0.0001 0.0002 0.0004 0.0006 0.0009 0.0015 0.0023 0.0037 0.0058 0.0092 0.0145 0.0228 0.0360 0.0568 0.0893 0.1408 0.2213 0.3474 0.5452 0.8556 1.0000 1.0000 1.0000 1.0000 1.0000 1.0000 1.0000 1.0000 1.0000 0.0000 0.0000 0.0001 0.0001 0.0001 0.0002 0.0003 0.0005 0.0008 0.0013 0.0020 0.0030 0.0046 0.0064 0.0073 0.0064 0.0046 0.0030 0.0020 0.0013 0.0008 0.0005 0.0003 0.0002 0.0001 0.0001 0.0001 0.0000 0.0000 1.0000 1.0000 1.0000 1.0000 1.0000 1.0000 1.0000 1.0000 1.0000 0.8556 0.5452 0.3474 0.2213 0.1408 0.0893 0.0568 0.0360 0.0228 0.0145 0.0092 0.0058 0.0037 0.0023 0.0015 0.0009 0.0006 0.0004 0.0002 0.0001 0.0001 0.0001 0.0000 0.0000 1.0000 1.0000 1.0000
1.0000 1.0000 0.0000 0.0000 0.0001 0.0001 0.0001 0.0002 0.0004 0.0006 0.0009 0.0014 0.0023 0.0036 0.0057 0.0091 0.0143 0.0227 0.0358 0.0565 0.0892 0.1405 0.2213 0.3480 0.5472 0.8589 1.0000 1.0000 1.0000 1.0000 1.0000 1.0000 1.0000 1.0000 1.0000 0.0000 0.0000 0.0001 0.0001 0.0001 0.0002 0.0003 0.0005 0.0008 0.0013 0.0020 0.0031 0.0048 0.0072 0.0101 0.0116 0.0101 0.0072 0.0048 0.0031 0.0020 0.0013 0.0008 0.0005 0.0003 0.0002 0.0001 0.0001 0.0001 0.0000 0.0000 1.0000 1.0000 1.0000 1.0000 1.0000 1.0000 1.0000 1.0000 1.0000 0.8589 0.5472 0.3480 0.2213 0.1405 0.0892 0.0565 0.0358 0.0227 0.0143 0.0091 0.0057 0.0036 0.0023 0.0014 0.0009 0.0006 0.0004 0.0002 0.0001 0.0001 0.0001 0.0000 0.0000 1.0000 1.0000
1.0000 0.0000 0.0000 0.0001 0.0001 0.0001 0.0002 0.0004 0.0006 0.0009 0.0014 0.0022 0.0036 0.0057 0.0089 0.0142 0.0225 0.0355 0.0561 0.0887 0.1397 0.2205 0.3474 0.5472 0.8605 1.0000 1.0000 1.0000 1.0000 1.0000 1.0000 1.0000 1.0000 1.0000 0.0000 0.0000 0.0001 0.0001 0.0001 0.0002 0.0003 0.0005 0.0008 0.0013 0.0020 0.0032 0.0050 0.0076 0.0115 0.0160 0.0185 0.0160 0.0115 0.0076 0.0050 0.0032 0.0020 0.0013 0.0008 0.0005 0.0003 0.0002 0.0001 0.0001 0.0001 0.0000 0.0000 1.0000 1.0000 1.0000 1.0000 1.0000 1.0000 1.0000 1.0000 1.0000 0.8605 0.5472 0.3474 0.2205 0.1397 0.0887 0.0561 0.0355 0.0225 0.0142 0.0089 0.0057 0.0036 0.0022 0.0014 0.0009 0.0006 0.0004 0.0002 0.0001 0.0001 0.0001 0.0000 0.0000 1.0000
0.0000 0.0000 0.0001 0.0001 0.0001 0.0002 0.0003 0.0006 0.0009 0.0014 0.0022 0.0035 0.0056 0.0088 0.0140 0.0222 0.0351 0.0555 0.0878 0.1389 0.2192 0.3460 0.5452 0.8589 1.0000 1.0000 1.0000 1.0000 1.0000 1.0000 1.0000 1.0000 1.0000 0.0000 0.0000 0.0001 0.0001 0.0001 0.0002 0.0003 0.0005 0.0009 0.0013 0.0021 0.0032 0.0050 0.0079 0.0121 0.0183 0.0254 0.0293 0.0254 0.0183 0.0121 0.0079 0.0050 0.0032 0.0021 0.0013 0.0009 0.0005 0.0003 0.0002 0.0001 0.0001 0.0001 0.0000 0.0000 1.0000 1.0000 1.0000 1.0000 1.0000 1.0000 1.0000 1.0000 1.0000 0.8589 0.5452 0.3460 0.2192 0.1389 0.0878 0.0555 0.0351 0.0222 0.0140 0.0088 0.0056 0.0035 0.0022 0.0014 0.0009 0.0006 0.0003 0.0002 0.0001 0.0001 0.0001 0.0000 0.0000
0.0000 0.0001 0.0001 0.0001 0.0002 0.0003 0.0005 0.0009 0.0014 0.0022 0.0035 0.0055 0.0087 0.0138 0.0219 0.0347 0.0548 0.0868 0.1373 0.2172 0.3434 0.5421 0.8556 1.0000 1.0000 1.0000 1.0000 1.0000 1.0000 1.0000 1.0000 1.0000 0.0000 0.0000 0.0001 0.0001 0.0001 0.0002 0.0004 0.0006 0.0009 0.0014 0.0021 0.0033 0.0051 0.0080 0.0125 0.0193 0.0290 0.0403 0.0465 0.0403 0.0290 0.0193 0.0125 0.0080 0.0051 0.0033 0.0021 0.0014 0.0009 0.0006 0.0004 0.0002 0.0001 0.0001 0.0001 0.0000 0.0000 1.0000 1.0000 1.0000 1.0000 1.0000 1.0000 1.0000 1.0000 1.0000 0.8556 0.5421 0.3434 0.2172 0.1373 0.0868 0.0548 0.0347 0.0219 0.0138 0.0087 0.0055 0.0035 0.0022 0.0014 0.0009 0.0005 0.0003 0.0002 0.0001 0.0001 0.0001 0.0000
0.0001 0.0001 0.0001 0.0002 0.0003 0.0005 0.0008 0.0013 0.0021 0.0034 0.0054 0.0085 0.0136 0.0215 0.0341 0.0541 0.0857 0.1358 0.2151 0.3402 0.5380 0.8491 1.0000 1.0000 1.0000 1.0000 1.0000 1.0000 1.0000 1.0000 1.0000 0.0000 0.0000 0.0001 0.0001 0.0001 0.0002 0.0004 0.0006 0.0009 0.0014 0.0021 0.0033 0.0052 0.0082 0.0127 0.0198 0.0306 0.0459 0.0639 0.0739 0.0639 0.0459 0.0306 0.0198 0.0127 0.0082 0.0052 0.0033 0.0021 0.0014 0.0009 0.0006 0.0004 0.0002 0.0001 0.0001 0.0001 0.0000 0.0000 1.0000 1.0000 1.0000 1.0000 1.0000 1.0000 1.0000 1.0000 1.0000 0.8491 0.5380 0.3402 0.2151 0.1358 0.0857 0.0541 0.0341 0.0215 0.0136 0.0085 0.0054 0.0034 0.0021 0.0013 0.0008 0.0005 0.0003 0.0002 0.0001 0.0001 0.0001
0.0001 0.0001 0.0002 0.0003 0.0005 0.0008 0.0013 0.0021 0.0033 0.0053 0.0084 0.0133 0.0212 0.0335 0.0533 0.0845 0.1340 0.2123 0.3363 0.5318 0.8411 1.0000 1.0000 1.0000 1.0000 1.0000 1.0000 1.0000 1.0000 1.0000 0.0000 0.0000 0.0001 0.0001 0.0001 0.0002 0.0004 0.0006 0.0009 0.0014 0.0022 0.0034 0.0053 0.0083 0.0129 0.0202 0.0314 0.0485 0.0729 0.1015 0.1170 0.1015 0.0729 0.0485 0.0314 0.0202 0.0129 0.0083 0.0053 0.0034 0.0022 0.0014 0.0009 0.0006 0.0004 0.0002 0.0001 0.0001 0.0001 0.0000 0.0000 1.0000 1.0000 1.0000 1.0000 1.0000 1.0000 1.0000 1.0000 1.0000 0.8411 0.5318 0.3363 0.2123 0.1340 0.0845 0.0533 0.0335 0.0212 0.0133 0.0084 0.0053 0.0033 0.0021 0.0013 0.0008 0.0005 0.0003 0.0002 0.0001 0.0001
0.0001 0.0002 0.0003 0.0005 0.0008 0.0013 0.0021 0.0033 0.0052 0.0083 0.0131 0.0208 0.0330 0.0524 0.0831 0.1319 0.2094 0.3319 0.5248 0.8315 1.0000 1.0000 1.0000 1.0000 1.0000 1.0000 1.0000 1.0000 1.0000 0.0000 0.0000 0.0001 0.0001 0.0001 0.0002 0.0004 0.0006 0.0009 0.0014 0.0022 0.0034 0.0054 0.0084 0.0131 0.0205 0.0320 0.0498 0.0769 0.1157 0.1611 0.1858 0.1611 0.1157 0.0769 0.0498 0.0320 0.0205 0.0131 0.0084 0.0054 0.0034 0.0022 0.0014 0.0009 0.0006 0.0004 0.0002 0.0001 0.0001 0.0001 0.0000 0.0000 1.0000 1.0000 1.0000 1.0000 1.0000 1.0000 1.0000 1.0000 1.0000 0.8315 0.5248 0.3319 0.2094 0.1319 0.0831 0.0524 0.0330 0.0208 0.0131 0.0083 0.0052 0.0033 0.0021 0.0013 0.0008 0.0005 0.0003 0.0002 0.0001
0.0002 0.0003 0.0005 0.0008 0.0013 0.0020 0.0032 0.0051 0.0081 0.0129 0.0205 0.0325 0.0516 0.0819 0.1297 0.2059 0.3268 0.5179 0.8205 1.0000 1.0000 1.0000 1.0000 1.0000 1.0000 1.0000 1.0000 1.0000 0.0000 0.0000 0.0001 0.0001 0.0001 0.0002 0.0004 0.0006 0.0009 0.0014 0.0022 0.0035 0.0054 0.0085 0.0133 0.0208 0.0325 0.0507 0.0790 0.1218 0.1833 0.2557 0.2949 0.2557 0.1833 0.1218 0.0790 0.0507 0.0325 0.0208 0.0133 0.0085 0.0054 0.0035 0.0022 0.0014 0.0009 0.0006 0.0004 0.0002 0.0001 0.0001 0.0001 0.0000 0.0000 1.0000 1.0000 1.0000 1.0000 1.0000 1.0000 1.0000 1.0000 1.0000 0.8205 0.5179 0.3268 0.2059 0.1297 0.0819 0.0516 0.0325 0.0205 0.0129 0.0081 0.0051 0.0032 0.0020 0.0013 0.0008 0.0005 0.0003 0.0002
0.0003 0.0005 0.0008 0.0013 0.0020 0.0032 0.0050 0.0080 0.0127 0.0201 0.0319 0.0507 0.0805 0.1277 0.2024 0.3213 0.5101 0.8082 1.0000 1.0000 1.0000 1.0000 1.0000 1.0000 1.0000 1.0000 1.0000 0.0000 0.0000 0.0001 0.0001 0.0001 0.0002 0.0004 0.0006 0.0009 0.0014 0.0022 0.0035 0.0055 0.0086 0.0135 0.0211 0.0329 0.0515 0.0803 0.1251 0.1930 0.2905 0.4052 0.4673 0.4052 0.2905 0.1930 0.1251 0.0803 0.0515 0.0329 0.0211 0.0135 0.0086 0.0055 0.0035 0.0022 0.0014 0.0009 0.0006 0.0004 0.0002 0.0001 0.0001 0.0001 0.0000 0.0000 1.0000 1.0000 1.0000 1.0000 1.0000 1.0000 1.0000 1.0000 1.0000 0.8082 0.5101 0.3213 0.2024 0.1277 0.0805 0.0507 0.0319 0.0201 0.0127 0.0080 0.0050 0.0032 0.0020 0.0013 0.0008 0.0005 0.0003
0.0005 0.0008 0.0012 0.0020 0.0031 0.0050 0.0079 0.0125 0.0198 0.0314 0.0498 0.0791 0.1256 0.1993 0.3158 0.5014 0.7960 1.0000 1.0000 1.0000 1.0000 1.0000 1.0000 1.0000 1.0000 1.0000 0.0000 0.0000 0.0001 0.0001 0.0001 0.0002 0.0004 0.0006 0.0009 0.0014 0.0023 0.0035 0.0056 0.0087 0.0136 0.0213 0.0333 0.0522 0.0815 0.1273 0.1982 0.3064 0.4611 0.6420 0.7419 0.6420 0.4611 0.3064 0.1982 0.1273 0.0815 0.0522 0.0333 0.0213 0.0136 0.0087 0.0056 0.0035 0.0023 0.0014 0.0009 0.0006 0.0004 0.0002 0.0001 0.0001 0.0001 0.0000 0.0000 1.0000 1.0000 1.0000 1.0000 1.0000 1.0000 1.0000 1.0000 1.0000 0.7960 0.5014 0.3158 0.1993 0.1256 0.0791 0.0498 0.0314 0.0198 0.0125 0.0079 0.0050 0.0031 0.0020 0.0012 0.0008 0.0005
0.0008 0.0012 0.0019 0.0031 0.0049 0.0077 0.0123 0.0195 0.0309 0.0491 0.0778 0.1234 0.1960 0.3111 0.4929 0.7824 1.0000 1.0000 1.0000 1.0000 1.0000 1.0000 1.0000 1.0000 1.0000 0.0000 0.0000 0.0001 0.0001 0.0001 0.0002 0.0004 0.0006 0.0009 0.0014 0.0023 0.0036 0.0056 0.0088 0.0137 0.0215 0.0337 0.0528 0.0825 0.1290 0.2016 0.3141 0.4854 0.7307 1.0000 1.0000 1.0000 0.7307 0.4854 0.3141 0.2016 0.1290 0.0825 0.0528 0.0337 0.0215 0.0137 0.0088 0.0056 0.0036 0.0023 0.0014 0.0009 0.0006 0.0004 0.0002 0.0001 0.0001 0.0001 0.0000 0.0000 1.0000 1.0000 1.0000 1.0000 1.0000 1.0000 1.0000 1.0000 1.0000 0.7824 0.4929 0.3111 0.1960 0.1234 0.0778 0.0491 0.0309 0.0195 0.0123 0.0077 0.0049 0.0031 0.0019 0.0012 0.0008
0.0012 0.0019 0.0030 0.0048 0.0076 0.0121 0.0191 0.0304 0.0482 0.0766 0.1213 0.1926 0.3058 0.4854 0.7692 1.0000 1.0000 1.0000 1.0000 1.0000 1.0000 1.0000 1.0000 1.0000 0.0000 0.0000 0.0001 0.0001 0.0001 0.0002 0.0004 0.0006 0.0009 0.0014 0.0023 0.0036 0.0056 0.0088 0.0138 0.0217 0.0340 0.0533 0.0833 0.1304 0.2043 0.3189 0.4976 0.7692 1.0000 1.0000 1.0000 1.0000 1.0000 0.7692 0.4976 0.3189 0.2043 0.1304 0.0833 0.0533 0.0340 0.0217 0.0138 0.0088 0.0056 0.0036 0.0023 0.0014 0.0009 0.0006 0.0004 0.0002 0.0001 0.0001 0.0001 0.0000 0.0000 1.0000 1.0000 1.0000 1.0000 1.0000 1.0000 1.0000 1.0000 1.0000 0.7692 0.4854 0.3058 0.1926 0.1213 0.0766 0.0482 0.0304 0.0191 0.0121 0.0076 0.0048 0.0030 0.0019 0.0012
0.0019 0.0030 0.0047 0.0075 0.0119 0.0189 0.0299 0.0474 0.0753 0.1195 0.1894 0.3006 0.4772 0.7576 1.0000 1.0000 1.0000 1.0000 1.0000 1.0000 1.0000 1.0000 1.0000 0.0000 0.0000 0.0001 0.0001 0.0001 0.0002 0.0004 0.0006 0.0009 0.0014 0.0023 0.0036 0.0056 0.0088 0.0139 0.0218 0.0342 0.0537 0.0841 0.1317 0.2063 0.3231 0.5052 0.7869 1.0000 1.0000 1.0000 1.0000 1.0000 1.0000 1.0000 0.7869 0.5052 0.3231 0.2063 0.1317 0.0841 0.0537 0.0342 0.0218 0.0139 0.0088 0.0056 0.0036 0.0023 0.0014 0.0009 0.0006 0.0004 0.0002 0.0001 0.0001 0.0001 0.0000 0.0000 1.0000 1.0000 1.0000 1.0000 1.0000 1.0000 1.0000 1.0000 1.0000 0.7576 0.4772 0.3006 0.1894 0.1195 0.0753 0.0474 0.0299 0.0189 0.0119 0.0075 0.0047 0.0030 0.0019
0.0030 0.0046 0.0074 0.0117 0.0185 0.0294 0.0466 0.0740 0.1175 0.1865 0.2955 0.4691 0.7447 1.0000 1.0000 1.0000 1.0000 1.0000 1.0000 1.0000 1.0000 1.0000 0.0000 0.0000 0.0001 0.0001 0.0001 0.0002 0.0004 0.0006 0.0009 0.0014 0.0023 0.0036 0.0056 0.0088 0.0139 0.0218 0.0343 0.0539 0.0845 0.1327 0.2083 0.3262 0.5101 0.7990 1.0000 1.0000 1.0000 1.0000 1.0000 1.0000 1.0000 1.0000 1.0000 0.7990 0.5101 0.3262 0.2083 0.1327 0.0845 0.0539 0.0343 0.0218 0.0139 0.0088 0.0056 0.0036 0.0023 0.0014 0.0009 0.0006 0.0004 0.0002 0.0001 0.0001 0.0001 0.0000 0.0000 1.0000 1.0000 1.0000 1.0000 1.0000 1.0000 1.0000 1.0000 1.0000 0.7447 0.4691 0.2955 0.1865 0.1175 0.0740 0.0466 0.0294 0.0185 0.0117 0.0074 0.0046 0.0030
0.0046 0.0072 0.0115 0.0182 0.0289 0.0459 0.0728 0.1155 0.1833 0.2910 0.4611 0.7321 1.0000 1.0000 1.0000 1.0000 1.0000 1.0000 1.0000 1.0000 1.0000 0.0000 0.0000 0.0001 0.0001 0.0001 0.0002 0.0004 0.0006 0.0009 0.0014 0.0022 0.0035 0.0056 0.0088 0.0139 0.0218 0.0344 0.0541 0.0849 0.1335 0.2094 0.3287 0.5149 0.8066 1.0000 1.0000 1.0000 1.0000 1.0000 1.0000 1.0000 1.0000 1.0000 1.0000 1.0000 0.8066 0.5149 0.3287 0.2094 0.1335 0.0849 0.0541 0.0344 0.0218 0.0139 0.0088 0.0056 0.0035 0.0022 0.0014 0.0009 0.0006 0.0004 0.0002 0.0001 0.0001 0.0001 0.0000 0.0000 1.0000 1.0000 1.0000 1.0000 1.0000 1.0000 1.0000 1.0000 1.0000 0.7321 0.4611 0.2910 0.1833 0.1155 0.0728 0.0459 0.0289 0.0182 0.0115 0.0072 0.0046
0.0072 0.0113 0.0179 0.0284 0.0451 0.0717 0.1135 0.1802 0.2861 0.4542 0.7196 1.0000 1.0000 1.0000 1.0000 1.0000 1.0000 1.0000 1.0000 1.0000 0.0000 0.0000 0.0001 0.0001 0.0001 0.0002 0.0004 0.0006 0.0009 0.0014 0.0022 0.0035 0.0056 0.0088 0.0138 0.0218 0.0343 0.0541 0.0850 0.1337 0.2102 0.3300 0.5179 0.8128 1.0000 1.0000 1.0000 1.0000 1.0000 1.0000 1.0000 1.0000 1.0000 1.0000 1.0000 1.0000 1.0000 0.8128 0.5179 0.3300 0.2102 0.1337 0.0850 0.0541 0.0343 0.0218 0.0138 0.0088 0.0056 0.0035 0.0022 0.0014 0.0009 0.0006 0.0004 0.0002 0.0001 0.0001 0.0001 0.0000 0.0000 1.0000 1.0000 1.0000 1.0000 1.0000 1.0000 1.0000 1.0000 1.0000 0.7196 0.4542 0.2861 0.1802 0.1135 0.0717 0.0451 0.0284 0.0179 0.0113 0.0072
0.0113 0.0176 0.0280 0.0444 0.0704 0.1118 0.1772 0.2813 0.4465 0.7088 1.0000 1.0000 1.0000 1.0000 1.0000 1.0000 1.0000 1.0000 1.0000 0.0000 0.0000 0.0001 0.0001 0.0001 0.0002 0.0003 0.0006 0.0009 0.0014 0.0022 0.0035 0.0055 0.0087 0.0137 0.0217 0.0342 0.0539 0.0849 0.1337 0.2106 0.3312 0.5198 0.8174 1.0000 1.0000 1.0000 1.0000 1.0000 1.0000 1.0000 1.0000 1.0000 1.0000 1.0000 1.0000 1.0000 1.0000 1.0000 0.8174 0.5198 0.3312 0.2106 0.1337 0.0849 0.0539 0.0342 0.0217 0.0137 0.0087 0.0055 0.0035 0.0022 0.0014 0.0009 0.0006 0.0003 0.0002 0.0001 0.0001 0.0001 0.0000 0.0000 1.0000 1.0000 1.0000 1.0000 1.0000 1.0000 1.0000 1.0000 1.0000 0.7088 0.4465 0.2813 0.1772 0.1118 0.0704 0.0444 0.0280 0.0176 0.0113
0.0176 0.0275 0.0436 0.0692 0.1099 0.1745 0.2765 0.4389 0.6967 1.0000 1.0000 1.0000 1.0000 1.0000 1.0000 1.0000 1.0000 1.0000 0.0000 0.0000 0.0001 0.0001 0.0001 0.0002 0.0003 0.0005 0.0009 0.0014 0.0022 0.0034 0.0054 0.0086 0.0136 0.0215 0.0340 0.0537 0.0845 0.1335 0.2102 0.3312 0.5208 0.8190 1.0000 1.0000 1.0000 1.0000 1.0000 1.0000 1.0000 1.0000 1.0000 1.0000 1.0000 1.0000 1.0000 1.0000 1.0000 1.0000 1.0000 0.8190 0.5208 0.3312 0.2102 0.1335 0.0845 0.0537 0.0340 0.0215 0.0136 0.0086 0.0054 0.0034 0.0022 0.0014 0.0009 0.0005 0.0003 0.0002 0.0001 0.0001 0.0001 0.0000 0.0000 1.0000 1.0000 1.0000 1.0000 1.0000 1.0000 1.0000 1.0000 1.0000 0.6967 0.4389 0.2765 0.1745 0.1099 0.0692 0.0436 0.0275 0.0176
0.0274 0.0430 0.0681 0.1081 0.1715 0.2723 0.4315 0.6849 1.0000 1.0000 1.0000 1.0000 1.0000 1.0000 1.0000 1.0000 1.0000 0.0000 0.0000 0.0001 0.0001 0.0001 0.0002 0.0003 0.0005 0.0009 0.0014 0.0021 0.0034 0.0054 0.0085 0.0135 0.0213 0.0337 0.0533 0.0841 0.1327 0.2094 0.3300 0.5198 0.8190 1.0000 1.0000 1.0000 1.0000 1.0000 1.0000 1.0000 1.0000 1.0000 1.0000 1.0000 1.0000 1.0000 1.0000 1.0000 1.0000 1.0000 1.0000 1.0000 0.8190 0.5198 0.3300 0.2094 0.1327 0.0841 0.0533 0.0337 0.0213 0.0135 0.0085 0.0054 0.0034 0.0021 0.0014 0.0009 0.0005 0.0003 0.0002 0.0001 0.0001 0.0001 0.0000 0.0000 1.0000 1.0000 1.0000 1.0000 1.0000 1.0000 1.0000 1.0000 1.0000 0.6849 0.4315 0.2723 0.1715 0.1081 0.0681 0.0430 0.0274
0.0428 0.0670 0.1062 0.1686 0.2677 0.4249 0.6746 1.0000 1.0000 1.0000 1.0000 1.0000 1.0000 1.0000 1.0000 1.0000 0.0000 0.0000 0.0001 0.0001 0.0001 0.0002 0.0003 0.0005 0.0008 0.0013 0.0021 0.0033 0.0053 0.0084 0.0133 0.0211 0.0334 0.0528 0.0833 0.1317 0.2083 0.3287 0.5179 0.8174 1.0000 1.0000 1.0000 1.0000 1.0000 1.0000 1.0000 1.0000 1.0000 1.0000 0.0000 1.0000 1.0000 1.0000 1.0000 1.0000 1.0000 1.0000 1.0000 1.0000 1.0000 0.8174 0.5179 0.3287 0.2083 0.1317 0.0833 0.0528 0.0333 0.0211 0.0133 0.0084 0.0053 0.0033 0.0021 0.0013 0.0008 0.0005 0.0003 0.0002 0.0001 0.0001 0.0001 0.0000 0.0000 1.0000 1.0000 1.0000 1.0000 1.0000 1.0000 1.0000 1.0000 1.0000 0.6746 0.4249 0.2677 0.1686 0.1062 0.0670 0.0428
0.0668 0.1046 0.1658 0.2631 0.4177 0.6631 1.0000 1.0000 1.0000 1.0000 1.0000 1.0000 1.0000 1.0000 1.0000 1.0000 0.0000 0.0001 0.0001 0.0001 0.0002 0.0003 0.0005 0.0008 0.0013 0.0021 0.0033 0.0052 0.0083 0.0131 0.0208 0.0329 0.0522 0.0825 0.1304 0.2063 0.3262 0.5149 0.8128 1.0000 1.0000 1.0000 1.0000 1.0000 1.0000 1.0000 1.0000 1.0000 0.0000 0.0000 0.0000 0.0000 0.0000 1.0000 1.0000 1.0000 1.0000 1.0000 1.0000 1.0000 1.0000 1.0000 0.8128 0.5149 0.3262 0.2063 0.1304 0.0825 0.0522 0.0329 0.0208 0.0131 0.0083 0.0052 0.0033 0.0021 0.0013 0.0008 0.0005 0.0003 0.0002 0.0001 0.0001 0.0001 0.0000 1.0000 1.0000 1.0000 1.0000 1.0000 1.0000 1.0000 1.0000 1.0000 1.0000 0.6631 0.4177 0.2631 0.1658 0.1046 0.0668
0.1042 0.1633 0.2587 0.4106 0.6519 1.0000 1.0000 1.0000 1.0000 1.0000 1.0000 1.0000 1.0000 1.0000 1.0000 0.0000 0.0001 0.0001 0.0001 0.0002 0.0003 0.0005 0.0008 0.0013 0.0020 0.0032 0.0051 0.0082 0.0129 0.0205 0.0325 0.0515 0.0815 0.1290 0.2043 0.3231 0.5101 0.8066 1.0000 1.0000 1.0000 1.0000 1.0000 1.0000 1.0000 1.0000 1.0000 0.0000 0.0000 0.0000 0.0001 0.0000 0.0000 0.0000 1.0000 1.0000 1.0000 1.0000 1.0000 1.0000 1.0000 1.0000 1.0000 0.8066 0.5101 0.3231 0.2043 0.1290 0.0815 0.0515 0.0325 0.0205 0.0129 0.0082 0.0051 0.0032 0.0020 0.0013 0.0008 0.0005 0.0003 0.0002 0.0001 0.0001 0.0001 0.0000 1.0000 1.0000 1.0000 1.0000 1.0000 1.0000 1.0000 1.0000 1.0000 1.0000 0.6519 0.4106 0.2587 0.1633 0.1042
0.1623 0.2543 0.4037 0.6408 1.0000 1.0000 1.0000 1.0000 1.0000 1.0000 1.0000 1.0000 1.0000 1.0000 0.0000 0.0000 0.0001 0.0001 0.0002 0.0003 0.0005 0.0008 0.0013 0.0020 0.0032 0.0050 0.0080 0.0127 0.0202 0.0320 0.0507 0.0803 0.1273 0.2016 0.3189 0.5052 0.7990 1.0000 1.0000 1.0000 1.0000 1.0000 1.0000 1.0000 1.0000 1.0000 0.0000 0.0000 0.0001 0.0001 0.0001 0.0001 0.0001 0.0000 0.0000 1.0000 1.0000 1.0000 1.0000 1.0000 1.0000 1.0000 1.0000 1.0000 0.7990 0.5052 0.3189 0.2016 0.1273 0.0803 0.0507 0.0320 0.0202 0.0127 0.0080 0.0050 0.0032 0.0020 0.0013 0.0008 0.0005 0.0003 0.0002 0.0001 0.0001 0.0000 0.0000 1.0000 1.0000 1.0000 1.0000 1.0000 1.0000 1.0000 1.0000 1.0000 1.0000 0.6408 0.4037 0.2543 0.1623
0.2519 0.3953 0.6275 0.9943 1.0000 1.0000 1.0000 1.0000 1.0000 1.0000 1.0000 1.0000 1.0000 0.0000 0.0000 0.0001 0.0001 0.0002 0.0003 0.0005 0.0008 0.0012 0.0020 0.0031 0.0050 0.0079 0.0125 0.0198 0.0314 0.0498 0.0790 0.1251 0.1982 0.3141 0.4976 0.7869 1.0000 1.0000 1.0000 1.0000 1.0000 1.0000 1.0000 1.0000 1.0000 0.0000 0.0000 0.0001 0.0001 0.0001 0.0001 0.0001 0.0001 0.0001 0.0000 0.0000 1.0000 1.0000 1.0000 1.0000 1.0000 1.0000 1.0000 1.0000 1.0000 0.7869 0.4976 0.3141 0.1982 0.1251 0.0790 0.0498 0.0314 0.0198 0.0125 0.0079 0.0050 0.0031 0.0020 0.0012 0.0008 0.0005 0.0003 0.0002 0.0001 0.0001 0.0000 0.0000 1.0000 1.0000 1.0000 1.0000 1.0000 1.0000 1.0000 1.0000 1.0000 0.9943 0.6275 0.3953 0.2519
0.3864 0.6064 0.9645 1.0000 1.0000 1.0000 1.0000 1.0000 1.0000 1.0000 1.0000 1.0000 0.0000 0.0000 0.0001 0.0001 0.0002 0.0003 0.0005 0.0008 0.0012 0.0019 0.0030 0.0048 0.0076 0.0121 0.0193 0.0306 0.0485 0.0769 0.1218 0.1930 0.3064 0.4854 0.7692 1.0000 1.0000 1.0000 1.0000 1.0000 1.0000 1.0000 1.0000 1.0000 0.0000 0.0000 0.0001 0.0001 0.0001 0.0002 0.0002 0.0002 0.0001 0.0001 0.0001 0.0000 0.0000 1.0000 1.0000 1.0000 1.0000 1.0000 1.0000 1.0000 1.0000 1.0000 0.7692 0.4854 0.3064 0.1930 0.1218 0.0769 0.0485 0.0306 0.0193 0.0121 0.0076 0.0048 0.0030 0.0019 0.0012 0.0008 0.0005 0.0003 0.0002 0.0001 0.0001 0.0000 0.0000 1.0000 1.0000 1.0000 1.0000 1.0000 1.0000 1.0000 1.0000 1.0000 0.9645 0.6064 0.3864
0.5750 0.9041 1.0000 1.0000 1.0000 1.0000 1.0000 1.0000 1.0000 1.0000 1.0000 0.0000 0.0000 0.0001 0.0001 0.0002 0.0003 0.0005 0.0007 0.0011 0.0018 0.0029 0.0046 0.0072 0.0115 0.0183 0.0289 0.0459 0.0729 0.1157 0.1833 0.2905 0.4611 0.7307 1.0000 1.0000 1.0000 1.0000 1.0000 1.0000 1.0000 1.0000 1.0000 0.0000 0.0000 0.0001 0.0001 0.0001 0.0002 0.0003 0.0003 0.0003 0.0002 0.0001 0.0001 0.0001 0.0000 0.0000 1.0000 1.0000 1.0000 1.0000 1.0000 1.0000 1.0000 1.0000 1.0000 0.7307 0.4611 0.2905 0.1833 0.1157 0.0729 0.0459 0.0290 0.0183 0.0115 0.0072 0.0046 0.0029 0.0018 0.0011 0.0007 0.0005 0.0003 0.0002 0.0001 0.0001 0.0000 0.0000 1.0000 1.0000 1.0000 1.0000 1.0000 1.0000 1.0000 1.0000 1.0000 0.9041 0.5750
0.7839 1.0000 1.0000 1.0000 1.0000 1.0000 1.0000 1.0000 1.0000 1.0000 0.0000 0.0000 0.0001 0.0001 0.0002 0.0003 0.0004 0.0006 0.0010 0.0016 0.0025 0.0040 0.0064 0.0101 0.0160 0.0254 0.0403 0.0639 0.1015 0.1611 0.2557 0.4052 0.6420 1.0000 1.0000 1.0000 1.0000 1.0000 1.0000 1.0000 1.0000 1.0000 1.0000 0.0000 0.0000 0.0001 0.0001 0.0002 0.0003 0.0004 0.0005 0.0004 0.0003 0.0002 0.0001 0.0001 0.0000 0.0000 1.0000 1.0000 1.0000 1.0000 1.0000 1.0000 1.0000 1.0000 1.0000 1.0000 0.6420 0.4052 0.2557 0.1611 0.1015 0.0639 0.0403 0.0254 0.0160 0.0101 0.0064 0.0040 0.0025 0.0016 0.0010 0.0006 0.0004 0.0003 0.0002 0.0001 0.0001 0.0000 0.0000 1.0000 1.0000 1.0000 1.0000 1.0000 1.0000 1.0000 1.0000 1.0000 0.7839
0.8905 1.0000 1.0000 1.0000 1.0000 1.0000 1.0000 1.0000 1.0000 1.0000 0.0000 0.0000 0.0001 0.0001 0.0002 0.0003 0.0005 0.0007 0.0012 0.0018 0.0029 0.0046 0.0073 0.0116 0.0185 0.0293 0.0465 0.0737 0.1170 0.1858 0.2949 0.4673 0.7419 1.0000 1.0000 1.0000 1.0000 1.0000 1.0000 1.0000 1.0000 1.0000 0.0000 0.0000 0.0001 0.0001 0.0001 0.0002 0.0003 0.0005 0.0005 0.0005 0.0003 0.0002 0.0001 0.0001 0.0001 0.0000 0.0000 1.0000 1.0000 1.0000 1.0000 1.0000 1.0000 1.0000 1.0000 1.0000 0.7419 0.4673 0.2949 0.1858 0.1170 0.0739 0.0465 0.0293 0.0185 0.0116 0.0073 0.0046 0.0029 0.0018 0.0012 0.0007 0.0005 0.0003 0.0002 0.0001 0.0001 0.0000 0.0000 1.0000 1.0000 1.0000 1.0000 1.0000 1.0000 1.0000 1.0000 1.0000 0.8905
0.7839 1.0000 1.0000 1.0000 1.0000 1.0000 1.0000 1.0000 1.0000 1.0000 0.0000 0.0000 0.0001 0.0001 0.0002 0.0003 0.0004 0.0006 0.0010 0.0016 0.0025 0.0040 0.0064 0.0101 0.0160 0.0254 0.0403 0.0639 0.1015 0.1611 0.2557 0.4052 0.6420 1.0000 1.0000 1.0000 1.0000 1.0000 1.0000 1.0000 1.0000 1.0000 1.0000 0.0000 0.0000 0.0001 0.0001 0.0002 0.0003 0.0004 0.0005 0.0004 0.0003 0.0002 0.0001 0.0001 0.0000 0.0000 1.0000 1.0000 1.0000 1.0000 1.0000 1.0000 1.0000 1.0000 1.0000 1.0000 0.6420 0.4052 0.2557 0.1611 0.1015 0.0639 0.0403 0.0254 0.0160 0.0101 0.0064 0.0040 0.0025 0.0016 0.0010 0.0006 0.0004 0.0003 0.0002 0.0001 0.0001 0.0000 0.0000 1.0000 1.0000 1.0000 1.0000 1.0000 1.0000 1.0000 1.0000 1.0000 0.7839
0.5750 0.9041 1.0000 1.0000 1.0000 1.0000 1.0000 1.0000 1.0000 1.0000 1.0000 0.0000 0.0000 0.0001 0.0001 0.0002 0.0003 0.0005 0.0007 0.0011 0.0018 0.0029 0.0046 0.0072 0.0115 0.0183 0.0289 0.0459 0.0729 0.1157 0.1833 0.2905 0.4611 0.7307 1.0000 1.0000 1.0000 1.0000 1.0000 1.0000 1.0000 1.0000 1.0000 0.0000 0.0000 0.0001 0.0001 0.0001 0.0002 0.0003 0.0003 0.0003 0.0002 0.0001 0.0001 0.0001 0.0000 0.0000 1.0000 1.0000 1.0000 1.0000 1.0000 1.0000 1.0000 1.0000 1.0000 0.7307 0.4611 0.2905 0.1833 0.1157 0.0729 0.0459 0.0290 0.0183 0.0115 0.0072 0.0046 0.0029 0.0018 0.0011 0.0007 0.0005 0.0003 0.0002 0.0001 0.0001 0.0000 0.0000 1.0000 1.0000 1.0000 1.0000 1.0000 1.0000 1.0000 1.0000 1.0000 0.9041 0.5750
0.3864 0.6064 0.9645 1.0000 1.0000 1.0000 1.0000 1.0000 1.0000 1.0000 1.0000 1.0000 0.0000 0.0000 0.0001 0.0001 0.0002 0.0003 0.0005 0.0008 0.0012 0.0019 0.0030 0.0048 0.0076 0.0121 0.0193 0.0306 0.0485 0.0769 0.1218 0.1930 0.3064 0.4854 0.7692 1.0000 1.0000 1.0000 1.0000 1.0000 1.0000 1.0000 1.0000 1.0000 0.0000 0.0000 0.0001 0.0001 0.0001 0.0002 0.0002 0.0002 0.0001 0.0001 0.0001 0.0000 0.0000 1.0000 1.0000 1.0000 1.0000 1.0000 1.0000 1.0000 1.0000 1.0000 0.7692 0.4854 0.3064 0.1930 0.1218 0.0769 0.0485 0.0306 0.0193 0.0121 0.0076 0.0048 0.0030 0.0019 0.0012 0.0008 0.0005 0.0003 0.0002 0.0001 0.0001 0.0000 0.0000 1.0000 1.0000 1.0000 1.0000 1.0000 1.0000 1.0000 1.0000 1.0000 0.9645 0.6064 0.3864
0.2519 0.3953 0.6275 0.9943 1.0000 1.0000 1.0000 1.0000 1.0000 1.0000 1.0000 1.0000 1.0000 0.0000 0.0000 0.0001 0.0001 0.0002 0.0003 0.0005 0.0008 0.0012 0.0020 0.0031 0.0050 0.0079 0.0125 0.0198 0.0314 0.0498 0.0790 0.1251 0.1982 0.3141 0.4976 0.7869 1.0000 1.0000 1.0000 1.0000 1.0000 1.0000 1.0000 1.0000 1.0000 0.0000 0.0000 0.0001 0.0001 0.0001 0.0001 0.0001 0.0001 0.0001 0.0000 0.0000 1.0000 1.0000 1.0000 1.0000 1.0000 1.0000 1.0000 1.0000 1.0000 0.7869 0.4976 0.3141 0.1982 0.1251 0.0790 0.0498 0.0314 0.0198 0.0125 0.0079 0.0050 0.0031 0.0020 0.0012 0.0008 0.0005 0.0003 0.0002 0.0001 0.0001 0.0000 0.0000 1.0000 1.0000 1.0000 1.0000 1.0000 1.0000 1.0000 1.0000 1.0000 0.9943 0.6275 0.3953 0.2519
0.1623 0.2543 0.4037 0.6408 1.0000 1.0000 1.0000 1.0000 1.0000 1.0000 1.0000 1.0000 1.0000 1.0000 0.0000 0.0000 0.0001 0.0001 0.0002 0.0003 0.0005 0.0008 0.0013 0.0020 0.0032 0.0050 0.0080 0.0127 0.0202 0.0320 0.0507 0.0803 0.1273 0.2016 0.3195 0.5052 0.7990 1.0000 1.0000 1.0000 1.0000 1.0000 1.0000 1.0000 1.0000 1.0000 0.0000 0.0000 0.0001 0.0001 0.0001 0.0001 0.0001 0.0000 0.0000 1.0000 1.0000 1.0000 1.0000 1.0000 1.0000 1.0000 1.0000 1.0000 0.7990 0.5052 0.3189 0.2016 0.1273 0.0803 0.0507 0.0320 0.0202 0.0127 0.0080 0.0050 0.0032 0.0020 0.0013 0.0008 0.0005 0.0003 0.0002 0.0001 0.0001 0.0000 0.0000 1.0000 1.0000 1.0000 1.0000 1.0000 1.0000 1.0000 1.0000 1.0000 1.0000 0.6408 0.4037 0.2543 0.1623
