0.6482 0.9887 1.0000 1.0000 1.0000 1.0000 1.0000 1.0000 1.0000 1.0000 1.0000 0.0000 0.0000 0.0001 0.0001 0.0002 0.0002 0.0004 0.0006 0.0009 0.0014 0.0022 0.0035 0.0054 0.0084 0.0131 0.0205 0.0320 0.0499 0.0779 0.1216 0.1897 0.2961 0.4620 0.7210 1.0000 1.0000 1.0000 1.0000 1.0000 1.0000 1.0000 1.0000 1.0000 1.0000 0.0000 0.0000 0.0001 0.0001 0.0001 0.0002 0.0001 0.0001 0.0001 0.0000 0.0000 1.0000 1.0000 1.0000 1.0000 1.0000 1.0000 1.0000 1.0000 1.0000 1.0000 0.7210 0.4620 0.2961 0.1897 0.1216 0.0779 0.0499 0.0320 0.0205 0.0131 0.0084 0.0054 0.0035 0.0022 0.0014 0.0009 0.0006 0.0004 0.0002 0.0002 0.0001 0.0001 0.0000 0.0000 1.0000 1.0000 1.0000 1.0000 1.0000 1.0000 1.0000 1.0000 1.0000 0.9887 0.6482
0.9887 1.0000 1.0000 1.0000 1.0000 1.0000 1.0000 1.0000 1.0000 1.0000 0.0000 0.0000 0.0001 0.0001 0.0002 0.0002 0.0004 0.0006 0.0009 0.0014 0.0022 0.0035 0.0054 0.0085 0.0132 0.0206 0.0321 0.0501 0.0782 0.1220 0.1904 0.2972 0.4638 0.7238 1.0000 1.0000 1.0000 1.0000 1.0000 1.0000 1.0000 1.0000 1.0000 1.0000 0.0000 0.0000 0.0001 0.0001 0.0002 0.0002 0.0003 0.0002 0.0002 0.0001 0.0001 0.0000 0.0000 1.0000 1.0000 1.0000 1.0000 1.0000 1.0000 1.0000 1.0000 1.0000 1.0000 0.7238 0.4638 0.2972 0.1904 0.1220 0.0782 0.0501 0.0321 0.0206 0.0132 0.0085 0.0054 0.0035 0.0022 0.0014 0.0009 0.0006 0.0004 0.0002 0.0002 0.0001 0.0001 0.0000 0.0000 1.0000 1.0000 1.0000 1.0000 1.0000 1.0000 1.0000 1.0000 1.0000 0.9887
1.0000 1.0000 1.0000 1.0000 1.0000 1.0000 1.0000 1.0000 1.0000 0.0000 0.0000 0.0001 0.0001 0.0002 0.0002 0.0004 0.0006 0.0009 0.0014 0.0023 0.0035 0.0055 0.0086 0.0134 0.0209 0.0327 0.0510 0.0796 0.1241 0.1937 0.3023 0.4718 0.7362 1.0000 1.0000 1.0000 1.0000 1.0000 1.0000 1.0000 1.0000 1.0000 1.0000 0.0000 0.0000 0.0001 0.0001 0.0002 0.0003 0.0004 0.0004 0.0004 0.0003 0.0002 0.0001 0.0001 0.0000 0.0000 1.0000 1.0000 1.0000 1.0000 1.0000 1.0000 1.0000 1.0000 1.0000 1.0000 0.7362 0.4718 0.3023 0.1937 0.1241 0.0796 0.0510 0.0327 0.0209 0.0134 0.0086 0.0055 0.0035 0.0023 0.0014 0.0009 0.0006 0.0004 0.0002 0.0002 0.0001 0.0001 0.0000 0.0000 1.0000 1.0000 1.0000 1.0000 1.0000 1.0000 1.0000 1.0000 1.0000
1.0000 1.0000 1.0000 1.0000 1.0000 1.0000 1.0000 1.0000 0.0000 0.0000 0.0001 0.0001 0.0002 0.0002 0.0004 0.0006 0.0009 0.0015 0.0023 0.0036 0.0056 0.0087 0.0136 0.0213 0.0332 0.0518 0.0809 0.1263 0.1971 0.3075 0.4799 0.7490 1.0000 1.0000 1.0000 1.0000 1.0000 1.0000 1.0000 1.0000 1.0000 1.0000 0.0000 0.0000 0.0001 0.0001 0.0002 0.0003 0.0004 0.0006 0.0007 0.0006 0.0004 0.0003 0.0002 0.0001 0.0001 0.0000 0.0000 1.0000 1.0000 1.0000 1.0000 1.0000 1.0000 1.0000 1.0000 1.0000 1.0000 0.7490 0.4799 0.3075 0.1971 0.1263 0.0809 0.0518 0.0332 0.0213 0.0136 0.0087 0.0056 0.0036 0.0023 0.0015 0.0009 0.0006 0.0004 0.0002 0.0002 0.0001 0.0001 0.0000 0.0000 1.0000 1.0000 1.0000 1.0000 1.0000 1.0000 1.0000 1.0000
1.0000 1.0000 1.0000 1.0000 1.0000 1.0000 1.0000 0.0000 0.0000 0.0001 0.0001 0.0002 0.0003 0.0004 0.0006 0.0010 0.0015 0.0023 0.0036 0.0057 0.0089 0.0139 0.0216 0.0337 0.0527 0.0822 0.1282 0.2001 0.3123 0.4873 0.7604 1.0000 1.0000 1.0000 1.0000 1.0000 1.0000 1.0000 1.0000 1.0000 1.0000 0.0000 0.0000 0.0001 0.0001 0.0002 0.0003 0.0004 0.0007 0.0009 0.0011 0.0009 0.0007 0.0004 0.0003 0.0002 0.0001 0.0001 0.0000 0.0000 1.0000 1.0000 1.0000 1.0000 1.0000 1.0000 1.0000 1.0000 1.0000 1.0000 0.7604 0.4873 0.3123 0.2001 0.1282 0.0822 0.0527 0.0337 0.0216 0.0139 0.0089 0.0057 0.0036 0.0023 0.0015 0.0010 0.0006 0.0004 0.0003 0.0002 0.0001 0.0001 0.0000 0.0000 1.0000 1.0000 1.0000 1.0000 1.0000 1.0000 1.0000
1.0000 1.0000 1.0000 1.0000 1.0000 1.0000 0.0000 0.0000 0.0001 0.0001 0.0002 0.0003 0.0004 0.0006 0.0010 0.0015 0.0024 0.0037 0.0058 0.0090 0.0141 0.0220 0.0343 0.0536 0.0836 0.1304 0.2036 0.3177 0.4957 0.7736 1.0000 1.0000 1.0000 1.0000 1.0000 1.0000 1.0000 1.0000 1.0000 1.0000 0.0000 0.0000 0.0001 0.0001 0.0002 0.0003 0.0005 0.0007 0.0011 0.0015 0.0017 0.0015 0.0011 0.0007 0.0005 0.0003 0.0002 0.0001 0.0001 0.0000 0.0000 1.0000 1.0000 1.0000 1.0000 1.0000 1.0000 1.0000 1.0000 1.0000 1.0000 0.7736 0.4957 0.3177 0.2036 0.1304 0.0836 0.0536 0.0343 0.0220 0.0141 0.0090 0.0058 0.0037 0.0024 0.0015 0.0010 0.0006 0.0004 0.0003 0.0002 0.0001 0.0001 0.0000 0.0000 1.0000 1.0000 1.0000 1.0000 1.0000 1.0000
1.0000 1.0000 1.0000 1.0000 1.0000 0.0000 0.0000 0.0001 0.0001 0.0002 0.0003 0.0004 0.0006 0.0010 0.0015 0.0024 0.0038 0.0059 0.0092 0.0143 0.0224 0.0349 0.0545 0.0850 0.1327 0.2071 0.3231 0.5043 0.7869 1.0000 1.0000 1.0000 1.0000 1.0000 1.0000 1.0000 1.0000 1.0000 1.0000 0.0000 0.0001 0.0001 0.0001 0.0002 0.0003 0.0005 0.0007 0.0011 0.0017 0.0023 0.0027 0.0023 0.0017 0.0011 0.0007 0.0005 0.0003 0.0002 0.0001 0.0001 0.0001 0.0000 1.0000 1.0000 1.0000 1.0000 1.0000 1.0000 1.0000 1.0000 1.0000 1.0000 0.7869 0.5043 0.3231 0.2071 0.1327 0.0850 0.0545 0.0349 0.0224 0.0143 0.0092 0.0059 0.0038 0.0024 0.0015 0.0010 0.0006 0.0004 0.0003 0.0002 0.0001 0.0001 0.0000 0.0000 1.0000 1.0000 1.0000 1.0000 1.0000
1.0000 1.0000 1.0000 1.0000 0.0000 0.0000 0.0001 0.0001 0.0002 0.0003 0.0004 0.0006 0.0010 0.0016 0.0024 0.0038 0.0060 0.0093 0.0146 0.0227 0.0355 0.0553 0.0863 0.1347 0.2106 0.3287 0.5130 0.8005 1.0000 1.0000 1.0000 1.0000 1.0000 1.0000 1.0000 1.0000 1.0000 0.0000 0.0000 0.0001 0.0001 0.0001 0.0002 0.0003 0.0005 0.0007 0.0011 0.0018 0.0026 0.0037 0.0042 0.0037 0.0026 0.0018 0.0011 0.0007 0.0005 0.0003 0.0002 0.0001 0.0001 0.0001 0.0000 0.0000 1.0000 1.0000 1.0000 1.0000 1.0000 1.0000 1.0000 1.0000 1.0000 0.8005 0.5130 0.3287 0.2106 0.1347 0.0863 0.0553 0.0355 0.0227 0.0146 0.0093 0.0060 0.0038 0.0024 0.0016 0.0010 0.0006 0.0004 0.0003 0.0002 0.0001 0.0001 0.0000 0.0000 1.0000 1.0000 1.0000 1.0000
1.0000 1.0000 1.0000 0.0000 0.0000 0.0001 0.0001 0.0002 0.0003 0.0004 0.0006 0.0010 0.0016 0.0025 0.0039 0.0061 0.0095 0.0148 0.0231 0.0361 0.0563 0.0878 0.1371 0.2139 0.3338 0.5208 0.8128 1.0000 1.0000 1.0000 1.0000 1.0000 1.0000 1.0000 1.0000 1.0000 0.0000 0.0000 0.0001 0.0001 0.0001 0.0002 0.0003 0.0005 0.0008 0.0012 0.0018 0.0028 0.0042 0.0059 0.0067 0.0059 0.0042 0.0028 0.0018 0.0012 0.0008 0.0005 0.0003 0.0002 0.0001 0.0001 0.0001 0.0000 0.0000 1.0000 1.0000 1.0000 1.0000 1.0000 1.0000 1.0000 1.0000 1.0000 0.8128 0.5208 0.3338 0.2139 0.1371 0.0878 0.0563 0.0361 0.0231 0.0148 0.0095 0.0061 0.0039 0.0025 0.0016 0.0010 0.0006 0.0004 0.0003 0.0002 0.0001 0.0001 0.0000 0.0000 1.0000 1.0000 1.0000
1.0000 1.0000 0.0000 0.0000 0.0001 0.0001 0.0002 0.0003 0.0004 0.0006 0.0010 0.0016 0.0025 0.0039 0.0061 0.0096 0.0150 0.0234 0.0366 0.0571 0.0893 0.1394 0.2176 0.3395 0.5298 0.8268 1.0000 1.0000 1.0000 1.0000 1.0000 1.0000 1.0000 1.0000 1.0000 0.0000 0.0000 0.0001 0.0001 0.0001 0.0002 0.0003 0.0005 0.0008 0.0012 0.0019 0.0029 0.0045 0.0067 0.0093 0.0107 0.0093 0.0067 0.0045 0.0029 0.0019 0.0012 0.0008 0.0005 0.0003 0.0002 0.0001 0.0001 0.0001 0.0000 0.0000 1.0000 1.0000 1.0000 1.0000 1.0000 1.0000 1.0000 1.0000 1.0000 0.8268 0.5298 0.3395 0.2176 0.1394 0.0893 0.0571 0.0366 0.0234 0.0150 0.0096 0.0061 0.0039 0.0025 0.0016 0.0010 0.0006 0.0004 0.0003 0.0002 0.0001 0.0001 0.0000 0.0000 1.0000 1.0000
1.0000 0.0000 0.0000 0.0001 0.0001 0.0002 0.0003 0.0004 0.0006 0.0010 0.0016 0.0025 0.0039 0.0062 0.0097 0.0152 0.0237 0.0371 0.0579 0.0905 0.1416 0.2209 0.3454 0.5390 0.8411 1.0000 1.0000 1.0000 1.0000 1.0000 1.0000 1.0000 1.0000 1.0000 0.0000 0.0000 0.0001 0.0001 0.0001 0.0002 0.0003 0.0005 0.0008 0.0012 0.0019 0.0029 0.0046 0.0071 0.0106 0.0148 0.0170 0.0148 0.0106 0.0071 0.0046 0.0029 0.0019 0.0012 0.0008 0.0005 0.0003 0.0002 0.0001 0.0001 0.0001 0.0000 0.0000 1.0000 1.0000 1.0000 1.0000 1.0000 1.0000 1.0000 1.0000 1.0000 0.8411 0.5390 0.3454 0.2209 0.1416 0.0905 0.0579 0.0371 0.0237 0.0152 0.0097 0.0062 0.0039 0.0025 0.0016 0.0010 0.0006 0.0004 0.0003 0.0002 0.0001 0.0001 0.0000 0.0000 1.0000
0.0000 0.0000 0.0001 0.0001 0.0002 0.0003 0.0004 0.0006 0.0010 0.0016 0.0025 0.0039 0.0062 0.0097 0.0153 0.0239 0.0375 0.0587 0.0918 0.1435 0.2243 0.3500 0.5472 0.8540 1.0000 1.0000 1.0000 1.0000 1.0000 1.0000 1.0000 1.0000 1.0000 0.0000 0.0000 0.0001 0.0001 0.0001 0.0002 0.0003 0.0005 0.0008 0.0012 0.0019 0.0030 0.0047 0.0073 0.0112 0.0169 0.0234 0.0270 0.0234 0.0169 0.0112 0.0073 0.0047 0.0030 0.0019 0.0012 0.0008 0.0005 0.0003 0.0002 0.0001 0.0001 0.0001 0.0000 0.0000 1.0000 1.0000 1.0000 1.0000 1.0000 1.0000 1.0000 1.0000 1.0000 0.8540 0.5472 0.3500 0.2243 0.1435 0.0918 0.0587 0.0375 0.0239 0.0153 0.0097 0.0062 0.0039 0.0025 0.0016 0.0010 0.0006 0.0004 0.0003 0.0002 0.0001 0.0001 0.0000 0.0000
0.0000 0.0001 0.0001 0.0002 0.0003 0.0004 0.0006 0.0010 0.0016 0.0025 0.0039 0.0062 0.0098 0.0153 0.0241 0.0377 0.0592 0.0926 0.1451 0.2269 0.3547 0.5546 0.8671 1.0000 1.0000 1.0000 1.0000 1.0000 1.0000 1.0000 1.0000 1.0000 0.0000 0.0000 0.0001 0.0001 0.0001 0.0002 0.0003 0.0005 0.0008 0.0013 0.0020 0.0030 0.0048 0.0074 0.0115 0.0178 0.0268 0.0372 0.0429 0.0372 0.0268 0.0178 0.0115 0.0074 0.0048 0.0030 0.0020 0.0013 0.0008 0.0005 0.0003 0.0002 0.0001 0.0001 0.0001 0.0000 0.0000 1.0000 1.0000 1.0000 1.0000 1.0000 1.0000 1.0000 1.0000 1.0000 0.8671 0.5546 0.3547 0.2269 0.1451 0.0926 0.0592 0.0377 0.0241 0.0153 0.0098 0.0062 0.0039 0.0025 0.0016 0.0010 0.0006 0.0004 0.0003 0.0002 0.0001 0.0001 0.0000
0.0001 0.0001 0.0002 0.0002 0.0004 0.0006 0.0010 0.0016 0.0025 0.0039 0.0062 0.0097 0.0153 0.0241 0.0379 0.0596 0.0933 0.1465 0.2295 0.3588 0.5620 0.8787 1.0000 1.0000 1.0000 1.0000 1.0000 1.0000 1.0000 1.0000 1.0000 0.0000 0.0000 0.0001 0.0001 0.0001 0.0002 0.0003 0.0005 0.0008 0.0013 0.0020 0.0031 0.0048 0.0075 0.0118 0.0183 0.0282 0.0425 0.0590 0.0681 0.0590 0.0425 0.0282 0.0183 0.0118 0.0075 0.0048 0.0031 0.0020 0.0013 0.0008 0.0005 0.0003 0.0002 0.0001 0.0001 0.0001 0.0000 0.0000 1.0000 1.0000 1.0000 1.0000 1.0000 1.0000 1.0000 1.0000 1.0000 0.8787 0.5620 0.3588 0.2295 0.1465 0.0933 0.0596 0.0379 0.0241 0.0153 0.0097 0.0062 0.0039 0.0025 0.0016 0.0010 0.0006 0.0004 0.0002 0.0002 0.0001 0.0001
0.0001 0.0002 0.0002 0.0004 0.0006 0.0010 0.0015 0.0024 0.0039 0.0061 0.0097 0.0153 0.0241 0.0379 0.0597 0.0937 0.1473 0.2308 0.3622 0.5674 0.8888 1.0000 1.0000 1.0000 1.0000 1.0000 1.0000 1.0000 1.0000 1.0000 0.0000 0.0000 0.0001 0.0001 0.0001 0.0002 0.0003 0.0005 0.0008 0.0013 0.0020 0.0031 0.0049 0.0077 0.0120 0.0187 0.0290 0.0448 0.0673 0.0937 0.1081 0.0937 0.0673 0.0448 0.0290 0.0187 0.0120 0.0077 0.0049 0.0031 0.0020 0.0013 0.0008 0.0005 0.0003 0.0002 0.0001 0.0001 0.0001 0.0000 0.0000 1.0000 1.0000 1.0000 1.0000 1.0000 1.0000 1.0000 1.0000 1.0000 0.8888 0.5674 0.3622 0.2308 0.1473 0.0937 0.0597 0.0379 0.0241 0.0153 0.0097 0.0061 0.0039 0.0024 0.0015 0.0010 0.0006 0.0004 0.0002 0.0002 0.0001
0.0002 0.0002 0.0004 0.0006 0.0010 0.0015 0.0024 0.0038 0.0061 0.0096 0.0152 0.0239 0.0377 0.0596 0.0937 0.1476 0.2317 0.3643 0.5706 0.8956 1.0000 1.0000 1.0000 1.0000 1.0000 1.0000 1.0000 1.0000 1.0000 0.0000 0.0000 0.0001 0.0001 0.0001 0.0002 0.0003 0.0005 0.0008 0.0013 0.0021 0.0032 0.0050 0.0078 0.0122 0.0190 0.0296 0.0461 0.0711 0.1068 0.1487 0.1715 0.1487 0.1068 0.0711 0.0461 0.0296 0.0190 0.0122 0.0078 0.0050 0.0032 0.0021 0.0013 0.0008 0.0005 0.0003 0.0002 0.0001 0.0001 0.0001 0.0000 0.0000 1.0000 1.0000 1.0000 1.0000 1.0000 1.0000 1.0000 1.0000 1.0000 0.8956 0.5706 0.3643 0.2317 0.1476 0.0937 0.0596 0.0377 0.0239 0.0152 0.0096 0.0061 0.0038 0.0024 0.0015 0.0010 0.0006 0.0004 0.0002 0.0002
0.0002 0.0004 0.0006 0.0009 0.0015 0.0024 0.0038 0.0060 0.0095 0.0150 0.0237 0.0375 0.0592 0.0933 0.1473 0.2317 0.3650 0.5728 0.9007 1.0000 1.0000 1.0000 1.0000 1.0000 1.0000 1.0000 1.0000 1.0000 0.0000 0.0000 0.0001 0.0001 0.0001 0.0002 0.0004 0.0005 0.0009 0.0013 0.0021 0.0033 0.0051 0.0079 0.0124 0.0193 0.0302 0.0470 0.0732 0.1129 0.1696 0.2361 0.2723 0.2361 0.1696 0.1129 0.0732 0.0470 0.0302 0.0193 0.0124 0.0079 0.0051 0.0033 0.0021 0.0013 0.0009 0.0005 0.0004 0.0002 0.0001 0.0001 0.0001 0.0000 0.0000 1.0000 1.0000 1.0000 1.0000 1.0000 1.0000 1.0000 1.0000 1.0000 0.9007 0.5728 0.3650 0.2317 0.1473 0.0933 0.0592 0.0375 0.0237 0.0150 0.0095 0.0060 0.0038 0.0024 0.0015 0.0009 0.0006 0.0004 0.0002
0.0004 0.0006 0.0009 0.0015 0.0023 0.0037 0.0059 0.0093 0.0148 0.0234 0.0371 0.0587 0.0926 0.1465 0.2308 0.3643 0.5728 0.9024 1.0000 1.0000 1.0000 1.0000 1.0000 1.0000 1.0000 1.0000 1.0000 0.0000 0.0000 0.0001 0.0001 0.0001 0.0002 0.0004 0.0006 0.0009 0.0014 0.0021 0.0033 0.0052 0.0081 0.0126 0.0196 0.0306 0.0478 0.0746 0.1162 0.1792 0.2692 0.3748 0.4323 0.3748 0.2692 0.1792 0.1162 0.0746 0.0478 0.0306 0.0196 0.0126 0.0081 0.0052 0.0033 0.0021 0.0014 0.0009 0.0006 0.0004 0.0002 0.0001 0.0001 0.0001 0.0000 0.0000 1.0000 1.0000 1.0000 1.0000 1.0000 1.0000 1.0000 1.0000 1.0000 0.9024 0.5728 0.3643 0.2308 0.1465 0.0926 0.0587 0.0371 0.0234 0.0148 0.0093 0.0059 0.0037 0.0023 0.0015 0.0009 0.0006 0.0004
0.0006 0.0009 0.0014 0.0023 0.0036 0.0058 0.0092 0.0146 0.0231 0.0366 0.0579 0.0918 0.1451 0.2295 0.3622 0.5706 0.9007 1.0000 1.0000 1.0000 1.0000 1.0000 1.0000 1.0000 1.0000 1.0000 0.0000 0.0000 0.0001 0.0001 0.0001 0.0002 0.0004 0.0006 0.0009 0.0014 0.0022 0.0034 0.0053 0.0082 0.0128 0.0200 0.0312 0.0486 0.0759 0.1184 0.1840 0.2845 0.4274 0.5950 0.6862 0.5950 0.4274 0.2845 0.1840 0.1184 0.0759 0.0486 0.0312 0.0200 0.0128 0.0082 0.0053 0.0034 0.0022 0.0014 0.0009 0.0006 0.0004 0.0002 0.0001 0.0001 0.0001 0.0000 0.0000 1.0000 1.0000 1.0000 1.0000 1.0000 1.0000 1.0000 1.0000 1.0000 0.9007 0.5706 0.3622 0.2295 0.1451 0.0918 0.0579 0.0366 0.0231 0.0146 0.0092 0.0058 0.0036 0.0023 0.0014 0.0009 0.0006
0.0009 0.0014 0.0023 0.0036 0.0057 0.0090 0.0143 0.0227 0.0361 0.0571 0.0905 0.1435 0.2269 0.3588 0.5674 0.8956 1.0000 1.0000 1.0000 1.0000 1.0000 1.0000 1.0000 1.0000 1.0000 0.0000 0.0000 0.0001 0.0001 0.0002 0.0002 0.0004 0.0006 0.0009 0.0014 0.0022 0.0034 0.0053 0.0083 0.0130 0.0203 0.0317 0.0495 0.0772 0.1204 0.1879 0.2922 0.4507 0.6784 0.9427 1.0000 0.9427 0.6784 0.4507 0.2922 0.1879 0.1204 0.0772 0.0495 0.0317 0.0203 0.0130 0.0083 0.0053 0.0034 0.0022 0.0014 0.0009 0.0006 0.0004 0.0002 0.0002 0.0001 0.0001 0.0000 0.0000 1.0000 1.0000 1.0000 1.0000 1.0000 1.0000 1.0000 1.0000 1.0000 0.8956 0.5674 0.3588 0.2269 0.1435 0.0905 0.0571 0.0361 0.0227 0.0143 0.0090 0.0057 0.0036 0.0023 0.0014 0.0009
0.0014 0.0022 0.0035 0.0056 0.0089 0.0141 0.0224 0.0355 0.0563 0.0893 0.1416 0.2243 0.3547 0.5620 0.8888 1.0000 1.0000 1.0000 1.0000 1.0000 1.0000 1.0000 1.0000 1.0000 0.0000 0.0000 0.0001 0.0001 0.0002 0.0002 0.0004 0.0006 0.0009 0.0014 0.0022 0.0035 0.0054 0.0085 0.0132 0.0207 0.0322 0.0503 0.0785 0.1225 0.1912 0.2978 0.4638 0.7155 1.0000 1.0000 1.0000 1.0000 1.0000 0.7155 0.4638 0.2978 0.1912 0.1225 0.0785 0.0503 0.0322 0.0207 0.0132 0.0085 0.0054 0.0035 0.0022 0.0014 0.0009 0.0006 0.0004 0.0002 0.0002 0.0001 0.0001 0.0000 0.0000 1.0000 1.0000 1.0000 1.0000 1.0000 1.0000 1.0000 1.0000 1.0000 0.8888 0.5620 0.3547 0.2243 0.1416 0.0893 0.0563 0.0355 0.0224 0.0141 0.0089 0.0056 0.0035 0.0022 0.0014
0.0022 0.0035 0.0055 0.0087 0.0139 0.0220 0.0349 0.0553 0.0878 0.1394 0.2209 0.3500 0.5546 0.8787 1.0000 1.0000 1.0000 1.0000 1.0000 1.0000 1.0000 1.0000 1.0000 0.0000 0.0000 0.0001 0.0001 0.0002 0.0002 0.0004 0.0006 0.0009 0.0014 0.0023 0.0035 0.0055 0.0086 0.0134 0.0210 0.0327 0.0511 0.0797 0.1246 0.1945 0.3035 0.4727 0.7362 1.0000 1.0000 1.0000 1.0000 1.0000 1.0000 1.0000 0.7362 0.4727 0.3035 0.1945 0.1246 0.0797 0.0511 0.0327 0.0210 0.0134 0.0086 0.0055 0.0035 0.0023 0.0014 0.0009 0.0006 0.0004 0.0002 0.0002 0.0001 0.0001 0.0000 0.0000 1.0000 1.0000 1.0000 1.0000 1.0000 1.0000 1.0000 1.0000 1.0000 0.8787 0.5546 0.3500 0.2209 0.1394 0.0878 0.0553 0.0349 0.0220 0.0139 0.0087 0.0055 0.0035 0.0022
0.0035 0.0054 0.0086 0.0136 0.0216 0.0343 0.0545 0.0863 0.1371 0.2176 0.3454 0.5472 0.8671 1.0000 1.0000 1.0000 1.0000 1.0000 1.0000 1.0000 1.0000 1.0000 0.0000 0.0000 0.0001 0.0001 0.0002 0.0002 0.0004 0.0006 0.0009 0.0015 0.0023 0.0036 0.0056 0.0087 0.0136 0.0213 0.0333 0.0520 0.0811 0.1265 0.1975 0.3081 0.4809 0.7504 1.0000 1.0000 1.0000 1.0000 1.0000 1.0000 1.0000 1.0000 1.0000 0.7504 0.4809 0.3081 0.1975 0.1265 0.0811 0.0520 0.0333 0.0213 0.0136 0.0087 0.0056 0.0036 0.0023 0.0015 0.0009 0.0006 0.0004 0.0002 0.0002 0.0001 0.0001 0.0000 0.0000 1.0000 1.0000 1.0000 1.0000 1.0000 1.0000 1.0000 1.0000 1.0000 0.8671 0.5472 0.3454 0.2176 0.1371 0.0863 0.0545 0.0343 0.0216 0.0136 0.0086 0.0054 0.0035
0.0054 0.0085 0.0134 0.0213 0.0337 0.0536 0.0850 0.1347 0.2139 0.3395 0.5390 0.8540 1.0000 1.0000 1.0000 1.0000 1.0000 1.0000 1.0000 1.0000 1.0000 0.0000 0.0000 0.0001 0.0001 0.0002 0.0002 0.0004 0.0006 0.0009 0.0015 0.0023 0.0036 0.0057 0.0089 0.0139 0.0216 0.0338 0.0529 0.0825 0.1287 0.2009 0.3135 0.4892 0.7633 1.0000 1.0000 1.0000 1.0000 1.0000 1.0000 1.0000 1.0000 1.0000 1.0000 1.0000 0.7633 0.4892 0.3135 0.2009 0.1287 0.0825 0.0529 0.0338 0.0216 0.0139 0.0089 0.0057 0.0036 0.0023 0.0015 0.0009 0.0006 0.0004 0.0002 0.0002 0.0001 0.0001 0.0000 0.0000 1.0000 1.0000 1.0000 1.0000 1.0000 1.0000 1.0000 1.0000 1.0000 0.8540 0.5390 0.3395 0.2139 0.1347 0.0850 0.0536 0.0337 0.0213 0.0134 0.0085 0.0054
0.0084 0.0132 0.0209 0.0332 0.0527 0.0836 0.1327 0.2106 0.3338 0.5298 0.8411 1.0000 1.0000 1.0000 1.0000 1.0000 1.0000 1.0000 1.0000 1.0000 0.0000 0.0000 0.0001 0.0001 0.0002 0.0002 0.0004 0.0006 0.0010 0.0015 0.0023 0.0037 0.0057 0.0090 0.0140 0.0219 0.0343 0.0536 0.0837 0.1307 0.2043 0.3189 0.4976 0.7765 1.0000 1.0000 1.0000 1.0000 1.0000 1.0000 1.0000 1.0000 1.0000 1.0000 1.0000 1.0000 1.0000 0.7765 0.4976 0.3189 0.2043 0.1307 0.0837 0.0536 0.0343 0.0219 0.0140 0.0090 0.0057 0.0037 0.0023 0.0015 0.0010 0.0006 0.0004 0.0002 0.0002 0.0001 0.0001 0.0000 0.0000 1.0000 1.0000 1.0000 1.0000 1.0000 1.0000 1.0000 1.0000 1.0000 0.8411 0.5298 0.3338 0.2106 0.1327 0.0836 0.0527 0.0332 0.0209 0.0132 0.0084
0.0131 0.0206 0.0327 0.0518 0.0822 0.1304 0.2071 0.3287 0.5208 0.8268 1.0000 1.0000 1.0000 1.0000 1.0000 1.0000 1.0000 1.0000 1.0000 0.0000 0.0000 0.0001 0.0001 0.0002 0.0002 0.0004 0.0006 0.0010 0.0015 0.0023 0.0037 0.0058 0.0091 0.0142 0.0222 0.0347 0.0543 0.0849 0.1327 0.2075 0.3238 0.5052 0.7899 1.0000 1.0000 1.0000 1.0000 1.0000 1.0000 1.0000 1.0000 1.0000 1.0000 1.0000 1.0000 1.0000 1.0000 1.0000 0.7899 0.5052 0.3238 0.2075 0.1327 0.0849 0.0543 0.0347 0.0222 0.0142 0.0091 0.0058 0.0037 0.0023 0.0015 0.0010 0.0006 0.0004 0.0002 0.0002 0.0001 0.0001 0.0000 0.0000 1.0000 1.0000 1.0000 1.0000 1.0000 1.0000 1.0000 1.0000 1.0000 0.8268 0.5208 0.3287 0.2071 0.1304 0.0822 0.0518 0.0327 0.0206 0.0131
0.0205 0.0321 0.0510 0.0809 0.1282 0.2036 0.3231 0.5130 0.8128 1.0000 1.0000 1.0000 1.0000 1.0000 1.0000 1.0000 1.0000 1.0000 0.0000 0.0000 0.0001 0.0001 0.0002 0.0002 0.0004 0.0006 0.0010 0.0015 0.0024 0.0037 0.0058 0.0091 0.0143 0.0224 0.0351 0.0549 0.0860 0.1345 0.2102 0.3287 0.5130 0.8020 1.0000 1.0000 1.0000 1.0000 1.0000 1.0000 1.0000 1.0000 1.0000 1.0000 1.0000 1.0000 1.0000 1.0000 1.0000 1.0000 1.0000 0.8020 0.5130 0.3287 0.2102 0.1345 0.0860 0.0549 0.0351 0.0224 0.0143 0.0091 0.0058 0.0037 0.0024 0.0015 0.0010 0.0006 0.0004 0.0002 0.0002 0.0001 0.0001 0.0000 0.0000 1.0000 1.0000 1.0000 1.0000 1.0000 1.0000 1.0000 1.0000 1.0000 0.8128 0.5130 0.3231 0.2036 0.1282 0.0809 0.0510 0.0321 0.0205
0.0320 0.0501 0.0796 0.1263 0.2001 0.3177 0.5043 0.8005 1.0000 1.0000 1.0000 1.0000 1.0000 1.0000 1.0000 1.0000 1.0000 0.0000 0.0000 0.0001 0.0001 0.0002 0.0002 0.0004 0.0006 0.0010 0.0015 0.0024 0.0037 0.0058 0.0092 0.0144 0.0226 0.0355 0.0555 0.0868 0.1360 0.2127 0.3331 0.5198 0.8128 1.0000 1.0000 1.0000 1.0000 1.0000 1.0000 1.0000 1.0000 1.0000 1.0000 1.0000 1.0000 1.0000 1.0000 1.0000 1.0000 1.0000 1.0000 1.0000 0.8128 0.5198 0.3331 0.2127 0.1360 0.0868 0.0555 0.0355 0.0226 0.0144 0.0092 0.0058 0.0037 0.0024 0.0015 0.0010 0.0006 0.0004 0.0002 0.0002 0.0001 0.0001 0.0000 0.0000 1.0000 1.0000 1.0000 1.0000 1.0000 1.0000 1.0000 1.0000 1.0000 0.8005 0.5043 0.3177 0.2001 0.1263 0.0796 0.0501 0.0320
0.0499 0.0782 0.1241 0.1971 0.3123 0.4957 0.7869 1.0000 1.0000 1.0000 1.0000 1.0000 1.0000 1.0000 1.0000 1.0000 0.0000 0.0000 0.0001 0.0001 0.0002 0.0002 0.0004 0.0006 0.0010 0.0015 0.0024 0.0037 0.0059 0.0092 0.0145 0.0227 0.0357 0.0560 0.0877 0.1373 0.2151 0.3369 0.5268 0.8237 1.0000 1.0000 1.0000 1.0000 1.0000 1.0000 1.0000 1.0000 1.0000 1.0000 0.0000 1.0000 1.0000 1.0000 1.0000 1.0000 1.0000 1.0000 1.0000 1.0000 1.0000 0.8237 0.5268 0.3369 0.2151 0.1373 0.0877 0.0560 0.0357 0.0227 0.0145 0.0092 0.0059 0.0037 0.0024 0.0015 0.0010 0.0006 0.0004 0.0002 0.0002 0.0001 0.0001 0.0000 0.0000 1.0000 1.0000 1.0000 1.0000 1.0000 1.0000 1.0000 1.0000 1.0000 0.7869 0.4957 0.3123 0.1971 0.1241 0.0782 0.0499
0.0779 0.1220 0.1937 0.3075 0.4873 0.7736 1.0000 1.0000 1.0000 1.0000 1.0000 1.0000 1.0000 1.0000 1.0000 0.0000 0.0000 0.0001 0.0001 0.0002 0.0002 0.0004 0.0006 0.0009 0.0015 0.0023 0.0037 0.0058 0.0092 0.0145 0.0228 0.0358 0.0562 0.0882 0.1384 0.2172 0.3402 0.5318 0.8331 1.0000 1.0000 1.0000 1.0000 1.0000 1.0000 1.0000 1.0000 1.0000 0.0000 0.0000 0.0000 0.0000 0.0000 1.0000 1.0000 1.0000 1.0000 1.0000 1.0000 1.0000 1.0000 1.0000 0.8331 0.5318 0.3402 0.2172 0.1384 0.0882 0.0562 0.0358 0.0228 0.0145 0.0092 0.0058 0.0037 0.0023 0.0015 0.0009 0.0006 0.0004 0.0002 0.0002 0.0001 0.0001 0.0000 0.0000 1.0000 1.0000 1.0000 1.0000 1.0000 1.0000 1.0000 1.0000 1.0000 0.7736 0.4873 0.3075 0.1937 0.1220 0.0779
0.1216 0.1904 0.3023 0.4799 0.7604 1.0000 1.0000 1.0000 1.0000 1.0000 1.0000 1.0000 1.0000 1.0000 0.0000 0.0000 0.0001 0.0001 0.0001 0.0002 0.0004 0.0006 0.0009 0.0015 0.0023 0.0037 0.0058 0.0092 0.0145 0.0228 0.0359 0.0564 0.0885 0.1392 0.2184 0.3428 0.5369 0.8411 1.0000 1.0000 1.0000 1.0000 1.0000 1.0000 1.0000 1.0000 1.0000 0.0000 0.0000 0.0000 0.0001 0.0000 0.0000 0.0000 1.0000 1.0000 1.0000 1.0000 1.0000 1.0000 1.0000 1.0000 1.0000 0.8411 0.5369 0.3428 0.2184 0.1392 0.0885 0.0564 0.0359 0.0228 0.0145 0.0092 0.0058 0.0037 0.0023 0.0015 0.0009 0.0006 0.0004 0.0002 0.0001 0.0001 0.0001 0.0000 0.0000 1.0000 1.0000 1.0000 1.0000 1.0000 1.0000 1.0000 1.0000 1.0000 0.7604 0.4799 0.3023 0.1904 0.1216
0.1897 0.2972 0.4718 0.7490 1.0000 1.0000 1.0000 1.0000 1.0000 1.0000 1.0000 1.0000 1.0000 0.0000 0.0000 0.0001 0.0001 0.0001 0.0002 0.0004 0.0006 0.0009 0.0015 0.0023 0.0037 0.0058 0.0091 0.0144 0.0227 0.0358 0.0564 0.0887 0.1394 0.2192 0.3441 0.5400 0.8475 1.0000 1.0000 1.0000 1.0000 1.0000 1.0000 1.0000 1.0000 1.0000 0.0000 0.0000 0.0001 0.0001 0.0001 0.0001 0.0001 0.0000 0.0000 1.0000 1.0000 1.0000 1.0000 1.0000 1.0000 1.0000 1.0000 1.0000 0.8475 0.5400 0.3441 0.2192 0.1394 0.0887 0.0564 0.0358 0.0227 0.0144 0.0091 0.0058 0.0037 0.0023 0.0015 0.0009 0.0006 0.0004 0.0002 0.0001 0.0001 0.0001 0.0000 0.0000 1.0000 1.0000 1.0000 1.0000 1.0000 1.0000 1.0000 1.0000 1.0000 0.7490 0.4718 0.2972 0.1897
0.2961 0.4638 0.7362 1.0000 1.0000 1.0000 1.0000 1.0000 1.0000 1.0000 1.0000 1.0000 0.0000 0.0000 0.0001 0.0001 0.0001 0.0002 0.0004 0.0006 0.0009 0.0014 0.0023 0.0036 0.0057 0.0091 0.0143 0.0226 0.0357 0.0562 0.0885 0.1394 0.2196 0.3454 0.5421 0.8524 1.0000 1.0000 1.0000 1.0000 1.0000 1.0000 1.0000 1.0000 1.0000 0.0000 0.0000 0.0001 0.0001 0.0001 0.0001 0.0001 0.0001 0.0001 0.0000 0.0000 1.0000 1.0000 1.0000 1.0000 1.0000 1.0000 1.0000 1.0000 1.0000 0.8524 0.5421 0.3454 0.2196 0.1394 0.0885 0.0562 0.0357 0.0226 0.0143 0.0091 0.0057 0.0036 0.0023 0.0014 0.0009 0.0006 0.0004 0.0002 0.0001 0.0001 0.0001 0.0000 0.0000 1.0000 1.0000 1.0000 1.0000 1.0000 1.0000 1.0000 1.0000 1.0000 0.7362 0.4638 0.2961
0.4620 0.7238 1.0000 1.0000 1.0000 1.0000 1.0000 1.0000 1.0000 1.0000 1.0000 0.0000 0.0000 0.0001 0.0001 0.0001 0.0002 0.0004 0.0006 0.0009 0.0014 0.0023 0.0036 0.0057 0.0090 0.0142 0.0224 0.0355 0.0560 0.0882 0.1392 0.2192 0.3454 0.5431 0.8540 1.0000 1.0000 1.0000 1.0000 1.0000 1.0000 1.0000 1.0000 1.0000 0.0000 0.0000 0.0001 0.0001 0.0001 0.0002 0.0002 0.0002 0.0001 0.0001 0.0001 0.0000 0.0000 1.0000 1.0000 1.0000 1.0000 1.0000 1.0000 1.0000 1.0000 1.0000 0.8540 0.5431 0.3454 0.2192 0.1392 0.0882 0.0560 0.0355 0.0224 0.0142 0.0090 0.0057 0.0036 0.0023 0.0014 0.0009 0.0006 0.0004 0.0002 0.0001 0.0001 0.0001 0.0000 0.0000 1.0000 1.0000 1.0000 1.0000 1.0000 1.0000 1.0000 1.0000 1.0000 0.7238 0.4620
0.7210 1.0000 1.0000 1.0000 1.0000 1.0000 1.0000 1.0000 1.0000 1.0000 0.0000 0.0000 0.0001 0.0001 0.0001 0.0002 0.0004 0.0006 0.0009 0.0014 0.0022 0.0035 0.0056 0.0089 0.0140 0.0222 0.0351 0.0555 0.0877 0.1384 0.2184 0.3441 0.5421 0.8540 1.0000 1.0000 1.0000 1.0000 1.0000 1.0000 1.0000 1.0000 1.0000 0.0000 0.0000 0.0001 0.0001 0.0001 0.0002 0.0003 0.0003 0.0003 0.0002 0.0001 0.0001 0.0001 0.0000 0.0000 1.0000 1.0000 1.0000 1.0000 1.0000 1.0000 1.0000 1.0000 1.0000 0.8540 0.5421 0.3441 0.2184 0.1384 0.0877 0.0555 0.0351 0.0222 0.0140 0.0089 0.0056 0.0035 0.0022 0.0014 0.0009 0.0006 0.0004 0.0002 0.0001 0.0001 0.0001 0.0000 0.0000 1.0000 1.0000 1.0000 1.0000 1.0000 1.0000 1.0000 1.0000 1.0000 0.7210
1.0000 1.0000 1.0000 1.0000 1.0000 1.0000 1.0000 1.0000 1.0000 0.0000 0.0000 0.0001 0.0001 0.0001 0.0002 0.0003 0.0005 0.0009 0.0014 0.0022 0.0035 0.0055 0.0087 0.0139 0.0219 0.0347 0.0549 0.0868 0.1373 0.2172 0.3428 0.5400 0.8524 1.0000 1.0000 1.0000 1.0000 1.0000 1.0000 1.0000 1.0000 1.0000 0.0000 0.0000 0.0001 0.0001 0.0001 0.0002 0.0003 0.0005 0.0005 0.0005 0.0003 0.0002 0.0001 0.0001 0.0001 0.0000 0.0000 1.0000 1.0000 1.0000 1.0000 1.0000 1.0000 1.0000 1.0000 1.0000 0.8524 0.5400 0.3428 0.2172 0.1373 0.0868 0.0549 0.0347 0.0219 0.0139 0.0087 0.0055 0.0035 0.0022 0.0014 0.0009 0.0005 0.0003 0.0002 0.0001 0.0001 0.0001 0.0000 0.0000 1.0000 1.0000 1.0000 1.0000 1.0000 1.0000 1.0000 1.0000 1.0000
1.0000 1.0000 1.0000 1.0000 1.0000 1.0000 1.0000 1.0000 0.0000 0.0000 0.0001 0.0001 0.0001 0.0002 0.0003 0.0005 0.0009 0.0014 0.0022 0.0034 0.0054 0.0086 0.0136 0.0216 0.0343 0.0543 0.0860 0.1360 0.2151 0.3402 0.5369 0.8475 1.0000 1.0000 1.0000 1.0000 1.0000 1.0000 1.0000 1.0000 1.0000 0.0000 0.0000 0.0001 0.0001 0.0001 0.0002 0.0003 0.0005 0.0007 0.0008 0.0007 0.0005 0.0003 0.0002 0.0001 0.0001 0.0001 0.0000 0.0000 1.0000 1.0000 1.0000 1.0000 1.0000 1.0000 1.0000 1.0000 1.0000 0.8475 0.5369 0.3402 0.2151 0.1360 0.0860 0.0543 0.0343 0.0216 0.0136 0.0086 0.0054 0.0034 0.0022 0.0014 0.0009 0.0005 0.0003 0.0002 0.0001 0.0001 0.0001 0.0000 0.0000 1.0000 1.0000 1.0000 1.0000 1.0000 1.0000 1.0000 1.0000
1.0000 1.0000 1.0000 1.0000 1.0000 1.0000 1.0000 0.0000 0.0000 0.0001 0.0001 0.0001 0.0002 0.0003 0.0005 0.0008 0.0013 0.0021 0.0034 0.0053 0.0085 0.0134 0.0213 0.0338 0.0536 0.0849 0.1345 0.2127 0.3369 0.5318 0.8411 1.0000 1.0000 1.0000 1.0000 1.0000 1.0000 1.0000 1.0000 1.0000 0.0000 0.0000 0.0001 0.0001 0.0001 0.0002 0.0004 0.0006 0.0008 0.0012 0.0013 0.0012 0.0008 0.0006 0.0004 0.0002 0.0001 0.0001 0.0001 0.0000 0.0000 1.0000 1.0000 1.0000 1.0000 1.0000 1.0000 1.0000 1.0000 1.0000 0.8411 0.5318 0.3369 0.2127 0.1345 0.0849 0.0536 0.0338 0.0213 0.0134 0.0085 0.0053 0.0034 0.0021 0.0013 0.0008 0.0005 0.0003 0.0002 0.0001 0.0001 0.0001 0.0000 0.0000 1.0000 1.0000 1.0000 1.0000 1.0000 1.0000 1.0000
1.0000 1.0000 1.0000 1.0000 1.0000 1.0000 1.0000 0.0000 0.0001 0.0001 0.0001 0.0002 0.0003 0.0005 0.0008 0.0013 0.0021 0.0033 0.0053 0.0083 0.0132 0.0210 0.0333 0.0529 0.0837 0.1327 0.2102 0.3331 0.5268 0.8331 1.0000 1.0000 1.0000 1.0000 1.0000 1.0000 1.0000 1.0000 1.0000 0.0000 0.0000 0.0001 0.0001 0.0001 0.0002 0.0004 0.0006 0.0009 0.0013 0.0018 0.0021 0.0018 0.0013 0.0009 0.0006 0.0004 0.0002 0.0001 0.0001 0.0001 0.0000 0.0000 1.0000 1.0000 1.0000 1.0000 1.0000 1.0000 1.0000 1.0000 1.0000 0.8331 0.5268 0.3331 0.2102 0.1327 0.0837 0.0529 0.0333 0.0210 0.0132 0.0083 0.0053 0.0033 0.0021 0.0013 0.0008 0.0005 0.0003 0.0002 0.0001 0.0001 0.0001 0.0000 1.0000 1.0000 1.0000 1.0000 1.0000 1.0000 1.0000
1.0000 1.0000 1.0000 1.0000 1.0000 1.0000 0.0000 0.0001 0.0001 0.0001 0.0002 0.0003 0.0005 0.0008 0.0013 0.0021 0.0033 0.0052 0.0082 0.0130 0.0207 0.0327 0.0520 0.0825 0.1307 0.2075 0.3287 0.5198 0.8237 1.0000 1.0000 1.0000 1.0000 1.0000 1.0000 1.0000 1.0000 1.0000 0.0000 0.0000 0.0001 0.0001 0.0001 0.0002 0.0004 0.0006 0.0009 0.0014 0.0021 0.0029 0.0034 0.0029 0.0021 0.0014 0.0009 0.0006 0.0004 0.0002 0.0001 0.0001 0.0001 0.0000 0.0000 1.0000 1.0000 1.0000 1.0000 1.0000 1.0000 1.0000 1.0000 1.0000 0.8237 0.5198 0.3287 0.2075 0.1307 0.0825 0.0520 0.0327 0.0207 0.0130 0.0082 0.0052 0.0033 0.0021 0.0013 0.0008 0.0005 0.0003 0.0002 0.0001 0.0001 0.0001 0.0000 1.0000 1.0000 1.0000 1.0000 1.0000 1.0000
1.0000 1.0000 1.0000 1.0000 1.0000 0.0000 0.0001 0.0001 0.0001 0.0002 0.0003 0.0005 0.0008 0.0013 0.0020 0.0032 0.0051 0.0081 0.0128 0.0203 0.0322 0.0511 0.0811 0.1287 0.2043 0.3238 0.5130 0.8128 1.0000 1.0000 1.0000 1.0000 1.0000 1.0000 1.0000 1.0000 1.0000 0.0000 0.0000 0.0001 0.0001 0.0001 0.0002 0.0004 0.0006 0.0009 0.0014 0.0022 0.0033 0.0046 0.0053 0.0046 0.0033 0.0022 0.0014 0.0009 0.0006 0.0004 0.0002 0.0001 0.0001 0.0001 0.0000 0.0000 1.0000 1.0000 1.0000 1.0000 1.0000 1.0000 1.0000 1.0000 1.0000 0.8128 0.5130 0.3238 0.2043 0.1287 0.0811 0.0511 0.0322 0.0203 0.0128 0.0081 0.0051 0.0032 0.0020 0.0013 0.0008 0.0005 0.0003 0.0002 0.0001 0.0001 0.0001 0.0000 1.0000 1.0000 1.0000 1.0000 1.0000
1.0000 1.0000 1.0000 1.0000 0.0000 0.0000 0.0001 0.0001 0.0002 0.0003 0.0005 0.0008 0.0013 0.0020 0.0031 0.0050 0.0079 0.0126 0.0200 0.0317 0.0503 0.0797 0.1265 0.2009 0.3189 0.5052 0.8020 1.0000 1.0000 1.0000 1.0000 1.0000 1.0000 1.0000 1.0000 1.0000 0.0000 0.0000 0.0001 0.0001 0.0001 0.0002 0.0004 0.0006 0.0009 0.0014 0.0022 0.0035 0.0052 0.0073 0.0084 0.0073 0.0052 0.0035 0.0022 0.0014 0.0009 0.0006 0.0004 0.0002 0.0001 0.0001 0.0001 0.0000 0.0000 1.0000 1.0000 1.0000 1.0000 1.0000 1.0000 1.0000 1.0000 1.0000 0.8020 0.5052 0.3189 0.2009 0.1265 0.0797 0.0503 0.0317 0.0200 0.0126 0.0079 0.0050 0.0031 0.0020 0.0013 0.0008 0.0005 0.0003 0.0002 0.0001 0.0001 0.0000 0.0000 1.0000 1.0000 1.0000 1.0000
1.0000 1.0000 1.0000 0.0000 0.0000 0.0001 0.0001 0.0002 0.0003 0.0005 0.0008 0.0012 0.0020 0.0031 0.0049 0.0078 0.0124 0.0196 0.0312 0.0495 0.0785 0.1246 0.1975 0.3135 0.4976 0.7899 1.0000 1.0000 1.0000 1.0000 1.0000 1.0000 1.0000 1.0000 1.0000 0.0000 0.0000 0.0001 0.0001 0.0001 0.0002 0.0004 0.0006 0.0009 0.0014 0.0022 0.0035 0.0054 0.0082 0.0115 0.0133 0.0115 0.0082 0.0054 0.0035 0.0022 0.0014 0.0009 0.0006 0.0004 0.0002 0.0001 0.0001 0.0001 0.0000 0.0000 1.0000 1.0000 1.0000 1.0000 1.0000 1.0000 1.0000 1.0000 1.0000 0.7899 0.4976 0.3135 0.1975 0.1246 0.0785 0.0495 0.0312 0.0196 0.0124 0.0078 0.0049 0.0031 0.0020 0.0012 0.0008 0.0005 0.0003 0.0002 0.0001 0.0001 0.0000 0.0000 1.0000 1.0000 1.0000
1.0000 1.0000 0.0000 0.0000 0.0001 0.0001 0.0002 0.0003 0.0005 0.0008 0.0012 0.0019 0.0030 0.0048 0.0077 0.0122 0.0193 0.0306 0.0486 0.0772 0.1225 0.1945 0.3081 0.4892 0.7765 1.0000 1.0000 1.0000 1.0000 1.0000 1.0000 1.0000 1.0000 1.0000 0.0000 0.0000 0.0001 0.0001 0.0001 0.0002 0.0004 0.0006 0.0009 0.0014 0.0023 0.0035 0.0055 0.0086 0.0130 0.0182 0.0211 0.0182 0.0130 0.0086 0.0055 0.0035 0.0023 0.0014 0.0009 0.0006 0.0004 0.0002 0.0001 0.0001 0.0001 0.0000 0.0000 1.0000 1.0000 1.0000 1.0000 1.0000 1.0000 1.0000 1.0000 1.0000 0.7765 0.4892 0.3081 0.1945 0.1225 0.0772 0.0486 0.0306 0.0193 0.0122 0.0077 0.0048 0.0030 0.0019 0.0012 0.0008 0.0005 0.0003 0.0002 0.0001 0.0001 0.0000 0.0000 1.0000 1.0000
1.0000 0.0000 0.0000 0.0001 0.0001 0.0002 0.0003 0.0005 0.0008 0.0012 0.0019 0.0030 0.0048 0.0075 0.0120 0.0190 0.0302 0.0478 0.0759 0.1204 0.1912 0.3035 0.4809 0.7633 1.0000 1.0000 1.0000 1.0000 1.0000 1.0000 1.0000 1.0000 1.0000 0.0000 0.0000 0.0001 0.0001 0.0001 0.0002 0.0004 0.0006 0.0009 0.0014 0.0023 0.0035 0.0056 0.0087 0.0135 0.0205 0.0287 0.0332 0.0287 0.0205 0.0135 0.0087 0.0056 0.0035 0.0023 0.0014 0.0009 0.0006 0.0004 0.0002 0.0001 0.0001 0.0001 0.0000 0.0000 1.0000 1.0000 1.0000 1.0000 1.0000 1.0000 1.0000 1.0000 1.0000 0.7633 0.4809 0.3035 0.1912 0.1204 0.0759 0.0478 0.0302 0.0190 0.0120 0.0075 0.0048 0.0030 0.0019 0.0012 0.0008 0.0005 0.0003 0.0002 0.0001 0.0001 0.0000 0.0000 1.0000
0.0000 0.0000 0.0001 0.0001 0.0002 0.0003 0.0005 0.0007 0.0012 0.0019 0.0029 0.0047 0.0074 0.0118 0.0187 0.0296 0.0470 0.0746 0.1184 0.1879 0.2978 0.4727 0.7504 1.0000 1.0000 1.0000 1.0000 1.0000 1.0000 1.0000 1.0000 1.0000 0.0000 0.0000 0.0001 0.0001 0.0001 0.0002 0.0004 0.0006 0.0009 0.0014 0.0022 0.0035 0.0056 0.0088 0.0137 0.0213 0.0323 0.0452 0.0524 0.0452 0.0323 0.0213 0.0137 0.0088 0.0056 0.0035 0.0022 0.0014 0.0009 0.0006 0.0004 0.0002 0.0001 0.0001 0.0001 0.0000 0.0000 1.0000 1.0000 1.0000 1.0000 1.0000 1.0000 1.0000 1.0000 1.0000 0.7504 0.4727 0.2978 0.1879 0.1184 0.0746 0.0470 0.0296 0.0187 0.0118 0.0074 0.0047 0.0029 0.0019 0.0012 0.0007 0.0005 0.0003 0.0002 0.0001 0.0001 0.0000 0.0000
0.0000 0.0001 0.0001 0.0002 0.0003 0.0005 0.0007 0.0011 0.0018 0.0029 0.0046 0.0073 0.0115 0.0183 0.0290 0.0461 0.0732 0.1159 0.1840 0.2922 0.4638 0.7362 1.0000 1.0000 1.0000 1.0000 1.0000 1.0000 1.0000 1.0000 1.0000 0.0000 0.0000 0.0001 0.0001 0.0001 0.0002 0.0004 0.0006 0.0009 0.0014 0.0022 0.0035 0.0055 0.0087 0.0137 0.0215 0.0335 0.0507 0.0711 0.0822 0.0711 0.0507 0.0335 0.0215 0.0137 0.0087 0.0055 0.0035 0.0022 0.0014 0.0009 0.0006 0.0004 0.0002 0.0001 0.0001 0.0001 0.0000 0.0000 1.0000 1.0000 1.0000 1.0000 1.0000 1.0000 1.0000 1.0000 1.0000 0.7362 0.4638 0.2922 0.1840 0.1162 0.0732 0.0461 0.0290 0.0183 0.0115 0.0073 0.0046 0.0029 0.0018 0.0011 0.0007 0.0005 0.0003 0.0002 0.0001 0.0001 0.0000
0.0001 0.0001 0.0002 0.0003 0.0004 0.0007 0.0011 0.0018 0.0028 0.0045 0.0071 0.0112 0.0178 0.0282 0.0448 0.0711 0.1129 0.1792 0.2839 0.4507 0.7155 1.0000 1.0000 1.0000 1.0000 1.0000 1.0000 1.0000 1.0000 1.0000 0.0000 0.0000 0.0001 0.0001 0.0001 0.0002 0.0003 0.0006 0.0009 0.0014 0.0022 0.0035 0.0054 0.0086 0.0135 0.0213 0.0335 0.0521 0.0790 0.1105 0.1277 0.1105 0.0790 0.0521 0.0335 0.0213 0.0135 0.0086 0.0054 0.0035 0.0022 0.0014 0.0009 0.0006 0.0003 0.0002 0.0001 0.0001 0.0001 0.0000 0.0000 1.0000 1.0000 1.0000 1.0000 1.0000 1.0000 1.0000 1.0000 1.0000 0.7155 0.4507 0.2845 0.1792 0.1129 0.0711 0.0448 0.0282 0.0178 0.0112 0.0071 0.0045 0.0028 0.0018 0.0011 0.0007 0.0004 0.0003 0.0002 0.0001 0.0001
0.0001 0.0002 0.0003 0.0004 0.0007 0.0011 0.0017 0.0026 0.0042 0.0067 0.0106 0.0169 0.0268 0.0425 0.0674 0.1068 0.1696 0.2692 0.4274 0.6784 1.0000 1.0000 1.0000 1.0000 1.0000 1.0000 1.0000 1.0000 1.0000 0.0000 0.0000 0.0001 0.0001 0.0001 0.0002 0.0003 0.0005 0.0008 0.0013 0.0021 0.0033 0.0052 0.0082 0.0130 0.0205 0.0323 0.0507 0.0790 0.1193 0.1670 0.1926 0.1670 0.1193 0.0790 0.0507 0.0323 0.0205 0.0130 0.0082 0.0052 0.0033 0.0021 0.0013 0.0008 0.0005 0.0003 0.0002 0.0001 0.0001 0.0001 0.0000 0.0000 1.0000 1.0000 1.0000 1.0000 1.0000 1.0000 1.0000 1.0000 1.0000 0.6784 0.4274 0.2692 0.1696 0.1068 0.0673 0.0425 0.0268 0.0169 0.0106 0.0067 0.0042 0.0026 0.0017 0.0011 0.0007 0.0004 0.0003 0.0002 0.0001
0.0001 0.0002 0.0004 0.0006 0.0009 0.0015 0.0023 0.0037 0.0059 0.0093 0.0148 0.0234 0.0372 0.0590 0.0937 0.1487 0.2361 0.3748 0.5950 0.9427 1.0000 1.0000 1.0000 1.0000 1.0000 1.0000 1.0000 1.0000 1.0000 0.0000 0.0000 0.0001 0.0001 0.0002 0.0003 0.0005 0.0007 0.0012 0.0018 0.0029 0.0046 0.0073 0.0115 0.0182 0.0287 0.0452 0.0711 0.1105 0.1670 0.2325 0.2672 0.2325 0.1670 0.1105 0.0711 0.0452 0.0287 0.0182 0.0115 0.0073 0.0046 0.0029 0.0018 0.0012 0.0007 0.0005 0.0003 0.0002 0.0001 0.0001 0.0000 0.0000 1.0000 1.0000 1.0000 1.0000 1.0000 1.0000 1.0000 1.0000 1.0000 0.9427 0.5950 0.3748 0.2361 0.1487 0.0937 0.0590 0.0372 0.0234 0.0148 0.0093 0.0059 0.0037 0.0023 0.0015 0.0009 0.0006 0.0004 0.0002 0.0001
0.0002 0.0003 0.0004 0.0007 0.0011 0.0017 0.0027 0.0042 0.0067 0.0107 0.0170 0.0270 0.0429 0.0681 0.1081 0.1715 0.2723 0.4323 0.6862 1.0000 1.0000 1.0000 1.0000 1.0000 1.0000 1.0000 1.0000 1.0000 0.0000 0.0000 0.0001 0.0001 0.0001 0.0002 0.0003 0.0005 0.0008 0.0013 0.0021 0.0034 0.0053 0.0084 0.0133 0.0211 0.0332 0.0524 0.0822 0.1277 0.1926 0.2672 0.3070 0.2672 0.1926 0.1277 0.0822 0.0524 0.0332 0.0211 0.0133 0.0084 0.0053 0.0034 0.0021 0.0013 0.0008 0.0005 0.0003 0.0002 0.0001 0.0001 0.0001 0.0000 0.0000 1.0000 1.0000 1.0000 1.0000 1.0000 1.0000 1.0000 1.0000 1.0000 0.6862 0.4323 0.2723 0.1715 0.1081 0.0681 0.0429 0.0270 0.0170 0.0107 0.0067 0.0042 0.0027 0.0017 0.0011 0.0007 0.0004 0.0003 0.0002
0.0001 0.0002 0.0004 0.0006 0.0009 0.0015 0.0023 0.0037 0.0059 0.0093 0.0148 0.0234 0.0372 0.0590 0.0937 0.1487 0.2361 0.3748 0.5950 0.9427 1.0000 1.0000 1.0000 1.0000 1.0000 1.0000 1.0000 1.0000 1.0000 0.0000 0.0000 0.0001 0.0001 0.0002 0.0003 0.0005 0.0007 0.0012 0.0018 0.0029 0.0046 0.0073 0.0115 0.0182 0.0287 0.0452 0.0711 0.1105 0.1670 0.2325 0.2672 0.2325 0.1670 0.1105 0.0711 0.0452 0.0287 0.0182 0.0115 0.0073 0.0046 0.0029 0.0018 0.0012 0.0007 0.0005 0.0003 0.0002 0.0001 0.0001 0.0000 0.0000 1.0000 1.0000 1.0000 1.0000 1.0000 1.0000 1.0000 1.0000 1.0000 0.9427 0.5950 0.3748 0.2361 0.1487 0.0937 0.0590 0.0372 0.0234 0.0148 0.0093 0.0059 0.0037 0.0023 0.0015 0.0009 0.0006 0.0004 0.0002 0.0001
0.0001 0.0002 0.0003 0.0004 0.0007 0.0011 0.0017 0.0026 0.0042 0.0067 0.0106 0.0169 0.0268 0.0425 0.0674 0.1068 0.1696 0.2692 0.4274 0.6784 1.0000 1.0000 1.0000 1.0000 1.0000 1.0000 1.0000 1.0000 1.0000 0.0000 0.0000 0.0001 0.0001 0.0001 0.0002 0.0003 0.0005 0.0008 0.0013 0.0021 0.0033 0.0052 0.0082 0.0130 0.0205 0.0323 0.0507 0.0790 0.1193 0.1670 0.1926 0.1670 0.1193 0.0790 0.0507 0.0323 0.0205 0.0130 0.0082 0.0052 0.0033 0.0021 0.0013 0.0008 0.0005 0.0003 0.0002 0.0001 0.0001 0.0001 0.0000 0.0000 1.0000 1.0000 1.0000 1.0000 1.0000 1.0000 1.0000 1.0000 1.0000 0.6784 0.4274 0.2692 0.1696 0.1068 0.0673 0.0425 0.0268 0.0169 0.0106 0.0067 0.0042 0.0026 0.0017 0.0011 0.0007 0.0004 0.0003 0.0002 0.0001
0.0001 0.0001 0.0002 0.0003 0.0004 0.0007 0.0011 0.0018 0.0028 0.0045 0.0071 0.0112 0.0178 0.0282 0.0448 0.0711 0.1129 0.1792 0.2839 0.4507 0.7155 1.0000 1.0000 1.0000 1.0000 1.0000 1.0000 1.0000 1.0000 1.0000 0.0000 0.0000 0.0001 0.0001 0.0001 0.0002 0.0003 0.0006 0.0009 0.0014 0.0022 0.0035 0.0054 0.0086 0.0135 0.0213 0.0335 0.0521 0.0790 0.1105 0.1277 0.1105 0.0790 0.0521 0.0335 0.0213 0.0135 0.0086 0.0054 0.0035 0.0022 0.0014 0.0009 0.0006 0.0003 0.0002 0.0001 0.0001 0.0001 0.0000 0.0000 1.0000 1.0000 1.0000 1.0000 1.0000 1.0000 1.0000 1.0000 1.0000 0.7155 0.4507 0.2845 0.1792 0.1129 0.0711 0.0448 0.0282 0.0178 0.0112 0.0071 0.0045 0.0028 0.0018 0.0011 0.0007 0.0004 0.0003 0.0002 0.0001 0.0001
0.0000 0.0001 0.0001 0.0002 0.0003 0.0005 0.0007 0.0011 0.0018 0.0029 0.0046 0.0073 0.0115 0.0183 0.0290 0.0461 0.0732 0.1159 0.1840 0.2922 0.4638 0.7362 1.0000 1.0000 1.0000 1.0000 1.0000 1.0000 1.0000 1.0000 1.0000 0.0000 0.0000 0.0001 0.0001 0.0001 0.0002 0.0004 0.0006 0.0009 0.0014 0.0022 0.0035 0.0055 0.0087 0.0137 0.0215 0.0335 0.0507 0.0711 0.0822 0.0711 0.0507 0.0335 0.0215 0.0137 0.0087 0.0055 0.0035 0.0022 0.0014 0.0009 0.0006 0.0004 0.0002 0.0001 0.0001 0.0001 0.0000 0.0000 1.0000 1.0000 1.0000 1.0000 1.0000 1.0000 1.0000 1.0000 1.0000 0.7362 0.4638 0.2922 0.1840 0.1162 0.0732 0.0461 0.0290 0.0183 0.0115 0.0073 0.0046 0.0029 0.0018 0.0011 0.0007 0.0005 0.0003 0.0002 0.0001 0.0001 0.0000
0.0000 0.0000 0.0001 0.0001 0.0002 0.0003 0.0005 0.0007 0.0012 0.0019 0.0029 0.0047 0.0074 0.0118 0.0187 0.0296 0.0470 0.0746 0.1184 0.1879 0.2978 0.4727 0.7504 1.0000 1.0000 1.0000 1.0000 1.0000 1.0000 1.0000 1.0000 1.0000 0.0000 0.0000 0.0001 0.0001 0.0001 0.0002 0.0004 0.0006 0.0009 0.0014 0.0022 0.0035 0.0056 0.0088 0.0137 0.0213 0.0323 0.0452 0.0524 0.0452 0.0323 0.0213 0.0137 0.0088 0.0056 0.0035 0.0022 0.0014 0.0009 0.0006 0.0004 0.0002 0.0001 0.0001 0.0001 0.0000 0.0000 1.0000 1.0000 1.0000 1.0000 1.0000 1.0000 1.0000 1.0000 1.0000 0.7504 0.4727 0.2978 0.1879 0.1184 0.0746 0.0470 0.0296 0.0187 0.0118 0.0074 0.0047 0.0029 0.0019 0.0012 0.0007 0.0005 0.0003 0.0002 0.0001 0.0001 0.0000 0.0000
