0.1632 0.1759 0.1902 0.2073 0.2274 0.2508 0.2778 0.3084 0.3426 0.3795 0.4171 0.4515 0.4756 0.4858 0.4851 0.4762 0.4600 0.4365 0.4050 0.3648 0.3153 0.2577 0.2004 0.1658 0.1508 0.1427 0.1379 0.1354 0.1347 0.1357 0.1384 0.1427 0.1489 0.1571 0.1673 0.1799 0.1950 0.2129 0.2340 0.2585 0.2866 0.3183 0.3534 0.3907 0.4280 0.4600 0.4799 0.4865 0.4843 0.4781 0.4745 0.4781 0.4843 0.4865 0.4799 0.4600 0.4280 0.3907 0.3534 0.3183 0.2866 0.2585 0.2340 0.2129 0.1950 0.1799 0.1673 0.1571 0.1489 0.1427 0.1384 0.1357 0.1347 0.1354 0.1379 0.1427 0.1508 0.1658 0.2004 0.2577 0.3153 0.3648 0.4050 0.4365 0.4600 0.4762 0.4851 0.4858 0.4756 0.4515 0.4171 0.3795 0.3426 0.3084 0.2778 0.2508 0.2274 0.2073 0.1902 0.1759 0.1632
0.1759 0.1918 0.2091 0.2294 0.2530 0.2800 0.3104 0.3440 0.3798 0.4158 0.4473 0.4682 0.4764 0.4749 0.4659 0.4500 0.4270 0.3962 0.3571 0.3089 0.2529 0.1973 0.1638 0.1497 0.1422 0.1378 0.1355 0.1350 0.1362 0.1391 0.1437 0.1500 0.1584 0.1688 0.1816 0.1969 0.2150 0.2362 0.2607 0.2887 0.3202 0.3545 0.3907 0.4259 0.4549 0.4718 0.4768 0.4733 0.4640 0.4527 0.4469 0.4527 0.4640 0.4733 0.4768 0.4718 0.4549 0.4259 0.3907 0.3545 0.3202 0.2887 0.2607 0.2362 0.2150 0.1969 0.1816 0.1688 0.1584 0.1500 0.1437 0.1391 0.1362 0.1350 0.1355 0.1378 0.1422 0.1497 0.1638 0.1973 0.2529 0.3089 0.3571 0.3962 0.4270 0.4500 0.4659 0.4749 0.4764 0.4682 0.4473 0.4158 0.3798 0.3440 0.3104 0.2800 0.2530 0.2294 0.2091 0.1918 0.1759
0.1902 0.2091 0.2297 0.2535 0.2807 0.3113 0.3451 0.3811 0.4170 0.4483 0.4687 0.4765 0.4747 0.4655 0.4493 0.4260 0.3949 0.3554 0.3069 0.2507 0.1956 0.1631 0.1494 0.1420 0.1376 0.1354 0.1350 0.1363 0.1392 0.1439 0.1503 0.1587 0.1692 0.1821 0.1975 0.2157 0.2370 0.2617 0.2898 0.3213 0.3558 0.3920 0.4271 0.4558 0.4722 0.4768 0.4728 0.4620 0.4462 0.4293 0.4209 0.4293 0.4462 0.4620 0.4728 0.4768 0.4722 0.4558 0.4271 0.3920 0.3558 0.3213 0.2898 0.2617 0.2370 0.2157 0.1975 0.1821 0.1692 0.1587 0.1503 0.1439 0.1392 0.1363 0.1350 0.1354 0.1376 0.1420 0.1494 0.1631 0.1956 0.2507 0.3069 0.3554 0.3949 0.4260 0.4493 0.4655 0.4747 0.4765 0.4687 0.4483 0.4170 0.3811 0.3451 0.3113 0.2807 0.2535 0.2297 0.2091 0.1902
0.2073 0.2294 0.2535 0.2810 0.3119 0.3459 0.3820 0.4180 0.4492 0.4692 0.4765 0.4745 0.4650 0.4486 0.4249 0.3936 0.3538 0.3049 0.2486 0.1938 0.1623 0.1490 0.1418 0.1375 0.1354 0.1350 0.1364 0.1394 0.1441 0.1506 0.1591 0.1697 0.1826 0.1981 0.2165 0.2379 0.2627 0.2909 0.3226 0.3572 0.3934 0.4283 0.4566 0.4726 0.4768 0.4724 0.4610 0.4432 0.4205 0.3976 0.3865 0.3976 0.4205 0.4432 0.4610 0.4724 0.4768 0.4726 0.4566 0.4283 0.3934 0.3572 0.3226 0.2909 0.2627 0.2379 0.2165 0.1981 0.1826 0.1697 0.1591 0.1506 0.1441 0.1394 0.1364 0.1350 0.1354 0.1375 0.1418 0.1490 0.1623 0.1938 0.2486 0.3049 0.3538 0.3936 0.4249 0.4486 0.4650 0.4745 0.4765 0.4692 0.4492 0.4180 0.3820 0.3459 0.3119 0.2810 0.2535 0.2294 0.2073
0.2274 0.2530 0.2807 0.3119 0.3462 0.3826 0.4187 0.4498 0.4696 0.4766 0.4743 0.4646 0.4479 0.4240 0.3923 0.3521 0.3030 0.2464 0.1922 0.1616 0.1487 0.1416 0.1374 0.1353 0.1350 0.1364 0.1395 0.1443 0.1509 0.1594 0.1701 0.1832 0.1988 0.2172 0.2388 0.2637 0.2921 0.3238 0.3585 0.3947 0.4296 0.4575 0.4729 0.4768 0.4721 0.4603 0.4417 0.4166 0.3863 0.3567 0.3426 0.3567 0.3863 0.4166 0.4417 0.4603 0.4721 0.4768 0.4729 0.4575 0.4296 0.3947 0.3585 0.3238 0.2921 0.2637 0.2388 0.2172 0.1988 0.1832 0.1701 0.1594 0.1509 0.1443 0.1395 0.1364 0.1350 0.1353 0.1374 0.1416 0.1487 0.1616 0.1922 0.2464 0.3030 0.3521 0.3923 0.4240 0.4479 0.4646 0.4743 0.4766 0.4696 0.4498 0.4187 0.3826 0.3462 0.3119 0.2807 0.2530 0.2274
0.2508 0.2800 0.3113 0.3459 0.3826 0.4190 0.4502 0.4698 0.4766 0.4741 0.4642 0.4472 0.4230 0.3911 0.3506 0.3010 0.2442 0.1905 0.1609 0.1484 0.1414 0.1373 0.1353 0.1351 0.1365 0.1396 0.1445 0.1512 0.1598 0.1706 0.1837 0.1994 0.2180 0.2396 0.2646 0.2932 0.3251 0.3599 0.3961 0.4308 0.4583 0.4733 0.4767 0.4718 0.4597 0.4407 0.4146 0.3814 0.3428 0.3063 0.2892 0.3063 0.3428 0.3814 0.4146 0.4407 0.4597 0.4718 0.4767 0.4733 0.4583 0.4308 0.3961 0.3599 0.3251 0.2932 0.2646 0.2396 0.2180 0.1994 0.1837 0.1706 0.1598 0.1512 0.1445 0.1396 0.1365 0.1351 0.1353 0.1373 0.1414 0.1484 0.1609 0.1905 0.2442 0.3010 0.3506 0.3911 0.4230 0.4472 0.4642 0.4741 0.4766 0.4698 0.4502 0.4190 0.3826 0.3459 0.3113 0.2800 0.2508
0.2778 0.3104 0.3451 0.3820 0.4187 0.4502 0.4699 0.4767 0.4740 0.4639 0.4467 0.4223 0.3900 0.3491 0.2992 0.2422 0.1889 0.1603 0.1480 0.1412 0.1372 0.1352 0.1351 0.1366 0.1398 0.1447 0.1514 0.1601 0.1710 0.1842 0.2000 0.2187 0.2405 0.2656 0.2943 0.3263 0.3612 0.3974 0.4320 0.4591 0.4736 0.4767 0.4715 0.4591 0.4398 0.4132 0.3788 0.3367 0.2897 0.2478 0.2297 0.2478 0.2897 0.3367 0.3788 0.4132 0.4398 0.4591 0.4715 0.4767 0.4736 0.4591 0.4320 0.3974 0.3612 0.3263 0.2943 0.2656 0.2405 0.2187 0.2000 0.1842 0.1710 0.1601 0.1514 0.1447 0.1398 0.1366 0.1351 0.1352 0.1372 0.1412 0.1480 0.1603 0.1889 0.2422 0.2992 0.3491 0.3900 0.4223 0.4467 0.4639 0.4740 0.4767 0.4699 0.4502 0.4187 0.3820 0.3451 0.3104 0.2778
0.3084 0.3440 0.3811 0.4180 0.4498 0.4698 0.4767 0.4740 0.4637 0.4463 0.4217 0.3891 0.3479 0.2976 0.2404 0.1876 0.1597 0.1477 0.1410 0.1371 0.1352 0.1351 0.1367 0.1399 0.1449 0.1517 0.1605 0.1715 0.1848 0.2007 0.2195 0.2414 0.2667 0.2954 0.3276 0.3625 0.3988 0.4332 0.4599 0.4739 0.4766 0.4711 0.4585 0.4389 0.4120 0.3770 0.3335 0.2826 0.2302 0.1921 0.1798 0.1921 0.2302 0.2826 0.3335 0.3770 0.4120 0.4389 0.4585 0.4711 0.4766 0.4739 0.4599 0.4332 0.3988 0.3625 0.3276 0.2954 0.2667 0.2414 0.2195 0.2007 0.1848 0.1715 0.1605 0.1517 0.1449 0.1399 0.1367 0.1351 0.1352 0.1371 0.1410 0.1477 0.1597 0.1876 0.2404 0.2976 0.3479 0.3891 0.4217 0.4463 0.4637 0.4740 0.4767 0.4698 0.4498 0.4180 0.3811 0.3440 0.3084
0.3426 0.3798 0.4170 0.4492 0.4696 0.4766 0.4740 0.4637 0.4462 0.4213 0.3885 0.3469 0.2963 0.2389 0.1864 0.1592 0.1475 0.1408 0.1370 0.1352 0.1351 0.1368 0.1401 0.1451 0.1520 0.1609 0.1719 0.1853 0.2013 0.2202 0.2423 0.2677 0.2966 0.3288 0.3639 0.4001 0.4344 0.4607 0.4742 0.4765 0.4708 0.4579 0.4380 0.4108 0.3754 0.3313 0.2789 0.2228 0.1797 0.1612 0.1564 0.1612 0.1797 0.2228 0.2789 0.3313 0.3754 0.4108 0.4380 0.4579 0.4708 0.4765 0.4742 0.4607 0.4344 0.4001 0.3639 0.3288 0.2966 0.2677 0.2423 0.2202 0.2013 0.1853 0.1719 0.1609 0.1520 0.1451 0.1401 0.1368 0.1351 0.1352 0.1370 0.1408 0.1475 0.1592 0.1864 0.2389 0.2963 0.3469 0.3885 0.4213 0.4462 0.4637 0.4740 0.4766 0.4696 0.4492 0.4170 0.3798 0.3426
0.3795 0.4158 0.4483 0.4692 0.4766 0.4741 0.4639 0.4463 0.4213 0.3883 0.3464 0.2955 0.2377 0.1855 0.1587 0.1472 0.1407 0.1369 0.1351 0.1352 0.1369 0.1403 0.1454 0.1523 0.1612 0.1724 0.1859 0.2020 0.2210 0.2432 0.2687 0.2977 0.3301 0.3652 0.4015 0.4355 0.4614 0.4744 0.4765 0.4704 0.4573 0.4372 0.4096 0.3739 0.3294 0.2763 0.2191 0.1753 0.1560 0.1482 0.1457 0.1482 0.1560 0.1753 0.2191 0.2763 0.3294 0.3739 0.4096 0.4372 0.4573 0.4704 0.4765 0.4744 0.4614 0.4355 0.4015 0.3652 0.3301 0.2977 0.2687 0.2432 0.2210 0.2020 0.1859 0.1724 0.1612 0.1523 0.1454 0.1403 0.1369 0.1352 0.1351 0.1369 0.1407 0.1472 0.1587 0.1855 0.2377 0.2955 0.3464 0.3883 0.4213 0.4463 0.4639 0.4741 0.4766 0.4692 0.4483 0.4158 0.3795
0.4171 0.4473 0.4687 0.4765 0.4743 0.4642 0.4467 0.4217 0.3885 0.3464 0.2952 0.2371 0.1849 0.1584 0.1470 0.1406 0.1368 0.1351 0.1352 0.1370 0.1404 0.1456 0.1526 0.1616 0.1728 0.1864 0.2026 0.2218 0.2440 0.2697 0.2989 0.3313 0.3665 0.4028 0.4367 0.4621 0.4747 0.4764 0.4701 0.4567 0.4363 0.4084 0.3724 0.3275 0.2740 0.2166 0.1733 0.1542 0.1456 0.1410 0.1396 0.1410 0.1456 0.1542 0.1733 0.2166 0.2740 0.3275 0.3724 0.4084 0.4363 0.4567 0.4701 0.4764 0.4747 0.4621 0.4367 0.4028 0.3665 0.3313 0.2989 0.2697 0.2440 0.2218 0.2026 0.1864 0.1728 0.1616 0.1526 0.1456 0.1404 0.1370 0.1352 0.1351 0.1368 0.1406 0.1470 0.1584 0.1849 0.2371 0.2952 0.3464 0.3885 0.4217 0.4467 0.4642 0.4743 0.4765 0.4687 0.4473 0.4171
0.4515 0.4682 0.4765 0.4745 0.4646 0.4472 0.4223 0.3891 0.3469 0.2955 0.2371 0.1847 0.1583 0.1469 0.1405 0.1368 0.1351 0.1352 0.1370 0.1405 0.1458 0.1529 0.1620 0.1733 0.1870 0.2033 0.2225 0.2449 0.2707 0.3000 0.3326 0.3679 0.4041 0.4378 0.4628 0.4749 0.4763 0.4697 0.4560 0.4354 0.4073 0.3710 0.3257 0.2719 0.2144 0.1719 0.1534 0.1446 0.1395 0.1369 0.1362 0.1369 0.1395 0.1446 0.1534 0.1719 0.2144 0.2719 0.3257 0.3710 0.4073 0.4354 0.4560 0.4697 0.4763 0.4749 0.4628 0.4378 0.4041 0.3679 0.3326 0.3000 0.2707 0.2449 0.2225 0.2033 0.1870 0.1733 0.1620 0.1529 0.1458 0.1405 0.1370 0.1352 0.1351 0.1368 0.1405 0.1469 0.1583 0.1847 0.2371 0.2955 0.3469 0.3891 0.4223 0.4472 0.4646 0.4745 0.4765 0.4682 0.4515
0.4756 0.4764 0.4747 0.4650 0.4479 0.4230 0.3900 0.3479 0.2963 0.2377 0.1849 0.1583 0.1469 0.1404 0.1367 0.1351 0.1352 0.1371 0.1406 0.1459 0.1531 0.1623 0.1737 0.1875 0.2039 0.2233 0.2458 0.2718 0.3012 0.3339 0.3693 0.4055 0.4390 0.4635 0.4751 0.4762 0.4693 0.4554 0.4344 0.4060 0.3694 0.3238 0.2698 0.2123 0.1708 0.1528 0.1441 0.1390 0.1362 0.1351 0.1348 0.1351 0.1362 0.1390 0.1441 0.1528 0.1708 0.2123 0.2698 0.3238 0.3694 0.4060 0.4344 0.4554 0.4693 0.4762 0.4751 0.4635 0.4390 0.4055 0.3693 0.3339 0.3012 0.2718 0.2458 0.2233 0.2039 0.1875 0.1737 0.1623 0.1531 0.1459 0.1406 0.1371 0.1352 0.1351 0.1367 0.1404 0.1469 0.1583 0.1849 0.2377 0.2963 0.3479 0.3900 0.4230 0.4479 0.4650 0.4747 0.4764 0.4756
0.4858 0.4749 0.4655 0.4486 0.4240 0.3911 0.3491 0.2976 0.2389 0.1855 0.1584 0.1469 0.1404 0.1367 0.1351 0.1353 0.1371 0.1407 0.1461 0.1533 0.1626 0.1740 0.1879 0.2045 0.2240 0.2467 0.2728 0.3023 0.3352 0.3706 0.4068 0.4401 0.4642 0.4753 0.4760 0.4689 0.4547 0.4335 0.4048 0.3679 0.3220 0.2676 0.2102 0.1698 0.1524 0.1438 0.1387 0.1359 0.1349 0.1351 0.1354 0.1351 0.1349 0.1359 0.1387 0.1438 0.1524 0.1698 0.2102 0.2676 0.3220 0.3679 0.4048 0.4335 0.4547 0.4689 0.4760 0.4753 0.4642 0.4401 0.4068 0.3706 0.3352 0.3023 0.2728 0.2467 0.2240 0.2045 0.1879 0.1740 0.1626 0.1533 0.1461 0.1407 0.1371 0.1353 0.1351 0.1367 0.1404 0.1469 0.1584 0.1855 0.2389 0.2976 0.3491 0.3911 0.4240 0.4486 0.4655 0.4749 0.4858
0.4851 0.4659 0.4493 0.4249 0.3923 0.3506 0.2992 0.2404 0.1864 0.1587 0.1470 0.1405 0.1367 0.1351 0.1353 0.1372 0.1408 0.1462 0.1535 0.1628 0.1744 0.1884 0.2050 0.2246 0.2475 0.2737 0.3034 0.3364 0.3719 0.4081 0.4412 0.4648 0.4755 0.4759 0.4685 0.4541 0.4326 0.4036 0.3663 0.3201 0.2655 0.2083 0.1688 0.1520 0.1436 0.1385 0.1358 0.1349 0.1355 0.1369 0.1377 0.1369 0.1355 0.1349 0.1358 0.1385 0.1436 0.1520 0.1688 0.2083 0.2655 0.3201 0.3663 0.4036 0.4326 0.4541 0.4685 0.4759 0.4755 0.4648 0.4412 0.4081 0.3719 0.3364 0.3034 0.2737 0.2475 0.2246 0.2050 0.1884 0.1744 0.1628 0.1535 0.1462 0.1408 0.1372 0.1353 0.1351 0.1367 0.1405 0.1470 0.1587 0.1864 0.2404 0.2992 0.3506 0.3923 0.4249 0.4493 0.4659 0.4851
0.4762 0.4500 0.4260 0.3936 0.3521 0.3010 0.2422 0.1876 0.1592 0.1472 0.1406 0.1368 0.1351 0.1353 0.1372 0.1408 0.1462 0.1536 0.1630 0.1746 0.1887 0.2055 0.2252 0.2482 0.2746 0.3044 0.3376 0.3732 0.4094 0.4422 0.4655 0.4757 0.4758 0.4681 0.4534 0.4317 0.4024 0.3648 0.3182 0.2634 0.2063 0.1679 0.1516 0.1433 0.1384 0.1357 0.1349 0.1358 0.1379 0.1406 0.1419 0.1406 0.1379 0.1358 0.1349 0.1357 0.1384 0.1433 0.1516 0.1679 0.2063 0.2634 0.3182 0.3648 0.4024 0.4317 0.4534 0.4681 0.4758 0.4757 0.4655 0.4422 0.4094 0.3732 0.3376 0.3044 0.2746 0.2482 0.2252 0.2055 0.1887 0.1746 0.1630 0.1536 0.1462 0.1408 0.1372 0.1353 0.1351 0.1368 0.1406 0.1472 0.1592 0.1876 0.2422 0.3010 0.3521 0.3936 0.4260 0.4500 0.4762
0.4600 0.4270 0.3949 0.3538 0.3030 0.2442 0.1889 0.1597 0.1475 0.1407 0.1368 0.1351 0.1352 0.1371 0.1408 0.1462 0.1536 0.1630 0.1747 0.1889 0.2058 0.2256 0.2487 0.2753 0.3053 0.3386 0.3743 0.4105 0.4432 0.4661 0.4759 0.4756 0.4676 0.4527 0.4307 0.4011 0.3632 0.3163 0.2612 0.2044 0.1670 0.1512 0.1431 0.1383 0.1357 0.1350 0.1359 0.1384 0.1421 0.1461 0.1480 0.1461 0.1421 0.1384 0.1359 0.1350 0.1357 0.1383 0.1431 0.1512 0.1670 0.2044 0.2612 0.3163 0.3632 0.4011 0.4307 0.4527 0.4676 0.4756 0.4759 0.4661 0.4432 0.4105 0.3743 0.3386 0.3053 0.2753 0.2487 0.2256 0.2058 0.1889 0.1747 0.1630 0.1536 0.1462 0.1408 0.1371 0.1352 0.1351 0.1368 0.1407 0.1475 0.1597 0.1889 0.2442 0.3030 0.3538 0.3949 0.4270 0.4600
0.4365 0.3962 0.3554 0.3049 0.2464 0.1905 0.1603 0.1477 0.1408 0.1369 0.1351 0.1352 0.1371 0.1407 0.1462 0.1536 0.1630 0.1748 0.1890 0.2060 0.2260 0.2492 0.2759 0.3060 0.3395 0.3753 0.4116 0.4441 0.4666 0.4760 0.4754 0.4672 0.4520 0.4297 0.3998 0.3616 0.3144 0.2590 0.2025 0.1661 0.1508 0.1428 0.1381 0.1356 0.1350 0.1360 0.1386 0.1429 0.1483 0.1536 0.1561 0.1536 0.1483 0.1429 0.1386 0.1360 0.1350 0.1356 0.1381 0.1428 0.1508 0.1661 0.2025 0.2590 0.3144 0.3616 0.3998 0.4297 0.4520 0.4672 0.4754 0.4760 0.4666 0.4441 0.4116 0.3753 0.3395 0.3060 0.2759 0.2492 0.2260 0.2060 0.1890 0.1748 0.1630 0.1536 0.1462 0.1407 0.1371 0.1352 0.1351 0.1369 0.1408 0.1477 0.1603 0.1905 0.2464 0.3049 0.3554 0.3962 0.4365
0.4050 0.3571 0.3069 0.2486 0.1922 0.1609 0.1480 0.1410 0.1370 0.1351 0.1352 0.1370 0.1406 0.1461 0.1535 0.1630 0.1747 0.1890 0.2061 0.2261 0.2495 0.2763 0.3066 0.3402 0.3762 0.4125 0.4449 0.4670 0.4761 0.4753 0.4668 0.4514 0.4288 0.3986 0.3600 0.3124 0.2569 0.2006 0.1653 0.1504 0.1426 0.1380 0.1356 0.1350 0.1361 0.1388 0.1432 0.1492 0.1564 0.1633 0.1665 0.1633 0.1564 0.1492 0.1432 0.1388 0.1361 0.1350 0.1356 0.1380 0.1426 0.1504 0.1653 0.2006 0.2569 0.3124 0.3600 0.3986 0.4288 0.4514 0.4668 0.4753 0.4761 0.4670 0.4449 0.4125 0.3762 0.3402 0.3066 0.2763 0.2495 0.2261 0.2061 0.1890 0.1747 0.1630 0.1535 0.1461 0.1406 0.1370 0.1352 0.1351 0.1370 0.1410 0.1480 0.1609 0.1922 0.2486 0.3069 0.3571 0.4050
0.3648 0.3089 0.2507 0.1938 0.1616 0.1484 0.1412 0.1371 0.1352 0.1352 0.1370 0.1405 0.1459 0.1533 0.1628 0.1746 0.1889 0.2060 0.2261 0.2496 0.2765 0.3069 0.3407 0.3768 0.4131 0.4455 0.4674 0.4762 0.4752 0.4665 0.4508 0.4279 0.3974 0.3585 0.3105 0.2547 0.1988 0.1645 0.1501 0.1424 0.1379 0.1355 0.1350 0.1361 0.1390 0.1435 0.1497 0.1577 0.1669 0.1754 0.1793 0.1754 0.1669 0.1577 0.1497 0.1435 0.1390 0.1361 0.1350 0.1355 0.1379 0.1424 0.1501 0.1645 0.1988 0.2547 0.3105 0.3585 0.3974 0.4279 0.4508 0.4665 0.4752 0.4762 0.4674 0.4455 0.4131 0.3768 0.3407 0.3069 0.2765 0.2496 0.2261 0.2060 0.1889 0.1746 0.1628 0.1533 0.1459 0.1405 0.1370 0.1352 0.1352 0.1371 0.1412 0.1484 0.1616 0.1938 0.2507 0.3089 0.3648
0.3153 0.2529 0.1956 0.1623 0.1487 0.1414 0.1372 0.1352 0.1351 0.1369 0.1404 0.1458 0.1531 0.1626 0.1744 0.1887 0.2058 0.2260 0.2495 0.2765 0.3070 0.3409 0.3771 0.4136 0.4460 0.4676 0.4763 0.4750 0.4662 0.4502 0.4271 0.3963 0.3571 0.3087 0.2526 0.1970 0.1637 0.1497 0.1422 0.1377 0.1355 0.1350 0.1362 0.1391 0.1437 0.1501 0.1583 0.1684 0.1797 0.1902 0.1949 0.1902 0.1797 0.1684 0.1583 0.1501 0.1437 0.1391 0.1362 0.1350 0.1355 0.1377 0.1422 0.1497 0.1637 0.1970 0.2526 0.3087 0.3571 0.3963 0.4271 0.4502 0.4662 0.4750 0.4763 0.4676 0.4460 0.4136 0.3771 0.3409 0.3070 0.2765 0.2495 0.2260 0.2058 0.1887 0.1744 0.1626 0.1531 0.1458 0.1404 0.1369 0.1351 0.1352 0.1372 0.1414 0.1487 0.1623 0.1956 0.2529 0.3153
0.2577 0.1973 0.1631 0.1490 0.1416 0.1373 0.1352 0.1351 0.1368 0.1403 0.1456 0.1529 0.1623 0.1740 0.1884 0.2055 0.2256 0.2492 0.2763 0.3069 0.3409 0.3773 0.4138 0.4462 0.4678 0.4763 0.4749 0.4659 0.4498 0.4265 0.3954 0.3558 0.3071 0.2507 0.1955 0.1630 0.1493 0.1420 0.1376 0.1354 0.1350 0.1363 0.1392 0.1439 0.1504 0.1588 0.1692 0.1816 0.1953 0.2078 0.2135 0.2078 0.1953 0.1816 0.1692 0.1588 0.1504 0.1439 0.1392 0.1363 0.1350 0.1354 0.1376 0.1420 0.1493 0.1630 0.1955 0.2507 0.3071 0.3558 0.3954 0.4265 0.4498 0.4659 0.4749 0.4763 0.4678 0.4462 0.4138 0.3773 0.3409 0.3069 0.2763 0.2492 0.2256 0.2055 0.1884 0.1740 0.1623 0.1529 0.1456 0.1403 0.1368 0.1351 0.1352 0.1373 0.1416 0.1490 0.1631 0.1973 0.2577
0.2004 0.1638 0.1494 0.1418 0.1374 0.1353 0.1351 0.1367 0.1401 0.1454 0.1526 0.1620 0.1737 0.1879 0.2050 0.2252 0.2487 0.2759 0.3066 0.3407 0.3771 0.4138 0.4463 0.4679 0.4764 0.4749 0.4657 0.4494 0.4259 0.3945 0.3546 0.3057 0.2491 0.1940 0.1624 0.1490 0.1418 0.1375 0.1354 0.1350 0.1364 0.1394 0.1441 0.1506 0.1591 0.1697 0.1826 0.1976 0.2139 0.2287 0.2354 0.2287 0.2139 0.1976 0.1826 0.1697 0.1591 0.1506 0.1441 0.1394 0.1364 0.1350 0.1354 0.1375 0.1418 0.1490 0.1624 0.1940 0.2491 0.3057 0.3546 0.3945 0.4259 0.4494 0.4657 0.4749 0.4764 0.4679 0.4463 0.4138 0.3771 0.3407 0.3066 0.2759 0.2487 0.2252 0.2050 0.1879 0.1737 0.1620 0.1526 0.1454 0.1401 0.1367 0.1351 0.1353 0.1374 0.1418 0.1494 0.1638 0.2004
0.1658 0.1497 0.1420 0.1375 0.1353 0.1351 0.1366 0.1399 0.1451 0.1523 0.1616 0.1733 0.1875 0.2045 0.2246 0.2482 0.2753 0.3060 0.3402 0.3768 0.4136 0.4462 0.4679 0.4764 0.4748 0.4656 0.4492 0.4255 0.3939 0.3537 0.3044 0.2476 0.1928 0.1618 0.1488 0.1416 0.1374 0.1353 0.1350 0.1365 0.1395 0.1443 0.1509 0.1595 0.1702 0.1832 0.1987 0.2166 0.2358 0.2531 0.2609 0.2531 0.2358 0.2166 0.1987 0.1832 0.1702 0.1595 0.1509 0.1443 0.1395 0.1365 0.1350 0.1353 0.1374 0.1416 0.1488 0.1618 0.1928 0.2476 0.3044 0.3537 0.3939 0.4255 0.4492 0.4656 0.4748 0.4764 0.4679 0.4462 0.4136 0.3768 0.3402 0.3060 0.2753 0.2482 0.2246 0.2045 0.1875 0.1733 0.1616 0.1523 0.1451 0.1399 0.1366 0.1351 0.1353 0.1375 0.1420 0.1497 0.1658
0.1508 0.1422 0.1376 0.1354 0.1350 0.1365 0.1398 0.1449 0.1520 0.1612 0.1728 0.1870 0.2039 0.2240 0.2475 0.2746 0.3053 0.3395 0.3762 0.4131 0.4460 0.4678 0.4764 0.4748 0.4655 0.4490 0.4252 0.3935 0.3530 0.3035 0.2464 0.1918 0.1613 0.1485 0.1415 0.1373 0.1353 0.1351 0.1365 0.1397 0.1445 0.1512 0.1599 0.1706 0.1838 0.1995 0.2179 0.2389 0.2613 0.2813 0.2902 0.2813 0.2613 0.2389 0.2179 0.1995 0.1838 0.1706 0.1599 0.1512 0.1445 0.1397 0.1365 0.1351 0.1353 0.1373 0.1415 0.1485 0.1613 0.1918 0.2464 0.3035 0.3530 0.3935 0.4252 0.4490 0.4655 0.4748 0.4764 0.4678 0.4460 0.4131 0.3762 0.3395 0.3053 0.2746 0.2475 0.2240 0.2039 0.1870 0.1728 0.1612 0.1520 0.1449 0.1398 0.1365 0.1350 0.1354 0.1376 0.1422 0.1508
0.1427 0.1378 0.1354 0.1350 0.1364 0.1396 0.1447 0.1517 0.1609 0.1724 0.1864 0.2033 0.2233 0.2467 0.2737 0.3044 0.3386 0.3753 0.4125 0.4455 0.4676 0.4763 0.4749 0.4656 0.4490 0.4251 0.3932 0.3526 0.3028 0.2455 0.1910 0.1610 0.1483 0.1413 0.1372 0.1353 0.1351 0.1366 0.1398 0.1447 0.1515 0.1602 0.1711 0.1843 0.2002 0.2188 0.2404 0.2648 0.2905 0.3132 0.3233 0.3132 0.2905 0.2648 0.2404 0.2188 0.2002 0.1843 0.1711 0.1602 0.1515 0.1447 0.1398 0.1366 0.1351 0.1353 0.1372 0.1413 0.1483 0.1610 0.1910 0.2455 0.3028 0.3526 0.3932 0.4251 0.4490 0.4656 0.4749 0.4763 0.4676 0.4455 0.4125 0.3753 0.3386 0.3044 0.2737 0.2467 0.2233 0.2033 0.1864 0.1724 0.1609 0.1517 0.1447 0.1396 0.1364 0.1350 0.1354 0.1378 0.1427
0.1379 0.1355 0.1350 0.1364 0.1395 0.1445 0.1514 0.1605 0.1719 0.1859 0.2026 0.2225 0.2458 0.2728 0.3034 0.3376 0.3743 0.4116 0.4449 0.4674 0.4763 0.4749 0.4657 0.4492 0.4252 0.3932 0.3525 0.3024 0.2449 0.1905 0.1607 0.1482 0.1412 0.1372 0.1352 0.1351 0.1367 0.1399 0.1449 0.1517 0.1605 0.1715 0.1849 0.2008 0.2196 0.2415 0.2666 0.2945 0.3235 0.3485 0.3595 0.3485 0.3235 0.2945 0.2666 0.2415 0.2196 0.2008 0.1849 0.1715 0.1605 0.1517 0.1449 0.1399 0.1367 0.1351 0.1352 0.1372 0.1412 0.1482 0.1607 0.1905 0.2449 0.3024 0.3525 0.3932 0.4252 0.4492 0.4657 0.4749 0.4763 0.4674 0.4449 0.4116 0.3743 0.3376 0.3034 0.2728 0.2458 0.2225 0.2026 0.1859 0.1719 0.1605 0.1514 0.1445 0.1395 0.1364 0.1350 0.1355 0.1379
0.1354 0.1350 0.1363 0.1394 0.1443 0.1512 0.1601 0.1715 0.1853 0.2020 0.2218 0.2449 0.2718 0.3023 0.3364 0.3732 0.4105 0.4441 0.4670 0.4762 0.4750 0.4659 0.4494 0.4255 0.3935 0.3526 0.3024 0.2448 0.1902 0.1605 0.1481 0.1411 0.1371 0.1352 0.1351 0.1367 0.1400 0.1451 0.1520 0.1608 0.1719 0.1853 0.2014 0.2204 0.2424 0.2678 0.2965 0.3278 0.3595 0.3861 0.3974 0.3861 0.3595 0.3278 0.2965 0.2678 0.2424 0.2204 0.2014 0.1853 0.1719 0.1608 0.1520 0.1451 0.1400 0.1367 0.1351 0.1352 0.1371 0.1411 0.1481 0.1605 0.1902 0.2448 0.3024 0.3526 0.3935 0.4255 0.4494 0.4659 0.4750 0.4762 0.4670 0.4441 0.4105 0.3732 0.3364 0.3023 0.2718 0.2449 0.2218 0.2020 0.1853 0.1715 0.1601 0.1512 0.1443 0.1394 0.1363 0.1350 0.1354
0.1347 0.1362 0.1392 0.1441 0.1509 0.1598 0.1710 0.1848 0.2013 0.2210 0.2440 0.2707 0.3012 0.3352 0.3719 0.4094 0.4432 0.4666 0.4761 0.4752 0.4662 0.4498 0.4259 0.3939 0.3530 0.3028 0.2449 0.1902 0.1605 0.1480 0.1411 0.1371 0.1352 0.1351 0.1368 0.1401 0.1452 0.1522 0.1611 0.1723 0.1858 0.2019 0.2210 0.2432 0.2688 0.2978 0.3300 0.3641 0.3972 0.4231 0.4335 0.4231 0.3972 0.3641 0.3300 0.2978 0.2688 0.2432 0.2210 0.2019 0.1858 0.1723 0.1611 0.1522 0.1452 0.1401 0.1368 0.1351 0.1352 0.1371 0.1411 0.1480 0.1605 0.1902 0.2449 0.3028 0.3530 0.3939 0.4259 0.4498 0.4662 0.4752 0.4761 0.4666 0.4432 0.4094 0.3719 0.3352 0.3012 0.2707 0.2440 0.2210 0.2013 0.1848 0.1710 0.1598 0.1509 0.1441 0.1392 0.1362 0.1347
0.1357 0.1391 0.1439 0.1506 0.1594 0.1706 0.1842 0.2007 0.2202 0.2432 0.2697 0.3000 0.3339 0.3706 0.4081 0.4422 0.4661 0.4760 0.4753 0.4665 0.4502 0.4265 0.3945 0.3537 0.3035 0.2455 0.1905 0.1605 0.1480 0.1411 0.1371 0.1352 0.1351 0.1368 0.1402 0.1453 0.1523 0.1614 0.1726 0.1862 0.2025 0.2216 0.2440 0.2697 0.2989 0.3314 0.3664 0.4017 0.4331 0.4540 0.4611 0.4540 0.4331 0.4017 0.3664 0.3314 0.2989 0.2697 0.2440 0.2216 0.2025 0.1862 0.1726 0.1614 0.1523 0.1453 0.1402 0.1368 0.1351 0.1352 0.1371 0.1411 0.1480 0.1605 0.1905 0.2455 0.3035 0.3537 0.3945 0.4265 0.4502 0.4665 0.4753 0.4760 0.4661 0.4422 0.4081 0.3706 0.3339 0.3000 0.2697 0.2432 0.2202 0.2007 0.1842 0.1706 0.1594 0.1506 0.1439 0.1391 0.1357
0.1384 0.1437 0.1503 0.1591 0.1701 0.1837 0.2000 0.2195 0.2423 0.2687 0.2989 0.3326 0.3693 0.4068 0.4412 0.4655 0.4759 0.4754 0.4668 0.4508 0.4271 0.3954 0.3546 0.3044 0.2464 0.1910 0.1607 0.1481 0.1411 0.1371 0.1352 0.1351 0.1368 0.1402 0.1454 0.1525 0.1616 0.1728 0.1865 0.2029 0.2222 0.2447 0.2705 0.2999 0.3326 0.3679 0.4039 0.4369 0.4606 0.4719 0.4746 0.4719 0.4606 0.4369 0.4039 0.3679 0.3326 0.2999 0.2705 0.2447 0.2222 0.2029 0.1865 0.1728 0.1616 0.1525 0.1454 0.1402 0.1368 0.1351 0.1352 0.1371 0.1411 0.1481 0.1607 0.1910 0.2464 0.3044 0.3546 0.3954 0.4271 0.4508 0.4668 0.4754 0.4759 0.4655 0.4412 0.4068 0.3693 0.3326 0.2989 0.2687 0.2423 0.2195 0.2000 0.1837 0.1701 0.1591 0.1503 0.1437 0.1384
0.1427 0.1500 0.1587 0.1697 0.1832 0.1994 0.2187 0.2414 0.2677 0.2977 0.3313 0.3679 0.4055 0.4401 0.4648 0.4757 0.4756 0.4672 0.4514 0.4279 0.3963 0.3558 0.3057 0.2476 0.1918 0.1610 0.1482 0.1411 0.1371 0.1352 0.1351 0.1368 0.1403 0.1455 0.1526 0.1617 0.1730 0.1868 0.2033 0.2227 0.2453 0.2713 0.3008 0.3337 0.3691 0.4054 0.4387 0.4629 0.4744 0.4768 0.4763 0.4768 0.4744 0.4629 0.4387 0.4054 0.3691 0.3337 0.3008 0.2713 0.2453 0.2227 0.2033 0.1868 0.1730 0.1617 0.1526 0.1455 0.1403 0.1368 0.1351 0.1352 0.1371 0.1411 0.1482 0.1610 0.1918 0.2476 0.3057 0.3558 0.3963 0.4279 0.4514 0.4672 0.4756 0.4757 0.4648 0.4401 0.4055 0.3679 0.3313 0.2977 0.2677 0.2414 0.2187 0.1994 0.1832 0.1697 0.1587 0.1500 0.1427
0.1489 0.1584 0.1692 0.1826 0.1988 0.2180 0.2405 0.2667 0.2966 0.3301 0.3665 0.4041 0.4390 0.4642 0.4755 0.4758 0.4676 0.4520 0.4288 0.3974 0.3571 0.3071 0.2491 0.1928 0.1613 0.1483 0.1412 0.1371 0.1352 0.1351 0.1368 0.1403 0.1455 0.1526 0.1618 0.1732 0.1870 0.2036 0.2231 0.2458 0.2720 0.3016 0.3346 0.3702 0.4065 0.4399 0.4640 0.4751 0.4764 0.4723 0.4693 0.4723 0.4764 0.4751 0.4640 0.4399 0.4065 0.3702 0.3346 0.3016 0.2720 0.2458 0.2231 0.2036 0.1870 0.1732 0.1618 0.1526 0.1455 0.1403 0.1368 0.1351 0.1352 0.1371 0.1412 0.1483 0.1613 0.1928 0.2491 0.3071 0.3571 0.3974 0.4288 0.4520 0.4676 0.4758 0.4755 0.4642 0.4390 0.4041 0.3665 0.3301 0.2966 0.2667 0.2405 0.2180 0.1988 0.1826 0.1692 0.1584 0.1489
0.1571 0.1688 0.1821 0.1981 0.2172 0.2396 0.2656 0.2954 0.3288 0.3652 0.4028 0.4378 0.4635 0.4753 0.4759 0.4681 0.4527 0.4297 0.3986 0.3585 0.3087 0.2507 0.1940 0.1618 0.1485 0.1413 0.1372 0.1352 0.1351 0.1368 0.1402 0.1455 0.1526 0.1618 0.1733 0.1872 0.2038 0.2234 0.2462 0.2725 0.3023 0.3354 0.3711 0.4075 0.4408 0.4646 0.4755 0.4760 0.4697 0.4602 0.4548 0.4602 0.4697 0.4760 0.4755 0.4646 0.4408 0.4075 0.3711 0.3354 0.3023 0.2725 0.2462 0.2234 0.2038 0.1872 0.1733 0.1618 0.1526 0.1455 0.1402 0.1368 0.1351 0.1352 0.1372 0.1413 0.1485 0.1618 0.1940 0.2507 0.3087 0.3585 0.3986 0.4297 0.4527 0.4681 0.4759 0.4753 0.4635 0.4378 0.4028 0.3652 0.3288 0.2954 0.2656 0.2396 0.2172 0.1981 0.1821 0.1688 0.1571
0.1673 0.1816 0.1975 0.2165 0.2388 0.2646 0.2943 0.3276 0.3639 0.4015 0.4367 0.4628 0.4751 0.4760 0.4685 0.4534 0.4307 0.3998 0.3600 0.3105 0.2526 0.1955 0.1624 0.1488 0.1415 0.1372 0.1352 0.1351 0.1368 0.1402 0.1454 0.1526 0.1618 0.1733 0.1872 0.2039 0.2236 0.2465 0.2729 0.3028 0.3361 0.3719 0.4083 0.4415 0.4651 0.4756 0.4758 0.4685 0.4555 0.4406 0.4328 0.4406 0.4555 0.4685 0.4758 0.4756 0.4651 0.4415 0.4083 0.3719 0.3361 0.3028 0.2729 0.2465 0.2236 0.2039 0.1872 0.1733 0.1618 0.1526 0.1454 0.1402 0.1368 0.1351 0.1352 0.1372 0.1415 0.1488 0.1624 0.1955 0.2526 0.3105 0.3600 0.3998 0.4307 0.4534 0.4685 0.4760 0.4751 0.4628 0.4367 0.4015 0.3639 0.3276 0.2943 0.2646 0.2388 0.2165 0.1975 0.1816 0.1673
0.1799 0.1969 0.2157 0.2379 0.2637 0.2932 0.3263 0.3625 0.4001 0.4355 0.4621 0.4749 0.4762 0.4689 0.4541 0.4317 0.4011 0.3616 0.3124 0.2547 0.1970 0.1630 0.1490 0.1416 0.1373 0.1353 0.1351 0.1367 0.1401 0.1453 0.1525 0.1617 0.1732 0.1872 0.2039 0.2236 0.2466 0.2731 0.3032 0.3366 0.3725 0.4090 0.4422 0.4655 0.4758 0.4757 0.4679 0.4535 0.4338 0.4131 0.4028 0.4131 0.4338 0.4535 0.4679 0.4757 0.4758 0.4655 0.4422 0.4090 0.3725 0.3366 0.3032 0.2731 0.2466 0.2236 0.2039 0.1872 0.1732 0.1617 0.1525 0.1453 0.1401 0.1367 0.1351 0.1353 0.1373 0.1416 0.1490 0.1630 0.1970 0.2547 0.3124 0.3616 0.4011 0.4317 0.4541 0.4689 0.4762 0.4749 0.4621 0.4355 0.4001 0.3625 0.3263 0.2932 0.2637 0.2379 0.2157 0.1969 0.1799
0.1950 0.2150 0.2370 0.2627 0.2921 0.3251 0.3612 0.3988 0.4344 0.4614 0.4747 0.4763 0.4693 0.4547 0.4326 0.4024 0.3632 0.3144 0.2569 0.1988 0.1637 0.1493 0.1418 0.1374 0.1353 0.1351 0.1367 0.1400 0.1452 0.1523 0.1616 0.1730 0.1870 0.2038 0.2236 0.2466 0.2732 0.3034 0.3369 0.3729 0.4095 0.4426 0.4658 0.4759 0.4756 0.4676 0.4526 0.4310 0.4042 0.3772 0.3639 0.3772 0.4042 0.4310 0.4526 0.4676 0.4756 0.4759 0.4658 0.4426 0.4095 0.3729 0.3369 0.3034 0.2732 0.2466 0.2236 0.2038 0.1870 0.1730 0.1616 0.1523 0.1452 0.1400 0.1367 0.1351 0.1353 0.1374 0.1418 0.1493 0.1637 0.1988 0.2569 0.3144 0.3632 0.4024 0.4326 0.4547 0.4693 0.4763 0.4747 0.4614 0.4344 0.3988 0.3612 0.3251 0.2921 0.2627 0.2370 0.2150 0.1950
0.2129 0.2362 0.2617 0.2909 0.3238 0.3599 0.3974 0.4332 0.4607 0.4744 0.4764 0.4697 0.4554 0.4335 0.4036 0.3648 0.3163 0.2590 0.2006 0.1645 0.1497 0.1420 0.1375 0.1353 0.1351 0.1366 0.1399 0.1451 0.1522 0.1614 0.1728 0.1868 0.2036 0.2234 0.2465 0.2731 0.3034 0.3370 0.3731 0.4098 0.4430 0.4661 0.4759 0.4755 0.4673 0.4520 0.4298 0.4005 0.3657 0.3318 0.3156 0.3318 0.3657 0.4005 0.4298 0.4520 0.4673 0.4755 0.4759 0.4661 0.4430 0.4098 0.3731 0.3370 0.3034 0.2731 0.2465 0.2234 0.2036 0.1868 0.1728 0.1614 0.1522 0.1451 0.1399 0.1366 0.1351 0.1353 0.1375 0.1420 0.1497 0.1645 0.2006 0.2590 0.3163 0.3648 0.4036 0.4335 0.4554 0.4697 0.4764 0.4744 0.4607 0.4332 0.3974 0.3599 0.3238 0.2909 0.2617 0.2362 0.2129
0.2340 0.2607 0.2898 0.3226 0.3585 0.3961 0.4320 0.4599 0.4742 0.4765 0.4701 0.4560 0.4344 0.4048 0.3663 0.3182 0.2612 0.2025 0.1653 0.1501 0.1422 0.1376 0.1354 0.1350 0.1365 0.1398 0.1449 0.1520 0.1611 0.1726 0.1865 0.2033 0.2231 0.2462 0.2729 0.3032 0.3369 0.3731 0.4099 0.4431 0.4662 0.4760 0.4754 0.4671 0.4516 0.4290 0.3989 0.3612 0.3178 0.2773 0.2589 0.2773 0.3178 0.3612 0.3989 0.4290 0.4516 0.4671 0.4754 0.4760 0.4662 0.4431 0.4099 0.3731 0.3369 0.3032 0.2729 0.2462 0.2231 0.2033 0.1865 0.1726 0.1611 0.1520 0.1449 0.1398 0.1365 0.1350 0.1354 0.1376 0.1422 0.1501 0.1653 0.2025 0.2612 0.3182 0.3663 0.4048 0.4344 0.4560 0.4701 0.4765 0.4742 0.4599 0.4320 0.3961 0.3585 0.3226 0.2898 0.2607 0.2340
0.2585 0.2887 0.3213 0.3572 0.3947 0.4308 0.4591 0.4739 0.4765 0.4704 0.4567 0.4354 0.4060 0.3679 0.3201 0.2634 0.2044 0.1661 0.1504 0.1424 0.1377 0.1354 0.1350 0.1365 0.1397 0.1447 0.1517 0.1608 0.1723 0.1862 0.2029 0.2227 0.2458 0.2725 0.3028 0.3366 0.3729 0.4098 0.4431 0.4663 0.4760 0.4754 0.4670 0.4513 0.4285 0.3980 0.3592 0.3124 0.2613 0.2185 0.2017 0.2185 0.2613 0.3124 0.3592 0.3980 0.4285 0.4513 0.4670 0.4754 0.4760 0.4663 0.4431 0.4098 0.3729 0.3366 0.3028 0.2725 0.2458 0.2227 0.2029 0.1862 0.1723 0.1608 0.1517 0.1447 0.1397 0.1365 0.1350 0.1354 0.1377 0.1424 0.1504 0.1661 0.2044 0.2634 0.3201 0.3679 0.4060 0.4354 0.4567 0.4704 0.4765 0.4739 0.4591 0.4308 0.3947 0.3572 0.3213 0.2887 0.2585
0.2866 0.3202 0.3558 0.3934 0.4296 0.4583 0.4736 0.4766 0.4708 0.4573 0.4363 0.4073 0.3694 0.3220 0.2655 0.2063 0.1670 0.1508 0.1426 0.1379 0.1355 0.1350 0.1364 0.1395 0.1445 0.1515 0.1605 0.1719 0.1858 0.2025 0.2222 0.2453 0.2720 0.3023 0.3361 0.3725 0.4095 0.4430 0.4662 0.4760 0.4754 0.4669 0.4512 0.4282 0.3975 0.3582 0.3101 0.2552 0.2034 0.1736 0.1657 0.1736 0.2034 0.2552 0.3101 0.3582 0.3975 0.4282 0.4512 0.4669 0.4754 0.4760 0.4662 0.4430 0.4095 0.3725 0.3361 0.3023 0.2720 0.2453 0.2222 0.2025 0.1858 0.1719 0.1605 0.1515 0.1445 0.1395 0.1364 0.1350 0.1355 0.1379 0.1426 0.1508 0.1670 0.2063 0.2655 0.3220 0.3694 0.4073 0.4363 0.4573 0.4708 0.4766 0.4736 0.4583 0.4296 0.3934 0.3558 0.3202 0.2866
0.3183 0.3545 0.3920 0.4283 0.4575 0.4733 0.4767 0.4711 0.4579 0.4372 0.4084 0.3710 0.3238 0.2676 0.2083 0.1679 0.1512 0.1428 0.1380 0.1355 0.1350 0.1363 0.1394 0.1443 0.1512 0.1602 0.1715 0.1853 0.2019 0.2216 0.2447 0.2713 0.3016 0.3354 0.3719 0.4090 0.4426 0.4661 0.4760 0.4754 0.4669 0.4511 0.4280 0.3971 0.3576 0.3090 0.2527 0.1980 0.1660 0.1539 0.1505 0.1539 0.1660 0.1980 0.2527 0.3090 0.3576 0.3971 0.4280 0.4511 0.4669 0.4754 0.4760 0.4661 0.4426 0.4090 0.3719 0.3354 0.3016 0.2713 0.2447 0.2216 0.2019 0.1853 0.1715 0.1602 0.1512 0.1443 0.1394 0.1363 0.1350 0.1355 0.1380 0.1428 0.1512 0.1679 0.2083 0.2676 0.3238 0.3710 0.4084 0.4372 0.4579 0.4711 0.4767 0.4733 0.4575 0.4283 0.3920 0.3545 0.3183
0.3534 0.3907 0.4271 0.4566 0.4729 0.4767 0.4715 0.4585 0.4380 0.4096 0.3724 0.3257 0.2698 0.2102 0.1688 0.1516 0.1431 0.1381 0.1356 0.1350 0.1362 0.1392 0.1441 0.1509 0.1599 0.1711 0.1849 0.2014 0.2210 0.2440 0.2705 0.3008 0.3346 0.3711 0.4083 0.4421 0.4658 0.4759 0.4754 0.4670 0.4512 0.4280 0.3970 0.3573 0.3084 0.2517 0.1961 0.1637 0.1505 0.1444 0.1424 0.1444 0.1505 0.1637 0.1961 0.2517 0.3084 0.3573 0.3970 0.4280 0.4512 0.4670 0.4754 0.4759 0.4658 0.4422 0.4083 0.3711 0.3346 0.3008 0.2705 0.2440 0.2210 0.2014 0.1849 0.1711 0.1599 0.1509 0.1441 0.1392 0.1362 0.1350 0.1356 0.1381 0.1431 0.1516 0.1688 0.2102 0.2698 0.3257 0.3724 0.4096 0.4380 0.4585 0.4715 0.4767 0.4729 0.4566 0.4271 0.3907 0.3534
0.3907 0.4259 0.4558 0.4726 0.4768 0.4718 0.4591 0.4389 0.4108 0.3739 0.3275 0.2719 0.2123 0.1698 0.1520 0.1433 0.1383 0.1356 0.1350 0.1361 0.1391 0.1439 0.1506 0.1595 0.1706 0.1843 0.2008 0.2204 0.2432 0.2697 0.2999 0.3337 0.3702 0.4075 0.4415 0.4655 0.4759 0.4755 0.4671 0.4513 0.4282 0.3971 0.3573 0.3082 0.2513 0.1953 0.1629 0.1495 0.1425 0.1389 0.1377 0.1389 0.1425 0.1495 0.1629 0.1953 0.2513 0.3082 0.3573 0.3971 0.4282 0.4513 0.4671 0.4755 0.4759 0.4655 0.4415 0.4075 0.3702 0.3337 0.2999 0.2697 0.2432 0.2204 0.2008 0.1843 0.1706 0.1595 0.1506 0.1439 0.1391 0.1361 0.1350 0.1356 0.1383 0.1433 0.1520 0.1698 0.2123 0.2719 0.3275 0.3739 0.4108 0.4389 0.4591 0.4718 0.4768 0.4726 0.4558 0.4259 0.3907
0.4280 0.4549 0.4722 0.4768 0.4721 0.4597 0.4398 0.4120 0.3754 0.3294 0.2740 0.2144 0.1708 0.1524 0.1436 0.1384 0.1357 0.1350 0.1361 0.1390 0.1437 0.1504 0.1591 0.1702 0.1838 0.2002 0.2196 0.2424 0.2688 0.2989 0.3326 0.3691 0.4065 0.4408 0.4651 0.4758 0.4756 0.4673 0.4516 0.4285 0.3975 0.3576 0.3084 0.2513 0.1951 0.1626 0.1491 0.1419 0.1378 0.1359 0.1353 0.1359 0.1378 0.1419 0.1491 0.1626 0.1951 0.2513 0.3084 0.3576 0.3975 0.4285 0.4516 0.4673 0.4756 0.4758 0.4651 0.4408 0.4065 0.3691 0.3326 0.2989 0.2688 0.2424 0.2196 0.2002 0.1838 0.1702 0.1591 0.1504 0.1437 0.1390 0.1361 0.1350 0.1357 0.1384 0.1436 0.1524 0.1708 0.2144 0.2740 0.3294 0.3754 0.4120 0.4398 0.4597 0.4721 0.4768 0.4722 0.4549 0.4280
0.4600 0.4718 0.4768 0.4724 0.4603 0.4407 0.4132 0.3770 0.3313 0.2763 0.2166 0.1719 0.1528 0.1438 0.1385 0.1357 0.1350 0.1360 0.1388 0.1435 0.1501 0.1588 0.1697 0.1832 0.1995 0.2188 0.2415 0.2678 0.2978 0.3314 0.3679 0.4054 0.4399 0.4646 0.4756 0.4757 0.4676 0.4520 0.4290 0.3980 0.3582 0.3090 0.2517 0.1953 0.1626 0.1490 0.1417 0.1375 0.1354 0.1348 0.1349 0.1348 0.1354 0.1375 0.1417 0.1490 0.1626 0.1953 0.2517 0.3090 0.3582 0.3980 0.4290 0.4520 0.4676 0.4757 0.4756 0.4646 0.4399 0.4054 0.3679 0.3314 0.2978 0.2678 0.2415 0.2188 0.1995 0.1832 0.1697 0.1588 0.1501 0.1435 0.1388 0.1360 0.1350 0.1357 0.1385 0.1438 0.1528 0.1719 0.2166 0.2763 0.3313 0.3770 0.4132 0.4407 0.4603 0.4724 0.4768 0.4718 0.4600
0.4799 0.4768 0.4728 0.4610 0.4417 0.4146 0.3788 0.3335 0.2789 0.2191 0.1733 0.1534 0.1441 0.1387 0.1358 0.1349 0.1359 0.1386 0.1432 0.1497 0.1583 0.1692 0.1826 0.1987 0.2179 0.2404 0.2666 0.2965 0.3300 0.3664 0.4039 0.4387 0.4640 0.4755 0.4758 0.4679 0.4526 0.4298 0.3989 0.3592 0.3100 0.2527 0.1961 0.1629 0.1491 0.1417 0.1375 0.1353 0.1349 0.1356 0.1361 0.1356 0.1349 0.1353 0.1375 0.1417 0.1491 0.1629 0.1961 0.2527 0.3101 0.3592 0.3989 0.4298 0.4526 0.4679 0.4758 0.4755 0.4640 0.4387 0.4039 0.3664 0.3300 0.2965 0.2666 0.2404 0.2179 0.1987 0.1826 0.1692 0.1583 0.1497 0.1432 0.1386 0.1359 0.1349 0.1358 0.1387 0.1441 0.1534 0.1733 0.2191 0.2789 0.3335 0.3788 0.4146 0.4417 0.4610 0.4728 0.4768 0.4799
0.4865 0.4733 0.4620 0.4432 0.4166 0.3814 0.3367 0.2826 0.2228 0.1753 0.1542 0.1446 0.1390 0.1359 0.1349 0.1358 0.1384 0.1429 0.1492 0.1577 0.1684 0.1816 0.1976 0.2166 0.2389 0.2648 0.2945 0.3278 0.3642 0.4017 0.4369 0.4629 0.4751 0.4760 0.4685 0.4535 0.4310 0.4005 0.3612 0.3123 0.2552 0.1980 0.1637 0.1495 0.1419 0.1375 0.1353 0.1350 0.1361 0.1380 0.1390 0.1380 0.1361 0.1350 0.1353 0.1375 0.1419 0.1495 0.1637 0.1980 0.2552 0.3124 0.3612 0.4005 0.4310 0.4535 0.4685 0.4760 0.4751 0.4629 0.4369 0.4017 0.3641 0.3278 0.2945 0.2648 0.2389 0.2166 0.1976 0.1816 0.1684 0.1577 0.1492 0.1429 0.1384 0.1358 0.1349 0.1359 0.1390 0.1446 0.1542 0.1753 0.2228 0.2826 0.3367 0.3814 0.4166 0.4432 0.4620 0.4733 0.4865
0.4843 0.4640 0.4462 0.4205 0.3863 0.3428 0.2897 0.2302 0.1797 0.1560 0.1456 0.1395 0.1362 0.1349 0.1355 0.1379 0.1421 0.1483 0.1564 0.1669 0.1797 0.1953 0.2139 0.2358 0.2613 0.2905 0.3235 0.3596 0.3973 0.4331 0.4606 0.4744 0.4764 0.4697 0.4555 0.4338 0.4042 0.3657 0.3178 0.2613 0.2034 0.1660 0.1505 0.1425 0.1378 0.1354 0.1349 0.1361 0.1386 0.1416 0.1431 0.1416 0.1386 0.1361 0.1349 0.1354 0.1378 0.1425 0.1505 0.1660 0.2034 0.2613 0.3178 0.3657 0.4042 0.4338 0.4555 0.4697 0.4764 0.4744 0.4606 0.4331 0.3972 0.3595 0.3235 0.2905 0.2613 0.2358 0.2139 0.1953 0.1797 0.1669 0.1564 0.1483 0.1421 0.1379 0.1355 0.1349 0.1362 0.1395 0.1456 0.1560 0.1797 0.2302 0.2897 0.3428 0.3863 0.4205 0.4462 0.4640 0.4843
0.4781 0.4527 0.4293 0.3976 0.3567 0.3063 0.2478 0.1921 0.1612 0.1482 0.1410 0.1369 0.1351 0.1351 0.1369 0.1406 0.1461 0.1536 0.1633 0.1754 0.1901 0.2078 0.2287 0.2531 0.2813 0.3132 0.3485 0.3861 0.4231 0.4541 0.4719 0.4768 0.4723 0.4602 0.4406 0.4132 0.3772 0.3318 0.2773 0.2185 0.1736 0.1539 0.1444 0.1389 0.1359 0.1348 0.1356 0.1380 0.1416 0.1454 0.1472 0.1454 0.1416 0.1380 0.1356 0.1348 0.1359 0.1389 0.1444 0.1539 0.1736 0.2185 0.2773 0.3318 0.3772 0.4131 0.4406 0.4602 0.4723 0.4768 0.4719 0.4540 0.4231 0.3861 0.3485 0.3132 0.2813 0.2531 0.2287 0.2078 0.1902 0.1754 0.1633 0.1536 0.1461 0.1406 0.1369 0.1351 0.1351 0.1369 0.1410 0.1482 0.1612 0.1921 0.2478 0.3063 0.3567 0.3976 0.4293 0.4527 0.4781
0.4745 0.4469 0.4209 0.3865 0.3426 0.2892 0.2297 0.1798 0.1564 0.1457 0.1396 0.1362 0.1348 0.1354 0.1377 0.1419 0.1480 0.1561 0.1665 0.1793 0.1949 0.2135 0.2354 0.2609 0.2902 0.3233 0.3595 0.3974 0.4335 0.4611 0.4746 0.4763 0.4693 0.4548 0.4328 0.4028 0.3639 0.3156 0.2588 0.2016 0.1657 0.1505 0.1424 0.1377 0.1353 0.1349 0.1361 0.1390 0.1431 0.1472 0.1492 0.1472 0.1431 0.1390 0.1361 0.1349 0.1353 0.1377 0.1424 0.1505 0.1657 0.2017 0.2589 0.3156 0.3639 0.4028 0.4328 0.4548 0.4693 0.4763 0.4746 0.4611 0.4335 0.3974 0.3595 0.3233 0.2902 0.2609 0.2354 0.2135 0.1949 0.1793 0.1665 0.1561 0.1480 0.1419 0.1377 0.1354 0.1348 0.1362 0.1396 0.1457 0.1564 0.1798 0.2297 0.2892 0.3426 0.3865 0.4209 0.4469 0.4745
0.4781 0.4527 0.4293 0.3976 0.3567 0.3063 0.2478 0.1921 0.1612 0.1482 0.1410 0.1369 0.1351 0.1351 0.1369 0.1406 0.1461 0.1536 0.1633 0.1754 0.1901 0.2078 0.2287 0.2531 0.2813 0.3132 0.3485 0.3861 0.4231 0.4541 0.4719 0.4768 0.4723 0.4602 0.4406 0.4131 0.3772 0.3318 0.2773 0.2185 0.1736 0.1539 0.1444 0.1389 0.1359 0.1348 0.1356 0.1380 0.1416 0.1454 0.1472 0.1454 0.1416 0.1380 0.1356 0.1348 0.1359 0.1389 0.1444 0.1539 0.1736 0.2185 0.2773 0.3318 0.3772 0.4131 0.4406 0.4602 0.4723 0.4768 0.4719 0.4540 0.4231 0.3861 0.3485 0.3132 0.2813 0.2531 0.2287 0.2078 0.1902 0.1754 0.1633 0.1536 0.1461 0.1406 0.1369 0.1351 0.1351 0.1369 0.1410 0.1482 0.1612 0.1921 0.2478 0.3063 0.3567 0.3976 0.4293 0.4527 0.4781
0.4843 0.4640 0.4462 0.4205 0.3863 0.3428 0.2897 0.2302 0.1797 0.1560 0.1456 0.1395 0.1362 0.1349 0.1355 0.1379 0.1421 0.1483 0.1564 0.1669 0.1797 0.1953 0.2139 0.2358 0.2613 0.2905 0.3235 0.3596 0.3973 0.4331 0.4606 0.4744 0.4764 0.4697 0.4555 0.4338 0.4042 0.3657 0.3178 0.2613 0.2034 0.1660 0.1505 0.1425 0.1378 0.1354 0.1349 0.1361 0.1386 0.1416 0.1431 0.1416 0.1386 0.1361 0.1349 0.1354 0.1378 0.1425 0.1505 0.1660 0.2034 0.2613 0.3178 0.3657 0.4042 0.4338 0.4555 0.4697 0.4764 0.4744 0.4606 0.4331 0.3972 0.3595 0.3235 0.2905 0.2613 0.2358 0.2139 0.1953 0.1797 0.1669 0.1564 0.1483 0.1421 0.1379 0.1355 0.1349 0.1362 0.1395 0.1456 0.1560 0.1797 0.2302 0.2897 0.3428 0.3863 0.4205 0.4462 0.4640 0.4843
0.4865 0.4733 0.4620 0.4432 0.4166 0.3814 0.3367 0.2826 0.2228 0.1753 0.1542 0.1446 0.1390 0.1359 0.1349 0.1358 0.1384 0.1429 0.1492 0.1577 0.1684 0.1816 0.1976 0.2166 0.2389 0.2648 0.2945 0.3278 0.3642 0.4017 0.4369 0.4629 0.4751 0.4760 0.4685 0.4535 0.4310 0.4005 0.3612 0.3124 0.2552 0.1980 0.1637 0.1495 0.1419 0.1375 0.1353 0.1350 0.1361 0.1380 0.1390 0.1380 0.1361 0.1350 0.1353 0.1375 0.1419 0.1495 0.1637 0.1980 0.2552 0.3124 0.3612 0.4005 0.4310 0.4535 0.4685 0.4760 0.4751 0.4629 0.4369 0.4017 0.3641 0.3278 0.2945 0.2648 0.2389 0.2166 0.1976 0.1816 0.1684 0.1577 0.1492 0.1429 0.1384 0.1358 0.1349 0.1359 0.1390 0.1446 0.1542 0.1753 0.2228 0.2826 0.3367 0.3814 0.4166 0.4432 0.4620 0.4733 0.4865
0.4799 0.4768 0.4728 0.4610 0.4417 0.4146 0.3788 0.3335 0.2789 0.2191 0.1733 0.1534 0.1441 0.1387 0.1358 0.1349 0.1359 0.1386 0.1432 0.1497 0.1583 0.1692 0.1826 0.1987 0.2179 0.2404 0.2666 0.2965 0.3300 0.3664 0.4039 0.4387 0.4640 0.4755 0.4758 0.4679 0.4526 0.4298 0.3989 0.3592 0.3101 0.2527 0.1961 0.1629 0.1491 0.1417 0.1375 0.1353 0.1349 0.1356 0.1361 0.1356 0.1349 0.1353 0.1375 0.1417 0.1491 0.1629 0.1961 0.2527 0.3101 0.3592 0.3989 0.4298 0.4526 0.4679 0.4758 0.4755 0.4640 0.4387 0.4039 0.3664 0.3300 0.2965 0.2666 0.2404 0.2179 0.1987 0.1826 0.1692 0.1583 0.1497 0.1432 0.1386 0.1359 0.1349 0.1358 0.1387 0.1441 0.1534 0.1733 0.2191 0.2789 0.3335 0.3788 0.4146 0.4417 0.4610 0.4728 0.4768 0.4799
0.4600 0.4718 0.4768 0.4724 0.4603 0.4407 0.4132 0.3770 0.3313 0.2763 0.2166 0.1719 0.1528 0.1438 0.1385 0.1357 0.1350 0.1360 0.1388 0.1435 0.1501 0.1588 0.1697 0.1832 0.1995 0.2188 0.2415 0.2678 0.2978 0.3314 0.3679 0.4054 0.4399 0.4646 0.4756 0.4757 0.4676 0.4520 0.4290 0.3980 0.3582 0.3090 0.2517 0.1953 0.1626 0.1490 0.1417 0.1375 0.1354 0.1348 0.1349 0.1348 0.1354 0.1375 0.1417 0.1490 0.1626 0.1953 0.2517 0.3090 0.3582 0.3980 0.4290 0.4520 0.4676 0.4757 0.4756 0.4646 0.4399 0.4054 0.3679 0.3314 0.2978 0.2678 0.2415 0.2188 0.1995 0.1832 0.1697 0.1588 0.1501 0.1435 0.1388 0.1360 0.1350 0.1357 0.1385 0.1438 0.1528 0.1719 0.2166 0.2763 0.3313 0.3770 0.4132 0.4407 0.4603 0.4724 0.4768 0.4718 0.4600
