0.0698 0.1064 0.1658 0.2587 0.4037 0.6299 0.9830 1.0000 1.0000 1.0000 1.0000 1.0000 1.0000 1.0000 1.0000 1.0000 0.0000 0.0000 0.0001 0.0001 0.0002 0.0002 0.0004 0.0006 0.0009 0.0014 0.0022 0.0034 0.0054 0.0084 0.0131 0.0204 0.0319 0.0497 0.0776 0.1211 0.1894 0.2955 0.4611 0.7196 1.0000 1.0000 1.0000 1.0000 1.0000 1.0000 1.0000 1.0000 1.0000 1.0000 1.0000 1.0000 1.0000 1.0000 1.0000 1.0000 1.0000 1.0000 1.0000 1.0000 1.0000 0.7196 0.4611 0.2955 0.1894 0.1211 0.0776 0.0497 0.0319 0.0204 0.0131 0.0084 0.0054 0.0034 0.0022 0.0014 0.0009 0.0006 0.0004 0.0002 0.0002 0.0001 0.0001 0.0000 0.0000 1.0000 1.0000 1.0000 1.0000 1.0000 1.0000 1.0000 1.0000 1.0000 0.9830 0.6299 0.4037 0.2587 0.1658 0.1064 0.0698
0.1064 0.1651 0.2587 0.4044 0.6311 0.9868 1.0000 1.0000 1.0000 1.0000 1.0000 1.0000 1.0000 1.0000 1.0000 0.0000 0.0000 0.0001 0.0001 0.0002 0.0002 0.0004 0.0006 0.0009 0.0014 0.0022 0.0035 0.0054 0.0084 0.0131 0.0205 0.0320 0.0499 0.0779 0.1216 0.1901 0.2966 0.4629 0.7224 1.0000 1.0000 1.0000 1.0000 1.0000 1.0000 1.0000 1.0000 1.0000 1.0000 0.0000 0.0000 0.0000 1.0000 1.0000 1.0000 1.0000 1.0000 1.0000 1.0000 1.0000 1.0000 1.0000 0.7224 0.4629 0.2966 0.1901 0.1216 0.0779 0.0499 0.0320 0.0205 0.0131 0.0084 0.0054 0.0035 0.0022 0.0014 0.0009 0.0006 0.0004 0.0002 0.0002 0.0001 0.0001 0.0000 0.0000 1.0000 1.0000 1.0000 1.0000 1.0000 1.0000 1.0000 1.0000 1.0000 0.9868 0.6311 0.4044 0.2587 0.1651 0.1064
0.1658 0.2587 0.4068 0.6372 0.9981 1.0000 1.0000 1.0000 1.0000 1.0000 1.0000 1.0000 1.0000 1.0000 0.0000 0.0000 0.0001 0.0001 0.0002 0.0002 0.0004 0.0006 0.0009 0.0014 0.0023 0.0035 0.0055 0.0086 0.0134 0.0209 0.0325 0.0508 0.0793 0.1237 0.1930 0.3012 0.4700 0.7335 1.0000 1.0000 1.0000 1.0000 1.0000 1.0000 1.0000 1.0000 1.0000 1.0000 0.0000 0.0000 0.0000 0.0000 0.0000 1.0000 1.0000 1.0000 1.0000 1.0000 1.0000 1.0000 1.0000 1.0000 1.0000 0.7335 0.4700 0.3012 0.1930 0.1237 0.0793 0.0508 0.0325 0.0209 0.0134 0.0086 0.0055 0.0035 0.0023 0.0014 0.0009 0.0006 0.0004 0.0002 0.0002 0.0001 0.0001 0.0000 0.0000 1.0000 1.0000 1.0000 1.0000 1.0000 1.0000 1.0000 1.0000 1.0000 0.9981 0.6372 0.4068 0.2587 0.1658
0.2587 0.4044 0.6372 1.0000 1.0000 1.0000 1.0000 1.0000 1.0000 1.0000 1.0000 1.0000 1.0000 0.0000 0.0000 0.0001 0.0001 0.0002 0.0002 0.0004 0.0006 0.0009 0.0015 0.0023 0.0036 0.0056 0.0087 0.0136 0.0212 0.0331 0.0517 0.0806 0.1258 0.1963 0.3064 0.4781 0.7461 1.0000 1.0000 1.0000 1.0000 1.0000 1.0000 1.0000 1.0000 1.0000 1.0000 0.0000 0.0000 0.0001 0.0001 0.0001 0.0000 0.0000 1.0000 1.0000 1.0000 1.0000 1.0000 1.0000 1.0000 1.0000 1.0000 1.0000 0.7461 0.4781 0.3064 0.1963 0.1258 0.0806 0.0517 0.0331 0.0212 0.0136 0.0087 0.0056 0.0036 0.0023 0.0015 0.0009 0.0006 0.0004 0.0002 0.0002 0.0001 0.0001 0.0000 0.0000 1.0000 1.0000 1.0000 1.0000 1.0000 1.0000 1.0000 1.0000 1.0000 1.0000 0.6372 0.4044 0.2587
0.4037 0.6311 0.9981 1.0000 1.0000 1.0000 1.0000 1.0000 1.0000 1.0000 1.0000 1.0000 0.0000 0.0000 0.0001 0.0001 0.0002 0.0003 0.0004 0.0006 0.0010 0.0015 0.0023 0.0036 0.0057 0.0089 0.0138 0.0216 0.0337 0.0526 0.0820 0.1280 0.1997 0.3117 0.4864 0.7590 1.0000 1.0000 1.0000 1.0000 1.0000 1.0000 1.0000 1.0000 1.0000 1.0000 0.0000 0.0000 0.0001 0.0001 0.0001 0.0001 0.0001 0.0000 0.0000 1.0000 1.0000 1.0000 1.0000 1.0000 1.0000 1.0000 1.0000 1.0000 1.0000 0.7590 0.4864 0.3117 0.1997 0.1280 0.0820 0.0526 0.0337 0.0216 0.0138 0.0089 0.0057 0.0036 0.0023 0.0015 0.0010 0.0006 0.0004 0.0003 0.0002 0.0001 0.0001 0.0000 0.0000 1.0000 1.0000 1.0000 1.0000 1.0000 1.0000 1.0000 1.0000 1.0000 0.9981 0.6311 0.4037
0.6299 0.9868 1.0000 1.0000 1.0000 1.0000 1.0000 1.0000 1.0000 1.0000 1.0000 0.0000 0.0000 0.0001 0.0001 0.0002 0.0003 0.0004 0.0006 0.0010 0.0015 0.0024 0.0037 0.0058 0.0090 0.0140 0.0219 0.0342 0.0534 0.0833 0.1299 0.2028 0.3171 0.4948 0.7721 1.0000 1.0000 1.0000 1.0000 1.0000 1.0000 1.0000 1.0000 1.0000 1.0000 0.0000 0.0000 0.0001 0.0001 0.0002 0.0002 0.0002 0.0001 0.0001 0.0000 0.0000 1.0000 1.0000 1.0000 1.0000 1.0000 1.0000 1.0000 1.0000 1.0000 1.0000 0.7721 0.4948 0.3171 0.2028 0.1299 0.0833 0.0534 0.0342 0.0219 0.0140 0.0090 0.0058 0.0037 0.0024 0.0015 0.0010 0.0006 0.0004 0.0003 0.0002 0.0001 0.0001 0.0000 0.0000 1.0000 1.0000 1.0000 1.0000 1.0000 1.0000 1.0000 1.0000 1.0000 0.9868 0.6299
0.9830 1.0000 1.0000 1.0000 1.0000 1.0000 1.0000 1.0000 1.0000 1.0000 0.0000 0.0000 0.0001 0.0001 0.0002 0.0003 0.0004 0.0006 0.0010 0.0015 0.0024 0.0038 0.0059 0.0092 0.0143 0.0223 0.0348 0.0543 0.0847 0.1322 0.2063 0.3219 0.5024 0.7839 1.0000 1.0000 1.0000 1.0000 1.0000 1.0000 1.0000 1.0000 1.0000 1.0000 0.0000 0.0001 0.0001 0.0001 0.0002 0.0002 0.0003 0.0002 0.0002 0.0001 0.0001 0.0001 0.0000 1.0000 1.0000 1.0000 1.0000 1.0000 1.0000 1.0000 1.0000 1.0000 1.0000 0.7839 0.5024 0.3219 0.2063 0.1322 0.0847 0.0543 0.0348 0.0223 0.0143 0.0092 0.0059 0.0038 0.0024 0.0015 0.0010 0.0006 0.0004 0.0003 0.0002 0.0001 0.0001 0.0000 0.0000 1.0000 1.0000 1.0000 1.0000 1.0000 1.0000 1.0000 1.0000 1.0000 0.9830
1.0000 1.0000 1.0000 1.0000 1.0000 1.0000 1.0000 1.0000 1.0000 0.0000 0.0000 0.0001 0.0001 0.0002 0.0003 0.0004 0.0006 0.0010 0.0016 0.0025 0.0038 0.0060 0.0093 0.0145 0.0227 0.0354 0.0552 0.0862 0.1345 0.2098 0.3275 0.5110 0.7975 1.0000 1.0000 1.0000 1.0000 1.0000 1.0000 1.0000 1.0000 1.0000 0.0000 0.0000 0.0001 0.0001 0.0001 0.0002 0.0003 0.0004 0.0005 0.0004 0.0003 0.0002 0.0001 0.0001 0.0001 0.0000 0.0000 1.0000 1.0000 1.0000 1.0000 1.0000 1.0000 1.0000 1.0000 1.0000 0.7975 0.5110 0.3275 0.2098 0.1345 0.0862 0.0552 0.0354 0.0227 0.0145 0.0093 0.0060 0.0038 0.0025 0.0016 0.0010 0.0006 0.0004 0.0003 0.0002 0.0001 0.0001 0.0000 0.0000 1.0000 1.0000 1.0000 1.0000 1.0000 1.0000 1.0000 1.0000 1.0000
1.0000 1.0000 1.0000 1.0000 1.0000 1.0000 1.0000 1.0000 0.0000 0.0000 0.0001 0.0001 0.0002 0.0003 0.0004 0.0007 0.0010 0.0016 0.0025 0.0039 0.0061 0.0095 0.0148 0.0231 0.0360 0.0562 0.0877 0.1368 0.2135 0.3331 0.5198 0.8112 1.0000 1.0000 1.0000 1.0000 1.0000 1.0000 1.0000 1.0000 1.0000 0.0000 0.0000 0.0001 0.0001 0.0001 0.0002 0.0003 0.0005 0.0006 0.0007 0.0006 0.0005 0.0003 0.0002 0.0001 0.0001 0.0001 0.0000 0.0000 1.0000 1.0000 1.0000 1.0000 1.0000 1.0000 1.0000 1.0000 1.0000 0.8112 0.5198 0.3331 0.2135 0.1368 0.0877 0.0562 0.0360 0.0231 0.0148 0.0095 0.0061 0.0039 0.0025 0.0016 0.0010 0.0007 0.0004 0.0003 0.0002 0.0001 0.0001 0.0000 0.0000 1.0000 1.0000 1.0000 1.0000 1.0000 1.0000 1.0000 1.0000
1.0000 1.0000 1.0000 1.0000 1.0000 1.0000 1.0000 0.0000 0.0000 0.0001 0.0001 0.0002 0.0003 0.0004 0.0007 0.0010 0.0016 0.0025 0.0039 0.0062 0.0096 0.0150 0.0234 0.0365 0.0570 0.0890 0.1389 0.2167 0.3382 0.5278 0.8252 1.0000 1.0000 1.0000 1.0000 1.0000 1.0000 1.0000 1.0000 1.0000 0.0000 0.0000 0.0001 0.0001 0.0001 0.0002 0.0003 0.0005 0.0007 0.0010 0.0012 0.0010 0.0007 0.0005 0.0003 0.0002 0.0001 0.0001 0.0001 0.0000 0.0000 1.0000 1.0000 1.0000 1.0000 1.0000 1.0000 1.0000 1.0000 1.0000 0.8252 0.5278 0.3382 0.2167 0.1389 0.0890 0.0570 0.0365 0.0234 0.0150 0.0096 0.0062 0.0039 0.0025 0.0016 0.0010 0.0007 0.0004 0.0003 0.0002 0.0001 0.0001 0.0000 0.0000 1.0000 1.0000 1.0000 1.0000 1.0000 1.0000 1.0000
1.0000 1.0000 1.0000 1.0000 1.0000 1.0000 0.0000 0.0000 0.0001 0.0001 0.0002 0.0003 0.0004 0.0007 0.0010 0.0016 0.0026 0.0040 0.0062 0.0097 0.0152 0.0238 0.0372 0.0580 0.0905 0.1413 0.2205 0.3441 0.5369 0.8379 1.0000 1.0000 1.0000 1.0000 1.0000 1.0000 1.0000 1.0000 1.0000 0.0000 0.0000 0.0001 0.0001 0.0001 0.0002 0.0003 0.0005 0.0008 0.0011 0.0016 0.0018 0.0016 0.0011 0.0008 0.0005 0.0003 0.0002 0.0001 0.0001 0.0001 0.0000 0.0000 1.0000 1.0000 1.0000 1.0000 1.0000 1.0000 1.0000 1.0000 1.0000 0.8379 0.5369 0.3441 0.2205 0.1413 0.0905 0.0580 0.0372 0.0238 0.0152 0.0097 0.0062 0.0040 0.0026 0.0016 0.0010 0.0007 0.0004 0.0003 0.0002 0.0001 0.0001 0.0000 0.0000 1.0000 1.0000 1.0000 1.0000 1.0000 1.0000
1.0000 1.0000 1.0000 1.0000 1.0000 0.0000 0.0000 0.0001 0.0001 0.0002 0.0003 0.0004 0.0007 0.0010 0.0016 0.0026 0.0040 0.0063 0.0099 0.0154 0.0241 0.0377 0.0589 0.0921 0.1437 0.2243 0.3500 0.5462 0.8524 1.0000 1.0000 1.0000 1.0000 1.0000 1.0000 1.0000 1.0000 1.0000 0.0000 0.0000 0.0001 0.0001 0.0001 0.0002 0.0003 0.0005 0.0008 0.0012 0.0018 0.0025 0.0029 0.0025 0.0018 0.0012 0.0008 0.0005 0.0003 0.0002 0.0001 0.0001 0.0001 0.0000 0.0000 1.0000 1.0000 1.0000 1.0000 1.0000 1.0000 1.0000 1.0000 1.0000 0.8524 0.5462 0.3500 0.2243 0.1437 0.0921 0.0589 0.0377 0.0241 0.0154 0.0099 0.0063 0.0040 0.0026 0.0016 0.0010 0.0007 0.0004 0.0003 0.0002 0.0001 0.0001 0.0000 0.0000 1.0000 1.0000 1.0000 1.0000 1.0000
1.0000 1.0000 1.0000 1.0000 0.0000 0.0000 0.0001 0.0001 0.0002 0.0003 0.0004 0.0007 0.0011 0.0017 0.0026 0.0041 0.0064 0.0100 0.0156 0.0245 0.0383 0.0597 0.0933 0.1459 0.2277 0.3561 0.5556 0.8671 1.0000 1.0000 1.0000 1.0000 1.0000 1.0000 1.0000 1.0000 1.0000 0.0000 0.0000 0.0001 0.0001 0.0001 0.0002 0.0003 0.0005 0.0008 0.0012 0.0019 0.0029 0.0040 0.0046 0.0040 0.0029 0.0019 0.0012 0.0008 0.0005 0.0003 0.0002 0.0001 0.0001 0.0001 0.0000 0.0000 1.0000 1.0000 1.0000 1.0000 1.0000 1.0000 1.0000 1.0000 1.0000 0.8671 0.5556 0.3561 0.2277 0.1459 0.0933 0.0597 0.0383 0.0245 0.0156 0.0100 0.0064 0.0041 0.0026 0.0017 0.0011 0.0007 0.0004 0.0003 0.0002 0.0001 0.0001 0.0000 0.0000 1.0000 1.0000 1.0000 1.0000
1.0000 1.0000 1.0000 0.0000 0.0000 0.0001 0.0001 0.0002 0.0003 0.0004 0.0007 0.0010 0.0017 0.0026 0.0041 0.0064 0.0101 0.0158 0.0247 0.0387 0.0605 0.0946 0.1479 0.2312 0.3615 0.5641 0.8804 1.0000 1.0000 1.0000 1.0000 1.0000 1.0000 1.0000 1.0000 1.0000 0.0000 0.0000 0.0001 0.0001 0.0001 0.0002 0.0003 0.0005 0.0008 0.0013 0.0020 0.0030 0.0046 0.0064 0.0073 0.0064 0.0046 0.0030 0.0020 0.0013 0.0008 0.0005 0.0003 0.0002 0.0001 0.0001 0.0001 0.0000 0.0000 1.0000 1.0000 1.0000 1.0000 1.0000 1.0000 1.0000 1.0000 1.0000 0.8804 0.5641 0.3615 0.2312 0.1479 0.0946 0.0605 0.0387 0.0247 0.0158 0.0101 0.0064 0.0041 0.0026 0.0017 0.0010 0.0007 0.0004 0.0003 0.0002 0.0001 0.0001 0.0000 0.0000 1.0000 1.0000 1.0000
1.0000 1.0000 0.0000 0.0000 0.0001 0.0001 0.0002 0.0003 0.0004 0.0007 0.0010 0.0016 0.0026 0.0041 0.0064 0.0101 0.0159 0.0249 0.0390 0.0611 0.0957 0.1496 0.2343 0.3664 0.5717 0.8939 1.0000 1.0000 1.0000 1.0000 1.0000 1.0000 1.0000 1.0000 1.0000 0.0000 0.0000 0.0001 0.0001 0.0001 0.0002 0.0003 0.0005 0.0008 0.0013 0.0020 0.0031 0.0048 0.0073 0.0101 0.0116 0.0101 0.0073 0.0048 0.0031 0.0020 0.0013 0.0008 0.0005 0.0003 0.0002 0.0001 0.0001 0.0001 0.0000 0.0000 1.0000 1.0000 1.0000 1.0000 1.0000 1.0000 1.0000 1.0000 1.0000 0.8939 0.5717 0.3664 0.2343 0.1496 0.0957 0.0611 0.0390 0.0249 0.0159 0.0101 0.0064 0.0041 0.0026 0.0016 0.0010 0.0007 0.0004 0.0003 0.0002 0.0001 0.0001 0.0000 0.0000 1.0000 1.0000
1.0000 0.0000 0.0000 0.0001 0.0001 0.0002 0.0003 0.0004 0.0007 0.0010 0.0016 0.0026 0.0041 0.0064 0.0101 0.0159 0.0250 0.0392 0.0615 0.0964 0.1513 0.2366 0.3706 0.5794 0.9058 1.0000 1.0000 1.0000 1.0000 1.0000 1.0000 1.0000 1.0000 1.0000 0.0000 0.0000 0.0001 0.0001 0.0001 0.0002 0.0003 0.0005 0.0008 0.0013 0.0020 0.0032 0.0050 0.0077 0.0115 0.0160 0.0185 0.0160 0.0115 0.0077 0.0050 0.0032 0.0020 0.0013 0.0008 0.0005 0.0003 0.0002 0.0001 0.0001 0.0001 0.0000 0.0000 1.0000 1.0000 1.0000 1.0000 1.0000 1.0000 1.0000 1.0000 1.0000 0.9058 0.5794 0.3706 0.2366 0.1513 0.0964 0.0615 0.0392 0.0250 0.0159 0.0101 0.0064 0.0041 0.0026 0.0016 0.0010 0.0007 0.0004 0.0003 0.0002 0.0001 0.0001 0.0000 0.0000 1.0000
0.0000 0.0000 0.0001 0.0001 0.0002 0.0003 0.0004 0.0006 0.0010 0.0016 0.0026 0.0040 0.0064 0.0101 0.0159 0.0250 0.0393 0.0618 0.0970 0.1522 0.2388 0.3741 0.5849 0.9162 1.0000 1.0000 1.0000 1.0000 1.0000 1.0000 1.0000 1.0000 1.0000 0.0000 0.0000 0.0001 0.0001 0.0001 0.0002 0.0004 0.0005 0.0009 0.0013 0.0021 0.0032 0.0051 0.0079 0.0122 0.0183 0.0254 0.0293 0.0254 0.0183 0.0122 0.0079 0.0051 0.0032 0.0021 0.0013 0.0009 0.0005 0.0004 0.0002 0.0001 0.0001 0.0001 0.0000 0.0000 1.0000 1.0000 1.0000 1.0000 1.0000 1.0000 1.0000 1.0000 1.0000 0.9162 0.5849 0.3741 0.2388 0.1522 0.0970 0.0618 0.0393 0.0250 0.0159 0.0101 0.0064 0.0040 0.0026 0.0016 0.0010 0.0006 0.0004 0.0003 0.0002 0.0001 0.0001 0.0000 0.0000
0.0000 0.0001 0.0001 0.0002 0.0003 0.0004 0.0006 0.0010 0.0016 0.0025 0.0040 0.0063 0.0100 0.0158 0.0249 0.0392 0.0618 0.0971 0.1527 0.2397 0.3762 0.5905 0.9250 1.0000 1.0000 1.0000 1.0000 1.0000 1.0000 1.0000 1.0000 1.0000 0.0000 0.0000 0.0001 0.0001 0.0001 0.0002 0.0004 0.0006 0.0009 0.0014 0.0021 0.0033 0.0052 0.0080 0.0125 0.0193 0.0290 0.0403 0.0465 0.0403 0.0290 0.0193 0.0125 0.0080 0.0052 0.0033 0.0021 0.0014 0.0009 0.0006 0.0004 0.0002 0.0001 0.0001 0.0001 0.0000 0.0000 1.0000 1.0000 1.0000 1.0000 1.0000 1.0000 1.0000 1.0000 1.0000 0.9250 0.5905 0.3762 0.2397 0.1527 0.0971 0.0618 0.0392 0.0249 0.0158 0.0100 0.0063 0.0040 0.0025 0.0016 0.0010 0.0006 0.0004 0.0003 0.0002 0.0001 0.0001 0.0000
0.0001 0.0001 0.0002 0.0002 0.0004 0.0006 0.0010 0.0016 0.0025 0.0039 0.0062 0.0099 0.0156 0.0247 0.0390 0.0615 0.0970 0.1527 0.2402 0.3777 0.5939 0.9303 1.0000 1.0000 1.0000 1.0000 1.0000 1.0000 1.0000 1.0000 1.0000 0.0000 0.0000 0.0001 0.0001 0.0001 0.0002 0.0004 0.0006 0.0009 0.0014 0.0021 0.0034 0.0052 0.0082 0.0127 0.0198 0.0306 0.0460 0.0640 0.0739 0.0640 0.0460 0.0306 0.0198 0.0127 0.0082 0.0052 0.0034 0.0021 0.0014 0.0009 0.0006 0.0004 0.0002 0.0001 0.0001 0.0001 0.0000 0.0000 1.0000 1.0000 1.0000 1.0000 1.0000 1.0000 1.0000 1.0000 1.0000 0.9303 0.5939 0.3777 0.2402 0.1527 0.0970 0.0615 0.0390 0.0247 0.0156 0.0099 0.0062 0.0039 0.0025 0.0016 0.0010 0.0006 0.0004 0.0002 0.0002 0.0001 0.0001
0.0001 0.0002 0.0002 0.0004 0.0006 0.0010 0.0015 0.0025 0.0039 0.0062 0.0097 0.0154 0.0245 0.0387 0.0611 0.0964 0.1522 0.2397 0.3777 0.5939 0.9338 1.0000 1.0000 1.0000 1.0000 1.0000 1.0000 1.0000 1.0000 1.0000 0.0000 0.0000 0.0001 0.0001 0.0002 0.0002 0.0004 0.0006 0.0009 0.0014 0.0022 0.0034 0.0053 0.0083 0.0130 0.0202 0.0314 0.0486 0.0730 0.1017 0.1173 0.1017 0.0730 0.0486 0.0314 0.0202 0.0130 0.0083 0.0053 0.0034 0.0022 0.0014 0.0009 0.0006 0.0004 0.0002 0.0002 0.0001 0.0001 0.0000 0.0000 1.0000 1.0000 1.0000 1.0000 1.0000 1.0000 1.0000 1.0000 1.0000 0.9338 0.5939 0.3777 0.2397 0.1522 0.0964 0.0611 0.0387 0.0245 0.0154 0.0097 0.0062 0.0039 0.0025 0.0015 0.0010 0.0006 0.0004 0.0002 0.0002 0.0001
0.0002 0.0002 0.0004 0.0006 0.0010 0.0015 0.0024 0.0038 0.0061 0.0096 0.0152 0.0241 0.0383 0.0605 0.0957 0.1513 0.2388 0.3762 0.5939 0.9338 1.0000 1.0000 1.0000 1.0000 1.0000 1.0000 1.0000 1.0000 1.0000 0.0000 0.0000 0.0001 0.0001 0.0002 0.0002 0.0004 0.0006 0.0009 0.0014 0.0022 0.0035 0.0054 0.0085 0.0132 0.0206 0.0321 0.0499 0.0770 0.1159 0.1614 0.1862 0.1614 0.1159 0.0770 0.0499 0.0321 0.0206 0.0132 0.0085 0.0054 0.0035 0.0022 0.0014 0.0009 0.0006 0.0004 0.0002 0.0002 0.0001 0.0001 0.0000 0.0000 1.0000 1.0000 1.0000 1.0000 1.0000 1.0000 1.0000 1.0000 1.0000 0.9338 0.5939 0.3762 0.2388 0.1513 0.0957 0.0605 0.0383 0.0241 0.0152 0.0096 0.0061 0.0038 0.0024 0.0015 0.0010 0.0006 0.0004 0.0002 0.0002
0.0002 0.0004 0.0006 0.0009 0.0015 0.0024 0.0038 0.0060 0.0095 0.0150 0.0238 0.0377 0.0597 0.0946 0.1496 0.2366 0.3741 0.5905 0.9303 1.0000 1.0000 1.0000 1.0000 1.0000 1.0000 1.0000 1.0000 1.0000 0.0000 0.0000 0.0001 0.0001 0.0002 0.0002 0.0004 0.0006 0.0009 0.0014 0.0023 0.0035 0.0055 0.0086 0.0134 0.0209 0.0327 0.0509 0.0793 0.1223 0.1840 0.2557 0.2955 0.2557 0.1840 0.1223 0.0793 0.0509 0.0327 0.0209 0.0134 0.0086 0.0055 0.0035 0.0023 0.0014 0.0009 0.0006 0.0004 0.0002 0.0002 0.0001 0.0001 0.0000 0.0000 1.0000 1.0000 1.0000 1.0000 1.0000 1.0000 1.0000 1.0000 1.0000 0.9303 0.5905 0.3741 0.2366 0.1496 0.0946 0.0597 0.0377 0.0238 0.0150 0.0095 0.0060 0.0038 0.0024 0.0015 0.0009 0.0006 0.0004 0.0002
0.0004 0.0006 0.0009 0.0015 0.0023 0.0037 0.0059 0.0093 0.0148 0.0234 0.0372 0.0589 0.0933 0.1479 0.2343 0.3706 0.5849 0.9250 1.0000 1.0000 1.0000 1.0000 1.0000 1.0000 1.0000 1.0000 1.0000 0.0000 0.0000 0.0001 0.0001 0.0002 0.0002 0.0004 0.0006 0.0009 0.0015 0.0023 0.0036 0.0056 0.0087 0.0136 0.0213 0.0332 0.0519 0.0808 0.1258 0.1941 0.2916 0.4060 0.4682 0.4060 0.2916 0.1941 0.1258 0.0808 0.0519 0.0332 0.0213 0.0136 0.0087 0.0056 0.0036 0.0023 0.0015 0.0009 0.0006 0.0004 0.0002 0.0002 0.0001 0.0001 0.0000 0.0000 1.0000 1.0000 1.0000 1.0000 1.0000 1.0000 1.0000 1.0000 1.0000 0.9250 0.5849 0.3706 0.2343 0.1479 0.0933 0.0589 0.0372 0.0234 0.0148 0.0093 0.0059 0.0037 0.0023 0.0015 0.0009 0.0006 0.0004
0.0006 0.0009 0.0014 0.0023 0.0036 0.0058 0.0092 0.0145 0.0231 0.0365 0.0580 0.0921 0.1459 0.2312 0.3664 0.5794 0.9162 1.0000 1.0000 1.0000 1.0000 1.0000 1.0000 1.0000 1.0000 1.0000 0.0000 0.0000 0.0001 0.0001 0.0002 0.0002 0.0004 0.0006 0.0010 0.0015 0.0023 0.0036 0.0057 0.0089 0.0139 0.0216 0.0337 0.0527 0.0822 0.1282 0.1993 0.3081 0.4629 0.6445 0.7433 0.6445 0.4629 0.3081 0.1993 0.1282 0.0822 0.0527 0.0337 0.0216 0.0139 0.0089 0.0057 0.0036 0.0023 0.0015 0.0010 0.0006 0.0004 0.0002 0.0002 0.0001 0.0001 0.0000 0.0000 1.0000 1.0000 1.0000 1.0000 1.0000 1.0000 1.0000 1.0000 1.0000 0.9162 0.5794 0.3664 0.2312 0.1459 0.0921 0.0580 0.0365 0.0231 0.0145 0.0092 0.0058 0.0036 0.0023 0.0014 0.0009 0.0006
0.0009 0.0014 0.0023 0.0036 0.0057 0.0090 0.0143 0.0227 0.0360 0.0570 0.0905 0.1437 0.2277 0.3615 0.5717 0.9058 1.0000 1.0000 1.0000 1.0000 1.0000 1.0000 1.0000 1.0000 1.0000 0.0000 0.0000 0.0001 0.0001 0.0002 0.0003 0.0004 0.0006 0.0010 0.0015 0.0024 0.0037 0.0058 0.0090 0.0141 0.0220 0.0343 0.0536 0.0836 0.1304 0.2036 0.3164 0.4892 0.7348 1.0000 1.0000 1.0000 0.7348 0.4892 0.3164 0.2036 0.1304 0.0836 0.0536 0.0343 0.0220 0.0141 0.0090 0.0058 0.0037 0.0024 0.0015 0.0010 0.0006 0.0004 0.0003 0.0002 0.0001 0.0001 0.0000 0.0000 1.0000 1.0000 1.0000 1.0000 1.0000 1.0000 1.0000 1.0000 1.0000 0.9058 0.5717 0.3615 0.2277 0.1437 0.0905 0.0570 0.0360 0.0227 0.0143 0.0090 0.0057 0.0036 0.0023 0.0014 0.0009
0.0014 0.0022 0.0035 0.0056 0.0089 0.0140 0.0223 0.0354 0.0562 0.0890 0.1413 0.2243 0.3561 0.5641 0.8939 1.0000 1.0000 1.0000 1.0000 1.0000 1.0000 1.0000 1.0000 1.0000 0.0000 0.0000 0.0001 0.0001 0.0002 0.0003 0.0004 0.0006 0.0010 0.0015 0.0024 0.0037 0.0058 0.0091 0.0143 0.0223 0.0349 0.0545 0.0850 0.1327 0.2071 0.3225 0.5024 0.7750 1.0000 1.0000 1.0000 1.0000 1.0000 0.7750 0.5024 0.3225 0.2071 0.1327 0.0850 0.0545 0.0349 0.0223 0.0143 0.0091 0.0058 0.0037 0.0024 0.0015 0.0010 0.0006 0.0004 0.0003 0.0002 0.0001 0.0001 0.0000 0.0000 1.0000 1.0000 1.0000 1.0000 1.0000 1.0000 1.0000 1.0000 1.0000 0.8939 0.5641 0.3561 0.2243 0.1413 0.0890 0.0562 0.0354 0.0223 0.0140 0.0089 0.0056 0.0035 0.0022 0.0014
0.0022 0.0035 0.0055 0.0087 0.0138 0.0219 0.0348 0.0552 0.0877 0.1389 0.2205 0.3500 0.5556 0.8804 1.0000 1.0000 1.0000 1.0000 1.0000 1.0000 1.0000 1.0000 1.0000 0.0000 0.0000 0.0001 0.0001 0.0002 0.0003 0.0004 0.0006 0.0010 0.0015 0.0024 0.0038 0.0059 0.0093 0.0145 0.0226 0.0354 0.0553 0.0863 0.1347 0.2106 0.3287 0.5120 0.7975 1.0000 1.0000 1.0000 1.0000 1.0000 1.0000 1.0000 0.7975 0.5120 0.3287 0.2106 0.1347 0.0863 0.0553 0.0354 0.0226 0.0145 0.0093 0.0059 0.0038 0.0024 0.0015 0.0010 0.0006 0.0004 0.0003 0.0002 0.0001 0.0001 0.0000 0.0000 1.0000 1.0000 1.0000 1.0000 1.0000 1.0000 1.0000 1.0000 1.0000 0.8804 0.5556 0.3500 0.2205 0.1389 0.0877 0.0552 0.0348 0.0219 0.0138 0.0087 0.0055 0.0035 0.0022
0.0034 0.0054 0.0086 0.0136 0.0216 0.0342 0.0543 0.0862 0.1368 0.2167 0.3441 0.5462 0.8671 1.0000 1.0000 1.0000 1.0000 1.0000 1.0000 1.0000 1.0000 1.0000 0.0000 0.0000 0.0001 0.0001 0.0002 0.0003 0.0004 0.0006 0.0010 0.0016 0.0024 0.0038 0.0060 0.0094 0.0146 0.0229 0.0359 0.0561 0.0877 0.1368 0.2139 0.3338 0.5208 0.8128 1.0000 1.0000 1.0000 1.0000 1.0000 1.0000 1.0000 1.0000 1.0000 0.8128 0.5208 0.3338 0.2139 0.1368 0.0877 0.0561 0.0359 0.0229 0.0146 0.0094 0.0060 0.0038 0.0024 0.0016 0.0010 0.0006 0.0004 0.0003 0.0002 0.0001 0.0001 0.0000 0.0000 1.0000 1.0000 1.0000 1.0000 1.0000 1.0000 1.0000 1.0000 1.0000 0.8671 0.5462 0.3441 0.2167 0.1368 0.0862 0.0543 0.0342 0.0216 0.0136 0.0086 0.0054 0.0034
0.0054 0.0084 0.0134 0.0212 0.0337 0.0534 0.0847 0.1345 0.2135 0.3382 0.5369 0.8524 1.0000 1.0000 1.0000 1.0000 1.0000 1.0000 1.0000 1.0000 1.0000 0.0000 0.0000 0.0001 0.0001 0.0002 0.0003 0.0004 0.0006 0.0010 0.0016 0.0024 0.0038 0.0060 0.0094 0.0148 0.0232 0.0363 0.0567 0.0887 0.1386 0.2167 0.3389 0.5288 0.8268 1.0000 1.0000 1.0000 1.0000 1.0000 1.0000 1.0000 1.0000 1.0000 1.0000 1.0000 0.8268 0.5288 0.3389 0.2167 0.1386 0.0887 0.0567 0.0363 0.0232 0.0148 0.0094 0.0060 0.0038 0.0024 0.0016 0.0010 0.0006 0.0004 0.0003 0.0002 0.0001 0.0001 0.0000 0.0000 1.0000 1.0000 1.0000 1.0000 1.0000 1.0000 1.0000 1.0000 1.0000 0.8524 0.5369 0.3382 0.2135 0.1345 0.0847 0.0534 0.0337 0.0212 0.0134 0.0084 0.0054
0.0084 0.0131 0.0209 0.0331 0.0526 0.0833 0.1322 0.2098 0.3331 0.5278 0.8379 1.0000 1.0000 1.0000 1.0000 1.0000 1.0000 1.0000 1.0000 1.0000 0.0000 0.0000 0.0001 0.0001 0.0002 0.0003 0.0004 0.0006 0.0010 0.0016 0.0025 0.0039 0.0061 0.0095 0.0149 0.0234 0.0366 0.0574 0.0899 0.1405 0.2196 0.3434 0.5369 0.8379 1.0000 1.0000 1.0000 1.0000 1.0000 1.0000 1.0000 1.0000 1.0000 1.0000 1.0000 1.0000 1.0000 0.8379 0.5369 0.3434 0.2196 0.1405 0.0899 0.0574 0.0366 0.0234 0.0149 0.0095 0.0061 0.0039 0.0025 0.0016 0.0010 0.0006 0.0004 0.0003 0.0002 0.0001 0.0001 0.0000 0.0000 1.0000 1.0000 1.0000 1.0000 1.0000 1.0000 1.0000 1.0000 1.0000 0.8379 0.5278 0.3331 0.2098 0.1322 0.0833 0.0526 0.0331 0.0209 0.0131 0.0084
0.0131 0.0205 0.0325 0.0517 0.0820 0.1299 0.2063 0.3275 0.5198 0.8252 1.0000 1.0000 1.0000 1.0000 1.0000 1.0000 1.0000 1.0000 1.0000 0.0000 0.0000 0.0001 0.0001 0.0002 0.0003 0.0004 0.0006 0.0010 0.0016 0.0025 0.0039 0.0061 0.0095 0.0150 0.0235 0.0369 0.0579 0.0907 0.1418 0.2222 0.3474 0.5441 0.8491 1.0000 1.0000 1.0000 1.0000 1.0000 1.0000 1.0000 1.0000 1.0000 1.0000 1.0000 1.0000 1.0000 1.0000 1.0000 0.8491 0.5441 0.3474 0.2222 0.1418 0.0907 0.0579 0.0369 0.0235 0.0150 0.0095 0.0061 0.0039 0.0025 0.0016 0.0010 0.0006 0.0004 0.0003 0.0002 0.0001 0.0001 0.0000 0.0000 1.0000 1.0000 1.0000 1.0000 1.0000 1.0000 1.0000 1.0000 1.0000 0.8252 0.5198 0.3275 0.2063 0.1299 0.0820 0.0517 0.0325 0.0205 0.0131
0.0204 0.0320 0.0508 0.0806 0.1280 0.2028 0.3219 0.5110 0.8112 1.0000 1.0000 1.0000 1.0000 1.0000 1.0000 1.0000 1.0000 1.0000 0.0000 0.0000 0.0001 0.0001 0.0002 0.0002 0.0004 0.0006 0.0010 0.0016 0.0024 0.0039 0.0061 0.0095 0.0150 0.0236 0.0371 0.0582 0.0914 0.1432 0.2243 0.3513 0.5504 0.8605 1.0000 1.0000 1.0000 1.0000 1.0000 1.0000 1.0000 1.0000 1.0000 1.0000 1.0000 1.0000 1.0000 1.0000 1.0000 1.0000 1.0000 0.8605 0.5504 0.3513 0.2243 0.1432 0.0914 0.0582 0.0371 0.0236 0.0150 0.0095 0.0061 0.0039 0.0024 0.0016 0.0010 0.0006 0.0004 0.0002 0.0002 0.0001 0.0001 0.0000 0.0000 1.0000 1.0000 1.0000 1.0000 1.0000 1.0000 1.0000 1.0000 1.0000 0.8112 0.5110 0.3219 0.2028 0.1280 0.0806 0.0508 0.0320 0.0204
0.0319 0.0499 0.0793 0.1258 0.1997 0.3171 0.5024 0.7975 1.0000 1.0000 1.0000 1.0000 1.0000 1.0000 1.0000 1.0000 1.0000 0.0000 0.0000 0.0001 0.0001 0.0002 0.0002 0.0004 0.0006 0.0010 0.0015 0.0024 0.0038 0.0061 0.0095 0.0150 0.0236 0.0372 0.0585 0.0918 0.1440 0.2260 0.3547 0.5556 0.8687 1.0000 1.0000 1.0000 1.0000 1.0000 1.0000 1.0000 1.0000 1.0000 1.0000 1.0000 1.0000 1.0000 1.0000 1.0000 1.0000 1.0000 1.0000 1.0000 0.8687 0.5556 0.3547 0.2260 0.1440 0.0918 0.0585 0.0372 0.0236 0.0150 0.0095 0.0061 0.0038 0.0024 0.0015 0.0010 0.0006 0.0004 0.0002 0.0002 0.0001 0.0001 0.0000 0.0000 1.0000 1.0000 1.0000 1.0000 1.0000 1.0000 1.0000 1.0000 1.0000 0.7975 0.5024 0.3171 0.1997 0.1258 0.0793 0.0499 0.0319
0.0497 0.0779 0.1237 0.1963 0.3117 0.4948 0.7839 1.0000 1.0000 1.0000 1.0000 1.0000 1.0000 1.0000 1.0000 1.0000 0.0000 0.0000 0.0001 0.0001 0.0002 0.0002 0.0004 0.0006 0.0010 0.0015 0.0024 0.0038 0.0060 0.0095 0.0150 0.0236 0.0372 0.0586 0.0921 0.1445 0.2273 0.3567 0.5599 0.8770 1.0000 1.0000 1.0000 1.0000 1.0000 1.0000 1.0000 1.0000 1.0000 1.0000 0.0000 1.0000 1.0000 1.0000 1.0000 1.0000 1.0000 1.0000 1.0000 1.0000 1.0000 0.8770 0.5599 0.3567 0.2273 0.1445 0.0921 0.0586 0.0372 0.0236 0.0150 0.0095 0.0060 0.0038 0.0024 0.0015 0.0010 0.0006 0.0004 0.0002 0.0002 0.0001 0.0001 0.0000 0.0000 1.0000 1.0000 1.0000 1.0000 1.0000 1.0000 1.0000 1.0000 1.0000 0.7839 0.4948 0.3117 0.1963 0.1237 0.0779 0.0497
0.0776 0.1216 0.1930 0.3064 0.4864 0.7721 1.0000 1.0000 1.0000 1.0000 1.0000 1.0000 1.0000 1.0000 1.0000 0.0000 0.0000 0.0001 0.0001 0.0002 0.0002 0.0004 0.0006 0.0010 0.0015 0.0024 0.0038 0.0060 0.0094 0.0149 0.0235 0.0371 0.0585 0.0921 0.1448 0.2277 0.3581 0.5620 0.8820 1.0000 1.0000 1.0000 1.0000 1.0000 1.0000 1.0000 1.0000 1.0000 0.0000 0.0000 0.0000 0.0000 0.0000 1.0000 1.0000 1.0000 1.0000 1.0000 1.0000 1.0000 1.0000 1.0000 0.8820 0.5620 0.3581 0.2277 0.1448 0.0921 0.0585 0.0371 0.0235 0.0149 0.0094 0.0060 0.0038 0.0024 0.0015 0.0010 0.0006 0.0004 0.0002 0.0002 0.0001 0.0001 0.0000 0.0000 1.0000 1.0000 1.0000 1.0000 1.0000 1.0000 1.0000 1.0000 1.0000 0.7721 0.4864 0.3064 0.1930 0.1216 0.0776
0.1211 0.1901 0.3012 0.4781 0.7590 1.0000 1.0000 1.0000 1.0000 1.0000 1.0000 1.0000 1.0000 1.0000 0.0000 0.0000 0.0001 0.0001 0.0001 0.0002 0.0004 0.0006 0.0009 0.0015 0.0024 0.0037 0.0059 0.0094 0.0148 0.0234 0.0369 0.0582 0.0918 0.1445 0.2277 0.3588 0.5641 0.8854 1.0000 1.0000 1.0000 1.0000 1.0000 1.0000 1.0000 1.0000 1.0000 0.0000 0.0000 0.0000 0.0001 0.0000 0.0000 0.0000 1.0000 1.0000 1.0000 1.0000 1.0000 1.0000 1.0000 1.0000 1.0000 0.8854 0.5641 0.3588 0.2277 0.1445 0.0918 0.0582 0.0369 0.0234 0.0148 0.0094 0.0059 0.0037 0.0024 0.0015 0.0009 0.0006 0.0004 0.0002 0.0001 0.0001 0.0001 0.0000 0.0000 1.0000 1.0000 1.0000 1.0000 1.0000 1.0000 1.0000 1.0000 1.0000 0.7590 0.4781 0.3012 0.1901 0.1211
0.1894 0.2966 0.4700 0.7461 1.0000 1.0000 1.0000 1.0000 1.0000 1.0000 1.0000 1.0000 1.0000 0.0000 0.0000 0.0001 0.0001 0.0001 0.0002 0.0004 0.0006 0.0009 0.0015 0.0023 0.0037 0.0058 0.0093 0.0146 0.0232 0.0366 0.0579 0.0914 0.1440 0.2273 0.3581 0.5641 0.8871 1.0000 1.0000 1.0000 1.0000 1.0000 1.0000 1.0000 1.0000 1.0000 0.0000 0.0000 0.0001 0.0001 0.0001 0.0001 0.0001 0.0000 0.0000 1.0000 1.0000 1.0000 1.0000 1.0000 1.0000 1.0000 1.0000 1.0000 0.8871 0.5641 0.3581 0.2273 0.1440 0.0914 0.0579 0.0366 0.0232 0.0146 0.0093 0.0058 0.0037 0.0023 0.0015 0.0009 0.0006 0.0004 0.0002 0.0001 0.0001 0.0001 0.0000 0.0000 1.0000 1.0000 1.0000 1.0000 1.0000 1.0000 1.0000 1.0000 1.0000 0.7461 0.4700 0.2966 0.1894
0.2955 0.4629 0.7335 1.0000 1.0000 1.0000 1.0000 1.0000 1.0000 1.0000 1.0000 1.0000 0.0000 0.0000 0.0001 0.0001 0.0001 0.0002 0.0004 0.0006 0.0009 0.0014 0.0023 0.0036 0.0058 0.0091 0.0145 0.0229 0.0363 0.0574 0.0907 0.1432 0.2260 0.3567 0.5620 0.8854 1.0000 1.0000 1.0000 1.0000 1.0000 1.0000 1.0000 1.0000 1.0000 0.0000 0.0000 0.0001 0.0001 0.0001 0.0001 0.0001 0.0001 0.0001 0.0000 0.0000 1.0000 1.0000 1.0000 1.0000 1.0000 1.0000 1.0000 1.0000 1.0000 0.8854 0.5620 0.3567 0.2260 0.1432 0.0907 0.0574 0.0363 0.0229 0.0145 0.0091 0.0058 0.0036 0.0023 0.0014 0.0009 0.0006 0.0004 0.0002 0.0001 0.0001 0.0001 0.0000 0.0000 1.0000 1.0000 1.0000 1.0000 1.0000 1.0000 1.0000 1.0000 1.0000 0.7335 0.4629 0.2955
0.4611 0.7224 1.0000 1.0000 1.0000 1.0000 1.0000 1.0000 1.0000 1.0000 1.0000 0.0000 0.0000 0.0001 0.0001 0.0001 0.0002 0.0004 0.0006 0.0009 0.0014 0.0023 0.0036 0.0057 0.0090 0.0143 0.0226 0.0359 0.0567 0.0899 0.1418 0.2243 0.3547 0.5599 0.8820 1.0000 1.0000 1.0000 1.0000 1.0000 1.0000 1.0000 1.0000 1.0000 0.0000 0.0000 0.0001 0.0001 0.0001 0.0002 0.0002 0.0002 0.0001 0.0001 0.0001 0.0000 0.0000 1.0000 1.0000 1.0000 1.0000 1.0000 1.0000 1.0000 1.0000 1.0000 0.8820 0.5599 0.3547 0.2243 0.1418 0.0899 0.0567 0.0359 0.0226 0.0143 0.0090 0.0057 0.0036 0.0023 0.0014 0.0009 0.0006 0.0004 0.0002 0.0001 0.0001 0.0001 0.0000 0.0000 1.0000 1.0000 1.0000 1.0000 1.0000 1.0000 1.0000 1.0000 1.0000 0.7224 0.4611
0.7196 1.0000 1.0000 1.0000 1.0000 1.0000 1.0000 1.0000 1.0000 1.0000 0.0000 0.0000 0.0001 0.0001 0.0001 0.0002 0.0004 0.0006 0.0009 0.0014 0.0022 0.0035 0.0056 0.0089 0.0141 0.0223 0.0354 0.0561 0.0887 0.1405 0.2222 0.3513 0.5556 0.8770 1.0000 1.0000 1.0000 1.0000 1.0000 1.0000 1.0000 1.0000 1.0000 0.0000 0.0000 0.0001 0.0001 0.0001 0.0002 0.0003 0.0004 0.0003 0.0002 0.0001 0.0001 0.0001 0.0000 0.0000 1.0000 1.0000 1.0000 1.0000 1.0000 1.0000 1.0000 1.0000 1.0000 0.8770 0.5556 0.3513 0.2222 0.1405 0.0887 0.0561 0.0354 0.0223 0.0141 0.0089 0.0056 0.0035 0.0022 0.0014 0.0009 0.0006 0.0004 0.0002 0.0001 0.0001 0.0001 0.0000 0.0000 1.0000 1.0000 1.0000 1.0000 1.0000 1.0000 1.0000 1.0000 1.0000 0.7196
1.0000 1.0000 1.0000 1.0000 1.0000 1.0000 1.0000 1.0000 1.0000 0.0000 0.0000 0.0001 0.0001 0.0001 0.0002 0.0003 0.0005 0.0009 0.0014 0.0022 0.0035 0.0055 0.0087 0.0139 0.0220 0.0349 0.0553 0.0877 0.1386 0.2196 0.3474 0.5504 0.8687 1.0000 1.0000 1.0000 1.0000 1.0000 1.0000 1.0000 1.0000 1.0000 0.0000 0.0000 0.0001 0.0001 0.0002 0.0002 0.0004 0.0005 0.0006 0.0005 0.0004 0.0002 0.0002 0.0001 0.0001 0.0000 0.0000 1.0000 1.0000 1.0000 1.0000 1.0000 1.0000 1.0000 1.0000 1.0000 0.8687 0.5504 0.3474 0.2196 0.1386 0.0877 0.0553 0.0349 0.0220 0.0139 0.0087 0.0055 0.0035 0.0022 0.0014 0.0009 0.0005 0.0003 0.0002 0.0001 0.0001 0.0001 0.0000 0.0000 1.0000 1.0000 1.0000 1.0000 1.0000 1.0000 1.0000 1.0000 1.0000
1.0000 1.0000 1.0000 1.0000 1.0000 1.0000 1.0000 1.0000 0.0000 0.0000 0.0001 0.0001 0.0001 0.0002 0.0003 0.0005 0.0009 0.0014 0.0021 0.0034 0.0054 0.0086 0.0136 0.0216 0.0343 0.0545 0.0863 0.1368 0.2167 0.3434 0.5441 0.8605 1.0000 1.0000 1.0000 1.0000 1.0000 1.0000 1.0000 1.0000 1.0000 0.0000 0.0000 0.0001 0.0001 0.0002 0.0002 0.0004 0.0006 0.0008 0.0009 0.0008 0.0006 0.0004 0.0002 0.0002 0.0001 0.0001 0.0000 0.0000 1.0000 1.0000 1.0000 1.0000 1.0000 1.0000 1.0000 1.0000 1.0000 0.8605 0.5441 0.3434 0.2167 0.1368 0.0863 0.0545 0.0343 0.0216 0.0136 0.0086 0.0054 0.0034 0.0021 0.0014 0.0009 0.0005 0.0003 0.0002 0.0001 0.0001 0.0001 0.0000 0.0000 1.0000 1.0000 1.0000 1.0000 1.0000 1.0000 1.0000 1.0000
1.0000 1.0000 1.0000 1.0000 1.0000 1.0000 1.0000 0.0000 0.0000 0.0001 0.0001 0.0001 0.0002 0.0003 0.0005 0.0008 0.0013 0.0021 0.0034 0.0053 0.0085 0.0134 0.0213 0.0337 0.0536 0.0850 0.1347 0.2139 0.3389 0.5369 0.8491 1.0000 1.0000 1.0000 1.0000 1.0000 1.0000 1.0000 1.0000 1.0000 0.0000 0.0000 0.0001 0.0001 0.0002 0.0002 0.0004 0.0006 0.0009 0.0012 0.0014 0.0012 0.0009 0.0006 0.0004 0.0002 0.0002 0.0001 0.0001 0.0000 0.0000 1.0000 1.0000 1.0000 1.0000 1.0000 1.0000 1.0000 1.0000 1.0000 0.8491 0.5369 0.3389 0.2139 0.1347 0.0850 0.0536 0.0337 0.0213 0.0134 0.0085 0.0053 0.0034 0.0021 0.0013 0.0008 0.0005 0.0003 0.0002 0.0001 0.0001 0.0001 0.0000 0.0000 1.0000 1.0000 1.0000 1.0000 1.0000 1.0000 1.0000
1.0000 1.0000 1.0000 1.0000 1.0000 1.0000 1.0000 0.0000 0.0001 0.0001 0.0001 0.0002 0.0003 0.0005 0.0008 0.0013 0.0021 0.0033 0.0052 0.0083 0.0132 0.0209 0.0332 0.0527 0.0836 0.1327 0.2106 0.3338 0.5288 0.8379 1.0000 1.0000 1.0000 1.0000 1.0000 1.0000 1.0000 1.0000 1.0000 0.0000 0.0000 0.0001 0.0001 0.0002 0.0002 0.0004 0.0006 0.0009 0.0014 0.0020 0.0023 0.0020 0.0014 0.0009 0.0006 0.0004 0.0002 0.0002 0.0001 0.0001 0.0000 0.0000 1.0000 1.0000 1.0000 1.0000 1.0000 1.0000 1.0000 1.0000 1.0000 0.8379 0.5288 0.3338 0.2106 0.1327 0.0836 0.0527 0.0332 0.0209 0.0132 0.0083 0.0052 0.0033 0.0021 0.0013 0.0008 0.0005 0.0003 0.0002 0.0001 0.0001 0.0001 0.0000 1.0000 1.0000 1.0000 1.0000 1.0000 1.0000 1.0000
1.0000 1.0000 1.0000 1.0000 1.0000 1.0000 0.0000 0.0001 0.0001 0.0001 0.0002 0.0003 0.0005 0.0008 0.0013 0.0020 0.0032 0.0052 0.0082 0.0130 0.0206 0.0327 0.0519 0.0822 0.1304 0.2071 0.3287 0.5208 0.8268 1.0000 1.0000 1.0000 1.0000 1.0000 1.0000 1.0000 1.0000 1.0000 0.0000 0.0000 0.0001 0.0001 0.0002 0.0002 0.0004 0.0006 0.0009 0.0015 0.0022 0.0031 0.0036 0.0031 0.0022 0.0015 0.0009 0.0006 0.0004 0.0002 0.0002 0.0001 0.0001 0.0000 0.0000 1.0000 1.0000 1.0000 1.0000 1.0000 1.0000 1.0000 1.0000 1.0000 0.8268 0.5208 0.3287 0.2071 0.1304 0.0822 0.0519 0.0327 0.0206 0.0130 0.0082 0.0052 0.0032 0.0020 0.0013 0.0008 0.0005 0.0003 0.0002 0.0001 0.0001 0.0001 0.0000 1.0000 1.0000 1.0000 1.0000 1.0000 1.0000
1.0000 1.0000 1.0000 1.0000 1.0000 0.0000 0.0001 0.0001 0.0001 0.0002 0.0003 0.0005 0.0008 0.0013 0.0020 0.0032 0.0051 0.0080 0.0127 0.0202 0.0321 0.0509 0.0808 0.1282 0.2036 0.3225 0.5120 0.8128 1.0000 1.0000 1.0000 1.0000 1.0000 1.0000 1.0000 1.0000 1.0000 0.0000 0.0000 0.0001 0.0001 0.0002 0.0002 0.0004 0.0006 0.0009 0.0015 0.0023 0.0035 0.0049 0.0056 0.0049 0.0035 0.0023 0.0015 0.0009 0.0006 0.0004 0.0002 0.0002 0.0001 0.0001 0.0000 0.0000 1.0000 1.0000 1.0000 1.0000 1.0000 1.0000 1.0000 1.0000 1.0000 0.8128 0.5120 0.3225 0.2036 0.1282 0.0808 0.0509 0.0321 0.0202 0.0127 0.0080 0.0051 0.0032 0.0020 0.0013 0.0008 0.0005 0.0003 0.0002 0.0001 0.0001 0.0001 0.0000 1.0000 1.0000 1.0000 1.0000 1.0000
1.0000 1.0000 1.0000 1.0000 0.0000 0.0000 0.0001 0.0001 0.0002 0.0003 0.0005 0.0008 0.0012 0.0020 0.0031 0.0050 0.0079 0.0125 0.0198 0.0314 0.0499 0.0793 0.1258 0.1993 0.3164 0.5024 0.7975 1.0000 1.0000 1.0000 1.0000 1.0000 1.0000 1.0000 1.0000 1.0000 0.0000 0.0000 0.0001 0.0001 0.0002 0.0002 0.0004 0.0006 0.0009 0.0015 0.0023 0.0036 0.0055 0.0077 0.0088 0.0077 0.0055 0.0036 0.0023 0.0015 0.0009 0.0006 0.0004 0.0002 0.0002 0.0001 0.0001 0.0000 0.0000 1.0000 1.0000 1.0000 1.0000 1.0000 1.0000 1.0000 1.0000 1.0000 0.7975 0.5024 0.3164 0.1993 0.1258 0.0793 0.0499 0.0314 0.0198 0.0125 0.0079 0.0050 0.0031 0.0020 0.0012 0.0008 0.0005 0.0003 0.0002 0.0001 0.0001 0.0000 0.0000 1.0000 1.0000 1.0000 1.0000
1.0000 1.0000 1.0000 0.0000 0.0000 0.0001 0.0001 0.0002 0.0003 0.0005 0.0008 0.0012 0.0019 0.0030 0.0048 0.0077 0.0122 0.0193 0.0306 0.0486 0.0770 0.1223 0.1941 0.3081 0.4892 0.7750 1.0000 1.0000 1.0000 1.0000 1.0000 1.0000 1.0000 1.0000 1.0000 0.0000 0.0000 0.0001 0.0001 0.0001 0.0002 0.0004 0.0006 0.0009 0.0015 0.0023 0.0036 0.0056 0.0085 0.0119 0.0138 0.0119 0.0085 0.0056 0.0036 0.0023 0.0015 0.0009 0.0006 0.0004 0.0002 0.0001 0.0001 0.0001 0.0000 0.0000 1.0000 1.0000 1.0000 1.0000 1.0000 1.0000 1.0000 1.0000 1.0000 0.7750 0.4892 0.3081 0.1941 0.1223 0.0770 0.0486 0.0306 0.0193 0.0122 0.0077 0.0048 0.0030 0.0019 0.0012 0.0008 0.0005 0.0003 0.0002 0.0001 0.0001 0.0000 0.0000 1.0000 1.0000 1.0000
1.0000 1.0000 0.0000 0.0000 0.0001 0.0001 0.0002 0.0003 0.0005 0.0007 0.0011 0.0018 0.0029 0.0046 0.0073 0.0115 0.0183 0.0290 0.0460 0.0730 0.1159 0.1840 0.2916 0.4629 0.7348 1.0000 1.0000 1.0000 1.0000 1.0000 1.0000 1.0000 1.0000 1.0000 0.0000 0.0000 0.0001 0.0001 0.0001 0.0002 0.0004 0.0006 0.0009 0.0014 0.0022 0.0035 0.0055 0.0085 0.0129 0.0180 0.0208 0.0180 0.0129 0.0085 0.0055 0.0035 0.0022 0.0014 0.0009 0.0006 0.0004 0.0002 0.0001 0.0001 0.0001 0.0000 0.0000 1.0000 1.0000 1.0000 1.0000 1.0000 1.0000 1.0000 1.0000 1.0000 0.7348 0.4629 0.2916 0.1840 0.1159 0.0730 0.0460 0.0290 0.0183 0.0115 0.0073 0.0046 0.0029 0.0018 0.0011 0.0007 0.0005 0.0003 0.0002 0.0001 0.0001 0.0000 0.0000 1.0000 1.0000
1.0000 0.0000 0.0000 0.0001 0.0001 0.0002 0.0002 0.0004 0.0006 0.0010 0.0016 0.0025 0.0040 0.0064 0.0101 0.0160 0.0254 0.0403 0.0640 0.1017 0.1614 0.2557 0.4060 0.6445 1.0000 1.0000 1.0000 1.0000 1.0000 1.0000 1.0000 1.0000 1.0000 1.0000 0.0000 0.0000 0.0001 0.0001 0.0002 0.0003 0.0005 0.0008 0.0012 0.0020 0.0031 0.0049 0.0077 0.0119 0.0180 0.0250 0.0288 0.0250 0.0180 0.0119 0.0077 0.0049 0.0031 0.0020 0.0012 0.0008 0.0005 0.0003 0.0002 0.0001 0.0001 0.0000 0.0000 1.0000 1.0000 1.0000 1.0000 1.0000 1.0000 1.0000 1.0000 1.0000 1.0000 0.6445 0.4060 0.2557 0.1614 0.1017 0.0640 0.0403 0.0254 0.0160 0.0101 0.0064 0.0040 0.0025 0.0016 0.0010 0.0006 0.0004 0.0002 0.0002 0.0001 0.0001 0.0000 0.0000 1.0000
1.0000 0.0000 0.0000 0.0001 0.0001 0.0002 0.0003 0.0005 0.0007 0.0012 0.0018 0.0029 0.0046 0.0073 0.0116 0.0185 0.0293 0.0465 0.0739 0.1173 0.1862 0.2955 0.4682 0.7433 1.0000 1.0000 1.0000 1.0000 1.0000 1.0000 1.0000 1.0000 1.0000 0.0000 0.0000 0.0001 0.0001 0.0001 0.0002 0.0004 0.0006 0.0009 0.0014 0.0023 0.0036 0.0056 0.0088 0.0138 0.0208 0.0288 0.0330 0.0288 0.0208 0.0138 0.0088 0.0056 0.0036 0.0023 0.0014 0.0009 0.0006 0.0004 0.0002 0.0001 0.0001 0.0001 0.0000 0.0000 1.0000 1.0000 1.0000 1.0000 1.0000 1.0000 1.0000 1.0000 1.0000 0.7433 0.4682 0.2955 0.1862 0.1173 0.0739 0.0465 0.0293 0.0185 0.0116 0.0073 0.0046 0.0029 0.0018 0.0012 0.0007 0.0005 0.0003 0.0002 0.0001 0.0001 0.0000 0.0000 1.0000
1.0000 0.0000 0.0000 0.0001 0.0001 0.0002 0.0002 0.0004 0.0006 0.0010 0.0016 0.0025 0.0040 0.0064 0.0101 0.0160 0.0254 0.0403 0.0640 0.1017 0.1614 0.2557 0.4060 0.6445 1.0000 1.0000 1.0000 1.0000 1.0000 1.0000 1.0000 1.0000 1.0000 1.0000 0.0000 0.0000 0.0001 0.0001 0.0002 0.0003 0.0005 0.0008 0.0012 0.0020 0.0031 0.0049 0.0077 0.0119 0.0180 0.0250 0.0288 0.0250 0.0180 0.0119 0.0077 0.0049 0.0031 0.0020 0.0012 0.0008 0.0005 0.0003 0.0002 0.0001 0.0001 0.0000 0.0000 1.0000 1.0000 1.0000 1.0000 1.0000 1.0000 1.0000 1.0000 1.0000 1.0000 0.6445 0.4060 0.2557 0.1614 0.1017 0.0640 0.0403 0.0254 0.0160 0.0101 0.0064 0.0040 0.0025 0.0016 0.0010 0.0006 0.0004 0.0002 0.0002 0.0001 0.0001 0.0000 0.0000 1.0000
1.0000 1.0000 0.0000 0.0000 0.0001 0.0001 0.0002 0.0003 0.0005 0.0007 0.0011 0.0018 0.0029 0.0046 0.0073 0.0115 0.0183 0.0290 0.0460 0.0730 0.1159 0.1840 0.2916 0.4629 0.7348 1.0000 1.0000 1.0000 1.0000 1.0000 1.0000 1.0000 1.0000 1.0000 0.0000 0.0000 0.0001 0.0001 0.0001 0.0002 0.0004 0.0006 0.0009 0.0014 0.0022 0.0035 0.0055 0.0085 0.0129 0.0180 0.0208 0.0180 0.0129 0.0085 0.0055 0.0035 0.0022 0.0014 0.0009 0.0006 0.0004 0.0002 0.0001 0.0001 0.0001 0.0000 0.0000 1.0000 1.0000 1.0000 1.0000 1.0000 1.0000 1.0000 1.0000 1.0000 0.7348 0.4629 0.2916 0.1840 0.1159 0.0730 0.0460 0.0290 0.0183 0.0115 0.0073 0.0046 0.0029 0.0018 0.0011 0.0007 0.0005 0.0003 0.0002 0.0001 0.0001 0.0000 0.0000 1.0000 1.0000
1.0000 1.0000 1.0000 0.0000 0.0000 0.0001 0.0001 0.0002 0.0003 0.0005 0.0008 0.0012 0.0019 0.0030 0.0048 0.0077 0.0122 0.0193 0.0306 0.0486 0.0770 0.1223 0.1941 0.3081 0.4892 0.7750 1.0000 1.0000 1.0000 1.0000 1.0000 1.0000 1.0000 1.0000 1.0000 0.0000 0.0000 0.0001 0.0001 0.0001 0.0002 0.0004 0.0006 0.0009 0.0015 0.0023 0.0036 0.0056 0.0085 0.0119 0.0138 0.0119 0.0085 0.0056 0.0036 0.0023 0.0015 0.0009 0.0006 0.0004 0.0002 0.0001 0.0001 0.0001 0.0000 0.0000 1.0000 1.0000 1.0000 1.0000 1.0000 1.0000 1.0000 1.0000 1.0000 0.7750 0.4892 0.3081 0.1941 0.1223 0.0770 0.0486 0.0306 0.0193 0.0122 0.0077 0.0048 0.0030 0.0019 0.0012 0.0008 0.0005 0.0003 0.0002 0.0001 0.0001 0.0000 0.0000 1.0000 1.0000 1.0000
1.0000 1.0000 1.0000 1.0000 0.0000 0.0000 0.0001 0.0001 0.0002 0.0003 0.0005 0.0008 0.0012 0.0020 0.0031 0.0050 0.0079 0.0125 0.0198 0.0314 0.0499 0.0793 0.1258 0.1993 0.3164 0.5024 0.7975 1.0000 1.0000 1.0000 1.0000 1.0000 1.0000 1.0000 1.0000 1.0000 0.0000 0.0000 0.0001 0.0001 0.0002 0.0002 0.0004 0.0006 0.0009 0.0015 0.0023 0.0036 0.0055 0.0077 0.0088 0.0077 0.0055 0.0036 0.0023 0.0015 0.0009 0.0006 0.0004 0.0002 0.0002 0.0001 0.0001 0.0000 0.0000 1.0000 1.0000 1.0000 1.0000 1.0000 1.0000 1.0000 1.0000 1.0000 0.7975 0.5024 0.3164 0.1993 0.1258 0.0793 0.0499 0.0314 0.0198 0.0125 0.0079 0.0050 0.0031 0.0020 0.0012 0.0008 0.0005 0.0003 0.0002 0.0001 0.0001 0.0000 0.0000 1.0000 1.0000 1.0000 1.0000
1.0000 1.0000 1.0000 1.0000 1.0000 0.0000 0.0001 0.0001 0.0001 0.0002 0.0003 0.0005 0.0008 0.0013 0.0020 0.0032 0.0051 0.0080 0.0127 0.0202 0.0321 0.0509 0.0808 0.1282 0.2036 0.3225 0.5120 0.8128 1.0000 1.0000 1.0000 1.0000 1.0000 1.0000 1.0000 1.0000 1.0000 0.0000 0.0000 0.0001 0.0001 0.0002 0.0002 0.0004 0.0006 0.0009 0.0015 0.0023 0.0035 0.0049 0.0056 0.0049 0.0035 0.0023 0.0015 0.0009 0.0006 0.0004 0.0002 0.0002 0.0001 0.0001 0.0000 0.0000 1.0000 1.0000 1.0000 1.0000 1.0000 1.0000 1.0000 1.0000 1.0000 0.8128 0.5120 0.3225 0.2036 0.1282 0.0808 0.0509 0.0321 0.0202 0.0127 0.0080 0.0051 0.0032 0.0020 0.0013 0.0008 0.0005 0.0003 0.0002 0.0001 0.0001 0.0001 0.0000 1.0000 1.0000 1.0000 1.0000 1.0000
