1.0000 1.0000 1.0000 1.0000 1.0000 1.0000 1.0000 1.0000 1.0000 0.0000 0.0000 0.0001 0.0001 0.0002 0.0003 0.0004 0.0006 0.0010 0.0015 0.0024 0.0037 0.0058 0.0091 0.0141 0.0221 0.0345 0.0538 0.0839 0.1309 0.2043 0.3189 0.4976 0.7765 1.0000 1.0000 1.0000 1.0000 1.0000 1.0000 1.0000 1.0000 1.0000 1.0000 0.0000 0.0000 0.0001 0.0001 0.0002 0.0003 0.0004 0.0004 0.0004 0.0003 0.0002 0.0001 0.0001 0.0000 0.0000 1.0000 1.0000 1.0000 1.0000 1.0000 1.0000 1.0000 1.0000 1.0000 1.0000 0.7765 0.4976 0.3189 0.2043 0.1309 0.0839 0.0538 0.0345 0.0221 0.0141 0.0091 0.0058 0.0037 0.0024 0.0015 0.0010 0.0006 0.0004 0.0003 0.0002 0.0001 0.0001 0.0000 0.0000 1.0000 1.0000 1.0000 1.0000 1.0000 1.0000 1.0000 1.0000 1.0000
1.0000 1.0000 1.0000 1.0000 1.0000 1.0000 1.0000 1.0000 0.0000 0.0000 0.0001 0.0001 0.0002 0.0003 0.0004 0.0006 0.0010 0.0015 0.0024 0.0037 0.0058 0.0091 0.0142 0.0222 0.0346 0.0540 0.0842 0.1314 0.2051 0.3201 0.4995 0.7795 1.0000 1.0000 1.0000 1.0000 1.0000 1.0000 1.0000 1.0000 1.0000 1.0000 0.0000 0.0000 0.0001 0.0001 0.0002 0.0003 0.0004 0.0006 0.0007 0.0006 0.0004 0.0003 0.0002 0.0001 0.0001 0.0000 0.0000 1.0000 1.0000 1.0000 1.0000 1.0000 1.0000 1.0000 1.0000 1.0000 1.0000 0.7795 0.4995 0.3201 0.2051 0.1314 0.0842 0.0540 0.0346 0.0222 0.0142 0.0091 0.0058 0.0037 0.0024 0.0015 0.0010 0.0006 0.0004 0.0003 0.0002 0.0001 0.0001 0.0000 0.0000 1.0000 1.0000 1.0000 1.0000 1.0000 1.0000 1.0000 1.0000
1.0000 1.0000 1.0000 1.0000 1.0000 1.0000 1.0000 0.0000 0.0000 0.0001 0.0001 0.0002 0.0003 0.0004 0.0006 0.0010 0.0016 0.0024 0.0038 0.0059 0.0093 0.0144 0.0225 0.0352 0.0549 0.0857 0.1337 0.2087 0.3256 0.5081 0.7929 1.0000 1.0000 1.0000 1.0000 1.0000 1.0000 1.0000 1.0000 1.0000 1.0000 0.0000 0.0001 0.0001 0.0001 0.0002 0.0003 0.0005 0.0007 0.0009 0.0011 0.0009 0.0007 0.0005 0.0003 0.0002 0.0001 0.0001 0.0001 0.0000 1.0000 1.0000 1.0000 1.0000 1.0000 1.0000 1.0000 1.0000 1.0000 1.0000 0.7929 0.5081 0.3256 0.2087 0.1337 0.0857 0.0549 0.0352 0.0225 0.0144 0.0093 0.0059 0.0038 0.0024 0.0016 0.0010 0.0006 0.0004 0.0003 0.0002 0.0001 0.0001 0.0000 0.0000 1.0000 1.0000 1.0000 1.0000 1.0000 1.0000 1.0000
1.0000 1.0000 1.0000 1.0000 1.0000 1.0000 0.0000 0.0000 0.0001 0.0001 0.0002 0.0003 0.0004 0.0007 0.0010 0.0016 0.0025 0.0039 0.0060 0.0094 0.0147 0.0229 0.0358 0.0559 0.0872 0.1360 0.2123 0.3312 0.5169 0.8066 1.0000 1.0000 1.0000 1.0000 1.0000 1.0000 1.0000 1.0000 1.0000 0.0000 0.0000 0.0001 0.0001 0.0001 0.0002 0.0003 0.0005 0.0007 0.0011 0.0015 0.0017 0.0015 0.0011 0.0007 0.0005 0.0003 0.0002 0.0001 0.0001 0.0001 0.0000 0.0000 1.0000 1.0000 1.0000 1.0000 1.0000 1.0000 1.0000 1.0000 1.0000 0.8066 0.5169 0.3312 0.2123 0.1360 0.0872 0.0559 0.0358 0.0229 0.0147 0.0094 0.0060 0.0039 0.0025 0.0016 0.0010 0.0007 0.0004 0.0003 0.0002 0.0001 0.0001 0.0000 0.0000 1.0000 1.0000 1.0000 1.0000 1.0000 1.0000
1.0000 1.0000 1.0000 1.0000 1.0000 0.0000 0.0000 0.0001 0.0001 0.0002 0.0003 0.0004 0.0007 0.0010 0.0016 0.0025 0.0039 0.0061 0.0096 0.0149 0.0233 0.0363 0.0567 0.0885 0.1381 0.2155 0.3363 0.5248 0.8205 1.0000 1.0000 1.0000 1.0000 1.0000 1.0000 1.0000 1.0000 1.0000 0.0000 0.0000 0.0001 0.0001 0.0001 0.0002 0.0003 0.0005 0.0008 0.0012 0.0017 0.0024 0.0028 0.0024 0.0017 0.0012 0.0008 0.0005 0.0003 0.0002 0.0001 0.0001 0.0001 0.0000 0.0000 1.0000 1.0000 1.0000 1.0000 1.0000 1.0000 1.0000 1.0000 1.0000 0.8205 0.5248 0.3363 0.2155 0.1381 0.0885 0.0567 0.0363 0.0233 0.0149 0.0096 0.0061 0.0039 0.0025 0.0016 0.0010 0.0007 0.0004 0.0003 0.0002 0.0001 0.0001 0.0000 0.0000 1.0000 1.0000 1.0000 1.0000 1.0000
1.0000 1.0000 1.0000 1.0000 0.0000 0.0000 0.0001 0.0001 0.0002 0.0003 0.0004 0.0007 0.0010 0.0016 0.0026 0.0040 0.0062 0.0097 0.0152 0.0237 0.0370 0.0577 0.0900 0.1405 0.2192 0.3421 0.5339 0.8331 1.0000 1.0000 1.0000 1.0000 1.0000 1.0000 1.0000 1.0000 1.0000 0.0000 0.0000 0.0001 0.0001 0.0001 0.0002 0.0003 0.0005 0.0008 0.0012 0.0018 0.0028 0.0038 0.0044 0.0038 0.0028 0.0018 0.0012 0.0008 0.0005 0.0003 0.0002 0.0001 0.0001 0.0001 0.0000 0.0000 1.0000 1.0000 1.0000 1.0000 1.0000 1.0000 1.0000 1.0000 1.0000 0.8331 0.5339 0.3421 0.2192 0.1405 0.0900 0.0577 0.0370 0.0237 0.0152 0.0097 0.0062 0.0040 0.0026 0.0016 0.0010 0.0007 0.0004 0.0003 0.0002 0.0001 0.0001 0.0000 0.0000 1.0000 1.0000 1.0000 1.0000
1.0000 1.0000 1.0000 0.0000 0.0000 0.0001 0.0001 0.0002 0.0003 0.0004 0.0007 0.0011 0.0017 0.0026 0.0041 0.0063 0.0099 0.0154 0.0241 0.0376 0.0587 0.0916 0.1429 0.2230 0.3480 0.5431 0.8475 1.0000 1.0000 1.0000 1.0000 1.0000 1.0000 1.0000 1.0000 1.0000 0.0000 0.0000 0.0001 0.0001 0.0001 0.0002 0.0003 0.0005 0.0008 0.0012 0.0019 0.0029 0.0044 0.0061 0.0070 0.0061 0.0044 0.0029 0.0019 0.0012 0.0008 0.0005 0.0003 0.0002 0.0001 0.0001 0.0001 0.0000 0.0000 1.0000 1.0000 1.0000 1.0000 1.0000 1.0000 1.0000 1.0000 1.0000 0.8475 0.5431 0.3480 0.2230 0.1429 0.0916 0.0587 0.0376 0.0241 0.0154 0.0099 0.0063 0.0041 0.0026 0.0017 0.0011 0.0007 0.0004 0.0003 0.0002 0.0001 0.0001 0.0000 0.0000 1.0000 1.0000 1.0000
1.0000 1.0000 0.0000 0.0000 0.0001 0.0001 0.0002 0.0003 0.0004 0.0007 0.0011 0.0017 0.0026 0.0041 0.0064 0.0100 0.0157 0.0245 0.0383 0.0597 0.0932 0.1454 0.2269 0.3540 0.5525 0.8621 1.0000 1.0000 1.0000 1.0000 1.0000 1.0000 1.0000 1.0000 1.0000 0.0000 0.0000 0.0001 0.0001 0.0001 0.0002 0.0003 0.0005 0.0008 0.0012 0.0019 0.0030 0.0046 0.0069 0.0097 0.0111 0.0097 0.0069 0.0046 0.0030 0.0019 0.0012 0.0008 0.0005 0.0003 0.0002 0.0001 0.0001 0.0001 0.0000 0.0000 1.0000 1.0000 1.0000 1.0000 1.0000 1.0000 1.0000 1.0000 1.0000 0.8621 0.5525 0.3540 0.2269 0.1454 0.0932 0.0597 0.0383 0.0245 0.0157 0.0100 0.0064 0.0041 0.0026 0.0017 0.0011 0.0007 0.0004 0.0003 0.0002 0.0001 0.0001 0.0000 0.0000 1.0000 1.0000
1.0000 0.0000 0.0000 0.0001 0.0001 0.0002 0.0003 0.0004 0.0007 0.0011 0.0017 0.0026 0.0041 0.0065 0.0102 0.0159 0.0248 0.0388 0.0606 0.0946 0.1476 0.2303 0.3595 0.5609 0.8754 1.0000 1.0000 1.0000 1.0000 1.0000 1.0000 1.0000 1.0000 1.0000 0.0000 0.0000 0.0001 0.0001 0.0001 0.0002 0.0003 0.0005 0.0008 0.0013 0.0020 0.0031 0.0048 0.0074 0.0110 0.0154 0.0177 0.0154 0.0110 0.0074 0.0048 0.0031 0.0020 0.0013 0.0008 0.0005 0.0003 0.0002 0.0001 0.0001 0.0001 0.0000 0.0000 1.0000 1.0000 1.0000 1.0000 1.0000 1.0000 1.0000 1.0000 1.0000 0.8754 0.5609 0.3595 0.2303 0.1476 0.0946 0.0606 0.0388 0.0248 0.0159 0.0102 0.0065 0.0041 0.0026 0.0017 0.0011 0.0007 0.0004 0.0003 0.0002 0.0001 0.0001 0.0000 0.0000 1.0000
0.0000 0.0000 0.0001 0.0001 0.0002 0.0003 0.0004 0.0007 0.0011 0.0017 0.0027 0.0042 0.0065 0.0103 0.0161 0.0251 0.0393 0.0614 0.0960 0.1499 0.2343 0.3657 0.5706 0.8905 1.0000 1.0000 1.0000 1.0000 1.0000 1.0000 1.0000 1.0000 1.0000 0.0000 0.0000 0.0001 0.0001 0.0001 0.0002 0.0003 0.0005 0.0008 0.0013 0.0020 0.0031 0.0049 0.0076 0.0117 0.0175 0.0244 0.0281 0.0244 0.0175 0.0117 0.0076 0.0049 0.0031 0.0020 0.0013 0.0008 0.0005 0.0003 0.0002 0.0001 0.0001 0.0001 0.0000 0.0000 1.0000 1.0000 1.0000 1.0000 1.0000 1.0000 1.0000 1.0000 1.0000 0.8905 0.5706 0.3657 0.2343 0.1499 0.0960 0.0614 0.0393 0.0251 0.0161 0.0103 0.0065 0.0042 0.0027 0.0017 0.0011 0.0007 0.0004 0.0003 0.0002 0.0001 0.0001 0.0000 0.0000
0.0000 0.0001 0.0001 0.0002 0.0003 0.0004 0.0007 0.0011 0.0017 0.0027 0.0042 0.0066 0.0103 0.0162 0.0254 0.0397 0.0622 0.0973 0.1522 0.2375 0.3713 0.5794 0.9058 1.0000 1.0000 1.0000 1.0000 1.0000 1.0000 1.0000 1.0000 1.0000 0.0000 0.0000 0.0001 0.0001 0.0001 0.0002 0.0003 0.0005 0.0008 0.0013 0.0020 0.0032 0.0050 0.0077 0.0120 0.0185 0.0278 0.0387 0.0446 0.0387 0.0278 0.0185 0.0120 0.0077 0.0050 0.0032 0.0020 0.0013 0.0008 0.0005 0.0003 0.0002 0.0001 0.0001 0.0001 0.0000 0.0000 1.0000 1.0000 1.0000 1.0000 1.0000 1.0000 1.0000 1.0000 1.0000 0.9058 0.5794 0.3713 0.2375 0.1522 0.0973 0.0622 0.0397 0.0254 0.0162 0.0103 0.0066 0.0042 0.0027 0.0017 0.0011 0.0007 0.0004 0.0003 0.0002 0.0001 0.0001 0.0000
0.0001 0.0001 0.0002 0.0003 0.0004 0.0007 0.0011 0.0017 0.0026 0.0042 0.0066 0.0104 0.0163 0.0256 0.0400 0.0628 0.0983 0.1539 0.2406 0.3762 0.5882 0.9197 1.0000 1.0000 1.0000 1.0000 1.0000 1.0000 1.0000 1.0000 1.0000 0.0000 0.0000 0.0001 0.0001 0.0001 0.0002 0.0003 0.0005 0.0008 0.0013 0.0021 0.0032 0.0050 0.0079 0.0123 0.0191 0.0294 0.0442 0.0615 0.0708 0.0615 0.0442 0.0294 0.0191 0.0123 0.0079 0.0050 0.0032 0.0021 0.0013 0.0008 0.0005 0.0003 0.0002 0.0001 0.0001 0.0001 0.0000 0.0000 1.0000 1.0000 1.0000 1.0000 1.0000 1.0000 1.0000 1.0000 1.0000 0.9197 0.5882 0.3762 0.2406 0.1539 0.0983 0.0628 0.0400 0.0256 0.0163 0.0104 0.0066 0.0042 0.0026 0.0017 0.0011 0.0007 0.0004 0.0003 0.0002 0.0001 0.0001
0.0001 0.0002 0.0003 0.0004 0.0007 0.0010 0.0017 0.0026 0.0041 0.0065 0.0103 0.0163 0.0256 0.0402 0.0632 0.0990 0.1554 0.2434 0.3806 0.5961 0.9321 1.0000 1.0000 1.0000 1.0000 1.0000 1.0000 1.0000 1.0000 1.0000 0.0000 0.0000 0.0001 0.0001 0.0001 0.0002 0.0004 0.0006 0.0009 0.0013 0.0021 0.0033 0.0051 0.0080 0.0125 0.0194 0.0303 0.0467 0.0702 0.0977 0.1125 0.0977 0.0702 0.0467 0.0303 0.0194 0.0125 0.0080 0.0051 0.0033 0.0021 0.0013 0.0009 0.0006 0.0004 0.0002 0.0001 0.0001 0.0001 0.0000 0.0000 1.0000 1.0000 1.0000 1.0000 1.0000 1.0000 1.0000 1.0000 1.0000 0.9321 0.5961 0.3806 0.2434 0.1554 0.0990 0.0632 0.0402 0.0256 0.0163 0.0103 0.0065 0.0041 0.0026 0.0017 0.0010 0.0007 0.0004 0.0003 0.0002 0.0001
0.0002 0.0003 0.0004 0.0007 0.0010 0.0016 0.0026 0.0041 0.0065 0.0103 0.0162 0.0256 0.0402 0.0633 0.0994 0.1563 0.2453 0.3842 0.6018 0.9427 1.0000 1.0000 1.0000 1.0000 1.0000 1.0000 1.0000 1.0000 1.0000 0.0000 0.0000 0.0001 0.0001 0.0001 0.0002 0.0004 0.0006 0.0009 0.0014 0.0021 0.0033 0.0052 0.0081 0.0127 0.0198 0.0309 0.0480 0.0741 0.1114 0.1551 0.1785 0.1551 0.1114 0.0741 0.0480 0.0309 0.0198 0.0127 0.0081 0.0052 0.0033 0.0021 0.0014 0.0009 0.0006 0.0004 0.0002 0.0001 0.0001 0.0001 0.0000 0.0000 1.0000 1.0000 1.0000 1.0000 1.0000 1.0000 1.0000 1.0000 1.0000 0.9427 0.6018 0.3842 0.2453 0.1563 0.0994 0.0633 0.0402 0.0256 0.0162 0.0103 0.0065 0.0041 0.0026 0.0016 0.0010 0.0007 0.0004 0.0003 0.0002
0.0003 0.0004 0.0006 0.0010 0.0016 0.0026 0.0041 0.0064 0.0102 0.0161 0.0254 0.0400 0.0632 0.0994 0.1566 0.2457 0.3864 0.6064 0.9499 1.0000 1.0000 1.0000 1.0000 1.0000 1.0000 1.0000 1.0000 1.0000 0.0000 0.0000 0.0001 0.0001 0.0002 0.0002 0.0004 0.0006 0.0009 0.0014 0.0022 0.0034 0.0053 0.0083 0.0129 0.0201 0.0314 0.0490 0.0762 0.1175 0.1768 0.2457 0.2834 0.2457 0.1768 0.1175 0.0762 0.0490 0.0314 0.0201 0.0129 0.0083 0.0053 0.0034 0.0022 0.0014 0.0009 0.0006 0.0004 0.0002 0.0002 0.0001 0.0001 0.0000 0.0000 1.0000 1.0000 1.0000 1.0000 1.0000 1.0000 1.0000 1.0000 1.0000 0.9499 0.6064 0.3864 0.2457 0.1566 0.0994 0.0632 0.0400 0.0254 0.0161 0.0102 0.0064 0.0041 0.0026 0.0016 0.0010 0.0006 0.0004 0.0003
0.0004 0.0006 0.0010 0.0016 0.0025 0.0040 0.0063 0.0100 0.0159 0.0251 0.0397 0.0628 0.0990 0.1563 0.2457 0.3871 0.6076 0.9554 1.0000 1.0000 1.0000 1.0000 1.0000 1.0000 1.0000 1.0000 1.0000 0.0000 0.0000 0.0001 0.0001 0.0002 0.0002 0.0004 0.0006 0.0009 0.0014 0.0022 0.0035 0.0054 0.0084 0.0131 0.0205 0.0319 0.0498 0.0778 0.1209 0.1865 0.2807 0.3901 0.4499 0.3901 0.2807 0.1865 0.1209 0.0778 0.0498 0.0319 0.0205 0.0131 0.0084 0.0054 0.0035 0.0022 0.0014 0.0009 0.0006 0.0004 0.0002 0.0002 0.0001 0.0001 0.0000 0.0000 1.0000 1.0000 1.0000 1.0000 1.0000 1.0000 1.0000 1.0000 1.0000 0.9554 0.6076 0.3871 0.2457 0.1563 0.0990 0.0628 0.0397 0.0251 0.0159 0.0100 0.0063 0.0040 0.0025 0.0016 0.0010 0.0006 0.0004
0.0006 0.0010 0.0016 0.0025 0.0039 0.0062 0.0099 0.0157 0.0248 0.0393 0.0622 0.0983 0.1554 0.2453 0.3864 0.6076 0.9572 1.0000 1.0000 1.0000 1.0000 1.0000 1.0000 1.0000 1.0000 1.0000 0.0000 0.0000 0.0001 0.0001 0.0002 0.0002 0.0004 0.0006 0.0009 0.0014 0.0022 0.0035 0.0055 0.0085 0.0133 0.0208 0.0325 0.0507 0.0791 0.1232 0.1919 0.2961 0.4448 0.6192 0.7142 0.6192 0.4448 0.2961 0.1919 0.1232 0.0791 0.0507 0.0325 0.0208 0.0133 0.0085 0.0055 0.0035 0.0022 0.0014 0.0009 0.0006 0.0004 0.0002 0.0002 0.0001 0.0001 0.0000 0.0000 1.0000 1.0000 1.0000 1.0000 1.0000 1.0000 1.0000 1.0000 1.0000 0.9572 0.6076 0.3864 0.2453 0.1554 0.0983 0.0622 0.0393 0.0248 0.0157 0.0099 0.0062 0.0039 0.0025 0.0016 0.0010 0.0006
0.0010 0.0015 0.0024 0.0039 0.0061 0.0097 0.0154 0.0245 0.0388 0.0614 0.0973 0.1539 0.2434 0.3842 0.6064 0.9554 1.0000 1.0000 1.0000 1.0000 1.0000 1.0000 1.0000 1.0000 1.0000 0.0000 0.0000 0.0001 0.0001 0.0002 0.0002 0.0004 0.0006 0.0009 0.0015 0.0023 0.0036 0.0056 0.0087 0.0136 0.0212 0.0330 0.0516 0.0805 0.1256 0.1956 0.3046 0.4700 0.7061 0.9830 1.0000 0.9830 0.7061 0.4700 0.3046 0.1956 0.1256 0.0805 0.0516 0.0330 0.0212 0.0136 0.0087 0.0056 0.0036 0.0023 0.0015 0.0009 0.0006 0.0004 0.0002 0.0002 0.0001 0.0001 0.0000 0.0000 1.0000 1.0000 1.0000 1.0000 1.0000 1.0000 1.0000 1.0000 1.0000 0.9554 0.6064 0.3842 0.2434 0.1539 0.0973 0.0614 0.0388 0.0245 0.0154 0.0097 0.0061 0.0039 0.0024 0.0015 0.0010
0.0015 0.0024 0.0038 0.0060 0.0096 0.0152 0.0241 0.0383 0.0606 0.0960 0.1522 0.2406 0.3806 0.6018 0.9499 1.0000 1.0000 1.0000 1.0000 1.0000 1.0000 1.0000 1.0000 1.0000 0.0000 0.0000 0.0001 0.0001 0.0002 0.0003 0.0004 0.0006 0.0010 0.0015 0.0023 0.0036 0.0057 0.0088 0.0138 0.0215 0.0335 0.0524 0.0817 0.1275 0.1990 0.3105 0.4827 0.7461 1.0000 1.0000 1.0000 1.0000 1.0000 0.7461 0.4827 0.3105 0.1990 0.1275 0.0817 0.0524 0.0335 0.0215 0.0138 0.0088 0.0057 0.0036 0.0023 0.0015 0.0010 0.0006 0.0004 0.0003 0.0002 0.0001 0.0001 0.0000 0.0000 1.0000 1.0000 1.0000 1.0000 1.0000 1.0000 1.0000 1.0000 1.0000 0.9499 0.6018 0.3806 0.2406 0.1522 0.0960 0.0606 0.0383 0.0241 0.0152 0.0096 0.0060 0.0038 0.0024 0.0015
0.0024 0.0037 0.0059 0.0094 0.0149 0.0237 0.0376 0.0597 0.0946 0.1499 0.2375 0.3762 0.5961 0.9427 1.0000 1.0000 1.0000 1.0000 1.0000 1.0000 1.0000 1.0000 1.0000 0.0000 0.0000 0.0001 0.0001 0.0002 0.0003 0.0004 0.0006 0.0010 0.0015 0.0024 0.0037 0.0058 0.0090 0.0140 0.0219 0.0341 0.0533 0.0831 0.1297 0.2024 0.3158 0.4929 0.7662 1.0000 1.0000 1.0000 1.0000 1.0000 1.0000 1.0000 0.7662 0.4929 0.3158 0.2024 0.1297 0.0831 0.0533 0.0341 0.0219 0.0140 0.0090 0.0058 0.0037 0.0024 0.0015 0.0010 0.0006 0.0004 0.0003 0.0002 0.0001 0.0001 0.0000 0.0000 1.0000 1.0000 1.0000 1.0000 1.0000 1.0000 1.0000 1.0000 1.0000 0.9427 0.5961 0.3762 0.2375 0.1499 0.0946 0.0597 0.0376 0.0237 0.0149 0.0094 0.0059 0.0037 0.0024
0.0037 0.0058 0.0093 0.0147 0.0233 0.0370 0.0587 0.0932 0.1476 0.2343 0.3713 0.5882 0.9321 1.0000 1.0000 1.0000 1.0000 1.0000 1.0000 1.0000 1.0000 1.0000 0.0000 0.0000 0.0001 0.0001 0.0002 0.0003 0.0004 0.0006 0.0010 0.0015 0.0024 0.0037 0.0058 0.0091 0.0143 0.0222 0.0347 0.0542 0.0845 0.1319 0.2059 0.3213 0.5014 0.7824 1.0000 1.0000 1.0000 1.0000 1.0000 1.0000 1.0000 1.0000 1.0000 0.7824 0.5014 0.3213 0.2059 0.1319 0.0845 0.0542 0.0347 0.0222 0.0143 0.0091 0.0058 0.0037 0.0024 0.0015 0.0010 0.0006 0.0004 0.0003 0.0002 0.0001 0.0001 0.0000 0.0000 1.0000 1.0000 1.0000 1.0000 1.0000 1.0000 1.0000 1.0000 1.0000 0.9321 0.5882 0.3713 0.2343 0.1476 0.0932 0.0587 0.0370 0.0233 0.0147 0.0093 0.0058 0.0037
0.0058 0.0091 0.0144 0.0229 0.0363 0.0577 0.0916 0.1454 0.2303 0.3657 0.5794 0.9197 1.0000 1.0000 1.0000 1.0000 1.0000 1.0000 1.0000 1.0000 1.0000 0.0000 0.0000 0.0001 0.0001 0.0002 0.0003 0.0004 0.0006 0.0010 0.0016 0.0024 0.0038 0.0059 0.0093 0.0145 0.0226 0.0353 0.0551 0.0860 0.1342 0.2094 0.3268 0.5101 0.7960 1.0000 1.0000 1.0000 1.0000 1.0000 1.0000 1.0000 1.0000 1.0000 1.0000 1.0000 0.7960 0.5101 0.3268 0.2094 0.1342 0.0860 0.0551 0.0353 0.0226 0.0145 0.0093 0.0059 0.0038 0.0024 0.0016 0.0010 0.0006 0.0004 0.0003 0.0002 0.0001 0.0001 0.0000 0.0000 1.0000 1.0000 1.0000 1.0000 1.0000 1.0000 1.0000 1.0000 1.0000 0.9197 0.5794 0.3657 0.2303 0.1454 0.0916 0.0577 0.0363 0.0229 0.0144 0.0091 0.0058
0.0091 0.0142 0.0225 0.0358 0.0567 0.0900 0.1429 0.2269 0.3595 0.5706 0.9058 1.0000 1.0000 1.0000 1.0000 1.0000 1.0000 1.0000 1.0000 1.0000 0.0000 0.0000 0.0001 0.0001 0.0002 0.0003 0.0004 0.0006 0.0010 0.0016 0.0025 0.0038 0.0060 0.0094 0.0147 0.0229 0.0359 0.0560 0.0873 0.1363 0.2127 0.3319 0.5179 0.8082 1.0000 1.0000 1.0000 1.0000 1.0000 1.0000 1.0000 1.0000 1.0000 1.0000 1.0000 1.0000 1.0000 0.8082 0.5179 0.3319 0.2127 0.1363 0.0873 0.0560 0.0359 0.0229 0.0147 0.0094 0.0060 0.0038 0.0025 0.0016 0.0010 0.0006 0.0004 0.0003 0.0002 0.0001 0.0001 0.0000 0.0000 1.0000 1.0000 1.0000 1.0000 1.0000 1.0000 1.0000 1.0000 1.0000 0.9058 0.5706 0.3595 0.2269 0.1429 0.0900 0.0567 0.0358 0.0225 0.0142 0.0091
0.0141 0.0222 0.0352 0.0559 0.0885 0.1405 0.2230 0.3540 0.5609 0.8905 1.0000 1.0000 1.0000 1.0000 1.0000 1.0000 1.0000 1.0000 1.0000 0.0000 0.0000 0.0001 0.0001 0.0002 0.0003 0.0004 0.0006 0.0010 0.0016 0.0025 0.0039 0.0061 0.0095 0.0149 0.0232 0.0363 0.0568 0.0887 0.1386 0.2163 0.3376 0.5268 0.8221 1.0000 1.0000 1.0000 1.0000 1.0000 1.0000 1.0000 1.0000 1.0000 1.0000 1.0000 1.0000 1.0000 1.0000 1.0000 0.8221 0.5268 0.3376 0.2163 0.1386 0.0887 0.0568 0.0363 0.0232 0.0149 0.0095 0.0061 0.0039 0.0025 0.0016 0.0010 0.0006 0.0004 0.0003 0.0002 0.0001 0.0001 0.0000 0.0000 1.0000 1.0000 1.0000 1.0000 1.0000 1.0000 1.0000 1.0000 1.0000 0.8905 0.5609 0.3540 0.2230 0.1405 0.0885 0.0559 0.0352 0.0222 0.0141
0.0221 0.0346 0.0549 0.0872 0.1381 0.2192 0.3480 0.5525 0.8754 1.0000 1.0000 1.0000 1.0000 1.0000 1.0000 1.0000 1.0000 1.0000 0.0000 0.0000 0.0001 0.0001 0.0002 0.0003 0.0004 0.0006 0.0010 0.0016 0.0025 0.0039 0.0061 0.0096 0.0150 0.0236 0.0368 0.0576 0.0899 0.1405 0.2196 0.3434 0.5359 0.8363 1.0000 1.0000 1.0000 1.0000 1.0000 1.0000 1.0000 1.0000 1.0000 1.0000 1.0000 1.0000 1.0000 1.0000 1.0000 1.0000 1.0000 0.8363 0.5359 0.3434 0.2196 0.1405 0.0899 0.0576 0.0368 0.0236 0.0150 0.0096 0.0061 0.0039 0.0025 0.0016 0.0010 0.0006 0.0004 0.0003 0.0002 0.0001 0.0001 0.0000 0.0000 1.0000 1.0000 1.0000 1.0000 1.0000 1.0000 1.0000 1.0000 1.0000 0.8754 0.5525 0.3480 0.2192 0.1381 0.0872 0.0549 0.0346 0.0221
0.0345 0.0540 0.0857 0.1360 0.2155 0.3421 0.5431 0.8621 1.0000 1.0000 1.0000 1.0000 1.0000 1.0000 1.0000 1.0000 1.0000 0.0000 0.0000 0.0001 0.0001 0.0002 0.0003 0.0004 0.0006 0.0010 0.0016 0.0025 0.0039 0.0062 0.0097 0.0152 0.0238 0.0372 0.0582 0.0911 0.1424 0.2226 0.3480 0.5441 0.8491 1.0000 1.0000 1.0000 1.0000 1.0000 1.0000 1.0000 1.0000 1.0000 1.0000 1.0000 1.0000 1.0000 1.0000 1.0000 1.0000 1.0000 1.0000 1.0000 0.8491 0.5441 0.3480 0.2226 0.1424 0.0911 0.0582 0.0372 0.0238 0.0152 0.0097 0.0062 0.0039 0.0025 0.0016 0.0010 0.0006 0.0004 0.0003 0.0002 0.0001 0.0001 0.0000 0.0000 1.0000 1.0000 1.0000 1.0000 1.0000 1.0000 1.0000 1.0000 1.0000 0.8621 0.5431 0.3421 0.2155 0.1360 0.0857 0.0540 0.0345
0.0538 0.0842 0.1337 0.2123 0.3363 0.5339 0.8475 1.0000 1.0000 1.0000 1.0000 1.0000 1.0000 1.0000 1.0000 1.0000 0.0000 0.0000 0.0001 0.0001 0.0002 0.0003 0.0004 0.0006 0.0010 0.0016 0.0025 0.0039 0.0062 0.0097 0.0153 0.0240 0.0375 0.0588 0.0921 0.1443 0.2256 0.3527 0.5514 0.8621 1.0000 1.0000 1.0000 1.0000 1.0000 1.0000 1.0000 1.0000 1.0000 1.0000 0.0000 1.0000 1.0000 1.0000 1.0000 1.0000 1.0000 1.0000 1.0000 1.0000 1.0000 0.8621 0.5514 0.3527 0.2256 0.1443 0.0921 0.0588 0.0375 0.0240 0.0153 0.0097 0.0062 0.0039 0.0025 0.0016 0.0010 0.0006 0.0004 0.0003 0.0002 0.0001 0.0001 0.0000 0.0000 1.0000 1.0000 1.0000 1.0000 1.0000 1.0000 1.0000 1.0000 1.0000 0.8475 0.5339 0.3363 0.2123 0.1337 0.0842 0.0538
0.0839 0.1314 0.2087 0.3312 0.5248 0.8331 1.0000 1.0000 1.0000 1.0000 1.0000 1.0000 1.0000 1.0000 1.0000 0.0000 0.0000 0.0001 0.0001 0.0002 0.0003 0.0004 0.0006 0.0010 0.0016 0.0025 0.0039 0.0062 0.0098 0.0153 0.0241 0.0378 0.0592 0.0930 0.1457 0.2282 0.3567 0.5588 0.8737 1.0000 1.0000 1.0000 1.0000 1.0000 1.0000 1.0000 1.0000 1.0000 0.0000 0.0000 0.0000 0.0000 0.0000 1.0000 1.0000 1.0000 1.0000 1.0000 1.0000 1.0000 1.0000 1.0000 0.8737 0.5588 0.3567 0.2282 0.1457 0.0930 0.0592 0.0378 0.0241 0.0153 0.0098 0.0062 0.0039 0.0025 0.0016 0.0010 0.0006 0.0004 0.0003 0.0002 0.0001 0.0001 0.0000 0.0000 1.0000 1.0000 1.0000 1.0000 1.0000 1.0000 1.0000 1.0000 1.0000 0.8331 0.5248 0.3312 0.2087 0.1314 0.0839
0.1309 0.2051 0.3256 0.5169 0.8205 1.0000 1.0000 1.0000 1.0000 1.0000 1.0000 1.0000 1.0000 1.0000 0.0000 0.0000 0.0001 0.0001 0.0002 0.0003 0.0004 0.0006 0.0010 0.0016 0.0025 0.0039 0.0062 0.0098 0.0154 0.0241 0.0380 0.0596 0.0935 0.1468 0.2299 0.3601 0.5641 0.8837 1.0000 1.0000 1.0000 1.0000 1.0000 1.0000 1.0000 1.0000 1.0000 0.0000 0.0000 0.0000 0.0001 0.0000 0.0000 0.0000 1.0000 1.0000 1.0000 1.0000 1.0000 1.0000 1.0000 1.0000 1.0000 0.8837 0.5641 0.3601 0.2299 0.1468 0.0935 0.0596 0.0380 0.0241 0.0154 0.0098 0.0062 0.0039 0.0025 0.0016 0.0010 0.0006 0.0004 0.0003 0.0002 0.0001 0.0001 0.0000 0.0000 1.0000 1.0000 1.0000 1.0000 1.0000 1.0000 1.0000 1.0000 1.0000 0.8205 0.5169 0.3256 0.2051 0.1309
0.2043 0.3201 0.5081 0.8066 1.0000 1.0000 1.0000 1.0000 1.0000 1.0000 1.0000 1.0000 1.0000 0.0000 0.0000 0.0001 0.0001 0.0002 0.0003 0.0004 0.0006 0.0010 0.0016 0.0025 0.0039 0.0062 0.0097 0.0153 0.0241 0.0380 0.0597 0.0939 0.1476 0.2317 0.3629 0.5695 0.8922 1.0000 1.0000 1.0000 1.0000 1.0000 1.0000 1.0000 1.0000 1.0000 0.0000 0.0000 0.0001 0.0001 0.0001 0.0001 0.0001 0.0000 0.0000 1.0000 1.0000 1.0000 1.0000 1.0000 1.0000 1.0000 1.0000 1.0000 0.8922 0.5695 0.3629 0.2317 0.1476 0.0939 0.0597 0.0380 0.0241 0.0153 0.0097 0.0062 0.0039 0.0025 0.0016 0.0010 0.0006 0.0004 0.0003 0.0002 0.0001 0.0001 0.0000 0.0000 1.0000 1.0000 1.0000 1.0000 1.0000 1.0000 1.0000 1.0000 1.0000 0.8066 0.5081 0.3201 0.2043
0.3189 0.4995 0.7929 1.0000 1.0000 1.0000 1.0000 1.0000 1.0000 1.0000 1.0000 1.0000 0.0000 0.0000 0.0001 0.0001 0.0002 0.0002 0.0004 0.0006 0.0010 0.0016 0.0025 0.0039 0.0061 0.0097 0.0153 0.0241 0.0380 0.0597 0.0940 0.1479 0.2325 0.3650 0.5728 0.8990 1.0000 1.0000 1.0000 1.0000 1.0000 1.0000 1.0000 1.0000 1.0000 0.0000 0.0000 0.0001 0.0001 0.0001 0.0001 0.0001 0.0001 0.0001 0.0000 0.0000 1.0000 1.0000 1.0000 1.0000 1.0000 1.0000 1.0000 1.0000 1.0000 0.8990 0.5728 0.3650 0.2325 0.1479 0.0940 0.0597 0.0380 0.0241 0.0153 0.0097 0.0061 0.0039 0.0025 0.0016 0.0010 0.0006 0.0004 0.0002 0.0002 0.0001 0.0001 0.0000 0.0000 1.0000 1.0000 1.0000 1.0000 1.0000 1.0000 1.0000 1.0000 1.0000 0.7929 0.4995 0.3189
0.4976 0.7795 1.0000 1.0000 1.0000 1.0000 1.0000 1.0000 1.0000 1.0000 1.0000 0.0000 0.0000 0.0001 0.0001 0.0002 0.0002 0.0004 0.0006 0.0010 0.0015 0.0024 0.0038 0.0061 0.0096 0.0152 0.0240 0.0378 0.0596 0.0939 0.1479 0.2325 0.3657 0.5750 0.9041 1.0000 1.0000 1.0000 1.0000 1.0000 1.0000 1.0000 1.0000 1.0000 0.0000 0.0000 0.0001 0.0001 0.0001 0.0002 0.0002 0.0002 0.0001 0.0001 0.0001 0.0000 0.0000 1.0000 1.0000 1.0000 1.0000 1.0000 1.0000 1.0000 1.0000 1.0000 0.9041 0.5750 0.3657 0.2325 0.1479 0.0939 0.0596 0.0378 0.0240 0.0152 0.0096 0.0061 0.0038 0.0024 0.0015 0.0010 0.0006 0.0004 0.0002 0.0002 0.0001 0.0001 0.0000 0.0000 1.0000 1.0000 1.0000 1.0000 1.0000 1.0000 1.0000 1.0000 1.0000 0.7795 0.4976
0.7765 1.0000 1.0000 1.0000 1.0000 1.0000 1.0000 1.0000 1.0000 1.0000 0.0000 0.0000 0.0001 0.0001 0.0002 0.0002 0.0004 0.0006 0.0010 0.0015 0.0024 0.0038 0.0060 0.0095 0.0150 0.0238 0.0375 0.0592 0.0935 0.1476 0.2325 0.3657 0.5761 0.9058 1.0000 1.0000 1.0000 1.0000 1.0000 1.0000 1.0000 1.0000 1.0000 0.0000 0.0000 0.0001 0.0001 0.0001 0.0002 0.0003 0.0004 0.0003 0.0002 0.0001 0.0001 0.0001 0.0000 0.0000 1.0000 1.0000 1.0000 1.0000 1.0000 1.0000 1.0000 1.0000 1.0000 0.9058 0.5761 0.3657 0.2325 0.1476 0.0935 0.0592 0.0375 0.0238 0.0150 0.0095 0.0060 0.0038 0.0024 0.0015 0.0010 0.0006 0.0004 0.0002 0.0002 0.0001 0.0001 0.0000 0.0000 1.0000 1.0000 1.0000 1.0000 1.0000 1.0000 1.0000 1.0000 1.0000 0.7765
1.0000 1.0000 1.0000 1.0000 1.0000 1.0000 1.0000 1.0000 1.0000 0.0000 0.0000 0.0001 0.0001 0.0001 0.0002 0.0004 0.0006 0.0009 0.0015 0.0024 0.0037 0.0059 0.0094 0.0149 0.0236 0.0372 0.0588 0.0930 0.1468 0.2317 0.3650 0.5750 0.9058 1.0000 1.0000 1.0000 1.0000 1.0000 1.0000 1.0000 1.0000 1.0000 0.0000 0.0000 0.0001 0.0001 0.0001 0.0002 0.0003 0.0005 0.0006 0.0005 0.0003 0.0002 0.0001 0.0001 0.0001 0.0000 0.0000 1.0000 1.0000 1.0000 1.0000 1.0000 1.0000 1.0000 1.0000 1.0000 0.9058 0.5750 0.3650 0.2317 0.1468 0.0930 0.0588 0.0372 0.0236 0.0149 0.0094 0.0059 0.0037 0.0024 0.0015 0.0009 0.0006 0.0004 0.0002 0.0001 0.0001 0.0001 0.0000 0.0000 1.0000 1.0000 1.0000 1.0000 1.0000 1.0000 1.0000 1.0000 1.0000
1.0000 1.0000 1.0000 1.0000 1.0000 1.0000 1.0000 1.0000 0.0000 0.0000 0.0001 0.0001 0.0001 0.0002 0.0004 0.0006 0.0009 0.0015 0.0023 0.0037 0.0058 0.0093 0.0147 0.0232 0.0368 0.0582 0.0921 0.1457 0.2299 0.3629 0.5728 0.9041 1.0000 1.0000 1.0000 1.0000 1.0000 1.0000 1.0000 1.0000 1.0000 0.0000 0.0000 0.0001 0.0001 0.0002 0.0002 0.0004 0.0006 0.0008 0.0009 0.0008 0.0006 0.0004 0.0002 0.0002 0.0001 0.0001 0.0000 0.0000 1.0000 1.0000 1.0000 1.0000 1.0000 1.0000 1.0000 1.0000 1.0000 0.9041 0.5728 0.3629 0.2299 0.1457 0.0921 0.0582 0.0368 0.0232 0.0147 0.0093 0.0058 0.0037 0.0023 0.0015 0.0009 0.0006 0.0004 0.0002 0.0001 0.0001 0.0001 0.0000 0.0000 1.0000 1.0000 1.0000 1.0000 1.0000 1.0000 1.0000 1.0000
1.0000 1.0000 1.0000 1.0000 1.0000 1.0000 1.0000 0.0000 0.0000 0.0001 0.0001 0.0001 0.0002 0.0004 0.0006 0.0009 0.0014 0.0023 0.0036 0.0058 0.0091 0.0145 0.0229 0.0363 0.0576 0.0911 0.1443 0.2282 0.3601 0.5695 0.8990 1.0000 1.0000 1.0000 1.0000 1.0000 1.0000 1.0000 1.0000 1.0000 0.0000 0.0000 0.0001 0.0001 0.0002 0.0002 0.0004 0.0006 0.0009 0.0012 0.0014 0.0012 0.0009 0.0006 0.0004 0.0002 0.0002 0.0001 0.0001 0.0000 0.0000 1.0000 1.0000 1.0000 1.0000 1.0000 1.0000 1.0000 1.0000 1.0000 0.8990 0.5695 0.3601 0.2282 0.1443 0.0911 0.0576 0.0363 0.0229 0.0145 0.0091 0.0058 0.0036 0.0023 0.0014 0.0009 0.0006 0.0004 0.0002 0.0001 0.0001 0.0001 0.0000 0.0000 1.0000 1.0000 1.0000 1.0000 1.0000 1.0000 1.0000
1.0000 1.0000 1.0000 1.0000 1.0000 1.0000 0.0000 0.0000 0.0001 0.0001 0.0001 0.0002 0.0004 0.0006 0.0009 0.0014 0.0022 0.0036 0.0057 0.0090 0.0143 0.0226 0.0359 0.0568 0.0899 0.1424 0.2256 0.3567 0.5641 0.8922 1.0000 1.0000 1.0000 1.0000 1.0000 1.0000 1.0000 1.0000 1.0000 0.0000 0.0000 0.0001 0.0001 0.0002 0.0002 0.0004 0.0006 0.0009 0.0014 0.0019 0.0022 0.0019 0.0014 0.0009 0.0006 0.0004 0.0002 0.0002 0.0001 0.0001 0.0000 0.0000 1.0000 1.0000 1.0000 1.0000 1.0000 1.0000 1.0000 1.0000 1.0000 0.8922 0.5641 0.3567 0.2256 0.1424 0.0899 0.0568 0.0359 0.0226 0.0143 0.0090 0.0057 0.0036 0.0022 0.0014 0.0009 0.0006 0.0004 0.0002 0.0001 0.0001 0.0001 0.0000 0.0000 1.0000 1.0000 1.0000 1.0000 1.0000 1.0000
1.0000 1.0000 1.0000 1.0000 1.0000 0.0000 0.0000 0.0001 0.0001 0.0001 0.0002 0.0003 0.0006 0.0009 0.0014 0.0022 0.0035 0.0056 0.0088 0.0140 0.0222 0.0353 0.0560 0.0887 0.1405 0.2226 0.3527 0.5588 0.8837 1.0000 1.0000 1.0000 1.0000 1.0000 1.0000 1.0000 1.0000 1.0000 0.0000 0.0000 0.0001 0.0001 0.0002 0.0002 0.0004 0.0006 0.0009 0.0015 0.0022 0.0031 0.0035 0.0031 0.0022 0.0015 0.0009 0.0006 0.0004 0.0002 0.0002 0.0001 0.0001 0.0000 0.0000 1.0000 1.0000 1.0000 1.0000 1.0000 1.0000 1.0000 1.0000 1.0000 0.8837 0.5588 0.3527 0.2226 0.1405 0.0887 0.0560 0.0353 0.0222 0.0140 0.0088 0.0056 0.0035 0.0022 0.0014 0.0009 0.0006 0.0003 0.0002 0.0001 0.0001 0.0001 0.0000 0.0000 1.0000 1.0000 1.0000 1.0000 1.0000
1.0000 1.0000 1.0000 1.0000 0.0000 0.0000 0.0001 0.0001 0.0001 0.0002 0.0003 0.0005 0.0009 0.0014 0.0022 0.0035 0.0055 0.0087 0.0138 0.0219 0.0347 0.0551 0.0873 0.1386 0.2196 0.3480 0.5514 0.8737 1.0000 1.0000 1.0000 1.0000 1.0000 1.0000 1.0000 1.0000 1.0000 0.0000 0.0000 0.0001 0.0001 0.0002 0.0002 0.0004 0.0006 0.0010 0.0015 0.0023 0.0035 0.0048 0.0056 0.0048 0.0035 0.0023 0.0015 0.0010 0.0006 0.0004 0.0002 0.0002 0.0001 0.0001 0.0000 0.0000 1.0000 1.0000 1.0000 1.0000 1.0000 1.0000 1.0000 1.0000 1.0000 0.8737 0.5514 0.3480 0.2196 0.1386 0.0873 0.0551 0.0347 0.0219 0.0138 0.0087 0.0055 0.0035 0.0022 0.0014 0.0009 0.0005 0.0003 0.0002 0.0001 0.0001 0.0001 0.0000 0.0000 1.0000 1.0000 1.0000 1.0000
1.0000 1.0000 1.0000 0.0000 0.0000 0.0001 0.0001 0.0001 0.0002 0.0003 0.0005 0.0008 0.0013 0.0021 0.0034 0.0054 0.0085 0.0136 0.0215 0.0341 0.0542 0.0860 0.1363 0.2163 0.3434 0.5441 0.8621 1.0000 1.0000 1.0000 1.0000 1.0000 1.0000 1.0000 1.0000 1.0000 0.0000 0.0000 0.0001 0.0001 0.0002 0.0002 0.0004 0.0006 0.0010 0.0015 0.0023 0.0036 0.0055 0.0076 0.0088 0.0076 0.0055 0.0036 0.0023 0.0015 0.0010 0.0006 0.0004 0.0002 0.0002 0.0001 0.0001 0.0000 0.0000 1.0000 1.0000 1.0000 1.0000 1.0000 1.0000 1.0000 1.0000 1.0000 0.8621 0.5441 0.3434 0.2163 0.1363 0.0860 0.0542 0.0341 0.0215 0.0136 0.0085 0.0054 0.0034 0.0021 0.0013 0.0008 0.0005 0.0003 0.0002 0.0001 0.0001 0.0001 0.0000 0.0000 1.0000 1.0000 1.0000
1.0000 1.0000 1.0000 0.0000 0.0001 0.0001 0.0001 0.0002 0.0003 0.0005 0.0008 0.0013 0.0021 0.0033 0.0053 0.0084 0.0133 0.0212 0.0335 0.0533 0.0845 0.1342 0.2127 0.3376 0.5359 0.8491 1.0000 1.0000 1.0000 1.0000 1.0000 1.0000 1.0000 1.0000 1.0000 0.0000 0.0000 0.0001 0.0001 0.0002 0.0002 0.0004 0.0006 0.0010 0.0015 0.0024 0.0037 0.0057 0.0087 0.0121 0.0140 0.0121 0.0087 0.0057 0.0037 0.0024 0.0015 0.0010 0.0006 0.0004 0.0002 0.0002 0.0001 0.0001 0.0000 0.0000 1.0000 1.0000 1.0000 1.0000 1.0000 1.0000 1.0000 1.0000 1.0000 0.8491 0.5359 0.3376 0.2127 0.1342 0.0845 0.0533 0.0335 0.0212 0.0133 0.0084 0.0053 0.0033 0.0021 0.0013 0.0008 0.0005 0.0003 0.0002 0.0001 0.0001 0.0001 0.0000 1.0000 1.0000 1.0000
1.0000 1.0000 0.0000 0.0001 0.0001 0.0001 0.0002 0.0003 0.0005 0.0008 0.0013 0.0021 0.0033 0.0052 0.0083 0.0131 0.0208 0.0330 0.0524 0.0831 0.1319 0.2094 0.3319 0.5268 0.8363 1.0000 1.0000 1.0000 1.0000 1.0000 1.0000 1.0000 1.0000 1.0000 0.0000 0.0000 0.0001 0.0001 0.0002 0.0002 0.0004 0.0006 0.0010 0.0015 0.0024 0.0037 0.0058 0.0090 0.0137 0.0191 0.0221 0.0191 0.0137 0.0090 0.0058 0.0037 0.0024 0.0015 0.0010 0.0006 0.0004 0.0002 0.0002 0.0001 0.0001 0.0000 0.0000 1.0000 1.0000 1.0000 1.0000 1.0000 1.0000 1.0000 1.0000 1.0000 0.8363 0.5268 0.3319 0.2094 0.1319 0.0831 0.0524 0.0330 0.0208 0.0131 0.0083 0.0052 0.0033 0.0021 0.0013 0.0008 0.0005 0.0003 0.0002 0.0001 0.0001 0.0001 0.0000 1.0000 1.0000
1.0000 0.0000 0.0001 0.0001 0.0001 0.0002 0.0003 0.0005 0.0008 0.0013 0.0020 0.0032 0.0051 0.0081 0.0129 0.0205 0.0325 0.0516 0.0817 0.1297 0.2059 0.3268 0.5179 0.8221 1.0000 1.0000 1.0000 1.0000 1.0000 1.0000 1.0000 1.0000 1.0000 0.0000 0.0000 0.0001 0.0001 0.0002 0.0002 0.0004 0.0006 0.0010 0.0015 0.0024 0.0038 0.0059 0.0092 0.0143 0.0216 0.0302 0.0349 0.0302 0.0216 0.0143 0.0092 0.0059 0.0038 0.0024 0.0015 0.0010 0.0006 0.0004 0.0002 0.0002 0.0001 0.0001 0.0000 0.0000 1.0000 1.0000 1.0000 1.0000 1.0000 1.0000 1.0000 1.0000 1.0000 0.8221 0.5179 0.3268 0.2059 0.1297 0.0817 0.0516 0.0325 0.0205 0.0129 0.0081 0.0051 0.0032 0.0020 0.0013 0.0008 0.0005 0.0003 0.0002 0.0001 0.0001 0.0001 0.0000 1.0000
0.0000 0.0000 0.0001 0.0001 0.0002 0.0003 0.0005 0.0008 0.0013 0.0020 0.0032 0.0050 0.0080 0.0127 0.0201 0.0319 0.0507 0.0805 0.1275 0.2024 0.3213 0.5101 0.8082 1.0000 1.0000 1.0000 1.0000 1.0000 1.0000 1.0000 1.0000 1.0000 0.0000 0.0000 0.0001 0.0001 0.0002 0.0002 0.0004 0.0006 0.0010 0.0015 0.0024 0.0038 0.0059 0.0093 0.0145 0.0225 0.0341 0.0477 0.0552 0.0477 0.0341 0.0225 0.0145 0.0093 0.0059 0.0038 0.0024 0.0015 0.0010 0.0006 0.0004 0.0002 0.0002 0.0001 0.0001 0.0000 0.0000 1.0000 1.0000 1.0000 1.0000 1.0000 1.0000 1.0000 1.0000 1.0000 0.8082 0.5101 0.3213 0.2024 0.1275 0.0805 0.0507 0.0319 0.0201 0.0127 0.0080 0.0050 0.0032 0.0020 0.0013 0.0008 0.0005 0.0003 0.0002 0.0001 0.0001 0.0000 0.0000
0.0000 0.0001 0.0001 0.0002 0.0003 0.0005 0.0008 0.0012 0.0020 0.0031 0.0050 0.0079 0.0125 0.0198 0.0314 0.0498 0.0791 0.1256 0.1990 0.3158 0.5014 0.7960 1.0000 1.0000 1.0000 1.0000 1.0000 1.0000 1.0000 1.0000 1.0000 0.0000 0.0000 0.0001 0.0001 0.0002 0.0002 0.0004 0.0006 0.0010 0.0015 0.0024 0.0038 0.0059 0.0093 0.0146 0.0229 0.0355 0.0538 0.0753 0.0872 0.0753 0.0538 0.0355 0.0229 0.0146 0.0093 0.0059 0.0038 0.0024 0.0015 0.0010 0.0006 0.0004 0.0002 0.0002 0.0001 0.0001 0.0000 0.0000 1.0000 1.0000 1.0000 1.0000 1.0000 1.0000 1.0000 1.0000 1.0000 0.7960 0.5014 0.3158 0.1990 0.1256 0.0791 0.0498 0.0314 0.0198 0.0125 0.0079 0.0050 0.0031 0.0020 0.0012 0.0008 0.0005 0.0003 0.0002 0.0001 0.0001 0.0000
0.0001 0.0001 0.0002 0.0003 0.0005 0.0008 0.0012 0.0019 0.0031 0.0049 0.0077 0.0123 0.0194 0.0309 0.0490 0.0778 0.1232 0.1956 0.3105 0.4929 0.7824 1.0000 1.0000 1.0000 1.0000 1.0000 1.0000 1.0000 1.0000 1.0000 0.0000 0.0000 0.0001 0.0001 0.0002 0.0002 0.0004 0.0006 0.0010 0.0015 0.0024 0.0037 0.0059 0.0093 0.0146 0.0230 0.0360 0.0560 0.0847 0.1186 0.1373 0.1186 0.0847 0.0560 0.0360 0.0230 0.0146 0.0093 0.0059 0.0037 0.0024 0.0015 0.0010 0.0006 0.0004 0.0002 0.0002 0.0001 0.0001 0.0000 0.0000 1.0000 1.0000 1.0000 1.0000 1.0000 1.0000 1.0000 1.0000 1.0000 0.7824 0.4929 0.3105 0.1956 0.1232 0.0778 0.0490 0.0309 0.0194 0.0123 0.0077 0.0049 0.0031 0.0019 0.0012 0.0008 0.0005 0.0003 0.0002 0.0001 0.0001
0.0001 0.0002 0.0003 0.0005 0.0008 0.0012 0.0019 0.0030 0.0048 0.0076 0.0120 0.0191 0.0303 0.0480 0.0762 0.1209 0.1919 0.3046 0.4827 0.7662 1.0000 1.0000 1.0000 1.0000 1.0000 1.0000 1.0000 1.0000 1.0000 0.0000 0.0000 0.0001 0.0001 0.0001 0.0002 0.0004 0.0006 0.0009 0.0015 0.0023 0.0037 0.0058 0.0092 0.0145 0.0229 0.0360 0.0564 0.0878 0.1329 0.1865 0.2155 0.1865 0.1329 0.0878 0.0564 0.0360 0.0229 0.0145 0.0092 0.0058 0.0037 0.0023 0.0015 0.0009 0.0006 0.0004 0.0002 0.0001 0.0001 0.0001 0.0000 0.0000 1.0000 1.0000 1.0000 1.0000 1.0000 1.0000 1.0000 1.0000 1.0000 0.7662 0.4827 0.3046 0.1919 0.1209 0.0762 0.0480 0.0303 0.0191 0.0120 0.0076 0.0048 0.0030 0.0019 0.0012 0.0008 0.0005 0.0003 0.0002 0.0001
0.0002 0.0003 0.0005 0.0007 0.0012 0.0018 0.0029 0.0046 0.0074 0.0117 0.0185 0.0294 0.0467 0.0740 0.1175 0.1865 0.2961 0.4700 0.7461 1.0000 1.0000 1.0000 1.0000 1.0000 1.0000 1.0000 1.0000 1.0000 0.0000 0.0000 0.0001 0.0001 0.0001 0.0002 0.0004 0.0006 0.0009 0.0015 0.0023 0.0036 0.0057 0.0090 0.0143 0.0225 0.0355 0.0560 0.0878 0.1365 0.2071 0.2899 0.3350 0.2899 0.2071 0.1365 0.0878 0.0560 0.0355 0.0225 0.0143 0.0090 0.0057 0.0036 0.0023 0.0015 0.0009 0.0006 0.0004 0.0002 0.0001 0.0001 0.0001 0.0000 0.0000 1.0000 1.0000 1.0000 1.0000 1.0000 1.0000 1.0000 1.0000 1.0000 0.7461 0.4700 0.2961 0.1865 0.1175 0.0741 0.0467 0.0294 0.0185 0.0117 0.0074 0.0046 0.0029 0.0018 0.0012 0.0007 0.0005 0.0003 0.0002
0.0003 0.0004 0.0007 0.0011 0.0017 0.0028 0.0044 0.0069 0.0110 0.0175 0.0278 0.0442 0.0702 0.1114 0.1768 0.2807 0.4448 0.7061 1.0000 1.0000 1.0000 1.0000 1.0000 1.0000 1.0000 1.0000 1.0000 0.0000 0.0000 0.0001 0.0001 0.0001 0.0002 0.0003 0.0006 0.0009 0.0014 0.0022 0.0035 0.0055 0.0087 0.0137 0.0216 0.0341 0.0538 0.0847 0.1329 0.2071 0.3135 0.4381 0.5052 0.4381 0.3135 0.2071 0.1329 0.0847 0.0538 0.0341 0.0216 0.0137 0.0087 0.0055 0.0035 0.0022 0.0014 0.0009 0.0006 0.0003 0.0002 0.0001 0.0001 0.0001 0.0000 0.0000 1.0000 1.0000 1.0000 1.0000 1.0000 1.0000 1.0000 1.0000 1.0000 0.7061 0.4448 0.2807 0.1768 0.1114 0.0702 0.0442 0.0278 0.0175 0.0110 0.0069 0.0044 0.0028 0.0017 0.0011 0.0007 0.0004 0.0003
0.0004 0.0006 0.0009 0.0015 0.0024 0.0038 0.0061 0.0097 0.0154 0.0244 0.0387 0.0615 0.0977 0.1551 0.2457 0.3901 0.6192 0.9830 1.0000 1.0000 1.0000 1.0000 1.0000 1.0000 1.0000 1.0000 1.0000 0.0000 0.0000 0.0001 0.0001 0.0002 0.0003 0.0005 0.0008 0.0012 0.0019 0.0031 0.0048 0.0076 0.0121 0.0191 0.0302 0.0477 0.0753 0.1186 0.1865 0.2899 0.4381 0.6099 0.7021 0.6099 0.4381 0.2899 0.1865 0.1186 0.0753 0.0477 0.0302 0.0191 0.0121 0.0076 0.0048 0.0031 0.0019 0.0012 0.0008 0.0005 0.0003 0.0002 0.0001 0.0001 0.0000 0.0000 1.0000 1.0000 1.0000 1.0000 1.0000 1.0000 1.0000 1.0000 1.0000 0.9830 0.6192 0.3901 0.2457 0.1551 0.0977 0.0615 0.0387 0.0244 0.0154 0.0097 0.0061 0.0038 0.0024 0.0015 0.0009 0.0006 0.0004
0.0004 0.0007 0.0011 0.0017 0.0028 0.0044 0.0070 0.0111 0.0177 0.0281 0.0446 0.0708 0.1125 0.1785 0.2834 0.4499 0.7142 1.0000 1.0000 1.0000 1.0000 1.0000 1.0000 1.0000 1.0000 1.0000 0.0000 0.0000 0.0001 0.0001 0.0001 0.0002 0.0004 0.0006 0.0009 0.0014 0.0022 0.0035 0.0056 0.0088 0.0140 0.0221 0.0349 0.0552 0.0872 0.1373 0.2155 0.3350 0.5052 0.7021 0.8051 0.7021 0.5052 0.3350 0.2155 0.1373 0.0872 0.0552 0.0349 0.0221 0.0140 0.0088 0.0056 0.0035 0.0022 0.0014 0.0009 0.0006 0.0004 0.0002 0.0001 0.0001 0.0001 0.0000 0.0000 1.0000 1.0000 1.0000 1.0000 1.0000 1.0000 1.0000 1.0000 1.0000 0.7142 0.4499 0.2834 0.1785 0.1125 0.0708 0.0446 0.0281 0.0177 0.0111 0.0070 0.0044 0.0028 0.0017 0.0011 0.0007 0.0004
0.0004 0.0006 0.0009 0.0015 0.0024 0.0038 0.0061 0.0097 0.0154 0.0244 0.0387 0.0615 0.0977 0.1551 0.2457 0.3901 0.6192 0.9830 1.0000 1.0000 1.0000 1.0000 1.0000 1.0000 1.0000 1.0000 1.0000 0.0000 0.0000 0.0001 0.0001 0.0002 0.0003 0.0005 0.0008 0.0012 0.0019 0.0031 0.0048 0.0076 0.0121 0.0191 0.0302 0.0477 0.0753 0.1186 0.1865 0.2899 0.4381 0.6099 0.7021 0.6099 0.4381 0.2899 0.1865 0.1186 0.0753 0.0477 0.0302 0.0191 0.0121 0.0076 0.0048 0.0031 0.0019 0.0012 0.0008 0.0005 0.0003 0.0002 0.0001 0.0001 0.0000 0.0000 1.0000 1.0000 1.0000 1.0000 1.0000 1.0000 1.0000 1.0000 1.0000 0.9830 0.6192 0.3901 0.2457 0.1551 0.0977 0.0615 0.0387 0.0244 0.0154 0.0097 0.0061 0.0038 0.0024 0.0015 0.0009 0.0006 0.0004
0.0003 0.0004 0.0007 0.0011 0.0017 0.0028 0.0044 0.0069 0.0110 0.0175 0.0278 0.0442 0.0702 0.1114 0.1768 0.2807 0.4448 0.7061 1.0000 1.0000 1.0000 1.0000 1.0000 1.0000 1.0000 1.0000 1.0000 0.0000 0.0000 0.0001 0.0001 0.0001 0.0002 0.0003 0.0006 0.0009 0.0014 0.0022 0.0035 0.0055 0.0087 0.0137 0.0216 0.0341 0.0538 0.0847 0.1329 0.2071 0.3135 0.4381 0.5052 0.4381 0.3135 0.2071 0.1329 0.0847 0.0538 0.0341 0.0216 0.0137 0.0087 0.0055 0.0035 0.0022 0.0014 0.0009 0.0006 0.0003 0.0002 0.0001 0.0001 0.0001 0.0000 0.0000 1.0000 1.0000 1.0000 1.0000 1.0000 1.0000 1.0000 1.0000 1.0000 0.7061 0.4448 0.2807 0.1768 0.1114 0.0702 0.0442 0.0278 0.0175 0.0110 0.0069 0.0044 0.0028 0.0017 0.0011 0.0007 0.0004 0.0003
0.0002 0.0003 0.0005 0.0007 0.0012 0.0018 0.0029 0.0046 0.0074 0.0117 0.0185 0.0294 0.0467 0.0740 0.1175 0.1865 0.2961 0.4700 0.7461 1.0000 1.0000 1.0000 1.0000 1.0000 1.0000 1.0000 1.0000 1.0000 0.0000 0.0000 0.0001 0.0001 0.0001 0.0002 0.0004 0.0006 0.0009 0.0015 0.0023 0.0036 0.0057 0.0090 0.0143 0.0225 0.0355 0.0560 0.0878 0.1365 0.2071 0.2899 0.3350 0.2899 0.2071 0.1365 0.0878 0.0560 0.0355 0.0225 0.0143 0.0090 0.0057 0.0036 0.0023 0.0015 0.0009 0.0006 0.0004 0.0002 0.0001 0.0001 0.0001 0.0000 0.0000 1.0000 1.0000 1.0000 1.0000 1.0000 1.0000 1.0000 1.0000 1.0000 0.7461 0.4700 0.2961 0.1865 0.1175 0.0741 0.0467 0.0294 0.0185 0.0117 0.0074 0.0046 0.0029 0.0018 0.0012 0.0007 0.0005 0.0003 0.0002
0.0001 0.0002 0.0003 0.0005 0.0008 0.0012 0.0019 0.0030 0.0048 0.0076 0.0120 0.0191 0.0303 0.0480 0.0762 0.1209 0.1919 0.3046 0.4827 0.7662 1.0000 1.0000 1.0000 1.0000 1.0000 1.0000 1.0000 1.0000 1.0000 0.0000 0.0000 0.0001 0.0001 0.0001 0.0002 0.0004 0.0006 0.0009 0.0015 0.0023 0.0037 0.0058 0.0092 0.0145 0.0229 0.0360 0.0564 0.0878 0.1329 0.1865 0.2155 0.1865 0.1329 0.0878 0.0564 0.0360 0.0229 0.0145 0.0092 0.0058 0.0037 0.0023 0.0015 0.0009 0.0006 0.0004 0.0002 0.0001 0.0001 0.0001 0.0000 0.0000 1.0000 1.0000 1.0000 1.0000 1.0000 1.0000 1.0000 1.0000 1.0000 0.7662 0.4827 0.3046 0.1919 0.1209 0.0762 0.0480 0.0303 0.0191 0.0120 0.0076 0.0048 0.0030 0.0019 0.0012 0.0008 0.0005 0.0003 0.0002 0.0001
0.0001 0.0001 0.0002 0.0003 0.0005 0.0008 0.0012 0.0019 0.0031 0.0049 0.0077 0.0123 0.0194 0.0309 0.0490 0.0778 0.1232 0.1956 0.3105 0.4929 0.7824 1.0000 1.0000 1.0000 1.0000 1.0000 1.0000 1.0000 1.0000 1.0000 0.0000 0.0000 0.0001 0.0001 0.0002 0.0002 0.0004 0.0006 0.0010 0.0015 0.0024 0.0037 0.0059 0.0093 0.0146 0.0230 0.0360 0.0560 0.0847 0.1186 0.1373 0.1186 0.0847 0.0560 0.0360 0.0230 0.0146 0.0093 0.0059 0.0037 0.0024 0.0015 0.0010 0.0006 0.0004 0.0002 0.0002 0.0001 0.0001 0.0000 0.0000 1.0000 1.0000 1.0000 1.0000 1.0000 1.0000 1.0000 1.0000 1.0000 0.7824 0.4929 0.3105 0.1956 0.1232 0.0778 0.0490 0.0309 0.0194 0.0123 0.0077 0.0049 0.0031 0.0019 0.0012 0.0008 0.0005 0.0003 0.0002 0.0001 0.0001
