0.1830 0.2791 0.4347 0.6784 1.0000 1.0000 1.0000 1.0000 1.0000 1.0000 1.0000 1.0000 1.0000 1.0000 0.0000 0.0000 0.0001 0.0001 0.0002 0.0003 0.0004 0.0006 0.0010 0.0015 0.0024 0.0037 0.0058 0.0090 0.0141 0.0220 0.0344 0.0537 0.0837 0.1307 0.2039 0.3183 0.4967 0.7750 1.0000 1.0000 1.0000 1.0000 1.0000 1.0000 1.0000 1.0000 1.0000 1.0000 0.0000 0.0000 0.0000 0.0000 0.0000 1.0000 1.0000 1.0000 1.0000 1.0000 1.0000 1.0000 1.0000 1.0000 1.0000 0.7750 0.4967 0.3183 0.2039 0.1307 0.0837 0.0537 0.0344 0.0220 0.0141 0.0090 0.0058 0.0037 0.0024 0.0015 0.0010 0.0006 0.0004 0.0003 0.0002 0.0001 0.0001 0.0000 0.0000 1.0000 1.0000 1.0000 1.0000 1.0000 1.0000 1.0000 1.0000 1.0000 1.0000 0.6784 0.4347 0.2791 0.1830
0.2791 0.4331 0.6784 1.0000 1.0000 1.0000 1.0000 1.0000 1.0000 1.0000 1.0000 1.0000 1.0000 0.0000 0.0000 0.0001 0.0001 0.0002 0.0003 0.0004 0.0006 0.0010 0.0015 0.0024 0.0037 0.0058 0.0091 0.0141 0.0221 0.0345 0.0539 0.0841 0.1312 0.2047 0.3195 0.4985 0.7780 1.0000 1.0000 1.0000 1.0000 1.0000 1.0000 1.0000 1.0000 1.0000 1.0000 0.0000 0.0000 0.0001 0.0001 0.0001 0.0000 0.0000 1.0000 1.0000 1.0000 1.0000 1.0000 1.0000 1.0000 1.0000 1.0000 1.0000 0.7780 0.4985 0.3195 0.2047 0.1312 0.0841 0.0539 0.0345 0.0221 0.0141 0.0091 0.0058 0.0037 0.0024 0.0015 0.0010 0.0006 0.0004 0.0003 0.0002 0.0001 0.0001 0.0000 0.0000 1.0000 1.0000 1.0000 1.0000 1.0000 1.0000 1.0000 1.0000 1.0000 1.0000 0.6784 0.4331 0.2791
0.4347 0.6784 1.0000 1.0000 1.0000 1.0000 1.0000 1.0000 1.0000 1.0000 1.0000 1.0000 0.0000 0.0000 0.0001 0.0001 0.0002 0.0003 0.0004 0.0006 0.0010 0.0016 0.0024 0.0038 0.0059 0.0092 0.0144 0.0225 0.0350 0.0547 0.0854 0.1332 0.2079 0.3244 0.5062 0.7899 1.0000 1.0000 1.0000 1.0000 1.0000 1.0000 1.0000 1.0000 1.0000 1.0000 0.0000 0.0000 0.0001 0.0001 0.0001 0.0001 0.0001 0.0000 0.0000 1.0000 1.0000 1.0000 1.0000 1.0000 1.0000 1.0000 1.0000 1.0000 1.0000 0.7899 0.5062 0.3244 0.2079 0.1332 0.0854 0.0547 0.0350 0.0225 0.0144 0.0092 0.0059 0.0038 0.0024 0.0016 0.0010 0.0006 0.0004 0.0003 0.0002 0.0001 0.0001 0.0000 0.0000 1.0000 1.0000 1.0000 1.0000 1.0000 1.0000 1.0000 1.0000 1.0000 1.0000 0.6784 0.4347
0.6784 1.0000 1.0000 1.0000 1.0000 1.0000 1.0000 1.0000 1.0000 1.0000 1.0000 0.0000 0.0000 0.0001 0.0001 0.0002 0.0003 0.0004 0.0006 0.0010 0.0016 0.0025 0.0039 0.0060 0.0094 0.0146 0.0228 0.0357 0.0556 0.0868 0.1355 0.2114 0.3300 0.5149 0.8036 1.0000 1.0000 1.0000 1.0000 1.0000 1.0000 1.0000 1.0000 1.0000 0.0000 0.0000 0.0001 0.0001 0.0001 0.0002 0.0002 0.0002 0.0001 0.0001 0.0001 0.0000 0.0000 1.0000 1.0000 1.0000 1.0000 1.0000 1.0000 1.0000 1.0000 1.0000 0.8036 0.5149 0.3300 0.2114 0.1355 0.0868 0.0556 0.0357 0.0228 0.0146 0.0094 0.0060 0.0039 0.0025 0.0016 0.0010 0.0006 0.0004 0.0003 0.0002 0.0001 0.0001 0.0000 0.0000 1.0000 1.0000 1.0000 1.0000 1.0000 1.0000 1.0000 1.0000 1.0000 1.0000 0.6784
1.0000 1.0000 1.0000 1.0000 1.0000 1.0000 1.0000 1.0000 1.0000 1.0000 0.0000 0.0000 0.0001 0.0001 0.0002 0.0003 0.0004 0.0007 0.0010 0.0016 0.0025 0.0039 0.0061 0.0095 0.0149 0.0232 0.0363 0.0566 0.0883 0.1378 0.2151 0.3357 0.5238 0.8174 1.0000 1.0000 1.0000 1.0000 1.0000 1.0000 1.0000 1.0000 1.0000 0.0000 0.0000 0.0001 0.0001 0.0001 0.0002 0.0003 0.0003 0.0003 0.0002 0.0001 0.0001 0.0001 0.0000 0.0000 1.0000 1.0000 1.0000 1.0000 1.0000 1.0000 1.0000 1.0000 1.0000 0.8174 0.5238 0.3357 0.2151 0.1378 0.0883 0.0566 0.0363 0.0232 0.0149 0.0095 0.0061 0.0039 0.0025 0.0016 0.0010 0.0007 0.0004 0.0003 0.0002 0.0001 0.0001 0.0000 0.0000 1.0000 1.0000 1.0000 1.0000 1.0000 1.0000 1.0000 1.0000 1.0000 1.0000
1.0000 1.0000 1.0000 1.0000 1.0000 1.0000 1.0000 1.0000 1.0000 0.0000 0.0000 0.0001 0.0001 0.0002 0.0003 0.0004 0.0007 0.0010 0.0016 0.0025 0.0040 0.0062 0.0097 0.0151 0.0236 0.0368 0.0576 0.0899 0.1402 0.2188 0.3415 0.5329 0.8315 1.0000 1.0000 1.0000 1.0000 1.0000 1.0000 1.0000 1.0000 1.0000 0.0000 0.0000 0.0001 0.0001 0.0001 0.0002 0.0003 0.0004 0.0005 0.0004 0.0003 0.0002 0.0001 0.0001 0.0001 0.0000 0.0000 1.0000 1.0000 1.0000 1.0000 1.0000 1.0000 1.0000 1.0000 1.0000 0.8315 0.5329 0.3415 0.2188 0.1402 0.0899 0.0576 0.0368 0.0236 0.0151 0.0097 0.0062 0.0040 0.0025 0.0016 0.0010 0.0007 0.0004 0.0003 0.0002 0.0001 0.0001 0.0000 0.0000 1.0000 1.0000 1.0000 1.0000 1.0000 1.0000 1.0000 1.0000 1.0000
1.0000 1.0000 1.0000 1.0000 1.0000 1.0000 1.0000 1.0000 0.0000 0.0000 0.0001 0.0001 0.0002 0.0003 0.0004 0.0007 0.0011 0.0017 0.0026 0.0040 0.0063 0.0099 0.0154 0.0240 0.0375 0.0585 0.0912 0.1424 0.2222 0.3467 0.5410 0.8443 1.0000 1.0000 1.0000 1.0000 1.0000 1.0000 1.0000 1.0000 1.0000 0.0000 0.0000 0.0001 0.0001 0.0001 0.0002 0.0003 0.0005 0.0007 0.0008 0.0007 0.0005 0.0003 0.0002 0.0001 0.0001 0.0001 0.0000 0.0000 1.0000 1.0000 1.0000 1.0000 1.0000 1.0000 1.0000 1.0000 1.0000 0.8443 0.5410 0.3467 0.2222 0.1424 0.0912 0.0585 0.0375 0.0240 0.0154 0.0099 0.0063 0.0040 0.0026 0.0017 0.0011 0.0007 0.0004 0.0003 0.0002 0.0001 0.0001 0.0000 0.0000 1.0000 1.0000 1.0000 1.0000 1.0000 1.0000 1.0000 1.0000
1.0000 1.0000 1.0000 1.0000 1.0000 1.0000 1.0000 0.0000 0.0000 0.0001 0.0001 0.0002 0.0003 0.0004 0.0007 0.0011 0.0017 0.0026 0.0041 0.0064 0.0100 0.0156 0.0244 0.0381 0.0595 0.0928 0.1448 0.2260 0.3527 0.5504 0.8589 1.0000 1.0000 1.0000 1.0000 1.0000 1.0000 1.0000 1.0000 1.0000 0.0000 0.0000 0.0001 0.0001 0.0001 0.0002 0.0003 0.0005 0.0007 0.0010 0.0012 0.0010 0.0007 0.0005 0.0003 0.0002 0.0001 0.0001 0.0001 0.0000 0.0000 1.0000 1.0000 1.0000 1.0000 1.0000 1.0000 1.0000 1.0000 1.0000 0.8589 0.5504 0.3527 0.2260 0.1448 0.0928 0.0595 0.0381 0.0244 0.0156 0.0100 0.0064 0.0041 0.0026 0.0017 0.0011 0.0007 0.0004 0.0003 0.0002 0.0001 0.0001 0.0000 0.0000 1.0000 1.0000 1.0000 1.0000 1.0000 1.0000 1.0000
1.0000 1.0000 1.0000 1.0000 1.0000 1.0000 0.0000 0.0000 0.0001 0.0001 0.0002 0.0003 0.0004 0.0007 0.0011 0.0017 0.0027 0.0042 0.0065 0.0102 0.0159 0.0248 0.0388 0.0605 0.0944 0.1473 0.2299 0.3588 0.5599 0.8737 1.0000 1.0000 1.0000 1.0000 1.0000 1.0000 1.0000 1.0000 1.0000 0.0000 0.0000 0.0001 0.0001 0.0001 0.0002 0.0003 0.0005 0.0008 0.0012 0.0017 0.0019 0.0017 0.0012 0.0008 0.0005 0.0003 0.0002 0.0001 0.0001 0.0001 0.0000 0.0000 1.0000 1.0000 1.0000 1.0000 1.0000 1.0000 1.0000 1.0000 1.0000 0.8737 0.5599 0.3588 0.2299 0.1473 0.0944 0.0605 0.0388 0.0248 0.0159 0.0102 0.0065 0.0042 0.0027 0.0017 0.0011 0.0007 0.0004 0.0003 0.0002 0.0001 0.0001 0.0000 0.0000 1.0000 1.0000 1.0000 1.0000 1.0000 1.0000
1.0000 1.0000 1.0000 1.0000 1.0000 0.0000 0.0000 0.0001 0.0001 0.0002 0.0003 0.0005 0.0007 0.0011 0.0017 0.0027 0.0042 0.0066 0.0103 0.0162 0.0252 0.0394 0.0614 0.0959 0.1499 0.2339 0.3650 0.5695 0.8888 1.0000 1.0000 1.0000 1.0000 1.0000 1.0000 1.0000 1.0000 1.0000 0.0000 0.0000 0.0001 0.0001 0.0001 0.0002 0.0003 0.0005 0.0008 0.0013 0.0019 0.0026 0.0030 0.0026 0.0019 0.0013 0.0008 0.0005 0.0003 0.0002 0.0001 0.0001 0.0001 0.0000 0.0000 1.0000 1.0000 1.0000 1.0000 1.0000 1.0000 1.0000 1.0000 1.0000 0.8888 0.5695 0.3650 0.2339 0.1499 0.0959 0.0614 0.0394 0.0252 0.0162 0.0103 0.0066 0.0042 0.0027 0.0017 0.0011 0.0007 0.0005 0.0003 0.0002 0.0001 0.0001 0.0000 0.0000 1.0000 1.0000 1.0000 1.0000 1.0000
1.0000 1.0000 1.0000 1.0000 0.0000 0.0000 0.0001 0.0001 0.0002 0.0003 0.0005 0.0007 0.0011 0.0017 0.0027 0.0043 0.0067 0.0105 0.0164 0.0256 0.0400 0.0625 0.0975 0.1522 0.2375 0.3706 0.5783 0.9024 1.0000 1.0000 1.0000 1.0000 1.0000 1.0000 1.0000 1.0000 1.0000 0.0000 0.0000 0.0001 0.0001 0.0001 0.0002 0.0003 0.0005 0.0008 0.0013 0.0020 0.0030 0.0042 0.0048 0.0042 0.0030 0.0020 0.0013 0.0008 0.0005 0.0003 0.0002 0.0001 0.0001 0.0001 0.0000 0.0000 1.0000 1.0000 1.0000 1.0000 1.0000 1.0000 1.0000 1.0000 1.0000 0.9024 0.5783 0.3706 0.2375 0.1522 0.0975 0.0625 0.0400 0.0256 0.0164 0.0105 0.0067 0.0043 0.0027 0.0017 0.0011 0.0007 0.0005 0.0003 0.0002 0.0001 0.0001 0.0000 0.0000 1.0000 1.0000 1.0000 1.0000
1.0000 1.0000 1.0000 0.0000 0.0000 0.0001 0.0001 0.0002 0.0003 0.0005 0.0007 0.0011 0.0018 0.0028 0.0043 0.0068 0.0106 0.0166 0.0259 0.0405 0.0633 0.0990 0.1545 0.2416 0.3770 0.5882 0.9180 1.0000 1.0000 1.0000 1.0000 1.0000 1.0000 1.0000 1.0000 1.0000 0.0000 0.0000 0.0001 0.0001 0.0001 0.0002 0.0003 0.0005 0.0008 0.0013 0.0021 0.0032 0.0048 0.0066 0.0076 0.0066 0.0048 0.0032 0.0021 0.0013 0.0008 0.0005 0.0003 0.0002 0.0001 0.0001 0.0001 0.0000 0.0000 1.0000 1.0000 1.0000 1.0000 1.0000 1.0000 1.0000 1.0000 1.0000 0.9180 0.5882 0.3770 0.2416 0.1545 0.0990 0.0633 0.0405 0.0259 0.0166 0.0106 0.0068 0.0043 0.0028 0.0018 0.0011 0.0007 0.0005 0.0003 0.0002 0.0001 0.0001 0.0000 0.0000 1.0000 1.0000 1.0000
1.0000 1.0000 0.0000 0.0000 0.0001 0.0001 0.0002 0.0003 0.0004 0.0007 0.0011 0.0018 0.0028 0.0043 0.0068 0.0107 0.0167 0.0262 0.0410 0.0642 0.1003 0.1569 0.2448 0.3827 0.5984 0.9338 1.0000 1.0000 1.0000 1.0000 1.0000 1.0000 1.0000 1.0000 1.0000 0.0000 0.0000 0.0001 0.0001 0.0001 0.0002 0.0004 0.0006 0.0009 0.0013 0.0021 0.0033 0.0050 0.0076 0.0105 0.0121 0.0105 0.0076 0.0050 0.0033 0.0021 0.0013 0.0009 0.0006 0.0004 0.0002 0.0001 0.0001 0.0001 0.0000 0.0000 1.0000 1.0000 1.0000 1.0000 1.0000 1.0000 1.0000 1.0000 1.0000 0.9338 0.5984 0.3827 0.2448 0.1569 0.1003 0.0642 0.0410 0.0262 0.0167 0.0107 0.0068 0.0043 0.0028 0.0018 0.0011 0.0007 0.0004 0.0003 0.0002 0.0001 0.0001 0.0000 0.0000 1.0000 1.0000
1.0000 0.0000 0.0000 0.0001 0.0001 0.0002 0.0003 0.0004 0.0007 0.0011 0.0017 0.0028 0.0043 0.0068 0.0107 0.0168 0.0264 0.0414 0.0648 0.1015 0.1587 0.2481 0.3879 0.6064 0.9481 1.0000 1.0000 1.0000 1.0000 1.0000 1.0000 1.0000 1.0000 1.0000 0.0000 0.0000 0.0001 0.0001 0.0001 0.0002 0.0004 0.0006 0.0009 0.0014 0.0021 0.0033 0.0052 0.0080 0.0120 0.0167 0.0193 0.0167 0.0120 0.0080 0.0052 0.0033 0.0021 0.0014 0.0009 0.0006 0.0004 0.0002 0.0001 0.0001 0.0001 0.0000 0.0000 1.0000 1.0000 1.0000 1.0000 1.0000 1.0000 1.0000 1.0000 1.0000 0.9481 0.6064 0.3879 0.2481 0.1587 0.1015 0.0648 0.0414 0.0264 0.0168 0.0107 0.0068 0.0043 0.0028 0.0017 0.0011 0.0007 0.0004 0.0003 0.0002 0.0001 0.0001 0.0000 0.0000 1.0000
0.0000 0.0000 0.0001 0.0001 0.0002 0.0003 0.0004 0.0007 0.0011 0.0017 0.0027 0.0043 0.0068 0.0107 0.0169 0.0265 0.0416 0.0653 0.1023 0.1602 0.2509 0.3931 0.6146 0.9608 1.0000 1.0000 1.0000 1.0000 1.0000 1.0000 1.0000 1.0000 1.0000 0.0000 0.0000 0.0001 0.0001 0.0001 0.0002 0.0004 0.0006 0.0009 0.0014 0.0022 0.0034 0.0053 0.0082 0.0127 0.0190 0.0265 0.0305 0.0265 0.0190 0.0127 0.0082 0.0053 0.0034 0.0022 0.0014 0.0009 0.0006 0.0004 0.0002 0.0001 0.0001 0.0001 0.0000 0.0000 1.0000 1.0000 1.0000 1.0000 1.0000 1.0000 1.0000 1.0000 1.0000 0.9608 0.6146 0.3931 0.2509 0.1602 0.1023 0.0653 0.0416 0.0265 0.0169 0.0107 0.0068 0.0043 0.0027 0.0017 0.0011 0.0007 0.0004 0.0003 0.0002 0.0001 0.0001 0.0000 0.0000
0.0000 0.0001 0.0001 0.0002 0.0003 0.0004 0.0007 0.0011 0.0017 0.0027 0.0043 0.0068 0.0107 0.0168 0.0265 0.0417 0.0655 0.1028 0.1614 0.2533 0.3968 0.6204 0.9719 1.0000 1.0000 1.0000 1.0000 1.0000 1.0000 1.0000 1.0000 1.0000 0.0000 0.0000 0.0001 0.0001 0.0002 0.0002 0.0004 0.0006 0.0009 0.0014 0.0022 0.0034 0.0054 0.0084 0.0130 0.0201 0.0302 0.0420 0.0484 0.0420 0.0302 0.0201 0.0130 0.0084 0.0054 0.0034 0.0022 0.0014 0.0009 0.0006 0.0004 0.0002 0.0002 0.0001 0.0001 0.0000 0.0000 1.0000 1.0000 1.0000 1.0000 1.0000 1.0000 1.0000 1.0000 1.0000 0.9719 0.6204 0.3968 0.2533 0.1614 0.1028 0.0655 0.0417 0.0265 0.0168 0.0107 0.0068 0.0043 0.0027 0.0017 0.0011 0.0007 0.0004 0.0003 0.0002 0.0001 0.0001 0.0000
0.0001 0.0001 0.0002 0.0003 0.0004 0.0007 0.0011 0.0017 0.0027 0.0042 0.0067 0.0106 0.0167 0.0264 0.0416 0.0655 0.1030 0.1620 0.2543 0.3991 0.6264 0.9812 1.0000 1.0000 1.0000 1.0000 1.0000 1.0000 1.0000 1.0000 1.0000 0.0000 0.0000 0.0001 0.0001 0.0002 0.0002 0.0004 0.0006 0.0009 0.0014 0.0022 0.0035 0.0055 0.0085 0.0133 0.0207 0.0319 0.0480 0.0667 0.0769 0.0667 0.0480 0.0319 0.0207 0.0133 0.0085 0.0055 0.0035 0.0022 0.0014 0.0009 0.0006 0.0004 0.0002 0.0002 0.0001 0.0001 0.0000 0.0000 1.0000 1.0000 1.0000 1.0000 1.0000 1.0000 1.0000 1.0000 1.0000 0.9812 0.6264 0.3991 0.2543 0.1620 0.1030 0.0655 0.0416 0.0264 0.0167 0.0106 0.0067 0.0042 0.0027 0.0017 0.0011 0.0007 0.0004 0.0003 0.0002 0.0001 0.0001
0.0001 0.0002 0.0003 0.0004 0.0007 0.0010 0.0017 0.0026 0.0042 0.0066 0.0105 0.0166 0.0262 0.0414 0.0653 0.1028 0.1620 0.2548 0.4006 0.6299 0.9868 1.0000 1.0000 1.0000 1.0000 1.0000 1.0000 1.0000 1.0000 1.0000 0.0000 0.0000 0.0001 0.0001 0.0002 0.0002 0.0004 0.0006 0.0009 0.0015 0.0023 0.0036 0.0056 0.0087 0.0135 0.0211 0.0328 0.0506 0.0760 0.1058 0.1220 0.1058 0.0760 0.0506 0.0328 0.0211 0.0135 0.0087 0.0056 0.0036 0.0023 0.0015 0.0009 0.0006 0.0004 0.0002 0.0002 0.0001 0.0001 0.0000 0.0000 1.0000 1.0000 1.0000 1.0000 1.0000 1.0000 1.0000 1.0000 1.0000 0.9868 0.6299 0.4006 0.2548 0.1620 0.1028 0.0653 0.0414 0.0262 0.0166 0.0105 0.0066 0.0042 0.0026 0.0017 0.0010 0.0007 0.0004 0.0003 0.0002 0.0001
0.0002 0.0003 0.0004 0.0006 0.0010 0.0016 0.0026 0.0041 0.0065 0.0103 0.0164 0.0259 0.0410 0.0648 0.1023 0.1614 0.2543 0.4006 0.6299 0.9905 1.0000 1.0000 1.0000 1.0000 1.0000 1.0000 1.0000 1.0000 1.0000 0.0000 0.0000 0.0001 0.0001 0.0002 0.0003 0.0004 0.0006 0.0010 0.0015 0.0023 0.0036 0.0056 0.0088 0.0138 0.0215 0.0334 0.0521 0.0803 0.1207 0.1680 0.1937 0.1680 0.1207 0.0803 0.0521 0.0334 0.0215 0.0138 0.0088 0.0056 0.0036 0.0023 0.0015 0.0010 0.0006 0.0004 0.0003 0.0002 0.0001 0.0001 0.0000 0.0000 1.0000 1.0000 1.0000 1.0000 1.0000 1.0000 1.0000 1.0000 1.0000 0.9905 0.6299 0.4006 0.2543 0.1614 0.1023 0.0648 0.0410 0.0259 0.0164 0.0103 0.0065 0.0041 0.0026 0.0016 0.0010 0.0006 0.0004 0.0003 0.0002
0.0003 0.0004 0.0006 0.0010 0.0016 0.0025 0.0040 0.0064 0.0102 0.0162 0.0256 0.0405 0.0642 0.1015 0.1602 0.2533 0.3991 0.6299 0.9905 1.0000 1.0000 1.0000 1.0000 1.0000 1.0000 1.0000 1.0000 1.0000 0.0000 0.0000 0.0001 0.0001 0.0002 0.0003 0.0004 0.0006 0.0010 0.0015 0.0024 0.0037 0.0057 0.0089 0.0140 0.0218 0.0340 0.0531 0.0826 0.1275 0.1915 0.2667 0.3075 0.2667 0.1915 0.1275 0.0826 0.0531 0.0340 0.0218 0.0140 0.0089 0.0057 0.0037 0.0024 0.0015 0.0010 0.0006 0.0004 0.0003 0.0002 0.0001 0.0001 0.0000 0.0000 1.0000 1.0000 1.0000 1.0000 1.0000 1.0000 1.0000 1.0000 1.0000 0.9905 0.6299 0.3991 0.2533 0.1602 0.1015 0.0642 0.0405 0.0256 0.0162 0.0102 0.0064 0.0040 0.0025 0.0016 0.0010 0.0006 0.0004 0.0003
0.0004 0.0006 0.0010 0.0016 0.0025 0.0040 0.0063 0.0100 0.0159 0.0252 0.0400 0.0633 0.1003 0.1587 0.2509 0.3968 0.6264 0.9868 1.0000 1.0000 1.0000 1.0000 1.0000 1.0000 1.0000 1.0000 1.0000 0.0000 0.0000 0.0001 0.0001 0.0002 0.0003 0.0004 0.0006 0.0010 0.0015 0.0024 0.0037 0.0058 0.0091 0.0142 0.0222 0.0346 0.0540 0.0842 0.1309 0.2024 0.3041 0.4233 0.4882 0.4233 0.3041 0.2024 0.1309 0.0842 0.0540 0.0346 0.0222 0.0142 0.0091 0.0058 0.0037 0.0024 0.0015 0.0010 0.0006 0.0004 0.0003 0.0002 0.0001 0.0001 0.0000 0.0000 1.0000 1.0000 1.0000 1.0000 1.0000 1.0000 1.0000 1.0000 1.0000 0.9868 0.6264 0.3968 0.2509 0.1587 0.1003 0.0633 0.0400 0.0252 0.0159 0.0100 0.0063 0.0040 0.0025 0.0016 0.0010 0.0006 0.0004
0.0006 0.0010 0.0016 0.0025 0.0039 0.0062 0.0099 0.0156 0.0248 0.0394 0.0625 0.0990 0.1569 0.2481 0.3931 0.6204 0.9812 1.0000 1.0000 1.0000 1.0000 1.0000 1.0000 1.0000 1.0000 1.0000 0.0000 0.0000 0.0001 0.0001 0.0002 0.0003 0.0004 0.0006 0.0010 0.0016 0.0024 0.0038 0.0059 0.0093 0.0144 0.0225 0.0352 0.0549 0.0857 0.1337 0.2079 0.3207 0.4827 0.6720 0.7750 0.6720 0.4827 0.3207 0.2079 0.1337 0.0857 0.0549 0.0352 0.0225 0.0144 0.0093 0.0059 0.0038 0.0024 0.0016 0.0010 0.0006 0.0004 0.0003 0.0002 0.0001 0.0001 0.0000 0.0000 1.0000 1.0000 1.0000 1.0000 1.0000 1.0000 1.0000 1.0000 1.0000 0.9812 0.6204 0.3931 0.2481 0.1569 0.0990 0.0625 0.0394 0.0248 0.0156 0.0099 0.0062 0.0039 0.0025 0.0016 0.0010 0.0006
0.0010 0.0015 0.0024 0.0039 0.0061 0.0097 0.0154 0.0244 0.0388 0.0614 0.0975 0.1545 0.2448 0.3879 0.6146 0.9719 1.0000 1.0000 1.0000 1.0000 1.0000 1.0000 1.0000 1.0000 1.0000 0.0000 0.0000 0.0001 0.0001 0.0002 0.0003 0.0004 0.0006 0.0010 0.0016 0.0025 0.0039 0.0060 0.0094 0.0147 0.0229 0.0358 0.0559 0.0872 0.1360 0.2119 0.3300 0.5091 0.7662 1.0000 1.0000 1.0000 0.7662 0.5091 0.3300 0.2119 0.1360 0.0872 0.0559 0.0358 0.0229 0.0147 0.0094 0.0060 0.0039 0.0025 0.0016 0.0010 0.0006 0.0004 0.0003 0.0002 0.0001 0.0001 0.0000 0.0000 1.0000 1.0000 1.0000 1.0000 1.0000 1.0000 1.0000 1.0000 1.0000 0.9719 0.6146 0.3879 0.2448 0.1545 0.0975 0.0614 0.0388 0.0244 0.0154 0.0097 0.0061 0.0039 0.0024 0.0015 0.0010
0.0015 0.0024 0.0038 0.0060 0.0095 0.0151 0.0240 0.0381 0.0605 0.0959 0.1522 0.2416 0.3827 0.6064 0.9608 1.0000 1.0000 1.0000 1.0000 1.0000 1.0000 1.0000 1.0000 1.0000 0.0000 0.0000 0.0001 0.0001 0.0002 0.0003 0.0004 0.0007 0.0010 0.0016 0.0025 0.0039 0.0061 0.0096 0.0149 0.0233 0.0363 0.0567 0.0887 0.1384 0.2159 0.3363 0.5238 0.8082 1.0000 1.0000 1.0000 1.0000 1.0000 0.8082 0.5238 0.3363 0.2159 0.1384 0.0887 0.0567 0.0363 0.0233 0.0149 0.0096 0.0061 0.0039 0.0025 0.0016 0.0010 0.0007 0.0004 0.0003 0.0002 0.0001 0.0001 0.0000 0.0000 1.0000 1.0000 1.0000 1.0000 1.0000 1.0000 1.0000 1.0000 1.0000 0.9608 0.6064 0.3827 0.2416 0.1522 0.0959 0.0605 0.0381 0.0240 0.0151 0.0095 0.0060 0.0038 0.0024 0.0015
0.0024 0.0037 0.0059 0.0094 0.0149 0.0236 0.0375 0.0595 0.0944 0.1499 0.2375 0.3770 0.5984 0.9481 1.0000 1.0000 1.0000 1.0000 1.0000 1.0000 1.0000 1.0000 1.0000 0.0000 0.0000 0.0001 0.0001 0.0002 0.0003 0.0004 0.0007 0.0010 0.0016 0.0025 0.0040 0.0062 0.0097 0.0152 0.0236 0.0370 0.0577 0.0900 0.1405 0.2192 0.3421 0.5339 0.8300 1.0000 1.0000 1.0000 1.0000 1.0000 1.0000 1.0000 0.8300 0.5339 0.3421 0.2192 0.1405 0.0900 0.0577 0.0370 0.0236 0.0152 0.0097 0.0062 0.0040 0.0025 0.0016 0.0010 0.0007 0.0004 0.0003 0.0002 0.0001 0.0001 0.0000 0.0000 1.0000 1.0000 1.0000 1.0000 1.0000 1.0000 1.0000 1.0000 1.0000 0.9481 0.5984 0.3770 0.2375 0.1499 0.0944 0.0595 0.0375 0.0236 0.0149 0.0094 0.0059 0.0037 0.0024
0.0037 0.0058 0.0092 0.0146 0.0232 0.0368 0.0585 0.0928 0.1473 0.2339 0.3706 0.5882 0.9338 1.0000 1.0000 1.0000 1.0000 1.0000 1.0000 1.0000 1.0000 1.0000 0.0000 0.0000 0.0001 0.0001 0.0002 0.0003 0.0004 0.0007 0.0010 0.0016 0.0026 0.0040 0.0063 0.0098 0.0154 0.0240 0.0375 0.0586 0.0916 0.1429 0.2230 0.3480 0.5431 0.8475 1.0000 1.0000 1.0000 1.0000 1.0000 1.0000 1.0000 1.0000 1.0000 0.8475 0.5431 0.3480 0.2230 0.1429 0.0916 0.0586 0.0375 0.0240 0.0154 0.0098 0.0063 0.0040 0.0026 0.0016 0.0010 0.0007 0.0004 0.0003 0.0002 0.0001 0.0001 0.0000 0.0000 1.0000 1.0000 1.0000 1.0000 1.0000 1.0000 1.0000 1.0000 1.0000 0.9338 0.5882 0.3706 0.2339 0.1473 0.0928 0.0585 0.0368 0.0232 0.0146 0.0092 0.0058 0.0037
0.0058 0.0091 0.0144 0.0228 0.0363 0.0576 0.0912 0.1448 0.2299 0.3650 0.5783 0.9180 1.0000 1.0000 1.0000 1.0000 1.0000 1.0000 1.0000 1.0000 1.0000 0.0000 0.0000 0.0001 0.0001 0.0002 0.0003 0.0004 0.0007 0.0010 0.0016 0.0026 0.0040 0.0063 0.0099 0.0155 0.0243 0.0380 0.0594 0.0928 0.1451 0.2264 0.3540 0.5525 0.8621 1.0000 1.0000 1.0000 1.0000 1.0000 1.0000 1.0000 1.0000 1.0000 1.0000 1.0000 0.8621 0.5525 0.3540 0.2264 0.1451 0.0928 0.0594 0.0380 0.0243 0.0155 0.0099 0.0063 0.0040 0.0026 0.0016 0.0010 0.0007 0.0004 0.0003 0.0002 0.0001 0.0001 0.0000 0.0000 1.0000 1.0000 1.0000 1.0000 1.0000 1.0000 1.0000 1.0000 1.0000 0.9180 0.5783 0.3650 0.2299 0.1448 0.0912 0.0576 0.0363 0.0228 0.0144 0.0091 0.0058
0.0090 0.0141 0.0225 0.0357 0.0566 0.0899 0.1424 0.2260 0.3588 0.5695 0.9024 1.0000 1.0000 1.0000 1.0000 1.0000 1.0000 1.0000 1.0000 1.0000 0.0000 0.0000 0.0001 0.0001 0.0002 0.0003 0.0004 0.0007 0.0011 0.0017 0.0026 0.0041 0.0064 0.0100 0.0157 0.0246 0.0385 0.0602 0.0940 0.1470 0.2299 0.3588 0.5609 0.8754 1.0000 1.0000 1.0000 1.0000 1.0000 1.0000 1.0000 1.0000 1.0000 1.0000 1.0000 1.0000 1.0000 0.8754 0.5609 0.3588 0.2299 0.1470 0.0940 0.0602 0.0385 0.0246 0.0157 0.0100 0.0064 0.0041 0.0026 0.0017 0.0011 0.0007 0.0004 0.0003 0.0002 0.0001 0.0001 0.0000 0.0000 1.0000 1.0000 1.0000 1.0000 1.0000 1.0000 1.0000 1.0000 1.0000 0.9024 0.5695 0.3588 0.2260 0.1424 0.0899 0.0566 0.0357 0.0225 0.0141 0.0090
0.0141 0.0221 0.0350 0.0556 0.0883 0.1402 0.2222 0.3527 0.5599 0.8888 1.0000 1.0000 1.0000 1.0000 1.0000 1.0000 1.0000 1.0000 1.0000 0.0000 0.0000 0.0001 0.0001 0.0002 0.0003 0.0004 0.0007 0.0011 0.0017 0.0026 0.0041 0.0064 0.0101 0.0158 0.0248 0.0388 0.0607 0.0951 0.1487 0.2330 0.3636 0.5685 0.8888 1.0000 1.0000 1.0000 1.0000 1.0000 1.0000 1.0000 1.0000 1.0000 1.0000 1.0000 1.0000 1.0000 1.0000 1.0000 0.8888 0.5685 0.3636 0.2330 0.1487 0.0951 0.0607 0.0388 0.0248 0.0158 0.0101 0.0064 0.0041 0.0026 0.0017 0.0011 0.0007 0.0004 0.0003 0.0002 0.0001 0.0001 0.0000 0.0000 1.0000 1.0000 1.0000 1.0000 1.0000 1.0000 1.0000 1.0000 1.0000 0.8888 0.5599 0.3527 0.2222 0.1402 0.0883 0.0556 0.0350 0.0221 0.0141
0.0220 0.0345 0.0547 0.0868 0.1378 0.2188 0.3467 0.5504 0.8737 1.0000 1.0000 1.0000 1.0000 1.0000 1.0000 1.0000 1.0000 1.0000 0.0000 0.0000 0.0001 0.0001 0.0002 0.0003 0.0004 0.0007 0.0010 0.0017 0.0026 0.0041 0.0064 0.0101 0.0159 0.0249 0.0391 0.0613 0.0960 0.1504 0.2357 0.3685 0.5761 0.9007 1.0000 1.0000 1.0000 1.0000 1.0000 1.0000 1.0000 1.0000 1.0000 1.0000 1.0000 1.0000 1.0000 1.0000 1.0000 1.0000 1.0000 0.9007 0.5761 0.3685 0.2357 0.1504 0.0960 0.0613 0.0391 0.0249 0.0159 0.0101 0.0064 0.0041 0.0026 0.0017 0.0010 0.0007 0.0004 0.0003 0.0002 0.0001 0.0001 0.0000 0.0000 1.0000 1.0000 1.0000 1.0000 1.0000 1.0000 1.0000 1.0000 1.0000 0.8737 0.5504 0.3467 0.2188 0.1378 0.0868 0.0547 0.0345 0.0220
0.0344 0.0539 0.0854 0.1355 0.2151 0.3415 0.5410 0.8589 1.0000 1.0000 1.0000 1.0000 1.0000 1.0000 1.0000 1.0000 1.0000 0.0000 0.0000 0.0001 0.0001 0.0002 0.0003 0.0004 0.0007 0.0010 0.0016 0.0026 0.0041 0.0064 0.0101 0.0159 0.0250 0.0393 0.0617 0.0968 0.1519 0.2379 0.3720 0.5827 0.9128 1.0000 1.0000 1.0000 1.0000 1.0000 1.0000 1.0000 1.0000 1.0000 1.0000 1.0000 1.0000 1.0000 1.0000 1.0000 1.0000 1.0000 1.0000 1.0000 0.9128 0.5827 0.3720 0.2379 0.1519 0.0968 0.0617 0.0393 0.0250 0.0159 0.0101 0.0064 0.0041 0.0026 0.0016 0.0010 0.0007 0.0004 0.0003 0.0002 0.0001 0.0001 0.0000 0.0000 1.0000 1.0000 1.0000 1.0000 1.0000 1.0000 1.0000 1.0000 1.0000 0.8589 0.5410 0.3415 0.2151 0.1355 0.0854 0.0539 0.0344
0.0537 0.0841 0.1332 0.2114 0.3357 0.5329 0.8443 1.0000 1.0000 1.0000 1.0000 1.0000 1.0000 1.0000 1.0000 1.0000 0.0000 0.0000 0.0001 0.0001 0.0002 0.0003 0.0004 0.0007 0.0010 0.0016 0.0026 0.0041 0.0064 0.0101 0.0159 0.0251 0.0394 0.0619 0.0973 0.1527 0.2397 0.3755 0.5882 0.9215 1.0000 1.0000 1.0000 1.0000 1.0000 1.0000 1.0000 1.0000 1.0000 1.0000 0.0000 1.0000 1.0000 1.0000 1.0000 1.0000 1.0000 1.0000 1.0000 1.0000 1.0000 0.9215 0.5882 0.3755 0.2397 0.1527 0.0973 0.0619 0.0394 0.0251 0.0159 0.0101 0.0064 0.0041 0.0026 0.0016 0.0010 0.0007 0.0004 0.0003 0.0002 0.0001 0.0001 0.0000 0.0000 1.0000 1.0000 1.0000 1.0000 1.0000 1.0000 1.0000 1.0000 1.0000 0.8443 0.5329 0.3357 0.2114 0.1332 0.0841 0.0537
0.0837 0.1312 0.2079 0.3300 0.5238 0.8315 1.0000 1.0000 1.0000 1.0000 1.0000 1.0000 1.0000 1.0000 1.0000 0.0000 0.0000 0.0001 0.0001 0.0002 0.0003 0.0004 0.0006 0.0010 0.0016 0.0026 0.0040 0.0064 0.0101 0.0159 0.0250 0.0394 0.0620 0.0975 0.1533 0.2406 0.3777 0.5927 0.9303 1.0000 1.0000 1.0000 1.0000 1.0000 1.0000 1.0000 1.0000 1.0000 0.0000 0.0000 0.0000 0.0000 0.0000 1.0000 1.0000 1.0000 1.0000 1.0000 1.0000 1.0000 1.0000 1.0000 0.9303 0.5927 0.3777 0.2406 0.1533 0.0975 0.0620 0.0394 0.0250 0.0159 0.0101 0.0064 0.0040 0.0026 0.0016 0.0010 0.0006 0.0004 0.0003 0.0002 0.0001 0.0001 0.0000 0.0000 1.0000 1.0000 1.0000 1.0000 1.0000 1.0000 1.0000 1.0000 1.0000 0.8315 0.5238 0.3300 0.2079 0.1312 0.0837
0.1307 0.2047 0.3244 0.5149 0.8174 1.0000 1.0000 1.0000 1.0000 1.0000 1.0000 1.0000 1.0000 1.0000 0.0000 0.0000 0.0001 0.0001 0.0002 0.0003 0.0004 0.0006 0.0010 0.0016 0.0025 0.0040 0.0063 0.0100 0.0158 0.0249 0.0393 0.0619 0.0975 0.1536 0.2416 0.3791 0.5961 0.9356 1.0000 1.0000 1.0000 1.0000 1.0000 1.0000 1.0000 1.0000 1.0000 0.0000 0.0000 0.0001 0.0001 0.0001 0.0000 0.0000 1.0000 1.0000 1.0000 1.0000 1.0000 1.0000 1.0000 1.0000 1.0000 0.9356 0.5961 0.3791 0.2416 0.1536 0.0975 0.0619 0.0393 0.0249 0.0158 0.0100 0.0063 0.0040 0.0025 0.0016 0.0010 0.0006 0.0004 0.0003 0.0002 0.0001 0.0001 0.0000 0.0000 1.0000 1.0000 1.0000 1.0000 1.0000 1.0000 1.0000 1.0000 1.0000 0.8174 0.5149 0.3244 0.2047 0.1307
0.2039 0.3195 0.5062 0.8036 1.0000 1.0000 1.0000 1.0000 1.0000 1.0000 1.0000 1.0000 1.0000 0.0000 0.0000 0.0001 0.0001 0.0002 0.0003 0.0004 0.0006 0.0010 0.0016 0.0025 0.0040 0.0063 0.0099 0.0157 0.0248 0.0391 0.0617 0.0973 0.1533 0.2416 0.3798 0.5973 0.9392 1.0000 1.0000 1.0000 1.0000 1.0000 1.0000 1.0000 1.0000 1.0000 0.0000 0.0000 0.0001 0.0001 0.0001 0.0001 0.0001 0.0000 0.0000 1.0000 1.0000 1.0000 1.0000 1.0000 1.0000 1.0000 1.0000 1.0000 0.9392 0.5973 0.3798 0.2416 0.1533 0.0973 0.0617 0.0391 0.0248 0.0157 0.0099 0.0063 0.0040 0.0025 0.0016 0.0010 0.0006 0.0004 0.0003 0.0002 0.0001 0.0001 0.0000 0.0000 1.0000 1.0000 1.0000 1.0000 1.0000 1.0000 1.0000 1.0000 1.0000 0.8036 0.5062 0.3195 0.2039
0.3183 0.4985 0.7899 1.0000 1.0000 1.0000 1.0000 1.0000 1.0000 1.0000 1.0000 1.0000 0.0000 0.0000 0.0001 0.0001 0.0002 0.0002 0.0004 0.0006 0.0010 0.0016 0.0025 0.0039 0.0062 0.0098 0.0155 0.0246 0.0388 0.0613 0.0968 0.1527 0.2406 0.3791 0.5973 0.9410 1.0000 1.0000 1.0000 1.0000 1.0000 1.0000 1.0000 1.0000 1.0000 0.0000 0.0000 0.0001 0.0001 0.0001 0.0002 0.0001 0.0001 0.0001 0.0000 0.0000 1.0000 1.0000 1.0000 1.0000 1.0000 1.0000 1.0000 1.0000 1.0000 0.9410 0.5973 0.3791 0.2406 0.1527 0.0968 0.0613 0.0388 0.0246 0.0155 0.0098 0.0062 0.0039 0.0025 0.0016 0.0010 0.0006 0.0004 0.0002 0.0002 0.0001 0.0001 0.0000 0.0000 1.0000 1.0000 1.0000 1.0000 1.0000 1.0000 1.0000 1.0000 1.0000 0.7899 0.4985 0.3183
0.4967 0.7780 1.0000 1.0000 1.0000 1.0000 1.0000 1.0000 1.0000 1.0000 1.0000 0.0000 0.0000 0.0001 0.0001 0.0002 0.0002 0.0004 0.0006 0.0010 0.0015 0.0024 0.0039 0.0061 0.0097 0.0154 0.0243 0.0385 0.0607 0.0960 0.1519 0.2397 0.3777 0.5961 0.9392 1.0000 1.0000 1.0000 1.0000 1.0000 1.0000 1.0000 1.0000 1.0000 0.0000 0.0000 0.0001 0.0001 0.0001 0.0002 0.0002 0.0002 0.0001 0.0001 0.0001 0.0000 0.0000 1.0000 1.0000 1.0000 1.0000 1.0000 1.0000 1.0000 1.0000 1.0000 0.9392 0.5961 0.3777 0.2397 0.1519 0.0960 0.0607 0.0385 0.0243 0.0154 0.0097 0.0061 0.0039 0.0024 0.0015 0.0010 0.0006 0.0004 0.0002 0.0002 0.0001 0.0001 0.0000 0.0000 1.0000 1.0000 1.0000 1.0000 1.0000 1.0000 1.0000 1.0000 1.0000 0.7780 0.4967
0.7750 1.0000 1.0000 1.0000 1.0000 1.0000 1.0000 1.0000 1.0000 1.0000 0.0000 0.0000 0.0001 0.0001 0.0001 0.0002 0.0004 0.0006 0.0010 0.0015 0.0024 0.0038 0.0060 0.0096 0.0152 0.0240 0.0380 0.0602 0.0951 0.1504 0.2379 0.3755 0.5927 0.9356 1.0000 1.0000 1.0000 1.0000 1.0000 1.0000 1.0000 1.0000 1.0000 0.0000 0.0000 0.0001 0.0001 0.0002 0.0002 0.0003 0.0004 0.0003 0.0002 0.0002 0.0001 0.0001 0.0000 0.0000 1.0000 1.0000 1.0000 1.0000 1.0000 1.0000 1.0000 1.0000 1.0000 0.9356 0.5927 0.3755 0.2379 0.1504 0.0951 0.0602 0.0380 0.0240 0.0152 0.0096 0.0060 0.0038 0.0024 0.0015 0.0010 0.0006 0.0004 0.0002 0.0001 0.0001 0.0001 0.0000 0.0000 1.0000 1.0000 1.0000 1.0000 1.0000 1.0000 1.0000 1.0000 1.0000 0.7750
1.0000 1.0000 1.0000 1.0000 1.0000 1.0000 1.0000 1.0000 1.0000 0.0000 0.0000 0.0001 0.0001 0.0001 0.0002 0.0004 0.0006 0.0009 0.0015 0.0024 0.0037 0.0059 0.0094 0.0149 0.0236 0.0375 0.0594 0.0940 0.1487 0.2357 0.3720 0.5882 0.9303 1.0000 1.0000 1.0000 1.0000 1.0000 1.0000 1.0000 1.0000 1.0000 0.0000 0.0000 0.0001 0.0001 0.0002 0.0002 0.0004 0.0005 0.0006 0.0005 0.0004 0.0002 0.0002 0.0001 0.0001 0.0000 0.0000 1.0000 1.0000 1.0000 1.0000 1.0000 1.0000 1.0000 1.0000 1.0000 0.9303 0.5882 0.3720 0.2357 0.1487 0.0940 0.0594 0.0375 0.0236 0.0149 0.0094 0.0059 0.0037 0.0024 0.0015 0.0009 0.0006 0.0004 0.0002 0.0001 0.0001 0.0001 0.0000 0.0000 1.0000 1.0000 1.0000 1.0000 1.0000 1.0000 1.0000 1.0000 1.0000
1.0000 1.0000 1.0000 1.0000 1.0000 1.0000 1.0000 1.0000 0.0000 0.0000 0.0001 0.0001 0.0001 0.0002 0.0004 0.0006 0.0009 0.0015 0.0023 0.0037 0.0058 0.0093 0.0147 0.0233 0.0370 0.0586 0.0928 0.1470 0.2330 0.3685 0.5827 0.9215 1.0000 1.0000 1.0000 1.0000 1.0000 1.0000 1.0000 1.0000 1.0000 0.0000 0.0000 0.0001 0.0001 0.0002 0.0003 0.0004 0.0006 0.0008 0.0010 0.0008 0.0006 0.0004 0.0003 0.0002 0.0001 0.0001 0.0000 0.0000 1.0000 1.0000 1.0000 1.0000 1.0000 1.0000 1.0000 1.0000 1.0000 0.9215 0.5827 0.3685 0.2330 0.1470 0.0928 0.0586 0.0370 0.0233 0.0147 0.0093 0.0058 0.0037 0.0023 0.0015 0.0009 0.0006 0.0004 0.0002 0.0001 0.0001 0.0001 0.0000 0.0000 1.0000 1.0000 1.0000 1.0000 1.0000 1.0000 1.0000 1.0000
1.0000 1.0000 1.0000 1.0000 1.0000 1.0000 1.0000 0.0000 0.0000 0.0001 0.0001 0.0001 0.0002 0.0004 0.0006 0.0009 0.0014 0.0023 0.0036 0.0057 0.0091 0.0144 0.0229 0.0363 0.0577 0.0916 0.1451 0.2299 0.3636 0.5761 0.9128 1.0000 1.0000 1.0000 1.0000 1.0000 1.0000 1.0000 1.0000 1.0000 0.0000 0.0000 0.0001 0.0001 0.0002 0.0003 0.0004 0.0006 0.0009 0.0013 0.0015 0.0013 0.0009 0.0006 0.0004 0.0003 0.0002 0.0001 0.0001 0.0000 0.0000 1.0000 1.0000 1.0000 1.0000 1.0000 1.0000 1.0000 1.0000 1.0000 0.9128 0.5761 0.3636 0.2299 0.1451 0.0916 0.0577 0.0363 0.0229 0.0144 0.0091 0.0057 0.0036 0.0023 0.0014 0.0009 0.0006 0.0004 0.0002 0.0001 0.0001 0.0001 0.0000 0.0000 1.0000 1.0000 1.0000 1.0000 1.0000 1.0000 1.0000
1.0000 1.0000 1.0000 1.0000 1.0000 1.0000 0.0000 0.0000 0.0001 0.0001 0.0001 0.0002 0.0004 0.0006 0.0009 0.0014 0.0022 0.0036 0.0056 0.0089 0.0142 0.0225 0.0358 0.0567 0.0900 0.1429 0.2264 0.3588 0.5685 0.9007 1.0000 1.0000 1.0000 1.0000 1.0000 1.0000 1.0000 1.0000 1.0000 0.0000 0.0000 0.0001 0.0001 0.0002 0.0003 0.0004 0.0006 0.0010 0.0015 0.0021 0.0024 0.0021 0.0015 0.0010 0.0006 0.0004 0.0003 0.0002 0.0001 0.0001 0.0000 0.0000 1.0000 1.0000 1.0000 1.0000 1.0000 1.0000 1.0000 1.0000 1.0000 0.9007 0.5685 0.3588 0.2264 0.1429 0.0900 0.0567 0.0358 0.0225 0.0142 0.0089 0.0056 0.0036 0.0022 0.0014 0.0009 0.0006 0.0004 0.0002 0.0001 0.0001 0.0001 0.0000 0.0000 1.0000 1.0000 1.0000 1.0000 1.0000 1.0000
1.0000 1.0000 1.0000 1.0000 1.0000 0.0000 0.0000 0.0001 0.0001 0.0001 0.0002 0.0003 0.0006 0.0009 0.0014 0.0022 0.0035 0.0056 0.0088 0.0140 0.0222 0.0352 0.0559 0.0887 0.1405 0.2230 0.3540 0.5609 0.8888 1.0000 1.0000 1.0000 1.0000 1.0000 1.0000 1.0000 1.0000 1.0000 0.0000 0.0000 0.0001 0.0001 0.0002 0.0003 0.0004 0.0006 0.0010 0.0015 0.0023 0.0033 0.0038 0.0033 0.0023 0.0015 0.0010 0.0006 0.0004 0.0003 0.0002 0.0001 0.0001 0.0000 0.0000 1.0000 1.0000 1.0000 1.0000 1.0000 1.0000 1.0000 1.0000 1.0000 0.8888 0.5609 0.3540 0.2230 0.1405 0.0887 0.0559 0.0352 0.0222 0.0140 0.0088 0.0056 0.0035 0.0022 0.0014 0.0009 0.0006 0.0003 0.0002 0.0001 0.0001 0.0001 0.0000 0.0000 1.0000 1.0000 1.0000 1.0000 1.0000
1.0000 1.0000 1.0000 1.0000 0.0000 0.0000 0.0001 0.0001 0.0001 0.0002 0.0003 0.0005 0.0009 0.0014 0.0022 0.0034 0.0055 0.0087 0.0138 0.0218 0.0346 0.0549 0.0872 0.1384 0.2192 0.3480 0.5525 0.8754 1.0000 1.0000 1.0000 1.0000 1.0000 1.0000 1.0000 1.0000 1.0000 0.0000 0.0000 0.0001 0.0001 0.0002 0.0003 0.0004 0.0006 0.0010 0.0016 0.0024 0.0037 0.0051 0.0059 0.0051 0.0037 0.0024 0.0016 0.0010 0.0006 0.0004 0.0003 0.0002 0.0001 0.0001 0.0000 0.0000 1.0000 1.0000 1.0000 1.0000 1.0000 1.0000 1.0000 1.0000 1.0000 0.8754 0.5525 0.3480 0.2192 0.1384 0.0872 0.0549 0.0346 0.0218 0.0138 0.0087 0.0055 0.0034 0.0022 0.0014 0.0009 0.0005 0.0003 0.0002 0.0001 0.0001 0.0001 0.0000 0.0000 1.0000 1.0000 1.0000 1.0000
1.0000 1.0000 1.0000 0.0000 0.0000 0.0001 0.0001 0.0001 0.0002 0.0003 0.0005 0.0008 0.0013 0.0021 0.0034 0.0054 0.0085 0.0135 0.0215 0.0340 0.0540 0.0857 0.1360 0.2159 0.3421 0.5431 0.8621 1.0000 1.0000 1.0000 1.0000 1.0000 1.0000 1.0000 1.0000 1.0000 0.0000 0.0000 0.0001 0.0001 0.0002 0.0003 0.0004 0.0006 0.0010 0.0016 0.0025 0.0038 0.0058 0.0081 0.0094 0.0081 0.0058 0.0038 0.0025 0.0016 0.0010 0.0006 0.0004 0.0003 0.0002 0.0001 0.0001 0.0000 0.0000 1.0000 1.0000 1.0000 1.0000 1.0000 1.0000 1.0000 1.0000 1.0000 0.8621 0.5431 0.3421 0.2159 0.1360 0.0857 0.0540 0.0340 0.0215 0.0135 0.0085 0.0054 0.0034 0.0021 0.0013 0.0008 0.0005 0.0003 0.0002 0.0001 0.0001 0.0001 0.0000 0.0000 1.0000 1.0000 1.0000
1.0000 1.0000 1.0000 0.0000 0.0001 0.0001 0.0001 0.0002 0.0003 0.0005 0.0008 0.0013 0.0021 0.0033 0.0053 0.0084 0.0133 0.0211 0.0334 0.0531 0.0842 0.1337 0.2119 0.3363 0.5339 0.8475 1.0000 1.0000 1.0000 1.0000 1.0000 1.0000 1.0000 1.0000 1.0000 0.0000 0.0000 0.0001 0.0001 0.0002 0.0003 0.0004 0.0006 0.0010 0.0016 0.0025 0.0039 0.0060 0.0091 0.0128 0.0148 0.0128 0.0091 0.0060 0.0039 0.0025 0.0016 0.0010 0.0006 0.0004 0.0003 0.0002 0.0001 0.0001 0.0000 0.0000 1.0000 1.0000 1.0000 1.0000 1.0000 1.0000 1.0000 1.0000 1.0000 0.8475 0.5339 0.3363 0.2119 0.1337 0.0842 0.0531 0.0334 0.0211 0.0133 0.0084 0.0053 0.0033 0.0021 0.0013 0.0008 0.0005 0.0003 0.0002 0.0001 0.0001 0.0001 0.0000 1.0000 1.0000 1.0000
1.0000 1.0000 0.0000 0.0001 0.0001 0.0001 0.0002 0.0003 0.0005 0.0008 0.0013 0.0021 0.0033 0.0052 0.0082 0.0130 0.0207 0.0328 0.0521 0.0826 0.1309 0.2079 0.3300 0.5238 0.8300 1.0000 1.0000 1.0000 1.0000 1.0000 1.0000 1.0000 1.0000 1.0000 0.0000 0.0000 0.0001 0.0001 0.0002 0.0003 0.0004 0.0006 0.0010 0.0016 0.0025 0.0039 0.0061 0.0095 0.0143 0.0201 0.0232 0.0201 0.0143 0.0095 0.0061 0.0039 0.0025 0.0016 0.0010 0.0006 0.0004 0.0003 0.0002 0.0001 0.0001 0.0000 0.0000 1.0000 1.0000 1.0000 1.0000 1.0000 1.0000 1.0000 1.0000 1.0000 0.8300 0.5238 0.3300 0.2079 0.1309 0.0826 0.0521 0.0328 0.0207 0.0130 0.0082 0.0052 0.0033 0.0021 0.0013 0.0008 0.0005 0.0003 0.0002 0.0001 0.0001 0.0001 0.0000 1.0000 1.0000
1.0000 0.0000 0.0000 0.0001 0.0001 0.0002 0.0003 0.0005 0.0008 0.0013 0.0020 0.0032 0.0050 0.0080 0.0127 0.0201 0.0319 0.0506 0.0803 0.1275 0.2024 0.3207 0.5091 0.8082 1.0000 1.0000 1.0000 1.0000 1.0000 1.0000 1.0000 1.0000 1.0000 0.0000 0.0000 0.0001 0.0001 0.0002 0.0002 0.0004 0.0006 0.0010 0.0015 0.0024 0.0038 0.0060 0.0095 0.0147 0.0223 0.0312 0.0361 0.0312 0.0223 0.0147 0.0095 0.0060 0.0038 0.0024 0.0015 0.0010 0.0006 0.0004 0.0002 0.0002 0.0001 0.0001 0.0000 0.0000 1.0000 1.0000 1.0000 1.0000 1.0000 1.0000 1.0000 1.0000 1.0000 0.8082 0.5091 0.3207 0.2024 0.1275 0.0803 0.0506 0.0319 0.0201 0.0127 0.0080 0.0050 0.0032 0.0020 0.0013 0.0008 0.0005 0.0003 0.0002 0.0001 0.0001 0.0000 0.0000 1.0000
0.0000 0.0000 0.0001 0.0001 0.0002 0.0003 0.0005 0.0007 0.0012 0.0019 0.0030 0.0048 0.0076 0.0120 0.0190 0.0302 0.0480 0.0760 0.1207 0.1915 0.3041 0.4827 0.7662 1.0000 1.0000 1.0000 1.0000 1.0000 1.0000 1.0000 1.0000 1.0000 0.0000 0.0000 0.0001 0.0001 0.0001 0.0002 0.0004 0.0006 0.0009 0.0015 0.0023 0.0037 0.0058 0.0091 0.0143 0.0223 0.0337 0.0472 0.0545 0.0472 0.0337 0.0223 0.0143 0.0091 0.0058 0.0037 0.0023 0.0015 0.0009 0.0006 0.0004 0.0002 0.0001 0.0001 0.0001 0.0000 0.0000 1.0000 1.0000 1.0000 1.0000 1.0000 1.0000 1.0000 1.0000 1.0000 0.7662 0.4827 0.3041 0.1915 0.1207 0.0760 0.0480 0.0302 0.0190 0.0120 0.0076 0.0048 0.0030 0.0019 0.0012 0.0007 0.0005 0.0003 0.0002 0.0001 0.0001 0.0000 0.0000
0.0000 0.0001 0.0001 0.0002 0.0003 0.0004 0.0007 0.0010 0.0017 0.0026 0.0042 0.0066 0.0105 0.0167 0.0265 0.0420 0.0667 0.1058 0.1680 0.2667 0.4233 0.6707 1.0000 1.0000 1.0000 1.0000 1.0000 1.0000 1.0000 1.0000 1.0000 1.0000 0.0000 0.0001 0.0001 0.0001 0.0002 0.0003 0.0005 0.0008 0.0013 0.0021 0.0033 0.0051 0.0081 0.0128 0.0201 0.0312 0.0472 0.0657 0.0756 0.0657 0.0472 0.0312 0.0201 0.0128 0.0081 0.0051 0.0033 0.0021 0.0013 0.0008 0.0005 0.0003 0.0002 0.0001 0.0001 0.0001 0.0000 1.0000 1.0000 1.0000 1.0000 1.0000 1.0000 1.0000 1.0000 1.0000 1.0000 0.6720 0.4233 0.2667 0.1680 0.1058 0.0667 0.0420 0.0265 0.0167 0.0105 0.0066 0.0042 0.0026 0.0017 0.0010 0.0007 0.0004 0.0003 0.0002 0.0001 0.0001 0.0000
0.0000 0.0001 0.0001 0.0002 0.0003 0.0005 0.0008 0.0012 0.0019 0.0030 0.0048 0.0076 0.0121 0.0193 0.0305 0.0484 0.0769 0.1220 0.1937 0.3075 0.4882 0.7750 1.0000 1.0000 1.0000 1.0000 1.0000 1.0000 1.0000 1.0000 1.0000 0.0000 0.0000 0.0001 0.0001 0.0002 0.0002 0.0004 0.0006 0.0010 0.0015 0.0024 0.0038 0.0059 0.0094 0.0148 0.0232 0.0361 0.0545 0.0756 0.0867 0.0756 0.0545 0.0361 0.0232 0.0148 0.0094 0.0059 0.0038 0.0024 0.0015 0.0010 0.0006 0.0004 0.0002 0.0002 0.0001 0.0001 0.0000 0.0000 1.0000 1.0000 1.0000 1.0000 1.0000 1.0000 1.0000 1.0000 1.0000 0.7750 0.4882 0.3075 0.1937 0.1220 0.0769 0.0484 0.0305 0.0193 0.0121 0.0076 0.0048 0.0030 0.0019 0.0012 0.0008 0.0005 0.0003 0.0002 0.0001 0.0001 0.0000
0.0000 0.0001 0.0001 0.0002 0.0003 0.0004 0.0007 0.0010 0.0017 0.0026 0.0042 0.0066 0.0105 0.0167 0.0265 0.0420 0.0667 0.1058 0.1680 0.2667 0.4233 0.6707 1.0000 1.0000 1.0000 1.0000 1.0000 1.0000 1.0000 1.0000 1.0000 1.0000 0.0000 0.0001 0.0001 0.0001 0.0002 0.0003 0.0005 0.0008 0.0013 0.0021 0.0033 0.0051 0.0081 0.0128 0.0201 0.0312 0.0472 0.0657 0.0756 0.0657 0.0472 0.0312 0.0201 0.0128 0.0081 0.0051 0.0033 0.0021 0.0013 0.0008 0.0005 0.0003 0.0002 0.0001 0.0001 0.0001 0.0000 1.0000 1.0000 1.0000 1.0000 1.0000 1.0000 1.0000 1.0000 1.0000 1.0000 0.6720 0.4233 0.2667 0.1680 0.1058 0.0667 0.0420 0.0265 0.0167 0.0105 0.0066 0.0042 0.0026 0.0017 0.0010 0.0007 0.0004 0.0003 0.0002 0.0001 0.0001 0.0000
0.0000 0.0000 0.0001 0.0001 0.0002 0.0003 0.0005 0.0007 0.0012 0.0019 0.0030 0.0048 0.0076 0.0120 0.0190 0.0302 0.0480 0.0760 0.1207 0.1915 0.3041 0.4827 0.7662 1.0000 1.0000 1.0000 1.0000 1.0000 1.0000 1.0000 1.0000 1.0000 0.0000 0.0000 0.0001 0.0001 0.0001 0.0002 0.0004 0.0006 0.0009 0.0015 0.0023 0.0037 0.0058 0.0091 0.0143 0.0223 0.0337 0.0472 0.0545 0.0472 0.0337 0.0223 0.0143 0.0091 0.0058 0.0037 0.0023 0.0015 0.0009 0.0006 0.0004 0.0002 0.0001 0.0001 0.0001 0.0000 0.0000 1.0000 1.0000 1.0000 1.0000 1.0000 1.0000 1.0000 1.0000 1.0000 0.7662 0.4827 0.3041 0.1915 0.1207 0.0760 0.0480 0.0302 0.0190 0.0120 0.0076 0.0048 0.0030 0.0019 0.0012 0.0007 0.0005 0.0003 0.0002 0.0001 0.0001 0.0000 0.0000
1.0000 0.0000 0.0000 0.0001 0.0001 0.0002 0.0003 0.0005 0.0008 0.0013 0.0020 0.0032 0.0050 0.0080 0.0127 0.0201 0.0319 0.0506 0.0803 0.1275 0.2024 0.3207 0.5091 0.8082 1.0000 1.0000 1.0000 1.0000 1.0000 1.0000 1.0000 1.0000 1.0000 0.0000 0.0000 0.0001 0.0001 0.0002 0.0002 0.0004 0.0006 0.0010 0.0015 0.0024 0.0038 0.0060 0.0095 0.0147 0.0223 0.0312 0.0361 0.0312 0.0223 0.0147 0.0095 0.0060 0.0038 0.0024 0.0015 0.0010 0.0006 0.0004 0.0002 0.0002 0.0001 0.0001 0.0000 0.0000 1.0000 1.0000 1.0000 1.0000 1.0000 1.0000 1.0000 1.0000 1.0000 0.8082 0.5091 0.3207 0.2024 0.1275 0.0803 0.0506 0.0319 0.0201 0.0127 0.0080 0.0050 0.0032 0.0020 0.0013 0.0008 0.0005 0.0003 0.0002 0.0001 0.0001 0.0000 0.0000 1.0000
1.0000 1.0000 0.0000 0.0001 0.0001 0.0001 0.0002 0.0003 0.0005 0.0008 0.0013 0.0021 0.0033 0.0052 0.0082 0.0130 0.0207 0.0328 0.0521 0.0826 0.1309 0.2079 0.3300 0.5238 0.8300 1.0000 1.0000 1.0000 1.0000 1.0000 1.0000 1.0000 1.0000 1.0000 0.0000 0.0000 0.0001 0.0001 0.0002 0.0003 0.0004 0.0006 0.0010 0.0016 0.0025 0.0039 0.0061 0.0095 0.0143 0.0201 0.0232 0.0201 0.0143 0.0095 0.0061 0.0039 0.0025 0.0016 0.0010 0.0006 0.0004 0.0003 0.0002 0.0001 0.0001 0.0000 0.0000 1.0000 1.0000 1.0000 1.0000 1.0000 1.0000 1.0000 1.0000 1.0000 0.8300 0.5238 0.3300 0.2079 0.1309 0.0826 0.0521 0.0328 0.0207 0.0130 0.0082 0.0052 0.0033 0.0021 0.0013 0.0008 0.0005 0.0003 0.0002 0.0001 0.0001 0.0001 0.0000 1.0000 1.0000
1.0000 1.0000 1.0000 0.0000 0.0001 0.0001 0.0001 0.0002 0.0003 0.0005 0.0008 0.0013 0.0021 0.0033 0.0053 0.0084 0.0133 0.0211 0.0334 0.0531 0.0842 0.1337 0.2119 0.3363 0.5339 0.8475 1.0000 1.0000 1.0000 1.0000 1.0000 1.0000 1.0000 1.0000 1.0000 0.0000 0.0000 0.0001 0.0001 0.0002 0.0003 0.0004 0.0006 0.0010 0.0016 0.0025 0.0039 0.0060 0.0091 0.0128 0.0148 0.0128 0.0091 0.0060 0.0039 0.0025 0.0016 0.0010 0.0006 0.0004 0.0003 0.0002 0.0001 0.0001 0.0000 0.0000 1.0000 1.0000 1.0000 1.0000 1.0000 1.0000 1.0000 1.0000 1.0000 0.8475 0.5339 0.3363 0.2119 0.1337 0.0842 0.0531 0.0334 0.0211 0.0133 0.0084 0.0053 0.0033 0.0021 0.0013 0.0008 0.0005 0.0003 0.0002 0.0001 0.0001 0.0001 0.0000 1.0000 1.0000 1.0000
