-0.2439 -0.2718 -0.0115 0.1734 0.0044 -0.2295 -0.2804 -0.2796 -0.1018 0.1195 0.1752 -0.1893 -0.2705 -0.2867 -0.2049 0.0793 0.2299 -0.1474 -0.2580 -0.2889 -0.2579 0.0372 0.2098 -0.0899 -0.2436 -0.2861 -0.2721 -0.0216 0.1629 0.0296 -0.2232 -0.2791 -0.2810 -0.1188 0.1131 0.1922 -0.1833 -0.2687 -0.2873 -0.2165 0.0734 0.2296 -0.1402 -0.2559 -0.2888 -0.2618 0.0299 0.2045 -0.0784 -0.2401 -0.2756 -0.2401 -0.0784 0.2045 0.0299 -0.2618 -0.2888 -0.2559 -0.1402 0.2296 0.0734 -0.2165 -0.2873 -0.2687 -0.1833 0.1922 0.1131 -0.1188 -0.2810 -0.2791 -0.2232 0.0296 0.1629 -0.0216 -0.2721 -0.2861 -0.2436 -0.0899 0.2098 0.0372 -0.2579 -0.2889 -0.2580 -0.1474 0.2299 0.0793 -0.2049 -0.2867 -0.2705 -0.1893 0.1752 0.1195 -0.1018 -0.2796 -0.2804 -0.2295 0.0044 0.1734 -0.0115 -0.2718 -0.2439
-0.2718 0.0059 0.1679 0.0456 -0.2782 -0.3294 -0.3143 -0.0929 0.1166 0.2156 -0.2125 -0.3216 -0.3266 -0.2111 0.0812 0.2406 -0.1542 -0.3108 -0.3327 -0.2785 0.0429 0.2096 -0.0779 -0.2979 -0.3331 -0.3013 -0.0123 0.1541 0.0834 -0.2662 -0.3285 -0.3167 -0.1114 0.1109 0.2268 -0.2036 -0.3201 -0.3279 -0.2253 0.0758 0.2377 -0.1446 -0.3090 -0.3331 -0.2839 0.0361 0.2036 -0.0617 -0.2961 -0.3408 -0.3531 -0.3408 -0.2961 -0.0617 0.2036 0.0361 -0.2839 -0.3331 -0.3090 -0.1446 0.2377 0.0758 -0.2253 -0.3279 -0.3201 -0.2036 0.2268 0.1109 -0.1114 -0.3167 -0.3285 -0.2662 0.0834 0.1541 -0.0123 -0.3013 -0.3331 -0.2979 -0.0779 0.2096 0.0429 -0.2785 -0.3327 -0.3108 -0.1542 0.2406 0.0812 -0.2111 -0.3266 -0.3216 -0.2125 0.2156 0.1166 -0.0929 -0.3143 -0.3294 -0.2782 0.0456 0.1679 0.0059 -0.2718
-0.0115 0.1679 0.0661 -0.2665 -0.3276 -0.3168 -0.1240 0.1061 0.2323 -0.1979 -0.3188 -0.3284 -0.2348 0.0707 0.2352 -0.1378 -0.3074 -0.3330 -0.2869 0.0298 0.1993 -0.0484 -0.2941 -0.3319 -0.3049 -0.0340 0.1401 0.1354 -0.2489 -0.3263 -0.3197 -0.1449 0.1003 0.2384 -0.1889 -0.3172 -0.3295 -0.2463 0.0651 0.2309 -0.1274 -0.3055 -0.3332 -0.2907 0.0223 0.1915 -0.0274 -0.2920 -0.3313 -0.3208 -0.2261 -0.3208 -0.3313 -0.2920 -0.0274 0.1915 0.0223 -0.2907 -0.3332 -0.3055 -0.1274 0.2309 0.0651 -0.2463 -0.3295 -0.3172 -0.1889 0.2384 0.1003 -0.1449 -0.3197 -0.3263 -0.2489 0.1354 0.1401 -0.0340 -0.3049 -0.3319 -0.2941 -0.0484 0.1993 0.0298 -0.2869 -0.3330 -0.3074 -0.1378 0.2352 0.0707 -0.2348 -0.3284 -0.3188 -0.1979 0.2323 0.1061 -0.1240 -0.3168 -0.3276 -0.2665 0.0661 0.1679 -0.0115
0.1734 0.0456 -0.2665 -0.3269 -0.3185 -0.1470 0.0987 0.2402 -0.1841 -0.3162 -0.3301 -0.2532 0.0613 0.2276 -0.1199 -0.3041 -0.3332 -0.2929 0.0169 0.1854 -0.0111 -0.2905 -0.3309 -0.3090 -0.0576 0.1285 0.1780 -0.2326 -0.3243 -0.3228 -0.1757 0.0915 0.2427 -0.1742 -0.3144 -0.3310 -0.2625 0.0555 0.2223 -0.1082 -0.3022 -0.3332 -0.2956 0.0083 0.1754 0.0155 -0.2858 -0.3301 -0.3109 -0.0686 0.0635 -0.0686 -0.3109 -0.3301 -0.2858 0.0155 0.1754 0.0083 -0.2956 -0.3332 -0.3022 -0.1082 0.2223 0.0555 -0.2625 -0.3310 -0.3144 -0.1742 0.2427 0.0915 -0.1757 -0.3228 -0.3243 -0.2326 0.1780 0.1285 -0.0576 -0.3090 -0.3309 -0.2905 -0.0111 0.1854 0.0169 -0.2929 -0.3332 -0.3041 -0.1199 0.2276 0.0613 -0.2532 -0.3301 -0.3162 -0.1841 0.2402 0.0987 -0.1470 -0.3185 -0.3269 -0.2665 0.0456 0.1734
0.0044 -0.2782 -0.3276 -0.3185 -0.1558 0.0942 0.2426 -0.1724 -0.3136 -0.3312 -0.2674 0.0516 0.2186 -0.0996 -0.3008 -0.3331 -0.2973 0.0019 0.1681 0.0357 -0.2810 -0.3296 -0.3129 -0.0853 0.1182 0.2088 -0.2171 -0.3220 -0.3254 -0.2039 0.0826 0.2418 -0.1590 -0.3114 -0.3321 -0.2751 0.0451 0.2127 -0.0857 -0.2987 -0.3329 -0.2996 -0.0080 0.1584 0.0669 -0.2720 -0.3287 -0.3150 -0.1013 0.1076 0.2048 0.1076 -0.1013 -0.3150 -0.3287 -0.2720 0.0669 0.1584 -0.0080 -0.2996 -0.3329 -0.2987 -0.0857 0.2127 0.0451 -0.2751 -0.3321 -0.3114 -0.1590 0.2418 0.0826 -0.2039 -0.3254 -0.3220 -0.2171 0.2088 0.1182 -0.0853 -0.3129 -0.3296 -0.2810 0.0357 0.1681 0.0019 -0.2973 -0.3331 -0.3008 -0.0996 0.2186 0.0516 -0.2674 -0.3312 -0.3136 -0.1724 0.2426 0.0942 -0.1558 -0.3185 -0.3276 -0.2782 0.0044
-0.2295 -0.3294 -0.3168 -0.1470 0.0942 0.2428 -0.1653 -0.3118 -0.3319 -0.2771 0.0421 0.2095 -0.0765 -0.2974 -0.3326 -0.3013 -0.0155 0.1523 0.0889 -0.2645 -0.3280 -0.3166 -0.1160 0.1086 0.2285 -0.2022 -0.3196 -0.3277 -0.2281 0.0736 0.2372 -0.1430 -0.3084 -0.3328 -0.2845 0.0337 0.2026 -0.0583 -0.2952 -0.3322 -0.3037 -0.0272 0.1441 0.1200 -0.2541 -0.3269 -0.3187 -0.1348 0.1032 0.2402 -0.0749 0.2402 0.1032 -0.1348 -0.3187 -0.3269 -0.2541 0.1200 0.1441 -0.0272 -0.3037 -0.3322 -0.2952 -0.0583 0.2026 0.0337 -0.2845 -0.3328 -0.3084 -0.1430 0.2372 0.0736 -0.2281 -0.3277 -0.3196 -0.2022 0.2285 0.1086 -0.1160 -0.3166 -0.3280 -0.2645 0.0889 0.1523 -0.0155 -0.3013 -0.3326 -0.2974 -0.0765 0.2095 0.0421 -0.2771 -0.3319 -0.3118 -0.1653 0.2428 0.0942 -0.1470 -0.3168 -0.3294 -0.2295
-0.2804 -0.3143 -0.1240 0.0987 0.2426 -0.1653 -0.3110 -0.3321 -0.2827 0.0339 0.2012 -0.0512 -0.2941 -0.3318 -0.3052 -0.0357 0.1390 0.1400 -0.2472 -0.3261 -0.3200 -0.1479 0.0995 0.2391 -0.1875 -0.3169 -0.3296 -0.2480 0.0643 0.2301 -0.1257 -0.3052 -0.3332 -0.2913 0.0211 0.1900 -0.0237 -0.2916 -0.3313 -0.3078 -0.0499 0.1320 0.1660 -0.2375 -0.3249 -0.3218 -0.1664 0.0943 0.2418 -0.1746 -0.2940 -0.1746 0.2418 0.0943 -0.1664 -0.3218 -0.3249 -0.2375 0.1660 0.1320 -0.0499 -0.3078 -0.3313 -0.2916 -0.0237 0.1900 0.0211 -0.2913 -0.3332 -0.3052 -0.1257 0.2301 0.0643 -0.2480 -0.3296 -0.3169 -0.1875 0.2391 0.0995 -0.1479 -0.3200 -0.3261 -0.2472 0.1400 0.1390 -0.0357 -0.3052 -0.3318 -0.2941 -0.0512 0.2012 0.0339 -0.2827 -0.3321 -0.3110 -0.1653 0.2426 0.0987 -0.1240 -0.3143 -0.2804
-0.2796 -0.0929 0.1061 0.2402 -0.1724 -0.3118 -0.3321 -0.2845 0.0289 0.1954 -0.0272 -0.2913 -0.3309 -0.3087 -0.0581 0.1280 0.1808 -0.2312 -0.3240 -0.3230 -0.1787 0.0906 0.2428 -0.1727 -0.3141 -0.3311 -0.2639 0.0545 0.2214 -0.1061 -0.3018 -0.3332 -0.2961 0.0068 0.1736 0.0202 -0.2846 -0.3300 -0.3117 -0.0764 0.1213 0.2005 -0.2219 -0.3227 -0.3246 -0.1955 0.0854 0.2425 -0.1642 -0.3147 -0.3429 -0.3147 -0.1642 0.2425 0.0854 -0.1955 -0.3246 -0.3227 -0.2219 0.2005 0.1213 -0.0764 -0.3117 -0.3300 -0.2846 0.0202 0.1736 0.0068 -0.2961 -0.3332 -0.3018 -0.1061 0.2214 0.0545 -0.2639 -0.3311 -0.3141 -0.1727 0.2428 0.0906 -0.1787 -0.3230 -0.3240 -0.2312 0.1808 0.1280 -0.0581 -0.3087 -0.3309 -0.2913 -0.0272 0.1954 0.0289 -0.2845 -0.3321 -0.3118 -0.1724 0.2402 0.1061 -0.0929 -0.2796
-0.1018 0.1166 0.2323 -0.1841 -0.3136 -0.3319 -0.2827 0.0289 0.1933 -0.0119 -0.2893 -0.3300 -0.3116 -0.0806 0.1189 0.2086 -0.2165 -0.3218 -0.3256 -0.2063 0.0817 0.2415 -0.1575 -0.3112 -0.3322 -0.2761 0.0440 0.2118 -0.0832 -0.2984 -0.3328 -0.3000 -0.0098 0.1569 0.0722 -0.2702 -0.3285 -0.3155 -0.1063 0.1115 0.2234 -0.2068 -0.3203 -0.3271 -0.2210 0.0764 0.2389 -0.1481 -0.3095 -0.3440 -0.3432 -0.3440 -0.3095 -0.1481 0.2389 0.0764 -0.2210 -0.3271 -0.3203 -0.2068 0.2234 0.1115 -0.1063 -0.3155 -0.3285 -0.2702 0.0722 0.1569 -0.0098 -0.3000 -0.3328 -0.2984 -0.0832 0.2118 0.0440 -0.2761 -0.3322 -0.3112 -0.1575 0.2415 0.0817 -0.2063 -0.3256 -0.3218 -0.2165 0.2086 0.1189 -0.0806 -0.3116 -0.3300 -0.2893 -0.0119 0.1933 0.0289 -0.2827 -0.3319 -0.3136 -0.1841 0.2323 0.1166 -0.1018
0.1195 0.2156 -0.1979 -0.3162 -0.3312 -0.2771 0.0339 0.1954 -0.0119 -0.2886 -0.3295 -0.3134 -0.0997 0.1119 0.2253 -0.2036 -0.3196 -0.3277 -0.2293 0.0729 0.2366 -0.1414 -0.3081 -0.3329 -0.2853 0.0325 0.2016 -0.0553 -0.2949 -0.3321 -0.3041 -0.0293 0.1428 0.1250 -0.2525 -0.3267 -0.3190 -0.1380 0.1023 0.2366 -0.1920 -0.3177 -0.3291 -0.2423 0.0672 0.2325 -0.1312 -0.3061 -0.3329 -0.2930 -0.0925 -0.2930 -0.3329 -0.3061 -0.1312 0.2325 0.0672 -0.2423 -0.3291 -0.3177 -0.1920 0.2366 0.1023 -0.1380 -0.3190 -0.3267 -0.2525 0.1250 0.1428 -0.0293 -0.3041 -0.3321 -0.2949 -0.0553 0.2016 0.0325 -0.2853 -0.3329 -0.3081 -0.1414 0.2366 0.0729 -0.2293 -0.3277 -0.3196 -0.2036 0.2253 0.1119 -0.0997 -0.3134 -0.3295 -0.2886 -0.0119 0.1954 0.0339 -0.2771 -0.3312 -0.3162 -0.1979 0.2156 0.1195
0.1752 -0.2125 -0.3188 -0.3301 -0.2674 0.0421 0.2012 -0.0272 -0.2893 -0.3295 -0.3140 -0.1108 0.1072 0.2338 -0.1932 -0.3175 -0.3293 -0.2472 0.0642 0.2297 -0.1242 -0.3049 -0.3332 -0.2918 0.0198 0.1885 -0.0198 -0.2912 -0.3312 -0.3082 -0.0523 0.1309 0.1699 -0.2360 -0.3247 -0.3221 -0.1694 0.0933 0.2423 -0.1773 -0.3150 -0.3307 -0.2594 0.0576 0.2242 -0.1125 -0.3029 -0.3331 -0.2944 0.0129 0.0980 0.0129 -0.2944 -0.3331 -0.3029 -0.1125 0.2242 0.0576 -0.2594 -0.3307 -0.3150 -0.1773 0.2423 0.0933 -0.1694 -0.3221 -0.3247 -0.2360 0.1699 0.1309 -0.0523 -0.3082 -0.3312 -0.2912 -0.0198 0.1885 0.0198 -0.2918 -0.3332 -0.3049 -0.1242 0.2297 0.0642 -0.2472 -0.3293 -0.3175 -0.1932 0.2338 0.1072 -0.1108 -0.3140 -0.3295 -0.2893 -0.0272 0.2012 0.0421 -0.2674 -0.3301 -0.3188 -0.2125 0.1752
-0.1893 -0.3216 -0.3284 -0.2532 0.0516 0.2095 -0.0512 -0.2913 -0.3300 -0.3134 -0.1108 0.1055 0.2372 -0.1862 -0.3158 -0.3303 -0.2600 0.0560 0.2221 -0.1063 -0.3017 -0.3331 -0.2964 0.0053 0.1718 0.0251 -0.2835 -0.3299 -0.3121 -0.0792 0.1203 0.2032 -0.2204 -0.3225 -0.3249 -0.1982 0.0845 0.2423 -0.1623 -0.3121 -0.3319 -0.2727 0.0473 0.2148 -0.0908 -0.2995 -0.3330 -0.2988 -0.0035 0.1478 0.2321 0.1478 -0.0035 -0.2988 -0.3330 -0.2995 -0.0908 0.2148 0.0473 -0.2727 -0.3319 -0.3121 -0.1623 0.2423 0.0845 -0.1982 -0.3249 -0.3225 -0.2204 0.2032 0.1203 -0.0792 -0.3121 -0.3299 -0.2835 0.0251 0.1718 0.0053 -0.2964 -0.3331 -0.3017 -0.1063 0.2221 0.0560 -0.2600 -0.3303 -0.3158 -0.1862 0.2372 0.1055 -0.1108 -0.3134 -0.3300 -0.2913 -0.0512 0.2095 0.0516 -0.2532 -0.3284 -0.3216 -0.1893
-0.2705 -0.3266 -0.2348 0.0613 0.2186 -0.0765 -0.2941 -0.3309 -0.3116 -0.0997 0.1072 0.2372 -0.1836 -0.3149 -0.3309 -0.2682 0.0490 0.2148 -0.0879 -0.2987 -0.3328 -0.3001 -0.0108 0.1557 0.0772 -0.2684 -0.3283 -0.3159 -0.1093 0.1106 0.2251 -0.2053 -0.3201 -0.3273 -0.2233 0.0755 0.2384 -0.1465 -0.3090 -0.3327 -0.2828 0.0362 0.2048 -0.0646 -0.2960 -0.3324 -0.3028 -0.0228 0.1463 0.1297 -0.1727 0.1297 0.1463 -0.0228 -0.3028 -0.3324 -0.2960 -0.0646 0.2048 0.0362 -0.2828 -0.3327 -0.3090 -0.1465 0.2384 0.0755 -0.2233 -0.3273 -0.3201 -0.2053 0.2251 0.1106 -0.1093 -0.3159 -0.3283 -0.2684 0.0772 0.1557 -0.0108 -0.3001 -0.3328 -0.2987 -0.0879 0.2148 0.0490 -0.2682 -0.3309 -0.3149 -0.1836 0.2372 0.1072 -0.0997 -0.3116 -0.3309 -0.2941 -0.0765 0.2186 0.0613 -0.2348 -0.3266 -0.2705
-0.2867 -0.2111 0.0707 0.2276 -0.0996 -0.2974 -0.3318 -0.3087 -0.0806 0.1119 0.2338 -0.1862 -0.3149 -0.3311 -0.2721 0.0442 0.2091 -0.0705 -0.2961 -0.3322 -0.3035 -0.0285 0.1427 0.1274 -0.2511 -0.3265 -0.3193 -0.1412 0.1014 0.2375 -0.1906 -0.3175 -0.3293 -0.2441 0.0663 0.2318 -0.1295 -0.3058 -0.3331 -0.2901 0.0239 0.1933 -0.0317 -0.2924 -0.3315 -0.3069 -0.0448 0.1345 0.1556 -0.2377 -0.3104 -0.2377 0.1556 0.1345 -0.0448 -0.3069 -0.3315 -0.2924 -0.0317 0.1933 0.0239 -0.2901 -0.3331 -0.3058 -0.1295 0.2318 0.0663 -0.2441 -0.3293 -0.3175 -0.1906 0.2375 0.1014 -0.1412 -0.3193 -0.3265 -0.2511 0.1274 0.1427 -0.0285 -0.3035 -0.3322 -0.2961 -0.0705 0.2091 0.0442 -0.2721 -0.3311 -0.3149 -0.1862 0.2338 0.1119 -0.0806 -0.3087 -0.3318 -0.2974 -0.0996 0.2276 0.0707 -0.2111 -0.2867
-0.2049 0.0812 0.2352 -0.1199 -0.3008 -0.3326 -0.3052 -0.0581 0.1189 0.2253 -0.1932 -0.3158 -0.3309 -0.2721 0.0424 0.2060 -0.0575 -0.2941 -0.3316 -0.3065 -0.0466 0.1324 0.1675 -0.2359 -0.3246 -0.3223 -0.1720 0.0925 0.2425 -0.1759 -0.3147 -0.3308 -0.2608 0.0566 0.2234 -0.1105 -0.3025 -0.3332 -0.2952 0.0100 0.1775 0.0101 -0.2871 -0.3303 -0.3109 -0.0705 0.1234 0.1941 -0.2255 -0.3276 -0.3509 -0.3276 -0.2255 0.1941 0.1234 -0.0705 -0.3109 -0.3303 -0.2871 0.0101 0.1775 0.0100 -0.2952 -0.3332 -0.3025 -0.1105 0.2234 0.0566 -0.2608 -0.3308 -0.3147 -0.1759 0.2425 0.0925 -0.1720 -0.3223 -0.3246 -0.2359 0.1675 0.1324 -0.0466 -0.3065 -0.3316 -0.2941 -0.0575 0.2060 0.0424 -0.2721 -0.3309 -0.3158 -0.1932 0.2253 0.1189 -0.0581 -0.3052 -0.3326 -0.3008 -0.1199 0.2352 0.0812 -0.2049
0.0793 0.2406 -0.1378 -0.3041 -0.3331 -0.3013 -0.0357 0.1280 0.2086 -0.2036 -0.3175 -0.3303 -0.2682 0.0442 0.2060 -0.0526 -0.2930 -0.3311 -0.3086 -0.0631 0.1245 0.1954 -0.2228 -0.3227 -0.3248 -0.1991 0.0840 0.2421 -0.1609 -0.3118 -0.3320 -0.2738 0.0463 0.2139 -0.0884 -0.2991 -0.3329 -0.2992 -0.0061 0.1602 0.0609 -0.2741 -0.3288 -0.3147 -0.0997 0.1135 0.2195 -0.2100 -0.3209 -0.3407 -0.3216 -0.3407 -0.3209 -0.2100 0.2195 0.1135 -0.0997 -0.3147 -0.3288 -0.2741 0.0609 0.1602 -0.0061 -0.2992 -0.3329 -0.2991 -0.0884 0.2139 0.0463 -0.2738 -0.3320 -0.3118 -0.1609 0.2421 0.0840 -0.1991 -0.3248 -0.3227 -0.2228 0.1954 0.1245 -0.0631 -0.3086 -0.3311 -0.2930 -0.0526 0.2060 0.0442 -0.2682 -0.3303 -0.3175 -0.2036 0.2086 0.1280 -0.0357 -0.3013 -0.3331 -0.3041 -0.1378 0.2406 0.0793
0.2299 -0.1542 -0.3074 -0.3332 -0.2973 -0.0155 0.1390 0.1808 -0.2165 -0.3196 -0.3293 -0.2600 0.0490 0.2091 -0.0575 -0.2930 -0.3310 -0.3097 -0.0746 0.1190 0.2126 -0.2119 -0.3208 -0.3268 -0.2213 0.0758 0.2383 -0.1457 -0.3088 -0.3328 -0.2836 0.0350 0.2037 -0.0617 -0.2956 -0.3323 -0.3032 -0.0249 0.1456 0.1142 -0.2561 -0.3271 -0.3183 -0.1313 0.1042 0.2346 -0.1952 -0.3183 -0.3283 -0.2332 0.0011 -0.2332 -0.3283 -0.3183 -0.1952 0.2346 0.1042 -0.1313 -0.3183 -0.3271 -0.2561 0.1142 0.1456 -0.0249 -0.3032 -0.3323 -0.2956 -0.0617 0.2037 0.0350 -0.2836 -0.3328 -0.3088 -0.1457 0.2383 0.0758 -0.2213 -0.3268 -0.3208 -0.2119 0.2126 0.1190 -0.0746 -0.3097 -0.3310 -0.2930 -0.0575 0.2091 0.0490 -0.2600 -0.3293 -0.3196 -0.2165 0.1808 0.1390 -0.0155 -0.2973 -0.3332 -0.3074 -0.1542 0.2299
-0.1474 -0.3108 -0.3330 -0.2929 0.0019 0.1523 0.1400 -0.2312 -0.3218 -0.3277 -0.2472 0.0560 0.2148 -0.0705 -0.2941 -0.3311 -0.3097 -0.0786 0.1163 0.2212 -0.2040 -0.3192 -0.3282 -0.2382 0.0681 0.2326 -0.1303 -0.3058 -0.3331 -0.2905 0.0227 0.1918 -0.0280 -0.2920 -0.3314 -0.3073 -0.0471 0.1333 0.1613 -0.2394 -0.3252 -0.3215 -0.1629 0.0952 0.2416 -0.1804 -0.3156 -0.3302 -0.2550 0.0591 0.1372 0.0591 -0.2550 -0.3302 -0.3156 -0.1804 0.2416 0.0952 -0.1629 -0.3215 -0.3252 -0.2394 0.1613 0.1333 -0.0471 -0.3073 -0.3314 -0.2920 -0.0280 0.1918 0.0227 -0.2905 -0.3331 -0.3058 -0.1303 0.2326 0.0681 -0.2382 -0.3282 -0.3192 -0.2040 0.2212 0.1163 -0.0786 -0.3097 -0.3311 -0.2941 -0.0705 0.2148 0.0560 -0.2472 -0.3277 -0.3218 -0.2312 0.1400 0.1523 0.0019 -0.2929 -0.3330 -0.3108 -0.1474
-0.2580 -0.3327 -0.2869 0.0169 0.1681 0.0889 -0.2472 -0.3240 -0.3256 -0.2293 0.0642 0.2221 -0.0879 -0.2961 -0.3316 -0.3086 -0.0746 0.1163 0.2237 -0.2000 -0.3181 -0.3291 -0.2497 0.0614 0.2264 -0.1149 -0.3030 -0.3331 -0.2951 0.0093 0.1762 0.0142 -0.2861 -0.3302 -0.3113 -0.0732 0.1224 0.1972 -0.2236 -0.3230 -0.3244 -0.1924 0.0864 0.2427 -0.1655 -0.3127 -0.3317 -0.2702 0.0500 0.2005 0.1813 0.2005 0.0500 -0.2702 -0.3317 -0.3127 -0.1655 0.2427 0.0864 -0.1924 -0.3244 -0.3230 -0.2236 0.1972 0.1224 -0.0732 -0.3113 -0.3302 -0.2861 0.0142 0.1762 0.0093 -0.2951 -0.3331 -0.3030 -0.1149 0.2264 0.0614 -0.2497 -0.3291 -0.3181 -0.2000 0.2237 0.1163 -0.0746 -0.3086 -0.3316 -0.2961 -0.0879 0.2221 0.0642 -0.2293 -0.3256 -0.3240 -0.2472 0.0889 0.1681 0.0169 -0.2869 -0.3327 -0.2580
-0.2889 -0.2785 0.0298 0.1854 0.0357 -0.2645 -0.3261 -0.3230 -0.2063 0.0729 0.2297 -0.1063 -0.2987 -0.3322 -0.3065 -0.0631 0.1190 0.2212 -0.2000 -0.3178 -0.3296 -0.2563 0.0564 0.2209 -0.1006 -0.3004 -0.3330 -0.2985 -0.0050 0.1603 0.0628 -0.2729 -0.3287 -0.3151 -0.1028 0.1126 0.2214 -0.2085 -0.3206 -0.3268 -0.2184 0.0774 0.2395 -0.1499 -0.3097 -0.3326 -0.2809 0.0387 0.2072 -0.0599 -0.2430 -0.0599 0.2072 0.0387 -0.2809 -0.3326 -0.3097 -0.1499 0.2395 0.0774 -0.2184 -0.3268 -0.3206 -0.2085 0.2214 0.1126 -0.1028 -0.3151 -0.3287 -0.2729 0.0628 0.1603 -0.0050 -0.2985 -0.3330 -0.3004 -0.1006 0.2209 0.0564 -0.2563 -0.3296 -0.3178 -0.2000 0.2212 0.1190 -0.0631 -0.3065 -0.3322 -0.2987 -0.1063 0.2297 0.0729 -0.2063 -0.3230 -0.3261 -0.2645 0.0357 0.1854 0.0298 -0.2785 -0.2889
-0.2579 0.0429 0.1993 -0.0111 -0.2810 -0.3280 -0.3200 -0.1787 0.0817 0.2366 -0.1242 -0.3017 -0.3328 -0.3035 -0.0466 0.1245 0.2126 -0.2040 -0.3181 -0.3296 -0.2584 0.0538 0.2172 -0.0891 -0.2983 -0.3326 -0.3015 -0.0198 0.1476 0.1103 -0.2563 -0.3270 -0.3184 -0.1338 0.1034 0.2356 -0.1937 -0.3180 -0.3289 -0.2401 0.0683 0.2333 -0.1332 -0.3065 -0.3331 -0.2887 0.0266 0.1966 -0.0405 -0.2933 -0.3255 -0.2933 -0.0405 0.1966 0.0266 -0.2887 -0.3331 -0.3065 -0.1332 0.2333 0.0683 -0.2401 -0.3289 -0.3180 -0.1937 0.2356 0.1034 -0.1338 -0.3184 -0.3270 -0.2563 0.1103 0.1476 -0.0198 -0.3015 -0.3326 -0.2983 -0.0891 0.2172 0.0538 -0.2584 -0.3296 -0.3181 -0.2040 0.2126 0.1245 -0.0466 -0.3035 -0.3328 -0.3017 -0.1242 0.2366 0.0817 -0.1787 -0.3200 -0.3280 -0.2810 -0.0111 0.1993 0.0429 -0.2579
0.0372 0.2096 -0.0484 -0.2905 -0.3296 -0.3166 -0.1479 0.0906 0.2415 -0.1414 -0.3049 -0.3331 -0.3001 -0.0285 0.1324 0.1954 -0.2119 -0.3192 -0.3291 -0.2563 0.0538 0.2159 -0.0827 -0.2970 -0.3322 -0.3038 -0.0339 0.1381 0.1493 -0.2421 -0.3253 -0.3213 -0.1634 0.0948 0.2419 -0.1791 -0.3153 -0.3305 -0.2576 0.0587 0.2252 -0.1147 -0.3032 -0.3332 -0.2942 0.0131 0.1815 0.0003 -0.2897 -0.3376 -0.3535 -0.3376 -0.2897 0.0003 0.1815 0.0131 -0.2942 -0.3332 -0.3032 -0.1147 0.2252 0.0587 -0.2576 -0.3305 -0.3153 -0.1791 0.2419 0.0948 -0.1634 -0.3213 -0.3253 -0.2421 0.1493 0.1381 -0.0339 -0.3038 -0.3322 -0.2970 -0.0827 0.2159 0.0538 -0.2563 -0.3291 -0.3192 -0.2119 0.1954 0.1324 -0.0285 -0.3001 -0.3331 -0.3049 -0.1414 0.2415 0.0906 -0.1479 -0.3166 -0.3296 -0.2905 -0.0484 0.2096 0.0372
0.2098 -0.0779 -0.2941 -0.3309 -0.3129 -0.1160 0.0995 0.2428 -0.1575 -0.3081 -0.3332 -0.2964 -0.0108 0.1427 0.1675 -0.2228 -0.3208 -0.3282 -0.2497 0.0564 0.2172 -0.0827 -0.2965 -0.3320 -0.3053 -0.0449 0.1313 0.1766 -0.2303 -0.3236 -0.3237 -0.1895 0.0867 0.2427 -0.1647 -0.3125 -0.3318 -0.2714 0.0485 0.2159 -0.0934 -0.2999 -0.3330 -0.2984 -0.0025 0.1636 0.0496 -0.2780 -0.3291 -0.3287 -0.2673 -0.3287 -0.3291 -0.2780 0.0496 0.1636 -0.0025 -0.2984 -0.3330 -0.2999 -0.0934 0.2159 0.0485 -0.2714 -0.3318 -0.3125 -0.1647 0.2427 0.0867 -0.1895 -0.3237 -0.3236 -0.2303 0.1766 0.1313 -0.0449 -0.3053 -0.3320 -0.2965 -0.0827 0.2172 0.0564 -0.2497 -0.3282 -0.3208 -0.2228 0.1675 0.1427 -0.0108 -0.2964 -0.3332 -0.3081 -0.1575 0.2428 0.0995 -0.1160 -0.3129 -0.3309 -0.2941 -0.0779 0.2098
-0.0899 -0.2979 -0.3319 -0.3090 -0.0853 0.1086 0.2391 -0.1727 -0.3112 -0.3329 -0.2918 0.0053 0.1557 0.1274 -0.2359 -0.3227 -0.3268 -0.2382 0.0614 0.2209 -0.0891 -0.2970 -0.3320 -0.3058 -0.0509 0.1273 0.1929 -0.2216 -0.3221 -0.3256 -0.2107 0.0792 0.2400 -0.1507 -0.3097 -0.3326 -0.2816 0.0376 0.2059 -0.0678 -0.2964 -0.3325 -0.3024 -0.0207 0.1485 0.1032 -0.2598 -0.3274 -0.3171 -0.1182 0.0489 -0.1182 -0.3171 -0.3274 -0.2598 0.1032 0.1485 -0.0207 -0.3024 -0.3325 -0.2964 -0.0678 0.2059 0.0376 -0.2816 -0.3326 -0.3097 -0.1507 0.2400 0.0792 -0.2107 -0.3256 -0.3221 -0.2216 0.1929 0.1273 -0.0509 -0.3058 -0.3320 -0.2970 -0.0891 0.2209 0.0614 -0.2382 -0.3268 -0.3227 -0.2359 0.1274 0.1557 0.0053 -0.2918 -0.3329 -0.3112 -0.1727 0.2391 0.1086 -0.0853 -0.3090 -0.3319 -0.2979 -0.0899
-0.2436 -0.3331 -0.3049 -0.0576 0.1182 0.2285 -0.1875 -0.3141 -0.3322 -0.2853 0.0198 0.1718 0.0772 -0.2511 -0.3246 -0.3248 -0.2213 0.0681 0.2264 -0.1006 -0.2983 -0.3322 -0.3053 -0.0509 0.1259 0.2003 -0.2161 -0.3210 -0.3269 -0.2262 0.0727 0.2356 -0.1369 -0.3069 -0.3330 -0.2888 0.0259 0.1956 -0.0361 -0.2928 -0.3316 -0.3065 -0.0421 0.1357 0.1522 -0.2428 -0.3256 -0.3207 -0.1544 0.0940 0.1885 0.0940 -0.1544 -0.3207 -0.3256 -0.2428 0.1522 0.1357 -0.0421 -0.3065 -0.3316 -0.2928 -0.0361 0.1956 0.0259 -0.2888 -0.3330 -0.3069 -0.1369 0.2356 0.0727 -0.2262 -0.3269 -0.3210 -0.2161 0.2003 0.1259 -0.0509 -0.3053 -0.3322 -0.2983 -0.1006 0.2264 0.0681 -0.2213 -0.3248 -0.3246 -0.2511 0.0772 0.1718 0.0198 -0.2853 -0.3322 -0.3141 -0.1875 0.2285 0.1182 -0.0576 -0.3049 -0.3331 -0.2436
-0.2861 -0.3013 -0.0340 0.1285 0.2088 -0.2022 -0.3169 -0.3311 -0.2761 0.0325 0.1885 0.0251 -0.2684 -0.3265 -0.3223 -0.1991 0.0758 0.2326 -0.1149 -0.3004 -0.3326 -0.3038 -0.0449 0.1273 0.2003 -0.2142 -0.3204 -0.3276 -0.2361 0.0675 0.2310 -0.1243 -0.3044 -0.3331 -0.2936 0.0138 0.1816 0.0024 -0.2890 -0.3304 -0.3104 -0.0674 0.1246 0.1906 -0.2269 -0.3235 -0.3238 -0.1864 0.0883 0.2435 -0.0136 0.2435 0.0883 -0.1864 -0.3238 -0.3235 -0.2269 0.1906 0.1246 -0.0674 -0.3104 -0.3304 -0.2890 0.0024 0.1816 0.0138 -0.2936 -0.3331 -0.3044 -0.1243 0.2310 0.0675 -0.2361 -0.3276 -0.3204 -0.2142 0.2003 0.1273 -0.0449 -0.3038 -0.3326 -0.3004 -0.1149 0.2326 0.0758 -0.1991 -0.3223 -0.3265 -0.2684 0.0251 0.1885 0.0325 -0.2761 -0.3311 -0.3169 -0.2022 0.2088 0.1285 -0.0340 -0.3013 -0.2861
-0.2721 -0.0123 0.1401 0.1780 -0.2171 -0.3196 -0.3296 -0.2639 0.0440 0.2016 -0.0198 -0.2835 -0.3283 -0.3193 -0.1720 0.0840 0.2383 -0.1303 -0.3030 -0.3330 -0.3015 -0.0339 0.1313 0.1929 -0.2161 -0.3204 -0.3279 -0.2408 0.0642 0.2273 -0.1139 -0.3023 -0.3330 -0.2968 0.0015 0.1661 0.0460 -0.2784 -0.3291 -0.3141 -0.0957 0.1147 0.2172 -0.2116 -0.3211 -0.3263 -0.2132 0.0794 0.2405 -0.1483 -0.2870 -0.1483 0.2405 0.0794 -0.2132 -0.3263 -0.3211 -0.2116 0.2172 0.1147 -0.0957 -0.3141 -0.3291 -0.2784 0.0460 0.1661 0.0015 -0.2968 -0.3330 -0.3023 -0.1139 0.2273 0.0642 -0.2408 -0.3279 -0.3204 -0.2161 0.1929 0.1313 -0.0339 -0.3015 -0.3330 -0.3030 -0.1303 0.2383 0.0840 -0.1720 -0.3193 -0.3283 -0.2835 -0.0198 0.2016 0.0440 -0.2639 -0.3296 -0.3196 -0.2171 0.1780 0.1401 -0.0123 -0.2721
-0.0216 0.1541 0.1354 -0.2326 -0.3220 -0.3277 -0.2480 0.0545 0.2118 -0.0553 -0.2912 -0.3299 -0.3159 -0.1412 0.0925 0.2421 -0.1457 -0.3058 -0.3331 -0.2985 -0.0198 0.1381 0.1766 -0.2216 -0.3210 -0.3276 -0.2408 0.0632 0.2254 -0.1070 -0.3008 -0.3329 -0.2992 -0.0103 0.1540 0.0895 -0.2626 -0.3276 -0.3174 -0.1250 0.1057 0.2331 -0.1969 -0.3186 -0.3285 -0.2359 0.0702 0.2348 -0.1374 -0.3088 -0.3385 -0.3088 -0.1374 0.2348 0.0702 -0.2359 -0.3285 -0.3186 -0.1969 0.2331 0.1057 -0.1250 -0.3174 -0.3276 -0.2626 0.0895 0.1540 -0.0103 -0.2992 -0.3329 -0.3008 -0.1070 0.2254 0.0632 -0.2408 -0.3276 -0.3210 -0.2216 0.1766 0.1381 -0.0198 -0.2985 -0.3331 -0.3058 -0.1457 0.2421 0.0925 -0.1412 -0.3159 -0.3299 -0.2912 -0.0553 0.2118 0.0545 -0.2480 -0.3277 -0.3220 -0.2326 0.1354 0.1541 -0.0216
0.1629 0.0834 -0.2489 -0.3243 -0.3254 -0.2281 0.0643 0.2214 -0.0832 -0.2949 -0.3312 -0.3121 -0.1093 0.1014 0.2425 -0.1609 -0.3088 -0.3331 -0.2951 -0.0050 0.1476 0.1493 -0.2303 -0.3221 -0.3269 -0.2361 0.0642 0.2254 -0.1046 -0.3000 -0.3328 -0.3008 -0.0203 0.1454 0.1253 -0.2495 -0.3261 -0.3202 -0.1533 0.0974 0.2407 -0.1828 -0.3160 -0.3302 -0.2543 0.0608 0.2271 -0.1189 -0.3041 -0.3432 -0.3482 -0.3432 -0.3041 -0.1189 0.2271 0.0608 -0.2543 -0.3302 -0.3160 -0.1828 0.2407 0.0974 -0.1533 -0.3202 -0.3261 -0.2495 0.1253 0.1454 -0.0203 -0.3008 -0.3328 -0.3000 -0.1046 0.2254 0.0642 -0.2361 -0.3269 -0.3221 -0.2303 0.1493 0.1476 -0.0050 -0.2951 -0.3331 -0.3088 -0.1609 0.2425 0.1014 -0.1093 -0.3121 -0.3312 -0.2949 -0.0832 0.2214 0.0643 -0.2281 -0.3254 -0.3243 -0.2489 0.0834 0.1629
0.0296 -0.2662 -0.3263 -0.3228 -0.2039 0.0736 0.2301 -0.1061 -0.2984 -0.3321 -0.3082 -0.0792 0.1106 0.2375 -0.1759 -0.3118 -0.3328 -0.2905 0.0093 0.1603 0.1103 -0.2421 -0.3236 -0.3256 -0.2262 0.0675 0.2273 -0.1070 -0.3000 -0.3327 -0.3017 -0.0269 0.1398 0.1501 -0.2395 -0.3247 -0.3225 -0.1782 0.0899 0.2429 -0.1694 -0.3133 -0.3315 -0.2685 0.0508 0.2180 -0.0982 -0.3006 -0.3329 -0.3060 -0.1487 -0.3060 -0.3329 -0.3006 -0.0982 0.2180 0.0508 -0.2685 -0.3315 -0.3133 -0.1694 0.2429 0.0899 -0.1782 -0.3225 -0.3247 -0.2395 0.1501 0.1398 -0.0269 -0.3017 -0.3327 -0.3000 -0.1070 0.2273 0.0675 -0.2262 -0.3256 -0.3236 -0.2421 0.1103 0.1603 0.0093 -0.2905 -0.3328 -0.3118 -0.1759 0.2375 0.1106 -0.0792 -0.3082 -0.3321 -0.2984 -0.1061 0.2301 0.0736 -0.2039 -0.3228 -0.3263 -0.2662 0.0296
-0.2232 -0.3285 -0.3197 -0.1757 0.0826 0.2372 -0.1257 -0.3018 -0.3328 -0.3041 -0.0523 0.1203 0.2251 -0.1906 -0.3147 -0.3320 -0.2836 0.0227 0.1762 0.0628 -0.2563 -0.3253 -0.3237 -0.2107 0.0727 0.2310 -0.1139 -0.3008 -0.3328 -0.3017 -0.0291 0.1371 0.1640 -0.2327 -0.3236 -0.3241 -0.1975 0.0832 0.2416 -0.1565 -0.3107 -0.3324 -0.2790 0.0404 0.2083 -0.0739 -0.2971 -0.3325 -0.3011 -0.0139 0.0834 -0.0139 -0.3011 -0.3325 -0.2971 -0.0739 0.2083 0.0404 -0.2790 -0.3324 -0.3107 -0.1565 0.2416 0.0832 -0.1975 -0.3241 -0.3236 -0.2327 0.1640 0.1371 -0.0291 -0.3017 -0.3328 -0.3008 -0.1139 0.2310 0.0727 -0.2107 -0.3237 -0.3253 -0.2563 0.0628 0.1762 0.0227 -0.2836 -0.3320 -0.3147 -0.1906 0.2251 0.1203 -0.0523 -0.3041 -0.3328 -0.3018 -0.1257 0.2372 0.0826 -0.1757 -0.3197 -0.3285 -0.2232
-0.2791 -0.3167 -0.1449 0.0915 0.2418 -0.1430 -0.3052 -0.3332 -0.3000 -0.0293 0.1309 0.2032 -0.2053 -0.3175 -0.3308 -0.2738 0.0350 0.1918 0.0142 -0.2729 -0.3270 -0.3213 -0.1895 0.0792 0.2356 -0.1243 -0.3023 -0.3329 -0.3008 -0.0269 0.1371 0.1683 -0.2294 -0.3229 -0.3252 -0.2109 0.0779 0.2387 -0.1446 -0.3082 -0.3329 -0.2865 0.0298 0.1987 -0.0449 -0.2936 -0.3318 -0.3055 -0.0360 0.1294 0.2250 0.1294 -0.0360 -0.3055 -0.3318 -0.2936 -0.0449 0.1987 0.0298 -0.2865 -0.3329 -0.3082 -0.1446 0.2387 0.0779 -0.2109 -0.3252 -0.3229 -0.2294 0.1683 0.1371 -0.0269 -0.3008 -0.3329 -0.3023 -0.1243 0.2356 0.0792 -0.1895 -0.3213 -0.3270 -0.2729 0.0142 0.1918 0.0350 -0.2738 -0.3308 -0.3175 -0.2053 0.2032 0.1309 -0.0293 -0.3000 -0.3332 -0.3052 -0.1430 0.2418 0.0915 -0.1449 -0.3167 -0.2791
-0.2810 -0.1114 0.1003 0.2427 -0.1590 -0.3084 -0.3332 -0.2961 -0.0098 0.1428 0.1699 -0.2204 -0.3201 -0.3293 -0.2608 0.0463 0.2037 -0.0280 -0.2861 -0.3287 -0.3184 -0.1634 0.0867 0.2400 -0.1369 -0.3044 -0.3330 -0.2992 -0.0203 0.1398 0.1640 -0.2294 -0.3226 -0.3257 -0.2187 0.0741 0.2357 -0.1347 -0.3061 -0.3331 -0.2915 0.0190 0.1868 -0.0107 -0.2902 -0.3308 -0.3095 -0.0615 0.1266 0.1974 -0.1370 0.1974 0.1266 -0.0615 -0.3095 -0.3308 -0.2902 -0.0107 0.1868 0.0190 -0.2915 -0.3331 -0.3061 -0.1347 0.2357 0.0741 -0.2187 -0.3257 -0.3226 -0.2294 0.1640 0.1398 -0.0203 -0.2992 -0.3330 -0.3044 -0.1369 0.2400 0.0867 -0.1634 -0.3184 -0.3287 -0.2861 -0.0280 0.2037 0.0463 -0.2608 -0.3293 -0.3201 -0.2204 0.1699 0.1428 -0.0098 -0.2961 -0.3332 -0.3084 -0.1590 0.2427 0.1003 -0.1114 -0.2810
-0.1188 0.1109 0.2384 -0.1742 -0.3114 -0.3328 -0.2913 0.0068 0.1569 0.1250 -0.2360 -0.3225 -0.3273 -0.2441 0.0566 0.2139 -0.0617 -0.2920 -0.3302 -0.3151 -0.1338 0.0948 0.2427 -0.1507 -0.3069 -0.3331 -0.2968 -0.0103 0.1454 0.1501 -0.2327 -0.3229 -0.3257 -0.2212 0.0721 0.2335 -0.1273 -0.3044 -0.3332 -0.2947 0.0086 0.1731 0.0274 -0.2825 -0.3295 -0.3131 -0.0885 0.1169 0.2115 -0.2114 -0.3039 -0.2114 0.2115 0.1169 -0.0885 -0.3131 -0.3295 -0.2825 0.0274 0.1731 0.0086 -0.2947 -0.3332 -0.3044 -0.1273 0.2335 0.0721 -0.2212 -0.3257 -0.3229 -0.2327 0.1501 0.1454 -0.0103 -0.2968 -0.3331 -0.3069 -0.1507 0.2427 0.0948 -0.1338 -0.3151 -0.3302 -0.2920 -0.0617 0.2139 0.0566 -0.2441 -0.3273 -0.3225 -0.2360 0.1250 0.1569 0.0068 -0.2913 -0.3328 -0.3114 -0.1742 0.2384 0.1109 -0.1188
0.1131 0.2268 -0.1889 -0.3144 -0.3321 -0.2845 0.0211 0.1736 0.0722 -0.2525 -0.3247 -0.3249 -0.2233 0.0663 0.2234 -0.0884 -0.2956 -0.3314 -0.3113 -0.1028 0.1034 0.2419 -0.1647 -0.3097 -0.3330 -0.2936 0.0015 0.1540 0.1253 -0.2395 -0.3236 -0.3252 -0.2187 0.0721 0.2327 -0.1234 -0.3034 -0.3331 -0.2967 -0.0006 0.1619 0.0649 -0.2699 -0.3282 -0.3163 -0.1161 0.1081 0.2298 -0.2008 -0.3227 -0.3482 -0.3227 -0.2008 0.2298 0.1081 -0.1161 -0.3163 -0.3282 -0.2699 0.0649 0.1619 -0.0006 -0.2967 -0.3331 -0.3034 -0.1234 0.2327 0.0721 -0.2187 -0.3252 -0.3236 -0.2395 0.1253 0.1540 0.0015 -0.2936 -0.3330 -0.3097 -0.1647 0.2419 0.1034 -0.1028 -0.3113 -0.3314 -0.2956 -0.0884 0.2234 0.0663 -0.2233 -0.3249 -0.3247 -0.2525 0.0722 0.1736 0.0211 -0.2845 -0.3321 -0.3144 -0.1889 0.2268 0.1131
0.1922 -0.2036 -0.3172 -0.3310 -0.2751 0.0337 0.1900 0.0202 -0.2702 -0.3267 -0.3221 -0.1982 0.0755 0.2318 -0.1105 -0.2991 -0.3323 -0.3073 -0.0732 0.1126 0.2356 -0.1791 -0.3125 -0.3326 -0.2888 0.0138 0.1661 0.0895 -0.2495 -0.3247 -0.3241 -0.2109 0.0741 0.2335 -0.1234 -0.3030 -0.3330 -0.2978 -0.0074 0.1543 0.0957 -0.2583 -0.3270 -0.3189 -0.1422 0.1003 0.2390 -0.1869 -0.3168 -0.3428 -0.3319 -0.3428 -0.3168 -0.1869 0.2390 0.1003 -0.1422 -0.3189 -0.3270 -0.2583 0.0957 0.1543 -0.0074 -0.2978 -0.3330 -0.3030 -0.1234 0.2335 0.0741 -0.2109 -0.3241 -0.3247 -0.2495 0.0895 0.1661 0.0138 -0.2888 -0.3326 -0.3125 -0.1791 0.2356 0.1126 -0.0732 -0.3073 -0.3323 -0.2991 -0.1105 0.2318 0.0755 -0.1982 -0.3221 -0.3267 -0.2702 0.0202 0.1900 0.0337 -0.2751 -0.3310 -0.3172 -0.2036 0.1922
-0.1833 -0.3201 -0.3295 -0.2625 0.0451 0.2026 -0.0237 -0.2846 -0.3285 -0.3190 -0.1694 0.0845 0.2384 -0.1295 -0.3025 -0.3329 -0.3032 -0.0471 0.1224 0.2214 -0.1937 -0.3153 -0.3318 -0.2816 0.0259 0.1816 0.0460 -0.2626 -0.3261 -0.3225 -0.1975 0.0779 0.2357 -0.1273 -0.3034 -0.3330 -0.2982 -0.0111 0.1498 0.1164 -0.2501 -0.3259 -0.3209 -0.1644 0.0934 0.2425 -0.1742 -0.3141 -0.3308 -0.2620 -0.0270 -0.2620 -0.3308 -0.3141 -0.1742 0.2425 0.0934 -0.1644 -0.3209 -0.3259 -0.2501 0.1164 0.1498 -0.0111 -0.2982 -0.3330 -0.3034 -0.1273 0.2357 0.0779 -0.1975 -0.3225 -0.3261 -0.2626 0.0460 0.1816 0.0259 -0.2816 -0.3318 -0.3153 -0.1937 0.2214 0.1224 -0.0471 -0.3032 -0.3329 -0.3025 -0.1295 0.2384 0.0845 -0.1694 -0.3190 -0.3285 -0.2846 -0.0237 0.2026 0.0451 -0.2625 -0.3295 -0.3201 -0.1833
-0.2687 -0.3279 -0.2463 0.0555 0.2127 -0.0583 -0.2916 -0.3300 -0.3155 -0.1380 0.0933 0.2423 -0.1465 -0.3058 -0.3332 -0.2992 -0.0249 0.1333 0.1972 -0.2085 -0.3180 -0.3305 -0.2714 0.0376 0.1956 0.0024 -0.2784 -0.3276 -0.3202 -0.1782 0.0832 0.2387 -0.1347 -0.3044 -0.3331 -0.2978 -0.0111 0.1483 0.1268 -0.2450 -0.3251 -0.3223 -0.1810 0.0878 0.2426 -0.1626 -0.3118 -0.3319 -0.2750 0.0440 0.1215 0.0440 -0.2750 -0.3319 -0.3118 -0.1626 0.2426 0.0878 -0.1810 -0.3223 -0.3251 -0.2450 0.1268 0.1483 -0.0111 -0.2978 -0.3331 -0.3044 -0.1347 0.2387 0.0832 -0.1782 -0.3202 -0.3276 -0.2784 0.0024 0.1956 0.0376 -0.2714 -0.3305 -0.3180 -0.2085 0.1972 0.1333 -0.0249 -0.2992 -0.3332 -0.3058 -0.1465 0.2423 0.0933 -0.1380 -0.3155 -0.3300 -0.2916 -0.0583 0.2127 0.0555 -0.2463 -0.3279 -0.2687
-0.2873 -0.2253 0.0651 0.2223 -0.0857 -0.2952 -0.3313 -0.3117 -0.1063 0.1023 0.2423 -0.1623 -0.3090 -0.3331 -0.2952 -0.0061 0.1456 0.1613 -0.2236 -0.3206 -0.3289 -0.2576 0.0485 0.2059 -0.0361 -0.2890 -0.3291 -0.3174 -0.1533 0.0899 0.2416 -0.1446 -0.3061 -0.3332 -0.2967 -0.0074 0.1498 0.1268 -0.2433 -0.3246 -0.3232 -0.1922 0.0836 0.2412 -0.1527 -0.3096 -0.3326 -0.2835 0.0346 0.1843 0.2162 0.1843 0.0346 -0.2835 -0.3326 -0.3096 -0.1527 0.2412 0.0836 -0.1922 -0.3232 -0.3246 -0.2433 0.1268 0.1498 -0.0074 -0.2967 -0.3332 -0.3061 -0.1446 0.2416 0.0899 -0.1533 -0.3174 -0.3291 -0.2890 -0.0361 0.2059 0.0485 -0.2576 -0.3289 -0.3206 -0.2236 0.1613 0.1456 -0.0061 -0.2952 -0.3331 -0.3090 -0.1623 0.2423 0.1023 -0.1063 -0.3117 -0.3313 -0.2952 -0.0857 0.2223 0.0651 -0.2253 -0.2873
-0.2165 0.0758 0.2309 -0.1082 -0.2987 -0.3322 -0.3078 -0.0764 0.1115 0.2366 -0.1773 -0.3121 -0.3327 -0.2901 0.0100 0.1602 0.1142 -0.2394 -0.3230 -0.3268 -0.2401 0.0587 0.2159 -0.0678 -0.2928 -0.3304 -0.3141 -0.1250 0.0974 0.2429 -0.1565 -0.3082 -0.3331 -0.2947 -0.0006 0.1543 0.1164 -0.2450 -0.3246 -0.3234 -0.1979 0.0810 0.2397 -0.1452 -0.3079 -0.3329 -0.2888 0.0245 0.1935 -0.0106 -0.2284 -0.0106 0.1935 0.0245 -0.2888 -0.3329 -0.3079 -0.1452 0.2397 0.0810 -0.1979 -0.3234 -0.3246 -0.2450 0.1164 0.1543 -0.0006 -0.2947 -0.3331 -0.3082 -0.1565 0.2429 0.0974 -0.1250 -0.3141 -0.3304 -0.2928 -0.0678 0.2159 0.0587 -0.2401 -0.3268 -0.3230 -0.2394 0.1142 0.1602 0.0100 -0.2901 -0.3327 -0.3121 -0.1773 0.2366 0.1115 -0.0764 -0.3078 -0.3322 -0.2987 -0.1082 0.2309 0.0758 -0.2165
0.0734 0.2377 -0.1274 -0.3022 -0.3329 -0.3037 -0.0499 0.1213 0.2234 -0.1920 -0.3150 -0.3319 -0.2828 0.0239 0.1775 0.0609 -0.2561 -0.3252 -0.3244 -0.2184 0.0683 0.2252 -0.0934 -0.2964 -0.3316 -0.3104 -0.0957 0.1057 0.2407 -0.1694 -0.3107 -0.3329 -0.2915 0.0086 0.1619 0.0957 -0.2501 -0.3251 -0.3232 -0.1979 0.0800 0.2387 -0.1404 -0.3067 -0.3330 -0.2920 0.0160 0.1824 0.0048 -0.2877 -0.3209 -0.2877 0.0048 0.1824 0.0160 -0.2920 -0.3330 -0.3067 -0.1404 0.2387 0.0800 -0.1979 -0.3232 -0.3251 -0.2501 0.0957 0.1619 0.0086 -0.2915 -0.3329 -0.3107 -0.1694 0.2407 0.1057 -0.0957 -0.3104 -0.3316 -0.2964 -0.0934 0.2252 0.0683 -0.2184 -0.3244 -0.3252 -0.2561 0.0609 0.1775 0.0239 -0.2828 -0.3319 -0.3150 -0.1920 0.2234 0.1213 -0.0499 -0.3037 -0.3329 -0.3022 -0.1274 0.2377 0.0734
0.2296 -0.1446 -0.3055 -0.3332 -0.2996 -0.0272 0.1320 0.2005 -0.2068 -0.3177 -0.3307 -0.2727 0.0362 0.1933 0.0101 -0.2741 -0.3271 -0.3215 -0.1924 0.0774 0.2333 -0.1147 -0.2999 -0.3325 -0.3065 -0.0674 0.1147 0.2331 -0.1828 -0.3133 -0.3324 -0.2865 0.0190 0.1731 0.0649 -0.2583 -0.3259 -0.3223 -0.1922 0.0810 0.2387 -0.1388 -0.3061 -0.3331 -0.2939 0.0095 0.1720 0.0365 -0.2797 -0.3350 -0.3529 -0.3350 -0.2797 0.0365 0.1720 0.0095 -0.2939 -0.3331 -0.3061 -0.1388 0.2387 0.0810 -0.1922 -0.3223 -0.3259 -0.2583 0.0649 0.1731 0.0190 -0.2865 -0.3324 -0.3133 -0.1828 0.2331 0.1147 -0.0674 -0.3065 -0.3325 -0.2999 -0.1147 0.2333 0.0774 -0.1924 -0.3215 -0.3271 -0.2741 0.0101 0.1933 0.0362 -0.2727 -0.3307 -0.3177 -0.2068 0.2005 0.1320 -0.0272 -0.2996 -0.3332 -0.3055 -0.1446 0.2296
-0.1402 -0.3090 -0.3332 -0.2956 -0.0080 0.1441 0.1660 -0.2219 -0.3203 -0.3291 -0.2594 0.0473 0.2048 -0.0317 -0.2871 -0.3288 -0.3183 -0.1629 0.0864 0.2395 -0.1332 -0.3032 -0.3330 -0.3024 -0.0421 0.1246 0.2172 -0.1969 -0.3160 -0.3315 -0.2790 0.0298 0.1868 0.0274 -0.2699 -0.3270 -0.3209 -0.1810 0.0836 0.2397 -0.1404 -0.3061 -0.3331 -0.2947 0.0051 0.1655 0.0609 -0.2691 -0.3279 -0.3317 -0.2853 -0.3317 -0.3279 -0.2691 0.0609 0.1655 0.0051 -0.2947 -0.3331 -0.3061 -0.1404 0.2397 0.0836 -0.1810 -0.3209 -0.3270 -0.2699 0.0274 0.1868 0.0298 -0.2790 -0.3315 -0.3160 -0.1969 0.2172 0.1246 -0.0421 -0.3024 -0.3330 -0.3032 -0.1332 0.2395 0.0864 -0.1629 -0.3183 -0.3288 -0.2871 -0.0317 0.2048 0.0473 -0.2594 -0.3291 -0.3203 -0.2219 0.1660 0.1441 -0.0080 -0.2956 -0.3332 -0.3090 -0.1402
-0.2559 -0.3331 -0.2907 0.0083 0.1584 0.1200 -0.2375 -0.3227 -0.3271 -0.2423 0.0576 0.2148 -0.0646 -0.2924 -0.3303 -0.3147 -0.1313 0.0952 0.2427 -0.1499 -0.3065 -0.3332 -0.2984 -0.0207 0.1357 0.1906 -0.2116 -0.3186 -0.3302 -0.2685 0.0404 0.1987 -0.0107 -0.2825 -0.3282 -0.3189 -0.1644 0.0878 0.2412 -0.1452 -0.3067 -0.3331 -0.2947 0.0036 0.1623 0.0761 -0.2623 -0.3271 -0.3184 -0.1396 0.0418 -0.1396 -0.3184 -0.3271 -0.2623 0.0761 0.1623 0.0036 -0.2947 -0.3331 -0.3067 -0.1452 0.2412 0.0878 -0.1644 -0.3189 -0.3282 -0.2825 -0.0107 0.1987 0.0404 -0.2685 -0.3302 -0.3186 -0.2116 0.1906 0.1357 -0.0207 -0.2984 -0.3332 -0.3065 -0.1499 0.2427 0.0952 -0.1313 -0.3147 -0.3303 -0.2924 -0.0646 0.2148 0.0576 -0.2423 -0.3271 -0.3227 -0.2375 0.1200 0.1584 0.0083 -0.2907 -0.3331 -0.2559
-0.2888 -0.2839 0.0223 0.1754 0.0669 -0.2541 -0.3249 -0.3246 -0.2210 0.0672 0.2242 -0.0908 -0.2960 -0.3315 -0.3109 -0.0997 0.1042 0.2416 -0.1655 -0.3097 -0.3331 -0.2942 -0.0025 0.1485 0.1522 -0.2269 -0.3211 -0.3285 -0.2543 0.0508 0.2083 -0.0449 -0.2902 -0.3295 -0.3163 -0.1422 0.0934 0.2426 -0.1527 -0.3079 -0.3330 -0.2939 0.0051 0.1623 0.0814 -0.2589 -0.3266 -0.3200 -0.1592 0.0909 0.1836 0.0909 -0.1592 -0.3200 -0.3266 -0.2589 0.0814 0.1623 0.0051 -0.2939 -0.3330 -0.3079 -0.1527 0.2426 0.0934 -0.1422 -0.3163 -0.3295 -0.2902 -0.0449 0.2083 0.0508 -0.2543 -0.3285 -0.3211 -0.2269 0.1522 0.1485 -0.0025 -0.2942 -0.3331 -0.3097 -0.1655 0.2416 0.1042 -0.0997 -0.3109 -0.3315 -0.2960 -0.0908 0.2242 0.0672 -0.2210 -0.3246 -0.3249 -0.2541 0.0669 0.1754 0.0223 -0.2839 -0.2888
-0.2618 0.0361 0.1915 0.0155 -0.2720 -0.3269 -0.3218 -0.1955 0.0764 0.2325 -0.1125 -0.2995 -0.3324 -0.3069 -0.0705 0.1135 0.2346 -0.1804 -0.3127 -0.3326 -0.2887 0.0131 0.1636 0.1032 -0.2428 -0.3235 -0.3263 -0.2359 0.0608 0.2180 -0.0739 -0.2936 -0.3308 -0.3131 -0.1161 0.1003 0.2425 -0.1626 -0.3096 -0.3329 -0.2920 0.0095 0.1655 0.0761 -0.2589 -0.3264 -0.3208 -0.1700 0.0902 0.2433 -0.0060 0.2433 0.0902 -0.1700 -0.3208 -0.3264 -0.2589 0.0761 0.1655 0.0095 -0.2920 -0.3329 -0.3096 -0.1626 0.2425 0.1003 -0.1161 -0.3131 -0.3308 -0.2936 -0.0739 0.2180 0.0608 -0.2359 -0.3263 -0.3235 -0.2428 0.1032 0.1636 0.0131 -0.2887 -0.3326 -0.3127 -0.1804 0.2346 0.1135 -0.0705 -0.3069 -0.3324 -0.2995 -0.1125 0.2325 0.0764 -0.1955 -0.3218 -0.3269 -0.2720 0.0155 0.1915 0.0361 -0.2618
0.0299 0.2036 -0.0274 -0.2858 -0.3287 -0.3187 -0.1664 0.0854 0.2389 -0.1312 -0.3029 -0.3330 -0.3028 -0.0448 0.1234 0.2195 -0.1952 -0.3156 -0.3317 -0.2809 0.0266 0.1815 0.0496 -0.2598 -0.3256 -0.3238 -0.2132 0.0702 0.2271 -0.0982 -0.2971 -0.3318 -0.3095 -0.0885 0.1081 0.2390 -0.1742 -0.3118 -0.3326 -0.2888 0.0160 0.1720 0.0609 -0.2623 -0.3266 -0.3208 -0.1730 0.0883 0.2424 -0.1528 -0.2875 -0.1528 0.2424 0.0883 -0.1730 -0.3208 -0.3266 -0.2623 0.0609 0.1720 0.0160 -0.2888 -0.3326 -0.3118 -0.1742 0.2390 0.1081 -0.0885 -0.3095 -0.3318 -0.2971 -0.0982 0.2271 0.0702 -0.2132 -0.3238 -0.3256 -0.2598 0.0496 0.1815 0.0266 -0.2809 -0.3317 -0.3156 -0.1952 0.2195 0.1234 -0.0448 -0.3028 -0.3330 -0.3029 -0.1312 0.2389 0.0854 -0.1664 -0.3187 -0.3287 -0.2858 -0.0274 0.2036 0.0299
0.2045 -0.0617 -0.2920 -0.3301 -0.3150 -0.1348 0.0943 0.2425 -0.1481 -0.3061 -0.3331 -0.2988 -0.0228 0.1345 0.1941 -0.2100 -0.3183 -0.3302 -0.2702 0.0387 0.1966 0.0003 -0.2780 -0.3274 -0.3207 -0.1864 0.0794 0.2348 -0.1189 -0.3006 -0.3325 -0.3055 -0.0615 0.1169 0.2298 -0.1869 -0.3141 -0.3319 -0.2835 0.0245 0.1824 0.0365 -0.2691 -0.3271 -0.3200 -0.1700 0.0883 0.2421 -0.1544 -0.3109 -0.3391 -0.3109 -0.1544 0.2421 0.0883 -0.1700 -0.3200 -0.3271 -0.2691 0.0365 0.1824 0.0245 -0.2835 -0.3319 -0.3141 -0.1869 0.2298 0.1169 -0.0615 -0.3055 -0.3325 -0.3006 -0.1189 0.2348 0.0794 -0.1864 -0.3207 -0.3274 -0.2780 0.0003 0.1966 0.0387 -0.2702 -0.3302 -0.3183 -0.2100 0.1941 0.1345 -0.0228 -0.2988 -0.3331 -0.3061 -0.1481 0.2425 0.0943 -0.1348 -0.3150 -0.3301 -0.2920 -0.0617 0.2045
-0.0784 -0.2961 -0.3313 -0.3109 -0.1013 0.1032 0.2418 -0.1642 -0.3095 -0.3329 -0.2944 -0.0035 0.1463 0.1556 -0.2255 -0.3209 -0.3283 -0.2550 0.0500 0.2072 -0.0405 -0.2897 -0.3291 -0.3171 -0.1544 0.0883 0.2405 -0.1374 -0.3041 -0.3329 -0.3011 -0.0360 0.1266 0.2115 -0.2008 -0.3168 -0.3308 -0.2750 0.0346 0.1935 0.0048 -0.2797 -0.3279 -0.3184 -0.1592 0.0902 0.2424 -0.1544 -0.3091 -0.3425 -0.3438 -0.3425 -0.3091 -0.1544 0.2424 0.0902 -0.1592 -0.3184 -0.3279 -0.2797 0.0048 0.1935 0.0346 -0.2750 -0.3308 -0.3168 -0.2008 0.2115 0.1266 -0.0360 -0.3011 -0.3329 -0.3041 -0.1374 0.2405 0.0883 -0.1544 -0.3171 -0.3291 -0.2897 -0.0405 0.2072 0.0500 -0.2550 -0.3283 -0.3209 -0.2255 0.1556 0.1463 -0.0035 -0.2944 -0.3329 -0.3095 -0.1642 0.2418 0.1032 -0.1013 -0.3109 -0.3313 -0.2961 -0.0784
-0.2401 -0.3408 -0.3208 -0.0686 0.1076 0.2402 -0.1746 -0.3147 -0.3440 -0.2930 0.0129 0.1478 0.1297 -0.2377 -0.3276 -0.3407 -0.2332 0.0591 0.2005 -0.0599 -0.2933 -0.3376 -0.3287 -0.1182 0.0940 0.2435 -0.1483 -0.3088 -0.3432 -0.3060 -0.0139 0.1294 0.1974 -0.2114 -0.3227 -0.3428 -0.2620 0.0440 0.1843 -0.0106 -0.2877 -0.3350 -0.3317 -0.1396 0.0909 0.2433 -0.1528 -0.3109 -0.3425 -0.2972 -0.0935 -0.2972 -0.3425 -0.3109 -0.1528 0.2433 0.0909 -0.1396 -0.3317 -0.3350 -0.2877 -0.0106 0.1843 0.0440 -0.2620 -0.3428 -0.3227 -0.2114 0.1974 0.1294 -0.0139 -0.3060 -0.3432 -0.3088 -0.1483 0.2435 0.0940 -0.1182 -0.3287 -0.3376 -0.2933 -0.0599 0.2005 0.0591 -0.2332 -0.3407 -0.3276 -0.2377 0.1297 0.1478 0.0129 -0.2930 -0.3440 -0.3147 -0.1746 0.2402 0.1076 -0.0686 -0.3208 -0.3408 -0.2401
-0.2756 -0.3531 -0.2261 0.0635 0.2048 -0.0749 -0.2940 -0.3429 -0.3432 -0.0925 0.0980 0.2321 -0.1727 -0.3104 -0.3509 -0.3216 0.0011 0.1372 0.1813 -0.2430 -0.3255 -0.3535 -0.2673 0.0489 0.1885 -0.0136 -0.2870 -0.3385 -0.3482 -0.1487 0.0834 0.2250 -0.1370 -0.3039 -0.3482 -0.3319 -0.0270 0.1215 0.2162 -0.2284 -0.3209 -0.3529 -0.2853 0.0418 0.1836 -0.0060 -0.2875 -0.3391 -0.3438 -0.0935 0.0469 -0.0935 -0.3438 -0.3391 -0.2875 -0.0060 0.1836 0.0418 -0.2853 -0.3529 -0.3209 -0.2284 0.2162 0.1215 -0.0270 -0.3319 -0.3482 -0.3039 -0.1370 0.2250 0.0834 -0.1487 -0.3482 -0.3385 -0.2870 -0.0136 0.1885 0.0489 -0.2673 -0.3535 -0.3255 -0.2430 0.1813 0.1372 0.0011 -0.3216 -0.3509 -0.3104 -0.1727 0.2321 0.0980 -0.0925 -0.3432 -0.3429 -0.2940 -0.0749 0.2048 0.0635 -0.2261 -0.3531 -0.2756
