-0.2506 -0.2666 -0.2817 -0.2965 -0.3110 -0.3250 -0.3382 -0.3501 -0.3601 -0.3672 -0.3699 -0.3658 -0.3509 -0.3186 -0.2579 -0.1610 -0.0596 0.0065 0.0492 0.0833 0.1145 0.1459 0.1787 0.2112 0.2335 0.2122 0.0688 -0.0708 -0.1299 -0.1621 -0.1858 -0.2056 -0.2233 -0.2398 -0.2556 -0.2710 -0.2861 -0.3009 -0.3153 -0.3291 -0.3419 -0.3534 -0.3626 -0.3686 -0.3696 -0.3629 -0.3444 -0.3083 -0.2508 -0.1862 -0.1563 -0.1862 -0.2508 -0.3083 -0.3444 -0.3629 -0.3696 -0.3686 -0.3626 -0.3534 -0.3419 -0.3291 -0.3153 -0.3009 -0.2861 -0.2710 -0.2556 -0.2398 -0.2233 -0.2056 -0.1858 -0.1621 -0.1299 -0.0708 0.0688 0.2122 0.2335 0.2112 0.1787 0.1459 0.1145 0.0833 0.0492 0.0065 -0.0596 -0.1610 -0.2579 -0.3186 -0.3509 -0.3658 -0.3699 -0.3672 -0.3601 -0.3501 -0.3382 -0.3250 -0.3110 -0.2965 -0.2817 -0.2666 -0.2506
-0.2666 -0.2824 -0.2971 -0.3114 -0.3250 -0.3376 -0.3487 -0.3577 -0.3634 -0.3642 -0.3575 -0.3393 -0.3026 -0.2374 -0.1413 -0.0512 0.0061 0.0448 0.0769 0.1066 0.1363 0.1672 0.1978 0.2192 0.1995 0.0602 -0.0768 -0.1348 -0.1654 -0.1884 -0.2077 -0.2251 -0.2414 -0.2570 -0.2722 -0.2871 -0.3016 -0.3156 -0.3289 -0.3411 -0.3517 -0.3598 -0.3642 -0.3631 -0.3536 -0.3310 -0.2881 -0.2177 -0.1300 -0.0657 -0.0442 -0.0657 -0.1300 -0.2177 -0.2881 -0.3310 -0.3536 -0.3631 -0.3642 -0.3598 -0.3517 -0.3411 -0.3289 -0.3156 -0.3016 -0.2871 -0.2722 -0.2570 -0.2414 -0.2251 -0.2077 -0.1884 -0.1654 -0.1348 -0.0768 0.0602 0.1995 0.2192 0.1978 0.1672 0.1363 0.1066 0.0769 0.0448 0.0061 -0.0512 -0.1413 -0.2374 -0.3026 -0.3393 -0.3575 -0.3642 -0.3634 -0.3577 -0.3487 -0.3376 -0.3250 -0.3114 -0.2971 -0.2824 -0.2666
-0.2817 -0.2971 -0.3116 -0.3252 -0.3379 -0.3490 -0.3580 -0.3635 -0.3641 -0.3572 -0.3384 -0.3008 -0.2343 -0.1375 -0.0485 0.0078 0.0461 0.0781 0.1077 0.1375 0.1683 0.1989 0.2195 0.1972 0.0535 -0.0802 -0.1362 -0.1664 -0.1891 -0.2084 -0.2257 -0.2420 -0.2576 -0.2728 -0.2876 -0.3021 -0.3161 -0.3294 -0.3415 -0.3520 -0.3600 -0.3643 -0.3630 -0.3531 -0.3297 -0.2850 -0.2100 -0.1138 -0.0397 -0.0000 0.0133 -0.0000 -0.0397 -0.1138 -0.2100 -0.2850 -0.3297 -0.3531 -0.3630 -0.3643 -0.3600 -0.3520 -0.3415 -0.3294 -0.3161 -0.3021 -0.2876 -0.2728 -0.2576 -0.2420 -0.2257 -0.2084 -0.1891 -0.1664 -0.1362 -0.0802 0.0535 0.1972 0.2195 0.1989 0.1683 0.1375 0.1077 0.0781 0.0461 0.0078 -0.0485 -0.1375 -0.2343 -0.3008 -0.3384 -0.3572 -0.3641 -0.3635 -0.3580 -0.3490 -0.3379 -0.3252 -0.3116 -0.2971 -0.2817
-0.2965 -0.3114 -0.3252 -0.3380 -0.3492 -0.3581 -0.3636 -0.3641 -0.3568 -0.3375 -0.2991 -0.2313 -0.1337 -0.0459 0.0094 0.0474 0.0792 0.1088 0.1386 0.1695 0.2000 0.2198 0.1946 0.0467 -0.0835 -0.1375 -0.1673 -0.1899 -0.2090 -0.2263 -0.2426 -0.2582 -0.2733 -0.2882 -0.3026 -0.3166 -0.3298 -0.3420 -0.3524 -0.3603 -0.3644 -0.3628 -0.3525 -0.3284 -0.2824 -0.2050 -0.1061 -0.0300 0.0151 0.0421 0.0524 0.0421 0.0151 -0.0300 -0.1061 -0.2050 -0.2824 -0.3284 -0.3525 -0.3628 -0.3644 -0.3603 -0.3524 -0.3420 -0.3298 -0.3166 -0.3026 -0.2882 -0.2733 -0.2582 -0.2426 -0.2263 -0.2090 -0.1899 -0.1673 -0.1375 -0.0835 0.0467 0.1946 0.2198 0.2000 0.1695 0.1386 0.1088 0.0792 0.0474 0.0094 -0.0459 -0.1337 -0.2313 -0.2991 -0.3375 -0.3568 -0.3641 -0.3636 -0.3581 -0.3492 -0.3380 -0.3252 -0.3114 -0.2965
-0.3110 -0.3250 -0.3379 -0.3492 -0.3582 -0.3637 -0.3640 -0.3565 -0.3368 -0.2975 -0.2285 -0.1303 -0.0435 0.0110 0.0487 0.0803 0.1099 0.1397 0.1707 0.2010 0.2200 0.1919 0.0400 -0.0868 -0.1389 -0.1682 -0.1907 -0.2097 -0.2270 -0.2432 -0.2587 -0.2739 -0.2887 -0.3032 -0.3171 -0.3303 -0.3424 -0.3527 -0.3605 -0.3644 -0.3626 -0.3518 -0.3271 -0.2800 -0.2010 -0.1011 -0.0254 0.0211 0.0534 0.0760 0.0852 0.0760 0.0534 0.0211 -0.0254 -0.1011 -0.2010 -0.2800 -0.3271 -0.3518 -0.3626 -0.3644 -0.3605 -0.3527 -0.3424 -0.3303 -0.3171 -0.3032 -0.2887 -0.2739 -0.2587 -0.2432 -0.2270 -0.2097 -0.1907 -0.1682 -0.1389 -0.0868 0.0400 0.1919 0.2200 0.2010 0.1707 0.1397 0.1099 0.0803 0.0487 0.0110 -0.0435 -0.1303 -0.2285 -0.2975 -0.3368 -0.3565 -0.3640 -0.3637 -0.3582 -0.3492 -0.3379 -0.3250 -0.3110
-0.3250 -0.3376 -0.3490 -0.3581 -0.3637 -0.3640 -0.3563 -0.3362 -0.2962 -0.2262 -0.1273 -0.0413 0.0124 0.0498 0.0814 0.1110 0.1408 0.1718 0.2020 0.2201 0.1891 0.0336 -0.0898 -0.1401 -0.1692 -0.1914 -0.2104 -0.2276 -0.2437 -0.2593 -0.2744 -0.2893 -0.3037 -0.3176 -0.3308 -0.3428 -0.3531 -0.3607 -0.3645 -0.3624 -0.3512 -0.3258 -0.2777 -0.1973 -0.0972 -0.0224 0.0240 0.0580 0.0858 0.1071 0.1161 0.1071 0.0858 0.0580 0.0240 -0.0224 -0.0972 -0.1973 -0.2777 -0.3258 -0.3512 -0.3624 -0.3645 -0.3607 -0.3531 -0.3428 -0.3308 -0.3176 -0.3037 -0.2893 -0.2744 -0.2593 -0.2437 -0.2276 -0.2104 -0.1914 -0.1692 -0.1401 -0.0898 0.0336 0.1891 0.2201 0.2020 0.1718 0.1408 0.1110 0.0814 0.0498 0.0124 -0.0413 -0.1273 -0.2262 -0.2962 -0.3362 -0.3563 -0.3640 -0.3637 -0.3581 -0.3490 -0.3376 -0.3250
-0.3382 -0.3487 -0.3580 -0.3636 -0.3640 -0.3563 -0.3360 -0.2956 -0.2246 -0.1251 -0.0396 0.0136 0.0508 0.0823 0.1120 0.1419 0.1730 0.2030 0.2202 0.1861 0.0272 -0.0929 -0.1415 -0.1701 -0.1922 -0.2110 -0.2282 -0.2443 -0.2599 -0.2750 -0.2898 -0.3042 -0.3181 -0.3313 -0.3432 -0.3534 -0.3609 -0.3645 -0.3621 -0.3505 -0.3245 -0.2753 -0.1937 -0.0937 -0.0201 0.0259 0.0604 0.0899 0.1165 0.1381 0.1475 0.1381 0.1165 0.0899 0.0604 0.0259 -0.0201 -0.0937 -0.1937 -0.2753 -0.3245 -0.3505 -0.3621 -0.3645 -0.3609 -0.3534 -0.3432 -0.3313 -0.3181 -0.3042 -0.2898 -0.2750 -0.2599 -0.2443 -0.2282 -0.2110 -0.1922 -0.1701 -0.1415 -0.0929 0.0272 0.1861 0.2202 0.2030 0.1730 0.1419 0.1120 0.0823 0.0508 0.0136 -0.0396 -0.1251 -0.2246 -0.2956 -0.3360 -0.3563 -0.3640 -0.3636 -0.3580 -0.3487 -0.3382
-0.3501 -0.3577 -0.3635 -0.3641 -0.3565 -0.3362 -0.2956 -0.2241 -0.1239 -0.0385 0.0145 0.0516 0.0832 0.1128 0.1429 0.1740 0.2039 0.2202 0.1830 0.0209 -0.0960 -0.1427 -0.1710 -0.1929 -0.2117 -0.2288 -0.2449 -0.2605 -0.2756 -0.2904 -0.3048 -0.3186 -0.3317 -0.3436 -0.3537 -0.3612 -0.3646 -0.3619 -0.3499 -0.3231 -0.2729 -0.1900 -0.0903 -0.0179 0.0275 0.0619 0.0920 0.1205 0.1477 0.1702 0.1799 0.1702 0.1477 0.1205 0.0920 0.0619 0.0275 -0.0179 -0.0903 -0.1900 -0.2729 -0.3231 -0.3499 -0.3619 -0.3646 -0.3612 -0.3537 -0.3436 -0.3317 -0.3186 -0.3048 -0.2904 -0.2756 -0.2605 -0.2449 -0.2288 -0.2117 -0.1929 -0.1710 -0.1427 -0.0960 0.0209 0.1830 0.2202 0.2039 0.1740 0.1429 0.1128 0.0832 0.0516 0.0145 -0.0385 -0.1239 -0.2241 -0.2956 -0.3362 -0.3565 -0.3641 -0.3635 -0.3577 -0.3501
-0.3601 -0.3634 -0.3641 -0.3568 -0.3368 -0.2962 -0.2246 -0.1239 -0.0381 0.0149 0.0522 0.0838 0.1135 0.1437 0.1749 0.2047 0.2202 0.1800 0.0152 -0.0988 -0.1440 -0.1719 -0.1937 -0.2124 -0.2294 -0.2455 -0.2610 -0.2761 -0.2909 -0.3053 -0.3191 -0.3322 -0.3440 -0.3541 -0.3614 -0.3646 -0.3616 -0.3492 -0.3217 -0.2704 -0.1863 -0.0869 -0.0158 0.0289 0.0633 0.0935 0.1226 0.1519 0.1800 0.2013 0.2089 0.2013 0.1800 0.1519 0.1226 0.0935 0.0633 0.0289 -0.0158 -0.0869 -0.1863 -0.2704 -0.3217 -0.3492 -0.3616 -0.3646 -0.3614 -0.3541 -0.3440 -0.3322 -0.3191 -0.3053 -0.2909 -0.2761 -0.2610 -0.2455 -0.2294 -0.2124 -0.1937 -0.1719 -0.1440 -0.0988 0.0152 0.1800 0.2202 0.2047 0.1749 0.1437 0.1135 0.0838 0.0522 0.0149 -0.0381 -0.1239 -0.2246 -0.2962 -0.3368 -0.3568 -0.3641 -0.3634 -0.3601
-0.3672 -0.3642 -0.3572 -0.3375 -0.2975 -0.2262 -0.1251 -0.0385 0.0149 0.0524 0.0841 0.1140 0.1443 0.1756 0.2054 0.2201 0.1771 0.0102 -0.1013 -0.1451 -0.1728 -0.1944 -0.2130 -0.2300 -0.2461 -0.2616 -0.2767 -0.2914 -0.3058 -0.3196 -0.3327 -0.3445 -0.3544 -0.3616 -0.3646 -0.3614 -0.3485 -0.3203 -0.2678 -0.1826 -0.0835 -0.0137 0.0303 0.0645 0.0947 0.1241 0.1541 0.1842 0.2094 0.2185 0.2153 0.2185 0.2094 0.1842 0.1541 0.1241 0.0947 0.0645 0.0303 -0.0137 -0.0835 -0.1826 -0.2678 -0.3203 -0.3485 -0.3614 -0.3646 -0.3616 -0.3544 -0.3445 -0.3327 -0.3196 -0.3058 -0.2914 -0.2767 -0.2616 -0.2461 -0.2300 -0.2130 -0.1944 -0.1728 -0.1451 -0.1013 0.0102 0.1771 0.2201 0.2054 0.1756 0.1443 0.1140 0.0841 0.0524 0.0149 -0.0385 -0.1251 -0.2262 -0.2975 -0.3375 -0.3572 -0.3642 -0.3672
-0.3699 -0.3575 -0.3384 -0.2991 -0.2285 -0.1273 -0.0396 0.0145 0.0522 0.0841 0.1142 0.1446 0.1761 0.2059 0.2200 0.1748 0.0059 -0.1035 -0.1461 -0.1735 -0.1951 -0.2137 -0.2306 -0.2467 -0.2622 -0.2772 -0.2920 -0.3063 -0.3201 -0.3331 -0.3449 -0.3547 -0.3618 -0.3646 -0.3611 -0.3477 -0.3189 -0.2653 -0.1789 -0.0803 -0.0118 0.0317 0.0656 0.0958 0.1253 0.1556 0.1864 0.2125 0.2168 0.1783 0.1386 0.1783 0.2168 0.2125 0.1864 0.1556 0.1253 0.0958 0.0656 0.0317 -0.0118 -0.0803 -0.1789 -0.2653 -0.3189 -0.3477 -0.3611 -0.3646 -0.3618 -0.3547 -0.3449 -0.3331 -0.3201 -0.3063 -0.2920 -0.2772 -0.2622 -0.2467 -0.2306 -0.2137 -0.1951 -0.1735 -0.1461 -0.1035 0.0059 0.1748 0.2200 0.2059 0.1761 0.1446 0.1142 0.0841 0.0522 0.0145 -0.0396 -0.1273 -0.2285 -0.2991 -0.3384 -0.3575 -0.3699
-0.3658 -0.3393 -0.3008 -0.2313 -0.1303 -0.0413 0.0136 0.0516 0.0838 0.1140 0.1446 0.1762 0.2061 0.2199 0.1728 0.0026 -0.1053 -0.1469 -0.1742 -0.1957 -0.2142 -0.2312 -0.2472 -0.2627 -0.2778 -0.2925 -0.3069 -0.3206 -0.3336 -0.3453 -0.3551 -0.3620 -0.3646 -0.3608 -0.3470 -0.3174 -0.2627 -0.1751 -0.0771 -0.0098 0.0331 0.0668 0.0969 0.1264 0.1569 0.1879 0.2141 0.2148 0.1430 0.0165 -0.0298 0.0165 0.1430 0.2148 0.2141 0.1879 0.1569 0.1264 0.0969 0.0668 0.0331 -0.0098 -0.0771 -0.1751 -0.2627 -0.3174 -0.3470 -0.3608 -0.3646 -0.3620 -0.3551 -0.3453 -0.3336 -0.3206 -0.3069 -0.2925 -0.2778 -0.2627 -0.2472 -0.2312 -0.2142 -0.1957 -0.1742 -0.1469 -0.1053 0.0026 0.1728 0.2199 0.2061 0.1762 0.1446 0.1140 0.0838 0.0516 0.0136 -0.0413 -0.1303 -0.2313 -0.3008 -0.3393 -0.3658
-0.3509 -0.3026 -0.2343 -0.1337 -0.0435 0.0124 0.0508 0.0832 0.1135 0.1443 0.1761 0.2061 0.2199 0.1717 0.0004 -0.1066 -0.1476 -0.1748 -0.1962 -0.2147 -0.2317 -0.2477 -0.2632 -0.2783 -0.2931 -0.3074 -0.3211 -0.3341 -0.3457 -0.3554 -0.3621 -0.3646 -0.3605 -0.3462 -0.3158 -0.2600 -0.1713 -0.0739 -0.0078 0.0345 0.0680 0.0981 0.1276 0.1581 0.1892 0.2150 0.2132 0.1218 -0.0293 -0.0991 -0.1154 -0.0991 -0.0293 0.1218 0.2132 0.2150 0.1892 0.1581 0.1276 0.0981 0.0680 0.0345 -0.0078 -0.0739 -0.1713 -0.2600 -0.3158 -0.3462 -0.3605 -0.3646 -0.3621 -0.3554 -0.3457 -0.3341 -0.3211 -0.3074 -0.2931 -0.2783 -0.2632 -0.2477 -0.2317 -0.2147 -0.1962 -0.1748 -0.1476 -0.1066 0.0004 0.1717 0.2199 0.2061 0.1761 0.1443 0.1135 0.0832 0.0508 0.0124 -0.0435 -0.1337 -0.2343 -0.3026 -0.3509
-0.3186 -0.2374 -0.1375 -0.0459 0.0110 0.0498 0.0823 0.1128 0.1437 0.1756 0.2059 0.2199 0.1717 -0.0004 -0.1071 -0.1480 -0.1752 -0.1966 -0.2151 -0.2321 -0.2482 -0.2637 -0.2788 -0.2935 -0.3079 -0.3216 -0.3345 -0.3461 -0.3557 -0.3623 -0.3646 -0.3602 -0.3454 -0.3143 -0.2573 -0.1674 -0.0708 -0.0060 0.0358 0.0691 0.0992 0.1287 0.1593 0.1903 0.2158 0.2117 0.1095 -0.0458 -0.1176 -0.1448 -0.1538 -0.1448 -0.1176 -0.0458 0.1095 0.2117 0.2158 0.1903 0.1593 0.1287 0.0992 0.0691 0.0358 -0.0060 -0.0708 -0.1674 -0.2573 -0.3143 -0.3454 -0.3602 -0.3646 -0.3623 -0.3557 -0.3461 -0.3345 -0.3216 -0.3079 -0.2935 -0.2788 -0.2637 -0.2482 -0.2321 -0.2151 -0.1966 -0.1752 -0.1480 -0.1071 -0.0004 0.1717 0.2199 0.2059 0.1756 0.1437 0.1128 0.0823 0.0498 0.0110 -0.0459 -0.1375 -0.2374 -0.3186
-0.2579 -0.1413 -0.0485 0.0094 0.0487 0.0814 0.1120 0.1429 0.1749 0.2054 0.2200 0.1728 0.0004 -0.1071 -0.1481 -0.1754 -0.1968 -0.2154 -0.2324 -0.2485 -0.2640 -0.2792 -0.2939 -0.3083 -0.3220 -0.3349 -0.3465 -0.3560 -0.3625 -0.3646 -0.3598 -0.3446 -0.3127 -0.2545 -0.1637 -0.0678 -0.0041 0.0372 0.0703 0.1002 0.1298 0.1604 0.1915 0.2164 0.2103 0.1009 -0.0535 -0.1241 -0.1552 -0.1735 -0.1802 -0.1735 -0.1552 -0.1241 -0.0535 0.1009 0.2103 0.2164 0.1915 0.1604 0.1298 0.1002 0.0703 0.0372 -0.0041 -0.0678 -0.1637 -0.2545 -0.3127 -0.3446 -0.3598 -0.3646 -0.3625 -0.3560 -0.3465 -0.3349 -0.3220 -0.3083 -0.2939 -0.2792 -0.2640 -0.2485 -0.2324 -0.2154 -0.1968 -0.1754 -0.1481 -0.1071 0.0004 0.1728 0.2200 0.2054 0.1749 0.1429 0.1120 0.0814 0.0487 0.0094 -0.0485 -0.1413 -0.2579
-0.1610 -0.0512 0.0078 0.0474 0.0803 0.1110 0.1419 0.1740 0.2047 0.2201 0.1748 0.0026 -0.1066 -0.1480 -0.1754 -0.1969 -0.2155 -0.2326 -0.2487 -0.2643 -0.2795 -0.2943 -0.3087 -0.3224 -0.3353 -0.3468 -0.3562 -0.3627 -0.3645 -0.3595 -0.3438 -0.3111 -0.2517 -0.1598 -0.0648 -0.0023 0.0385 0.0714 0.1013 0.1309 0.1616 0.1926 0.2170 0.2088 0.0935 -0.0587 -0.1272 -0.1592 -0.1812 -0.1958 -0.2014 -0.1958 -0.1812 -0.1592 -0.1272 -0.0587 0.0935 0.2088 0.2170 0.1926 0.1616 0.1309 0.1013 0.0714 0.0385 -0.0023 -0.0648 -0.1598 -0.2517 -0.3111 -0.3438 -0.3595 -0.3645 -0.3627 -0.3562 -0.3468 -0.3353 -0.3224 -0.3087 -0.2943 -0.2795 -0.2643 -0.2487 -0.2326 -0.2155 -0.1969 -0.1754 -0.1480 -0.1066 0.0026 0.1748 0.2201 0.2047 0.1740 0.1419 0.1110 0.0803 0.0474 0.0078 -0.0512 -0.1610
-0.0596 0.0061 0.0461 0.0792 0.1099 0.1408 0.1730 0.2039 0.2202 0.1771 0.0059 -0.1053 -0.1476 -0.1752 -0.1968 -0.2155 -0.2327 -0.2489 -0.2645 -0.2797 -0.2945 -0.3089 -0.3227 -0.3356 -0.3471 -0.3565 -0.3628 -0.3645 -0.3591 -0.3429 -0.3094 -0.2488 -0.1559 -0.0619 -0.0005 0.0398 0.0726 0.1024 0.1321 0.1627 0.1937 0.2175 0.2071 0.0864 -0.0630 -0.1291 -0.1612 -0.1843 -0.2022 -0.2150 -0.2201 -0.2150 -0.2022 -0.1843 -0.1612 -0.1291 -0.0630 0.0864 0.2071 0.2175 0.1937 0.1627 0.1321 0.1024 0.0726 0.0398 -0.0005 -0.0619 -0.1559 -0.2488 -0.3094 -0.3429 -0.3591 -0.3645 -0.3628 -0.3565 -0.3471 -0.3356 -0.3227 -0.3089 -0.2945 -0.2797 -0.2645 -0.2489 -0.2327 -0.2155 -0.1968 -0.1752 -0.1476 -0.1053 0.0059 0.1771 0.2202 0.2039 0.1730 0.1408 0.1099 0.0792 0.0461 0.0061 -0.0596
0.0065 0.0448 0.0781 0.1088 0.1397 0.1718 0.2030 0.2202 0.1800 0.0102 -0.1035 -0.1469 -0.1748 -0.1966 -0.2154 -0.2326 -0.2489 -0.2646 -0.2798 -0.2947 -0.3092 -0.3230 -0.3359 -0.3473 -0.3567 -0.3629 -0.3644 -0.3588 -0.3422 -0.3079 -0.2461 -0.1522 -0.0591 0.0013 0.0412 0.0737 0.1035 0.1332 0.1639 0.1948 0.2181 0.2053 0.0794 -0.0669 -0.1308 -0.1625 -0.1858 -0.2048 -0.2207 -0.2326 -0.2374 -0.2326 -0.2207 -0.2048 -0.1858 -0.1625 -0.1308 -0.0669 0.0794 0.2053 0.2181 0.1948 0.1639 0.1332 0.1035 0.0737 0.0412 0.0013 -0.0591 -0.1522 -0.2461 -0.3079 -0.3422 -0.3588 -0.3644 -0.3629 -0.3567 -0.3473 -0.3359 -0.3230 -0.3092 -0.2947 -0.2798 -0.2646 -0.2489 -0.2326 -0.2154 -0.1966 -0.1748 -0.1469 -0.1035 0.0102 0.1800 0.2202 0.2030 0.1718 0.1397 0.1088 0.0781 0.0448 0.0065
0.0492 0.0769 0.1077 0.1386 0.1707 0.2020 0.2202 0.1830 0.0152 -0.1013 -0.1461 -0.1742 -0.1962 -0.2151 -0.2324 -0.2487 -0.2645 -0.2798 -0.2948 -0.3093 -0.3231 -0.3360 -0.3475 -0.3569 -0.3630 -0.3644 -0.3586 -0.3415 -0.3065 -0.2436 -0.1489 -0.0565 0.0030 0.0425 0.0749 0.1046 0.1343 0.1651 0.1959 0.2185 0.2034 0.0725 -0.0705 -0.1322 -0.1636 -0.1868 -0.2062 -0.2231 -0.2379 -0.2492 -0.2538 -0.2492 -0.2379 -0.2231 -0.2062 -0.1868 -0.1636 -0.1322 -0.0705 0.0725 0.2034 0.2185 0.1959 0.1651 0.1343 0.1046 0.0749 0.0425 0.0030 -0.0565 -0.1489 -0.2436 -0.3065 -0.3415 -0.3586 -0.3644 -0.3630 -0.3569 -0.3475 -0.3360 -0.3231 -0.3093 -0.2948 -0.2798 -0.2645 -0.2487 -0.2324 -0.2151 -0.1962 -0.1742 -0.1461 -0.1013 0.0152 0.1830 0.2202 0.2020 0.1707 0.1386 0.1077 0.0769 0.0492
0.0833 0.1066 0.1375 0.1695 0.2010 0.2201 0.1861 0.0209 -0.0988 -0.1451 -0.1735 -0.1957 -0.2147 -0.2321 -0.2485 -0.2643 -0.2797 -0.2947 -0.3093 -0.3232 -0.3361 -0.3476 -0.3570 -0.3631 -0.3644 -0.3583 -0.3409 -0.3053 -0.2413 -0.1458 -0.0541 0.0045 0.0437 0.0760 0.1057 0.1354 0.1662 0.1969 0.2189 0.2013 0.0657 -0.0740 -0.1337 -0.1646 -0.1877 -0.2070 -0.2243 -0.2401 -0.2543 -0.2652 -0.2697 -0.2652 -0.2543 -0.2401 -0.2243 -0.2070 -0.1877 -0.1646 -0.1337 -0.0740 0.0657 0.2013 0.2189 0.1969 0.1662 0.1354 0.1057 0.0760 0.0437 0.0045 -0.0541 -0.1458 -0.2413 -0.3053 -0.3409 -0.3583 -0.3644 -0.3631 -0.3570 -0.3476 -0.3361 -0.3232 -0.3093 -0.2947 -0.2797 -0.2643 -0.2485 -0.2321 -0.2147 -0.1957 -0.1735 -0.1451 -0.0988 0.0209 0.1861 0.2201 0.2010 0.1695 0.1375 0.1066 0.0833
0.1145 0.1363 0.1683 0.2000 0.2200 0.1891 0.0272 -0.0960 -0.1440 -0.1728 -0.1951 -0.2142 -0.2317 -0.2482 -0.2640 -0.2795 -0.2945 -0.3092 -0.3231 -0.3361 -0.3477 -0.3570 -0.3631 -0.3643 -0.3582 -0.3404 -0.3042 -0.2393 -0.1431 -0.0520 0.0058 0.0447 0.0770 0.1067 0.1365 0.1674 0.1980 0.2193 0.1991 0.0589 -0.0775 -0.1351 -0.1656 -0.1885 -0.2078 -0.2251 -0.2412 -0.2564 -0.2701 -0.2809 -0.2853 -0.2809 -0.2701 -0.2564 -0.2412 -0.2251 -0.2078 -0.1885 -0.1656 -0.1351 -0.0775 0.0589 0.1991 0.2193 0.1980 0.1674 0.1365 0.1067 0.0770 0.0447 0.0058 -0.0520 -0.1431 -0.2393 -0.3042 -0.3404 -0.3582 -0.3643 -0.3631 -0.3570 -0.3477 -0.3361 -0.3231 -0.3092 -0.2945 -0.2795 -0.2640 -0.2482 -0.2317 -0.2142 -0.1951 -0.1728 -0.1440 -0.0960 0.0272 0.1891 0.2200 0.2000 0.1683 0.1363 0.1145
0.1459 0.1672 0.1989 0.2198 0.1919 0.0336 -0.0929 -0.1427 -0.1719 -0.1944 -0.2137 -0.2312 -0.2477 -0.2637 -0.2792 -0.2943 -0.3089 -0.3230 -0.3360 -0.3476 -0.3570 -0.3632 -0.3643 -0.3580 -0.3401 -0.3034 -0.2378 -0.1408 -0.0503 0.0070 0.0457 0.0779 0.1076 0.1375 0.1684 0.1990 0.2196 0.1967 0.0520 -0.0809 -0.1365 -0.1666 -0.1893 -0.2085 -0.2258 -0.2420 -0.2575 -0.2722 -0.2856 -0.2962 -0.3006 -0.2962 -0.2856 -0.2722 -0.2575 -0.2420 -0.2258 -0.2085 -0.1893 -0.1666 -0.1365 -0.0809 0.0520 0.1967 0.2196 0.1990 0.1684 0.1375 0.1076 0.0779 0.0457 0.0070 -0.0503 -0.1408 -0.2378 -0.3034 -0.3401 -0.3580 -0.3643 -0.3632 -0.3570 -0.3476 -0.3360 -0.3230 -0.3089 -0.2943 -0.2792 -0.2637 -0.2477 -0.2312 -0.2137 -0.1944 -0.1719 -0.1427 -0.0929 0.0336 0.1919 0.2198 0.1989 0.1672 0.1459
0.1787 0.1978 0.2195 0.1946 0.0400 -0.0898 -0.1415 -0.1710 -0.1937 -0.2130 -0.2306 -0.2472 -0.2632 -0.2788 -0.2939 -0.3087 -0.3227 -0.3359 -0.3475 -0.3570 -0.3631 -0.3643 -0.3580 -0.3399 -0.3029 -0.2367 -0.1392 -0.0490 0.0079 0.0465 0.0786 0.1084 0.1383 0.1694 0.1999 0.2198 0.1944 0.0456 -0.0841 -0.1378 -0.1675 -0.1900 -0.2092 -0.2264 -0.2427 -0.2582 -0.2732 -0.2876 -0.3007 -0.3110 -0.3153 -0.3110 -0.3007 -0.2876 -0.2732 -0.2582 -0.2427 -0.2264 -0.2092 -0.1900 -0.1675 -0.1378 -0.0841 0.0456 0.1944 0.2198 0.1999 0.1694 0.1383 0.1084 0.0786 0.0465 0.0079 -0.0490 -0.1392 -0.2367 -0.3029 -0.3399 -0.3580 -0.3643 -0.3631 -0.3570 -0.3475 -0.3359 -0.3227 -0.3087 -0.2939 -0.2788 -0.2632 -0.2472 -0.2306 -0.2130 -0.1937 -0.1710 -0.1415 -0.0898 0.0400 0.1946 0.2195 0.1978 0.1787
0.2112 0.2192 0.1972 0.0467 -0.0868 -0.1401 -0.1701 -0.1929 -0.2124 -0.2300 -0.2467 -0.2627 -0.2783 -0.2935 -0.3083 -0.3224 -0.3356 -0.3473 -0.3569 -0.3631 -0.3643 -0.3580 -0.3399 -0.3028 -0.2361 -0.1382 -0.0480 0.0086 0.0471 0.0792 0.1091 0.1391 0.1702 0.2007 0.2200 0.1921 0.0399 -0.0870 -0.1390 -0.1684 -0.1908 -0.2098 -0.2271 -0.2433 -0.2588 -0.2739 -0.2886 -0.3026 -0.3154 -0.3252 -0.3294 -0.3252 -0.3154 -0.3026 -0.2886 -0.2739 -0.2588 -0.2433 -0.2271 -0.2098 -0.1908 -0.1684 -0.1390 -0.0870 0.0399 0.1921 0.2200 0.2007 0.1702 0.1391 0.1091 0.0792 0.0471 0.0086 -0.0480 -0.1382 -0.2361 -0.3028 -0.3399 -0.3580 -0.3643 -0.3631 -0.3569 -0.3473 -0.3356 -0.3224 -0.3083 -0.2935 -0.2783 -0.2627 -0.2467 -0.2300 -0.2124 -0.1929 -0.1701 -0.1401 -0.0868 0.0467 0.1972 0.2192 0.2112
0.2335 0.1995 0.0535 -0.0835 -0.1389 -0.1692 -0.1922 -0.2117 -0.2294 -0.2461 -0.2622 -0.2778 -0.2931 -0.3079 -0.3220 -0.3353 -0.3471 -0.3567 -0.3630 -0.3644 -0.3582 -0.3401 -0.3029 -0.2361 -0.1378 -0.0475 0.0090 0.0476 0.0797 0.1096 0.1397 0.1709 0.2014 0.2201 0.1899 0.0346 -0.0897 -0.1402 -0.1693 -0.1915 -0.2105 -0.2277 -0.2439 -0.2594 -0.2745 -0.2893 -0.3036 -0.3171 -0.3292 -0.3385 -0.3423 -0.3385 -0.3292 -0.3171 -0.3036 -0.2893 -0.2745 -0.2594 -0.2439 -0.2277 -0.2105 -0.1915 -0.1693 -0.1402 -0.0897 0.0346 0.1899 0.2201 0.2014 0.1709 0.1397 0.1096 0.0797 0.0476 0.0090 -0.0475 -0.1378 -0.2361 -0.3029 -0.3401 -0.3582 -0.3644 -0.3630 -0.3567 -0.3471 -0.3353 -0.3220 -0.3079 -0.2931 -0.2778 -0.2622 -0.2461 -0.2294 -0.2117 -0.1922 -0.1692 -0.1389 -0.0835 0.0535 0.1995 0.2335
0.2122 0.0602 -0.0802 -0.1375 -0.1682 -0.1914 -0.2110 -0.2288 -0.2455 -0.2616 -0.2772 -0.2925 -0.3074 -0.3216 -0.3349 -0.3468 -0.3565 -0.3629 -0.3644 -0.3583 -0.3404 -0.3034 -0.2367 -0.1382 -0.0475 0.0092 0.0478 0.0800 0.1100 0.1402 0.1715 0.2019 0.2202 0.1879 0.0299 -0.0920 -0.1412 -0.1700 -0.1922 -0.2111 -0.2283 -0.2444 -0.2600 -0.2751 -0.2899 -0.3043 -0.3180 -0.3308 -0.3419 -0.3502 -0.3535 -0.3502 -0.3419 -0.3308 -0.3180 -0.3043 -0.2899 -0.2751 -0.2600 -0.2444 -0.2283 -0.2111 -0.1922 -0.1700 -0.1412 -0.0920 0.0299 0.1879 0.2202 0.2019 0.1715 0.1402 0.1100 0.0800 0.0478 0.0092 -0.0475 -0.1382 -0.2367 -0.3034 -0.3404 -0.3583 -0.3644 -0.3629 -0.3565 -0.3468 -0.3349 -0.3216 -0.3074 -0.2925 -0.2772 -0.2616 -0.2455 -0.2288 -0.2110 -0.1914 -0.1682 -0.1375 -0.0802 0.0602 0.2122
0.0688 -0.0768 -0.1362 -0.1673 -0.1907 -0.2104 -0.2282 -0.2449 -0.2610 -0.2767 -0.2920 -0.3069 -0.3211 -0.3345 -0.3465 -0.3562 -0.3628 -0.3644 -0.3586 -0.3409 -0.3042 -0.2378 -0.1392 -0.0480 0.0090 0.0478 0.0801 0.1102 0.1405 0.1719 0.2024 0.2202 0.1863 0.0261 -0.0940 -0.1421 -0.1707 -0.1928 -0.2117 -0.2288 -0.2450 -0.2605 -0.2757 -0.2904 -0.3048 -0.3187 -0.3317 -0.3433 -0.3529 -0.3595 -0.3620 -0.3595 -0.3529 -0.3433 -0.3317 -0.3187 -0.3048 -0.2904 -0.2757 -0.2605 -0.2450 -0.2288 -0.2117 -0.1928 -0.1707 -0.1421 -0.0940 0.0261 0.1863 0.2202 0.2024 0.1719 0.1405 0.1102 0.0801 0.0478 0.0090 -0.0480 -0.1392 -0.2378 -0.3042 -0.3409 -0.3586 -0.3644 -0.3628 -0.3562 -0.3465 -0.3345 -0.3211 -0.3069 -0.2920 -0.2767 -0.2610 -0.2449 -0.2282 -0.2104 -0.1907 -0.1673 -0.1362 -0.0768 0.0688
-0.0708 -0.1348 -0.1664 -0.1899 -0.2097 -0.2276 -0.2443 -0.2605 -0.2761 -0.2914 -0.3063 -0.3206 -0.3341 -0.3461 -0.3560 -0.3627 -0.3645 -0.3588 -0.3415 -0.3053 -0.2393 -0.1408 -0.0490 0.0086 0.0476 0.0800 0.1102 0.1406 0.1721 0.2026 0.2202 0.1851 0.0232 -0.0956 -0.1429 -0.1713 -0.1933 -0.2121 -0.2293 -0.2455 -0.2610 -0.2762 -0.2910 -0.3054 -0.3192 -0.3322 -0.3440 -0.3539 -0.3611 -0.3652 -0.3665 -0.3652 -0.3611 -0.3539 -0.3440 -0.3322 -0.3192 -0.3054 -0.2910 -0.2762 -0.2610 -0.2455 -0.2293 -0.2121 -0.1933 -0.1713 -0.1429 -0.0956 0.0232 0.1851 0.2202 0.2026 0.1721 0.1406 0.1102 0.0800 0.0476 0.0086 -0.0490 -0.1408 -0.2393 -0.3053 -0.3415 -0.3588 -0.3645 -0.3627 -0.3560 -0.3461 -0.3341 -0.3206 -0.3063 -0.2914 -0.2761 -0.2605 -0.2443 -0.2276 -0.2097 -0.1899 -0.1664 -0.1348 -0.0708
-0.1299 -0.1654 -0.1891 -0.2090 -0.2270 -0.2437 -0.2599 -0.2756 -0.2909 -0.3058 -0.3201 -0.3336 -0.3457 -0.3557 -0.3625 -0.3645 -0.3591 -0.3422 -0.3065 -0.2413 -0.1431 -0.0503 0.0079 0.0471 0.0797 0.1100 0.1405 0.1721 0.2027 0.2202 0.1843 0.0213 -0.0968 -0.1435 -0.1718 -0.1937 -0.2126 -0.2297 -0.2459 -0.2615 -0.2766 -0.2914 -0.3058 -0.3197 -0.3327 -0.3445 -0.3544 -0.3615 -0.3651 -0.3653 -0.3646 -0.3653 -0.3651 -0.3615 -0.3544 -0.3445 -0.3327 -0.3197 -0.3058 -0.2914 -0.2766 -0.2615 -0.2459 -0.2297 -0.2126 -0.1937 -0.1718 -0.1435 -0.0968 0.0213 0.1843 0.2202 0.2027 0.1721 0.1405 0.1100 0.0797 0.0471 0.0079 -0.0503 -0.1431 -0.2413 -0.3065 -0.3422 -0.3591 -0.3645 -0.3625 -0.3557 -0.3457 -0.3336 -0.3201 -0.3058 -0.2909 -0.2756 -0.2599 -0.2437 -0.2270 -0.2090 -0.1891 -0.1654 -0.1299
-0.1621 -0.1884 -0.2084 -0.2263 -0.2432 -0.2593 -0.2750 -0.2904 -0.3053 -0.3196 -0.3331 -0.3453 -0.3554 -0.3623 -0.3646 -0.3595 -0.3429 -0.3079 -0.2436 -0.1458 -0.0520 0.0070 0.0465 0.0792 0.1096 0.1402 0.1719 0.2026 0.2202 0.1841 0.0203 -0.0974 -0.1438 -0.1721 -0.1941 -0.2129 -0.2301 -0.2463 -0.2618 -0.2770 -0.2918 -0.3062 -0.3201 -0.3331 -0.3449 -0.3547 -0.3618 -0.3648 -0.3628 -0.3567 -0.3527 -0.3567 -0.3628 -0.3648 -0.3618 -0.3547 -0.3449 -0.3331 -0.3201 -0.3062 -0.2918 -0.2770 -0.2618 -0.2463 -0.2301 -0.2129 -0.1941 -0.1721 -0.1438 -0.0974 0.0203 0.1841 0.2202 0.2026 0.1719 0.1402 0.1096 0.0792 0.0465 0.0070 -0.0520 -0.1458 -0.2436 -0.3079 -0.3429 -0.3595 -0.3646 -0.3623 -0.3554 -0.3453 -0.3331 -0.3196 -0.3053 -0.2904 -0.2750 -0.2593 -0.2432 -0.2263 -0.2084 -0.1884 -0.1621
-0.1858 -0.2077 -0.2257 -0.2426 -0.2587 -0.2744 -0.2898 -0.3048 -0.3191 -0.3327 -0.3449 -0.3551 -0.3621 -0.3646 -0.3598 -0.3438 -0.3094 -0.2461 -0.1489 -0.0541 0.0058 0.0457 0.0786 0.1091 0.1397 0.1715 0.2024 0.2202 0.1843 0.0203 -0.0977 -0.1440 -0.1723 -0.1943 -0.2132 -0.2304 -0.2466 -0.2622 -0.2774 -0.2922 -0.3066 -0.3205 -0.3335 -0.3452 -0.3550 -0.3620 -0.3647 -0.3614 -0.3505 -0.3341 -0.3244 -0.3341 -0.3505 -0.3614 -0.3647 -0.3620 -0.3550 -0.3452 -0.3335 -0.3205 -0.3066 -0.2922 -0.2774 -0.2622 -0.2466 -0.2304 -0.2132 -0.1943 -0.1723 -0.1440 -0.0977 0.0203 0.1843 0.2202 0.2024 0.1715 0.1397 0.1091 0.0786 0.0457 0.0058 -0.0541 -0.1489 -0.2461 -0.3094 -0.3438 -0.3598 -0.3646 -0.3621 -0.3551 -0.3449 -0.3327 -0.3191 -0.3048 -0.2898 -0.2744 -0.2587 -0.2426 -0.2257 -0.2077 -0.1858
-0.2056 -0.2251 -0.2420 -0.2582 -0.2739 -0.2893 -0.3042 -0.3186 -0.3322 -0.3445 -0.3547 -0.3620 -0.3646 -0.3602 -0.3446 -0.3111 -0.2488 -0.1522 -0.0565 0.0045 0.0447 0.0779 0.1084 0.1391 0.1709 0.2019 0.2202 0.1851 0.0213 -0.0974 -0.1440 -0.1724 -0.1944 -0.2133 -0.2305 -0.2468 -0.2624 -0.2777 -0.2925 -0.3070 -0.3208 -0.3338 -0.3456 -0.3553 -0.3621 -0.3646 -0.3607 -0.3474 -0.3221 -0.2884 -0.2694 -0.2884 -0.3221 -0.3474 -0.3607 -0.3646 -0.3621 -0.3553 -0.3456 -0.3338 -0.3208 -0.3070 -0.2925 -0.2777 -0.2624 -0.2468 -0.2305 -0.2133 -0.1944 -0.1724 -0.1440 -0.0974 0.0213 0.1851 0.2202 0.2019 0.1709 0.1391 0.1084 0.0779 0.0447 0.0045 -0.0565 -0.1522 -0.2488 -0.3111 -0.3446 -0.3602 -0.3646 -0.3620 -0.3547 -0.3445 -0.3322 -0.3186 -0.3042 -0.2893 -0.2739 -0.2582 -0.2420 -0.2251 -0.2056
-0.2233 -0.2414 -0.2576 -0.2733 -0.2887 -0.3037 -0.3181 -0.3317 -0.3440 -0.3544 -0.3618 -0.3646 -0.3605 -0.3454 -0.3127 -0.2517 -0.1559 -0.0591 0.0030 0.0437 0.0770 0.1076 0.1383 0.1702 0.2014 0.2202 0.1863 0.0232 -0.0968 -0.1438 -0.1723 -0.1944 -0.2134 -0.2306 -0.2469 -0.2626 -0.2779 -0.2928 -0.3073 -0.3211 -0.3341 -0.3458 -0.3555 -0.3623 -0.3646 -0.3603 -0.3459 -0.3165 -0.2676 -0.2083 -0.1778 -0.2083 -0.2676 -0.3165 -0.3459 -0.3603 -0.3646 -0.3623 -0.3555 -0.3458 -0.3341 -0.3211 -0.3073 -0.2928 -0.2779 -0.2626 -0.2469 -0.2306 -0.2134 -0.1944 -0.1723 -0.1438 -0.0968 0.0232 0.1863 0.2202 0.2014 0.1702 0.1383 0.1076 0.0770 0.0437 0.0030 -0.0591 -0.1559 -0.2517 -0.3127 -0.3454 -0.3605 -0.3646 -0.3618 -0.3544 -0.3440 -0.3317 -0.3181 -0.3037 -0.2887 -0.2733 -0.2576 -0.2414 -0.2233
-0.2398 -0.2570 -0.2728 -0.2882 -0.3032 -0.3176 -0.3313 -0.3436 -0.3541 -0.3616 -0.3646 -0.3608 -0.3462 -0.3143 -0.2545 -0.1598 -0.0619 0.0013 0.0425 0.0760 0.1067 0.1375 0.1694 0.2007 0.2201 0.1879 0.0261 -0.0956 -0.1435 -0.1721 -0.1943 -0.2133 -0.2306 -0.2470 -0.2627 -0.2780 -0.2929 -0.3075 -0.3214 -0.3344 -0.3461 -0.3557 -0.3624 -0.3646 -0.3600 -0.3449 -0.3137 -0.2582 -0.1777 -0.1028 -0.0741 -0.1028 -0.1777 -0.2582 -0.3137 -0.3449 -0.3600 -0.3646 -0.3624 -0.3557 -0.3461 -0.3344 -0.3214 -0.3075 -0.2929 -0.2780 -0.2627 -0.2470 -0.2306 -0.2133 -0.1943 -0.1721 -0.1435 -0.0956 0.0261 0.1879 0.2201 0.2007 0.1694 0.1375 0.1067 0.0760 0.0425 0.0013 -0.0619 -0.1598 -0.2545 -0.3143 -0.3462 -0.3608 -0.3646 -0.3616 -0.3541 -0.3436 -0.3313 -0.3176 -0.3032 -0.2882 -0.2728 -0.2570 -0.2398
-0.2556 -0.2722 -0.2876 -0.3026 -0.3171 -0.3308 -0.3432 -0.3537 -0.3614 -0.3646 -0.3611 -0.3470 -0.3158 -0.2573 -0.1637 -0.0648 -0.0005 0.0412 0.0749 0.1057 0.1365 0.1684 0.1999 0.2200 0.1899 0.0299 -0.0940 -0.1429 -0.1718 -0.1941 -0.2132 -0.2305 -0.2469 -0.2627 -0.2780 -0.2930 -0.3076 -0.3215 -0.3346 -0.3463 -0.3559 -0.3625 -0.3646 -0.3597 -0.3442 -0.3119 -0.2536 -0.1649 -0.0756 -0.0230 -0.0057 -0.0230 -0.0756 -0.1649 -0.2536 -0.3119 -0.3442 -0.3597 -0.3646 -0.3625 -0.3559 -0.3463 -0.3346 -0.3215 -0.3076 -0.2930 -0.2780 -0.2627 -0.2469 -0.2305 -0.2132 -0.1941 -0.1718 -0.1429 -0.0940 0.0299 0.1899 0.2200 0.1999 0.1684 0.1365 0.1057 0.0749 0.0412 -0.0005 -0.0648 -0.1637 -0.2573 -0.3158 -0.3470 -0.3611 -0.3646 -0.3614 -0.3537 -0.3432 -0.3308 -0.3171 -0.3026 -0.2876 -0.2722 -0.2556
-0.2710 -0.2871 -0.3021 -0.3166 -0.3303 -0.3428 -0.3534 -0.3612 -0.3646 -0.3614 -0.3477 -0.3174 -0.2600 -0.1674 -0.0678 -0.0023 0.0398 0.0737 0.1046 0.1354 0.1674 0.1990 0.2198 0.1921 0.0346 -0.0920 -0.1421 -0.1713 -0.1937 -0.2129 -0.2304 -0.2468 -0.2626 -0.2780 -0.2930 -0.3076 -0.3216 -0.3347 -0.3464 -0.3560 -0.3626 -0.3645 -0.3595 -0.3437 -0.3106 -0.2507 -0.1589 -0.0659 -0.0071 0.0255 0.0375 0.0255 -0.0071 -0.0659 -0.1589 -0.2507 -0.3106 -0.3437 -0.3595 -0.3645 -0.3626 -0.3560 -0.3464 -0.3347 -0.3216 -0.3076 -0.2930 -0.2780 -0.2626 -0.2468 -0.2304 -0.2129 -0.1937 -0.1713 -0.1421 -0.0920 0.0346 0.1921 0.2198 0.1990 0.1674 0.1354 0.1046 0.0737 0.0398 -0.0023 -0.0678 -0.1674 -0.2600 -0.3174 -0.3477 -0.3614 -0.3646 -0.3612 -0.3534 -0.3428 -0.3303 -0.3166 -0.3021 -0.2871 -0.2710
-0.2861 -0.3016 -0.3161 -0.3298 -0.3424 -0.3531 -0.3609 -0.3646 -0.3616 -0.3485 -0.3189 -0.2627 -0.1713 -0.0708 -0.0041 0.0385 0.0726 0.1035 0.1343 0.1662 0.1980 0.2196 0.1944 0.0399 -0.0897 -0.1412 -0.1707 -0.1933 -0.2126 -0.2301 -0.2466 -0.2624 -0.2779 -0.2929 -0.3076 -0.3216 -0.3347 -0.3464 -0.3561 -0.3626 -0.3645 -0.3594 -0.3432 -0.3096 -0.2487 -0.1553 -0.0616 -0.0014 0.0363 0.0615 0.0716 0.0615 0.0363 -0.0014 -0.0616 -0.1554 -0.2487 -0.3096 -0.3432 -0.3594 -0.3645 -0.3626 -0.3561 -0.3464 -0.3347 -0.3216 -0.3076 -0.2929 -0.2779 -0.2624 -0.2466 -0.2301 -0.2126 -0.1933 -0.1707 -0.1412 -0.0897 0.0399 0.1944 0.2196 0.1980 0.1662 0.1343 0.1035 0.0726 0.0385 -0.0041 -0.0708 -0.1713 -0.2627 -0.3189 -0.3485 -0.3616 -0.3646 -0.3609 -0.3531 -0.3424 -0.3298 -0.3161 -0.3016 -0.2861
-0.3009 -0.3156 -0.3294 -0.3420 -0.3527 -0.3607 -0.3645 -0.3619 -0.3492 -0.3203 -0.2653 -0.1751 -0.0739 -0.0060 0.0372 0.0714 0.1024 0.1332 0.1651 0.1969 0.2193 0.1967 0.0456 -0.0870 -0.1402 -0.1700 -0.1928 -0.2121 -0.2297 -0.2463 -0.2622 -0.2777 -0.2928 -0.3075 -0.3215 -0.3347 -0.3464 -0.3561 -0.3627 -0.3645 -0.3592 -0.3429 -0.3089 -0.2471 -0.1529 -0.0591 0.0011 0.0403 0.0705 0.0929 0.1025 0.0930 0.0705 0.0403 0.0011 -0.0591 -0.1529 -0.2471 -0.3089 -0.3429 -0.3592 -0.3645 -0.3627 -0.3561 -0.3464 -0.3347 -0.3215 -0.3075 -0.2928 -0.2777 -0.2622 -0.2463 -0.2297 -0.2121 -0.1928 -0.1700 -0.1402 -0.0870 0.0456 0.1967 0.2193 0.1969 0.1651 0.1332 0.1024 0.0714 0.0372 -0.0060 -0.0739 -0.1751 -0.2653 -0.3203 -0.3492 -0.3619 -0.3645 -0.3607 -0.3527 -0.3420 -0.3294 -0.3156 -0.3009
-0.3153 -0.3289 -0.3415 -0.3524 -0.3605 -0.3645 -0.3621 -0.3499 -0.3217 -0.2678 -0.1789 -0.0771 -0.0078 0.0358 0.0703 0.1013 0.1321 0.1639 0.1959 0.2189 0.1991 0.0520 -0.0841 -0.1390 -0.1693 -0.1922 -0.2117 -0.2293 -0.2459 -0.2618 -0.2774 -0.2925 -0.3073 -0.3214 -0.3346 -0.3464 -0.3561 -0.3627 -0.3645 -0.3592 -0.3427 -0.3083 -0.2460 -0.1511 -0.0575 0.0025 0.0421 0.0739 0.1013 0.1234 0.1330 0.1234 0.1013 0.0739 0.0421 0.0025 -0.0575 -0.1511 -0.2460 -0.3083 -0.3427 -0.3592 -0.3645 -0.3627 -0.3561 -0.3464 -0.3346 -0.3214 -0.3073 -0.2925 -0.2774 -0.2618 -0.2459 -0.2293 -0.2117 -0.1922 -0.1693 -0.1390 -0.0841 0.0520 0.1991 0.2189 0.1959 0.1639 0.1321 0.1013 0.0703 0.0358 -0.0078 -0.0771 -0.1789 -0.2678 -0.3217 -0.3499 -0.3621 -0.3645 -0.3605 -0.3524 -0.3415 -0.3289 -0.3153
-0.3291 -0.3411 -0.3520 -0.3603 -0.3644 -0.3624 -0.3505 -0.3231 -0.2704 -0.1826 -0.0803 -0.0098 0.0345 0.0691 0.1002 0.1309 0.1627 0.1948 0.2185 0.2013 0.0589 -0.0809 -0.1378 -0.1684 -0.1915 -0.2111 -0.2288 -0.2455 -0.2615 -0.2770 -0.2922 -0.3070 -0.3211 -0.3344 -0.3463 -0.3560 -0.3626 -0.3645 -0.3592 -0.3426 -0.3081 -0.2453 -0.1499 -0.0564 0.0034 0.0430 0.0754 0.1045 0.1318 0.1545 0.1646 0.1546 0.1318 0.1045 0.0754 0.0430 0.0034 -0.0564 -0.1499 -0.2453 -0.3081 -0.3426 -0.3592 -0.3645 -0.3626 -0.3560 -0.3463 -0.3344 -0.3211 -0.3070 -0.2922 -0.2770 -0.2615 -0.2455 -0.2288 -0.2111 -0.1915 -0.1684 -0.1378 -0.0809 0.0589 0.2013 0.2185 0.1948 0.1627 0.1309 0.1002 0.0691 0.0345 -0.0098 -0.0803 -0.1826 -0.2704 -0.3231 -0.3505 -0.3624 -0.3644 -0.3603 -0.3520 -0.3411 -0.3291
-0.3419 -0.3517 -0.3600 -0.3644 -0.3626 -0.3512 -0.3245 -0.2729 -0.1863 -0.0835 -0.0118 0.0331 0.0680 0.0992 0.1298 0.1616 0.1937 0.2181 0.2034 0.0657 -0.0775 -0.1365 -0.1675 -0.1908 -0.2105 -0.2283 -0.2450 -0.2610 -0.2766 -0.2918 -0.3066 -0.3208 -0.3341 -0.3461 -0.3559 -0.3626 -0.3645 -0.3592 -0.3427 -0.3081 -0.2451 -0.1493 -0.0557 0.0039 0.0436 0.0761 0.1059 0.1350 0.1633 0.1864 0.1959 0.1864 0.1633 0.1350 0.1059 0.0761 0.0436 0.0039 -0.0557 -0.1493 -0.2451 -0.3081 -0.3427 -0.3592 -0.3645 -0.3626 -0.3559 -0.3461 -0.3341 -0.3208 -0.3066 -0.2918 -0.2766 -0.2610 -0.2450 -0.2283 -0.2105 -0.1908 -0.1675 -0.1365 -0.0775 0.0657 0.2034 0.2181 0.1937 0.1616 0.1298 0.0992 0.0680 0.0331 -0.0118 -0.0835 -0.1863 -0.2729 -0.3245 -0.3512 -0.3626 -0.3644 -0.3600 -0.3517 -0.3419
-0.3534 -0.3598 -0.3643 -0.3628 -0.3518 -0.3258 -0.2753 -0.1900 -0.0869 -0.0137 0.0317 0.0668 0.0981 0.1287 0.1604 0.1926 0.2175 0.2053 0.0725 -0.0740 -0.1351 -0.1666 -0.1900 -0.2098 -0.2277 -0.2444 -0.2605 -0.2762 -0.2914 -0.3063 -0.3205 -0.3338 -0.3458 -0.3557 -0.3625 -0.3645 -0.3594 -0.3429 -0.3083 -0.2453 -0.1493 -0.0555 0.0042 0.0439 0.0765 0.1065 0.1363 0.1666 0.1949 0.2132 0.2174 0.2132 0.1949 0.1666 0.1363 0.1065 0.0765 0.0439 0.0042 -0.0555 -0.1493 -0.2453 -0.3083 -0.3429 -0.3594 -0.3645 -0.3625 -0.3557 -0.3458 -0.3338 -0.3205 -0.3062 -0.2914 -0.2762 -0.2605 -0.2444 -0.2277 -0.2098 -0.1900 -0.1666 -0.1351 -0.0740 0.0725 0.2053 0.2175 0.1926 0.1604 0.1287 0.0981 0.0668 0.0317 -0.0137 -0.0869 -0.1900 -0.2753 -0.3258 -0.3518 -0.3628 -0.3643 -0.3598 -0.3534
-0.3626 -0.3642 -0.3630 -0.3525 -0.3271 -0.2777 -0.1937 -0.0903 -0.0158 0.0303 0.0656 0.0969 0.1276 0.1593 0.1915 0.2170 0.2071 0.0794 -0.0705 -0.1337 -0.1656 -0.1893 -0.2092 -0.2271 -0.2439 -0.2600 -0.2757 -0.2910 -0.3058 -0.3201 -0.3335 -0.3456 -0.3555 -0.3624 -0.3646 -0.3595 -0.3432 -0.3089 -0.2460 -0.1499 -0.0557 0.0042 0.0440 0.0767 0.1068 0.1369 0.1679 0.1979 0.2178 0.2108 0.1942 0.2108 0.2178 0.1979 0.1679 0.1369 0.1068 0.0767 0.0440 0.0042 -0.0557 -0.1499 -0.2460 -0.3089 -0.3432 -0.3595 -0.3646 -0.3624 -0.3555 -0.3456 -0.3335 -0.3201 -0.3058 -0.2910 -0.2757 -0.2600 -0.2439 -0.2271 -0.2092 -0.1893 -0.1656 -0.1337 -0.0705 0.0794 0.2071 0.2170 0.1915 0.1593 0.1276 0.0969 0.0656 0.0303 -0.0158 -0.0903 -0.1937 -0.2777 -0.3271 -0.3525 -0.3630 -0.3642 -0.3626
-0.3686 -0.3631 -0.3531 -0.3284 -0.2800 -0.1973 -0.0937 -0.0179 0.0289 0.0645 0.0958 0.1264 0.1581 0.1903 0.2164 0.2088 0.0864 -0.0669 -0.1323 -0.1646 -0.1885 -0.2085 -0.2264 -0.2433 -0.2594 -0.2751 -0.2904 -0.3054 -0.3197 -0.3331 -0.3452 -0.3553 -0.3623 -0.3646 -0.3597 -0.3437 -0.3096 -0.2471 -0.1511 -0.0564 0.0040 0.0439 0.0767 0.1069 0.1371 0.1684 0.1990 0.2191 0.1999 0.1127 0.0548 0.1127 0.1999 0.2191 0.1990 0.1684 0.1371 0.1069 0.0767 0.0439 0.0039 -0.0564 -0.1511 -0.2471 -0.3096 -0.3437 -0.3597 -0.3646 -0.3623 -0.3553 -0.3452 -0.3331 -0.3197 -0.3054 -0.2904 -0.2751 -0.2594 -0.2433 -0.2264 -0.2085 -0.1885 -0.1646 -0.1322 -0.0669 0.0864 0.2088 0.2164 0.1903 0.1581 0.1264 0.0958 0.0645 0.0289 -0.0179 -0.0937 -0.1973 -0.2800 -0.3284 -0.3531 -0.3631 -0.3686
-0.3696 -0.3536 -0.3297 -0.2824 -0.2010 -0.0972 -0.0200 0.0275 0.0633 0.0947 0.1253 0.1569 0.1892 0.2158 0.2103 0.0932 -0.0630 -0.1308 -0.1636 -0.1877 -0.2078 -0.2258 -0.2427 -0.2588 -0.2745 -0.2899 -0.3048 -0.3192 -0.3327 -0.3449 -0.3550 -0.3621 -0.3646 -0.3600 -0.3442 -0.3106 -0.2487 -0.1529 -0.0575 0.0034 0.0436 0.0765 0.1068 0.1371 0.1685 0.1994 0.2196 0.1952 0.0649 -0.0483 -0.0796 -0.0483 0.0650 0.1952 0.2196 0.1994 0.1685 0.1371 0.1068 0.0765 0.0436 0.0034 -0.0575 -0.1529 -0.2487 -0.3106 -0.3442 -0.3600 -0.3646 -0.3621 -0.3550 -0.3449 -0.3327 -0.3192 -0.3048 -0.2899 -0.2745 -0.2588 -0.2427 -0.2258 -0.2078 -0.1877 -0.1636 -0.1308 -0.0630 0.0935 0.2103 0.2158 0.1892 0.1569 0.1253 0.0947 0.0633 0.0275 -0.0201 -0.0972 -0.2010 -0.2824 -0.3297 -0.3536 -0.3696
-0.3629 -0.3310 -0.2849 -0.2049 -0.1010 -0.0223 0.0260 0.0620 0.0935 0.1241 0.1556 0.1879 0.2150 0.2118 0.1005 -0.0588 -0.1292 -0.1626 -0.1869 -0.2071 -0.2251 -0.2420 -0.2582 -0.2739 -0.2893 -0.3043 -0.3187 -0.3322 -0.3445 -0.3548 -0.3620 -0.3646 -0.3603 -0.3449 -0.3119 -0.2507 -0.1553 -0.0591 0.0025 0.0430 0.0761 0.1065 0.1369 0.1684 0.1994 0.2197 0.1937 0.0478 -0.0762 -0.1227 -0.1348 -0.1227 -0.0762 0.0478 0.1937 0.2197 0.1994 0.1684 0.1369 0.1065 0.0761 0.0430 0.0025 -0.0591 -0.1554 -0.2507 -0.3119 -0.3449 -0.3603 -0.3646 -0.3620 -0.3547 -0.3445 -0.3322 -0.3187 -0.3043 -0.2893 -0.2739 -0.2582 -0.2420 -0.2251 -0.2070 -0.1868 -0.1625 -0.1291 -0.0587 0.1009 0.2117 0.2150 0.1879 0.1556 0.1241 0.0935 0.0619 0.0259 -0.0224 -0.1011 -0.2050 -0.2850 -0.3310 -0.3629
-0.3443 -0.2879 -0.2097 -0.1058 -0.0252 0.0241 0.0604 0.0921 0.1227 0.1542 0.1865 0.2141 0.2132 0.1091 -0.0538 -0.1272 -0.1613 -0.1859 -0.2062 -0.2243 -0.2413 -0.2575 -0.2732 -0.2886 -0.3036 -0.3181 -0.3317 -0.3440 -0.3544 -0.3618 -0.3647 -0.3607 -0.3458 -0.3136 -0.2534 -0.1587 -0.0615 0.0012 0.0421 0.0754 0.1059 0.1363 0.1679 0.1991 0.2196 0.1937 0.0438 -0.0839 -0.1344 -0.1577 -0.1657 -0.1576 -0.1343 -0.0839 0.0439 0.1937 0.2196 0.1990 0.1679 0.1363 0.1059 0.0754 0.0421 0.0011 -0.0616 -0.1589 -0.2536 -0.3137 -0.3459 -0.3607 -0.3647 -0.3618 -0.3544 -0.3440 -0.3317 -0.3180 -0.3036 -0.2886 -0.2732 -0.2575 -0.2412 -0.2243 -0.2062 -0.1858 -0.1612 -0.1272 -0.0535 0.1095 0.2132 0.2141 0.1864 0.1541 0.1226 0.0920 0.0604 0.0240 -0.0254 -0.1061 -0.2100 -0.2881 -0.3444
-0.3079 -0.2171 -0.1132 -0.0297 0.0213 0.0582 0.0901 0.1207 0.1521 0.1844 0.2126 0.2147 0.1210 -0.0462 -0.1242 -0.1593 -0.1844 -0.2049 -0.2232 -0.2402 -0.2564 -0.2722 -0.2876 -0.3027 -0.3172 -0.3309 -0.3433 -0.3539 -0.3616 -0.3648 -0.3614 -0.3474 -0.3163 -0.2580 -0.1646 -0.0657 -0.0013 0.0403 0.0740 0.1046 0.1351 0.1667 0.1980 0.2191 0.1952 0.0477 -0.0840 -0.1370 -0.1648 -0.1819 -0.1884 -0.1819 -0.1647 -0.1369 -0.0839 0.0478 0.1952 0.2191 0.1979 0.1666 0.1350 0.1045 0.0739 0.0403 -0.0014 -0.0659 -0.1649 -0.2582 -0.3165 -0.3474 -0.3614 -0.3648 -0.3615 -0.3539 -0.3433 -0.3308 -0.3171 -0.3026 -0.2876 -0.2722 -0.2564 -0.2401 -0.2231 -0.2048 -0.1843 -0.1592 -0.1241 -0.0458 0.1218 0.2148 0.2125 0.1842 0.1519 0.1205 0.0899 0.0580 0.0211 -0.0300 -0.1138 -0.2177 -0.3083
-0.2498 -0.1288 -0.0390 0.0155 0.0537 0.0860 0.1167 0.1480 0.1803 0.2095 0.2167 0.1420 -0.0302 -0.1179 -0.1553 -0.1813 -0.2023 -0.2208 -0.2380 -0.2543 -0.2702 -0.2857 -0.3008 -0.3154 -0.3293 -0.3420 -0.3529 -0.3611 -0.3651 -0.3628 -0.3504 -0.3219 -0.2674 -0.1773 -0.0753 -0.0069 0.0364 0.0706 0.1014 0.1319 0.1634 0.1950 0.2178 0.1999 0.0647 -0.0764 -0.1344 -0.1648 -0.1861 -0.2005 -0.2061 -0.2005 -0.1860 -0.1647 -0.1343 -0.0762 0.0649 0.1999 0.2178 0.1949 0.1633 0.1318 0.1013 0.0705 0.0363 -0.0071 -0.0756 -0.1777 -0.2676 -0.3221 -0.3505 -0.3628 -0.3651 -0.3611 -0.3529 -0.3419 -0.3292 -0.3154 -0.3007 -0.2856 -0.2701 -0.2543 -0.2379 -0.2207 -0.2022 -0.1812 -0.1552 -0.1176 -0.0293 0.1430 0.2168 0.2094 0.1800 0.1477 0.1165 0.0858 0.0534 0.0151 -0.0397 -0.1300 -0.2508
-0.1843 -0.0644 0.0008 0.0427 0.0765 0.1075 0.1385 0.1706 0.2016 0.2185 0.1772 0.0148 -0.0999 -0.1451 -0.1737 -0.1960 -0.2151 -0.2327 -0.2493 -0.2653 -0.2810 -0.2963 -0.3111 -0.3253 -0.3386 -0.3502 -0.3595 -0.3652 -0.3653 -0.3566 -0.3339 -0.2881 -0.2078 -0.1023 -0.0227 0.0257 0.0617 0.0931 0.1235 0.1547 0.1866 0.2132 0.2107 0.1122 -0.0487 -0.1228 -0.1577 -0.1820 -0.2005 -0.2136 -0.2187 -0.2135 -0.2005 -0.1819 -0.1576 -0.1227 -0.0483 0.1127 0.2108 0.2132 0.1864 0.1546 0.1234 0.0930 0.0615 0.0255 -0.0230 -0.1028 -0.2083 -0.2884 -0.3341 -0.3567 -0.3653 -0.3652 -0.3595 -0.3502 -0.3385 -0.3252 -0.3110 -0.2962 -0.2809 -0.2652 -0.2492 -0.2326 -0.2150 -0.1958 -0.1735 -0.1448 -0.0991 0.0165 0.1783 0.2185 0.2013 0.1702 0.1381 0.1071 0.0760 0.0421 -0.0000 -0.0657 -0.1862
-0.1540 -0.0428 0.0141 0.0531 0.0858 0.1166 0.1480 0.1803 0.2093 0.2150 0.1366 -0.0316 -0.1160 -0.1542 -0.1805 -0.2016 -0.2203 -0.2375 -0.2539 -0.2699 -0.2855 -0.3007 -0.3154 -0.3295 -0.3424 -0.3536 -0.3621 -0.3665 -0.3645 -0.3525 -0.3242 -0.2689 -0.1771 -0.0737 -0.0054 0.0377 0.0718 0.1026 0.1331 0.1647 0.1961 0.2174 0.1939 0.0542 -0.0798 -0.1349 -0.1658 -0.1884 -0.2061 -0.2187 -0.2236 -0.2187 -0.2060 -0.1884 -0.1657 -0.1348 -0.0795 0.0548 0.1942 0.2174 0.1959 0.1646 0.1330 0.1025 0.0716 0.0375 -0.0057 -0.0741 -0.1778 -0.2694 -0.3244 -0.3527 -0.3646 -0.3665 -0.3620 -0.3535 -0.3423 -0.3294 -0.3153 -0.3006 -0.2853 -0.2697 -0.2538 -0.2374 -0.2201 -0.2014 -0.1802 -0.1538 -0.1154 -0.0298 0.1386 0.2153 0.2089 0.1799 0.1475 0.1161 0.0852 0.0524 0.0133 -0.0442 -0.1563
