-0.3547 -0.3617 -0.3681 -0.3698 -0.3641 -0.3468 -0.3104 -0.2436 -0.1420 -0.0455 0.0150 0.0555 0.0888 0.1199 0.1515 0.1845 0.2163 0.2344 0.1992 0.0367 -0.0853 -0.1365 -0.1667 -0.1895 -0.2088 -0.2262 -0.2426 -0.2583 -0.2737 -0.2887 -0.3034 -0.3177 -0.3314 -0.3440 -0.3552 -0.3639 -0.3692 -0.3690 -0.3604 -0.3384 -0.2943 -0.2163 -0.1099 -0.0241 0.0283 0.0658 0.0977 0.1276 0.1558 0.1787 0.1882 0.1787 0.1558 0.1276 0.0977 0.0658 0.0283 -0.0241 -0.1099 -0.2163 -0.2943 -0.3384 -0.3604 -0.3690 -0.3692 -0.3639 -0.3552 -0.3440 -0.3314 -0.3177 -0.3034 -0.2887 -0.2737 -0.2583 -0.2426 -0.2262 -0.2088 -0.1895 -0.1667 -0.1365 -0.0853 0.0367 0.1992 0.2344 0.2163 0.1845 0.1515 0.1199 0.0888 0.0555 0.0150 -0.0455 -0.1420 -0.2436 -0.3104 -0.3468 -0.3641 -0.3698 -0.3681 -0.3617 -0.3547
-0.3617 -0.3639 -0.3637 -0.3555 -0.3346 -0.2937 -0.2227 -0.1237 -0.0391 0.0137 0.0508 0.0822 0.1118 0.1416 0.1726 0.2027 0.2202 0.1871 0.0293 -0.0919 -0.1411 -0.1698 -0.1919 -0.2108 -0.2280 -0.2441 -0.2597 -0.2748 -0.2896 -0.3040 -0.3180 -0.3311 -0.3431 -0.3533 -0.3608 -0.3645 -0.3622 -0.3507 -0.3249 -0.2760 -0.1948 -0.0948 -0.0207 0.0256 0.0605 0.0910 0.1201 0.1492 0.1770 0.1982 0.2060 0.1982 0.1770 0.1492 0.1201 0.0910 0.0605 0.0256 -0.0207 -0.0948 -0.1948 -0.2760 -0.3249 -0.3507 -0.3622 -0.3645 -0.3608 -0.3533 -0.3431 -0.3311 -0.3180 -0.3040 -0.2896 -0.2748 -0.2597 -0.2441 -0.2280 -0.2108 -0.1919 -0.1698 -0.1411 -0.0919 0.0293 0.1871 0.2202 0.2027 0.1726 0.1416 0.1118 0.0822 0.0508 0.0137 -0.0391 -0.1237 -0.2227 -0.2937 -0.3346 -0.3555 -0.3637 -0.3639 -0.3617
-0.3681 -0.3637 -0.3554 -0.3341 -0.2924 -0.2201 -0.1205 -0.0369 0.0152 0.0520 0.0833 0.1128 0.1427 0.1738 0.2037 0.2202 0.1841 0.0229 -0.0949 -0.1423 -0.1707 -0.1927 -0.2115 -0.2286 -0.2447 -0.2603 -0.2754 -0.2902 -0.3046 -0.3185 -0.3316 -0.3435 -0.3536 -0.3611 -0.3646 -0.3620 -0.3501 -0.3236 -0.2737 -0.1913 -0.0914 -0.0186 0.0271 0.0617 0.0922 0.1215 0.1515 0.1816 0.2072 0.2183 0.2171 0.2183 0.2072 0.1816 0.1515 0.1215 0.0922 0.0617 0.0271 -0.0186 -0.0914 -0.1913 -0.2737 -0.3236 -0.3501 -0.3620 -0.3646 -0.3611 -0.3536 -0.3435 -0.3316 -0.3185 -0.3046 -0.2902 -0.2754 -0.2603 -0.2447 -0.2286 -0.2115 -0.1927 -0.1707 -0.1423 -0.0949 0.0229 0.1841 0.2202 0.2037 0.1738 0.1427 0.1128 0.0833 0.0520 0.0152 -0.0369 -0.1205 -0.2201 -0.2924 -0.3341 -0.3554 -0.3637 -0.3681
-0.3698 -0.3555 -0.3341 -0.2919 -0.2185 -0.1182 -0.0351 0.0164 0.0530 0.0843 0.1139 0.1438 0.1749 0.2047 0.2202 0.1808 0.0169 -0.0979 -0.1435 -0.1716 -0.1934 -0.2121 -0.2292 -0.2453 -0.2608 -0.2759 -0.2907 -0.3051 -0.3190 -0.3320 -0.3439 -0.3540 -0.3613 -0.3646 -0.3617 -0.3494 -0.3222 -0.2712 -0.1876 -0.0880 -0.0165 0.0285 0.0629 0.0933 0.1227 0.1530 0.1838 0.2107 0.2181 0.1863 0.1523 0.1863 0.2181 0.2107 0.1838 0.1530 0.1227 0.0933 0.0629 0.0285 -0.0165 -0.0880 -0.1876 -0.2712 -0.3222 -0.3494 -0.3617 -0.3646 -0.3613 -0.3540 -0.3439 -0.3320 -0.3190 -0.3051 -0.2907 -0.2759 -0.2608 -0.2453 -0.2292 -0.2121 -0.1934 -0.1716 -0.1435 -0.0979 0.0169 0.1808 0.2202 0.2047 0.1749 0.1438 0.1139 0.0843 0.0530 0.0164 -0.0351 -0.1182 -0.2185 -0.2919 -0.3341 -0.3555 -0.3698
-0.3641 -0.3346 -0.2924 -0.2185 -0.1174 -0.0341 0.0172 0.0539 0.0852 0.1148 0.1448 0.1760 0.2056 0.2201 0.1773 0.0109 -0.1007 -0.1448 -0.1725 -0.1941 -0.2128 -0.2298 -0.2459 -0.2614 -0.2765 -0.2913 -0.3056 -0.3195 -0.3325 -0.3443 -0.3543 -0.3615 -0.3646 -0.3614 -0.3487 -0.3208 -0.2687 -0.1838 -0.0847 -0.0144 0.0299 0.0641 0.0944 0.1239 0.1542 0.1853 0.2124 0.2168 0.1548 0.0307 -0.0182 0.0307 0.1548 0.2168 0.2124 0.1853 0.1542 0.1239 0.0944 0.0641 0.0299 -0.0144 -0.0847 -0.1838 -0.2687 -0.3208 -0.3487 -0.3614 -0.3646 -0.3615 -0.3543 -0.3443 -0.3325 -0.3195 -0.3056 -0.2913 -0.2765 -0.2614 -0.2459 -0.2298 -0.2128 -0.1941 -0.1725 -0.1448 -0.1007 0.0109 0.1773 0.2201 0.2056 0.1760 0.1448 0.1148 0.0852 0.0539 0.0172 -0.0341 -0.1174 -0.2185 -0.2924 -0.3346 -0.3641
-0.3468 -0.2937 -0.2201 -0.1182 -0.0341 0.0175 0.0543 0.0857 0.1155 0.1457 0.1769 0.2064 0.2200 0.1737 0.0052 -0.1035 -0.1460 -0.1734 -0.1949 -0.2135 -0.2304 -0.2465 -0.2620 -0.2770 -0.2918 -0.3062 -0.3200 -0.3330 -0.3447 -0.3546 -0.3617 -0.3646 -0.3612 -0.3480 -0.3194 -0.2662 -0.1801 -0.0814 -0.0124 0.0312 0.0652 0.0955 0.1250 0.1554 0.1865 0.2134 0.2156 0.1357 -0.0185 -0.0936 -0.1115 -0.0936 -0.0185 0.1357 0.2156 0.2134 0.1865 0.1554 0.1250 0.0955 0.0652 0.0312 -0.0124 -0.0814 -0.1801 -0.2662 -0.3194 -0.3480 -0.3612 -0.3646 -0.3617 -0.3546 -0.3447 -0.3330 -0.3200 -0.3062 -0.2918 -0.2770 -0.2620 -0.2465 -0.2304 -0.2135 -0.1949 -0.1734 -0.1460 -0.1035 0.0052 0.1737 0.2200 0.2064 0.1769 0.1457 0.1155 0.0857 0.0543 0.0175 -0.0341 -0.1182 -0.2201 -0.2937 -0.3468
-0.3104 -0.2227 -0.1205 -0.0351 0.0172 0.0543 0.0859 0.1159 0.1462 0.1776 0.2070 0.2198 0.1701 0.0003 -0.1059 -0.1471 -0.1743 -0.1956 -0.2141 -0.2311 -0.2471 -0.2625 -0.2776 -0.2923 -0.3067 -0.3205 -0.3334 -0.3451 -0.3549 -0.3619 -0.3646 -0.3609 -0.3473 -0.3179 -0.2636 -0.1764 -0.0782 -0.0105 0.0326 0.0664 0.0966 0.1261 0.1565 0.1877 0.2142 0.2145 0.1240 -0.0360 -0.1138 -0.1423 -0.1516 -0.1423 -0.1138 -0.0360 0.1240 0.2145 0.2142 0.1877 0.1565 0.1261 0.0966 0.0664 0.0326 -0.0105 -0.0782 -0.1764 -0.2636 -0.3179 -0.3473 -0.3609 -0.3646 -0.3619 -0.3549 -0.3451 -0.3334 -0.3205 -0.3067 -0.2923 -0.2776 -0.2625 -0.2471 -0.2311 -0.2141 -0.1956 -0.1743 -0.1471 -0.1059 0.0003 0.1701 0.2198 0.2070 0.1776 0.1462 0.1159 0.0859 0.0543 0.0172 -0.0351 -0.1205 -0.2227 -0.3104
-0.2436 -0.1237 -0.0369 0.0164 0.0539 0.0857 0.1159 0.1464 0.1780 0.2075 0.2196 0.1668 -0.0038 -0.1078 -0.1481 -0.1750 -0.1963 -0.2147 -0.2317 -0.2476 -0.2631 -0.2782 -0.2929 -0.3072 -0.3210 -0.3339 -0.3455 -0.3553 -0.3621 -0.3646 -0.3606 -0.3465 -0.3164 -0.2609 -0.1726 -0.0750 -0.0085 0.0340 0.0676 0.0977 0.1272 0.1577 0.1888 0.2149 0.2134 0.1160 -0.0442 -0.1205 -0.1529 -0.1717 -0.1786 -0.1717 -0.1529 -0.1205 -0.0442 0.1160 0.2134 0.2149 0.1888 0.1577 0.1272 0.0977 0.0676 0.0340 -0.0085 -0.0750 -0.1726 -0.2609 -0.3164 -0.3465 -0.3606 -0.3646 -0.3621 -0.3553 -0.3455 -0.3339 -0.3210 -0.3072 -0.2929 -0.2782 -0.2631 -0.2476 -0.2317 -0.2147 -0.1963 -0.1750 -0.1481 -0.1078 -0.0038 0.1668 0.2196 0.2075 0.1780 0.1464 0.1159 0.0857 0.0539 0.0164 -0.0369 -0.1237 -0.2436
-0.1420 -0.0391 0.0152 0.0530 0.0852 0.1155 0.1462 0.1780 0.2076 0.2195 0.1645 -0.0069 -0.1090 -0.1489 -0.1757 -0.1969 -0.2153 -0.2322 -0.2482 -0.2636 -0.2787 -0.2934 -0.3077 -0.3215 -0.3344 -0.3459 -0.3556 -0.3623 -0.3646 -0.3603 -0.3457 -0.3148 -0.2582 -0.1687 -0.0719 -0.0066 0.0354 0.0687 0.0988 0.1283 0.1589 0.1900 0.2156 0.2122 0.1090 -0.0495 -0.1236 -0.1570 -0.1794 -0.1944 -0.2001 -0.1944 -0.1794 -0.1570 -0.1236 -0.0495 0.1090 0.2122 0.2156 0.1900 0.1589 0.1283 0.0988 0.0687 0.0354 -0.0066 -0.0719 -0.1687 -0.2582 -0.3148 -0.3457 -0.3603 -0.3646 -0.3623 -0.3556 -0.3459 -0.3344 -0.3215 -0.3077 -0.2934 -0.2787 -0.2636 -0.2482 -0.2322 -0.2153 -0.1969 -0.1757 -0.1489 -0.1090 -0.0069 0.1645 0.2195 0.2076 0.1780 0.1462 0.1155 0.0852 0.0530 0.0152 -0.0391 -0.1420
-0.0455 0.0137 0.0520 0.0843 0.1148 0.1457 0.1776 0.2075 0.2195 0.1636 -0.0085 -0.1098 -0.1495 -0.1762 -0.1974 -0.2158 -0.2327 -0.2487 -0.2642 -0.2792 -0.2939 -0.3083 -0.3220 -0.3348 -0.3463 -0.3559 -0.3624 -0.3646 -0.3600 -0.3449 -0.3132 -0.2555 -0.1650 -0.0689 -0.0048 0.0367 0.0699 0.0999 0.1294 0.1600 0.1911 0.2162 0.2108 0.1022 -0.0539 -0.1256 -0.1589 -0.1825 -0.2007 -0.2138 -0.2189 -0.2138 -0.2007 -0.1825 -0.1589 -0.1256 -0.0539 0.1022 0.2108 0.2162 0.1911 0.1600 0.1294 0.0999 0.0699 0.0367 -0.0048 -0.0689 -0.1650 -0.2555 -0.3132 -0.3449 -0.3600 -0.3646 -0.3624 -0.3559 -0.3463 -0.3348 -0.3220 -0.3083 -0.2939 -0.2792 -0.2642 -0.2487 -0.2327 -0.2158 -0.1974 -0.1762 -0.1495 -0.1098 -0.0085 0.1636 0.2195 0.2075 0.1776 0.1457 0.1148 0.0843 0.0520 0.0137 -0.0455
0.0150 0.0508 0.0833 0.1139 0.1448 0.1769 0.2070 0.2196 0.1645 -0.0085 -0.1101 -0.1498 -0.1765 -0.1977 -0.2162 -0.2331 -0.2491 -0.2646 -0.2797 -0.2944 -0.3087 -0.3224 -0.3353 -0.3467 -0.3562 -0.3626 -0.3645 -0.3596 -0.3441 -0.3116 -0.2527 -0.1611 -0.0659 -0.0029 0.0380 0.0710 0.1009 0.1305 0.1612 0.1922 0.2168 0.2093 0.0955 -0.0579 -0.1273 -0.1602 -0.1840 -0.2033 -0.2194 -0.2314 -0.2363 -0.2314 -0.2194 -0.2033 -0.1840 -0.1602 -0.1273 -0.0579 0.0955 0.2093 0.2168 0.1922 0.1612 0.1305 0.1009 0.0710 0.0380 -0.0029 -0.0659 -0.1611 -0.2527 -0.3116 -0.3441 -0.3596 -0.3645 -0.3626 -0.3562 -0.3467 -0.3353 -0.3224 -0.3087 -0.2944 -0.2797 -0.2646 -0.2491 -0.2331 -0.2162 -0.1977 -0.1765 -0.1498 -0.1101 -0.0085 0.1645 0.2196 0.2070 0.1769 0.1448 0.1139 0.0833 0.0508 0.0150
0.0555 0.0822 0.1128 0.1438 0.1760 0.2064 0.2198 0.1668 -0.0069 -0.1098 -0.1498 -0.1767 -0.1979 -0.2164 -0.2334 -0.2494 -0.2650 -0.2801 -0.2948 -0.3091 -0.3229 -0.3357 -0.3471 -0.3565 -0.3628 -0.3645 -0.3592 -0.3432 -0.3100 -0.2498 -0.1573 -0.0629 -0.0011 0.0394 0.0722 0.1021 0.1317 0.1623 0.1933 0.2174 0.2077 0.0887 -0.0618 -0.1288 -0.1613 -0.1850 -0.2046 -0.2218 -0.2367 -0.2481 -0.2528 -0.2481 -0.2367 -0.2218 -0.2046 -0.1850 -0.1613 -0.1288 -0.0618 0.0887 0.2077 0.2174 0.1933 0.1623 0.1317 0.1021 0.0722 0.0394 -0.0011 -0.0629 -0.1573 -0.2498 -0.3100 -0.3432 -0.3592 -0.3645 -0.3628 -0.3565 -0.3471 -0.3357 -0.3229 -0.3091 -0.2948 -0.2801 -0.2650 -0.2494 -0.2334 -0.2164 -0.1979 -0.1767 -0.1498 -0.1098 -0.0069 0.1668 0.2198 0.2064 0.1760 0.1438 0.1128 0.0822 0.0555
0.0888 0.1118 0.1427 0.1749 0.2056 0.2200 0.1701 -0.0038 -0.1090 -0.1495 -0.1765 -0.1979 -0.2165 -0.2335 -0.2497 -0.2652 -0.2804 -0.2952 -0.3095 -0.3232 -0.3360 -0.3474 -0.3567 -0.3629 -0.3644 -0.3589 -0.3423 -0.3083 -0.2469 -0.1534 -0.0600 0.0007 0.0407 0.0734 0.1032 0.1328 0.1635 0.1944 0.2179 0.2060 0.0817 -0.0656 -0.1303 -0.1623 -0.1859 -0.2055 -0.2229 -0.2388 -0.2531 -0.2641 -0.2687 -0.2641 -0.2531 -0.2388 -0.2229 -0.2055 -0.1859 -0.1623 -0.1303 -0.0656 0.0817 0.2060 0.2179 0.1944 0.1635 0.1328 0.1032 0.0734 0.0407 0.0007 -0.0600 -0.1534 -0.2469 -0.3083 -0.3423 -0.3589 -0.3644 -0.3629 -0.3567 -0.3474 -0.3360 -0.3232 -0.3095 -0.2952 -0.2804 -0.2652 -0.2497 -0.2335 -0.2165 -0.1979 -0.1765 -0.1495 -0.1090 -0.0038 0.1701 0.2200 0.2056 0.1749 0.1427 0.1118 0.0888
0.1199 0.1416 0.1738 0.2047 0.2201 0.1737 0.0003 -0.1078 -0.1489 -0.1762 -0.1977 -0.2164 -0.2335 -0.2497 -0.2654 -0.2806 -0.2954 -0.3098 -0.3235 -0.3363 -0.3477 -0.3570 -0.3631 -0.3644 -0.3585 -0.3415 -0.3066 -0.2440 -0.1496 -0.0572 0.0024 0.0420 0.0745 0.1042 0.1339 0.1647 0.1955 0.2183 0.2040 0.0749 -0.0693 -0.1318 -0.1633 -0.1867 -0.2062 -0.2237 -0.2399 -0.2551 -0.2690 -0.2798 -0.2843 -0.2798 -0.2690 -0.2551 -0.2399 -0.2237 -0.2062 -0.1867 -0.1633 -0.1318 -0.0693 0.0749 0.2040 0.2183 0.1955 0.1647 0.1339 0.1042 0.0745 0.0420 0.0024 -0.0572 -0.1496 -0.2440 -0.3066 -0.3415 -0.3585 -0.3644 -0.3631 -0.3570 -0.3477 -0.3363 -0.3235 -0.3098 -0.2954 -0.2806 -0.2654 -0.2497 -0.2335 -0.2164 -0.1977 -0.1762 -0.1489 -0.1078 0.0003 0.1737 0.2201 0.2047 0.1738 0.1416 0.1199
0.1515 0.1726 0.2037 0.2202 0.1773 0.0052 -0.1059 -0.1481 -0.1757 -0.1974 -0.2162 -0.2334 -0.2497 -0.2654 -0.2806 -0.2955 -0.3100 -0.3238 -0.3366 -0.3480 -0.3572 -0.3632 -0.3643 -0.3582 -0.3407 -0.3050 -0.2412 -0.1460 -0.0544 0.0042 0.0433 0.0756 0.1053 0.1350 0.1658 0.1966 0.2188 0.2020 0.0681 -0.0728 -0.1332 -0.1643 -0.1875 -0.2069 -0.2243 -0.2406 -0.2562 -0.2710 -0.2845 -0.2951 -0.2996 -0.2951 -0.2845 -0.2710 -0.2562 -0.2406 -0.2243 -0.2069 -0.1875 -0.1643 -0.1332 -0.0728 0.0681 0.2020 0.2188 0.1966 0.1658 0.1350 0.1053 0.0756 0.0433 0.0042 -0.0544 -0.1460 -0.2412 -0.3050 -0.3407 -0.3582 -0.3643 -0.3632 -0.3572 -0.3480 -0.3366 -0.3238 -0.3100 -0.2955 -0.2806 -0.2654 -0.2497 -0.2334 -0.2162 -0.1974 -0.1757 -0.1481 -0.1059 0.0052 0.1773 0.2202 0.2037 0.1726 0.1515
0.1845 0.2027 0.2202 0.1808 0.0109 -0.1035 -0.1471 -0.1750 -0.1969 -0.2158 -0.2331 -0.2494 -0.2652 -0.2806 -0.2955 -0.3100 -0.3239 -0.3367 -0.3481 -0.3573 -0.3633 -0.3643 -0.3579 -0.3400 -0.3036 -0.2386 -0.1426 -0.0519 0.0058 0.0446 0.0768 0.1065 0.1362 0.1670 0.1977 0.2192 0.1999 0.0612 -0.0763 -0.1346 -0.1653 -0.1882 -0.2076 -0.2250 -0.2413 -0.2569 -0.2720 -0.2864 -0.2996 -0.3100 -0.3144 -0.3100 -0.2996 -0.2864 -0.2720 -0.2569 -0.2413 -0.2250 -0.2076 -0.1882 -0.1653 -0.1346 -0.0763 0.0612 0.1999 0.2192 0.1977 0.1670 0.1362 0.1065 0.0768 0.0446 0.0058 -0.0519 -0.1426 -0.2386 -0.3036 -0.3400 -0.3579 -0.3643 -0.3633 -0.3573 -0.3481 -0.3367 -0.3239 -0.3100 -0.2955 -0.2806 -0.2652 -0.2494 -0.2331 -0.2158 -0.1969 -0.1750 -0.1471 -0.1035 0.0109 0.1808 0.2202 0.2027 0.1845
0.2163 0.2202 0.1841 0.0169 -0.1007 -0.1460 -0.1743 -0.1963 -0.2153 -0.2327 -0.2491 -0.2650 -0.2804 -0.2954 -0.3100 -0.3239 -0.3368 -0.3482 -0.3574 -0.3633 -0.3643 -0.3577 -0.3394 -0.3023 -0.2363 -0.1395 -0.0496 0.0073 0.0458 0.0779 0.1075 0.1373 0.1682 0.1987 0.2195 0.1975 0.0543 -0.0798 -0.1360 -0.1662 -0.1890 -0.2083 -0.2256 -0.2419 -0.2575 -0.2727 -0.2874 -0.3015 -0.3143 -0.3243 -0.3285 -0.3243 -0.3143 -0.3015 -0.2874 -0.2727 -0.2575 -0.2419 -0.2256 -0.2083 -0.1890 -0.1662 -0.1360 -0.0798 0.0543 0.1975 0.2195 0.1987 0.1682 0.1373 0.1075 0.0779 0.0458 0.0073 -0.0496 -0.1395 -0.2363 -0.3023 -0.3394 -0.3577 -0.3643 -0.3633 -0.3574 -0.3482 -0.3368 -0.3239 -0.3100 -0.2954 -0.2804 -0.2650 -0.2491 -0.2327 -0.2153 -0.1963 -0.1743 -0.1460 -0.1007 0.0169 0.1841 0.2202 0.2163
0.2344 0.1871 0.0229 -0.0979 -0.1448 -0.1734 -0.1956 -0.2147 -0.2322 -0.2487 -0.2646 -0.2801 -0.2952 -0.3098 -0.3238 -0.3367 -0.3482 -0.3574 -0.3633 -0.3642 -0.3575 -0.3389 -0.3013 -0.2344 -0.1369 -0.0477 0.0085 0.0469 0.0788 0.1085 0.1383 0.1693 0.1998 0.2198 0.1951 0.0476 -0.0831 -0.1373 -0.1672 -0.1898 -0.2089 -0.2262 -0.2425 -0.2581 -0.2732 -0.2880 -0.3024 -0.3160 -0.3282 -0.3376 -0.3415 -0.3376 -0.3282 -0.3160 -0.3024 -0.2880 -0.2732 -0.2581 -0.2425 -0.2262 -0.2089 -0.1898 -0.1672 -0.1373 -0.0831 0.0476 0.1951 0.2198 0.1998 0.1693 0.1383 0.1085 0.0788 0.0469 0.0085 -0.0477 -0.1369 -0.2344 -0.3013 -0.3389 -0.3575 -0.3642 -0.3633 -0.3574 -0.3482 -0.3367 -0.3238 -0.3098 -0.2952 -0.2801 -0.2646 -0.2487 -0.2322 -0.2147 -0.1956 -0.1734 -0.1448 -0.0979 0.0229 0.1871 0.2344
0.1992 0.0293 -0.0949 -0.1435 -0.1725 -0.1949 -0.2141 -0.2317 -0.2482 -0.2642 -0.2797 -0.2948 -0.3095 -0.3235 -0.3366 -0.3481 -0.3574 -0.3633 -0.3642 -0.3574 -0.3386 -0.3005 -0.2330 -0.1348 -0.0460 0.0097 0.0478 0.0797 0.1094 0.1393 0.1704 0.2007 0.2199 0.1925 0.0411 -0.0863 -0.1387 -0.1681 -0.1905 -0.2096 -0.2268 -0.2431 -0.2586 -0.2738 -0.2886 -0.3030 -0.3169 -0.3298 -0.3410 -0.3494 -0.3528 -0.3494 -0.3410 -0.3298 -0.3169 -0.3030 -0.2886 -0.2738 -0.2586 -0.2431 -0.2268 -0.2096 -0.1905 -0.1681 -0.1387 -0.0863 0.0411 0.1925 0.2199 0.2007 0.1704 0.1393 0.1094 0.0797 0.0478 0.0097 -0.0460 -0.1348 -0.2330 -0.3005 -0.3386 -0.3574 -0.3642 -0.3633 -0.3574 -0.3481 -0.3366 -0.3235 -0.3095 -0.2948 -0.2797 -0.2642 -0.2482 -0.2317 -0.2141 -0.1949 -0.1725 -0.1435 -0.0949 0.0293 0.1992
0.0367 -0.0919 -0.1423 -0.1716 -0.1941 -0.2135 -0.2311 -0.2476 -0.2636 -0.2792 -0.2944 -0.3091 -0.3232 -0.3363 -0.3480 -0.3573 -0.3633 -0.3642 -0.3574 -0.3385 -0.3002 -0.2320 -0.1334 -0.0448 0.0105 0.0485 0.0804 0.1102 0.1402 0.1713 0.2016 0.2201 0.1898 0.0348 -0.0893 -0.1400 -0.1690 -0.1913 -0.2103 -0.2275 -0.2437 -0.2592 -0.2744 -0.2892 -0.3036 -0.3175 -0.3306 -0.3424 -0.3521 -0.3589 -0.3616 -0.3589 -0.3521 -0.3424 -0.3306 -0.3175 -0.3036 -0.2892 -0.2744 -0.2592 -0.2437 -0.2275 -0.2103 -0.1913 -0.1690 -0.1400 -0.0893 0.0348 0.1898 0.2201 0.2016 0.1713 0.1402 0.1102 0.0804 0.0485 0.0105 -0.0448 -0.1334 -0.2320 -0.3002 -0.3385 -0.3574 -0.3642 -0.3633 -0.3573 -0.3480 -0.3363 -0.3232 -0.3091 -0.2944 -0.2792 -0.2636 -0.2476 -0.2311 -0.2135 -0.1941 -0.1716 -0.1423 -0.0919 0.0367
-0.0853 -0.1411 -0.1707 -0.1934 -0.2128 -0.2304 -0.2471 -0.2631 -0.2787 -0.2939 -0.3087 -0.3229 -0.3360 -0.3477 -0.3572 -0.3633 -0.3643 -0.3575 -0.3386 -0.3002 -0.2317 -0.1326 -0.0441 0.0111 0.0491 0.0810 0.1108 0.1409 0.1721 0.2024 0.2202 0.1873 0.0292 -0.0922 -0.1412 -0.1699 -0.1921 -0.2110 -0.2281 -0.2442 -0.2598 -0.2749 -0.2897 -0.3041 -0.3180 -0.3312 -0.3431 -0.3531 -0.3606 -0.3649 -0.3664 -0.3649 -0.3606 -0.3531 -0.3431 -0.3312 -0.3180 -0.3041 -0.2897 -0.2749 -0.2598 -0.2442 -0.2281 -0.2110 -0.1921 -0.1699 -0.1412 -0.0922 0.0292 0.1873 0.2202 0.2024 0.1721 0.1409 0.1108 0.0810 0.0491 0.0111 -0.0441 -0.1326 -0.2317 -0.3002 -0.3386 -0.3575 -0.3643 -0.3633 -0.3572 -0.3477 -0.3360 -0.3229 -0.3087 -0.2939 -0.2787 -0.2631 -0.2471 -0.2304 -0.2128 -0.1934 -0.1707 -0.1411 -0.0853
-0.1365 -0.1698 -0.1927 -0.2121 -0.2298 -0.2465 -0.2625 -0.2782 -0.2934 -0.3083 -0.3224 -0.3357 -0.3474 -0.3570 -0.3632 -0.3643 -0.3577 -0.3389 -0.3005 -0.2320 -0.1326 -0.0439 0.0114 0.0494 0.0814 0.1113 0.1415 0.1728 0.2030 0.2202 0.1850 0.0242 -0.0946 -0.1423 -0.1708 -0.1927 -0.2116 -0.2287 -0.2448 -0.2604 -0.2755 -0.2903 -0.3047 -0.3186 -0.3317 -0.3436 -0.3536 -0.3611 -0.3650 -0.3655 -0.3650 -0.3655 -0.3650 -0.3611 -0.3536 -0.3436 -0.3317 -0.3186 -0.3047 -0.2903 -0.2755 -0.2604 -0.2448 -0.2287 -0.2116 -0.1927 -0.1708 -0.1423 -0.0946 0.0242 0.1850 0.2202 0.2030 0.1728 0.1415 0.1113 0.0814 0.0494 0.0114 -0.0439 -0.1326 -0.2320 -0.3005 -0.3389 -0.3577 -0.3643 -0.3632 -0.3570 -0.3474 -0.3357 -0.3224 -0.3083 -0.2934 -0.2782 -0.2625 -0.2465 -0.2298 -0.2121 -0.1927 -0.1698 -0.1365
-0.1667 -0.1919 -0.2115 -0.2292 -0.2459 -0.2620 -0.2776 -0.2929 -0.3077 -0.3220 -0.3353 -0.3471 -0.3567 -0.3631 -0.3643 -0.3579 -0.3394 -0.3013 -0.2330 -0.1334 -0.0441 0.0114 0.0495 0.0816 0.1116 0.1419 0.1733 0.2035 0.2202 0.1831 0.0200 -0.0968 -0.1433 -0.1715 -0.1934 -0.2122 -0.2293 -0.2454 -0.2609 -0.2760 -0.2908 -0.3052 -0.3191 -0.3321 -0.3440 -0.3540 -0.3613 -0.3648 -0.3633 -0.3577 -0.3539 -0.3577 -0.3633 -0.3648 -0.3613 -0.3540 -0.3440 -0.3321 -0.3191 -0.3052 -0.2908 -0.2760 -0.2609 -0.2454 -0.2293 -0.2122 -0.1934 -0.1715 -0.1433 -0.0968 0.0200 0.1831 0.2202 0.2035 0.1733 0.1419 0.1116 0.0816 0.0495 0.0114 -0.0441 -0.1334 -0.2330 -0.3013 -0.3394 -0.3579 -0.3643 -0.3631 -0.3567 -0.3471 -0.3353 -0.3220 -0.3077 -0.2929 -0.2776 -0.2620 -0.2459 -0.2292 -0.2115 -0.1919 -0.1667
-0.1895 -0.2108 -0.2286 -0.2453 -0.2614 -0.2770 -0.2923 -0.3072 -0.3215 -0.3348 -0.3467 -0.3565 -0.3629 -0.3644 -0.3582 -0.3400 -0.3023 -0.2344 -0.1348 -0.0448 0.0111 0.0494 0.0816 0.1117 0.1421 0.1736 0.2039 0.2202 0.1815 0.0167 -0.0986 -0.1441 -0.1721 -0.1940 -0.2127 -0.2298 -0.2459 -0.2614 -0.2766 -0.2914 -0.3057 -0.3196 -0.3326 -0.3444 -0.3544 -0.3615 -0.3647 -0.3620 -0.3518 -0.3362 -0.3270 -0.3362 -0.3518 -0.3620 -0.3647 -0.3615 -0.3544 -0.3444 -0.3326 -0.3196 -0.3057 -0.2914 -0.2766 -0.2614 -0.2459 -0.2298 -0.2127 -0.1940 -0.1721 -0.1441 -0.0986 0.0167 0.1815 0.2202 0.2039 0.1736 0.1421 0.1117 0.0816 0.0494 0.0111 -0.0448 -0.1348 -0.2344 -0.3023 -0.3400 -0.3582 -0.3644 -0.3629 -0.3565 -0.3467 -0.3348 -0.3215 -0.3072 -0.2923 -0.2770 -0.2614 -0.2453 -0.2286 -0.2108 -0.1895
-0.2088 -0.2280 -0.2447 -0.2608 -0.2765 -0.2918 -0.3067 -0.3210 -0.3344 -0.3463 -0.3562 -0.3628 -0.3644 -0.3585 -0.3407 -0.3036 -0.2363 -0.1369 -0.0460 0.0105 0.0491 0.0814 0.1116 0.1421 0.1737 0.2040 0.2202 0.1804 0.0141 -0.1000 -0.1447 -0.1727 -0.1945 -0.2132 -0.2303 -0.2464 -0.2619 -0.2771 -0.2919 -0.3062 -0.3201 -0.3331 -0.3448 -0.3547 -0.3617 -0.3646 -0.3613 -0.3489 -0.3248 -0.2925 -0.2742 -0.2925 -0.3248 -0.3489 -0.3613 -0.3646 -0.3617 -0.3547 -0.3448 -0.3331 -0.3201 -0.3062 -0.2919 -0.2771 -0.2619 -0.2464 -0.2303 -0.2132 -0.1945 -0.1727 -0.1447 -0.1000 0.0141 0.1804 0.2202 0.2040 0.1737 0.1421 0.1116 0.0814 0.0491 0.0105 -0.0460 -0.1369 -0.2363 -0.3036 -0.3407 -0.3585 -0.3644 -0.3628 -0.3562 -0.3463 -0.3344 -0.3210 -0.3067 -0.2918 -0.2765 -0.2608 -0.2447 -0.2280 -0.2088
-0.2262 -0.2441 -0.2603 -0.2759 -0.2913 -0.3062 -0.3205 -0.3339 -0.3459 -0.3559 -0.3626 -0.3645 -0.3589 -0.3415 -0.3050 -0.2386 -0.1395 -0.0477 0.0097 0.0485 0.0810 0.1113 0.1419 0.1736 0.2040 0.2202 0.1797 0.0125 -0.1010 -0.1452 -0.1731 -0.1949 -0.2136 -0.2307 -0.2468 -0.2624 -0.2775 -0.2923 -0.3067 -0.3205 -0.3335 -0.3452 -0.3550 -0.3619 -0.3646 -0.3609 -0.3474 -0.3194 -0.2725 -0.2149 -0.1848 -0.2149 -0.2725 -0.3194 -0.3474 -0.3609 -0.3646 -0.3619 -0.3550 -0.3452 -0.3335 -0.3205 -0.3067 -0.2923 -0.2775 -0.2624 -0.2468 -0.2307 -0.2136 -0.1949 -0.1731 -0.1452 -0.1010 0.0125 0.1797 0.2202 0.2040 0.1736 0.1419 0.1113 0.0810 0.0485 0.0097 -0.0477 -0.1395 -0.2386 -0.3050 -0.3415 -0.3589 -0.3645 -0.3626 -0.3559 -0.3459 -0.3339 -0.3205 -0.3062 -0.2913 -0.2759 -0.2603 -0.2441 -0.2262
-0.2426 -0.2597 -0.2754 -0.2907 -0.3056 -0.3200 -0.3334 -0.3455 -0.3556 -0.3624 -0.3645 -0.3592 -0.3423 -0.3066 -0.2412 -0.1426 -0.0496 0.0085 0.0478 0.0804 0.1108 0.1415 0.1733 0.2039 0.2202 0.1797 0.0120 -0.1015 -0.1456 -0.1734 -0.1952 -0.2139 -0.2310 -0.2472 -0.2627 -0.2779 -0.2927 -0.3071 -0.3209 -0.3339 -0.3456 -0.3553 -0.3621 -0.3646 -0.3605 -0.3464 -0.3166 -0.2633 -0.1847 -0.1095 -0.0800 -0.1095 -0.1847 -0.2633 -0.3166 -0.3464 -0.3605 -0.3646 -0.3621 -0.3553 -0.3456 -0.3339 -0.3209 -0.3071 -0.2927 -0.2779 -0.2627 -0.2472 -0.2310 -0.2139 -0.1952 -0.1734 -0.1456 -0.1015 0.0120 0.1797 0.2202 0.2039 0.1733 0.1415 0.1108 0.0804 0.0478 0.0085 -0.0496 -0.1426 -0.2412 -0.3066 -0.3423 -0.3592 -0.3645 -0.3624 -0.3556 -0.3455 -0.3334 -0.3200 -0.3056 -0.2907 -0.2754 -0.2597 -0.2426
-0.2583 -0.2748 -0.2902 -0.3051 -0.3195 -0.3330 -0.3451 -0.3553 -0.3623 -0.3646 -0.3596 -0.3432 -0.3083 -0.2440 -0.1460 -0.0519 0.0073 0.0469 0.0797 0.1102 0.1409 0.1728 0.2035 0.2202 0.1804 0.0125 -0.1015 -0.1457 -0.1736 -0.1953 -0.2141 -0.2312 -0.2474 -0.2630 -0.2782 -0.2931 -0.3075 -0.3213 -0.3343 -0.3459 -0.3556 -0.3623 -0.3646 -0.3602 -0.3456 -0.3147 -0.2585 -0.1718 -0.0814 -0.0269 -0.0090 -0.0269 -0.0814 -0.1718 -0.2585 -0.3147 -0.3456 -0.3602 -0.3646 -0.3623 -0.3556 -0.3459 -0.3343 -0.3213 -0.3075 -0.2931 -0.2782 -0.2630 -0.2474 -0.2312 -0.2141 -0.1953 -0.1736 -0.1457 -0.1015 0.0125 0.1804 0.2202 0.2035 0.1728 0.1409 0.1102 0.0797 0.0469 0.0073 -0.0519 -0.1460 -0.2440 -0.3083 -0.3432 -0.3596 -0.3646 -0.3623 -0.3553 -0.3451 -0.3330 -0.3195 -0.3051 -0.2902 -0.2748 -0.2583
-0.2737 -0.2896 -0.3046 -0.3190 -0.3325 -0.3447 -0.3549 -0.3621 -0.3646 -0.3600 -0.3441 -0.3100 -0.2469 -0.1496 -0.0544 0.0058 0.0458 0.0788 0.1094 0.1402 0.1721 0.2030 0.2202 0.1815 0.0141 -0.1010 -0.1456 -0.1736 -0.1954 -0.2142 -0.2314 -0.2476 -0.2633 -0.2785 -0.2933 -0.3078 -0.3216 -0.3346 -0.3462 -0.3558 -0.3624 -0.3646 -0.3599 -0.3448 -0.3131 -0.2552 -0.1653 -0.0710 -0.0104 0.0230 0.0352 0.0230 -0.0104 -0.0710 -0.1653 -0.2552 -0.3131 -0.3448 -0.3599 -0.3646 -0.3624 -0.3558 -0.3462 -0.3346 -0.3216 -0.3078 -0.2933 -0.2785 -0.2633 -0.2476 -0.2314 -0.2142 -0.1954 -0.1736 -0.1456 -0.1010 0.0141 0.1815 0.2202 0.2030 0.1721 0.1402 0.1094 0.0788 0.0458 0.0058 -0.0544 -0.1496 -0.2469 -0.3100 -0.3441 -0.3600 -0.3646 -0.3621 -0.3549 -0.3447 -0.3325 -0.3190 -0.3046 -0.2896 -0.2737
-0.2887 -0.3040 -0.3185 -0.3320 -0.3443 -0.3546 -0.3619 -0.3646 -0.3603 -0.3449 -0.3116 -0.2498 -0.1534 -0.0572 0.0042 0.0446 0.0779 0.1085 0.1393 0.1713 0.2024 0.2202 0.1831 0.0167 -0.1000 -0.1452 -0.1734 -0.1953 -0.2142 -0.2314 -0.2477 -0.2634 -0.2787 -0.2936 -0.3080 -0.3219 -0.3349 -0.3465 -0.3560 -0.3626 -0.3646 -0.3596 -0.3441 -0.3116 -0.2525 -0.1609 -0.0661 -0.0043 0.0341 0.0596 0.0698 0.0596 0.0341 -0.0043 -0.0661 -0.1609 -0.2525 -0.3116 -0.3441 -0.3596 -0.3646 -0.3626 -0.3560 -0.3465 -0.3349 -0.3219 -0.3080 -0.2936 -0.2787 -0.2634 -0.2477 -0.2314 -0.2142 -0.1953 -0.1734 -0.1452 -0.1000 0.0167 0.1831 0.2202 0.2024 0.1713 0.1393 0.1085 0.0779 0.0446 0.0042 -0.0572 -0.1534 -0.2498 -0.3116 -0.3449 -0.3603 -0.3646 -0.3619 -0.3546 -0.3443 -0.3320 -0.3185 -0.3040 -0.2887
-0.3034 -0.3180 -0.3316 -0.3439 -0.3543 -0.3617 -0.3646 -0.3606 -0.3457 -0.3132 -0.2527 -0.1573 -0.0600 0.0024 0.0433 0.0768 0.1075 0.1383 0.1704 0.2016 0.2202 0.1850 0.0200 -0.0986 -0.1447 -0.1731 -0.1952 -0.2141 -0.2314 -0.2477 -0.2634 -0.2787 -0.2937 -0.3082 -0.3221 -0.3351 -0.3467 -0.3562 -0.3627 -0.3645 -0.3594 -0.3434 -0.3103 -0.2501 -0.1573 -0.0629 -0.0014 0.0383 0.0688 0.0913 0.1008 0.0913 0.0688 0.0383 -0.0014 -0.0629 -0.1573 -0.2501 -0.3103 -0.3434 -0.3594 -0.3645 -0.3627 -0.3562 -0.3467 -0.3351 -0.3221 -0.3082 -0.2937 -0.2787 -0.2634 -0.2477 -0.2314 -0.2141 -0.1952 -0.1731 -0.1447 -0.0986 0.0200 0.1850 0.2202 0.2016 0.1704 0.1383 0.1075 0.0768 0.0433 0.0024 -0.0600 -0.1573 -0.2527 -0.3132 -0.3457 -0.3606 -0.3646 -0.3617 -0.3543 -0.3439 -0.3316 -0.3180 -0.3034
-0.3177 -0.3311 -0.3435 -0.3540 -0.3615 -0.3646 -0.3609 -0.3465 -0.3148 -0.2555 -0.1611 -0.0629 0.0007 0.0420 0.0756 0.1065 0.1373 0.1693 0.2007 0.2201 0.1873 0.0242 -0.0968 -0.1441 -0.1727 -0.1949 -0.2139 -0.2312 -0.2476 -0.2634 -0.2787 -0.2937 -0.3083 -0.3222 -0.3352 -0.3468 -0.3563 -0.3627 -0.3645 -0.3591 -0.3429 -0.3090 -0.2478 -0.1542 -0.0603 0.0006 0.0404 0.0724 0.0998 0.1218 0.1314 0.1218 0.0998 0.0724 0.0404 0.0006 -0.0603 -0.1542 -0.2478 -0.3090 -0.3429 -0.3591 -0.3645 -0.3627 -0.3563 -0.3468 -0.3352 -0.3222 -0.3083 -0.2937 -0.2787 -0.2634 -0.2476 -0.2312 -0.2139 -0.1949 -0.1727 -0.1441 -0.0968 0.0242 0.1873 0.2201 0.2007 0.1693 0.1373 0.1065 0.0756 0.0420 0.0007 -0.0629 -0.1611 -0.2555 -0.3148 -0.3465 -0.3609 -0.3646 -0.3615 -0.3540 -0.3435 -0.3311 -0.3177
-0.3314 -0.3431 -0.3536 -0.3613 -0.3646 -0.3612 -0.3473 -0.3164 -0.2582 -0.1650 -0.0659 -0.0011 0.0407 0.0745 0.1053 0.1362 0.1682 0.1998 0.2199 0.1898 0.0292 -0.0946 -0.1433 -0.1721 -0.1945 -0.2136 -0.2310 -0.2474 -0.2633 -0.2787 -0.2937 -0.3083 -0.3222 -0.3353 -0.3469 -0.3564 -0.3628 -0.3645 -0.3590 -0.3423 -0.3080 -0.2458 -0.1513 -0.0581 0.0020 0.0418 0.0742 0.1032 0.1304 0.1531 0.1631 0.1531 0.1304 0.1032 0.0742 0.0418 0.0020 -0.0581 -0.1513 -0.2458 -0.3080 -0.3423 -0.3590 -0.3645 -0.3628 -0.3564 -0.3469 -0.3353 -0.3222 -0.3083 -0.2937 -0.2787 -0.2633 -0.2474 -0.2310 -0.2136 -0.1945 -0.1721 -0.1433 -0.0946 0.0292 0.1898 0.2199 0.1998 0.1682 0.1362 0.1053 0.0745 0.0407 -0.0011 -0.0659 -0.1650 -0.2582 -0.3164 -0.3473 -0.3612 -0.3646 -0.3613 -0.3536 -0.3431 -0.3314
-0.3440 -0.3533 -0.3611 -0.3646 -0.3614 -0.3480 -0.3179 -0.2609 -0.1687 -0.0689 -0.0029 0.0394 0.0734 0.1042 0.1350 0.1670 0.1987 0.2198 0.1925 0.0348 -0.0922 -0.1423 -0.1715 -0.1940 -0.2132 -0.2307 -0.2472 -0.2630 -0.2785 -0.2936 -0.3082 -0.3222 -0.3353 -0.3469 -0.3565 -0.3628 -0.3645 -0.3588 -0.3419 -0.3071 -0.2441 -0.1489 -0.0562 0.0033 0.0429 0.0753 0.1049 0.1339 0.1620 0.1851 0.1947 0.1851 0.1620 0.1339 0.1049 0.0753 0.0429 0.0033 -0.0562 -0.1489 -0.2441 -0.3071 -0.3419 -0.3588 -0.3645 -0.3628 -0.3565 -0.3469 -0.3353 -0.3222 -0.3082 -0.2936 -0.2785 -0.2630 -0.2472 -0.2307 -0.2132 -0.1940 -0.1715 -0.1423 -0.0922 0.0348 0.1925 0.2198 0.1987 0.1670 0.1350 0.1042 0.0734 0.0394 -0.0029 -0.0689 -0.1687 -0.2609 -0.3179 -0.3480 -0.3614 -0.3646 -0.3611 -0.3533 -0.3440
-0.3552 -0.3608 -0.3646 -0.3617 -0.3487 -0.3194 -0.2636 -0.1726 -0.0719 -0.0048 0.0380 0.0722 0.1032 0.1339 0.1658 0.1977 0.2195 0.1951 0.0411 -0.0893 -0.1412 -0.1708 -0.1934 -0.2127 -0.2303 -0.2468 -0.2627 -0.2782 -0.2933 -0.3080 -0.3221 -0.3352 -0.3469 -0.3565 -0.3629 -0.3644 -0.3587 -0.3417 -0.3064 -0.2428 -0.1469 -0.0546 0.0044 0.0438 0.0762 0.1060 0.1356 0.1657 0.1939 0.2125 0.2171 0.2125 0.1939 0.1657 0.1356 0.1060 0.0762 0.0438 0.0044 -0.0546 -0.1469 -0.2428 -0.3064 -0.3417 -0.3587 -0.3644 -0.3629 -0.3565 -0.3469 -0.3352 -0.3221 -0.3080 -0.2933 -0.2782 -0.2627 -0.2468 -0.2303 -0.2127 -0.1934 -0.1708 -0.1412 -0.0893 0.0411 0.1951 0.2195 0.1977 0.1658 0.1339 0.1032 0.0722 0.0380 -0.0048 -0.0719 -0.1726 -0.2636 -0.3194 -0.3487 -0.3617 -0.3646 -0.3608 -0.3552
-0.3639 -0.3645 -0.3620 -0.3494 -0.3208 -0.2662 -0.1764 -0.0750 -0.0066 0.0367 0.0710 0.1021 0.1328 0.1647 0.1966 0.2192 0.1975 0.0476 -0.0863 -0.1400 -0.1699 -0.1927 -0.2122 -0.2298 -0.2464 -0.2624 -0.2779 -0.2931 -0.3078 -0.3219 -0.3351 -0.3468 -0.3564 -0.3628 -0.3644 -0.3587 -0.3415 -0.3060 -0.2419 -0.1455 -0.0533 0.0052 0.0445 0.0769 0.1068 0.1366 0.1674 0.1973 0.2175 0.2119 0.1963 0.2119 0.2175 0.1973 0.1674 0.1366 0.1068 0.0769 0.0445 0.0052 -0.0533 -0.1455 -0.2419 -0.3060 -0.3415 -0.3587 -0.3644 -0.3628 -0.3564 -0.3468 -0.3351 -0.3219 -0.3078 -0.2931 -0.2779 -0.2624 -0.2464 -0.2298 -0.2122 -0.1927 -0.1699 -0.1400 -0.0863 0.0476 0.1975 0.2192 0.1966 0.1647 0.1328 0.1021 0.0710 0.0367 -0.0066 -0.0750 -0.1764 -0.2662 -0.3208 -0.3494 -0.3620 -0.3645 -0.3639
-0.3692 -0.3622 -0.3501 -0.3222 -0.2687 -0.1801 -0.0782 -0.0085 0.0354 0.0699 0.1009 0.1317 0.1635 0.1955 0.2188 0.1999 0.0543 -0.0831 -0.1387 -0.1690 -0.1921 -0.2116 -0.2293 -0.2459 -0.2619 -0.2775 -0.2927 -0.3075 -0.3216 -0.3349 -0.3467 -0.3563 -0.3628 -0.3645 -0.3587 -0.3415 -0.3059 -0.2414 -0.1446 -0.0525 0.0059 0.0451 0.0775 0.1074 0.1374 0.1684 0.1989 0.2190 0.2011 0.1165 0.0593 0.1165 0.2011 0.2190 0.1989 0.1684 0.1374 0.1074 0.0775 0.0451 0.0059 -0.0525 -0.1446 -0.2414 -0.3059 -0.3415 -0.3587 -0.3645 -0.3628 -0.3563 -0.3467 -0.3349 -0.3216 -0.3075 -0.2927 -0.2775 -0.2619 -0.2459 -0.2293 -0.2116 -0.1921 -0.1690 -0.1387 -0.0831 0.0543 0.1999 0.2188 0.1955 0.1635 0.1317 0.1009 0.0699 0.0354 -0.0085 -0.0782 -0.1801 -0.2687 -0.3222 -0.3501 -0.3622 -0.3692
-0.3690 -0.3507 -0.3236 -0.2712 -0.1838 -0.0814 -0.0105 0.0340 0.0687 0.0999 0.1305 0.1623 0.1944 0.2183 0.2020 0.0612 -0.0798 -0.1373 -0.1681 -0.1913 -0.2110 -0.2287 -0.2454 -0.2614 -0.2771 -0.2923 -0.3071 -0.3213 -0.3346 -0.3465 -0.3562 -0.3627 -0.3645 -0.3588 -0.3417 -0.3060 -0.2414 -0.1443 -0.0521 0.0063 0.0455 0.0779 0.1079 0.1379 0.1691 0.1998 0.2196 0.1956 0.0669 -0.0466 -0.0781 -0.0466 0.0669 0.1956 0.2196 0.1998 0.1691 0.1379 0.1079 0.0779 0.0455 0.0063 -0.0521 -0.1443 -0.2414 -0.3060 -0.3417 -0.3588 -0.3645 -0.3627 -0.3562 -0.3465 -0.3346 -0.3213 -0.3071 -0.2923 -0.2771 -0.2614 -0.2454 -0.2287 -0.2110 -0.1913 -0.1681 -0.1373 -0.0798 0.0612 0.2020 0.2183 0.1944 0.1623 0.1305 0.0999 0.0687 0.0340 -0.0105 -0.0814 -0.1838 -0.2712 -0.3236 -0.3507 -0.3690
-0.3604 -0.3249 -0.2737 -0.1876 -0.0847 -0.0124 0.0326 0.0676 0.0988 0.1294 0.1612 0.1933 0.2179 0.2040 0.0681 -0.0763 -0.1360 -0.1672 -0.1905 -0.2103 -0.2281 -0.2448 -0.2609 -0.2766 -0.2919 -0.3067 -0.3209 -0.3343 -0.3462 -0.3560 -0.3627 -0.3645 -0.3590 -0.3419 -0.3064 -0.2419 -0.1446 -0.0521 0.0064 0.0457 0.0782 0.1082 0.1384 0.1697 0.2004 0.2199 0.1927 0.0464 -0.0763 -0.1226 -0.1346 -0.1226 -0.0763 0.0464 0.1927 0.2199 0.2004 0.1697 0.1384 0.1082 0.0782 0.0457 0.0064 -0.0521 -0.1446 -0.2419 -0.3064 -0.3419 -0.3590 -0.3645 -0.3627 -0.3560 -0.3462 -0.3343 -0.3209 -0.3067 -0.2919 -0.2766 -0.2609 -0.2448 -0.2281 -0.2103 -0.1905 -0.1672 -0.1360 -0.0763 0.0681 0.2040 0.2179 0.1933 0.1612 0.1294 0.0988 0.0676 0.0326 -0.0124 -0.0847 -0.1876 -0.2737 -0.3249 -0.3604
-0.3384 -0.2760 -0.1913 -0.0880 -0.0144 0.0312 0.0664 0.0977 0.1283 0.1600 0.1922 0.2174 0.2060 0.0749 -0.0728 -0.1346 -0.1662 -0.1898 -0.2096 -0.2275 -0.2442 -0.2604 -0.2760 -0.2914 -0.3062 -0.3205 -0.3339 -0.3459 -0.3558 -0.3626 -0.3645 -0.3591 -0.3423 -0.3071 -0.2428 -0.1455 -0.0525 0.0063 0.0457 0.0782 0.1084 0.1386 0.1700 0.2008 0.2200 0.1910 0.0379 -0.0862 -0.1351 -0.1581 -0.1661 -0.1581 -0.1351 -0.0862 0.0379 0.1910 0.2200 0.2008 0.1700 0.1386 0.1084 0.0782 0.0457 0.0063 -0.0525 -0.1455 -0.2428 -0.3071 -0.3423 -0.3591 -0.3645 -0.3626 -0.3558 -0.3459 -0.3339 -0.3205 -0.3062 -0.2914 -0.2760 -0.2604 -0.2442 -0.2275 -0.2096 -0.1898 -0.1662 -0.1346 -0.0728 0.0749 0.2060 0.2174 0.1922 0.1600 0.1283 0.0977 0.0664 0.0312 -0.0144 -0.0880 -0.1913 -0.2760 -0.3384
-0.2943 -0.1948 -0.0914 -0.0165 0.0299 0.0652 0.0966 0.1272 0.1589 0.1911 0.2168 0.2077 0.0817 -0.0693 -0.1332 -0.1653 -0.1890 -0.2089 -0.2268 -0.2437 -0.2598 -0.2755 -0.2908 -0.3057 -0.3201 -0.3335 -0.3456 -0.3556 -0.3624 -0.3646 -0.3594 -0.3429 -0.3080 -0.2441 -0.1470 -0.0533 0.0059 0.0455 0.0782 0.1084 0.1387 0.1702 0.2010 0.2200 0.1899 0.0337 -0.0900 -0.1394 -0.1664 -0.1833 -0.1896 -0.1833 -0.1664 -0.1394 -0.0900 0.0337 0.1899 0.2200 0.2010 0.1702 0.1387 0.1084 0.0782 0.0455 0.0059 -0.0533 -0.1469 -0.2441 -0.3080 -0.3429 -0.3594 -0.3646 -0.3624 -0.3556 -0.3456 -0.3335 -0.3201 -0.3057 -0.2908 -0.2755 -0.2598 -0.2437 -0.2268 -0.2089 -0.1890 -0.1653 -0.1332 -0.0693 0.0817 0.2077 0.2168 0.1911 0.1589 0.1272 0.0966 0.0652 0.0299 -0.0165 -0.0914 -0.1948 -0.2943
-0.2163 -0.0948 -0.0186 0.0285 0.0641 0.0955 0.1261 0.1577 0.1900 0.2162 0.2093 0.0887 -0.0656 -0.1318 -0.1643 -0.1882 -0.2083 -0.2262 -0.2431 -0.2592 -0.2749 -0.2903 -0.3052 -0.3196 -0.3331 -0.3452 -0.3553 -0.3623 -0.3646 -0.3596 -0.3435 -0.3090 -0.2458 -0.1490 -0.0546 0.0052 0.0451 0.0779 0.1082 0.1386 0.1702 0.2011 0.2201 0.1891 0.0314 -0.0917 -0.1411 -0.1693 -0.1897 -0.2038 -0.2094 -0.2038 -0.1897 -0.1693 -0.1411 -0.0917 0.0314 0.1891 0.2201 0.2011 0.1702 0.1386 0.1082 0.0779 0.0451 0.0052 -0.0546 -0.1489 -0.2458 -0.3090 -0.3434 -0.3596 -0.3646 -0.3623 -0.3553 -0.3452 -0.3331 -0.3196 -0.3052 -0.2903 -0.2749 -0.2592 -0.2431 -0.2262 -0.2083 -0.1882 -0.1643 -0.1318 -0.0656 0.0887 0.2093 0.2162 0.1900 0.1577 0.1261 0.0955 0.0641 0.0285 -0.0186 -0.0948 -0.2163
-0.1099 -0.0207 0.0271 0.0629 0.0944 0.1250 0.1565 0.1888 0.2156 0.2108 0.0955 -0.0618 -0.1303 -0.1633 -0.1875 -0.2076 -0.2256 -0.2425 -0.2586 -0.2744 -0.2897 -0.3047 -0.3191 -0.3326 -0.3448 -0.3550 -0.3621 -0.3646 -0.3599 -0.3441 -0.3103 -0.2478 -0.1514 -0.0562 0.0044 0.0445 0.0775 0.1079 0.1384 0.1700 0.2010 0.2201 0.1889 0.0303 -0.0926 -0.1417 -0.1704 -0.1921 -0.2094 -0.2221 -0.2272 -0.2221 -0.2094 -0.1921 -0.1704 -0.1417 -0.0926 0.0303 0.1889 0.2201 0.2010 0.1700 0.1384 0.1079 0.0775 0.0445 0.0044 -0.0562 -0.1513 -0.2478 -0.3103 -0.3441 -0.3599 -0.3646 -0.3621 -0.3550 -0.3448 -0.3326 -0.3191 -0.3047 -0.2897 -0.2744 -0.2586 -0.2425 -0.2256 -0.2076 -0.1875 -0.1633 -0.1303 -0.0618 0.0955 0.2108 0.2156 0.1888 0.1565 0.1250 0.0944 0.0629 0.0271 -0.0207 -0.1099
-0.0241 0.0256 0.0617 0.0933 0.1239 0.1554 0.1877 0.2149 0.2122 0.1022 -0.0579 -0.1288 -0.1623 -0.1867 -0.2069 -0.2250 -0.2419 -0.2581 -0.2738 -0.2892 -0.3041 -0.3186 -0.3321 -0.3444 -0.3547 -0.3619 -0.3646 -0.3602 -0.3448 -0.3116 -0.2501 -0.1541 -0.0581 0.0033 0.0438 0.0769 0.1074 0.1379 0.1697 0.2008 0.2200 0.1891 0.0303 -0.0930 -0.1420 -0.1708 -0.1929 -0.2114 -0.2271 -0.2390 -0.2439 -0.2390 -0.2271 -0.2114 -0.1929 -0.1708 -0.1420 -0.0930 0.0303 0.1891 0.2200 0.2008 0.1697 0.1379 0.1074 0.0769 0.0438 0.0033 -0.0581 -0.1542 -0.2501 -0.3116 -0.3448 -0.3602 -0.3646 -0.3619 -0.3547 -0.3444 -0.3321 -0.3186 -0.3041 -0.2892 -0.2738 -0.2581 -0.2419 -0.2250 -0.2069 -0.1867 -0.1623 -0.1288 -0.0579 0.1022 0.2122 0.2149 0.1877 0.1554 0.1239 0.0933 0.0617 0.0256 -0.0241
0.0283 0.0605 0.0922 0.1227 0.1542 0.1865 0.2142 0.2134 0.1090 -0.0539 -0.1273 -0.1613 -0.1859 -0.2062 -0.2243 -0.2413 -0.2575 -0.2732 -0.2886 -0.3036 -0.3180 -0.3317 -0.3440 -0.3544 -0.3617 -0.3646 -0.3605 -0.3456 -0.3130 -0.2525 -0.1573 -0.0603 0.0020 0.0429 0.0762 0.1068 0.1374 0.1691 0.2004 0.2200 0.1899 0.0314 -0.0926 -0.1420 -0.1709 -0.1932 -0.2120 -0.2289 -0.2437 -0.2552 -0.2599 -0.2552 -0.2437 -0.2289 -0.2120 -0.1932 -0.1709 -0.1420 -0.0926 0.0314 0.1899 0.2200 0.2004 0.1691 0.1374 0.1068 0.0762 0.0429 0.0020 -0.0603 -0.1573 -0.2525 -0.3131 -0.3456 -0.3605 -0.3646 -0.3617 -0.3544 -0.3440 -0.3317 -0.3180 -0.3036 -0.2886 -0.2732 -0.2575 -0.2413 -0.2243 -0.2062 -0.1859 -0.1613 -0.1273 -0.0539 0.1090 0.2134 0.2142 0.1865 0.1542 0.1227 0.0922 0.0605 0.0283
0.0658 0.0910 0.1215 0.1530 0.1853 0.2134 0.2145 0.1161 -0.0494 -0.1256 -0.1602 -0.1850 -0.2055 -0.2237 -0.2406 -0.2569 -0.2727 -0.2880 -0.3030 -0.3175 -0.3312 -0.3436 -0.3540 -0.3615 -0.3646 -0.3609 -0.3464 -0.3146 -0.2552 -0.1609 -0.0629 0.0006 0.0418 0.0753 0.1060 0.1366 0.1684 0.1998 0.2199 0.1910 0.0337 -0.0917 -0.1417 -0.1708 -0.1932 -0.2122 -0.2294 -0.2453 -0.2596 -0.2708 -0.2755 -0.2708 -0.2596 -0.2453 -0.2294 -0.2122 -0.1932 -0.1708 -0.1417 -0.0917 0.0337 0.1910 0.2199 0.1998 0.1684 0.1366 0.1060 0.0753 0.0418 0.0006 -0.0629 -0.1609 -0.2552 -0.3147 -0.3464 -0.3609 -0.3646 -0.3615 -0.3540 -0.3436 -0.3312 -0.3175 -0.3030 -0.2880 -0.2727 -0.2569 -0.2406 -0.2237 -0.2055 -0.1850 -0.1602 -0.1256 -0.0495 0.1160 0.2145 0.2134 0.1853 0.1530 0.1215 0.0910 0.0658
0.0977 0.1201 0.1515 0.1838 0.2123 0.2156 0.1241 -0.0441 -0.1236 -0.1589 -0.1840 -0.2046 -0.2229 -0.2399 -0.2562 -0.2720 -0.2874 -0.3024 -0.3169 -0.3306 -0.3431 -0.3536 -0.3613 -0.3647 -0.3613 -0.3474 -0.3165 -0.2585 -0.1653 -0.0661 -0.0014 0.0404 0.0742 0.1049 0.1356 0.1674 0.1989 0.2196 0.1927 0.0379 -0.0900 -0.1411 -0.1704 -0.1929 -0.2120 -0.2294 -0.2457 -0.2610 -0.2750 -0.2860 -0.2906 -0.2860 -0.2750 -0.2610 -0.2457 -0.2294 -0.2120 -0.1929 -0.1704 -0.1411 -0.0900 0.0379 0.1927 0.2196 0.1989 0.1674 0.1356 0.1049 0.0742 0.0404 -0.0014 -0.0661 -0.1653 -0.2585 -0.3166 -0.3474 -0.3613 -0.3647 -0.3613 -0.3536 -0.3431 -0.3306 -0.3169 -0.3024 -0.2874 -0.2720 -0.2562 -0.2399 -0.2229 -0.2046 -0.1840 -0.1589 -0.1236 -0.0442 0.1240 0.2156 0.2124 0.1838 0.1515 0.1201 0.0977
0.1276 0.1492 0.1816 0.2107 0.2168 0.1357 -0.0360 -0.1205 -0.1570 -0.1825 -0.2033 -0.2218 -0.2388 -0.2551 -0.2710 -0.2864 -0.3015 -0.3160 -0.3298 -0.3424 -0.3531 -0.3611 -0.3648 -0.3619 -0.3489 -0.3194 -0.2633 -0.1718 -0.0710 -0.0043 0.0383 0.0724 0.1032 0.1339 0.1657 0.1973 0.2190 0.1955 0.0464 -0.0862 -0.1394 -0.1693 -0.1921 -0.2114 -0.2289 -0.2453 -0.2610 -0.2760 -0.2896 -0.3004 -0.3050 -0.3004 -0.2896 -0.2760 -0.2610 -0.2453 -0.2289 -0.2114 -0.1921 -0.1693 -0.1394 -0.0862 0.0464 0.1956 0.2190 0.1973 0.1657 0.1339 0.1032 0.0724 0.0383 -0.0043 -0.0710 -0.1718 -0.2633 -0.3194 -0.3489 -0.3620 -0.3648 -0.3611 -0.3531 -0.3424 -0.3298 -0.3160 -0.3015 -0.2864 -0.2710 -0.2551 -0.2388 -0.2218 -0.2033 -0.1825 -0.1570 -0.1205 -0.0360 0.1357 0.2168 0.2107 0.1816 0.1492 0.1276
0.1558 0.1770 0.2072 0.2181 0.1547 -0.0185 -0.1138 -0.1529 -0.1794 -0.2007 -0.2194 -0.2367 -0.2531 -0.2690 -0.2845 -0.2996 -0.3143 -0.3282 -0.3411 -0.3521 -0.3606 -0.3650 -0.3633 -0.3518 -0.3248 -0.2725 -0.1847 -0.0814 -0.0104 0.0341 0.0688 0.0998 0.1304 0.1621 0.1939 0.2175 0.2011 0.0669 -0.0763 -0.1351 -0.1664 -0.1897 -0.2094 -0.2271 -0.2437 -0.2596 -0.2750 -0.2896 -0.3031 -0.3136 -0.3179 -0.3136 -0.3031 -0.2896 -0.2750 -0.2596 -0.2437 -0.2271 -0.2094 -0.1897 -0.1664 -0.1351 -0.0763 0.0669 0.2011 0.2175 0.1939 0.1620 0.1304 0.0998 0.0688 0.0341 -0.0104 -0.0814 -0.1847 -0.2725 -0.3248 -0.3518 -0.3633 -0.3650 -0.3606 -0.3521 -0.3410 -0.3282 -0.3143 -0.2996 -0.2845 -0.2690 -0.2531 -0.2367 -0.2194 -0.2007 -0.1794 -0.1529 -0.1138 -0.0185 0.1548 0.2181 0.2072 0.1770 0.1558
0.1788 0.1982 0.2183 0.1862 0.0307 -0.0936 -0.1423 -0.1717 -0.1944 -0.2138 -0.2314 -0.2481 -0.2641 -0.2798 -0.2951 -0.3100 -0.3243 -0.3376 -0.3494 -0.3589 -0.3649 -0.3655 -0.3577 -0.3362 -0.2925 -0.2149 -0.1095 -0.0268 0.0230 0.0596 0.0913 0.1218 0.1531 0.1851 0.2125 0.2119 0.1165 -0.0467 -0.1226 -0.1581 -0.1833 -0.2038 -0.2221 -0.2390 -0.2552 -0.2708 -0.2860 -0.3004 -0.3136 -0.3237 -0.3279 -0.3237 -0.3136 -0.3004 -0.2860 -0.2708 -0.2551 -0.2390 -0.2221 -0.2038 -0.1833 -0.1581 -0.1226 -0.0466 0.1165 0.2119 0.2125 0.1851 0.1531 0.1218 0.0913 0.0596 0.0230 -0.0269 -0.1095 -0.2149 -0.2925 -0.3362 -0.3577 -0.3655 -0.3649 -0.3589 -0.3494 -0.3376 -0.3243 -0.3100 -0.2951 -0.2798 -0.2641 -0.2481 -0.2314 -0.2138 -0.1944 -0.1717 -0.1423 -0.0936 0.0307 0.1863 0.2183 0.1982 0.1787
0.1882 0.2060 0.2171 0.1523 -0.0182 -0.1115 -0.1516 -0.1786 -0.2001 -0.2189 -0.2363 -0.2528 -0.2687 -0.2843 -0.2996 -0.3144 -0.3285 -0.3415 -0.3528 -0.3616 -0.3664 -0.3650 -0.3539 -0.3270 -0.2742 -0.1848 -0.0799 -0.0089 0.0352 0.0698 0.1008 0.1315 0.1631 0.1947 0.2171 0.1963 0.0592 -0.0782 -0.1346 -0.1661 -0.1896 -0.2094 -0.2272 -0.2439 -0.2599 -0.2755 -0.2906 -0.3050 -0.3179 -0.3279 -0.3320 -0.3279 -0.3179 -0.3050 -0.2906 -0.2755 -0.2599 -0.2439 -0.2272 -0.2094 -0.1896 -0.1661 -0.1346 -0.0781 0.0593 0.1963 0.2171 0.1947 0.1631 0.1314 0.1008 0.0698 0.0352 -0.0090 -0.0800 -0.1848 -0.2742 -0.3270 -0.3539 -0.3650 -0.3664 -0.3616 -0.3528 -0.3415 -0.3285 -0.3144 -0.2996 -0.2843 -0.2687 -0.2528 -0.2363 -0.2189 -0.2001 -0.1786 -0.1516 -0.1115 -0.0182 0.1523 0.2171 0.2060 0.1882
