0.0137 0.0209 0.0325 0.0507 0.0791 0.1234 0.1926 0.3006 0.4691 0.7321 1.0000 1.0000 1.0000 1.0000 1.0000 1.0000 1.0000 1.0000 1.0000 1.0000 0.0000 0.0000 0.0001 0.0001 0.0002 0.0003 0.0004 0.0007 0.0011 0.0016 0.0026 0.0040 0.0062 0.0097 0.0152 0.0237 0.0371 0.0579 0.0904 0.1410 0.2201 0.3434 0.5359 0.8363 1.0000 1.0000 1.0000 1.0000 1.0000 1.0000 1.0000 1.0000 1.0000 1.0000 1.0000 1.0000 1.0000 0.8363 0.5359 0.3434 0.2201 0.1410 0.0904 0.0579 0.0371 0.0237 0.0152 0.0097 0.0062 0.0040 0.0026 0.0016 0.0011 0.0007 0.0004 0.0003 0.0002 0.0001 0.0001 0.0000 0.0000 1.0000 1.0000 1.0000 1.0000 1.0000 1.0000 1.0000 1.0000 1.0000 1.0000 0.7321 0.4691 0.3006 0.1926 0.1234 0.0791 0.0507 0.0325 0.0209 0.0137
0.0209 0.0324 0.0507 0.0793 0.1237 0.1934 0.3018 0.4709 0.7348 1.0000 1.0000 1.0000 1.0000 1.0000 1.0000 1.0000 1.0000 1.0000 1.0000 0.0000 0.0000 0.0001 0.0001 0.0002 0.0003 0.0004 0.0007 0.0011 0.0016 0.0026 0.0040 0.0063 0.0098 0.0153 0.0238 0.0372 0.0581 0.0907 0.1416 0.2209 0.3447 0.5380 0.8395 1.0000 1.0000 1.0000 1.0000 1.0000 1.0000 1.0000 1.0000 1.0000 1.0000 1.0000 1.0000 1.0000 1.0000 1.0000 0.8395 0.5380 0.3447 0.2209 0.1416 0.0907 0.0581 0.0372 0.0238 0.0153 0.0098 0.0063 0.0040 0.0026 0.0016 0.0011 0.0007 0.0004 0.0003 0.0002 0.0001 0.0001 0.0000 0.0000 1.0000 1.0000 1.0000 1.0000 1.0000 1.0000 1.0000 1.0000 1.0000 1.0000 0.7348 0.4709 0.3018 0.1934 0.1237 0.0793 0.0507 0.0324 0.0209
0.0325 0.0507 0.0797 0.1249 0.1956 0.3058 0.4772 0.7461 1.0000 1.0000 1.0000 1.0000 1.0000 1.0000 1.0000 1.0000 1.0000 1.0000 0.0000 0.0000 0.0001 0.0001 0.0002 0.0003 0.0004 0.0007 0.0011 0.0017 0.0026 0.0041 0.0064 0.0100 0.0155 0.0242 0.0378 0.0590 0.0921 0.1437 0.2243 0.3500 0.5462 0.8524 1.0000 1.0000 1.0000 1.0000 1.0000 1.0000 1.0000 1.0000 1.0000 1.0000 1.0000 1.0000 1.0000 1.0000 1.0000 1.0000 1.0000 0.8524 0.5462 0.3500 0.2243 0.1437 0.0921 0.0590 0.0378 0.0242 0.0155 0.0100 0.0064 0.0041 0.0026 0.0017 0.0011 0.0007 0.0004 0.0003 0.0002 0.0001 0.0001 0.0000 0.0000 1.0000 1.0000 1.0000 1.0000 1.0000 1.0000 1.0000 1.0000 1.0000 1.0000 0.7461 0.4772 0.3058 0.1956 0.1249 0.0797 0.0507 0.0325
0.0507 0.0793 0.1249 0.1963 0.3081 0.4827 0.7547 1.0000 1.0000 1.0000 1.0000 1.0000 1.0000 1.0000 1.0000 1.0000 1.0000 0.0000 0.0000 0.0001 0.0001 0.0002 0.0003 0.0004 0.0007 0.0011 0.0017 0.0027 0.0042 0.0065 0.0101 0.0158 0.0247 0.0385 0.0600 0.0937 0.1462 0.2282 0.3561 0.5556 0.8671 1.0000 1.0000 1.0000 1.0000 1.0000 1.0000 1.0000 1.0000 1.0000 1.0000 1.0000 1.0000 1.0000 1.0000 1.0000 1.0000 1.0000 1.0000 1.0000 0.8671 0.5556 0.3561 0.2282 0.1462 0.0937 0.0600 0.0385 0.0247 0.0158 0.0101 0.0065 0.0042 0.0027 0.0017 0.0011 0.0007 0.0004 0.0003 0.0002 0.0001 0.0001 0.0000 0.0000 1.0000 1.0000 1.0000 1.0000 1.0000 1.0000 1.0000 1.0000 1.0000 1.0000 0.7547 0.4827 0.3081 0.1963 0.1249 0.0793 0.0507
0.0791 0.1237 0.1956 0.3081 0.4845 0.7604 1.0000 1.0000 1.0000 1.0000 1.0000 1.0000 1.0000 1.0000 1.0000 1.0000 0.0000 0.0000 0.0001 0.0001 0.0002 0.0003 0.0005 0.0007 0.0011 0.0017 0.0027 0.0042 0.0066 0.0103 0.0161 0.0251 0.0391 0.0611 0.0953 0.1487 0.2321 0.3622 0.5652 0.8820 1.0000 1.0000 1.0000 1.0000 1.0000 1.0000 1.0000 1.0000 1.0000 1.0000 0.0000 1.0000 1.0000 1.0000 1.0000 1.0000 1.0000 1.0000 1.0000 1.0000 1.0000 0.8820 0.5652 0.3622 0.2321 0.1487 0.0953 0.0611 0.0391 0.0251 0.0161 0.0103 0.0066 0.0042 0.0027 0.0017 0.0011 0.0007 0.0005 0.0003 0.0002 0.0001 0.0001 0.0000 0.0000 1.0000 1.0000 1.0000 1.0000 1.0000 1.0000 1.0000 1.0000 1.0000 1.0000 0.7604 0.4845 0.3081 0.1956 0.1237 0.0791
0.1234 0.1934 0.3058 0.4827 0.7604 1.0000 1.0000 1.0000 1.0000 1.0000 1.0000 1.0000 1.0000 1.0000 1.0000 0.0000 0.0001 0.0001 0.0001 0.0002 0.0003 0.0005 0.0007 0.0011 0.0018 0.0028 0.0043 0.0067 0.0105 0.0163 0.0255 0.0397 0.0621 0.0970 0.1513 0.2361 0.3685 0.5750 0.8973 1.0000 1.0000 1.0000 1.0000 1.0000 1.0000 1.0000 1.0000 1.0000 0.0000 0.0000 0.0000 0.0000 0.0000 1.0000 1.0000 1.0000 1.0000 1.0000 1.0000 1.0000 1.0000 1.0000 0.8973 0.5750 0.3685 0.2361 0.1513 0.0970 0.0621 0.0397 0.0255 0.0163 0.0105 0.0067 0.0043 0.0028 0.0018 0.0011 0.0007 0.0005 0.0003 0.0002 0.0001 0.0001 0.0001 0.0000 1.0000 1.0000 1.0000 1.0000 1.0000 1.0000 1.0000 1.0000 1.0000 1.0000 0.7604 0.4827 0.3058 0.1934 0.1234
0.1926 0.3018 0.4772 0.7547 1.0000 1.0000 1.0000 1.0000 1.0000 1.0000 1.0000 1.0000 1.0000 0.0000 0.0000 0.0001 0.0001 0.0001 0.0002 0.0003 0.0005 0.0007 0.0011 0.0018 0.0028 0.0044 0.0068 0.0106 0.0166 0.0259 0.0404 0.0631 0.0984 0.1536 0.2397 0.3741 0.5838 0.9110 1.0000 1.0000 1.0000 1.0000 1.0000 1.0000 1.0000 1.0000 1.0000 0.0000 0.0000 0.0000 0.0001 0.0000 0.0000 0.0000 1.0000 1.0000 1.0000 1.0000 1.0000 1.0000 1.0000 1.0000 1.0000 0.9110 0.5838 0.3741 0.2397 0.1536 0.0984 0.0631 0.0404 0.0259 0.0166 0.0106 0.0068 0.0044 0.0028 0.0018 0.0011 0.0007 0.0005 0.0003 0.0002 0.0001 0.0001 0.0001 0.0000 0.0000 1.0000 1.0000 1.0000 1.0000 1.0000 1.0000 1.0000 1.0000 1.0000 0.7547 0.4772 0.3018 0.1926
0.3006 0.4709 0.7461 1.0000 1.0000 1.0000 1.0000 1.0000 1.0000 1.0000 1.0000 1.0000 0.0000 0.0000 0.0001 0.0001 0.0001 0.0002 0.0003 0.0005 0.0007 0.0012 0.0018 0.0028 0.0044 0.0069 0.0108 0.0169 0.0264 0.0411 0.0642 0.1001 0.1563 0.2439 0.3806 0.5939 0.9267 1.0000 1.0000 1.0000 1.0000 1.0000 1.0000 1.0000 1.0000 1.0000 0.0000 0.0000 0.0001 0.0001 0.0001 0.0001 0.0001 0.0000 0.0000 1.0000 1.0000 1.0000 1.0000 1.0000 1.0000 1.0000 1.0000 1.0000 0.9267 0.5939 0.3806 0.2439 0.1563 0.1001 0.0642 0.0411 0.0264 0.0169 0.0108 0.0069 0.0044 0.0028 0.0018 0.0012 0.0007 0.0005 0.0003 0.0002 0.0001 0.0001 0.0001 0.0000 0.0000 1.0000 1.0000 1.0000 1.0000 1.0000 1.0000 1.0000 1.0000 1.0000 0.7461 0.4709 0.3006
0.4691 0.7348 1.0000 1.0000 1.0000 1.0000 1.0000 1.0000 1.0000 1.0000 1.0000 0.0000 0.0000 0.0001 0.0001 0.0001 0.0002 0.0003 0.0005 0.0008 0.0012 0.0019 0.0029 0.0045 0.0071 0.0110 0.0172 0.0268 0.0418 0.0653 0.1019 0.1590 0.2481 0.3871 0.6041 0.9427 1.0000 1.0000 1.0000 1.0000 1.0000 1.0000 1.0000 1.0000 1.0000 0.0000 0.0000 0.0001 0.0001 0.0001 0.0001 0.0001 0.0001 0.0001 0.0000 0.0000 1.0000 1.0000 1.0000 1.0000 1.0000 1.0000 1.0000 1.0000 1.0000 0.9427 0.6041 0.3871 0.2481 0.1590 0.1019 0.0653 0.0418 0.0268 0.0172 0.0110 0.0071 0.0045 0.0029 0.0019 0.0012 0.0008 0.0005 0.0003 0.0002 0.0001 0.0001 0.0001 0.0000 0.0000 1.0000 1.0000 1.0000 1.0000 1.0000 1.0000 1.0000 1.0000 1.0000 0.7348 0.4691
0.7321 1.0000 1.0000 1.0000 1.0000 1.0000 1.0000 1.0000 1.0000 1.0000 0.0000 0.0000 0.0001 0.0001 0.0001 0.0002 0.0003 0.0005 0.0008 0.0012 0.0019 0.0029 0.0046 0.0072 0.0112 0.0174 0.0272 0.0425 0.0663 0.1034 0.1617 0.2524 0.3938 0.6146 0.9590 1.0000 1.0000 1.0000 1.0000 1.0000 1.0000 1.0000 1.0000 1.0000 0.0000 0.0000 0.0001 0.0001 0.0001 0.0002 0.0002 0.0002 0.0001 0.0001 0.0001 0.0000 0.0000 1.0000 1.0000 1.0000 1.0000 1.0000 1.0000 1.0000 1.0000 1.0000 0.9590 0.6146 0.3938 0.2524 0.1617 0.1034 0.0663 0.0425 0.0272 0.0174 0.0112 0.0072 0.0046 0.0029 0.0019 0.0012 0.0008 0.0005 0.0003 0.0002 0.0001 0.0001 0.0001 0.0000 0.0000 1.0000 1.0000 1.0000 1.0000 1.0000 1.0000 1.0000 1.0000 1.0000 0.7321
1.0000 1.0000 1.0000 1.0000 1.0000 1.0000 1.0000 1.0000 1.0000 0.0000 0.0000 0.0001 0.0001 0.0001 0.0002 0.0003 0.0005 0.0008 0.0012 0.0019 0.0030 0.0047 0.0073 0.0114 0.0177 0.0277 0.0432 0.0674 0.1052 0.1642 0.2562 0.3998 0.6240 0.9737 1.0000 1.0000 1.0000 1.0000 1.0000 1.0000 1.0000 1.0000 1.0000 0.0000 0.0000 0.0001 0.0001 0.0001 0.0002 0.0003 0.0004 0.0003 0.0002 0.0001 0.0001 0.0001 0.0000 0.0000 1.0000 1.0000 1.0000 1.0000 1.0000 1.0000 1.0000 1.0000 1.0000 0.9737 0.6240 0.3998 0.2562 0.1642 0.1052 0.0674 0.0432 0.0277 0.0177 0.0114 0.0073 0.0047 0.0030 0.0019 0.0012 0.0008 0.0005 0.0003 0.0002 0.0001 0.0001 0.0001 0.0000 0.0000 1.0000 1.0000 1.0000 1.0000 1.0000 1.0000 1.0000 1.0000 1.0000
1.0000 1.0000 1.0000 1.0000 1.0000 1.0000 1.0000 1.0000 0.0000 0.0000 0.0001 0.0001 0.0001 0.0002 0.0003 0.0005 0.0008 0.0012 0.0019 0.0030 0.0047 0.0074 0.0115 0.0180 0.0282 0.0440 0.0686 0.1070 0.1670 0.2606 0.4068 0.6347 0.9905 1.0000 1.0000 1.0000 1.0000 1.0000 1.0000 1.0000 1.0000 1.0000 0.0000 0.0000 0.0001 0.0001 0.0002 0.0002 0.0004 0.0005 0.0006 0.0005 0.0004 0.0002 0.0002 0.0001 0.0001 0.0000 0.0000 1.0000 1.0000 1.0000 1.0000 1.0000 1.0000 1.0000 1.0000 1.0000 0.9905 0.6347 0.4068 0.2606 0.1670 0.1070 0.0686 0.0440 0.0282 0.0180 0.0115 0.0074 0.0047 0.0030 0.0019 0.0012 0.0008 0.0005 0.0003 0.0002 0.0001 0.0001 0.0001 0.0000 0.0000 1.0000 1.0000 1.0000 1.0000 1.0000 1.0000 1.0000 1.0000
1.0000 1.0000 1.0000 1.0000 1.0000 1.0000 1.0000 0.0000 0.0000 0.0001 0.0001 0.0001 0.0002 0.0003 0.0005 0.0008 0.0012 0.0020 0.0031 0.0048 0.0075 0.0117 0.0183 0.0286 0.0446 0.0698 0.1089 0.1699 0.2651 0.4138 0.6457 1.0000 1.0000 1.0000 1.0000 1.0000 1.0000 1.0000 1.0000 1.0000 1.0000 0.0000 0.0000 0.0001 0.0001 0.0002 0.0002 0.0004 0.0006 0.0008 0.0009 0.0008 0.0006 0.0004 0.0002 0.0002 0.0001 0.0001 0.0000 0.0000 1.0000 1.0000 1.0000 1.0000 1.0000 1.0000 1.0000 1.0000 1.0000 1.0000 0.6457 0.4138 0.2651 0.1699 0.1089 0.0698 0.0446 0.0286 0.0183 0.0117 0.0075 0.0048 0.0031 0.0020 0.0012 0.0008 0.0005 0.0003 0.0002 0.0001 0.0001 0.0001 0.0000 0.0000 1.0000 1.0000 1.0000 1.0000 1.0000 1.0000 1.0000
1.0000 1.0000 1.0000 1.0000 1.0000 1.0000 0.0000 0.0000 0.0001 0.0001 0.0001 0.0002 0.0003 0.0005 0.0008 0.0013 0.0020 0.0031 0.0048 0.0076 0.0119 0.0185 0.0290 0.0453 0.0708 0.1105 0.1725 0.2692 0.4209 0.6569 1.0000 1.0000 1.0000 1.0000 1.0000 1.0000 1.0000 1.0000 1.0000 1.0000 0.0000 0.0000 0.0001 0.0001 0.0002 0.0002 0.0004 0.0006 0.0009 0.0012 0.0014 0.0012 0.0009 0.0006 0.0004 0.0002 0.0002 0.0001 0.0001 0.0000 0.0000 1.0000 1.0000 1.0000 1.0000 1.0000 1.0000 1.0000 1.0000 1.0000 1.0000 0.6569 0.4209 0.2692 0.1725 0.1105 0.0708 0.0453 0.0290 0.0185 0.0119 0.0076 0.0048 0.0031 0.0020 0.0013 0.0008 0.0005 0.0003 0.0002 0.0001 0.0001 0.0001 0.0000 0.0000 1.0000 1.0000 1.0000 1.0000 1.0000 1.0000
1.0000 1.0000 1.0000 1.0000 1.0000 1.0000 0.0000 0.0001 0.0001 0.0001 0.0002 0.0003 0.0005 0.0008 0.0013 0.0020 0.0031 0.0049 0.0076 0.0120 0.0187 0.0293 0.0459 0.0718 0.1120 0.1752 0.2739 0.4274 0.6669 1.0000 1.0000 1.0000 1.0000 1.0000 1.0000 1.0000 1.0000 1.0000 1.0000 0.0000 0.0000 0.0001 0.0001 0.0002 0.0003 0.0004 0.0006 0.0009 0.0014 0.0020 0.0023 0.0020 0.0014 0.0009 0.0006 0.0004 0.0003 0.0002 0.0001 0.0001 0.0000 0.0000 1.0000 1.0000 1.0000 1.0000 1.0000 1.0000 1.0000 1.0000 1.0000 1.0000 0.6669 0.4274 0.2739 0.1752 0.1120 0.0718 0.0459 0.0293 0.0187 0.0120 0.0076 0.0049 0.0031 0.0020 0.0013 0.0008 0.0005 0.0003 0.0002 0.0001 0.0001 0.0001 0.0000 1.0000 1.0000 1.0000 1.0000 1.0000 1.0000
1.0000 1.0000 1.0000 1.0000 1.0000 0.0000 0.0001 0.0001 0.0001 0.0002 0.0003 0.0005 0.0008 0.0013 0.0020 0.0031 0.0049 0.0077 0.0121 0.0189 0.0296 0.0464 0.0726 0.1135 0.1775 0.2775 0.4339 0.6771 1.0000 1.0000 1.0000 1.0000 1.0000 1.0000 1.0000 1.0000 1.0000 1.0000 0.0000 0.0000 0.0001 0.0001 0.0002 0.0003 0.0004 0.0006 0.0010 0.0015 0.0023 0.0031 0.0036 0.0031 0.0023 0.0015 0.0010 0.0006 0.0004 0.0003 0.0002 0.0001 0.0001 0.0000 0.0000 1.0000 1.0000 1.0000 1.0000 1.0000 1.0000 1.0000 1.0000 1.0000 1.0000 0.6771 0.4339 0.2775 0.1775 0.1135 0.0726 0.0464 0.0296 0.0189 0.0121 0.0077 0.0049 0.0031 0.0020 0.0013 0.0008 0.0005 0.0003 0.0002 0.0001 0.0001 0.0001 0.0000 1.0000 1.0000 1.0000 1.0000 1.0000
1.0000 1.0000 1.0000 1.0000 0.0000 0.0001 0.0001 0.0001 0.0002 0.0003 0.0005 0.0008 0.0012 0.0020 0.0031 0.0049 0.0077 0.0121 0.0190 0.0298 0.0468 0.0733 0.1146 0.1795 0.2813 0.4397 0.6862 1.0000 1.0000 1.0000 1.0000 1.0000 1.0000 1.0000 1.0000 1.0000 1.0000 0.0000 0.0000 0.0001 0.0001 0.0002 0.0003 0.0004 0.0006 0.0010 0.0015 0.0024 0.0036 0.0050 0.0057 0.0050 0.0036 0.0024 0.0015 0.0010 0.0006 0.0004 0.0003 0.0002 0.0001 0.0001 0.0000 0.0000 1.0000 1.0000 1.0000 1.0000 1.0000 1.0000 1.0000 1.0000 1.0000 1.0000 0.6862 0.4397 0.2813 0.1795 0.1146 0.0733 0.0468 0.0298 0.0190 0.0121 0.0077 0.0049 0.0031 0.0020 0.0012 0.0008 0.0005 0.0003 0.0002 0.0001 0.0001 0.0001 0.0000 1.0000 1.0000 1.0000 1.0000
1.0000 1.0000 1.0000 0.0000 0.0000 0.0001 0.0001 0.0002 0.0003 0.0005 0.0008 0.0012 0.0020 0.0031 0.0049 0.0077 0.0121 0.0190 0.0299 0.0470 0.0737 0.1157 0.1813 0.2839 0.4448 0.6954 1.0000 1.0000 1.0000 1.0000 1.0000 1.0000 1.0000 1.0000 1.0000 1.0000 0.0000 0.0000 0.0001 0.0001 0.0002 0.0003 0.0004 0.0006 0.0010 0.0016 0.0025 0.0038 0.0057 0.0079 0.0091 0.0079 0.0057 0.0038 0.0025 0.0016 0.0010 0.0006 0.0004 0.0003 0.0002 0.0001 0.0001 0.0000 0.0000 1.0000 1.0000 1.0000 1.0000 1.0000 1.0000 1.0000 1.0000 1.0000 1.0000 0.6954 0.4448 0.2839 0.1813 0.1157 0.0737 0.0470 0.0299 0.0190 0.0121 0.0077 0.0049 0.0031 0.0020 0.0012 0.0008 0.0005 0.0003 0.0002 0.0001 0.0001 0.0000 0.0000 1.0000 1.0000 1.0000
1.0000 1.0000 0.0000 0.0000 0.0001 0.0001 0.0002 0.0003 0.0005 0.0008 0.0012 0.0019 0.0031 0.0048 0.0076 0.0121 0.0190 0.0299 0.0471 0.0740 0.1164 0.1823 0.2861 0.4482 0.7021 1.0000 1.0000 1.0000 1.0000 1.0000 1.0000 1.0000 1.0000 1.0000 1.0000 0.0000 0.0000 0.0001 0.0001 0.0002 0.0003 0.0004 0.0007 0.0010 0.0016 0.0025 0.0039 0.0060 0.0090 0.0126 0.0145 0.0126 0.0090 0.0060 0.0039 0.0025 0.0016 0.0010 0.0007 0.0004 0.0003 0.0002 0.0001 0.0001 0.0000 0.0000 1.0000 1.0000 1.0000 1.0000 1.0000 1.0000 1.0000 1.0000 1.0000 1.0000 0.7021 0.4482 0.2861 0.1823 0.1164 0.0740 0.0471 0.0299 0.0190 0.0121 0.0076 0.0048 0.0031 0.0019 0.0012 0.0008 0.0005 0.0003 0.0002 0.0001 0.0001 0.0000 0.0000 1.0000 1.0000
1.0000 0.0000 0.0000 0.0001 0.0001 0.0002 0.0003 0.0005 0.0008 0.0012 0.0019 0.0030 0.0048 0.0076 0.0120 0.0189 0.0298 0.0470 0.0740 0.1164 0.1830 0.2877 0.4516 0.7074 1.0000 1.0000 1.0000 1.0000 1.0000 1.0000 1.0000 1.0000 1.0000 1.0000 0.0000 0.0000 0.0001 0.0001 0.0002 0.0003 0.0004 0.0007 0.0010 0.0016 0.0025 0.0040 0.0062 0.0095 0.0143 0.0199 0.0230 0.0199 0.0143 0.0095 0.0062 0.0040 0.0025 0.0016 0.0010 0.0007 0.0004 0.0003 0.0002 0.0001 0.0001 0.0000 0.0000 1.0000 1.0000 1.0000 1.0000 1.0000 1.0000 1.0000 1.0000 1.0000 1.0000 0.7074 0.4516 0.2877 0.1830 0.1164 0.0740 0.0470 0.0298 0.0189 0.0120 0.0076 0.0048 0.0030 0.0019 0.0012 0.0008 0.0005 0.0003 0.0002 0.0001 0.0001 0.0000 0.0000 1.0000
0.0000 0.0000 0.0001 0.0001 0.0002 0.0003 0.0005 0.0007 0.0012 0.0019 0.0030 0.0047 0.0075 0.0119 0.0187 0.0296 0.0468 0.0737 0.1164 0.1830 0.2883 0.4525 0.7115 1.0000 1.0000 1.0000 1.0000 1.0000 1.0000 1.0000 1.0000 1.0000 1.0000 0.0000 0.0000 0.0001 0.0001 0.0002 0.0003 0.0004 0.0007 0.0011 0.0017 0.0026 0.0040 0.0063 0.0098 0.0151 0.0227 0.0316 0.0365 0.0316 0.0227 0.0151 0.0098 0.0063 0.0040 0.0026 0.0017 0.0011 0.0007 0.0004 0.0003 0.0002 0.0001 0.0001 0.0000 0.0000 1.0000 1.0000 1.0000 1.0000 1.0000 1.0000 1.0000 1.0000 1.0000 1.0000 0.7115 0.4525 0.2883 0.1830 0.1164 0.0737 0.0468 0.0296 0.0187 0.0119 0.0075 0.0047 0.0030 0.0019 0.0012 0.0007 0.0005 0.0003 0.0002 0.0001 0.0001 0.0000 0.0000
0.0000 0.0001 0.0001 0.0002 0.0003 0.0005 0.0007 0.0012 0.0019 0.0029 0.0047 0.0074 0.0117 0.0185 0.0293 0.0464 0.0733 0.1157 0.1823 0.2877 0.4525 0.7128 1.0000 1.0000 1.0000 1.0000 1.0000 1.0000 1.0000 1.0000 1.0000 1.0000 0.0000 0.0000 0.0001 0.0001 0.0002 0.0003 0.0004 0.0007 0.0011 0.0017 0.0026 0.0041 0.0064 0.0100 0.0155 0.0240 0.0360 0.0501 0.0578 0.0501 0.0360 0.0240 0.0155 0.0100 0.0064 0.0041 0.0026 0.0017 0.0011 0.0007 0.0004 0.0003 0.0002 0.0001 0.0001 0.0000 0.0000 1.0000 1.0000 1.0000 1.0000 1.0000 1.0000 1.0000 1.0000 1.0000 1.0000 0.7128 0.4525 0.2877 0.1823 0.1157 0.0733 0.0464 0.0293 0.0185 0.0117 0.0074 0.0047 0.0029 0.0019 0.0012 0.0007 0.0005 0.0003 0.0002 0.0001 0.0001 0.0000
0.0001 0.0001 0.0002 0.0003 0.0005 0.0007 0.0011 0.0018 0.0029 0.0046 0.0073 0.0115 0.0183 0.0290 0.0459 0.0726 0.1146 0.1813 0.2861 0.4516 0.7115 1.0000 1.0000 1.0000 1.0000 1.0000 1.0000 1.0000 1.0000 1.0000 1.0000 0.0000 0.0000 0.0001 0.0001 0.0002 0.0003 0.0005 0.0007 0.0011 0.0017 0.0027 0.0042 0.0065 0.0102 0.0158 0.0247 0.0380 0.0571 0.0796 0.0918 0.0796 0.0571 0.0380 0.0247 0.0158 0.0102 0.0065 0.0042 0.0027 0.0017 0.0011 0.0007 0.0005 0.0003 0.0002 0.0001 0.0001 0.0000 0.0000 1.0000 1.0000 1.0000 1.0000 1.0000 1.0000 1.0000 1.0000 1.0000 1.0000 0.7115 0.4516 0.2861 0.1813 0.1146 0.0726 0.0459 0.0290 0.0183 0.0115 0.0073 0.0046 0.0029 0.0018 0.0011 0.0007 0.0005 0.0003 0.0002 0.0001 0.0001
0.0001 0.0002 0.0003 0.0004 0.0007 0.0011 0.0018 0.0028 0.0045 0.0072 0.0114 0.0180 0.0286 0.0453 0.0718 0.1135 0.1795 0.2839 0.4482 0.7074 1.0000 1.0000 1.0000 1.0000 1.0000 1.0000 1.0000 1.0000 1.0000 1.0000 0.0000 0.0000 0.0001 0.0001 0.0002 0.0003 0.0005 0.0007 0.0011 0.0017 0.0027 0.0042 0.0066 0.0103 0.0161 0.0251 0.0391 0.0604 0.0907 0.1263 0.1457 0.1263 0.0907 0.0604 0.0391 0.0251 0.0161 0.0103 0.0066 0.0042 0.0027 0.0017 0.0011 0.0007 0.0005 0.0003 0.0002 0.0001 0.0001 0.0000 0.0000 1.0000 1.0000 1.0000 1.0000 1.0000 1.0000 1.0000 1.0000 1.0000 1.0000 0.7074 0.4482 0.2839 0.1795 0.1135 0.0718 0.0453 0.0286 0.0180 0.0114 0.0072 0.0045 0.0028 0.0018 0.0011 0.0007 0.0004 0.0003 0.0002 0.0001
0.0002 0.0003 0.0004 0.0007 0.0011 0.0018 0.0028 0.0044 0.0071 0.0112 0.0177 0.0282 0.0446 0.0708 0.1120 0.1775 0.2813 0.4448 0.7021 1.0000 1.0000 1.0000 1.0000 1.0000 1.0000 1.0000 1.0000 1.0000 1.0000 0.0000 0.0000 0.0001 0.0001 0.0002 0.0003 0.0005 0.0007 0.0011 0.0018 0.0028 0.0043 0.0067 0.0105 0.0164 0.0256 0.0399 0.0620 0.0957 0.1440 0.2005 0.2312 0.2005 0.1440 0.0957 0.0620 0.0399 0.0256 0.0164 0.0105 0.0067 0.0043 0.0028 0.0018 0.0011 0.0007 0.0005 0.0003 0.0002 0.0001 0.0001 0.0000 0.0000 1.0000 1.0000 1.0000 1.0000 1.0000 1.0000 1.0000 1.0000 1.0000 1.0000 0.7021 0.4448 0.2813 0.1775 0.1120 0.0708 0.0446 0.0282 0.0177 0.0112 0.0071 0.0044 0.0028 0.0018 0.0011 0.0007 0.0004 0.0003 0.0002
0.0003 0.0004 0.0007 0.0011 0.0017 0.0028 0.0044 0.0069 0.0110 0.0174 0.0277 0.0440 0.0698 0.1105 0.1752 0.2775 0.4397 0.6954 1.0000 1.0000 1.0000 1.0000 1.0000 1.0000 1.0000 1.0000 1.0000 1.0000 0.0000 0.0000 0.0001 0.0001 0.0002 0.0003 0.0005 0.0007 0.0011 0.0018 0.0028 0.0044 0.0068 0.0107 0.0167 0.0260 0.0406 0.0632 0.0984 0.1519 0.2286 0.3177 0.3664 0.3177 0.2286 0.1519 0.0984 0.0632 0.0406 0.0260 0.0167 0.0107 0.0068 0.0044 0.0028 0.0018 0.0011 0.0007 0.0005 0.0003 0.0002 0.0001 0.0001 0.0000 0.0000 1.0000 1.0000 1.0000 1.0000 1.0000 1.0000 1.0000 1.0000 1.0000 1.0000 0.6954 0.4397 0.2775 0.1752 0.1105 0.0698 0.0440 0.0277 0.0174 0.0110 0.0069 0.0044 0.0028 0.0017 0.0011 0.0007 0.0004 0.0003
0.0004 0.0007 0.0011 0.0017 0.0027 0.0043 0.0068 0.0108 0.0172 0.0272 0.0432 0.0686 0.1089 0.1725 0.2739 0.4339 0.6862 1.0000 1.0000 1.0000 1.0000 1.0000 1.0000 1.0000 1.0000 1.0000 1.0000 0.0000 0.0000 0.0001 0.0001 0.0002 0.0003 0.0005 0.0007 0.0012 0.0018 0.0028 0.0044 0.0069 0.0108 0.0169 0.0264 0.0413 0.0644 0.1003 0.1563 0.2411 0.3622 0.5043 0.5816 0.5043 0.3622 0.2411 0.1563 0.1003 0.0644 0.0413 0.0264 0.0169 0.0108 0.0069 0.0044 0.0028 0.0018 0.0012 0.0007 0.0005 0.0003 0.0002 0.0001 0.0001 0.0000 0.0000 1.0000 1.0000 1.0000 1.0000 1.0000 1.0000 1.0000 1.0000 1.0000 1.0000 0.6862 0.4339 0.2739 0.1725 0.1089 0.0686 0.0432 0.0272 0.0172 0.0108 0.0068 0.0043 0.0027 0.0017 0.0011 0.0007 0.0004
0.0007 0.0011 0.0017 0.0027 0.0042 0.0067 0.0106 0.0169 0.0268 0.0425 0.0674 0.1070 0.1699 0.2692 0.4274 0.6771 1.0000 1.0000 1.0000 1.0000 1.0000 1.0000 1.0000 1.0000 1.0000 1.0000 0.0000 0.0000 0.0001 0.0001 0.0002 0.0003 0.0005 0.0007 0.0012 0.0018 0.0029 0.0045 0.0070 0.0110 0.0172 0.0268 0.0419 0.0654 0.1021 0.1593 0.2476 0.3827 0.5750 0.8005 0.9232 0.8005 0.5750 0.3827 0.2476 0.1593 0.1021 0.0654 0.0419 0.0268 0.0172 0.0110 0.0070 0.0045 0.0029 0.0018 0.0012 0.0007 0.0005 0.0003 0.0002 0.0001 0.0001 0.0000 0.0000 1.0000 1.0000 1.0000 1.0000 1.0000 1.0000 1.0000 1.0000 1.0000 1.0000 0.6771 0.4274 0.2692 0.1699 0.1070 0.0674 0.0425 0.0268 0.0169 0.0106 0.0067 0.0042 0.0027 0.0017 0.0011 0.0007
0.0011 0.0016 0.0026 0.0042 0.0066 0.0105 0.0166 0.0264 0.0418 0.0663 0.1052 0.1670 0.2651 0.4209 0.6669 1.0000 1.0000 1.0000 1.0000 1.0000 1.0000 1.0000 1.0000 1.0000 1.0000 0.0000 0.0000 0.0001 0.0001 0.0002 0.0003 0.0005 0.0008 0.0012 0.0018 0.0029 0.0045 0.0071 0.0111 0.0174 0.0272 0.0425 0.0664 0.1036 0.1620 0.2524 0.3931 0.6064 0.9128 1.0000 1.0000 1.0000 0.9128 0.6064 0.3931 0.2524 0.1620 0.1036 0.0664 0.0425 0.0272 0.0174 0.0111 0.0071 0.0045 0.0029 0.0018 0.0012 0.0008 0.0005 0.0003 0.0002 0.0001 0.0001 0.0000 0.0000 1.0000 1.0000 1.0000 1.0000 1.0000 1.0000 1.0000 1.0000 1.0000 1.0000 0.6669 0.4209 0.2651 0.1670 0.1052 0.0663 0.0418 0.0264 0.0166 0.0105 0.0066 0.0042 0.0026 0.0016 0.0011
0.0016 0.0026 0.0041 0.0065 0.0103 0.0163 0.0259 0.0411 0.0653 0.1034 0.1642 0.2606 0.4138 0.6569 1.0000 1.0000 1.0000 1.0000 1.0000 1.0000 1.0000 1.0000 1.0000 1.0000 0.0000 0.0000 0.0001 0.0001 0.0002 0.0003 0.0005 0.0008 0.0012 0.0019 0.0029 0.0046 0.0072 0.0112 0.0176 0.0275 0.0430 0.0673 0.1052 0.1645 0.2567 0.4006 0.6240 0.9627 1.0000 1.0000 1.0000 1.0000 1.0000 0.9627 0.6240 0.4006 0.2567 0.1645 0.1052 0.0673 0.0430 0.0275 0.0176 0.0112 0.0072 0.0046 0.0029 0.0019 0.0012 0.0008 0.0005 0.0003 0.0002 0.0001 0.0001 0.0000 0.0000 1.0000 1.0000 1.0000 1.0000 1.0000 1.0000 1.0000 1.0000 1.0000 1.0000 0.6569 0.4138 0.2606 0.1642 0.1034 0.0653 0.0411 0.0259 0.0163 0.0103 0.0065 0.0041 0.0026 0.0016
0.0026 0.0040 0.0064 0.0101 0.0161 0.0255 0.0404 0.0642 0.1019 0.1617 0.2562 0.4068 0.6457 1.0000 1.0000 1.0000 1.0000 1.0000 1.0000 1.0000 1.0000 1.0000 1.0000 0.0000 0.0000 0.0001 0.0001 0.0002 0.0003 0.0005 0.0008 0.0012 0.0019 0.0029 0.0046 0.0072 0.0113 0.0178 0.0278 0.0435 0.0681 0.1066 0.1667 0.2602 0.4068 0.6347 0.9887 1.0000 1.0000 1.0000 1.0000 1.0000 1.0000 1.0000 0.9887 0.6347 0.4068 0.2602 0.1667 0.1066 0.0681 0.0435 0.0278 0.0178 0.0113 0.0072 0.0046 0.0029 0.0019 0.0012 0.0008 0.0005 0.0003 0.0002 0.0001 0.0001 0.0000 0.0000 1.0000 1.0000 1.0000 1.0000 1.0000 1.0000 1.0000 1.0000 1.0000 1.0000 0.6457 0.4068 0.2562 0.1617 0.1019 0.0642 0.0404 0.0255 0.0161 0.0101 0.0064 0.0040 0.0026
0.0040 0.0063 0.0100 0.0158 0.0251 0.0397 0.0631 0.1001 0.1590 0.2524 0.3998 0.6347 1.0000 1.0000 1.0000 1.0000 1.0000 1.0000 1.0000 1.0000 1.0000 1.0000 0.0000 0.0000 0.0001 0.0001 0.0002 0.0003 0.0005 0.0008 0.0012 0.0019 0.0029 0.0046 0.0073 0.0114 0.0179 0.0281 0.0440 0.0688 0.1078 0.1686 0.2636 0.4122 0.6445 1.0000 1.0000 1.0000 1.0000 1.0000 1.0000 1.0000 1.0000 1.0000 1.0000 1.0000 0.6445 0.4122 0.2636 0.1686 0.1078 0.0688 0.0440 0.0281 0.0179 0.0114 0.0073 0.0046 0.0029 0.0019 0.0012 0.0008 0.0005 0.0003 0.0002 0.0001 0.0001 0.0000 0.0000 1.0000 1.0000 1.0000 1.0000 1.0000 1.0000 1.0000 1.0000 1.0000 1.0000 0.6347 0.3998 0.2524 0.1590 0.1001 0.0631 0.0397 0.0251 0.0158 0.0100 0.0063 0.0040
0.0062 0.0098 0.0155 0.0247 0.0391 0.0621 0.0984 0.1563 0.2481 0.3938 0.6240 0.9905 1.0000 1.0000 1.0000 1.0000 1.0000 1.0000 1.0000 1.0000 1.0000 0.0000 0.0000 0.0001 0.0001 0.0002 0.0003 0.0005 0.0008 0.0012 0.0019 0.0029 0.0046 0.0073 0.0115 0.0180 0.0282 0.0443 0.0695 0.1089 0.1702 0.2667 0.4177 0.6531 1.0000 1.0000 1.0000 1.0000 1.0000 1.0000 1.0000 1.0000 1.0000 1.0000 1.0000 1.0000 1.0000 0.6531 0.4177 0.2667 0.1702 0.1089 0.0695 0.0443 0.0282 0.0180 0.0115 0.0073 0.0046 0.0029 0.0019 0.0012 0.0008 0.0005 0.0003 0.0002 0.0001 0.0001 0.0000 0.0000 1.0000 1.0000 1.0000 1.0000 1.0000 1.0000 1.0000 1.0000 1.0000 0.9905 0.6240 0.3938 0.2481 0.1563 0.0984 0.0621 0.0391 0.0247 0.0155 0.0098 0.0062
0.0097 0.0153 0.0242 0.0385 0.0611 0.0970 0.1536 0.2439 0.3871 0.6146 0.9737 1.0000 1.0000 1.0000 1.0000 1.0000 1.0000 1.0000 1.0000 1.0000 0.0000 0.0000 0.0001 0.0001 0.0002 0.0003 0.0005 0.0007 0.0012 0.0019 0.0029 0.0046 0.0073 0.0115 0.0180 0.0283 0.0445 0.0699 0.1097 0.1719 0.2692 0.4217 0.6606 1.0000 1.0000 1.0000 1.0000 1.0000 1.0000 1.0000 1.0000 1.0000 1.0000 1.0000 1.0000 1.0000 1.0000 1.0000 0.6606 0.4217 0.2692 0.1719 0.1097 0.0699 0.0445 0.0283 0.0180 0.0115 0.0073 0.0046 0.0029 0.0019 0.0012 0.0007 0.0005 0.0003 0.0002 0.0001 0.0001 0.0000 0.0000 1.0000 1.0000 1.0000 1.0000 1.0000 1.0000 1.0000 1.0000 1.0000 0.9737 0.6146 0.3871 0.2439 0.1536 0.0970 0.0611 0.0385 0.0242 0.0153 0.0097
0.0152 0.0238 0.0378 0.0600 0.0953 0.1513 0.2397 0.3806 0.6041 0.9590 1.0000 1.0000 1.0000 1.0000 1.0000 1.0000 1.0000 1.0000 1.0000 0.0000 0.0000 0.0001 0.0001 0.0002 0.0003 0.0005 0.0007 0.0012 0.0018 0.0029 0.0046 0.0073 0.0115 0.0180 0.0284 0.0446 0.0702 0.1101 0.1728 0.2713 0.4257 0.6669 1.0000 1.0000 1.0000 1.0000 1.0000 1.0000 1.0000 1.0000 1.0000 1.0000 1.0000 1.0000 1.0000 1.0000 1.0000 1.0000 1.0000 0.6669 0.4257 0.2713 0.1728 0.1101 0.0702 0.0446 0.0284 0.0180 0.0115 0.0073 0.0046 0.0029 0.0018 0.0012 0.0007 0.0005 0.0003 0.0002 0.0001 0.0001 0.0000 0.0000 1.0000 1.0000 1.0000 1.0000 1.0000 1.0000 1.0000 1.0000 1.0000 0.9590 0.6041 0.3806 0.2397 0.1513 0.0953 0.0600 0.0378 0.0238 0.0152
0.0237 0.0372 0.0590 0.0937 0.1487 0.2361 0.3741 0.5939 0.9427 1.0000 1.0000 1.0000 1.0000 1.0000 1.0000 1.0000 1.0000 1.0000 0.0000 0.0000 0.0001 0.0001 0.0002 0.0003 0.0005 0.0007 0.0012 0.0018 0.0029 0.0046 0.0072 0.0114 0.0180 0.0283 0.0446 0.0703 0.1105 0.1735 0.2728 0.4282 0.6720 1.0000 1.0000 1.0000 1.0000 1.0000 1.0000 1.0000 1.0000 1.0000 1.0000 1.0000 1.0000 1.0000 1.0000 1.0000 1.0000 1.0000 1.0000 1.0000 0.6720 0.4282 0.2728 0.1735 0.1105 0.0703 0.0446 0.0283 0.0180 0.0114 0.0072 0.0046 0.0029 0.0018 0.0012 0.0007 0.0005 0.0003 0.0002 0.0001 0.0001 0.0000 0.0000 1.0000 1.0000 1.0000 1.0000 1.0000 1.0000 1.0000 1.0000 1.0000 0.9427 0.5939 0.3741 0.2361 0.1487 0.0937 0.0590 0.0372 0.0237
0.0371 0.0581 0.0921 0.1462 0.2321 0.3685 0.5838 0.9267 1.0000 1.0000 1.0000 1.0000 1.0000 1.0000 1.0000 1.0000 1.0000 0.0000 0.0000 0.0001 0.0001 0.0002 0.0003 0.0005 0.0007 0.0011 0.0018 0.0029 0.0045 0.0072 0.0113 0.0179 0.0282 0.0445 0.0702 0.1105 0.1738 0.2733 0.4298 0.6746 1.0000 1.0000 1.0000 1.0000 1.0000 1.0000 1.0000 1.0000 1.0000 1.0000 1.0000 1.0000 1.0000 1.0000 1.0000 1.0000 1.0000 1.0000 1.0000 1.0000 1.0000 0.6746 0.4298 0.2733 0.1738 0.1105 0.0702 0.0445 0.0282 0.0179 0.0113 0.0072 0.0045 0.0029 0.0018 0.0011 0.0007 0.0005 0.0003 0.0002 0.0001 0.0001 0.0000 0.0000 1.0000 1.0000 1.0000 1.0000 1.0000 1.0000 1.0000 1.0000 1.0000 0.9267 0.5838 0.3685 0.2321 0.1462 0.0921 0.0581 0.0371
0.0579 0.0907 0.1437 0.2282 0.3622 0.5750 0.9110 1.0000 1.0000 1.0000 1.0000 1.0000 1.0000 1.0000 1.0000 1.0000 0.0000 0.0000 0.0001 0.0001 0.0002 0.0003 0.0005 0.0007 0.0011 0.0018 0.0028 0.0045 0.0071 0.0112 0.0178 0.0281 0.0443 0.0699 0.1101 0.1735 0.2733 0.4306 0.6771 1.0000 1.0000 1.0000 1.0000 1.0000 1.0000 1.0000 1.0000 1.0000 1.0000 0.0000 0.0000 0.0000 1.0000 1.0000 1.0000 1.0000 1.0000 1.0000 1.0000 1.0000 1.0000 1.0000 0.6771 0.4306 0.2733 0.1735 0.1101 0.0699 0.0443 0.0281 0.0178 0.0112 0.0071 0.0045 0.0028 0.0018 0.0011 0.0007 0.0005 0.0003 0.0002 0.0001 0.0001 0.0000 0.0000 1.0000 1.0000 1.0000 1.0000 1.0000 1.0000 1.0000 1.0000 1.0000 0.9110 0.5750 0.3622 0.2282 0.1437 0.0907 0.0579
0.0904 0.1416 0.2243 0.3561 0.5652 0.8973 1.0000 1.0000 1.0000 1.0000 1.0000 1.0000 1.0000 1.0000 1.0000 0.0000 0.0000 0.0001 0.0001 0.0002 0.0003 0.0004 0.0007 0.0011 0.0018 0.0028 0.0044 0.0070 0.0111 0.0176 0.0278 0.0440 0.0695 0.1097 0.1728 0.2728 0.4298 0.6771 1.0000 1.0000 1.0000 1.0000 1.0000 1.0000 1.0000 1.0000 1.0000 1.0000 0.0000 0.0000 0.0000 0.0000 0.0000 1.0000 1.0000 1.0000 1.0000 1.0000 1.0000 1.0000 1.0000 1.0000 1.0000 0.6771 0.4298 0.2728 0.1728 0.1097 0.0695 0.0440 0.0278 0.0176 0.0111 0.0070 0.0044 0.0028 0.0018 0.0011 0.0007 0.0004 0.0003 0.0002 0.0001 0.0001 0.0000 0.0000 1.0000 1.0000 1.0000 1.0000 1.0000 1.0000 1.0000 1.0000 1.0000 0.8973 0.5652 0.3561 0.2243 0.1416 0.0904
0.1410 0.2209 0.3500 0.5556 0.8820 1.0000 1.0000 1.0000 1.0000 1.0000 1.0000 1.0000 1.0000 1.0000 0.0000 0.0000 0.0001 0.0001 0.0002 0.0003 0.0004 0.0007 0.0011 0.0017 0.0028 0.0044 0.0069 0.0110 0.0174 0.0275 0.0435 0.0688 0.1089 0.1719 0.2713 0.4282 0.6746 1.0000 1.0000 1.0000 1.0000 1.0000 1.0000 1.0000 1.0000 1.0000 1.0000 0.0000 0.0000 0.0001 0.0001 0.0001 0.0000 0.0000 1.0000 1.0000 1.0000 1.0000 1.0000 1.0000 1.0000 1.0000 1.0000 1.0000 0.6746 0.4282 0.2713 0.1719 0.1089 0.0688 0.0435 0.0275 0.0174 0.0110 0.0069 0.0044 0.0028 0.0017 0.0011 0.0007 0.0004 0.0003 0.0002 0.0001 0.0001 0.0000 0.0000 1.0000 1.0000 1.0000 1.0000 1.0000 1.0000 1.0000 1.0000 1.0000 0.8820 0.5556 0.3500 0.2209 0.1410
0.2201 0.3447 0.5462 0.8671 1.0000 1.0000 1.0000 1.0000 1.0000 1.0000 1.0000 1.0000 1.0000 0.0000 0.0000 0.0001 0.0001 0.0002 0.0003 0.0004 0.0007 0.0011 0.0017 0.0027 0.0043 0.0068 0.0108 0.0172 0.0272 0.0430 0.0681 0.1078 0.1702 0.2692 0.4257 0.6720 1.0000 1.0000 1.0000 1.0000 1.0000 1.0000 1.0000 1.0000 1.0000 1.0000 0.0000 0.0000 0.0001 0.0001 0.0001 0.0001 0.0001 0.0000 0.0000 1.0000 1.0000 1.0000 1.0000 1.0000 1.0000 1.0000 1.0000 1.0000 1.0000 0.6720 0.4257 0.2692 0.1702 0.1078 0.0681 0.0430 0.0272 0.0172 0.0108 0.0068 0.0043 0.0027 0.0017 0.0011 0.0007 0.0004 0.0003 0.0002 0.0001 0.0001 0.0000 0.0000 1.0000 1.0000 1.0000 1.0000 1.0000 1.0000 1.0000 1.0000 1.0000 0.8671 0.5462 0.3447 0.2201
0.3434 0.5380 0.8524 1.0000 1.0000 1.0000 1.0000 1.0000 1.0000 1.0000 1.0000 1.0000 0.0000 0.0000 0.0001 0.0001 0.0002 0.0003 0.0004 0.0007 0.0011 0.0017 0.0027 0.0042 0.0067 0.0107 0.0169 0.0268 0.0425 0.0673 0.1066 0.1686 0.2667 0.4217 0.6669 1.0000 1.0000 1.0000 1.0000 1.0000 1.0000 1.0000 1.0000 1.0000 1.0000 0.0000 0.0000 0.0001 0.0001 0.0002 0.0002 0.0002 0.0001 0.0001 0.0000 0.0000 1.0000 1.0000 1.0000 1.0000 1.0000 1.0000 1.0000 1.0000 1.0000 1.0000 0.6669 0.4217 0.2667 0.1686 0.1066 0.0673 0.0425 0.0268 0.0169 0.0107 0.0067 0.0042 0.0027 0.0017 0.0011 0.0007 0.0004 0.0003 0.0002 0.0001 0.0001 0.0000 0.0000 1.0000 1.0000 1.0000 1.0000 1.0000 1.0000 1.0000 1.0000 1.0000 0.8524 0.5380 0.3434
0.5359 0.8395 1.0000 1.0000 1.0000 1.0000 1.0000 1.0000 1.0000 1.0000 1.0000 0.0000 0.0000 0.0001 0.0001 0.0002 0.0003 0.0004 0.0007 0.0010 0.0017 0.0026 0.0042 0.0066 0.0105 0.0167 0.0264 0.0419 0.0664 0.1052 0.1664 0.2636 0.4177 0.6606 1.0000 1.0000 1.0000 1.0000 1.0000 1.0000 1.0000 1.0000 1.0000 1.0000 0.0000 0.0000 0.0001 0.0001 0.0002 0.0002 0.0003 0.0002 0.0002 0.0001 0.0001 0.0000 0.0000 1.0000 1.0000 1.0000 1.0000 1.0000 1.0000 1.0000 1.0000 1.0000 1.0000 0.6606 0.4177 0.2636 0.1667 0.1052 0.0664 0.0419 0.0264 0.0167 0.0105 0.0066 0.0042 0.0026 0.0017 0.0010 0.0007 0.0004 0.0003 0.0002 0.0001 0.0001 0.0000 0.0000 1.0000 1.0000 1.0000 1.0000 1.0000 1.0000 1.0000 1.0000 1.0000 0.8395 0.5359
0.8363 1.0000 1.0000 1.0000 1.0000 1.0000 1.0000 1.0000 1.0000 1.0000 0.0000 0.0000 0.0001 0.0001 0.0002 0.0003 0.0004 0.0006 0.0010 0.0016 0.0026 0.0041 0.0065 0.0103 0.0164 0.0260 0.0413 0.0654 0.1036 0.1642 0.2602 0.4122 0.6531 1.0000 1.0000 1.0000 1.0000 1.0000 1.0000 1.0000 1.0000 1.0000 1.0000 0.0000 0.0000 0.0001 0.0001 0.0002 0.0003 0.0004 0.0004 0.0004 0.0003 0.0002 0.0001 0.0001 0.0000 0.0000 1.0000 1.0000 1.0000 1.0000 1.0000 1.0000 1.0000 1.0000 1.0000 1.0000 0.6531 0.4122 0.2602 0.1645 0.1036 0.0654 0.0413 0.0260 0.0164 0.0103 0.0065 0.0041 0.0026 0.0016 0.0010 0.0006 0.0004 0.0003 0.0002 0.0001 0.0001 0.0000 0.0000 1.0000 1.0000 1.0000 1.0000 1.0000 1.0000 1.0000 1.0000 1.0000 0.8363
1.0000 1.0000 1.0000 1.0000 1.0000 1.0000 1.0000 1.0000 1.0000 0.0000 0.0000 0.0001 0.0001 0.0002 0.0003 0.0004 0.0006 0.0010 0.0016 0.0025 0.0040 0.0064 0.0102 0.0161 0.0256 0.0406 0.0644 0.1021 0.1620 0.2567 0.4068 0.6445 1.0000 1.0000 1.0000 1.0000 1.0000 1.0000 1.0000 1.0000 1.0000 1.0000 0.0000 0.0000 0.0001 0.0001 0.0002 0.0003 0.0004 0.0006 0.0007 0.0006 0.0004 0.0003 0.0002 0.0001 0.0001 0.0000 0.0000 1.0000 1.0000 1.0000 1.0000 1.0000 1.0000 1.0000 1.0000 1.0000 1.0000 0.6445 0.4068 0.2567 0.1620 0.1021 0.0644 0.0406 0.0256 0.0161 0.0102 0.0064 0.0040 0.0025 0.0016 0.0010 0.0006 0.0004 0.0003 0.0002 0.0001 0.0001 0.0000 0.0000 1.0000 1.0000 1.0000 1.0000 1.0000 1.0000 1.0000 1.0000 1.0000
1.0000 1.0000 1.0000 1.0000 1.0000 1.0000 1.0000 1.0000 0.0000 0.0000 0.0001 0.0001 0.0002 0.0002 0.0004 0.0006 0.0010 0.0016 0.0025 0.0040 0.0063 0.0100 0.0158 0.0251 0.0399 0.0632 0.1003 0.1593 0.2528 0.4006 0.6347 1.0000 1.0000 1.0000 1.0000 1.0000 1.0000 1.0000 1.0000 1.0000 1.0000 0.0000 0.0000 0.0001 0.0001 0.0002 0.0003 0.0005 0.0007 0.0010 0.0011 0.0010 0.0007 0.0005 0.0003 0.0002 0.0001 0.0001 0.0000 0.0000 1.0000 1.0000 1.0000 1.0000 1.0000 1.0000 1.0000 1.0000 1.0000 1.0000 0.6347 0.4006 0.2524 0.1593 0.1003 0.0632 0.0399 0.0251 0.0158 0.0100 0.0063 0.0040 0.0025 0.0016 0.0010 0.0006 0.0004 0.0002 0.0002 0.0001 0.0001 0.0000 0.0000 1.0000 1.0000 1.0000 1.0000 1.0000 1.0000 1.0000 1.0000
1.0000 1.0000 1.0000 1.0000 1.0000 1.0000 1.0000 0.0000 0.0000 0.0001 0.0001 0.0002 0.0002 0.0004 0.0006 0.0010 0.0015 0.0025 0.0039 0.0062 0.0098 0.0155 0.0247 0.0391 0.0620 0.0984 0.1563 0.2481 0.3931 0.6240 0.9887 1.0000 1.0000 1.0000 1.0000 1.0000 1.0000 1.0000 1.0000 1.0000 0.0000 0.0000 0.0001 0.0001 0.0002 0.0003 0.0005 0.0007 0.0011 0.0015 0.0017 0.0015 0.0011 0.0007 0.0005 0.0003 0.0002 0.0001 0.0001 0.0000 0.0000 1.0000 1.0000 1.0000 1.0000 1.0000 1.0000 1.0000 1.0000 1.0000 0.9887 0.6240 0.3931 0.2476 0.1563 0.0984 0.0620 0.0391 0.0247 0.0155 0.0098 0.0062 0.0039 0.0025 0.0015 0.0010 0.0006 0.0004 0.0002 0.0002 0.0001 0.0001 0.0000 0.0000 1.0000 1.0000 1.0000 1.0000 1.0000 1.0000 1.0000
1.0000 1.0000 1.0000 1.0000 1.0000 1.0000 0.0000 0.0000 0.0001 0.0001 0.0001 0.0002 0.0004 0.0006 0.0009 0.0015 0.0024 0.0038 0.0060 0.0095 0.0151 0.0240 0.0380 0.0604 0.0959 0.1519 0.2411 0.3827 0.6064 0.9627 1.0000 1.0000 1.0000 1.0000 1.0000 1.0000 1.0000 1.0000 1.0000 0.0000 0.0000 0.0001 0.0001 0.0002 0.0003 0.0005 0.0007 0.0011 0.0017 0.0023 0.0027 0.0023 0.0017 0.0011 0.0007 0.0005 0.0003 0.0002 0.0001 0.0001 0.0000 0.0000 1.0000 1.0000 1.0000 1.0000 1.0000 1.0000 1.0000 1.0000 1.0000 0.9627 0.6064 0.3827 0.2411 0.1519 0.0957 0.0604 0.0380 0.0240 0.0151 0.0095 0.0060 0.0038 0.0024 0.0015 0.0009 0.0006 0.0004 0.0002 0.0001 0.0001 0.0001 0.0000 0.0000 1.0000 1.0000 1.0000 1.0000 1.0000 1.0000
1.0000 1.0000 1.0000 1.0000 1.0000 0.0000 0.0000 0.0001 0.0001 0.0001 0.0002 0.0004 0.0006 0.0009 0.0014 0.0023 0.0036 0.0057 0.0090 0.0143 0.0227 0.0360 0.0571 0.0907 0.1440 0.2286 0.3622 0.5750 0.9128 1.0000 1.0000 1.0000 1.0000 1.0000 1.0000 1.0000 1.0000 1.0000 0.0000 0.0000 0.0001 0.0001 0.0002 0.0003 0.0004 0.0007 0.0011 0.0017 0.0025 0.0035 0.0041 0.0035 0.0025 0.0017 0.0011 0.0007 0.0004 0.0003 0.0002 0.0001 0.0001 0.0000 0.0000 1.0000 1.0000 1.0000 1.0000 1.0000 1.0000 1.0000 1.0000 1.0000 0.9128 0.5750 0.3622 0.2286 0.1440 0.0907 0.0571 0.0360 0.0227 0.0143 0.0090 0.0057 0.0036 0.0023 0.0014 0.0009 0.0006 0.0004 0.0002 0.0001 0.0001 0.0001 0.0000 0.0000 1.0000 1.0000 1.0000 1.0000 1.0000
1.0000 1.0000 1.0000 1.0000 1.0000 0.0000 0.0000 0.0001 0.0001 0.0002 0.0003 0.0005 0.0008 0.0012 0.0020 0.0031 0.0050 0.0079 0.0126 0.0199 0.0316 0.0501 0.0796 0.1263 0.2005 0.3177 0.5043 0.8005 1.0000 1.0000 1.0000 1.0000 1.0000 1.0000 1.0000 1.0000 1.0000 0.0000 0.0000 0.0001 0.0001 0.0002 0.0002 0.0004 0.0006 0.0010 0.0015 0.0023 0.0035 0.0049 0.0056 0.0049 0.0035 0.0023 0.0015 0.0010 0.0006 0.0004 0.0002 0.0002 0.0001 0.0001 0.0000 0.0000 1.0000 1.0000 1.0000 1.0000 1.0000 1.0000 1.0000 1.0000 1.0000 0.8005 0.5043 0.3177 0.2005 0.1263 0.0796 0.0501 0.0316 0.0199 0.0126 0.0079 0.0050 0.0031 0.0020 0.0012 0.0008 0.0005 0.0003 0.0002 0.0001 0.0001 0.0000 0.0000 1.0000 1.0000 1.0000 1.0000 1.0000
1.0000 1.0000 1.0000 1.0000 0.0000 0.0000 0.0001 0.0001 0.0001 0.0002 0.0004 0.0006 0.0009 0.0014 0.0023 0.0036 0.0057 0.0091 0.0145 0.0230 0.0365 0.0578 0.0918 0.1457 0.2312 0.3671 0.5816 0.9232 1.0000 1.0000 1.0000 1.0000 1.0000 1.0000 1.0000 1.0000 1.0000 0.0000 0.0000 0.0001 0.0001 0.0002 0.0003 0.0004 0.0007 0.0011 0.0017 0.0027 0.0041 0.0056 0.0065 0.0056 0.0041 0.0027 0.0017 0.0011 0.0007 0.0004 0.0003 0.0002 0.0001 0.0001 0.0000 0.0000 1.0000 1.0000 1.0000 1.0000 1.0000 1.0000 1.0000 1.0000 1.0000 0.9232 0.5816 0.3664 0.2312 0.1457 0.0918 0.0578 0.0365 0.0230 0.0145 0.0091 0.0057 0.0036 0.0023 0.0014 0.0009 0.0006 0.0004 0.0002 0.0001 0.0001 0.0001 0.0000 0.0000 1.0000 1.0000 1.0000 1.0000
1.0000 1.0000 1.0000 1.0000 1.0000 0.0000 0.0000 0.0001 0.0001 0.0002 0.0003 0.0005 0.0008 0.0012 0.0020 0.0031 0.0050 0.0079 0.0126 0.0199 0.0316 0.0501 0.0796 0.1263 0.2005 0.3177 0.5043 0.8005 1.0000 1.0000 1.0000 1.0000 1.0000 1.0000 1.0000 1.0000 1.0000 0.0000 0.0000 0.0001 0.0001 0.0002 0.0002 0.0004 0.0006 0.0010 0.0015 0.0023 0.0035 0.0049 0.0056 0.0049 0.0035 0.0023 0.0015 0.0010 0.0006 0.0004 0.0002 0.0002 0.0001 0.0001 0.0000 0.0000 1.0000 1.0000 1.0000 1.0000 1.0000 1.0000 1.0000 1.0000 1.0000 0.8005 0.5043 0.3177 0.2005 0.1263 0.0796 0.0501 0.0316 0.0199 0.0126 0.0079 0.0050 0.0031 0.0020 0.0012 0.0008 0.0005 0.0003 0.0002 0.0001 0.0001 0.0000 0.0000 1.0000 1.0000 1.0000 1.0000 1.0000
1.0000 1.0000 1.0000 1.0000 1.0000 0.0000 0.0000 0.0001 0.0001 0.0001 0.0002 0.0004 0.0006 0.0009 0.0014 0.0023 0.0036 0.0057 0.0090 0.0143 0.0227 0.0360 0.0571 0.0907 0.1440 0.2286 0.3622 0.5750 0.9128 1.0000 1.0000 1.0000 1.0000 1.0000 1.0000 1.0000 1.0000 1.0000 0.0000 0.0000 0.0001 0.0001 0.0002 0.0003 0.0004 0.0007 0.0011 0.0017 0.0025 0.0035 0.0041 0.0035 0.0025 0.0017 0.0011 0.0007 0.0004 0.0003 0.0002 0.0001 0.0001 0.0000 0.0000 1.0000 1.0000 1.0000 1.0000 1.0000 1.0000 1.0000 1.0000 1.0000 0.9128 0.5750 0.3622 0.2286 0.1440 0.0907 0.0571 0.0360 0.0227 0.0143 0.0090 0.0057 0.0036 0.0023 0.0014 0.0009 0.0006 0.0004 0.0002 0.0001 0.0001 0.0001 0.0000 0.0000 1.0000 1.0000 1.0000 1.0000 1.0000
1.0000 1.0000 1.0000 1.0000 1.0000 1.0000 0.0000 0.0000 0.0001 0.0001 0.0001 0.0002 0.0004 0.0006 0.0009 0.0015 0.0024 0.0038 0.0060 0.0095 0.0151 0.0240 0.0380 0.0604 0.0959 0.1519 0.2411 0.3827 0.6064 0.9627 1.0000 1.0000 1.0000 1.0000 1.0000 1.0000 1.0000 1.0000 1.0000 0.0000 0.0000 0.0001 0.0001 0.0002 0.0003 0.0005 0.0007 0.0011 0.0017 0.0023 0.0027 0.0023 0.0017 0.0011 0.0007 0.0005 0.0003 0.0002 0.0001 0.0001 0.0000 0.0000 1.0000 1.0000 1.0000 1.0000 1.0000 1.0000 1.0000 1.0000 1.0000 0.9627 0.6064 0.3827 0.2411 0.1519 0.0957 0.0604 0.0380 0.0240 0.0151 0.0095 0.0060 0.0038 0.0024 0.0015 0.0009 0.0006 0.0004 0.0002 0.0001 0.0001 0.0001 0.0000 0.0000 1.0000 1.0000 1.0000 1.0000 1.0000 1.0000
1.0000 1.0000 1.0000 1.0000 1.0000 1.0000 1.0000 0.0000 0.0000 0.0001 0.0001 0.0002 0.0002 0.0004 0.0006 0.0010 0.0015 0.0025 0.0039 0.0062 0.0098 0.0155 0.0247 0.0391 0.0620 0.0984 0.1563 0.2481 0.3931 0.6240 0.9887 1.0000 1.0000 1.0000 1.0000 1.0000 1.0000 1.0000 1.0000 1.0000 0.0000 0.0000 0.0001 0.0001 0.0002 0.0003 0.0005 0.0007 0.0011 0.0015 0.0017 0.0015 0.0011 0.0007 0.0005 0.0003 0.0002 0.0001 0.0001 0.0000 0.0000 1.0000 1.0000 1.0000 1.0000 1.0000 1.0000 1.0000 1.0000 1.0000 0.9887 0.6240 0.3931 0.2476 0.1563 0.0984 0.0620 0.0391 0.0247 0.0155 0.0098 0.0062 0.0039 0.0025 0.0015 0.0010 0.0006 0.0004 0.0002 0.0002 0.0001 0.0001 0.0000 0.0000 1.0000 1.0000 1.0000 1.0000 1.0000 1.0000 1.0000
1.0000 1.0000 1.0000 1.0000 1.0000 1.0000 1.0000 1.0000 0.0000 0.0000 0.0001 0.0001 0.0002 0.0002 0.0004 0.0006 0.0010 0.0016 0.0025 0.0040 0.0063 0.0100 0.0158 0.0251 0.0399 0.0632 0.1003 0.1593 0.2528 0.4006 0.6347 1.0000 1.0000 1.0000 1.0000 1.0000 1.0000 1.0000 1.0000 1.0000 1.0000 0.0000 0.0000 0.0001 0.0001 0.0002 0.0003 0.0005 0.0007 0.0010 0.0011 0.0010 0.0007 0.0005 0.0003 0.0002 0.0001 0.0001 0.0000 0.0000 1.0000 1.0000 1.0000 1.0000 1.0000 1.0000 1.0000 1.0000 1.0000 1.0000 0.6347 0.4006 0.2524 0.1593 0.1003 0.0632 0.0399 0.0251 0.0158 0.0100 0.0063 0.0040 0.0025 0.0016 0.0010 0.0006 0.0004 0.0002 0.0002 0.0001 0.0001 0.0000 0.0000 1.0000 1.0000 1.0000 1.0000 1.0000 1.0000 1.0000 1.0000
