-0.1233 0.1283 0.1541 -0.1955 -0.2722 -0.2858 -0.1909 0.0857 0.2285 -0.1547 -0.2602 -0.2889 -0.2527 0.0447 0.2151 -0.1015 -0.2460 -0.2869 -0.2709 -0.0099 0.1738 0.0025 -0.2299 -0.2805 -0.2795 -0.1006 0.1199 0.1739 -0.1897 -0.2706 -0.2866 -0.2040 0.0798 0.2299 -0.1479 -0.2582 -0.2889 -0.2576 0.0377 0.2101 -0.0907 -0.2437 -0.2862 -0.2720 -0.0208 0.1635 0.0277 -0.2237 -0.2793 -0.2927 -0.2568 -0.2927 -0.2793 -0.2237 0.0277 0.1635 -0.0208 -0.2720 -0.2862 -0.2437 -0.0907 0.2101 0.0377 -0.2576 -0.2889 -0.2582 -0.1479 0.2299 0.0798 -0.2040 -0.2866 -0.2706 -0.1897 0.1739 0.1199 -0.1006 -0.2795 -0.2805 -0.2299 0.0025 0.1738 -0.0099 -0.2709 -0.2869 -0.2460 -0.1015 0.2151 0.0447 -0.2527 -0.2889 -0.2602 -0.1547 0.2285 0.0857 -0.1909 -0.2858 -0.2722 -0.1955 0.1541 0.1283 -0.1233
0.1283 0.1856 -0.2252 -0.3231 -0.3244 -0.1936 0.0870 0.2425 -0.1641 -0.3127 -0.3321 -0.2713 0.0498 0.2159 -0.0935 -0.3002 -0.3333 -0.2988 -0.0012 0.1637 0.0494 -0.2779 -0.3295 -0.3143 -0.0917 0.1169 0.2149 -0.2130 -0.3217 -0.3265 -0.2100 0.0816 0.2408 -0.1548 -0.3109 -0.3327 -0.2780 0.0434 0.2101 -0.0790 -0.2981 -0.3331 -0.3011 -0.0115 0.1547 0.0811 -0.2669 -0.3285 -0.3160 -0.1042 0.0545 -0.1042 -0.3160 -0.3285 -0.2669 0.0811 0.1547 -0.0115 -0.3011 -0.3331 -0.2981 -0.0790 0.2101 0.0434 -0.2780 -0.3327 -0.3109 -0.1548 0.2408 0.0816 -0.2100 -0.3265 -0.3217 -0.2130 0.2149 0.1169 -0.0917 -0.3143 -0.3295 -0.2779 0.0494 0.1637 -0.0012 -0.2988 -0.3333 -0.3002 -0.0935 0.2159 0.0498 -0.2713 -0.3321 -0.3127 -0.1641 0.2425 0.0870 -0.1936 -0.3244 -0.3231 -0.2252 0.1856 0.1283
0.1541 -0.2252 -0.3217 -0.3252 -0.2154 0.0777 0.2393 -0.1490 -0.3094 -0.3326 -0.2817 0.0374 0.2059 -0.0678 -0.2963 -0.3325 -0.3024 -0.0208 0.1485 0.1033 -0.2597 -0.3275 -0.3176 -0.1247 0.1060 0.2321 -0.1982 -0.3188 -0.3283 -0.2339 0.0711 0.2355 -0.1385 -0.3075 -0.3329 -0.2866 0.0304 0.1998 -0.0498 -0.2942 -0.3320 -0.3048 -0.0330 0.1406 0.1334 -0.2496 -0.3264 -0.3194 -0.1414 0.0972 0.1928 0.0972 -0.1414 -0.3194 -0.3264 -0.2496 0.1334 0.1406 -0.0330 -0.3048 -0.3320 -0.2942 -0.0498 0.1998 0.0304 -0.2866 -0.3329 -0.3075 -0.1385 0.2355 0.0711 -0.2339 -0.3283 -0.3188 -0.1982 0.2321 0.1060 -0.1247 -0.3176 -0.3275 -0.2597 0.1033 0.1485 -0.0208 -0.3024 -0.3325 -0.2963 -0.0678 0.2059 0.0374 -0.2817 -0.3326 -0.3094 -0.1490 0.2393 0.0777 -0.2154 -0.3252 -0.3217 -0.2252 0.1541
-0.1955 -0.3231 -0.3252 -0.2230 0.0728 0.2351 -0.1352 -0.3066 -0.3330 -0.2891 0.0256 0.1953 -0.0359 -0.2928 -0.3316 -0.3065 -0.0421 0.1357 0.1522 -0.2428 -0.3256 -0.3209 -0.1563 0.0971 0.2407 -0.1836 -0.3162 -0.3301 -0.2526 0.0617 0.2279 -0.1207 -0.3043 -0.3332 -0.2927 0.0175 0.1860 -0.0129 -0.2906 -0.3310 -0.3089 -0.0566 0.1290 0.1764 -0.2333 -0.3244 -0.3226 -0.1744 0.0919 0.2440 -0.0308 0.2440 0.0919 -0.1744 -0.3226 -0.3244 -0.2333 0.1764 0.1290 -0.0566 -0.3089 -0.3310 -0.2906 -0.0129 0.1860 0.0175 -0.2927 -0.3332 -0.3043 -0.1207 0.2279 0.0617 -0.2526 -0.3301 -0.3162 -0.1836 0.2407 0.0971 -0.1563 -0.3209 -0.3256 -0.2428 0.1522 0.1357 -0.0421 -0.3065 -0.3316 -0.2928 -0.0359 0.1953 0.0256 -0.2891 -0.3330 -0.3066 -0.1352 0.2351 0.0728 -0.2230 -0.3252 -0.3231 -0.1955
-0.2722 -0.3244 -0.2154 0.0728 0.2332 -0.1263 -0.3044 -0.3329 -0.2939 0.0131 0.1809 0.0036 -0.2887 -0.3305 -0.3105 -0.0674 0.1246 0.1906 -0.2269 -0.3235 -0.3238 -0.1864 0.0882 0.2429 -0.1687 -0.3133 -0.3314 -0.2675 0.0517 0.2189 -0.1004 -0.3009 -0.3331 -0.2972 0.0026 0.1688 0.0336 -0.2815 -0.3296 -0.3128 -0.0841 0.1186 0.2077 -0.2178 -0.3221 -0.3253 -0.2027 0.0830 0.2419 -0.1550 -0.2887 -0.1550 0.2419 0.0830 -0.2027 -0.3253 -0.3221 -0.2178 0.2077 0.1186 -0.0841 -0.3128 -0.3296 -0.2815 0.0336 0.1688 0.0026 -0.2972 -0.3331 -0.3009 -0.1004 0.2189 0.0517 -0.2675 -0.3314 -0.3133 -0.1687 0.2429 0.0882 -0.1864 -0.3238 -0.3235 -0.2269 0.1906 0.1246 -0.0674 -0.3105 -0.3305 -0.2887 0.0036 0.1809 0.0131 -0.2939 -0.3329 -0.3044 -0.1263 0.2332 0.0728 -0.2154 -0.3244 -0.2722
-0.2858 -0.1936 0.0777 0.2351 -0.1263 -0.3035 -0.3328 -0.2965 0.0016 0.1660 0.0474 -0.2778 -0.3291 -0.3142 -0.0961 0.1146 0.2172 -0.2116 -0.3211 -0.3263 -0.2132 0.0793 0.2404 -0.1533 -0.3103 -0.3324 -0.2789 0.0410 0.2091 -0.0763 -0.2975 -0.3327 -0.3011 -0.0147 0.1529 0.0867 -0.2653 -0.3280 -0.3165 -0.1147 0.1090 0.2278 -0.2028 -0.3197 -0.3276 -0.2271 0.0740 0.2374 -0.1442 -0.3103 -0.3396 -0.3103 -0.1442 0.2374 0.0740 -0.2271 -0.3276 -0.3197 -0.2028 0.2278 0.1090 -0.1147 -0.3165 -0.3280 -0.2653 0.0867 0.1529 -0.0147 -0.3011 -0.3327 -0.2975 -0.0763 0.2091 0.0410 -0.2789 -0.3324 -0.3103 -0.1533 0.2404 0.0793 -0.2132 -0.3263 -0.3211 -0.2116 0.2172 0.1146 -0.0961 -0.3142 -0.3291 -0.2778 0.0474 0.1660 0.0016 -0.2965 -0.3328 -0.3035 -0.1263 0.2351 0.0777 -0.1936 -0.2858
-0.1909 0.0870 0.2393 -0.1352 -0.3044 -0.3328 -0.2973 -0.0056 0.1566 0.0856 -0.2630 -0.3276 -0.3174 -0.1257 0.1055 0.2331 -0.1969 -0.3186 -0.3285 -0.2359 0.0702 0.2348 -0.1369 -0.3072 -0.3330 -0.2873 0.0292 0.1988 -0.0466 -0.2939 -0.3319 -0.3052 -0.0351 0.1394 0.1380 -0.2479 -0.3262 -0.3199 -0.1465 0.0999 0.2388 -0.1881 -0.3170 -0.3295 -0.2472 0.0647 0.2304 -0.1265 -0.3054 -0.3435 -0.3472 -0.3435 -0.3054 -0.1265 0.2304 0.0647 -0.2472 -0.3295 -0.3170 -0.1881 0.2388 0.0999 -0.1465 -0.3199 -0.3262 -0.2479 0.1380 0.1394 -0.0351 -0.3052 -0.3319 -0.2939 -0.0466 0.1988 0.0292 -0.2873 -0.3330 -0.3072 -0.1369 0.2348 0.0702 -0.2359 -0.3285 -0.3186 -0.1969 0.2331 0.1055 -0.1257 -0.3174 -0.3276 -0.2630 0.0856 0.1566 -0.0056 -0.2973 -0.3328 -0.3044 -0.1352 0.2393 0.0870 -0.1909
0.0857 0.2425 -0.1490 -0.3066 -0.3329 -0.2965 -0.0056 0.1534 0.1070 -0.2532 -0.3263 -0.3198 -0.1526 0.0975 0.2407 -0.1828 -0.3160 -0.3302 -0.2543 0.0608 0.2271 -0.1188 -0.3040 -0.3332 -0.2932 0.0161 0.1845 -0.0087 -0.2903 -0.3308 -0.3092 -0.0591 0.1279 0.1800 -0.2317 -0.3242 -0.3229 -0.1774 0.0910 0.2428 -0.1733 -0.3142 -0.3310 -0.2633 0.0549 0.2218 -0.1070 -0.3020 -0.3330 -0.3032 -0.1346 -0.3032 -0.3330 -0.3020 -0.1070 0.2218 0.0549 -0.2633 -0.3310 -0.3142 -0.1733 0.2428 0.0910 -0.1774 -0.3229 -0.3242 -0.2317 0.1800 0.1279 -0.0591 -0.3092 -0.3308 -0.2903 -0.0087 0.1845 0.0161 -0.2932 -0.3332 -0.3040 -0.1188 0.2271 0.0608 -0.2543 -0.3302 -0.3160 -0.1828 0.2407 0.0975 -0.1526 -0.3198 -0.3263 -0.2532 0.1070 0.1534 -0.0056 -0.2965 -0.3329 -0.3066 -0.1490 0.2425 0.0857
0.2285 -0.1641 -0.3094 -0.3330 -0.2939 0.0016 0.1566 0.1070 -0.2498 -0.3255 -0.3214 -0.1732 0.0909 0.2429 -0.1698 -0.3133 -0.3314 -0.2684 0.0509 0.2180 -0.0982 -0.3006 -0.3331 -0.2975 0.0010 0.1671 0.0386 -0.2804 -0.3295 -0.3132 -0.0870 0.1176 0.2102 -0.2163 -0.3219 -0.3256 -0.2053 0.0821 0.2416 -0.1581 -0.3113 -0.3321 -0.2757 0.0444 0.2122 -0.0843 -0.2985 -0.3327 -0.2995 -0.0067 0.0869 -0.0067 -0.2995 -0.3327 -0.2985 -0.0843 0.2122 0.0444 -0.2757 -0.3321 -0.3113 -0.1581 0.2416 0.0821 -0.2053 -0.3256 -0.3219 -0.2163 0.2102 0.1176 -0.0870 -0.3132 -0.3295 -0.2804 0.0386 0.1671 0.0010 -0.2975 -0.3331 -0.3006 -0.0982 0.2180 0.0509 -0.2684 -0.3314 -0.3133 -0.1698 0.2429 0.0909 -0.1732 -0.3214 -0.3255 -0.2498 0.1070 0.1566 0.0016 -0.2939 -0.3330 -0.3094 -0.1641 0.2285
-0.1547 -0.3127 -0.3326 -0.2891 0.0131 0.1660 0.0856 -0.2532 -0.3255 -0.3219 -0.1841 0.0863 0.2422 -0.1587 -0.3109 -0.3322 -0.2786 0.0408 0.2085 -0.0742 -0.2971 -0.3326 -0.3015 -0.0166 0.1515 0.0920 -0.2635 -0.3279 -0.3168 -0.1178 0.1081 0.2293 -0.2014 -0.3194 -0.3278 -0.2293 0.0731 0.2368 -0.1421 -0.3082 -0.3329 -0.2850 0.0330 0.2020 -0.0566 -0.2950 -0.3322 -0.3038 -0.0272 0.1336 0.2275 0.1336 -0.0272 -0.3038 -0.3322 -0.2950 -0.0566 0.2020 0.0330 -0.2850 -0.3329 -0.3082 -0.1421 0.2368 0.0731 -0.2293 -0.3278 -0.3194 -0.2014 0.2293 0.1081 -0.1178 -0.3168 -0.3279 -0.2635 0.0920 0.1515 -0.0166 -0.3015 -0.3326 -0.2971 -0.0742 0.2085 0.0408 -0.2786 -0.3322 -0.3109 -0.1587 0.2422 0.0863 -0.1841 -0.3219 -0.3255 -0.2532 0.0856 0.1660 0.0131 -0.2891 -0.3326 -0.3127 -0.1547
-0.2602 -0.3321 -0.2817 0.0256 0.1809 0.0474 -0.2630 -0.3263 -0.3214 -0.1841 0.0846 0.2411 -0.1509 -0.3090 -0.3326 -0.2856 0.0308 0.1993 -0.0463 -0.2937 -0.3318 -0.3055 -0.0373 0.1382 0.1426 -0.2463 -0.3260 -0.3202 -0.1497 0.0990 0.2395 -0.1867 -0.3168 -0.3297 -0.2490 0.0637 0.2296 -0.1246 -0.3050 -0.3332 -0.2916 0.0203 0.1892 -0.0215 -0.2914 -0.3312 -0.3080 -0.0512 0.1309 0.1840 -0.1459 0.1840 0.1309 -0.0512 -0.3080 -0.3312 -0.2914 -0.0215 0.1892 0.0203 -0.2916 -0.3332 -0.3050 -0.1246 0.2296 0.0637 -0.2490 -0.3297 -0.3168 -0.1867 0.2395 0.0990 -0.1497 -0.3202 -0.3260 -0.2463 0.1426 0.1382 -0.0373 -0.3055 -0.3318 -0.2937 -0.0463 0.1993 0.0308 -0.2856 -0.3326 -0.3090 -0.1509 0.2411 0.0846 -0.1841 -0.3214 -0.3263 -0.2630 0.0474 0.1809 0.0256 -0.2817 -0.3321 -0.2602
-0.2889 -0.2713 0.0374 0.1953 0.0036 -0.2778 -0.3276 -0.3198 -0.1732 0.0863 0.2411 -0.1479 -0.3079 -0.3328 -0.2898 0.0219 0.1896 -0.0152 -0.2905 -0.3308 -0.3093 -0.0610 0.1270 0.1833 -0.2302 -0.3239 -0.3232 -0.1803 0.0901 0.2428 -0.1719 -0.3139 -0.3312 -0.2647 0.0539 0.2209 -0.1049 -0.3016 -0.3332 -0.2963 0.0059 0.1726 0.0230 -0.2840 -0.3299 -0.3120 -0.0780 0.1208 0.2011 -0.2176 -0.3055 -0.2176 0.2011 0.1208 -0.0780 -0.3120 -0.3299 -0.2840 0.0230 0.1726 0.0059 -0.2963 -0.3332 -0.3016 -0.1049 0.2209 0.0539 -0.2647 -0.3312 -0.3139 -0.1719 0.2428 0.0901 -0.1803 -0.3232 -0.3239 -0.2302 0.1833 0.1270 -0.0610 -0.3093 -0.3308 -0.2905 -0.0152 0.1896 0.0219 -0.2898 -0.3328 -0.3079 -0.1479 0.2411 0.0863 -0.1732 -0.3198 -0.3276 -0.2778 0.0036 0.1953 0.0374 -0.2713 -0.2889
-0.2527 0.0498 0.2059 -0.0359 -0.2887 -0.3291 -0.3174 -0.1526 0.0909 0.2422 -0.1509 -0.3079 -0.3328 -0.2917 0.0155 0.1799 0.0151 -0.2852 -0.3297 -0.3127 -0.0865 0.1174 0.2115 -0.2151 -0.3217 -0.3258 -0.2079 0.0812 0.2413 -0.1566 -0.3110 -0.3322 -0.2767 0.0434 0.2112 -0.0818 -0.2982 -0.3328 -0.3003 -0.0108 0.1560 0.0753 -0.2691 -0.3284 -0.3157 -0.1080 0.1110 0.2243 -0.2063 -0.3239 -0.3489 -0.3239 -0.2063 0.2243 0.1110 -0.1080 -0.3157 -0.3284 -0.2691 0.0753 0.1560 -0.0108 -0.3003 -0.3328 -0.2982 -0.0818 0.2112 0.0434 -0.2767 -0.3322 -0.3110 -0.1566 0.2413 0.0812 -0.2079 -0.3258 -0.3217 -0.2151 0.2115 0.1174 -0.0865 -0.3127 -0.3297 -0.2852 0.0151 0.1799 0.0155 -0.2917 -0.3328 -0.3079 -0.1509 0.2422 0.0909 -0.1526 -0.3174 -0.3291 -0.2887 -0.0359 0.2059 0.0498 -0.2527
0.0447 0.2159 -0.0678 -0.2928 -0.3305 -0.3142 -0.1257 0.0975 0.2429 -0.1587 -0.3090 -0.3328 -0.2917 0.0132 0.1740 0.0375 -0.2771 -0.3286 -0.3154 -0.1114 0.1091 0.2287 -0.2013 -0.3193 -0.3280 -0.2313 0.0722 0.2362 -0.1405 -0.3079 -0.3329 -0.2857 0.0318 0.2010 -0.0535 -0.2947 -0.3321 -0.3043 -0.0305 0.1421 0.1278 -0.2515 -0.3266 -0.3192 -0.1398 0.1018 0.2371 -0.1912 -0.3177 -0.3426 -0.3299 -0.3426 -0.3177 -0.1912 0.2371 0.1018 -0.1398 -0.3192 -0.3266 -0.2515 0.1278 0.1421 -0.0305 -0.3043 -0.3321 -0.2947 -0.0535 0.2010 0.0318 -0.2857 -0.3329 -0.3079 -0.1405 0.2362 0.0722 -0.2313 -0.3280 -0.3193 -0.2013 0.2287 0.1091 -0.1114 -0.3154 -0.3286 -0.2771 0.0375 0.1740 0.0132 -0.2917 -0.3328 -0.3090 -0.1587 0.2429 0.0975 -0.1257 -0.3142 -0.3305 -0.2928 -0.0678 0.2159 0.0447
0.2151 -0.0935 -0.2963 -0.3316 -0.3105 -0.0961 0.1055 0.2407 -0.1698 -0.3109 -0.3326 -0.2898 0.0155 0.1740 0.0458 -0.2714 -0.3279 -0.3173 -0.1323 0.1024 0.2377 -0.1887 -0.3169 -0.3296 -0.2498 0.0631 0.2290 -0.1229 -0.3046 -0.3332 -0.2922 0.0190 0.1877 -0.0175 -0.2910 -0.3311 -0.3084 -0.0537 0.1302 0.1721 -0.2351 -0.3246 -0.3223 -0.1711 0.0928 0.2424 -0.1765 -0.3148 -0.3304 -0.2569 -0.0206 -0.2569 -0.3304 -0.3148 -0.1765 0.2424 0.0928 -0.1711 -0.3223 -0.3246 -0.2351 0.1721 0.1302 -0.0537 -0.3084 -0.3311 -0.2910 -0.0175 0.1877 0.0190 -0.2922 -0.3332 -0.3046 -0.1229 0.2290 0.0631 -0.2498 -0.3296 -0.3169 -0.1887 0.2377 0.1024 -0.1323 -0.3173 -0.3279 -0.2714 0.0458 0.1740 0.0155 -0.2898 -0.3326 -0.3109 -0.1698 0.2407 0.1055 -0.0961 -0.3105 -0.3316 -0.2963 -0.0935 0.2151
-0.1015 -0.3002 -0.3325 -0.3065 -0.0674 0.1146 0.2331 -0.1828 -0.3133 -0.3322 -0.2856 0.0219 0.1799 0.0375 -0.2714 -0.3276 -0.3183 -0.1461 0.0974 0.2416 -0.1779 -0.3147 -0.3309 -0.2637 0.0540 0.2206 -0.1037 -0.3014 -0.3331 -0.2967 0.0044 0.1708 0.0279 -0.2828 -0.3298 -0.3123 -0.0808 0.1197 0.2048 -0.2195 -0.3224 -0.3251 -0.1997 0.0840 0.2422 -0.1614 -0.3119 -0.3318 -0.2726 0.0467 0.1241 0.0467 -0.2726 -0.3318 -0.3119 -0.1614 0.2422 0.0840 -0.1997 -0.3251 -0.3224 -0.2195 0.2048 0.1197 -0.0808 -0.3123 -0.3298 -0.2828 0.0279 0.1708 0.0044 -0.2967 -0.3331 -0.3014 -0.1037 0.2206 0.0540 -0.2637 -0.3309 -0.3147 -0.1779 0.2416 0.0974 -0.1461 -0.3183 -0.3276 -0.2714 0.0375 0.1799 0.0219 -0.2856 -0.3322 -0.3133 -0.1828 0.2331 0.1146 -0.0674 -0.3065 -0.3325 -0.3002 -0.1015
-0.2460 -0.3333 -0.3024 -0.0421 0.1246 0.2172 -0.1969 -0.3160 -0.3314 -0.2786 0.0308 0.1896 0.0151 -0.2771 -0.3279 -0.3183 -0.1509 0.0948 0.2427 -0.1699 -0.3128 -0.3317 -0.2736 0.0452 0.2121 -0.0825 -0.2981 -0.3328 -0.3005 -0.0125 0.1546 0.0806 -0.2673 -0.3282 -0.3161 -0.1111 0.1100 0.2261 -0.2045 -0.3199 -0.3274 -0.2246 0.0750 0.2381 -0.1456 -0.3089 -0.3327 -0.2832 0.0361 0.1863 0.2128 0.1863 0.0361 -0.2832 -0.3327 -0.3089 -0.1456 0.2381 0.0750 -0.2246 -0.3274 -0.3199 -0.2045 0.2261 0.1100 -0.1111 -0.3161 -0.3282 -0.2673 0.0806 0.1546 -0.0125 -0.3005 -0.3328 -0.2981 -0.0825 0.2121 0.0452 -0.2736 -0.3317 -0.3128 -0.1699 0.2427 0.0948 -0.1509 -0.3183 -0.3279 -0.2771 0.0151 0.1896 0.0308 -0.2786 -0.3314 -0.3160 -0.1969 0.2172 0.1246 -0.0421 -0.3024 -0.3333 -0.2460
-0.2869 -0.2988 -0.0208 0.1357 0.1906 -0.2116 -0.3186 -0.3302 -0.2684 0.0408 0.1993 -0.0152 -0.2852 -0.3286 -0.3173 -0.1461 0.0948 0.2428 -0.1657 -0.3116 -0.3321 -0.2801 0.0373 0.2042 -0.0595 -0.2951 -0.3321 -0.3043 -0.0316 0.1411 0.1322 -0.2498 -0.3264 -0.3195 -0.1430 0.1009 0.2380 -0.1898 -0.3173 -0.3294 -0.2452 0.0657 0.2313 -0.1285 -0.3057 -0.3331 -0.2904 0.0232 0.1929 -0.0145 -0.2300 -0.0145 0.1929 0.0232 -0.2904 -0.3331 -0.3057 -0.1285 0.2313 0.0657 -0.2452 -0.3294 -0.3173 -0.1898 0.2380 0.1009 -0.1430 -0.3195 -0.3264 -0.2498 0.1322 0.1411 -0.0316 -0.3043 -0.3321 -0.2951 -0.0595 0.2042 0.0373 -0.2801 -0.3321 -0.3116 -0.1657 0.2428 0.0948 -0.1461 -0.3173 -0.3286 -0.2852 -0.0152 0.1993 0.0408 -0.2684 -0.3302 -0.3186 -0.2116 0.1906 0.1357 -0.0208 -0.2988 -0.2869
-0.2709 -0.0012 0.1485 0.1522 -0.2269 -0.3211 -0.3285 -0.2543 0.0509 0.2085 -0.0463 -0.2905 -0.3297 -0.3154 -0.1323 0.0974 0.2427 -0.1657 -0.3112 -0.3323 -0.2837 0.0312 0.1978 -0.0365 -0.2923 -0.3313 -0.3078 -0.0524 0.1302 0.1738 -0.2339 -0.3244 -0.3226 -0.1740 0.0920 0.2426 -0.1750 -0.3146 -0.3309 -0.2617 0.0560 0.2228 -0.1093 -0.3024 -0.3332 -0.2954 0.0091 0.1766 0.0112 -0.2864 -0.3210 -0.2864 0.0112 0.1766 0.0091 -0.2954 -0.3332 -0.3024 -0.1093 0.2228 0.0560 -0.2617 -0.3309 -0.3146 -0.1750 0.2426 0.0920 -0.1740 -0.3226 -0.3244 -0.2339 0.1738 0.1302 -0.0524 -0.3078 -0.3313 -0.2923 -0.0365 0.1978 0.0312 -0.2837 -0.3323 -0.3112 -0.1657 0.2427 0.0974 -0.1323 -0.3154 -0.3297 -0.2905 -0.0463 0.2085 0.0509 -0.2543 -0.3285 -0.3211 -0.2269 0.1522 0.1485 -0.0012 -0.2709
-0.0099 0.1637 0.1033 -0.2428 -0.3235 -0.3263 -0.2359 0.0608 0.2180 -0.0742 -0.2937 -0.3308 -0.3127 -0.1114 0.1024 0.2416 -0.1699 -0.3116 -0.3323 -0.2848 0.0279 0.1937 -0.0170 -0.2900 -0.3304 -0.3108 -0.0740 0.1212 0.2030 -0.2196 -0.3223 -0.3252 -0.2020 0.0832 0.2419 -0.1599 -0.3116 -0.3320 -0.2745 0.0457 0.2133 -0.0871 -0.2989 -0.3329 -0.2994 -0.0071 0.1593 0.0637 -0.2735 -0.3349 -0.3534 -0.3349 -0.2735 0.0637 0.1593 -0.0071 -0.2994 -0.3329 -0.2989 -0.0871 0.2133 0.0457 -0.2745 -0.3320 -0.3116 -0.1599 0.2419 0.0832 -0.2020 -0.3252 -0.3223 -0.2196 0.2030 0.1212 -0.0740 -0.3108 -0.3304 -0.2900 -0.0170 0.1937 0.0279 -0.2848 -0.3323 -0.3116 -0.1699 0.2416 0.1024 -0.1114 -0.3127 -0.3308 -0.2937 -0.0742 0.2180 0.0608 -0.2359 -0.3263 -0.3235 -0.2428 0.1033 0.1637 -0.0099
0.1738 0.0494 -0.2597 -0.3256 -0.3238 -0.2132 0.0702 0.2271 -0.0982 -0.2971 -0.3318 -0.3093 -0.0865 0.1091 0.2377 -0.1779 -0.3128 -0.3321 -0.2837 0.0279 0.1923 -0.0060 -0.2886 -0.3297 -0.3130 -0.0940 0.1137 0.2216 -0.2068 -0.3201 -0.3273 -0.2253 0.0745 0.2376 -0.1441 -0.3085 -0.3328 -0.2841 0.0344 0.2032 -0.0600 -0.2954 -0.3323 -0.3035 -0.0260 0.1448 0.1171 -0.2551 -0.3270 -0.3335 -0.2902 -0.3335 -0.3270 -0.2551 0.1171 0.1448 -0.0260 -0.3035 -0.3323 -0.2954 -0.0600 0.2032 0.0344 -0.2841 -0.3328 -0.3085 -0.1441 0.2376 0.0745 -0.2253 -0.3273 -0.3201 -0.2068 0.2216 0.1137 -0.0940 -0.3130 -0.3297 -0.2886 -0.0060 0.1923 0.0279 -0.2837 -0.3321 -0.3128 -0.1779 0.2377 0.1091 -0.0865 -0.3093 -0.3318 -0.2971 -0.0982 0.2271 0.0702 -0.2132 -0.3238 -0.3256 -0.2597 0.0494 0.1738
0.0025 -0.2779 -0.3275 -0.3209 -0.1864 0.0793 0.2348 -0.1188 -0.3006 -0.3326 -0.3055 -0.0610 0.1174 0.2287 -0.1887 -0.3147 -0.3317 -0.2801 0.0312 0.1937 -0.0060 -0.2881 -0.3294 -0.3144 -0.1093 0.1081 0.2321 -0.1958 -0.3181 -0.3290 -0.2436 0.0660 0.2312 -0.1276 -0.3054 -0.3332 -0.2910 0.0218 0.1909 -0.0259 -0.2918 -0.3313 -0.3075 -0.0485 0.1326 0.1637 -0.2385 -0.3250 -0.3212 -0.1581 0.0366 -0.1581 -0.3212 -0.3250 -0.2385 0.1637 0.1326 -0.0485 -0.3075 -0.3313 -0.2918 -0.0259 0.1909 0.0218 -0.2910 -0.3332 -0.3054 -0.1276 0.2312 0.0660 -0.2436 -0.3290 -0.3181 -0.1958 0.2321 0.1081 -0.1093 -0.3144 -0.3294 -0.2881 -0.0060 0.1937 0.0312 -0.2801 -0.3317 -0.3147 -0.1887 0.2287 0.1174 -0.0610 -0.3055 -0.3326 -0.3006 -0.1188 0.2348 0.0793 -0.1864 -0.3209 -0.3275 -0.2779 0.0025
-0.2299 -0.3295 -0.3176 -0.1563 0.0882 0.2404 -0.1369 -0.3040 -0.3331 -0.3015 -0.0373 0.1270 0.2115 -0.2013 -0.3169 -0.3309 -0.2736 0.0373 0.1978 -0.0170 -0.2886 -0.3294 -0.3148 -0.1174 0.1047 0.2371 -0.1873 -0.3162 -0.3302 -0.2573 0.0578 0.2238 -0.1102 -0.3023 -0.3332 -0.2957 0.0077 0.1746 0.0175 -0.2853 -0.3301 -0.3115 -0.0748 0.1219 0.1989 -0.2227 -0.3229 -0.3243 -0.1922 0.0837 0.1716 0.0837 -0.1922 -0.3243 -0.3229 -0.2227 0.1989 0.1219 -0.0748 -0.3115 -0.3301 -0.2853 0.0175 0.1746 0.0077 -0.2957 -0.3332 -0.3023 -0.1102 0.2238 0.0578 -0.2573 -0.3302 -0.3162 -0.1873 0.2371 0.1047 -0.1174 -0.3148 -0.3294 -0.2886 -0.0170 0.1978 0.0373 -0.2736 -0.3309 -0.3169 -0.2013 0.2115 0.1270 -0.0373 -0.3015 -0.3331 -0.3040 -0.1369 0.2404 0.0882 -0.1563 -0.3176 -0.3295 -0.2299
-0.2805 -0.3143 -0.1247 0.0971 0.2429 -0.1533 -0.3072 -0.3332 -0.2975 -0.0166 0.1382 0.1833 -0.2151 -0.3193 -0.3296 -0.2637 0.0452 0.2042 -0.0365 -0.2900 -0.3297 -0.3144 -0.1174 0.1035 0.2391 -0.1819 -0.3149 -0.3309 -0.2668 0.0504 0.2164 -0.0919 -0.2993 -0.3329 -0.2994 -0.0080 0.1581 0.0688 -0.2712 -0.3286 -0.3153 -0.1045 0.1120 0.2224 -0.2076 -0.3205 -0.3269 -0.2197 0.0771 0.2326 0.0485 0.2326 0.0771 -0.2197 -0.3269 -0.3205 -0.2076 0.2224 0.1120 -0.1045 -0.3153 -0.3286 -0.2712 0.0688 0.1581 -0.0080 -0.2994 -0.3329 -0.2993 -0.0919 0.2164 0.0504 -0.2668 -0.3309 -0.3149 -0.1819 0.2391 0.1035 -0.1174 -0.3144 -0.3297 -0.2900 -0.0365 0.2042 0.0452 -0.2637 -0.3296 -0.3193 -0.2151 0.1833 0.1382 -0.0166 -0.2975 -0.3332 -0.3072 -0.1533 0.2429 0.0971 -0.1247 -0.3143 -0.2805
-0.2795 -0.0917 0.1060 0.2407 -0.1687 -0.3103 -0.3330 -0.2932 0.0010 0.1515 0.1426 -0.2302 -0.3217 -0.3280 -0.2498 0.0540 0.2121 -0.0595 -0.2923 -0.3304 -0.3130 -0.1093 0.1047 0.2391 -0.1800 -0.3142 -0.3313 -0.2725 0.0445 0.2099 -0.0738 -0.2966 -0.3324 -0.3029 -0.0251 0.1447 0.1197 -0.2538 -0.3268 -0.3188 -0.1362 0.1028 0.2361 -0.1929 -0.3179 -0.3290 -0.2412 0.0678 0.2331 -0.1263 -0.2743 -0.1263 0.2331 0.0678 -0.2412 -0.3290 -0.3179 -0.1929 0.2361 0.1028 -0.1362 -0.3188 -0.3268 -0.2538 0.1197 0.1447 -0.0251 -0.3029 -0.3324 -0.2966 -0.0738 0.2099 0.0445 -0.2725 -0.3313 -0.3142 -0.1800 0.2391 0.1047 -0.1093 -0.3130 -0.3304 -0.2923 -0.0595 0.2121 0.0540 -0.2498 -0.3280 -0.3217 -0.2302 0.1426 0.1515 0.0010 -0.2932 -0.3330 -0.3103 -0.1687 0.2407 0.1060 -0.0917 -0.2795
-0.1006 0.1169 0.2321 -0.1836 -0.3133 -0.3324 -0.2873 0.0161 0.1671 0.0920 -0.2463 -0.3239 -0.3258 -0.2313 0.0631 0.2206 -0.0825 -0.2951 -0.3313 -0.3108 -0.0940 0.1081 0.2371 -0.1819 -0.3142 -0.3314 -0.2752 0.0405 0.2053 -0.0577 -0.2943 -0.3318 -0.3060 -0.0432 0.1341 0.1614 -0.2384 -0.3249 -0.3218 -0.1673 0.0939 0.2421 -0.1782 -0.3152 -0.3306 -0.2585 0.0581 0.2248 -0.1142 -0.3042 -0.3347 -0.3042 -0.1142 0.2248 0.0581 -0.2585 -0.3306 -0.3152 -0.1782 0.2421 0.0939 -0.1673 -0.3218 -0.3249 -0.2384 0.1614 0.1341 -0.0432 -0.3060 -0.3318 -0.2943 -0.0577 0.2053 0.0405 -0.2752 -0.3314 -0.3142 -0.1819 0.2371 0.1081 -0.0940 -0.3108 -0.3313 -0.2951 -0.0825 0.2206 0.0631 -0.2313 -0.3258 -0.3239 -0.2463 0.0920 0.1671 0.0161 -0.2873 -0.3324 -0.3133 -0.1836 0.2321 0.1169 -0.1006
0.1199 0.2149 -0.1982 -0.3162 -0.3314 -0.2789 0.0292 0.1845 0.0386 -0.2635 -0.3260 -0.3232 -0.2079 0.0722 0.2290 -0.1037 -0.2981 -0.3321 -0.3078 -0.0740 0.1137 0.2321 -0.1873 -0.3149 -0.3313 -0.2752 0.0392 0.2029 -0.0466 -0.2927 -0.3312 -0.3085 -0.0607 0.1257 0.1914 -0.2250 -0.3230 -0.3244 -0.1948 0.0853 0.2425 -0.1632 -0.3122 -0.3318 -0.2720 0.0479 0.2154 -0.0922 -0.2998 -0.3420 -0.3508 -0.3420 -0.2998 -0.0922 0.2154 0.0479 -0.2720 -0.3318 -0.3122 -0.1632 0.2425 0.0853 -0.1948 -0.3244 -0.3230 -0.2250 0.1914 0.1257 -0.0607 -0.3085 -0.3312 -0.2927 -0.0466 0.2029 0.0392 -0.2752 -0.3313 -0.3149 -0.1873 0.2321 0.1137 -0.0740 -0.3078 -0.3321 -0.2981 -0.1037 0.2290 0.0722 -0.2079 -0.3232 -0.3260 -0.2635 0.0386 0.1845 0.0292 -0.2789 -0.3314 -0.3162 -0.1982 0.2149 0.1199
0.1739 -0.2130 -0.3188 -0.3301 -0.2675 0.0410 0.1988 -0.0087 -0.2804 -0.3279 -0.3202 -0.1803 0.0812 0.2362 -0.1229 -0.3014 -0.3328 -0.3043 -0.0524 0.1212 0.2216 -0.1958 -0.3162 -0.3309 -0.2725 0.0405 0.2029 -0.0427 -0.2918 -0.3308 -0.3102 -0.0751 0.1193 0.2108 -0.2135 -0.3211 -0.3265 -0.2178 0.0772 0.2391 -0.1482 -0.3093 -0.3327 -0.2823 0.0368 0.2053 -0.0662 -0.2962 -0.3323 -0.3143 -0.1915 -0.3143 -0.3323 -0.2962 -0.0662 0.2053 0.0368 -0.2823 -0.3327 -0.3093 -0.1482 0.2391 0.0772 -0.2178 -0.3265 -0.3211 -0.2135 0.2108 0.1193 -0.0751 -0.3102 -0.3308 -0.2918 -0.0427 0.2029 0.0405 -0.2725 -0.3309 -0.3162 -0.1958 0.2216 0.1212 -0.0524 -0.3043 -0.3328 -0.3014 -0.1229 0.2362 0.0812 -0.1803 -0.3202 -0.3279 -0.2804 -0.0087 0.1988 0.0410 -0.2675 -0.3301 -0.3188 -0.2130 0.1739
-0.1897 -0.3217 -0.3283 -0.2526 0.0517 0.2091 -0.0466 -0.2903 -0.3295 -0.3168 -0.1497 0.0901 0.2413 -0.1405 -0.3046 -0.3331 -0.3005 -0.0316 0.1302 0.2030 -0.2068 -0.3181 -0.3302 -0.2668 0.0445 0.2053 -0.0466 -0.2918 -0.3307 -0.3110 -0.0846 0.1150 0.2220 -0.2043 -0.3194 -0.3281 -0.2358 0.0693 0.2336 -0.1329 -0.3063 -0.3331 -0.2896 0.0247 0.1942 -0.0338 -0.2926 -0.3315 -0.3063 -0.0396 0.0730 -0.0396 -0.3063 -0.3315 -0.2926 -0.0338 0.1942 0.0247 -0.2896 -0.3331 -0.3063 -0.1329 0.2336 0.0693 -0.2358 -0.3281 -0.3194 -0.2043 0.2220 0.1150 -0.0846 -0.3110 -0.3307 -0.2918 -0.0466 0.2053 0.0445 -0.2668 -0.3302 -0.3181 -0.2068 0.2030 0.1302 -0.0316 -0.3005 -0.3331 -0.3046 -0.1405 0.2413 0.0901 -0.1497 -0.3168 -0.3295 -0.2903 -0.0466 0.2091 0.0517 -0.2526 -0.3283 -0.3217 -0.1897
-0.2706 -0.3265 -0.2339 0.0617 0.2189 -0.0763 -0.2939 -0.3308 -0.3132 -0.1178 0.0990 0.2428 -0.1566 -0.3079 -0.3332 -0.2967 -0.0125 0.1411 0.1738 -0.2196 -0.3201 -0.3290 -0.2573 0.0504 0.2099 -0.0577 -0.2927 -0.3308 -0.3110 -0.0880 0.1129 0.2276 -0.1980 -0.3180 -0.3292 -0.2489 0.0622 0.2272 -0.1173 -0.3034 -0.3332 -0.2945 0.0115 0.1789 0.0072 -0.2878 -0.3304 -0.3106 -0.0673 0.1176 0.2154 0.1176 -0.0673 -0.3106 -0.3304 -0.2878 0.0072 0.1789 0.0115 -0.2945 -0.3332 -0.3034 -0.1173 0.2272 0.0622 -0.2489 -0.3292 -0.3180 -0.1980 0.2276 0.1129 -0.0880 -0.3110 -0.3308 -0.2927 -0.0577 0.2099 0.0504 -0.2573 -0.3290 -0.3201 -0.2196 0.1738 0.1411 -0.0125 -0.2967 -0.3332 -0.3079 -0.1566 0.2428 0.0990 -0.1178 -0.3132 -0.3308 -0.2939 -0.0763 0.2189 0.0617 -0.2339 -0.3265 -0.2706
-0.2866 -0.2100 0.0711 0.2279 -0.1004 -0.2975 -0.3319 -0.3092 -0.0870 0.1081 0.2395 -0.1719 -0.3110 -0.3329 -0.2922 0.0044 0.1546 0.1322 -0.2339 -0.3223 -0.3273 -0.2436 0.0578 0.2164 -0.0738 -0.2943 -0.3312 -0.3102 -0.0846 0.1129 0.2292 -0.1947 -0.3171 -0.3299 -0.2575 0.0563 0.2212 -0.1020 -0.3007 -0.3330 -0.2981 -0.0027 0.1625 0.0553 -0.2756 -0.3289 -0.3145 -0.0979 0.1139 0.2268 -0.1071 0.2268 0.1139 -0.0979 -0.3145 -0.3289 -0.2756 0.0553 0.1625 -0.0027 -0.2981 -0.3330 -0.3007 -0.1020 0.2212 0.0563 -0.2575 -0.3299 -0.3171 -0.1947 0.2292 0.1129 -0.0846 -0.3102 -0.3312 -0.2943 -0.0738 0.2164 0.0578 -0.2436 -0.3273 -0.3223 -0.2339 0.1322 0.1546 0.0044 -0.2922 -0.3329 -0.3110 -0.1719 0.2395 0.1081 -0.0870 -0.3092 -0.3319 -0.2975 -0.1004 0.2279 0.0711 -0.2100 -0.2866
-0.2040 0.0816 0.2355 -0.1207 -0.3009 -0.3327 -0.3052 -0.0591 0.1176 0.2293 -0.1867 -0.3139 -0.3322 -0.2857 0.0190 0.1708 0.0806 -0.2498 -0.3244 -0.3252 -0.2253 0.0660 0.2238 -0.0919 -0.2966 -0.3318 -0.3085 -0.0751 0.1150 0.2276 -0.1947 -0.3168 -0.3302 -0.2623 0.0521 0.2163 -0.0885 -0.2984 -0.3327 -0.3012 -0.0177 0.1493 0.1037 -0.2586 -0.3273 -0.3180 -0.1292 0.1048 0.2335 -0.1922 -0.2987 -0.1922 0.2335 0.1048 -0.1292 -0.3180 -0.3273 -0.2586 0.1037 0.1493 -0.0177 -0.3012 -0.3327 -0.2984 -0.0885 0.2163 0.0521 -0.2623 -0.3302 -0.3168 -0.1947 0.2276 0.1150 -0.0751 -0.3085 -0.3318 -0.2966 -0.0919 0.2238 0.0660 -0.2253 -0.3252 -0.3244 -0.2498 0.0806 0.1708 0.0190 -0.2857 -0.3322 -0.3139 -0.1867 0.2293 0.1176 -0.0591 -0.3052 -0.3327 -0.3009 -0.1207 0.2355 0.0816 -0.2040
0.0798 0.2408 -0.1385 -0.3043 -0.3331 -0.3011 -0.0351 0.1279 0.2102 -0.2014 -0.3168 -0.3312 -0.2767 0.0318 0.1877 0.0279 -0.2673 -0.3264 -0.3226 -0.2020 0.0745 0.2312 -0.1102 -0.2993 -0.3324 -0.3060 -0.0607 0.1193 0.2220 -0.1980 -0.3171 -0.3302 -0.2638 0.0499 0.2132 -0.0780 -0.2966 -0.3323 -0.3038 -0.0328 0.1389 0.1450 -0.2439 -0.3256 -0.3210 -0.1597 0.0959 0.2413 -0.1817 -0.3186 -0.3456 -0.3186 -0.1817 0.2413 0.0959 -0.1597 -0.3210 -0.3256 -0.2439 0.1450 0.1389 -0.0328 -0.3038 -0.3323 -0.2966 -0.0780 0.2132 0.0499 -0.2638 -0.3302 -0.3171 -0.1980 0.2220 0.1193 -0.0607 -0.3060 -0.3324 -0.2993 -0.1102 0.2312 0.0745 -0.2020 -0.3226 -0.3264 -0.2673 0.0279 0.1877 0.0318 -0.2767 -0.3312 -0.3168 -0.2014 0.2102 0.1279 -0.0351 -0.3011 -0.3331 -0.3043 -0.1385 0.2408 0.0798
0.2299 -0.1548 -0.3075 -0.3332 -0.2972 -0.0147 0.1394 0.1800 -0.2163 -0.3194 -0.3297 -0.2647 0.0434 0.2010 -0.0175 -0.2828 -0.3282 -0.3195 -0.1740 0.0832 0.2376 -0.1276 -0.3023 -0.3329 -0.3029 -0.0432 0.1257 0.2108 -0.2043 -0.3180 -0.3299 -0.2623 0.0499 0.2122 -0.0722 -0.2955 -0.3319 -0.3058 -0.0460 0.1312 0.1755 -0.2313 -0.3238 -0.3236 -0.1867 0.0876 0.2428 -0.1667 -0.3130 -0.3438 -0.3385 -0.3438 -0.3130 -0.1667 0.2428 0.0876 -0.1867 -0.3236 -0.3238 -0.2313 0.1755 0.1312 -0.0460 -0.3058 -0.3319 -0.2955 -0.0722 0.2122 0.0499 -0.2623 -0.3299 -0.3180 -0.2043 0.2108 0.1257 -0.0432 -0.3029 -0.3329 -0.3023 -0.1276 0.2376 0.0832 -0.1740 -0.3195 -0.3282 -0.2828 -0.0175 0.2010 0.0434 -0.2647 -0.3297 -0.3194 -0.2163 0.1800 0.1394 -0.0147 -0.2972 -0.3332 -0.3075 -0.1548 0.2299
-0.1479 -0.3109 -0.3329 -0.2927 0.0026 0.1529 0.1380 -0.2317 -0.3219 -0.3278 -0.2490 0.0539 0.2112 -0.0535 -0.2910 -0.3298 -0.3161 -0.1430 0.0920 0.2419 -0.1441 -0.3054 -0.3332 -0.2994 -0.0251 0.1341 0.1914 -0.2135 -0.3194 -0.3292 -0.2575 0.0521 0.2132 -0.0722 -0.2951 -0.3317 -0.3071 -0.0562 0.1258 0.1953 -0.2211 -0.3222 -0.3256 -0.2091 0.0800 0.2404 -0.1524 -0.3100 -0.3322 -0.2804 -0.0581 -0.2804 -0.3322 -0.3100 -0.1524 0.2404 0.0800 -0.2091 -0.3256 -0.3222 -0.2211 0.1953 0.1258 -0.0562 -0.3071 -0.3317 -0.2951 -0.0722 0.2132 0.0521 -0.2575 -0.3292 -0.3194 -0.2135 0.1914 0.1341 -0.0251 -0.2994 -0.3332 -0.3054 -0.1441 0.2419 0.0920 -0.1430 -0.3161 -0.3298 -0.2910 -0.0535 0.2112 0.0539 -0.2490 -0.3278 -0.3219 -0.2317 0.1380 0.1529 0.0026 -0.2927 -0.3329 -0.3109 -0.1479
-0.2582 -0.3327 -0.2866 0.0175 0.1688 0.0867 -0.2479 -0.3242 -0.3256 -0.2293 0.0637 0.2209 -0.0818 -0.2947 -0.3311 -0.3123 -0.1111 0.1009 0.2426 -0.1599 -0.3085 -0.3332 -0.2957 -0.0080 0.1447 0.1614 -0.2250 -0.3211 -0.3281 -0.2489 0.0563 0.2163 -0.0780 -0.2955 -0.3317 -0.3076 -0.0619 0.1226 0.2066 -0.2138 -0.3208 -0.3270 -0.2260 0.0730 0.2360 -0.1384 -0.3072 -0.3328 -0.2874 0.0287 0.1089 0.0287 -0.2874 -0.3328 -0.3072 -0.1384 0.2360 0.0730 -0.2260 -0.3270 -0.3208 -0.2138 0.2066 0.1226 -0.0619 -0.3076 -0.3317 -0.2955 -0.0780 0.2163 0.0563 -0.2489 -0.3281 -0.3211 -0.2250 0.1614 0.1447 -0.0080 -0.2957 -0.3332 -0.3085 -0.1599 0.2426 0.1009 -0.1111 -0.3123 -0.3311 -0.2947 -0.0818 0.2209 0.0637 -0.2293 -0.3256 -0.3242 -0.2479 0.0867 0.1688 0.0175 -0.2866 -0.3327 -0.2582
-0.2889 -0.2780 0.0304 0.1860 0.0336 -0.2653 -0.3262 -0.3229 -0.2053 0.0731 0.2296 -0.1049 -0.2982 -0.3321 -0.3084 -0.0808 0.1100 0.2380 -0.1750 -0.3116 -0.3328 -0.2910 0.0077 0.1581 0.1197 -0.2384 -0.3230 -0.3265 -0.2358 0.0622 0.2212 -0.0885 -0.2966 -0.3319 -0.3071 -0.0619 0.1215 0.2118 -0.2092 -0.3198 -0.3280 -0.2379 0.0671 0.2310 -0.1248 -0.3046 -0.3332 -0.2931 0.0163 0.1644 0.2302 0.1644 0.0163 -0.2931 -0.3332 -0.3046 -0.1248 0.2310 0.0671 -0.2379 -0.3280 -0.3198 -0.2092 0.2118 0.1215 -0.0619 -0.3071 -0.3319 -0.2966 -0.0885 0.2212 0.0622 -0.2358 -0.3265 -0.3230 -0.2384 0.1197 0.1581 0.0077 -0.2910 -0.3328 -0.3116 -0.1750 0.2380 0.1100 -0.0808 -0.3084 -0.3321 -0.2982 -0.1049 0.2296 0.0731 -0.2053 -0.3229 -0.3262 -0.2653 0.0336 0.1860 0.0304 -0.2780 -0.2889
-0.2576 0.0434 0.1998 -0.0129 -0.2815 -0.3280 -0.3199 -0.1774 0.0821 0.2368 -0.1246 -0.3016 -0.3328 -0.3043 -0.0537 0.1197 0.2261 -0.1898 -0.3146 -0.3320 -0.2841 0.0218 0.1746 0.0688 -0.2538 -0.3249 -0.3244 -0.2178 0.0693 0.2272 -0.1020 -0.2984 -0.3323 -0.3058 -0.0562 0.1226 0.2118 -0.2076 -0.3193 -0.3286 -0.2456 0.0626 0.2264 -0.1126 -0.3022 -0.3331 -0.2966 0.0029 0.1668 0.0597 -0.2002 0.0597 0.1668 0.0029 -0.2966 -0.3331 -0.3022 -0.1126 0.2264 0.0626 -0.2456 -0.3286 -0.3193 -0.2076 0.2118 0.1226 -0.0562 -0.3058 -0.3323 -0.2984 -0.1020 0.2272 0.0693 -0.2178 -0.3244 -0.3249 -0.2538 0.0688 0.1746 0.0218 -0.2841 -0.3320 -0.3146 -0.1898 0.2261 0.1197 -0.0537 -0.3043 -0.3328 -0.3016 -0.1246 0.2368 0.0821 -0.1774 -0.3199 -0.3280 -0.2815 -0.0129 0.1998 0.0434 -0.2576
0.0377 0.2101 -0.0498 -0.2906 -0.3296 -0.3165 -0.1465 0.0910 0.2416 -0.1421 -0.3050 -0.3332 -0.3003 -0.0305 0.1302 0.2048 -0.2045 -0.3173 -0.3309 -0.2745 0.0344 0.1909 0.0175 -0.2712 -0.3268 -0.3218 -0.1948 0.0772 0.2336 -0.1173 -0.3007 -0.3327 -0.3038 -0.0460 0.1258 0.2066 -0.2092 -0.3193 -0.3288 -0.2494 0.0597 0.2230 -0.1030 -0.3004 -0.3329 -0.2993 -0.0102 0.1548 0.0830 -0.2614 -0.3156 -0.2614 0.0830 0.1548 -0.0102 -0.2993 -0.3329 -0.3004 -0.1030 0.2230 0.0597 -0.2494 -0.3288 -0.3193 -0.2092 0.2066 0.1258 -0.0460 -0.3038 -0.3327 -0.3007 -0.1173 0.2336 0.0772 -0.1948 -0.3218 -0.3268 -0.2712 0.0175 0.1909 0.0344 -0.2745 -0.3309 -0.3173 -0.2045 0.2048 0.1302 -0.0305 -0.3003 -0.3332 -0.3050 -0.1421 0.2416 0.0910 -0.1465 -0.3165 -0.3296 -0.2906 -0.0498 0.2101 0.0377
0.2101 -0.0790 -0.2942 -0.3310 -0.3128 -0.1147 0.0999 0.2428 -0.1581 -0.3082 -0.3332 -0.2963 -0.0108 0.1421 0.1721 -0.2195 -0.3199 -0.3294 -0.2617 0.0457 0.2032 -0.0259 -0.2853 -0.3286 -0.3188 -0.1673 0.0853 0.2391 -0.1329 -0.3034 -0.3330 -0.3012 -0.0328 0.1312 0.1953 -0.2138 -0.3198 -0.3286 -0.2494 0.0587 0.2211 -0.0965 -0.2990 -0.3327 -0.3015 -0.0222 0.1448 0.1249 -0.2508 -0.3314 -0.3523 -0.3314 -0.2508 0.1249 0.1448 -0.0222 -0.3015 -0.3327 -0.2990 -0.0965 0.2211 0.0587 -0.2494 -0.3286 -0.3198 -0.2138 0.1953 0.1312 -0.0328 -0.3012 -0.3330 -0.3034 -0.1329 0.2391 0.0853 -0.1673 -0.3188 -0.3286 -0.2853 -0.0259 0.2032 0.0457 -0.2617 -0.3294 -0.3199 -0.2195 0.1721 0.1421 -0.0108 -0.2963 -0.3332 -0.3082 -0.1581 0.2428 0.0999 -0.1147 -0.3128 -0.3310 -0.2942 -0.0790 0.2101
-0.0907 -0.2981 -0.3320 -0.3089 -0.0841 0.1090 0.2388 -0.1733 -0.3113 -0.3329 -0.2916 0.0059 0.1560 0.1278 -0.2351 -0.3224 -0.3274 -0.2452 0.0560 0.2133 -0.0600 -0.2918 -0.3301 -0.3153 -0.1362 0.0939 0.2425 -0.1482 -0.3063 -0.3332 -0.2981 -0.0177 0.1389 0.1755 -0.2211 -0.3208 -0.3280 -0.2456 0.0597 0.2211 -0.0940 -0.2984 -0.3325 -0.3030 -0.0318 0.1379 0.1547 -0.2389 -0.3247 -0.3369 -0.3073 -0.3369 -0.3247 -0.2389 0.1547 0.1379 -0.0318 -0.3030 -0.3325 -0.2984 -0.0940 0.2211 0.0597 -0.2456 -0.3280 -0.3208 -0.2211 0.1755 0.1389 -0.0177 -0.2981 -0.3332 -0.3063 -0.1482 0.2425 0.0939 -0.1362 -0.3153 -0.3301 -0.2918 -0.0600 0.2133 0.0560 -0.2452 -0.3274 -0.3224 -0.2351 0.1278 0.1560 0.0059 -0.2916 -0.3329 -0.3113 -0.1733 0.2388 0.1090 -0.0841 -0.3089 -0.3320 -0.2981 -0.0907
-0.2437 -0.3331 -0.3048 -0.0566 0.1186 0.2278 -0.1881 -0.3142 -0.3321 -0.2850 0.0203 0.1726 0.0753 -0.2515 -0.3246 -0.3251 -0.2246 0.0657 0.2228 -0.0871 -0.2954 -0.3313 -0.3115 -0.1045 0.1028 0.2421 -0.1632 -0.3093 -0.3331 -0.2945 -0.0027 0.1493 0.1450 -0.2313 -0.3222 -0.3270 -0.2379 0.0626 0.2230 -0.0965 -0.2984 -0.3324 -0.3038 -0.0381 0.1335 0.1732 -0.2302 -0.3233 -0.3238 -0.1904 0.0242 -0.1904 -0.3238 -0.3233 -0.2302 0.1732 0.1335 -0.0381 -0.3038 -0.3324 -0.2984 -0.0965 0.2230 0.0626 -0.2379 -0.3270 -0.3222 -0.2313 0.1450 0.1493 -0.0027 -0.2945 -0.3331 -0.3093 -0.1632 0.2421 0.1028 -0.1045 -0.3115 -0.3313 -0.2954 -0.0871 0.2228 0.0657 -0.2246 -0.3251 -0.3246 -0.2515 0.0753 0.1726 0.0203 -0.2850 -0.3321 -0.3142 -0.1881 0.2278 0.1186 -0.0566 -0.3048 -0.3331 -0.2437
-0.2862 -0.3011 -0.0330 0.1290 0.2077 -0.2028 -0.3170 -0.3310 -0.2757 0.0330 0.1892 0.0230 -0.2691 -0.3266 -0.3223 -0.1997 0.0750 0.2313 -0.1093 -0.2989 -0.3323 -0.3075 -0.0748 0.1120 0.2361 -0.1782 -0.3122 -0.3327 -0.2896 0.0115 0.1625 0.1037 -0.2439 -0.3238 -0.3256 -0.2260 0.0671 0.2264 -0.1030 -0.2990 -0.3325 -0.3038 -0.0403 0.1313 0.1836 -0.2245 -0.3223 -0.3254 -0.2114 0.0763 0.1598 0.0763 -0.2114 -0.3254 -0.3223 -0.2245 0.1836 0.1313 -0.0403 -0.3038 -0.3325 -0.2990 -0.1030 0.2264 0.0671 -0.2260 -0.3256 -0.3238 -0.2439 0.1037 0.1625 0.0115 -0.2896 -0.3327 -0.3122 -0.1782 0.2361 0.1120 -0.0748 -0.3075 -0.3323 -0.2989 -0.1093 0.2313 0.0750 -0.1997 -0.3223 -0.3266 -0.2691 0.0230 0.1892 0.0330 -0.2757 -0.3310 -0.3170 -0.2028 0.2077 0.1290 -0.0330 -0.3011 -0.2862
-0.2720 -0.0115 0.1406 0.1764 -0.2178 -0.3197 -0.3295 -0.2633 0.0444 0.2020 -0.0215 -0.2840 -0.3284 -0.3192 -0.1711 0.0840 0.2381 -0.1285 -0.3024 -0.3329 -0.3035 -0.0485 0.1219 0.2224 -0.1929 -0.3152 -0.3318 -0.2823 0.0247 0.1789 0.0553 -0.2586 -0.3256 -0.3236 -0.2091 0.0730 0.2310 -0.1126 -0.3004 -0.3327 -0.3030 -0.0381 0.1313 0.1870 -0.2215 -0.3217 -0.3265 -0.2239 0.0730 0.2249 0.0877 0.2249 0.0730 -0.2239 -0.3265 -0.3217 -0.2215 0.1870 0.1313 -0.0381 -0.3030 -0.3327 -0.3004 -0.1126 0.2310 0.0730 -0.2091 -0.3236 -0.3256 -0.2586 0.0553 0.1789 0.0247 -0.2823 -0.3318 -0.3152 -0.1929 0.2224 0.1219 -0.0485 -0.3035 -0.3329 -0.3024 -0.1285 0.2381 0.0840 -0.1711 -0.3192 -0.3284 -0.2840 -0.0215 0.2020 0.0444 -0.2633 -0.3295 -0.3197 -0.2178 0.1764 0.1406 -0.0115 -0.2720
-0.0208 0.1547 0.1334 -0.2333 -0.3221 -0.3276 -0.2472 0.0549 0.2122 -0.0566 -0.2914 -0.3299 -0.3157 -0.1398 0.0928 0.2422 -0.1456 -0.3057 -0.3332 -0.2994 -0.0260 0.1326 0.1989 -0.2076 -0.3179 -0.3306 -0.2720 0.0368 0.1942 0.0072 -0.2756 -0.3273 -0.3210 -0.1867 0.0800 0.2360 -0.1248 -0.3022 -0.3329 -0.3015 -0.0318 0.1335 0.1836 -0.2215 -0.3214 -0.3269 -0.2304 0.0693 0.2320 -0.1188 -0.2668 -0.1188 0.2320 0.0693 -0.2304 -0.3269 -0.3214 -0.2215 0.1836 0.1335 -0.0318 -0.3015 -0.3329 -0.3022 -0.1248 0.2360 0.0800 -0.1867 -0.3210 -0.3273 -0.2756 0.0072 0.1942 0.0368 -0.2720 -0.3306 -0.3179 -0.2076 0.1989 0.1326 -0.0260 -0.2994 -0.3332 -0.3057 -0.1456 0.2422 0.0928 -0.1398 -0.3157 -0.3299 -0.2914 -0.0566 0.2122 0.0549 -0.2472 -0.3276 -0.3221 -0.2333 0.1334 0.1547 -0.0208
0.1635 0.0811 -0.2496 -0.3244 -0.3253 -0.2271 0.0647 0.2218 -0.0843 -0.2950 -0.3312 -0.3120 -0.1080 0.1018 0.2424 -0.1614 -0.3089 -0.3331 -0.2954 -0.0071 0.1448 0.1637 -0.2227 -0.3205 -0.3290 -0.2585 0.0479 0.2053 -0.0338 -0.2878 -0.3289 -0.3180 -0.1597 0.0876 0.2404 -0.1384 -0.3046 -0.3331 -0.2993 -0.0222 0.1379 0.1732 -0.2245 -0.3217 -0.3269 -0.2325 0.0675 0.2295 -0.1182 -0.3037 -0.3337 -0.3037 -0.1182 0.2295 0.0675 -0.2325 -0.3269 -0.3217 -0.2245 0.1732 0.1379 -0.0222 -0.2993 -0.3331 -0.3046 -0.1384 0.2404 0.0876 -0.1597 -0.3180 -0.3289 -0.2878 -0.0338 0.2053 0.0479 -0.2585 -0.3290 -0.3205 -0.2227 0.1637 0.1448 -0.0071 -0.2954 -0.3331 -0.3089 -0.1614 0.2424 0.1018 -0.1080 -0.3120 -0.3312 -0.2950 -0.0843 0.2218 0.0647 -0.2271 -0.3253 -0.3244 -0.2496 0.0811 0.1635
0.0277 -0.2669 -0.3264 -0.3226 -0.2027 0.0740 0.2304 -0.1070 -0.2985 -0.3322 -0.3080 -0.0780 0.1110 0.2371 -0.1765 -0.3119 -0.3327 -0.2904 0.0091 0.1593 0.1171 -0.2385 -0.3229 -0.3269 -0.2412 0.0581 0.2154 -0.0662 -0.2926 -0.3304 -0.3145 -0.1292 0.0959 0.2428 -0.1524 -0.3072 -0.3332 -0.2966 -0.0102 0.1448 0.1547 -0.2302 -0.3223 -0.3265 -0.2304 0.0675 0.2287 -0.1138 -0.3018 -0.3417 -0.3494 -0.3417 -0.3018 -0.1138 0.2287 0.0675 -0.2304 -0.3265 -0.3223 -0.2302 0.1547 0.1448 -0.0102 -0.2966 -0.3332 -0.3072 -0.1524 0.2428 0.0959 -0.1292 -0.3145 -0.3304 -0.2926 -0.0662 0.2154 0.0581 -0.2412 -0.3269 -0.3229 -0.2385 0.1171 0.1593 0.0091 -0.2904 -0.3327 -0.3119 -0.1765 0.2371 0.1110 -0.0780 -0.3080 -0.3322 -0.2985 -0.1070 0.2304 0.0740 -0.2027 -0.3226 -0.3264 -0.2669 0.0277
-0.2237 -0.3285 -0.3194 -0.1744 0.0830 0.2374 -0.1265 -0.3020 -0.3327 -0.3038 -0.0512 0.1208 0.2243 -0.1912 -0.3148 -0.3318 -0.2832 0.0232 0.1766 0.0637 -0.2551 -0.3250 -0.3243 -0.2197 0.0678 0.2248 -0.0922 -0.2962 -0.3315 -0.3106 -0.0979 0.1048 0.2413 -0.1667 -0.3100 -0.3328 -0.2931 0.0029 0.1548 0.1249 -0.2389 -0.3233 -0.3254 -0.2239 0.0693 0.2295 -0.1138 -0.3013 -0.3326 -0.3100 -0.1746 -0.3100 -0.3326 -0.3013 -0.1138 0.2295 0.0693 -0.2239 -0.3254 -0.3233 -0.2389 0.1249 0.1548 0.0029 -0.2931 -0.3328 -0.3100 -0.1667 0.2413 0.1048 -0.0979 -0.3106 -0.3315 -0.2962 -0.0922 0.2248 0.0678 -0.2197 -0.3243 -0.3250 -0.2551 0.0637 0.1766 0.0232 -0.2832 -0.3318 -0.3148 -0.1912 0.2243 0.1208 -0.0512 -0.3038 -0.3327 -0.3020 -0.1265 0.2374 0.0830 -0.1744 -0.3194 -0.3285 -0.2237
-0.2793 -0.3160 -0.1414 0.0919 0.2419 -0.1442 -0.3054 -0.3330 -0.2995 -0.0272 0.1309 0.2011 -0.2063 -0.3177 -0.3304 -0.2726 0.0361 0.1929 0.0112 -0.2735 -0.3270 -0.3212 -0.1922 0.0771 0.2331 -0.1142 -0.2998 -0.3323 -0.3063 -0.0673 0.1139 0.2335 -0.1817 -0.3130 -0.3322 -0.2874 0.0163 0.1668 0.0830 -0.2508 -0.3247 -0.3238 -0.2114 0.0730 0.2320 -0.1182 -0.3018 -0.3326 -0.2994 -0.0156 0.0818 -0.0156 -0.2994 -0.3326 -0.3018 -0.1182 0.2320 0.0730 -0.2114 -0.3238 -0.3247 -0.2508 0.0830 0.1668 0.0163 -0.2874 -0.3322 -0.3130 -0.1817 0.2335 0.1139 -0.0673 -0.3063 -0.3323 -0.2998 -0.1142 0.2331 0.0771 -0.1922 -0.3212 -0.3270 -0.2735 0.0112 0.1929 0.0361 -0.2726 -0.3304 -0.3177 -0.2063 0.2011 0.1309 -0.0272 -0.2995 -0.3330 -0.3054 -0.1442 0.2419 0.0919 -0.1414 -0.3160 -0.2793
-0.2927 -0.1042 0.0972 0.2440 -0.1550 -0.3103 -0.3435 -0.3032 -0.0067 0.1336 0.1840 -0.2176 -0.3239 -0.3426 -0.2569 0.0467 0.1863 -0.0145 -0.2864 -0.3349 -0.3335 -0.1581 0.0837 0.2326 -0.1263 -0.3042 -0.3420 -0.3143 -0.0396 0.1176 0.2268 -0.1922 -0.3186 -0.3438 -0.2804 0.0287 0.1644 0.0597 -0.2614 -0.3314 -0.3369 -0.1904 0.0763 0.2249 -0.1188 -0.3037 -0.3417 -0.3100 -0.0156 0.1275 0.2170 0.1275 -0.0156 -0.3100 -0.3417 -0.3037 -0.1188 0.2249 0.0763 -0.1904 -0.3369 -0.3314 -0.2614 0.0597 0.1644 0.0287 -0.2804 -0.3438 -0.3186 -0.1922 0.2268 0.1176 -0.0396 -0.3143 -0.3420 -0.3042 -0.1263 0.2326 0.0837 -0.1581 -0.3335 -0.3349 -0.2864 -0.0145 0.1863 0.0467 -0.2569 -0.3426 -0.3239 -0.2176 0.1840 0.1336 -0.0067 -0.3032 -0.3435 -0.3103 -0.1550 0.2440 0.0972 -0.1042 -0.2927
-0.2568 0.0545 0.1928 -0.0308 -0.2887 -0.3396 -0.3472 -0.1346 0.0869 0.2275 -0.1459 -0.3055 -0.3489 -0.3299 -0.0206 0.1241 0.2128 -0.2300 -0.3210 -0.3534 -0.2902 0.0366 0.1716 0.0485 -0.2743 -0.3347 -0.3508 -0.1915 0.0730 0.2154 -0.1071 -0.2987 -0.3456 -0.3385 -0.0581 0.1089 0.2302 -0.2002 -0.3156 -0.3523 -0.3073 0.0242 0.1598 0.0877 -0.2668 -0.3337 -0.3494 -0.1746 0.0818 0.2170 0.0854 0.2170 0.0818 -0.1746 -0.3494 -0.3337 -0.2668 0.0877 0.1598 0.0242 -0.3073 -0.3523 -0.3156 -0.2002 0.2302 0.1089 -0.0581 -0.3385 -0.3456 -0.2987 -0.1071 0.2154 0.0730 -0.1915 -0.3508 -0.3347 -0.2743 0.0485 0.1716 0.0366 -0.2902 -0.3534 -0.3210 -0.2300 0.2128 0.1241 -0.0206 -0.3299 -0.3489 -0.3055 -0.1459 0.2275 0.0869 -0.1346 -0.3472 -0.3396 -0.2887 -0.0308 0.1928 0.0545 -0.2568
