0.1873 -0.0844 -0.2515 -0.3424 -0.3690 0.1046 0.2357 -0.2098 -0.3101 -0.3826 -0.0077 0.2493 -0.1542 -0.2754 -0.3614 -0.2838 0.1619 -0.0087 -0.2392 -0.3318 -0.3825 0.0742 0.2763 -0.1931 -0.2983 -0.3767 -0.0886 0.2193 -0.1257 -0.2632 -0.3520 -0.3408 0.1316 0.1318 -0.2242 -0.3206 -0.3855 0.0381 0.2715 -0.1744 -0.2864 -0.3693 -0.1992 0.1888 -0.0822 -0.2508 -0.3417 -0.3711 0.0974 0.2726 -0.1314 0.2726 0.0974 -0.3711 -0.3417 -0.2508 -0.0822 0.1888 -0.1992 -0.3693 -0.2864 -0.1744 0.2715 0.0381 -0.3855 -0.3206 -0.2242 0.1318 0.1316 -0.3408 -0.3520 -0.2632 -0.1257 0.2193 -0.0886 -0.3767 -0.2983 -0.1931 0.2763 0.0742 -0.3825 -0.3318 -0.2392 -0.0087 0.1619 -0.2838 -0.3614 -0.2754 -0.1542 0.2493 -0.0077 -0.3826 -0.3101 -0.2098 0.2357 0.1046 -0.3690 -0.3424 -0.2515 -0.0844 0.1873
-0.0844 -0.2600 -0.3497 -0.3741 0.1039 0.2462 -0.2145 -0.3174 -0.3886 -0.0096 0.2478 -0.1545 -0.2830 -0.3682 -0.2893 0.1605 0.0043 -0.2472 -0.3390 -0.3881 0.0734 0.2799 -0.1962 -0.3057 -0.3830 -0.0926 0.2174 -0.1240 -0.2709 -0.3589 -0.3461 0.1305 0.1501 -0.2304 -0.3278 -0.3913 0.0371 0.2714 -0.1761 -0.2939 -0.3759 -0.2047 0.1873 -0.0769 -0.2587 -0.3488 -0.3760 0.1005 0.2600 -0.2012 -0.2723 -0.2012 0.2600 0.1005 -0.3760 -0.3488 -0.2587 -0.0769 0.1873 -0.2047 -0.3759 -0.2939 -0.1761 0.2714 0.0371 -0.3913 -0.3278 -0.2304 0.1501 0.1305 -0.3461 -0.3589 -0.2709 -0.1240 0.2174 -0.0926 -0.3830 -0.3057 -0.1962 0.2799 0.0734 -0.3881 -0.3390 -0.2472 0.0043 0.1605 -0.2893 -0.3682 -0.2830 -0.1545 0.2478 -0.0096 -0.3886 -0.3174 -0.2145 0.2462 0.1039 -0.3741 -0.3497 -0.2600 -0.0844
-0.2515 -0.3497 -0.3749 0.1019 0.2516 -0.2128 -0.3162 -0.3881 -0.0164 0.2446 -0.1517 -0.2817 -0.3673 -0.2972 0.1571 0.0181 -0.2455 -0.3378 -0.3888 0.0698 0.2805 -0.1942 -0.3044 -0.3823 -0.1042 0.2141 -0.1200 -0.2696 -0.3578 -0.3505 0.1273 0.1652 -0.2285 -0.3266 -0.3912 0.0324 0.2691 -0.1738 -0.2926 -0.3750 -0.2163 0.1840 -0.0699 -0.2573 -0.3476 -0.3779 0.0981 0.2592 -0.2084 -0.3082 -0.3636 -0.3082 -0.2084 0.2592 0.0981 -0.3779 -0.3476 -0.2573 -0.0699 0.1840 -0.2163 -0.3750 -0.2926 -0.1738 0.2691 0.0324 -0.3912 -0.3266 -0.2285 0.1652 0.1273 -0.3505 -0.3578 -0.2696 -0.1200 0.2141 -0.1042 -0.3823 -0.3044 -0.1942 0.2805 0.0698 -0.3888 -0.3378 -0.2455 0.0181 0.1571 -0.2972 -0.3673 -0.2817 -0.1517 0.2446 -0.0164 -0.3881 -0.3162 -0.2128 0.2516 0.1019 -0.3749 -0.3497 -0.2515
-0.3424 -0.3741 0.1019 0.2536 -0.2117 -0.3153 -0.3877 -0.0229 0.2416 -0.1489 -0.2804 -0.3663 -0.3044 0.1537 0.0328 -0.2437 -0.3366 -0.3895 0.0662 0.2806 -0.1921 -0.3032 -0.3816 -0.1161 0.2107 -0.1157 -0.2682 -0.3567 -0.3545 0.1242 0.1794 -0.2266 -0.3254 -0.3911 0.0276 0.2666 -0.1714 -0.2913 -0.3742 -0.2276 0.1808 -0.0623 -0.2560 -0.3465 -0.3798 0.0950 0.2631 -0.2085 -0.3123 -0.3866 -0.3516 -0.3866 -0.3123 -0.2085 0.2631 0.0950 -0.3798 -0.3465 -0.2560 -0.0623 0.1808 -0.2276 -0.3742 -0.2913 -0.1714 0.2666 0.0276 -0.3911 -0.3254 -0.2266 0.1794 0.1242 -0.3545 -0.3567 -0.2682 -0.1157 0.2107 -0.1161 -0.3816 -0.3032 -0.1921 0.2806 0.0662 -0.3895 -0.3366 -0.2437 0.0328 0.1537 -0.3044 -0.3663 -0.2804 -0.1489 0.2416 -0.0229 -0.3877 -0.3153 -0.2117 0.2536 0.1019 -0.3741 -0.3424
-0.3690 0.1039 0.2516 -0.2117 -0.3150 -0.3874 -0.0277 0.2392 -0.1464 -0.2793 -0.3654 -0.3109 0.1506 0.0480 -0.2419 -0.3354 -0.3900 0.0625 0.2803 -0.1899 -0.3019 -0.3809 -0.1284 0.2074 -0.1112 -0.2669 -0.3557 -0.3583 0.1210 0.1926 -0.2247 -0.3241 -0.3908 0.0225 0.2640 -0.1689 -0.2900 -0.3733 -0.2385 0.1776 -0.0541 -0.2546 -0.3453 -0.3815 0.0918 0.2673 -0.2070 -0.3123 -0.3861 -0.1002 0.1228 -0.1002 -0.3861 -0.3123 -0.2070 0.2673 0.0918 -0.3815 -0.3453 -0.2546 -0.0541 0.1776 -0.2385 -0.3733 -0.2900 -0.1689 0.2640 0.0225 -0.3908 -0.3241 -0.2247 0.1926 0.1210 -0.3583 -0.3557 -0.2669 -0.1112 0.2074 -0.1284 -0.3809 -0.3019 -0.1899 0.2803 0.0625 -0.3900 -0.3354 -0.2419 0.0480 0.1506 -0.3109 -0.3654 -0.2793 -0.1464 0.2392 -0.0277 -0.3874 -0.3150 -0.2117 0.2516 0.1039 -0.3690
0.1046 0.2462 -0.2128 -0.3153 -0.3874 -0.0294 0.2379 -0.1447 -0.2784 -0.3646 -0.3165 0.1477 0.0625 -0.2401 -0.3342 -0.3905 0.0587 0.2796 -0.1878 -0.3006 -0.3801 -0.1409 0.2041 -0.1065 -0.2656 -0.3546 -0.3617 0.1179 0.2048 -0.2228 -0.3229 -0.3905 0.0172 0.2612 -0.1664 -0.2887 -0.3724 -0.2489 0.1744 -0.0451 -0.2533 -0.3442 -0.3830 0.0885 0.2710 -0.2051 -0.3113 -0.3858 -0.0609 0.2093 0.1959 0.2093 -0.0609 -0.3858 -0.3113 -0.2051 0.2710 0.0885 -0.3830 -0.3442 -0.2533 -0.0451 0.1744 -0.2489 -0.3724 -0.2887 -0.1664 0.2612 0.0172 -0.3905 -0.3229 -0.2228 0.2048 0.1179 -0.3617 -0.3546 -0.2656 -0.1065 0.2041 -0.1409 -0.3801 -0.3006 -0.1878 0.2796 0.0587 -0.3905 -0.3342 -0.2401 0.0625 0.1477 -0.3165 -0.3646 -0.2784 -0.1447 0.2379 -0.0294 -0.3874 -0.3153 -0.2128 0.2462 0.1046
0.2357 -0.2145 -0.3162 -0.3877 -0.0277 0.2379 -0.1441 -0.2779 -0.3641 -0.3206 0.1453 0.0758 -0.2386 -0.3332 -0.3908 0.0549 0.2786 -0.1856 -0.2993 -0.3793 -0.1535 0.2008 -0.1015 -0.2642 -0.3534 -0.3650 0.1147 0.2159 -0.2209 -0.3216 -0.3902 0.0116 0.2583 -0.1638 -0.2874 -0.3715 -0.2589 0.1713 -0.0354 -0.2519 -0.3430 -0.3844 0.0851 0.2741 -0.2032 -0.3101 -0.3853 -0.0597 0.2240 -0.1120 -0.2248 -0.1120 0.2240 -0.0597 -0.3853 -0.3101 -0.2032 0.2741 0.0851 -0.3844 -0.3430 -0.2519 -0.0354 0.1713 -0.2589 -0.3715 -0.2874 -0.1638 0.2583 0.0116 -0.3902 -0.3216 -0.2209 0.2159 0.1147 -0.3650 -0.3534 -0.2642 -0.1015 0.2008 -0.1535 -0.3793 -0.2993 -0.1856 0.2786 0.0549 -0.3908 -0.3332 -0.2386 0.0758 0.1453 -0.3206 -0.3641 -0.2779 -0.1441 0.2379 -0.0277 -0.3877 -0.3162 -0.2145 0.2357
-0.2098 -0.3174 -0.3881 -0.0229 0.2392 -0.1447 -0.2779 -0.3639 -0.3226 0.1438 0.0863 -0.2372 -0.3322 -0.3910 0.0515 0.2775 -0.1836 -0.2981 -0.3785 -0.1660 0.1975 -0.0962 -0.2629 -0.3523 -0.3679 0.1115 0.2260 -0.2190 -0.3204 -0.3898 0.0058 0.2553 -0.1611 -0.2861 -0.3705 -0.2684 0.1681 -0.0249 -0.2506 -0.3418 -0.3857 0.0818 0.2765 -0.2011 -0.3088 -0.3847 -0.0672 0.2244 -0.1279 -0.2659 -0.3235 -0.2659 -0.1279 0.2244 -0.0672 -0.3847 -0.3088 -0.2011 0.2765 0.0818 -0.3857 -0.3418 -0.2506 -0.0249 0.1681 -0.2684 -0.3705 -0.2861 -0.1611 0.2553 0.0058 -0.3898 -0.3204 -0.2190 0.2260 0.1115 -0.3679 -0.3523 -0.2629 -0.0962 0.1975 -0.1660 -0.3785 -0.2981 -0.1836 0.2775 0.0515 -0.3910 -0.3322 -0.2372 0.0863 0.1438 -0.3226 -0.3639 -0.2779 -0.1447 0.2392 -0.0229 -0.3881 -0.3174 -0.2098
-0.3101 -0.3886 -0.0164 0.2416 -0.1464 -0.2784 -0.3641 -0.3226 0.1433 0.0917 -0.2364 -0.3315 -0.3912 0.0485 0.2762 -0.1817 -0.2969 -0.3778 -0.1778 0.1943 -0.0906 -0.2616 -0.3512 -0.3707 0.1084 0.2351 -0.2171 -0.3191 -0.3893 -0.0004 0.2522 -0.1584 -0.2848 -0.3696 -0.2774 0.1650 -0.0134 -0.2492 -0.3406 -0.3867 0.0783 0.2783 -0.1991 -0.3075 -0.3840 -0.0771 0.2219 -0.1283 -0.2709 -0.3562 -0.3965 -0.3562 -0.2709 -0.1283 0.2219 -0.0771 -0.3840 -0.3075 -0.1991 0.2783 0.0783 -0.3867 -0.3406 -0.2492 -0.0134 0.1650 -0.2774 -0.3696 -0.2848 -0.1584 0.2522 -0.0004 -0.3893 -0.3191 -0.2171 0.2351 0.1084 -0.3707 -0.3512 -0.2616 -0.0906 0.1943 -0.1778 -0.3778 -0.2969 -0.1817 0.2762 0.0485 -0.3912 -0.3315 -0.2364 0.0917 0.1433 -0.3226 -0.3641 -0.2784 -0.1464 0.2416 -0.0164 -0.3886 -0.3101
-0.3826 -0.0096 0.2446 -0.1489 -0.2793 -0.3646 -0.3206 0.1438 0.0917 -0.2361 -0.3311 -0.3912 0.0461 0.2751 -0.1801 -0.2959 -0.3771 -0.1883 0.1914 -0.0851 -0.2603 -0.3501 -0.3732 0.1052 0.2432 -0.2152 -0.3179 -0.3888 -0.0069 0.2490 -0.1557 -0.2835 -0.3686 -0.2860 0.1618 -0.0010 -0.2478 -0.3394 -0.3877 0.0748 0.2796 -0.1971 -0.3062 -0.3833 -0.0880 0.2187 -0.1254 -0.2710 -0.3583 -0.3666 0.0025 -0.3666 -0.3583 -0.2710 -0.1254 0.2187 -0.0880 -0.3833 -0.3062 -0.1971 0.2796 0.0748 -0.3877 -0.3394 -0.2478 -0.0010 0.1618 -0.2860 -0.3686 -0.2835 -0.1557 0.2490 -0.0069 -0.3888 -0.3179 -0.2152 0.2432 0.1052 -0.3732 -0.3501 -0.2603 -0.0851 0.1914 -0.1883 -0.3771 -0.2959 -0.1801 0.2751 0.0461 -0.3912 -0.3311 -0.2361 0.0917 0.1438 -0.3206 -0.3646 -0.2793 -0.1489 0.2446 -0.0096 -0.3826
-0.0077 0.2478 -0.1517 -0.2804 -0.3654 -0.3165 0.1453 0.0863 -0.2364 -0.3311 -0.3912 0.0448 0.2743 -0.1788 -0.2951 -0.3765 -0.1973 0.1888 -0.0797 -0.2591 -0.3491 -0.3754 0.1021 0.2502 -0.2133 -0.3166 -0.3883 -0.0138 0.2458 -0.1528 -0.2822 -0.3676 -0.2940 0.1584 0.0125 -0.2463 -0.3382 -0.3885 0.0713 0.2803 -0.1950 -0.3050 -0.3826 -0.0995 0.2154 -0.1216 -0.2700 -0.3580 -0.3545 0.1082 0.2465 0.1082 -0.3545 -0.3580 -0.2700 -0.1216 0.2154 -0.0995 -0.3826 -0.3050 -0.1950 0.2803 0.0713 -0.3885 -0.3382 -0.2463 0.0125 0.1584 -0.2940 -0.3676 -0.2822 -0.1528 0.2458 -0.0138 -0.3883 -0.3166 -0.2133 0.2502 0.1021 -0.3754 -0.3491 -0.2591 -0.0797 0.1888 -0.1973 -0.3765 -0.2951 -0.1788 0.2743 0.0448 -0.3912 -0.3311 -0.2364 0.0863 0.1453 -0.3165 -0.3654 -0.2804 -0.1517 0.2478 -0.0077
0.2493 -0.1545 -0.2817 -0.3663 -0.3109 0.1477 0.0758 -0.2372 -0.3315 -0.3912 0.0448 0.2740 -0.1781 -0.2946 -0.3761 -0.2045 0.1866 -0.0746 -0.2581 -0.3481 -0.3772 0.0992 0.2560 -0.2115 -0.3154 -0.3878 -0.0211 0.2426 -0.1499 -0.2809 -0.3667 -0.3017 0.1550 0.0269 -0.2444 -0.3370 -0.3892 0.0677 0.2806 -0.1929 -0.3037 -0.3819 -0.1113 0.2121 -0.1174 -0.2688 -0.3571 -0.3541 0.1206 0.2427 -0.1548 0.2427 0.1206 -0.3541 -0.3571 -0.2688 -0.1174 0.2121 -0.1113 -0.3819 -0.3037 -0.1929 0.2806 0.0677 -0.3892 -0.3370 -0.2444 0.0269 0.1550 -0.3017 -0.3667 -0.2809 -0.1499 0.2426 -0.0211 -0.3878 -0.3154 -0.2115 0.2560 0.0992 -0.3772 -0.3481 -0.2581 -0.0746 0.1866 -0.2045 -0.3761 -0.2946 -0.1781 0.2740 0.0448 -0.3912 -0.3315 -0.2372 0.0758 0.1477 -0.3109 -0.3663 -0.2817 -0.1545 0.2493
-0.1542 -0.2830 -0.3673 -0.3044 0.1506 0.0625 -0.2386 -0.3322 -0.3912 0.0461 0.2743 -0.1781 -0.2944 -0.3758 -0.2092 0.1850 -0.0704 -0.2572 -0.3473 -0.3787 0.0966 0.2607 -0.2097 -0.3142 -0.3872 -0.0287 0.2393 -0.1469 -0.2795 -0.3657 -0.3089 0.1517 0.0422 -0.2426 -0.3358 -0.3898 0.0640 0.2805 -0.1908 -0.3024 -0.3812 -0.1235 0.2087 -0.1131 -0.2674 -0.3561 -0.3570 0.1212 0.2052 -0.2142 -0.2811 -0.2142 0.2052 0.1212 -0.3570 -0.3561 -0.2674 -0.1131 0.2087 -0.1235 -0.3812 -0.3024 -0.1908 0.2805 0.0640 -0.3898 -0.3358 -0.2426 0.0422 0.1517 -0.3089 -0.3657 -0.2795 -0.1469 0.2393 -0.0287 -0.3872 -0.3142 -0.2097 0.2607 0.0966 -0.3787 -0.3473 -0.2572 -0.0704 0.1850 -0.2092 -0.3758 -0.2944 -0.1781 0.2743 0.0461 -0.3912 -0.3322 -0.2386 0.0625 0.1506 -0.3044 -0.3673 -0.2830 -0.1542
-0.2754 -0.3682 -0.2972 0.1537 0.0480 -0.2401 -0.3332 -0.3910 0.0485 0.2751 -0.1788 -0.2946 -0.3758 -0.2109 0.1842 -0.0676 -0.2565 -0.3466 -0.3799 0.0944 0.2644 -0.2082 -0.3132 -0.3867 -0.0361 0.2362 -0.1438 -0.2783 -0.3647 -0.3156 0.1484 0.0582 -0.2407 -0.3346 -0.3903 0.0602 0.2799 -0.1886 -0.3011 -0.3804 -0.1359 0.2054 -0.1084 -0.2661 -0.3550 -0.3604 0.1189 0.2037 -0.2211 -0.3167 -0.3710 -0.3167 -0.2211 0.2037 0.1189 -0.3604 -0.3550 -0.2661 -0.1084 0.2054 -0.1359 -0.3804 -0.3011 -0.1886 0.2799 0.0602 -0.3903 -0.3346 -0.2407 0.0582 0.1484 -0.3156 -0.3647 -0.2783 -0.1438 0.2362 -0.0361 -0.3867 -0.3132 -0.2082 0.2644 0.0944 -0.3799 -0.3466 -0.2565 -0.0676 0.1842 -0.2109 -0.3758 -0.2946 -0.1788 0.2751 0.0485 -0.3910 -0.3332 -0.2401 0.0480 0.1537 -0.2972 -0.3682 -0.2754
-0.3614 -0.2893 0.1571 0.0328 -0.2419 -0.3342 -0.3908 0.0515 0.2762 -0.1801 -0.2951 -0.3761 -0.2092 0.1842 -0.0667 -0.2562 -0.3462 -0.3807 0.0926 0.2671 -0.2069 -0.3122 -0.3863 -0.0431 0.2333 -0.1409 -0.2770 -0.3637 -0.3218 0.1452 0.0748 -0.2388 -0.3334 -0.3907 0.0563 0.2790 -0.1865 -0.2998 -0.3796 -0.1484 0.2021 -0.1035 -0.2648 -0.3539 -0.3637 0.1159 0.2122 -0.2212 -0.3206 -0.3903 -0.3147 -0.3903 -0.3206 -0.2212 0.2122 0.1159 -0.3637 -0.3539 -0.2648 -0.1035 0.2021 -0.1484 -0.3796 -0.2998 -0.1865 0.2790 0.0563 -0.3907 -0.3334 -0.2388 0.0748 0.1452 -0.3218 -0.3637 -0.2770 -0.1409 0.2333 -0.0431 -0.3863 -0.3122 -0.2069 0.2671 0.0926 -0.3807 -0.3462 -0.2562 -0.0667 0.1842 -0.2092 -0.3761 -0.2951 -0.1801 0.2762 0.0515 -0.3908 -0.3342 -0.2419 0.0328 0.1571 -0.2893 -0.3614
-0.2838 0.1605 0.0181 -0.2437 -0.3354 -0.3905 0.0549 0.2775 -0.1817 -0.2959 -0.3765 -0.2045 0.1850 -0.0676 -0.2562 -0.3461 -0.3811 0.0914 0.2689 -0.2058 -0.3115 -0.3859 -0.0496 0.2308 -0.1382 -0.2759 -0.3628 -0.3272 0.1421 0.0913 -0.2370 -0.3322 -0.3910 0.0523 0.2778 -0.1843 -0.2985 -0.3788 -0.1610 0.1988 -0.0983 -0.2634 -0.3528 -0.3668 0.1128 0.2221 -0.2197 -0.3206 -0.3894 -0.0345 0.1428 -0.0345 -0.3894 -0.3206 -0.2197 0.2221 0.1128 -0.3668 -0.3528 -0.2634 -0.0983 0.1988 -0.1610 -0.3788 -0.2985 -0.1843 0.2778 0.0523 -0.3910 -0.3322 -0.2370 0.0913 0.1421 -0.3272 -0.3628 -0.2759 -0.1382 0.2308 -0.0496 -0.3859 -0.3115 -0.2058 0.2689 0.0914 -0.3811 -0.3461 -0.2562 -0.0676 0.1850 -0.2045 -0.3765 -0.2959 -0.1817 0.2775 0.0549 -0.3905 -0.3354 -0.2437 0.0181 0.1605 -0.2838
0.1619 0.0043 -0.2455 -0.3366 -0.3900 0.0587 0.2786 -0.1836 -0.2969 -0.3771 -0.1973 0.1866 -0.0704 -0.2565 -0.3462 -0.3811 0.0910 0.2698 -0.2051 -0.3109 -0.3856 -0.0552 0.2287 -0.1358 -0.2749 -0.3620 -0.3318 0.1393 0.1066 -0.2352 -0.3310 -0.3912 0.0482 0.2763 -0.1820 -0.2972 -0.3780 -0.1736 0.1955 -0.0928 -0.2621 -0.3517 -0.3696 0.1096 0.2316 -0.2179 -0.3196 -0.3893 -0.0071 0.2320 0.0965 0.2320 -0.0071 -0.3893 -0.3196 -0.2179 0.2316 0.1096 -0.3696 -0.3517 -0.2621 -0.0928 0.1955 -0.1736 -0.3780 -0.2972 -0.1820 0.2763 0.0482 -0.3912 -0.3310 -0.2352 0.1066 0.1393 -0.3318 -0.3620 -0.2749 -0.1358 0.2287 -0.0552 -0.3856 -0.3109 -0.2051 0.2698 0.0910 -0.3811 -0.3462 -0.2565 -0.0704 0.1866 -0.1973 -0.3771 -0.2969 -0.1836 0.2786 0.0587 -0.3900 -0.3366 -0.2455 0.0043 0.1619
-0.0087 -0.2472 -0.3378 -0.3895 0.0625 0.2796 -0.1856 -0.2981 -0.3778 -0.1883 0.1888 -0.0746 -0.2572 -0.3466 -0.3807 0.0914 0.2698 -0.2049 -0.3106 -0.3854 -0.0591 0.2270 -0.1338 -0.2741 -0.3612 -0.3358 0.1369 0.1200 -0.2336 -0.3299 -0.3913 0.0441 0.2746 -0.1798 -0.2959 -0.3772 -0.1860 0.1923 -0.0869 -0.2608 -0.3505 -0.3722 0.1065 0.2401 -0.2160 -0.3184 -0.3890 -0.0063 0.2457 -0.1378 -0.2358 -0.1378 0.2457 -0.0063 -0.3890 -0.3184 -0.2160 0.2401 0.1065 -0.3722 -0.3505 -0.2608 -0.0869 0.1923 -0.1860 -0.3772 -0.2959 -0.1798 0.2746 0.0441 -0.3913 -0.3299 -0.2336 0.1200 0.1369 -0.3358 -0.3612 -0.2741 -0.1338 0.2270 -0.0591 -0.3854 -0.3106 -0.2049 0.2698 0.0914 -0.3807 -0.3466 -0.2572 -0.0746 0.1888 -0.1883 -0.3778 -0.2981 -0.1856 0.2796 0.0625 -0.3895 -0.3378 -0.2472 -0.0087
-0.2392 -0.3390 -0.3888 0.0662 0.2803 -0.1878 -0.2993 -0.3785 -0.1778 0.1914 -0.0797 -0.2581 -0.3473 -0.3799 0.0926 0.2689 -0.2051 -0.3106 -0.3853 -0.0612 0.2260 -0.1324 -0.2734 -0.3606 -0.3392 0.1346 0.1318 -0.2322 -0.3289 -0.3913 0.0402 0.2728 -0.1776 -0.2947 -0.3764 -0.1981 0.1890 -0.0806 -0.2594 -0.3494 -0.3746 0.1033 0.2476 -0.2141 -0.3171 -0.3885 -0.0114 0.2461 -0.1499 -0.2747 -0.3321 -0.2747 -0.1499 0.2461 -0.0114 -0.3885 -0.3171 -0.2141 0.2476 0.1033 -0.3746 -0.3494 -0.2594 -0.0806 0.1890 -0.1981 -0.3764 -0.2947 -0.1776 0.2728 0.0402 -0.3913 -0.3289 -0.2322 0.1318 0.1346 -0.3392 -0.3606 -0.2734 -0.1324 0.2260 -0.0612 -0.3853 -0.3106 -0.2051 0.2689 0.0926 -0.3799 -0.3473 -0.2581 -0.0797 0.1914 -0.1778 -0.3785 -0.2993 -0.1878 0.2803 0.0662 -0.3888 -0.3390 -0.2392
-0.3318 -0.3881 0.0698 0.2806 -0.1899 -0.3006 -0.3793 -0.1660 0.1943 -0.0851 -0.2591 -0.3481 -0.3787 0.0944 0.2671 -0.2058 -0.3109 -0.3854 -0.0612 0.2256 -0.1317 -0.2730 -0.3602 -0.3416 0.1328 0.1422 -0.2310 -0.3281 -0.3913 0.0365 0.2710 -0.1755 -0.2935 -0.3756 -0.2097 0.1858 -0.0738 -0.2581 -0.3483 -0.3768 0.1001 0.2542 -0.2121 -0.3159 -0.3880 -0.0182 0.2437 -0.1502 -0.2796 -0.3636 -0.3974 -0.3636 -0.2796 -0.1502 0.2437 -0.0182 -0.3880 -0.3159 -0.2121 0.2542 0.1001 -0.3768 -0.3483 -0.2581 -0.0738 0.1858 -0.2097 -0.3756 -0.2935 -0.1755 0.2710 0.0365 -0.3913 -0.3281 -0.2310 0.1422 0.1328 -0.3416 -0.3602 -0.2730 -0.1317 0.2256 -0.0612 -0.3854 -0.3109 -0.2058 0.2671 0.0944 -0.3787 -0.3481 -0.2591 -0.0851 0.1943 -0.1660 -0.3793 -0.3006 -0.1899 0.2806 0.0698 -0.3881 -0.3318
-0.3825 0.0734 0.2805 -0.1921 -0.3019 -0.3801 -0.1535 0.1975 -0.0906 -0.2603 -0.3491 -0.3772 0.0966 0.2644 -0.2069 -0.3115 -0.3856 -0.0591 0.2260 -0.1317 -0.2729 -0.3600 -0.3431 0.1315 0.1500 -0.2299 -0.3273 -0.3913 0.0333 0.2692 -0.1736 -0.2924 -0.3748 -0.2201 0.1827 -0.0667 -0.2567 -0.3471 -0.3788 0.0968 0.2600 -0.2102 -0.3146 -0.3874 -0.0258 0.2406 -0.1479 -0.2797 -0.3652 -0.3416 0.0367 -0.3416 -0.3652 -0.2797 -0.1479 0.2406 -0.0258 -0.3874 -0.3146 -0.2102 0.2600 0.0968 -0.3788 -0.3471 -0.2567 -0.0667 0.1827 -0.2201 -0.3748 -0.2924 -0.1736 0.2692 0.0333 -0.3913 -0.3273 -0.2299 0.1500 0.1315 -0.3431 -0.3600 -0.2729 -0.1317 0.2260 -0.0591 -0.3856 -0.3115 -0.2069 0.2644 0.0966 -0.3772 -0.3491 -0.2603 -0.0906 0.1975 -0.1535 -0.3801 -0.3019 -0.1921 0.2805 0.0734 -0.3825
0.0742 0.2799 -0.1942 -0.3032 -0.3809 -0.1409 0.2008 -0.0962 -0.2616 -0.3501 -0.3754 0.0992 0.2607 -0.2082 -0.3122 -0.3859 -0.0552 0.2270 -0.1324 -0.2730 -0.3600 -0.3435 0.1309 0.1546 -0.2291 -0.3267 -0.3912 0.0304 0.2676 -0.1719 -0.2915 -0.3741 -0.2290 0.1800 -0.0597 -0.2555 -0.3460 -0.3806 0.0936 0.2649 -0.2082 -0.3133 -0.3869 -0.0338 0.2373 -0.1450 -0.2787 -0.3649 -0.3220 0.1284 0.2657 0.1284 -0.3220 -0.3649 -0.2787 -0.1450 0.2373 -0.0338 -0.3869 -0.3133 -0.2082 0.2649 0.0936 -0.3806 -0.3460 -0.2555 -0.0597 0.1800 -0.2290 -0.3741 -0.2915 -0.1719 0.2676 0.0304 -0.3912 -0.3267 -0.2291 0.1546 0.1309 -0.3435 -0.3600 -0.2730 -0.1324 0.2270 -0.0552 -0.3859 -0.3122 -0.2082 0.2607 0.0992 -0.3754 -0.3501 -0.2616 -0.0962 0.2008 -0.1409 -0.3809 -0.3032 -0.1942 0.2799 0.0742
0.2763 -0.1962 -0.3044 -0.3816 -0.1284 0.2041 -0.1015 -0.2629 -0.3512 -0.3732 0.1021 0.2560 -0.2097 -0.3132 -0.3863 -0.0496 0.2287 -0.1338 -0.2734 -0.3602 -0.3431 0.1309 0.1561 -0.2288 -0.3263 -0.3911 0.0281 0.2662 -0.1705 -0.2906 -0.3735 -0.2369 0.1776 -0.0530 -0.2543 -0.3449 -0.3821 0.0904 0.2690 -0.2062 -0.3120 -0.3863 -0.0424 0.2340 -0.1418 -0.2774 -0.3640 -0.3214 0.1413 0.1704 -0.1733 0.1704 0.1413 -0.3214 -0.3640 -0.2774 -0.1418 0.2340 -0.0424 -0.3863 -0.3120 -0.2062 0.2690 0.0904 -0.3821 -0.3449 -0.2543 -0.0530 0.1776 -0.2369 -0.3735 -0.2906 -0.1705 0.2662 0.0281 -0.3911 -0.3263 -0.2288 0.1561 0.1309 -0.3431 -0.3602 -0.2734 -0.1338 0.2287 -0.0496 -0.3863 -0.3132 -0.2097 0.2560 0.1021 -0.3732 -0.3512 -0.2629 -0.1015 0.2041 -0.1284 -0.3816 -0.3044 -0.1962 0.2763
-0.1931 -0.3057 -0.3823 -0.1161 0.2074 -0.1065 -0.2642 -0.3523 -0.3707 0.1052 0.2502 -0.2115 -0.3142 -0.3867 -0.0431 0.2308 -0.1358 -0.2741 -0.3606 -0.3416 0.1315 0.1546 -0.2288 -0.3262 -0.3911 0.0266 0.2652 -0.1693 -0.2899 -0.3730 -0.2437 0.1755 -0.0467 -0.2533 -0.3440 -0.3834 0.0874 0.2722 -0.2044 -0.3108 -0.3857 -0.0515 0.2306 -0.1385 -0.2761 -0.3630 -0.3259 0.1421 0.1092 -0.2268 -0.2899 -0.2268 0.1092 0.1421 -0.3259 -0.3630 -0.2761 -0.1385 0.2306 -0.0515 -0.3857 -0.3108 -0.2044 0.2722 0.0874 -0.3834 -0.3440 -0.2533 -0.0467 0.1755 -0.2437 -0.3730 -0.2899 -0.1693 0.2652 0.0266 -0.3911 -0.3262 -0.2288 0.1546 0.1315 -0.3416 -0.3606 -0.2741 -0.1358 0.2308 -0.0431 -0.3867 -0.3142 -0.2115 0.2502 0.1052 -0.3707 -0.3523 -0.2642 -0.1065 0.2074 -0.1161 -0.3823 -0.3057 -0.1931
-0.2983 -0.3830 -0.1042 0.2107 -0.1112 -0.2656 -0.3534 -0.3679 0.1084 0.2432 -0.2133 -0.3154 -0.3872 -0.0361 0.2333 -0.1382 -0.2749 -0.3612 -0.3392 0.1328 0.1500 -0.2291 -0.3263 -0.3911 0.0261 0.2646 -0.1685 -0.2894 -0.3726 -0.2494 0.1736 -0.0409 -0.2524 -0.3432 -0.3844 0.0847 0.2746 -0.2026 -0.3097 -0.3851 -0.0609 0.2273 -0.1350 -0.2748 -0.3620 -0.3313 0.1398 0.1072 -0.2334 -0.3252 -0.3779 -0.3252 -0.2334 0.1072 0.1398 -0.3313 -0.3620 -0.2748 -0.1350 0.2273 -0.0609 -0.3851 -0.3097 -0.2026 0.2746 0.0847 -0.3844 -0.3432 -0.2524 -0.0409 0.1736 -0.2494 -0.3726 -0.2894 -0.1685 0.2646 0.0261 -0.3911 -0.3263 -0.2291 0.1500 0.1328 -0.3392 -0.3612 -0.2749 -0.1382 0.2333 -0.0361 -0.3872 -0.3154 -0.2133 0.2432 0.1084 -0.3679 -0.3534 -0.2656 -0.1112 0.2107 -0.1042 -0.3830 -0.2983
-0.3767 -0.0926 0.2141 -0.1157 -0.2669 -0.3546 -0.3650 0.1115 0.2351 -0.2152 -0.3166 -0.3878 -0.0287 0.2362 -0.1409 -0.2759 -0.3620 -0.3358 0.1346 0.1422 -0.2299 -0.3267 -0.3911 0.0266 0.2646 -0.1683 -0.2891 -0.3723 -0.2534 0.1721 -0.0355 -0.2516 -0.3425 -0.3852 0.0824 0.2764 -0.2010 -0.3086 -0.3845 -0.0700 0.2241 -0.1316 -0.2735 -0.3610 -0.3367 0.1367 0.1196 -0.2335 -0.3288 -0.3926 -0.2599 -0.3926 -0.3288 -0.2335 0.1196 0.1367 -0.3367 -0.3610 -0.2735 -0.1316 0.2241 -0.0700 -0.3845 -0.3086 -0.2010 0.2764 0.0824 -0.3852 -0.3425 -0.2516 -0.0355 0.1721 -0.2534 -0.3723 -0.2891 -0.1683 0.2646 0.0266 -0.3911 -0.3267 -0.2299 0.1422 0.1346 -0.3358 -0.3620 -0.2759 -0.1409 0.2362 -0.0287 -0.3878 -0.3166 -0.2152 0.2351 0.1115 -0.3650 -0.3546 -0.2669 -0.1157 0.2141 -0.0926 -0.3767
-0.0886 0.2174 -0.1200 -0.2682 -0.3557 -0.3617 0.1147 0.2260 -0.2171 -0.3179 -0.3883 -0.0211 0.2393 -0.1438 -0.2770 -0.3628 -0.3318 0.1369 0.1318 -0.2310 -0.3273 -0.3912 0.0281 0.2652 -0.1685 -0.2891 -0.3722 -0.2554 0.1712 -0.0314 -0.2510 -0.3419 -0.3859 0.0803 0.2776 -0.1996 -0.3077 -0.3840 -0.0784 0.2213 -0.1282 -0.2722 -0.3599 -0.3416 0.1335 0.1352 -0.2320 -0.3287 -0.3912 0.0107 0.1637 0.0107 -0.3912 -0.3287 -0.2320 0.1352 0.1335 -0.3416 -0.3599 -0.2722 -0.1282 0.2213 -0.0784 -0.3840 -0.3077 -0.1996 0.2776 0.0803 -0.3859 -0.3419 -0.2510 -0.0314 0.1712 -0.2554 -0.3722 -0.2891 -0.1685 0.2652 0.0281 -0.3912 -0.3273 -0.2310 0.1318 0.1369 -0.3318 -0.3628 -0.2770 -0.1438 0.2393 -0.0211 -0.3883 -0.3179 -0.2171 0.2260 0.1147 -0.3617 -0.3557 -0.2682 -0.1200 0.2174 -0.0886
0.2193 -0.1240 -0.2696 -0.3567 -0.3583 0.1179 0.2159 -0.2190 -0.3191 -0.3888 -0.0138 0.2426 -0.1469 -0.2783 -0.3637 -0.3272 0.1393 0.1200 -0.2322 -0.3281 -0.3913 0.0304 0.2662 -0.1693 -0.2894 -0.3723 -0.2554 0.1708 -0.0293 -0.2506 -0.3414 -0.3864 0.0786 0.2785 -0.1984 -0.3068 -0.3835 -0.0863 0.2188 -0.1251 -0.2711 -0.3590 -0.3461 0.1304 0.1508 -0.2303 -0.3277 -0.3913 0.0301 0.2545 -0.0048 0.2545 0.0301 -0.3913 -0.3277 -0.2303 0.1508 0.1304 -0.3461 -0.3590 -0.2711 -0.1251 0.2188 -0.0863 -0.3835 -0.3068 -0.1984 0.2785 0.0786 -0.3864 -0.3414 -0.2506 -0.0293 0.1708 -0.2554 -0.3723 -0.2894 -0.1693 0.2662 0.0304 -0.3913 -0.3281 -0.2322 0.1200 0.1393 -0.3272 -0.3637 -0.2783 -0.1469 0.2426 -0.0138 -0.3888 -0.3191 -0.2190 0.2159 0.1179 -0.3583 -0.3567 -0.2696 -0.1240 0.2193
-0.1257 -0.2709 -0.3578 -0.3545 0.1210 0.2048 -0.2209 -0.3204 -0.3893 -0.0069 0.2458 -0.1499 -0.2795 -0.3647 -0.3218 0.1421 0.1066 -0.2336 -0.3289 -0.3913 0.0333 0.2676 -0.1705 -0.2899 -0.3726 -0.2534 0.1712 -0.0293 -0.2504 -0.3412 -0.3867 0.0773 0.2791 -0.1973 -0.3061 -0.3831 -0.0936 0.2165 -0.1223 -0.2701 -0.3581 -0.3498 0.1276 0.1651 -0.2284 -0.3266 -0.3912 0.0307 0.2654 -0.1579 -0.2465 -0.1579 0.2654 0.0307 -0.3912 -0.3266 -0.2284 0.1651 0.1276 -0.3498 -0.3581 -0.2701 -0.1223 0.2165 -0.0936 -0.3831 -0.3061 -0.1973 0.2791 0.0773 -0.3867 -0.3412 -0.2504 -0.0293 0.1712 -0.2534 -0.3726 -0.2899 -0.1705 0.2676 0.0333 -0.3913 -0.3289 -0.2336 0.1066 0.1421 -0.3218 -0.3647 -0.2795 -0.1499 0.2458 -0.0069 -0.3893 -0.3204 -0.2209 0.2048 0.1210 -0.3545 -0.3578 -0.2709 -0.1257
-0.2632 -0.3589 -0.3505 0.1242 0.1926 -0.2228 -0.3216 -0.3898 -0.0004 0.2490 -0.1528 -0.2809 -0.3657 -0.3156 0.1452 0.0913 -0.2352 -0.3299 -0.3913 0.0365 0.2692 -0.1719 -0.2906 -0.3730 -0.2494 0.1721 -0.0314 -0.2506 -0.3412 -0.3868 0.0766 0.2795 -0.1966 -0.3055 -0.3827 -0.1000 0.2145 -0.1198 -0.2692 -0.3574 -0.3529 0.1250 0.1772 -0.2268 -0.3254 -0.3911 0.0272 0.2657 -0.1678 -0.2835 -0.3406 -0.2835 -0.1678 0.2657 0.0272 -0.3911 -0.3254 -0.2268 0.1772 0.1250 -0.3529 -0.3574 -0.2692 -0.1198 0.2145 -0.1000 -0.3827 -0.3055 -0.1966 0.2795 0.0766 -0.3868 -0.3412 -0.2506 -0.0314 0.1721 -0.2494 -0.3730 -0.2906 -0.1719 0.2692 0.0365 -0.3913 -0.3299 -0.2352 0.0913 0.1452 -0.3156 -0.3657 -0.2809 -0.1528 0.2490 -0.0004 -0.3898 -0.3216 -0.2228 0.1926 0.1242 -0.3505 -0.3589 -0.2632
-0.3520 -0.3461 0.1273 0.1794 -0.2247 -0.3229 -0.3902 0.0058 0.2522 -0.1557 -0.2822 -0.3667 -0.3089 0.1484 0.0748 -0.2370 -0.3310 -0.3913 0.0402 0.2710 -0.1736 -0.2915 -0.3735 -0.2437 0.1736 -0.0355 -0.2510 -0.3414 -0.3867 0.0766 0.2796 -0.1961 -0.3052 -0.3825 -0.1052 0.2128 -0.1175 -0.2685 -0.3567 -0.3554 0.1228 0.1873 -0.2253 -0.3244 -0.3909 0.0229 0.2638 -0.1681 -0.2882 -0.3705 -0.3947 -0.3705 -0.2882 -0.1681 0.2638 0.0229 -0.3909 -0.3244 -0.2253 0.1873 0.1228 -0.3554 -0.3567 -0.2685 -0.1175 0.2128 -0.1052 -0.3825 -0.3052 -0.1961 0.2796 0.0766 -0.3867 -0.3414 -0.2510 -0.0355 0.1736 -0.2437 -0.3735 -0.2915 -0.1736 0.2710 0.0402 -0.3913 -0.3310 -0.2370 0.0748 0.1484 -0.3089 -0.3667 -0.2822 -0.1557 0.2522 0.0058 -0.3902 -0.3229 -0.2247 0.1794 0.1273 -0.3461 -0.3520
-0.3408 0.1305 0.1652 -0.2266 -0.3241 -0.3905 0.0116 0.2553 -0.1584 -0.2835 -0.3676 -0.3017 0.1517 0.0582 -0.2388 -0.3322 -0.3912 0.0441 0.2728 -0.1755 -0.2924 -0.3741 -0.2369 0.1755 -0.0409 -0.2516 -0.3419 -0.3864 0.0773 0.2795 -0.1961 -0.3050 -0.3823 -0.1088 0.2116 -0.1155 -0.2678 -0.3561 -0.3575 0.1209 0.1956 -0.2239 -0.3235 -0.3906 0.0186 0.2616 -0.1664 -0.2883 -0.3716 -0.3020 0.0633 -0.3020 -0.3716 -0.2883 -0.1664 0.2616 0.0186 -0.3906 -0.3235 -0.2239 0.1956 0.1209 -0.3575 -0.3561 -0.2678 -0.1155 0.2116 -0.1088 -0.3823 -0.3050 -0.1961 0.2795 0.0773 -0.3864 -0.3419 -0.2516 -0.0409 0.1755 -0.2369 -0.3741 -0.2924 -0.1755 0.2728 0.0441 -0.3912 -0.3322 -0.2388 0.0582 0.1517 -0.3017 -0.3676 -0.2835 -0.1584 0.2553 0.0116 -0.3905 -0.3241 -0.2266 0.1652 0.1305 -0.3408
0.1316 0.1501 -0.2285 -0.3254 -0.3908 0.0172 0.2583 -0.1611 -0.2848 -0.3686 -0.2940 0.1550 0.0422 -0.2407 -0.3334 -0.3910 0.0482 0.2746 -0.1776 -0.2935 -0.3748 -0.2290 0.1776 -0.0467 -0.2524 -0.3425 -0.3859 0.0786 0.2791 -0.1966 -0.3052 -0.3823 -0.1100 0.2109 -0.1142 -0.2673 -0.3557 -0.3592 0.1194 0.2023 -0.2228 -0.3226 -0.3904 0.0145 0.2594 -0.1645 -0.2875 -0.3714 -0.2719 0.1491 0.2780 0.1491 -0.2719 -0.3714 -0.2875 -0.1645 0.2594 0.0145 -0.3904 -0.3226 -0.2228 0.2023 0.1194 -0.3592 -0.3557 -0.2673 -0.1142 0.2109 -0.1100 -0.3823 -0.3052 -0.1966 0.2791 0.0786 -0.3859 -0.3425 -0.2524 -0.0467 0.1776 -0.2290 -0.3748 -0.2935 -0.1776 0.2746 0.0482 -0.3910 -0.3334 -0.2407 0.0422 0.1550 -0.2940 -0.3686 -0.2848 -0.1611 0.2583 0.0172 -0.3908 -0.3254 -0.2285 0.1501 0.1316
0.1318 -0.2304 -0.3266 -0.3911 0.0225 0.2612 -0.1638 -0.2861 -0.3696 -0.2860 0.1584 0.0269 -0.2426 -0.3346 -0.3907 0.0523 0.2763 -0.1798 -0.2947 -0.3756 -0.2201 0.1800 -0.0530 -0.2533 -0.3432 -0.3852 0.0803 0.2785 -0.1973 -0.3055 -0.3825 -0.1088 0.2109 -0.1138 -0.2671 -0.3553 -0.3605 0.1180 0.2076 -0.2219 -0.3220 -0.3902 0.0108 0.2573 -0.1626 -0.2866 -0.3708 -0.2698 0.1634 0.0618 -0.1899 0.0618 0.1634 -0.2698 -0.3708 -0.2866 -0.1626 0.2573 0.0108 -0.3902 -0.3220 -0.2219 0.2076 0.1180 -0.3605 -0.3553 -0.2671 -0.1138 0.2109 -0.1088 -0.3825 -0.3055 -0.1973 0.2785 0.0803 -0.3852 -0.3432 -0.2533 -0.0530 0.1800 -0.2201 -0.3756 -0.2947 -0.1798 0.2763 0.0523 -0.3907 -0.3346 -0.2426 0.0269 0.1584 -0.2860 -0.3696 -0.2861 -0.1638 0.2612 0.0225 -0.3911 -0.3266 -0.2304 0.1318
-0.2242 -0.3278 -0.3912 0.0276 0.2640 -0.1664 -0.2874 -0.3705 -0.2774 0.1618 0.0125 -0.2444 -0.3358 -0.3903 0.0563 0.2778 -0.1820 -0.2959 -0.3764 -0.2097 0.1827 -0.0597 -0.2543 -0.3440 -0.3844 0.0824 0.2776 -0.1984 -0.3061 -0.3827 -0.1052 0.2116 -0.1142 -0.2671 -0.3552 -0.3612 0.1171 0.2115 -0.2211 -0.3214 -0.3900 0.0076 0.2555 -0.1609 -0.2857 -0.3701 -0.2743 0.1649 0.0023 -0.2396 -0.2990 -0.2396 0.0023 0.1649 -0.2743 -0.3701 -0.2857 -0.1609 0.2555 0.0076 -0.3900 -0.3214 -0.2211 0.2115 0.1171 -0.3612 -0.3552 -0.2671 -0.1142 0.2116 -0.1052 -0.3827 -0.3061 -0.1984 0.2776 0.0824 -0.3844 -0.3440 -0.2543 -0.0597 0.1827 -0.2097 -0.3764 -0.2959 -0.1820 0.2778 0.0563 -0.3903 -0.3358 -0.2444 0.0125 0.1618 -0.2774 -0.3705 -0.2874 -0.1664 0.2640 0.0276 -0.3912 -0.3278 -0.2242
-0.3206 -0.3913 0.0324 0.2666 -0.1689 -0.2887 -0.3715 -0.2684 0.1650 -0.0010 -0.2463 -0.3370 -0.3898 0.0602 0.2790 -0.1843 -0.2972 -0.3772 -0.1981 0.1858 -0.0667 -0.2555 -0.3449 -0.3834 0.0847 0.2764 -0.1996 -0.3068 -0.3831 -0.1000 0.2128 -0.1155 -0.2673 -0.3553 -0.3612 0.1168 0.2137 -0.2206 -0.3210 -0.3898 0.0049 0.2540 -0.1594 -0.2850 -0.3695 -0.2796 0.1635 -0.0022 -0.2462 -0.3339 -0.3844 -0.3339 -0.2462 -0.0022 0.1635 -0.2796 -0.3695 -0.2850 -0.1594 0.2540 0.0049 -0.3898 -0.3210 -0.2206 0.2137 0.1168 -0.3612 -0.3553 -0.2673 -0.1155 0.2128 -0.1000 -0.3831 -0.3068 -0.1996 0.2764 0.0847 -0.3834 -0.3449 -0.2555 -0.0667 0.1858 -0.1981 -0.3772 -0.2972 -0.1843 0.2790 0.0602 -0.3898 -0.3370 -0.2463 -0.0010 0.1650 -0.2684 -0.3715 -0.2887 -0.1689 0.2666 0.0324 -0.3913 -0.3206
-0.3855 0.0371 0.2691 -0.1714 -0.2900 -0.3724 -0.2589 0.1681 -0.0134 -0.2478 -0.3382 -0.3892 0.0640 0.2799 -0.1865 -0.2985 -0.3780 -0.1860 0.1890 -0.0738 -0.2567 -0.3460 -0.3821 0.0874 0.2746 -0.2010 -0.3077 -0.3835 -0.0936 0.2145 -0.1175 -0.2678 -0.3557 -0.3605 0.1171 0.2137 -0.2204 -0.3207 -0.3897 0.0028 0.2528 -0.1582 -0.2843 -0.3690 -0.2844 0.1617 0.0029 -0.2468 -0.3374 -0.3923 -0.1811 -0.3923 -0.3374 -0.2468 0.0029 0.1617 -0.2844 -0.3690 -0.2843 -0.1582 0.2528 0.0028 -0.3897 -0.3207 -0.2204 0.2137 0.1171 -0.3605 -0.3557 -0.2678 -0.1175 0.2145 -0.0936 -0.3835 -0.3077 -0.2010 0.2746 0.0874 -0.3821 -0.3460 -0.2567 -0.0738 0.1890 -0.1860 -0.3780 -0.2985 -0.1865 0.2799 0.0640 -0.3892 -0.3382 -0.2478 -0.0134 0.1681 -0.2589 -0.3724 -0.2900 -0.1714 0.2691 0.0371 -0.3855
0.0381 0.2714 -0.1738 -0.2913 -0.3733 -0.2489 0.1713 -0.0249 -0.2492 -0.3394 -0.3885 0.0677 0.2805 -0.1886 -0.2998 -0.3788 -0.1736 0.1923 -0.0806 -0.2581 -0.3471 -0.3806 0.0904 0.2722 -0.2026 -0.3086 -0.3840 -0.0863 0.2165 -0.1198 -0.2685 -0.3561 -0.3592 0.1180 0.2115 -0.2206 -0.3207 -0.3897 0.0016 0.2519 -0.1572 -0.2838 -0.3686 -0.2886 0.1600 0.0097 -0.2461 -0.3377 -0.3897 0.0454 0.1864 0.0454 -0.3897 -0.3377 -0.2461 0.0097 0.1600 -0.2886 -0.3686 -0.2838 -0.1572 0.2519 0.0016 -0.3897 -0.3207 -0.2206 0.2115 0.1180 -0.3592 -0.3561 -0.2685 -0.1198 0.2165 -0.0863 -0.3840 -0.3086 -0.2026 0.2722 0.0904 -0.3806 -0.3471 -0.2581 -0.0806 0.1923 -0.1736 -0.3788 -0.2998 -0.1886 0.2805 0.0677 -0.3885 -0.3394 -0.2492 -0.0249 0.1713 -0.2489 -0.3733 -0.2913 -0.1738 0.2714 0.0381
0.2715 -0.1761 -0.2926 -0.3742 -0.2385 0.1744 -0.0354 -0.2506 -0.3406 -0.3877 0.0713 0.2806 -0.1908 -0.3011 -0.3796 -0.1610 0.1955 -0.0869 -0.2594 -0.3483 -0.3788 0.0936 0.2690 -0.2044 -0.3097 -0.3845 -0.0784 0.2188 -0.1223 -0.2692 -0.3567 -0.3575 0.1194 0.2076 -0.2211 -0.3210 -0.3897 0.0016 0.2516 -0.1567 -0.2834 -0.3682 -0.2918 0.1585 0.0162 -0.2453 -0.3372 -0.3894 0.0614 0.2737 -0.0745 0.2737 0.0614 -0.3894 -0.3372 -0.2453 0.0162 0.1585 -0.2918 -0.3682 -0.2834 -0.1567 0.2516 0.0016 -0.3897 -0.3210 -0.2211 0.2076 0.1194 -0.3575 -0.3567 -0.2692 -0.1223 0.2188 -0.0784 -0.3845 -0.3097 -0.2044 0.2690 0.0936 -0.3788 -0.3483 -0.2594 -0.0869 0.1955 -0.1610 -0.3796 -0.3011 -0.1908 0.2806 0.0713 -0.3877 -0.3406 -0.2506 -0.0354 0.1744 -0.2385 -0.3742 -0.2926 -0.1761 0.2715
-0.1744 -0.2939 -0.3750 -0.2276 0.1776 -0.0451 -0.2519 -0.3418 -0.3867 0.0748 0.2803 -0.1929 -0.3024 -0.3804 -0.1484 0.1988 -0.0928 -0.2608 -0.3494 -0.3768 0.0968 0.2649 -0.2062 -0.3108 -0.3851 -0.0700 0.2213 -0.1251 -0.2701 -0.3574 -0.3554 0.1209 0.2023 -0.2219 -0.3214 -0.3898 0.0028 0.2519 -0.1567 -0.2833 -0.3680 -0.2940 0.1573 0.0220 -0.2445 -0.3367 -0.3896 0.0635 0.2797 -0.1770 -0.2569 -0.1770 0.2797 0.0635 -0.3896 -0.3367 -0.2445 0.0220 0.1573 -0.2940 -0.3680 -0.2833 -0.1567 0.2519 0.0028 -0.3898 -0.3214 -0.2219 0.2023 0.1209 -0.3554 -0.3574 -0.2701 -0.1251 0.2213 -0.0700 -0.3851 -0.3108 -0.2062 0.2649 0.0968 -0.3768 -0.3494 -0.2608 -0.0928 0.1988 -0.1484 -0.3804 -0.3024 -0.1929 0.2803 0.0748 -0.3867 -0.3418 -0.2519 -0.0451 0.1776 -0.2276 -0.3750 -0.2939 -0.1744
-0.2864 -0.3759 -0.2163 0.1808 -0.0541 -0.2533 -0.3430 -0.3857 0.0783 0.2796 -0.1950 -0.3037 -0.3812 -0.1359 0.2021 -0.0983 -0.2621 -0.3505 -0.3746 0.1001 0.2600 -0.2082 -0.3120 -0.3857 -0.0609 0.2241 -0.1282 -0.2711 -0.3581 -0.3529 0.1228 0.1956 -0.2228 -0.3220 -0.3900 0.0049 0.2528 -0.1572 -0.2834 -0.3680 -0.2948 0.1566 0.0260 -0.2439 -0.3363 -0.3898 0.0628 0.2801 -0.1862 -0.2938 -0.3503 -0.2938 -0.1862 0.2801 0.0628 -0.3898 -0.3363 -0.2439 0.0260 0.1566 -0.2948 -0.3680 -0.2834 -0.1572 0.2528 0.0049 -0.3900 -0.3220 -0.2228 0.1956 0.1228 -0.3529 -0.3581 -0.2711 -0.1282 0.2241 -0.0609 -0.3857 -0.3120 -0.2082 0.2600 0.1001 -0.3746 -0.3505 -0.2621 -0.0983 0.2021 -0.1359 -0.3812 -0.3037 -0.1950 0.2796 0.0783 -0.3857 -0.3430 -0.2533 -0.0541 0.1808 -0.2163 -0.3759 -0.2864
-0.3693 -0.2047 0.1840 -0.0623 -0.2546 -0.3442 -0.3844 0.0818 0.2783 -0.1971 -0.3050 -0.3819 -0.1235 0.2054 -0.1035 -0.2634 -0.3517 -0.3722 0.1033 0.2542 -0.2102 -0.3133 -0.3863 -0.0515 0.2273 -0.1316 -0.2722 -0.3590 -0.3498 0.1250 0.1873 -0.2239 -0.3226 -0.3902 0.0076 0.2540 -0.1582 -0.2838 -0.3682 -0.2940 0.1566 0.0275 -0.2435 -0.3360 -0.3900 0.0617 0.2800 -0.1875 -0.2988 -0.3782 -0.3846 -0.3782 -0.2988 -0.1875 0.2800 0.0617 -0.3900 -0.3360 -0.2435 0.0275 0.1566 -0.2940 -0.3682 -0.2838 -0.1582 0.2540 0.0076 -0.3902 -0.3226 -0.2239 0.1873 0.1250 -0.3498 -0.3590 -0.2722 -0.1316 0.2273 -0.0515 -0.3863 -0.3133 -0.2102 0.2542 0.1033 -0.3722 -0.3517 -0.2634 -0.1035 0.2054 -0.1235 -0.3819 -0.3050 -0.1971 0.2783 0.0818 -0.3844 -0.3442 -0.2546 -0.0623 0.1840 -0.2047 -0.3693
-0.1992 0.1873 -0.0699 -0.2560 -0.3453 -0.3830 0.0851 0.2765 -0.1991 -0.3062 -0.3826 -0.1113 0.2087 -0.1084 -0.2648 -0.3528 -0.3696 0.1065 0.2476 -0.2121 -0.3146 -0.3869 -0.0424 0.2306 -0.1350 -0.2735 -0.3599 -0.3461 0.1276 0.1772 -0.2253 -0.3235 -0.3904 0.0108 0.2555 -0.1594 -0.2843 -0.3686 -0.2918 0.1573 0.0260 -0.2435 -0.3358 -0.3901 0.0608 0.2798 -0.1872 -0.2996 -0.3789 -0.2258 0.0907 -0.2258 -0.3789 -0.2996 -0.1872 0.2798 0.0608 -0.3901 -0.3358 -0.2435 0.0260 0.1573 -0.2918 -0.3686 -0.2843 -0.1594 0.2555 0.0108 -0.3904 -0.3235 -0.2253 0.1772 0.1276 -0.3461 -0.3599 -0.2735 -0.1350 0.2306 -0.0424 -0.3869 -0.3146 -0.2121 0.2476 0.1065 -0.3696 -0.3528 -0.2648 -0.1084 0.2087 -0.1113 -0.3826 -0.3062 -0.1991 0.2765 0.0851 -0.3830 -0.3453 -0.2560 -0.0699 0.1873 -0.1992
0.1888 -0.0769 -0.2573 -0.3465 -0.3815 0.0885 0.2741 -0.2011 -0.3075 -0.3833 -0.0995 0.2121 -0.1131 -0.2661 -0.3539 -0.3668 0.1096 0.2401 -0.2141 -0.3159 -0.3874 -0.0338 0.2340 -0.1385 -0.2748 -0.3610 -0.3416 0.1304 0.1651 -0.2268 -0.3244 -0.3906 0.0145 0.2573 -0.1609 -0.2850 -0.3690 -0.2886 0.1585 0.0220 -0.2439 -0.3360 -0.3901 0.0604 0.2796 -0.1868 -0.2995 -0.3791 -0.1769 0.1760 0.2710 0.1760 -0.1769 -0.3791 -0.2995 -0.1868 0.2796 0.0604 -0.3901 -0.3360 -0.2439 0.0220 0.1585 -0.2886 -0.3690 -0.2850 -0.1609 0.2573 0.0145 -0.3906 -0.3244 -0.2268 0.1651 0.1304 -0.3416 -0.3610 -0.2748 -0.1385 0.2340 -0.0338 -0.3874 -0.3159 -0.2141 0.2401 0.1096 -0.3668 -0.3539 -0.2661 -0.1131 0.2121 -0.0995 -0.3833 -0.3075 -0.2011 0.2741 0.0885 -0.3815 -0.3465 -0.2573 -0.0769 0.1888
-0.0822 -0.2587 -0.3476 -0.3798 0.0918 0.2710 -0.2032 -0.3088 -0.3840 -0.0880 0.2154 -0.1174 -0.2674 -0.3550 -0.3637 0.1128 0.2316 -0.2160 -0.3171 -0.3880 -0.0258 0.2373 -0.1418 -0.2761 -0.3620 -0.3367 0.1335 0.1508 -0.2284 -0.3254 -0.3909 0.0186 0.2594 -0.1626 -0.2857 -0.3695 -0.2844 0.1600 0.0162 -0.2445 -0.3363 -0.3900 0.0608 0.2796 -0.1867 -0.2994 -0.3790 -0.1673 0.1924 -0.0500 -0.2076 -0.0500 0.1924 -0.1673 -0.3790 -0.2994 -0.1867 0.2796 0.0608 -0.3900 -0.3363 -0.2445 0.0162 0.1600 -0.2844 -0.3695 -0.2857 -0.1626 0.2594 0.0186 -0.3909 -0.3254 -0.2284 0.1508 0.1335 -0.3367 -0.3620 -0.2761 -0.1418 0.2373 -0.0258 -0.3880 -0.3171 -0.2160 0.2316 0.1128 -0.3637 -0.3550 -0.2674 -0.1174 0.2154 -0.0880 -0.3840 -0.3088 -0.2032 0.2710 0.0918 -0.3798 -0.3476 -0.2587 -0.0822
-0.2508 -0.3488 -0.3779 0.0950 0.2673 -0.2051 -0.3101 -0.3847 -0.0771 0.2187 -0.1216 -0.2688 -0.3561 -0.3604 0.1159 0.2221 -0.2179 -0.3184 -0.3885 -0.0182 0.2406 -0.1450 -0.2774 -0.3630 -0.3313 0.1367 0.1352 -0.2303 -0.3266 -0.3911 0.0229 0.2616 -0.1645 -0.2866 -0.3701 -0.2796 0.1617 0.0097 -0.2453 -0.3367 -0.3898 0.0617 0.2798 -0.1868 -0.2994 -0.3790 -0.1658 0.1952 -0.0835 -0.2531 -0.3109 -0.2531 -0.0835 0.1952 -0.1658 -0.3790 -0.2994 -0.1868 0.2798 0.0617 -0.3898 -0.3367 -0.2453 0.0097 0.1617 -0.2796 -0.3701 -0.2866 -0.1645 0.2616 0.0229 -0.3911 -0.3266 -0.2303 0.1352 0.1367 -0.3313 -0.3630 -0.2774 -0.1450 0.2406 -0.0182 -0.3885 -0.3184 -0.2179 0.2221 0.1159 -0.3604 -0.3561 -0.2688 -0.1216 0.2187 -0.0771 -0.3847 -0.3101 -0.2051 0.2673 0.0950 -0.3779 -0.3488 -0.2508
-0.3417 -0.3760 0.0981 0.2631 -0.2070 -0.3113 -0.3853 -0.0672 0.2219 -0.1254 -0.2700 -0.3571 -0.3570 0.1189 0.2122 -0.2197 -0.3196 -0.3890 -0.0114 0.2437 -0.1479 -0.2787 -0.3640 -0.3259 0.1398 0.1196 -0.2320 -0.3277 -0.3912 0.0272 0.2638 -0.1664 -0.2875 -0.3708 -0.2743 0.1635 0.0029 -0.2461 -0.3372 -0.3896 0.0628 0.2800 -0.1872 -0.2995 -0.3790 -0.1658 0.1957 -0.0888 -0.2592 -0.3454 -0.3917 -0.3454 -0.2592 -0.0888 0.1957 -0.1658 -0.3790 -0.2995 -0.1872 0.2800 0.0628 -0.3896 -0.3372 -0.2461 0.0029 0.1635 -0.2743 -0.3708 -0.2875 -0.1664 0.2638 0.0272 -0.3912 -0.3277 -0.2320 0.1196 0.1398 -0.3259 -0.3640 -0.2787 -0.1479 0.2437 -0.0114 -0.3890 -0.3196 -0.2197 0.2122 0.1189 -0.3570 -0.3571 -0.2700 -0.1254 0.2219 -0.0672 -0.3853 -0.3113 -0.2070 0.2631 0.0981 -0.3760 -0.3417
-0.3711 0.1005 0.2592 -0.2085 -0.3123 -0.3858 -0.0597 0.2244 -0.1283 -0.2710 -0.3580 -0.3541 0.1212 0.2037 -0.2212 -0.3206 -0.3893 -0.0063 0.2461 -0.1502 -0.2797 -0.3649 -0.3214 0.1421 0.1072 -0.2335 -0.3287 -0.3913 0.0307 0.2657 -0.1681 -0.2883 -0.3714 -0.2698 0.1649 -0.0022 -0.2468 -0.3377 -0.3894 0.0635 0.2801 -0.1875 -0.2996 -0.3791 -0.1673 0.1952 -0.0888 -0.2602 -0.3489 -0.3850 -0.0706 -0.3850 -0.3489 -0.2602 -0.0888 0.1952 -0.1673 -0.3791 -0.2996 -0.1875 0.2801 0.0635 -0.3894 -0.3377 -0.2468 -0.0022 0.1649 -0.2698 -0.3714 -0.2883 -0.1681 0.2657 0.0307 -0.3913 -0.3287 -0.2335 0.1072 0.1421 -0.3214 -0.3649 -0.2797 -0.1502 0.2461 -0.0063 -0.3893 -0.3206 -0.2212 0.2037 0.1212 -0.3541 -0.3580 -0.2710 -0.1283 0.2244 -0.0597 -0.3858 -0.3123 -0.2085 0.2592 0.1005 -0.3711
0.0974 0.2600 -0.2084 -0.3123 -0.3861 -0.0609 0.2240 -0.1279 -0.2709 -0.3583 -0.3545 0.1206 0.2052 -0.2211 -0.3206 -0.3894 -0.0071 0.2457 -0.1499 -0.2796 -0.3652 -0.3220 0.1413 0.1092 -0.2334 -0.3288 -0.3912 0.0301 0.2654 -0.1678 -0.2882 -0.3716 -0.2719 0.1634 0.0023 -0.2462 -0.3374 -0.3897 0.0614 0.2797 -0.1862 -0.2988 -0.3789 -0.1769 0.1924 -0.0835 -0.2592 -0.3489 -0.3796 0.0775 0.2143 0.0775 -0.3796 -0.3489 -0.2592 -0.0835 0.1924 -0.1769 -0.3789 -0.2988 -0.1862 0.2797 0.0614 -0.3897 -0.3374 -0.2462 0.0023 0.1634 -0.2719 -0.3716 -0.2882 -0.1678 0.2654 0.0301 -0.3912 -0.3288 -0.2334 0.1092 0.1413 -0.3220 -0.3652 -0.2796 -0.1499 0.2457 -0.0071 -0.3894 -0.3206 -0.2211 0.2052 0.1206 -0.3545 -0.3583 -0.2709 -0.1279 0.2240 -0.0609 -0.3861 -0.3123 -0.2084 0.2600 0.0974
0.2726 -0.2012 -0.3082 -0.3866 -0.1002 0.2093 -0.1120 -0.2659 -0.3562 -0.3666 0.1082 0.2427 -0.2142 -0.3167 -0.3903 -0.0345 0.2320 -0.1378 -0.2747 -0.3636 -0.3416 0.1284 0.1704 -0.2268 -0.3252 -0.3926 0.0107 0.2545 -0.1579 -0.2835 -0.3705 -0.3020 0.1491 0.0618 -0.2396 -0.3339 -0.3923 0.0454 0.2737 -0.1770 -0.2938 -0.3782 -0.2258 0.1760 -0.0500 -0.2531 -0.3454 -0.3850 0.0775 0.2803 -0.0994 0.2803 0.0775 -0.3850 -0.3454 -0.2531 -0.0500 0.1760 -0.2258 -0.3782 -0.2938 -0.1770 0.2737 0.0454 -0.3923 -0.3339 -0.2396 0.0618 0.1491 -0.3020 -0.3705 -0.2835 -0.1579 0.2545 0.0107 -0.3926 -0.3252 -0.2268 0.1704 0.1284 -0.3416 -0.3636 -0.2747 -0.1378 0.2320 -0.0345 -0.3903 -0.3167 -0.2142 0.2427 0.1082 -0.3666 -0.3562 -0.2659 -0.1120 0.2093 -0.1002 -0.3866 -0.3082 -0.2012 0.2726
-0.1314 -0.2723 -0.3636 -0.3516 0.1228 0.1959 -0.2248 -0.3235 -0.3965 0.0025 0.2465 -0.1548 -0.2811 -0.3710 -0.3147 0.1428 0.0965 -0.2358 -0.3321 -0.3974 0.0367 0.2657 -0.1733 -0.2899 -0.3779 -0.2599 0.1637 -0.0048 -0.2465 -0.3406 -0.3947 0.0633 0.2780 -0.1899 -0.2990 -0.3844 -0.1811 0.1864 -0.0745 -0.2569 -0.3503 -0.3846 0.0907 0.2710 -0.2076 -0.3109 -0.3917 -0.0706 0.2143 -0.0994 -0.2220 -0.0994 0.2143 -0.0706 -0.3917 -0.3109 -0.2076 0.2710 0.0907 -0.3846 -0.3503 -0.2569 -0.0745 0.1864 -0.1811 -0.3844 -0.2990 -0.1899 0.2780 0.0633 -0.3947 -0.3406 -0.2465 -0.0048 0.1637 -0.2599 -0.3779 -0.2899 -0.1733 0.2657 0.0367 -0.3974 -0.3321 -0.2358 0.0965 0.1428 -0.3147 -0.3710 -0.2811 -0.1548 0.2465 0.0025 -0.3965 -0.3235 -0.2248 0.1959 0.1228 -0.3516 -0.3636 -0.2723 -0.1314
