17.0176 -32.0727 -28.2181 -22.4846 -48.2923 23.5644 -40.9683 19.6275 -33.2072 -16.4132 -24.0963 -48.7130 8.5449 -42.0675 22.8878 -34.3798 -5.2317 -25.6022 -48.7602 -4.6081 -43.2336 26.3036 -35.4930 1.9331 -26.9856 -48.2035 -11.5551 -44.4338 29.6860 -36.5809 6.6570 -28.2938 -46.5714 -15.6306 -45.5870 32.5539 -37.6857 10.3333 -29.5781 -43.2520 -18.4748 -46.6610 33.8174 -38.8127 13.6203 -30.8723 -37.0487 -20.8619 -47.7259 29.3118 -40.8133 21.8468 -35.8572 13.7219 -35.7116 21.0568 -40.4704 31.4477 -47.4232 -20.1194 -39.6053 -30.4171 12.4736 -38.4088 33.6551 -46.2887 -17.5494 -44.6843 -29.1224 9.0897 -37.2904 31.6395 -45.1830 -14.3659 -47.3098 -27.8294 5.1416 -36.1900 28.5030 -44.0089 -9.5451 -48.5015 -26.5043 -0.2339 -35.1040 25.0755 -42.7981 -0.7714 -48.7774 -25.0798 -8.7467 -33.9687 21.7164 -41.6812 14.2789 -48.6096 -23.5543 -20.6081 -32.8284 18.7394 -40.6661
-32.0727 -26.7109 -22.9613 -48.3987 26.1710 -41.1947 19.9050 -33.6792 -14.0041 -24.7030 -48.7643 11.2569 -42.2225 23.1803 -34.8280 -3.6347 -26.2410 -48.7012 -3.3856 -43.3463 26.6307 -35.9098 2.8614 -27.6021 -47.9641 -11.2197 -44.5722 30.1040 -36.9764 7.2661 -28.8741 -46.0483 -15.6902 -45.7416 33.1674 -38.0551 10.7829 -30.1290 -42.2944 -18.7605 -46.8179 34.8109 -39.1442 13.9697 -31.3837 -35.5826 -21.2256 -47.8052 32.3652 -40.6053 19.3745 -34.5105 4.2620 -31.6899 3.6186 -34.2497 18.4117 -40.2408 33.8427 -47.4978 -20.4265 -38.3661 -30.9388 12.8500 -38.7540 34.4850 -46.4457 -17.7667 -43.9026 -29.6838 9.5850 -37.6693 32.1662 -45.3322 -14.3127 -46.9039 -28.4221 5.8357 -36.5942 28.8771 -44.1392 -8.9769 -48.3364 -27.1355 0.8777 -35.5315 25.3831 -42.9005 0.9983 -48.7642 -25.7116 -6.8291 -34.4253 21.9946 -41.8623 17.2448 -48.6857 -24.1102 -18.5306 -33.2269 18.7394
-28.2181 -22.9613 -48.4292 25.1844 -41.3327 20.2811 -33.8293 -12.4000 -24.9222 -48.7799 8.8255 -42.4012 23.6675 -34.9939 -2.4892 -26.4483 -48.6489 -4.8821 -43.5271 27.1426 -36.0713 3.5971 -27.7868 -47.7712 -12.0097 -44.7468 30.5944 -37.1425 7.8187 -29.0570 -45.6344 -16.1995 -45.9055 33.5291 -38.2267 11.2573 -30.3101 -41.5410 -19.1395 -46.9633 34.8316 -39.3172 14.4127 -31.5584 -34.4034 -21.4933 -47.8925 32.0207 -40.5786 18.5567 -33.7164 -5.2328 -28.4712 -34.4129 -28.3027 -7.5394 -33.3655 17.4983 -40.1960 33.6578 -47.5927 -20.7139 -37.3643 -31.1134 13.2996 -38.9257 34.6605 -46.5988 -18.1851 -43.2877 -29.8648 10.0784 -37.8384 32.5919 -45.5003 -14.8974 -46.5813 -28.6056 6.4342 -36.7595 29.3810 -44.3173 -9.9465 -48.2009 -27.3259 1.7202 -35.6919 25.8863 -43.0802 -0.8749 -48.7496 -25.9194 -5.5369 -34.5798 22.4136 -42.0144 15.5053 -48.7124 -24.1971 -18.5306 -32.8284
-22.4846 -48.3987 25.1844 -41.3745 20.5049 -33.9334 -11.1736 -25.1048 -48.7847 6.6521 -42.5361 24.1328 -35.1474 -1.4508 -26.6485 -48.5807 -6.2182 -43.7066 27.6497 -36.2262 4.2885 -27.9733 -47.5529 -12.7437 -44.9192 31.0718 -37.2993 8.3526 -29.2404 -45.1803 -16.6848 -46.0660 33.8578 -38.3842 11.7266 -30.4908 -40.7244 -19.5060 -47.1055 34.7763 -39.4741 14.8524 -31.7330 -33.1109 -21.7750 -47.9907 31.3609 -40.6414 18.4357 -33.3870 -12.5517 -26.3268 -47.0772 -21.8906 -47.3339 -25.9678 -16.3665 -32.9866 17.3309 -40.2537 33.2611 -47.7028 -21.0147 -36.2599 -31.2897 13.7462 -39.0836 34.7778 -46.7493 -18.5840 -42.6195 -30.0464 10.5632 -37.9967 32.9930 -45.6667 -15.4481 -46.2231 -28.7902 7.0112 -36.9159 29.8799 -44.4933 -10.8333 -48.0447 -27.5120 2.4993 -35.8412 26.3722 -43.2509 -2.4843 -48.7244 -26.1008 -4.5079 -34.6970 22.7131 -42.0839 14.8359 -48.7124 -24.1102 -20.6081
-48.2923 26.1710 -41.3327 20.5049 -33.9715 -10.4934 -25.2286 -48.7826 4.9335 -42.6516 24.5555 -35.2875 -0.5415 -26.8355 -48.4988 -7.3936 -43.8821 28.1517 -36.3811 4.9447 -28.1586 -47.3062 -13.4255 -45.0909 31.5372 -37.4564 8.8700 -29.4235 -44.6851 -17.1480 -46.2244 34.1488 -38.5418 12.1895 -30.6716 -39.8441 -19.8612 -47.2445 34.6364 -39.6308 15.2934 -31.9076 -31.7295 -22.0584 -48.0910 30.4726 -40.7545 18.6323 -33.3241 -15.6890 -25.1956 -48.6689 -14.5737 -47.9412 -13.9977 -48.7381 -24.6994 -20.0449 -32.9024 17.5050 -40.3661 32.6906 -47.8161 -21.3180 -35.0723 -31.4670 14.1908 -39.2425 34.8310 -46.8968 -18.9684 -41.8929 -30.2281 11.0412 -38.1546 33.3677 -45.8314 -15.9698 -45.8271 -28.9736 7.5692 -37.0714 30.3695 -44.6659 -11.6363 -47.8707 -27.6895 3.2002 -35.9817 26.8207 -43.4041 -3.7604 -48.6945 -26.2373 -3.8373 -34.7628 22.8227 -42.0839 15.5053 -48.6857 -23.5543
23.5644 -41.1947 20.2811 -33.9334 -10.4934 -25.2735 -48.7791 3.8224 -42.7372 24.8988 -35.4068 0.2170 -27.0028 -48.4081 -8.4025 -44.0488 28.6355 -36.5315 5.5660 -28.3416 -47.0305 -14.0593 -45.2611 31.9859 -37.6141 9.3761 -29.6066 -44.1436 -17.5895 -46.3809 34.3957 -38.7001 12.6484 -30.8521 -38.8996 -20.2056 -47.3790 34.4024 -39.7875 15.7401 -32.0832 -30.2582 -22.3385 -48.1891 29.3845 -40.8904 18.9712 -33.3893 -16.1605 -24.7512 -48.7622 -5.7351 -45.4672 29.7413 -45.3059 -3.2958 -48.7372 -24.1859 -20.7039 -32.9603 17.8329 -40.5027 31.9581 -47.9278 -21.6170 -33.7997 -31.6450 14.6390 -39.4011 34.8116 -47.0411 -19.3405 -41.1056 -30.4087 11.5127 -38.3128 33.7121 -45.9936 -16.4658 -45.3937 -29.1552 8.1038 -37.2252 30.8366 -44.8307 -12.3464 -47.6848 -27.8525 3.8090 -36.1066 27.2055 -43.5278 -4.6465 -48.6698 -26.3119 -3.6018 -34.7628 22.7131 -42.0144 17.2448 -48.6096
-40.9683 19.9050 -33.8293 -11.1736 -25.2286 -48.7791 3.4355 -42.7828 25.1263 -35.4945 0.7942 -27.1414 -48.3155 -9.2408 -44.2001 29.0818 -36.6737 6.1348 -28.5174 -46.7310 -14.6469 -45.4287 32.4146 -37.7714 9.8727 -29.7885 -43.5511 -18.0130 -46.5351 34.5930 -38.8584 13.1019 -31.0325 -37.8822 -20.5400 -47.5096 34.0662 -39.9450 16.1875 -32.2590 -28.6923 -22.6141 -48.2818 28.0999 -41.0360 19.3735 -33.5121 -15.3692 -24.6747 -48.7464 2.3048 -43.7990 33.1669 -41.1142 32.7930 -43.5379 7.1195 -48.6973 -24.0811 -19.9795 -33.0821 18.2325 -40.6498 31.0641 -48.0356 -21.9098 -32.4274 -31.8236 15.0872 -39.5592 34.7114 -47.1816 -19.7004 -40.2537 -30.5892 11.9791 -38.4703 34.0194 -46.1519 -16.9319 -44.9280 -29.3326 8.6064 -37.3720 31.2673 -44.9833 -12.9530 -47.4980 -27.9953 4.2995 -36.2066 27.4883 -43.6098 -5.1073 -48.6603 -26.3119 -3.8373 -34.6970 22.4136 -41.8623 14.2789
19.6275 -33.6792 -12.4000 -25.1048 -48.7826 3.8224 -42.7828 25.2070 -35.5408 1.1594 -27.2412 -48.2332 -9.8949 -44.3300 29.4770 -36.8028 6.6414 -28.6803 -46.4199 -15.1773 -45.5883 32.8142 -37.9263 10.3571 -29.9687 -42.9078 -18.4183 -46.6868 34.7358 -39.0173 13.5527 -31.2119 -36.7864 -20.8641 -47.6364 33.6172 -40.1024 16.6336 -32.4358 -27.0534 -22.8860 -48.3687 26.6366 -41.1847 19.8076 -33.6610 -14.0309 -24.7700 -48.7632 6.1711 -42.9990 28.4886 -38.2559 19.7269 -38.1059 27.6368 -42.6978 11.9508 -48.7029 -24.1697 -18.6232 -33.2318 18.6636 -40.8008 30.0129 -48.1389 -22.1983 -30.9666 -32.0011 15.5351 -39.7163 34.5217 -47.3185 -20.0496 -39.3364 -30.7696 12.4357 -38.6269 34.2821 -46.3041 -17.3633 -44.4396 -29.5001 9.0645 -37.5065 31.6474 -45.1181 -13.4478 -47.3292 -28.1075 4.6472 -36.2718 27.6401 -43.6387 -5.1073 -48.6698 -26.2373 -4.5079 -34.5798 21.9946 -41.6812
-33.2072 -14.0041 -24.9222 -48.7847 4.9335 -42.7372 25.1263 -35.5408 1.2865 -27.2944 -48.1759 -10.3453 -44.4317 29.8007 -36.9132 7.0763 -28.8274 -46.1090 -15.6433 -45.7366 33.1721 -38.0752 10.8178 -30.1453 -42.2166 -18.8057 -46.8348 34.8170 -39.1762 14.0028 -31.3911 -35.6115 -21.1784 -47.7588 33.0486 -40.2598 17.0815 -32.6123 -25.3379 -23.1545 -48.4491 24.9880 -41.3354 20.2586 -33.8209 -12.4772 -24.9398 -48.7746 6.7397 -42.7288 26.0837 -36.6568 11.6589 -33.8842 11.2133 -36.3964 25.0147 -42.3885 12.8137 -48.7248 -24.3447 -16.9846 -33.3941 19.1090 -40.9535 28.7948 -48.2370 -22.4823 -29.4278 -32.1781 15.9835 -39.8734 34.2337 -47.4507 -20.3865 -38.3604 -30.9476 12.8789 -38.7791 34.4929 -46.4484 -17.7546 -43.9480 -29.6529 9.4665 -37.6263 31.9637 -45.2279 -13.8193 -47.1981 -28.1795 4.8302 -36.2945 27.6401 -43.6098 -4.6465 -48.6945 -26.1008 -5.5369 -34.4253 21.7164
-16.4132 -24.7030 -48.7799 6.6521 -42.6516 24.8988 -35.4945 1.1594 -27.2944 -48.1551 -10.5775 -44.4977 30.0308 -36.9991 7.4227 -28.9526 -45.8139 -16.0472 -45.8709 33.4818 -38.2146 11.2470 -30.3138 -41.4988 -19.1715 -46.9769 34.8292 -39.3328 14.4501 -31.5699 -34.3545 -21.4851 -47.8767 32.3479 -40.4174 17.5323 -32.7877 -23.5567 -23.4182 -48.5229 23.1538 -41.4855 20.7178 -33.9849 -10.8736 -25.1405 -48.7790 5.7125 -42.6819 25.2129 -35.9152 6.5447 -30.9415 -11.2362 -30.7887 5.5359 -35.5893 24.0386 -42.3259 11.8168 -48.7499 -24.5556 -15.2403 -33.5616 19.5626 -41.1065 27.3868 -48.3281 -22.7602 -27.8092 -32.3551 16.4276 -40.0301 33.8425 -47.5775 -20.7075 -37.3409 -31.1185 13.3014 -38.9218 34.6492 -46.5797 -18.0986 -43.4753 -29.7870 9.8056 -37.7241 32.2028 -45.3063 -14.0507 -47.1252 -28.2051 4.8302 -36.2718 27.4883 -43.5278 -3.7604 -48.7244 -25.9194 -6.8291 -33.9687
-24.0963 -48.7643 8.8255 -42.5361 24.5555 -35.4068 0.7942 -27.2412 -48.1759 -10.5775 -44.5213 30.1509 -37.0536 7.6637 -29.0483 -45.5582 -16.3764 -45.9872 33.7399 -38.3419 11.6399 -30.4707 -40.7729 -19.5066 -47.1106 34.7694 -39.4853 14.8900 -31.7459 -33.0235 -21.7836 -47.9885 31.5017 -40.5748 17.9853 -32.9626 -21.7280 -23.6764 -48.5893 21.1361 -41.6358 21.1833 -34.1495 -9.3033 -25.3536 -48.7731 4.0158 -42.7385 25.0900 -35.6457 3.5333 -29.0305 -39.0626 -25.5432 -39.9559 -28.7378 1.9214 -35.2830 23.8646 -42.3772 9.9991 -48.7697 -24.7797 -13.4859 -33.7297 20.0233 -41.2592 25.7938 -48.4125 -23.0316 -26.1330 -32.5300 16.8701 -40.1845 33.3482 -47.6967 -21.0079 -36.3035 -31.2779 13.6934 -39.0548 34.7525 -46.6956 -18.3895 -43.0493 -29.8948 10.0627 -37.7925 32.3528 -45.3477 -14.1303 -47.1252 -28.1795 4.6472 -36.2066 27.2055 -43.4041 -2.4843 -48.7496 -25.7116 -8.7467
-48.7130 11.2569 -42.4012 24.1328 -35.2875 0.2170 -27.1414 -48.2332 -10.3453 -44.4977 30.1509 -37.0723 7.7869 -29.1088 -45.3684 -16.6185 -46.0803 33.9416 -38.4525 11.9851 -30.6125 -40.0577 -19.8100 -47.2332 34.6415 -39.6324 15.3123 -31.9174 -31.6369 -22.0715 -48.0939 30.5099 -40.7292 18.4410 -33.1370 -19.8650 -23.9298 -48.6467 18.9416 -41.7877 21.6538 -34.3145 -7.7984 -25.5705 -48.7668 2.1082 -42.8423 25.3065 -35.6054 2.2511 -28.0652 -45.7555 -20.5782 -48.7674 -20.2571 -46.4098 -27.6745 0.2564 -35.2241 24.0578 -42.4803 7.8244 -48.7809 -25.0071 -11.7689 -33.8978 20.4905 -41.4123 24.0363 -48.4899 -23.2944 -24.4092 -32.7010 17.3059 -40.3335 32.7605 -47.8052 -21.2833 -35.2746 -31.4241 14.0468 -39.1726 34.8090 -46.7913 -18.6171 -42.7103 -29.9703 10.2238 -37.8287 32.4052 -45.3477 -14.0507 -47.1981 -28.1075 4.2995 -36.1066 26.8207 -43.2509 -0.8749 -48.7642 -25.0798
8.5449 -42.2225 23.6675 -35.1474 -0.5415 -27.0028 -48.3155 -9.8949 -44.4317 30.0308 -37.0536 7.7869 -29.1295 -45.2696 -16.7673 -46.1450 34.0823 -38.5408 12.2746 -30.7339 -39.3877 -20.0759 -47.3424 34.4543 -39.7702 15.7125 -32.0806 -30.2262 -22.3452 -48.1913 29.3765 -40.8826 18.8935 -33.3089 -17.9994 -24.1788 -48.6949 16.6044 -41.9386 22.1323 -34.4797 -6.3847 -25.7855 -48.7603 0.2137 -42.9844 25.6778 -35.6708 2.0586 -27.6907 -47.3263 -16.5891 -47.4494 0.7669 -47.3217 -15.7424 -47.8155 -27.2455 -0.0607 -35.2833 24.4200 -42.6076 5.5536 -48.7808 -25.2329 -10.1174 -34.0664 20.9569 -41.5642 22.1128 -48.5585 -23.5463 -22.6832 -32.8657 17.7208 -40.4734 32.1025 -47.9032 -21.5291 -34.2981 -31.5530 14.3508 -39.2709 34.8302 -46.8623 -18.7734 -42.4926 -30.0100 10.2800 -37.8287 32.3528 -45.3063 -13.8193 -47.3292 -27.9953 3.8090 -35.9817 26.3722 -43.0802 0.9983 -48.7774
-42.0675 23.1803 -34.9939 -1.4508 -26.8355 -48.4081 -9.2408 -44.3300 29.8007 -36.9991 7.6637 -29.1088 -45.2696 -16.8177 -46.1769 34.1623 -38.6022 12.4903 -30.8304 -38.8053 -20.2968 -47.4364 34.2266 -39.8948 16.0832 -32.2321 -28.8355 -22.6008 -48.2800 28.1270 -41.0317 19.3405 -33.4785 -16.1631 -24.4213 -48.7327 14.1590 -42.0881 22.6174 -34.6445 -5.0588 -25.9987 -48.7406 -1.5665 -43.1550 26.1227 -35.7845 2.3997 -27.6185 -47.7256 -14.0323 -46.1388 33.2431 -43.2526 33.7745 -45.8667 -12.6070 -48.1551 -27.1516 0.3064 -35.3962 24.8596 -42.7437 3.3487 -48.7730 -25.4563 -8.5551 -34.2328 21.4239 -41.7127 20.0756 -48.6169 -23.7848 -21.0157 -33.0205 18.1107 -40.6027 31.4087 -47.9879 -21.7413 -33.4300 -31.6598 14.5922 -39.3453 34.8317 -46.9062 -18.8515 -42.4180 -30.0100 10.2238 -37.7925 32.2028 -45.2279 -13.4478 -47.4980 -27.8525 3.2002 -35.8412 25.8863 -42.9005 -0.7714
22.8878 -34.8280 -2.4892 -26.6485 -48.4988 -8.4025 -44.2001 29.4770 -36.9132 7.4227 -29.0483 -45.3684 -16.7673 -46.1769 34.1871 -38.6323 12.6172 -30.8977 -38.3496 -20.4695 -47.5122 33.9842 -40.0043 16.4157 -32.3694 -27.5027 -22.8343 -48.3585 26.7864 -41.1736 19.7765 -33.6428 -14.3935 -24.6560 -48.7604 11.6821 -42.2346 23.1059 -34.8077 -3.8099 -26.2089 -48.7067 -3.2051 -43.3307 26.6023 -35.9197 2.9669 -27.6884 -47.7744 -12.9205 -45.4130 34.3977 -40.4944 26.5717 -40.3398 33.9303 -45.0472 -11.1176 -48.2053 -27.2154 0.9514 -35.5327 25.3353 -42.8899 1.2709 -48.7653 -25.6751 -7.0996 -34.3939 21.8821 -41.8547 17.9977 -48.6650 -24.0062 -19.4274 -33.1622 18.4649 -40.7189 30.7189 -48.0572 -21.9131 -32.7142 -31.7404 14.7595 -39.3897 34.8284 -46.9206 -18.8515 -42.4926 -29.9703 10.0627 -37.7241 31.9637 -45.1181 -12.9530 -47.6848 -27.6895 2.4993 -35.6919 25.3831 -42.7981
-34.3798 -3.6347 -26.4483 -48.5807 -7.3936 -44.0488 29.0818 -36.8028 7.0763 -28.9526 -45.5582 -16.6185 -46.1450 34.1623 -38.6323 12.6577 -30.9315 -38.0633 -20.5897 -47.5682 33.7613 -40.0944 16.6999 -32.4902 -26.2732 -23.0418 -48.4252 25.4016 -41.3072 20.1922 -33.7987 -12.7284 -24.8797 -48.7775 9.2506 -42.3796 23.5934 -34.9692 -2.6487 -26.4162 -48.6572 -4.6888 -43.5071 27.0953 -36.0640 3.6078 -27.8222 -47.6787 -12.7709 -45.1426 32.9002 -38.9058 18.0896 -36.1261 17.6196 -38.6196 31.9569 -44.7243 -10.8270 -48.1460 -27.3483 1.6930 -35.6785 25.8279 -43.0565 -0.6245 -48.7528 -25.8836 -5.7772 -34.5488 22.3222 -41.9883 15.9374 -48.7031 -24.2056 -17.9863 -33.2878 18.7778 -40.8185 30.0920 -48.1104 -22.0403 -32.2007 -31.7894 14.8432 -39.4039 34.8284 -46.9062 -18.7734 -42.7103 -29.8948 9.8056 -37.6263 31.6474 -44.9833 -12.3464 -47.8707 -27.5120 1.7202 -35.5315 25.0755
-5.2317 -26.2410 -48.6489 -6.2182 -43.8821 28.6355 -36.6737 6.6414 -28.8274 -45.8139 -16.3764 -46.0803 34.0823 -38.6022 12.6172 -30.9315 -37.9688 -20.6500 -47.6034 33.5873 -40.1614 16.9221 -32.5905 -25.1870 -23.2215 -48.4807 24.0450 -41.4284 20.5802 -33.9445 -11.2051 -25.0905 -48.7831 6.9450 -42.5203 24.0725 -35.1275 -1.5820 -26.6214 -48.5913 -6.0355 -43.6841 27.5922 -36.2130 4.2583 -27.9833 -47.5070 -13.0891 -45.1161 32.2385 -38.1872 13.7996 -33.4260 4.7366 -33.2338 12.8898 -37.8010 31.0675 -44.6674 -11.1519 -48.0280 -27.5102 2.4422 -35.8269 26.3165 -43.2305 -2.2934 -48.7281 -26.0815 -4.5887 -34.6954 22.7378 -42.1104 13.9905 -48.7319 -24.3808 -16.7374 -33.3957 19.0401 -40.8960 29.5916 -48.1463 -22.1186 -31.9381 -31.8054 14.8432 -39.3897 34.8317 -46.8623 -18.6171 -43.0493 -29.7870 9.4665 -37.5065 31.2673 -44.8307 -11.6363 -48.0447 -27.3259 0.8777 -35.1040
-25.6022 -48.7012 -4.8821 -43.7066 28.1517 -36.5315 6.1348 -28.6803 -46.1090 -16.0472 -45.9872 33.9416 -38.5408 12.4903 -30.8977 -38.0633 -20.6500 -47.6155 33.4917 -40.2029 17.0759 -32.6640 -24.3056 -23.3692 -48.5254 22.7738 -41.5365 20.9332 -34.0768 -9.8593 -25.2855 -48.7786 4.8264 -42.6521 24.5373 -35.2793 -0.6145 -26.8186 -48.5086 -7.2633 -43.8611 28.0928 -36.3645 4.8990 -28.1562 -47.2856 -13.5908 -45.2002 32.1845 -37.9564 11.9418 -31.9276 -13.7696 -29.0210 -16.6359 -31.4699 10.5571 -37.4887 30.8977 -44.7359 -11.7282 -47.8708 -27.6823 3.1513 -35.9723 26.7932 -43.3981 -3.7585 -48.6920 -26.2667 -3.5521 -34.8289 23.1186 -42.2206 12.2226 -48.7524 -24.5294 -15.7011 -33.4813 19.2326 -40.9484 29.2673 -48.1642 -22.1444 -31.9381 -31.7894 14.7595 -39.3453 34.8302 -46.7913 -18.3895 -43.4753 -29.6529 9.0645 -37.3720 30.8366 -44.6659 -10.8333 -48.2009 -27.1355 -0.2339
-48.7602 -3.3856 -43.5271 27.6497 -36.3811 5.5660 -28.5174 -46.4199 -15.6433 -45.8709 33.7399 -38.4525 12.2746 -30.8304 -38.3496 -20.5897 -47.6034 33.4917 -40.2169 17.1552 -32.7084 -23.7047 -23.4781 -48.5588 21.6517 -41.6284 21.2426 -34.1940 -8.6970 -25.4598 -48.7709 2.9411 -42.7756 24.9838 -35.4227 0.2568 -27.0043 -48.4108 -8.3514 -44.0357 28.5902 -36.5167 5.5146 -28.3328 -47.0261 -14.1455 -45.3297 32.4050 -37.9557 11.4418 -31.3200 -27.3047 -26.0846 -44.8745 -25.4556 -33.4690 -30.5118 9.6034 -37.4230 31.0665 -44.8579 -12.3733 -47.6858 -27.8539 3.8128 -36.1139 27.2563 -43.5585 -5.0259 -48.6468 -26.4355 -2.6690 -34.9479 23.4605 -42.3181 10.7002 -48.7656 -24.6466 -14.9353 -33.5390 19.3492 -40.9753 29.1557 -48.1642 -22.1186 -32.2007 -31.7404 14.5922 -39.2709 34.8090 -46.6956 -18.0986 -43.9480 -29.5001 8.6064 -37.2252 30.3695 -44.4933 -9.9465 -48.3364 -26.5043
-4.6081 -43.3463 27.1426 -36.2262 4.9447 -28.3416 -46.7310 -15.1773 -45.7366 33.4818 -38.3419 11.9851 -30.7339 -38.8053 -20.4695 -47.5682 33.5873 -40.2029 17.1552 -32.7233 -23.3994 -23.5432 -48.5808 20.7776 -41.7019 21.5016 -34.2936 -7.7246 -25.6121 -48.7661 1.3358 -42.8971 25.4031 -35.5566 1.0374 -27.1796 -48.3000 -9.3059 -44.2047 29.0762 -36.6670 6.1025 -28.5096 -46.7368 -14.6933 -45.4743 32.7186 -38.0440 11.5500 -31.2507 -30.0057 -25.0481 -47.9707 -20.4249 -48.6152 -22.9760 -39.2485 -30.0718 9.3594 -37.4689 31.3777 -45.0005 -13.0032 -47.4781 -28.0208 4.4266 -36.2499 27.6938 -43.7077 -6.1011 -48.5955 -26.5845 -1.9201 -35.0516 23.7553 -42.3987 9.4871 -48.7731 -24.7262 -14.4789 -33.5682 19.3886 -40.9753 29.2673 -48.1463 -22.0403 -32.7142 -31.6598 14.3508 -39.1726 34.7525 -46.5797 -17.7546 -44.4396 -29.3326 8.1038 -37.0714 29.8799 -44.3173 -8.9769 -48.5015
-43.2336 26.6307 -36.0713 4.2885 -28.1586 -47.0305 -14.6469 -45.5883 33.1721 -38.2146 11.6399 -30.6125 -39.3877 -20.2968 -47.5122 33.7613 -40.1614 17.0759 -32.7084 -23.3994 -23.5648 -48.5913 20.2340 -41.7533 21.6985 -34.3737 -6.9438 -25.7412 -48.7607 0.0080 -43.0202 25.7825 -35.6776 1.7276 -27.3432 -48.1776 -10.1499 -44.3653 29.5431 -36.8139 6.6627 -28.6849 -46.4164 -15.2132 -45.6210 33.0390 -38.1532 11.8149 -31.3521 -28.8394 -25.3557 -47.7544 -19.9678 -48.6839 -14.9893 -48.6324 -21.2663 -41.4915 -29.8960 9.4562 -37.5643 31.7435 -45.1483 -13.5901 -47.2540 -28.1812 4.9852 -36.3768 28.0928 -43.8426 -6.9937 -48.5414 -26.7126 -1.3041 -35.1386 23.9940 -42.4586 8.6558 -48.7767 -24.7658 -14.3275 -33.5682 19.3492 -40.9484 29.5916 -48.1104 -21.9131 -33.4300 -31.5530 14.0468 -39.0548 34.6492 -46.4484 -17.3633 -44.9280 -29.1552 7.5692 -36.9159 29.3810 -44.1392 -9.5451
26.3036 -35.9098 3.5971 -27.9733 -47.3062 -14.0593 -45.4287 32.8142 -38.0752 11.2470 -30.4707 -40.0577 -20.0759 -47.4364 33.9842 -40.0944 16.9221 -32.6640 -23.7047 -23.5432 -48.5913 20.0506 -41.7786 21.8190 -34.4295 -6.3653 -25.8452 -48.7518 -1.0688 -43.1341 26.1202 -35.7855 2.3186 -27.4899 -48.0479 -10.8927 -44.5166 29.9825 -36.9562 7.1872 -28.8560 -46.0680 -15.7043 -45.7666 33.3388 -38.2565 12.0305 -31.4059 -27.6482 -25.9090 -46.3678 -22.7101 -48.3790 -18.1118 -47.6367 -4.4580 -48.0743 -19.9989 -42.4269 -29.8652 9.7221 -37.6816 32.1107 -45.2934 -14.1269 -47.0199 -28.3315 5.4784 -36.4925 28.4490 -43.9617 -7.7223 -48.4885 -26.8194 -0.8238 -35.2048 24.1604 -42.4952 8.2427 -48.7778 -24.7658 -14.4789 -33.5390 19.2326 -40.8960 30.0920 -48.0572 -21.7413 -34.2981 -31.4241 13.6934 -38.9218 34.4929 -46.3041 -16.9319 -45.3937 -28.9736 7.0112 -36.7595 28.8771 -44.0089
-35.4930 2.8614 -27.7868 -47.5529 -13.4255 -45.2611 32.4146 -37.9263 10.8178 -30.3138 -40.7729 -19.8100 -47.3424 34.2266 -40.0043 16.6999 -32.5905 -24.3056 -23.4781 -48.5808 20.2340 -41.7786 21.8592 -34.4574 -6.0189 -25.9176 -48.7423 -1.9008 -43.2290 26.4096 -35.8808 2.8204 -27.6187 -47.9178 -11.5268 -44.6575 30.3906 -37.0903 7.6715 -29.0193 -45.6982 -16.1647 -45.9097 33.6162 -38.3515 12.1634 -31.3369 -28.5219 -25.9662 -45.0267 -24.9817 -42.8134 -25.5160 -47.2432 -4.2807 -44.9164 22.6577 -47.4810 -19.2189 -42.6530 -29.9238 10.0616 -37.8060 32.4617 -45.4312 -14.6066 -46.7846 -28.4670 5.9042 -36.5946 28.7610 -44.0634 -8.2989 -48.4408 -26.9004 -0.4976 -35.2448 24.2438 -42.5074 8.2427 -48.7767 -24.7262 -14.9353 -33.4813 19.0401 -40.8185 30.7189 -47.9879 -21.5291 -35.2746 -31.2779 13.3014 -38.7791 34.2821 -46.1519 -16.4658 -45.8271 -28.7902 6.4342 -36.5942 28.5030
1.9331 -27.6021 -47.7712 -12.7437 -45.0909 31.9859 -37.7714 10.3571 -30.1453 -41.4988 -19.5066 -47.2332 34.4543 -39.8948 16.4157 -32.4902 -25.1870 -23.3692 -48.5588 20.7776 -41.7533 21.8190 -34.4574 -5.9048 -25.9538 -48.7353 -2.4631 -43.3013 26.6447 -35.9604 3.2383 -27.7316 -47.7921 -12.0549 -44.7843 30.7587 -37.2143 8.1147 -29.1741 -45.3148 -16.5875 -46.0489 33.8733 -38.4492 12.2744 -31.1841 -31.4054 -25.2061 -45.9639 -25.6471 -33.7923 -29.6563 -2.9785 -28.1130 -44.5860 32.3548 -41.7245 33.5057 -47.1155 -18.9594 -42.4557 -30.0312 10.4230 -37.9286 32.7838 -45.5575 -15.0218 -46.5577 -28.5859 6.2665 -36.6823 29.0212 -44.1455 -8.7217 -48.4044 -26.9501 -0.3371 -35.2581 24.2438 -42.4952 8.6558 -48.7731 -24.6466 -15.7011 -33.3957 18.7778 -40.7189 31.4087 -47.9032 -21.2833 -36.3035 -31.1185 12.8789 -38.6269 34.0194 -45.9936 -15.9698 -46.2231 -28.6056 5.8357 -36.1900
-26.9856 -47.9641 -12.0097 -44.9192 31.5372 -37.6141 9.8727 -29.9687 -42.2166 -19.1715 -47.1106 34.6415 -39.7702 16.0832 -32.3694 -26.2732 -23.2215 -48.5254 21.6517 -41.7019 21.6985 -34.4295 -6.0189 -25.9538 -48.7328 -2.7397 -43.3468 26.8131 -36.0219 3.5683 -27.8261 -47.6754 -12.4971 -44.8944 31.0796 -37.3274 8.5119 -29.3168 -44.9268 -16.9747 -46.1809 34.1065 -38.5557 12.4399 -31.0509 -34.5416 -23.7743 -48.1876 -23.6659 -32.8487 -30.6665 8.3174 -37.3976 33.0691 -2.3923 -34.9847 19.6220 -40.1481 34.6635 -47.0139 -19.0284 -42.0438 -30.1558 10.7792 -38.0448 33.0634 -45.6698 -15.3717 -46.3473 -28.6874 6.5644 -36.7539 29.2221 -44.2036 -8.9790 -48.3852 -26.9667 -0.3371 -35.2448 24.1604 -42.4586 9.4871 -48.7656 -24.5294 -16.7374 -33.2878 18.4649 -40.6027 32.1025 -47.8052 -21.0079 -37.3409 -30.9476 12.4357 -38.4703 33.7121 -45.8314 -15.4481 -46.5813 -28.4221 5.1416
-48.2035 -11.2197 -44.7468 31.0718 -37.4564 9.3761 -29.7885 -42.9078 -18.8057 -46.9769 34.7694 -39.6324 15.7125 -32.2321 -27.5027 -23.0418 -48.4807 22.7738 -41.6284 21.5016 -34.3737 -6.3653 -25.9176 -48.7353 -2.7397 -43.3619 26.8985 -36.0608 3.8001 -27.8992 -47.5747 -12.8533 -44.9881 31.3546 -37.4264 8.8597 -29.4458 -44.5433 -17.3220 -46.3044 34.3089 -38.6685 12.6825 -31.0091 -36.4516 -22.2822 -48.7216 -17.3302 -47.1549 -30.4815 7.9299 -35.8589 25.8878 -45.4320 -24.3927 -11.8566 -33.1208 16.5951 -39.7165 34.7588 -47.0409 -19.2244 -41.5410 -30.2802 11.1094 -38.1504 33.2982 -45.7669 -15.6609 -46.1611 -28.7708 6.7929 -36.8048 29.3481 -44.2333 -9.0635 -48.3852 -26.9501 -0.4976 -35.2048 23.9940 -42.3987 10.7002 -48.7524 -24.3808 -17.9863 -33.1622 18.1107 -40.4734 32.7605 -47.6967 -20.7075 -38.3604 -30.7696 11.9791 -38.3128 33.3677 -45.6667 -14.8974 -46.9039 -27.8294
-11.5551 -44.5722 30.5944 -37.2993 8.8700 -29.6066 -43.5511 -18.4183 -46.8348 34.8292 -39.4853 15.3123 -32.0806 -28.8355 -22.8343 -48.4252 24.0450 -41.5365 21.2426 -34.2936 -6.9438 -25.8452 -48.7423 -2.4631 -43.3468 26.8985 -36.0738 3.9170 -27.9458 -47.4983 -13.1211 -45.0646 31.5821 -37.5110 9.1563 -29.5600 -44.1789 -17.6260 -46.4182 34.4752 -38.7833 12.9765 -31.0568 -36.9988 -21.3874 -48.1875 3.2592 -46.7978 -18.0801 14.4953 -36.8104 19.2476 -39.6650 33.4774 -48.7415 -24.1091 -22.9146 -32.4237 15.7484 -39.6301 34.7321 -47.1140 -19.4505 -41.0142 -30.3971 11.3989 -38.2423 33.4899 -45.8471 -15.8912 -46.0089 -28.8314 6.9359 -36.8309 29.3900 -44.2333 -8.9790 -48.4044 -26.9004 -0.8238 -35.1386 23.7553 -42.3181 12.2226 -48.7319 -24.2056 -19.4274 -33.0205 17.7208 -40.3335 33.3482 -47.5775 -20.3865 -39.3364 -30.5892 11.5127 -38.1546 32.9930 -45.5003 -14.3127 -47.3098
-44.4338 30.1040 -37.1425 8.3526 -29.4235 -44.1436 -18.0130 -46.6868 34.8170 -39.3328 14.8900 -31.9174 -30.2262 -22.6008 -48.3585 25.4016 -41.4284 20.9332 -34.1940 -7.7246 -25.7412 -48.7518 -1.9008 -43.3013 26.8131 -36.0608 3.9170 -27.9614 -47.4579 -13.2896 -45.1202 31.7578 -37.5798 9.3989 -29.6559 -43.8476 -17.8887 -46.5188 34.6031 -38.8949 13.2861 -31.1552 -36.7210 -21.1458 -47.9162 27.5482 -42.2255 28.4513 -34.2584 -46.3974 31.7588 -38.8381 24.3519 -41.7449 18.1689 -48.6274 -23.3659 -27.1871 -32.1986 15.6152 -39.6656 34.6559 -47.1972 -19.6696 -40.5081 -30.5000 11.6445 -38.3184 33.6387 -45.9095 -16.0555 -45.9088 -28.8622 6.9834 -36.8309 29.3481 -44.2036 -8.7217 -48.4408 -26.8194 -1.3041 -35.0516 23.4605 -42.2206 13.9905 -48.7031 -24.0062 -21.0157 -32.8657 17.3059 -40.1845 33.8425 -47.4507 -20.0496 -40.2537 -30.4087 11.0412 -37.9967 32.5919 -45.3322 -14.3659
29.6860 -36.9764 7.8187 -29.2404 -44.6851 -17.5895 -46.5351 34.7358 -39.1762 14.4501 -31.7459 -31.6369 -22.3452 -48.2800 26.7864 -41.3072 20.5802 -34.0768 -8.6970 -25.6121 -48.7607 -1.0688 -43.2290 26.6447 -36.0219 3.8001 -27.9458 -47.4579 -13.3453 -45.1487 31.8690 -37.6296 9.5877 -29.7341 -43.5609 -18.1057 -46.6054 34.6943 -38.9967 13.5822 -31.2671 -36.0928 -21.2157 -47.8633 30.8073 -41.1973 22.0642 -35.2264 -3.2786 -14.6138 -43.1235 24.6087 -37.9347 25.2489 -42.1716 19.5289 -48.4974 -22.9680 -28.4115 -32.1717 15.7403 -39.7404 34.5443 -47.2757 -19.8641 -40.0522 -30.5861 11.8437 -38.3776 33.7421 -45.9497 -16.1393 -45.8747 -28.8622 6.9359 -36.8048 29.2221 -44.1454 -8.2989 -48.4885 -26.7126 -1.9201 -34.9479 23.1186 -42.1104 15.9374 -48.6650 -23.7848 -22.6832 -32.7010 16.8701 -40.0301 34.2337 -47.3185 -19.7004 -41.1056 -30.2281 10.5632 -37.8384 32.1662 -45.1830
-36.5809 7.2661 -29.0570 -45.1803 -17.1480 -46.3809 34.5930 -39.0173 14.0028 -31.5699 -33.0235 -22.0717 -48.1914 28.1229 -41.1736 20.1922 -33.9445 -9.8593 -25.4598 -48.7661 0.0076 -43.1341 26.4096 -35.9604 3.5687 -27.8992 -47.4983 -13.2896 -45.1487 31.9063 -37.6559 9.7102 -29.7915 -43.3269 -18.2776 -46.6764 34.7552 -39.0844 13.8473 -31.3751 -35.3726 -21.3756 -47.9025 30.9304 -41.0532 20.8489 -34.7155 -2.0282 -25.8549 -48.0619 34.4296 -38.3235 16.3008 -36.7274 24.1443 -41.9227 22.5806 -48.4253 -22.8466 -28.3695 -32.2242 15.9469 -39.8214 34.4116 -47.3438 -20.0251 -39.6688 -30.6523 11.9880 -38.4164 33.7956 -45.9632 -16.1393 -45.9088 -28.8314 6.7927 -36.7538 29.0212 -44.0633 -7.7222 -48.5414 -26.5845 -2.6690 -34.8289 22.7378 -41.9883 17.9977 -48.6169 -23.5463 -24.4092 -32.5300 16.4276 -39.8734 34.5217 -47.1816 -19.3405 -41.8929 -30.0464 10.0784 -37.6693 31.6395
6.6570 -28.8741 -45.6344 -16.6848 -46.2244 34.3957 -38.8584 13.5527 -31.3911 -34.3545 -21.7838 -48.0943 29.3673 -41.0321 19.7792 -33.7987 -11.2051 -25.2863 -48.7709 1.3354 -43.0207 26.1218 -35.8808 3.2387 -27.8261 -47.5745 -13.1211 -45.1202 31.8690 -37.6559 9.7516 -29.8219 -43.1700 -18.4022 -46.7312 34.7921 -39.1562 14.0726 -31.4714 -34.6777 -21.5406 -47.9602 30.4303 -41.1597 21.4685 -35.2240 3.0381 -27.5025 -48.6319 12.3801 -40.8188 17.4916 -34.3513 9.7844 -35.7033 22.7027 -41.6773 24.0887 -48.4090 -22.8763 -27.8245 -32.2998 16.1629 -39.8976 34.2750 -47.3988 -20.1482 -39.3816 -30.6949 12.0651 -38.4296 33.7956 -45.9497 -16.0554 -46.0091 -28.7708 6.5642 -36.6822 28.7610 -43.9617 -6.9937 -48.5955 -26.4355 -3.5521 -34.6954 22.3221 -41.8547 20.0765 -48.5585 -23.2944 -26.1330 -32.3551 15.9835 -39.7163 34.7114 -47.0411 -18.9684 -42.6195 -29.8648 9.5850 -37.2904
-28.2938 -46.0483 -16.1995 -46.0660 34.1488 -38.7001 13.1019 -31.2119 -35.6115 -21.4851 -47.9889 30.5050 -40.8844 19.3470 -33.6431 -12.7226 -25.0922 -48.7787 2.9284 -42.8976 25.7842 -35.7864 2.8247 -27.7316 -47.6752 -12.8533 -45.0646 31.7578 -37.6296 9.7102 -29.8219 -43.1154 -18.4687 -46.7672 34.8119 -39.2127 14.2528 -31.5488 -34.0720 -21.6824 -48.0104 29.9724 -41.2440 22.1460 -35.9474 10.0076 -31.6284 -45.4360 -11.0651 -43.1886 22.6815 -34.4792 1.2531 -31.3053 4.2637 -35.0168 21.7901 -41.5560 24.3836 -48.4242 -22.9663 -27.1274 -32.3762 16.3551 -39.9599 34.1530 -47.4383 -20.2281 -39.2248 -30.7101 12.0651 -38.4164 33.7421 -45.9095 -15.8910 -46.1615 -28.6873 6.2664 -36.5946 28.4489 -43.8426 -6.0976 -48.6468 -26.2666 -4.5888 -34.5488 21.8818 -41.7126 22.1138 -48.4899 -23.0316 -27.8092 -32.1781 15.5351 -39.5592 34.8116 -46.8968 -18.5840 -43.2877 -29.6838 9.0897
-46.5712 -15.6903 -45.9056 33.8580 -38.5421 12.6497 -31.0327 -36.7847 -21.1793 -47.8765 31.5017 -40.7307 18.8977 -33.4799 -14.3758 -24.8823 -48.7829 4.7951 -42.7769 25.4033 -35.6787 2.3236 -27.6187 -47.7921 -12.4971 -44.9881 31.5822 -37.5798 9.5877 -29.7915 -43.1700 -18.4687 -46.7796 34.8199 -39.2505 14.3846 -31.6078 -33.5850 -21.7935 -48.0484 29.7414 -41.2283 22.0770 -36.1336 13.3277 -35.5873 12.7860 -16.0743 -44.0870 25.7585 -35.1217 -0.5396 -28.8670 -32.0907 -29.0805 -0.1519 -34.6521 21.4078 -41.5314 24.0561 -48.4512 -23.0698 -26.4550 -32.4423 16.5077 -40.0055 34.0646 -47.4591 -20.2563 -39.2248 -30.6949 11.9880 -38.3776 33.6387 -45.8470 -15.6603 -46.3475 -28.5856 5.9031 -36.4925 28.0897 -43.7074 -5.0211 -48.6921 -26.0815 -5.7773 -34.3938 21.4234 -41.5641 24.0365 -48.4125 -22.7602 -29.4278 -32.0011 15.0872 -39.4011 34.8310 -46.7493 -18.1851 -43.9026 -29.1224
-15.6321 -45.7420 33.5303 -38.3852 12.1922 -30.8535 -37.8700 -20.8660 -47.7594 32.3397 -40.5746 18.4425 -33.3110 -16.1391 -24.6601 -48.7771 6.9018 -42.6537 24.9864 -35.5568 1.7284 -27.4900 -47.9178 -12.0550 -44.8945 31.3547 -37.5110 9.3989 -29.7341 -43.3269 -18.4033 -46.7672 34.8200 -39.2635 14.4554 -31.6463 -33.2238 -21.8761 -48.0760 29.6509 -41.1527 21.4046 -35.6766 11.8141 -35.9928 26.2628 -45.5694 -22.1208 6.1690 -32.6625 -7.1874 -27.4607 -44.8762 -23.7602 -44.3684 -27.8186 -2.6894 -34.5104 21.3477 -41.5558 23.4814 -48.4785 -23.1624 -25.9010 -32.4911 16.6095 -40.0310 34.0316 -47.4591 -20.2281 -39.3816 -30.6523 11.8436 -38.3184 33.4894 -45.7667 -15.3698 -46.5589 -28.4666 5.4769 -36.3763 27.6897 -43.5582 -3.7536 -48.7281 -25.8835 -7.1009 -34.2321 20.9567 -41.4122 25.7938 -48.3281 -22.4823 -30.9666 -31.8236 14.6390 -39.2425 34.7778 -46.5988 -17.7667 -44.6843
-45.5893 33.1722 -38.2292 11.7337 -30.6757 -38.8800 -20.5450 -47.6390 33.0373 -40.4193 17.9938 -33.1397 -17.9643 -24.4277 -48.7606 9.1870 -42.5213 24.5425 -35.4237 1.0445 -27.3438 -48.0476 -11.5275 -44.7844 31.0799 -37.4265 9.1565 -29.6560 -43.5606 -18.2790 -46.7319 34.8122 -39.2516 14.4575 -31.6608 -33.0244 -21.9308 -48.0968 29.5910 -41.0787 20.6569 -35.0096 7.2647 -33.6180 15.7953 -40.7976 -0.4233 -48.1986 -26.6130 -36.0166 -25.4194 -47.6629 -19.7908 -48.7657 -20.2326 -46.7302 -27.3473 -3.4906 -34.4927 21.4245 -41.5959 22.8989 -48.5006 -23.2307 -25.5318 -32.5178 16.6464 -40.0310 34.0646 -47.4383 -20.1482 -39.6689 -30.5860 11.6445 -38.2422 33.2962 -45.6697 -15.0203 -46.7856 -28.3309 4.9827 -36.2495 27.2525 -43.3980 -2.2881 -48.7529 -25.6731 -8.5596 -34.0657 20.4890 -41.2589 27.3876 -48.2370 -22.1983 -32.4274 -31.6450 14.1908 -39.0836 34.6600 -46.4455 -17.5485
32.5631 -38.0604 11.2731 -30.4979 -39.8150 -20.2173 -47.5147 33.6019 -40.2657 17.5492 -32.9683 -19.8049 -24.1876 -48.7340 11.5866 -42.3841 24.0834 -35.2821 0.2717 -27.1823 -48.1761 -10.8991 -44.6586 30.7593 -37.3280 8.8608 -29.5607 -43.8458 -18.1079 -46.6779 34.7931 -39.2166 14.3929 -31.6512 -32.9994 -21.9563 -48.1102 29.4994 -41.0396 20.1482 -34.4754 1.8339 -30.9598 1.3955 -35.2804 30.1723 -48.1710 -21.0598 -46.9923 -22.9915 -48.4906 -17.8870 -48.3488 -13.0425 -48.4133 -19.0804 -47.0409 -27.3035 -3.4539 -34.5152 21.5222 -41.6302 22.4584 -48.5142 -23.2659 -25.4043 -32.5175 16.6090 -40.0052 34.1530 -47.3983 -20.0250 -40.0529 -30.4996 11.3958 -38.1501 33.0606 -45.5575 -14.6046 -47.0209 -28.1804 4.4226 -36.1135 26.7896 -43.2283 -0.5956 -48.7654 -25.4538 -10.1371 -33.8964 20.0205 -41.1054 28.7993 -48.1389 -21.9083 -33.8033 -31.4661 13.7414 -38.9247 34.4833 -46.2878
-37.6944 10.8066 -30.3201 -40.6808 -19.8802 -47.3862 34.0452 -40.1125 17.1073 -32.7979 -21.6215 -23.9434 -48.6969 14.0260 -42.2432 23.6155 -35.1339 -0.5875 -27.0097 -48.2967 -10.1705 -44.5195 30.3945 -37.2161 8.5137 -29.4484 -44.1747 -17.8933 -46.6074 34.7574 -39.1617 14.2691 -31.6178 -33.1388 -21.9539 -48.1161 29.3555 -41.0425 19.9428 -34.1589 -3.3197 -28.5952 -34.0534 -28.9337 5.0487 -36.8228 -21.5483 -43.6353 -24.2358 -48.0409 -19.1328 -48.5242 -12.5402 -47.8675 -12.6330 -48.5252 -19.6579 -46.8073 -27.3621 -3.3666 -34.5261 21.5788 -41.6475 22.2627 -48.5180 -23.2632 -25.5496 -32.4891 16.5058 -39.9579 34.2760 -47.3426 -19.8617 -40.5133 -30.3955 11.1012 -38.0441 32.7779 -45.4308 -14.1223 -47.2569 -28.0193 3.8090 -35.9695 26.3067 -43.0522 1.3159 -48.7728 -25.2290 -11.8030 -33.7258 19.5556 -40.9514 30.0356 -48.0344 -21.6116 -35.0957 -31.2870 13.2914 -38.7514 33.6529
10.3719 -30.1451 -41.4774 -19.5371 -47.2554 34.3792 -39.9600 16.6734 -32.6282 -23.3910 -23.6996 -48.6504 16.3953 -42.1006 23.1442 -34.9818 -1.5205 -26.8288 -48.4063 -9.3410 -44.3710 29.9946 -37.0925 8.1194 -29.3196 -44.5376 -17.6351 -46.5222 34.6983 -39.0903 14.0953 -31.5631 -33.4402 -21.9232 -48.1161 29.1379 -41.0907 20.0435 -34.0844 -6.2138 -27.1294 -46.1519 -22.3055 -47.5622 -23.0563 -49.1342 18.7221 -31.3374 -34.3833 -23.7489 -48.6292 -17.5602 -48.5615 -15.7888 -48.6031 -17.2447 -48.7618 -20.4692 -46.7024 -27.3023 -3.6325 -34.5049 21.5669 -41.6447 22.3404 -48.5118 -23.2216 -25.9407 -32.4378 16.3480 -39.8935 34.4158 -47.2727 -19.6607 -41.0347 -30.2755 10.7645 -37.9253 32.4521 -45.2911 -13.5797 -47.4820 -27.8497 3.1353 -35.8211 25.8085 -42.8840 3.4098 -48.7806 -24.9983 -13.5436 -33.5543 19.0924 -40.7960 31.1025 -47.9241 -21.3090 -36.3025 -31.1079 12.8381 -38.4042
-29.6088 -42.1888 -19.1969 -47.1258 34.6076 -39.8127 16.2546 -32.4651 -25.0620 -23.4599 -48.5975 18.5915 -41.9612 22.6872 -34.8305 -2.5161 -26.6441 -48.5006 -8.4230 -44.2150 29.5684 -36.9624 7.6853 -29.1794 -44.9134 -17.3340 -46.4234 34.6098 -39.0052 13.8788 -31.4905 -33.8809 -21.8635 -48.1096 28.8631 -41.1869 20.4777 -34.2693 -5.6710 -26.7171 -47.9445 -17.0868 -48.1094 -8.9684 -47.3674 25.7412 -38.2355 6.7547 -28.9276 -43.6491 -22.4357 -48.4690 -21.0219 -48.1676 -22.3208 -47.9152 -21.1761 -48.7332 -20.2753 -47.1302 -27.0521 -4.3138 -34.4535 21.4907 -41.6224 22.6815 -48.4961 -23.1450 -26.5343 -32.3673 16.1431 -39.8135 34.5563 -47.1887 -19.4261 -41.5944 -30.1405 10.3887 -37.7964 32.0856 -45.1406 -12.9732 -47.6937 -27.6728 2.3979 -35.6695 25.3096 -42.7342 5.6832 -48.7812 -24.7644 -15.3500 -33.3834 18.6339 -40.6400 32.0028 -47.8091 -20.9991 -37.4200 -30.9285 12.4487
-43.0624 -18.8758 -47.0043 34.7452 -39.6792 15.8727 -32.3181 -26.5396 -23.2375 -48.5417 20.5101 -41.8314 22.2626 -34.6868 -3.5336 -26.4624 -48.5774 -7.4386 -44.0572 29.1285 -36.8292 7.2263 -29.0319 -45.2895 -16.9997 -46.3142 34.4897 -38.9094 13.6309 -31.4055 -34.4125 -21.7782 -48.0946 28.5918 -41.3218 21.2547 -34.7184 -1.6323 -27.3312 -47.8864 -14.7863 -46.7245 27.0633 -43.9674 34.6243 -40.6576 17.0928 -32.6680 -22.4576 -26.1235 -45.5230 -24.5004 -42.4893 -27.0618 -30.5165 -27.6716 -41.2453 -21.6453 -48.7398 -18.5091 -47.8382 -26.6853 -5.2390 -34.3849 21.3650 -41.5829 23.2575 -48.4707 -23.0396 -27.2984 -32.2788 15.8957 -39.7197 34.6804 -47.0918 -19.1566 -42.1796 -29.9928 9.9781 -37.6586 31.6821 -44.9826 -12.3023 -47.8896 -27.4892 1.6088 -35.5168 24.8123 -42.5929 8.0676 -48.7695 -24.5293 -17.1828 -33.2124 18.1841 -40.4849 32.7586 -47.6907 -20.6817 -38.4662 -30.3966
-18.6989 -46.9046 34.8106 -39.5740 15.5700 -32.2041 -27.6733 -23.0611 -48.4908 21.9400 -41.7280 21.9125 -34.5655 -4.4812 -26.2987 -48.6354 -6.4315 -43.9068 28.6999 -36.6963 6.7561 -28.8821 -45.6475 -16.6424 -46.1991 34.3402 -38.8098 13.3712 -31.3170 -34.9712 -21.6815 -48.0735 28.3994 -41.4622 22.2401 -35.3782 4.1440 -29.2073 -45.4880 -17.0561 -46.6226 34.0108 -41.8283 28.0144 -38.7279 17.5466 -34.0807 -4.1203 -28.3828 -40.1606 -26.3500 -33.7115 -29.7140 0.8676 -33.1477 7.6583 -30.8108 -46.1282 -15.9187 -47.9051 -15.2900 -48.3588 -26.3301 -6.1866 -34.3100 21.1992 -41.5285 24.0004 -48.4357 -22.9068 -28.1937 -32.1754 15.6113 -39.6117 34.7737 -46.9834 -18.8531 -42.7678 -29.8373 9.5378 -37.5148 31.2550 -44.8189 -11.5596 -48.0644 -27.3032 0.7737 -35.3633 24.3206 -42.4499 10.5094 -48.7465 -24.2914 -19.0186 -33.0415 17.7388 -40.3314 33.3766 -47.5683 -20.3565 -39.8011
-46.8479 34.8291 -39.5325 15.4412 -32.1664 -28.1341 -22.9957 -48.4634 22.4747 -41.6913 21.7545 -34.5031 -5.1028 -26.1856 -48.6724 -5.5448 -43.7773 28.3163 -36.5743 6.2922 -28.7382 -45.9699 -16.2754 -46.0838 34.1734 -38.7153 13.1291 -31.2427 -35.4341 -21.6020 -48.0540 28.2710 -41.5729 23.1457 -36.0779 9.2610 -31.8876 -24.7217 -22.5651 -47.8781 31.6530 -41.3161 23.5072 -36.8213 12.7917 -33.3488 -3.0789 -29.0162 -36.9506 -26.8451 -31.4710 -30.4068 6.8196 -36.0420 22.5995 -39.3966 18.1003 -21.6907 -47.6496 15.9236 -46.2976 -11.4042 -48.6012 -26.0614 -7.0468 -34.2321 21.0008 -41.4603 24.8762 -48.3930 -22.7504 -29.1822 -32.0588 15.2959 -39.4940 34.8255 -46.8659 -18.5264 -43.3409 -29.6754 9.0782 -37.3681 30.8087 -44.6512 -10.7554 -48.2148 -27.1173 -0.1096 -35.2090 23.8367 -42.3063 12.9465 -48.7137 -24.0510 -20.8301 -32.8723 17.2983 -40.1794 33.8661 -47.4415 -19.9728
33.4292 -39.6167 15.7056 -32.2988 -27.1570 -23.1771 -48.4906 21.0770 -41.8102 22.0495 -34.5852 -4.8068 -26.1984 -48.6812 -5.0963 -43.6959 28.0372 -36.4778 5.8855 -28.6104 -46.2463 -15.9282 -45.9783 34.0117 -38.6393 12.9591 -31.2149 -35.5684 -21.6141 -48.0600 27.8800 -41.6668 23.7716 -36.5845 12.7831 -34.3240 7.4431 -30.5067 -48.2824 5.3324 -42.2139 23.4131 -35.9211 8.4247 -31.7781 -13.0993 -28.1814 -39.5837 -26.1276 -36.9188 -29.6666 4.8054 -36.1307 26.7893 -43.7257 -9.2015 -47.2658 -39.4243 33.3226 -42.2662 34.9312 -45.0967 -8.1734 -48.6929 -25.8744 -7.8421 -34.1520 20.7765 -41.3829 25.8268 -48.3433 -22.5782 -30.2267 -31.9338 14.9633 -39.3714 34.8289 -46.7415 -18.1823 -43.8832 -29.5118 8.6091 -37.2225 30.3541 -44.4855 -9.9102 -48.3413 -26.9323 -1.0296 -35.0572 23.3675 -42.1672 15.2928 -48.6723 -23.8138 -22.5753 -32.7072 16.8725 -40.0306 34.2389 -47.2954
-39.8939 16.8139 -32.7738 -22.8689 -23.8532 -48.5966 15.0620 -42.2591 23.4345 -34.9924 -2.5016 -26.5025 -48.6311 -5.7109 -43.7191 27.9772 -36.4311 5.6200 -28.5160 -46.4548 -15.6298 -45.8920 33.8896 -38.6041 12.9500 -31.2880 -34.9298 -21.8649 -48.1389 26.1738 -41.8532 24.3534 -36.8383 14.3555 -35.6838 16.9184 -37.2628 14.2020 -13.6922 -43.5355 25.2589 -35.8207 5.8872 -30.4529 -28.7070 -26.4353 -44.6528 -24.2674 -43.9605 -27.7601 -4.9163 -34.5434 22.1542 -42.3876 3.3330 -48.6054 -27.9474 14.0589 -37.7738 23.8664 -40.1779 33.4349 -44.5086 -6.1600 -48.7297 -25.7359 -8.6041 -34.0716 20.5409 -41.3034 26.7409 -48.2882 -22.4003 -31.2520 -31.8091 14.6328 -39.2499 34.7868 -46.6178 -17.8353 -44.3675 -29.3569 8.1500 -37.0843 29.9186 -44.3300 -9.0514 -48.4432 -26.7570 -1.9496 -34.9146 22.9356 -42.0365 17.4282 -48.6253 -23.5884 -24.1828 -32.5541 16.4743 -39.8710 32.7999
19.7867 -33.8231 -11.7879 -25.3893 -48.7665 0.5413 -43.2803 27.0118 -36.1565 2.9756 -27.4060 -48.3474 -8.1327 -43.9407 28.3243 -36.4743 5.6116 -28.4770 -46.5724 -15.4228 -45.8349 33.8391 -38.6325 13.2152 -31.5469 -32.5747 -22.5862 -48.3296 19.9626 -42.3695 25.7492 -37.1171 14.6735 -35.8112 18.9078 -40.0445 33.6190 -48.8132 -32.6042 15.1308 -34.4031 2.2914 -29.3924 -38.0720 -24.3867 -47.8867 -21.3486 -48.0304 -24.6754 -29.5549 -31.9520 14.8201 -39.9979 32.9284 -48.1753 -23.4455 -18.5400 -33.4100 13.8501 -36.7982 21.1137 -39.5794 32.5084 -44.2520 -4.9129 -48.7470 -25.6313 -9.2601 -34.0040 20.3364 -41.2341 27.5035 -48.2361 -22.2410 -32.1212 -31.7036 14.3411 -39.1452 34.7172 -46.5090 -17.5284 -44.7541 -29.2279 7.7500 -36.9682 29.5483 -44.1976 -8.2732 -48.5167 -26.6110 -2.7609 -34.7964 22.5749 -41.9274 19.1522 -48.5786 -23.3977 -25.5016 -32.4286 16.1415 -39.6107
