28.7525 -39.8371 16.4320 -31.9502 -29.2127 -22.3488 -48.2471 24.3700 -40.8983 19.4278 -33.1339 -17.1877 -24.0015 -48.6987 9.5036 -42.0025 22.6960 -34.3124 -5.7622 -25.5177 -48.7685 -4.0466 -43.1629 26.1037 -35.4305 1.6067 -26.9078 -48.2601 -11.2518 -44.3662 29.4977 -36.5177 6.4204 -28.2186 -46.7051 -15.4352 -45.5220 32.4156 -37.6220 10.1328 -29.5047 -43.5075 -18.3332 -46.6038 33.8194 -38.7583 13.5026 -30.8678 -36.6134 -21.2764 -48.0780 14.9798 -43.5584 33.9148 -43.4207 18.6591 -47.8641 -20.6222 -39.1294 -30.4264 12.3722 -38.3584 33.6013 -46.2316 -17.3974 -44.8850 -29.0476 8.8814 -37.2253 31.4769 -45.1156 -14.1456 -47.4129 -27.7544 4.8785 -36.1269 28.3070 -43.9398 -9.1796 -48.5391 -26.4253 -0.6275 -35.0406 24.8741 -42.7271 -0.0491 -48.7728 -24.9926 -9.4009 -33.8979 21.5152 -41.6131 15.3007 -48.5826 -23.4393 -21.5975 -32.7247 18.3915 -40.5494 27.2787 -48.0823
-39.8371 16.5465 -32.4070 -27.1884 -22.8617 -48.3618 26.8445 -41.1327 19.7136 -33.6104 -14.7427 -24.6060 -48.7551 12.2649 -42.1642 22.9860 -34.7629 -4.1107 -26.1559 -48.7174 -2.7384 -43.2745 26.4246 -35.8489 2.5584 -27.5275 -48.0342 -10.8811 -44.5026 29.9067 -36.9150 7.0410 -28.8012 -46.2037 -15.4802 -45.6748 33.0150 -37.9923 10.5897 -30.0573 -42.5828 -18.6067 -46.7595 34.7845 -39.0860 13.8173 -31.3409 -35.6615 -21.3480 -47.9477 28.6660 -41.8936 27.4172 -39.1681 26.9524 -41.6524 31.0521 -47.6840 -20.5958 -38.3652 -30.9032 12.7097 -38.6993 34.4063 -46.3871 -17.5988 -44.1310 -29.6095 9.3866 -37.6059 31.9929 -45.2646 -14.0731 -47.0229 -28.3486 5.5921 -36.5318 28.6784 -44.0681 -8.5684 -48.3853 -27.0583 0.5214 -35.4695 25.1816 -42.8270 1.8070 -48.7665 -25.6237 -7.4171 -34.3573 21.8011 -41.8020 18.2069 -48.6643 -24.0103 -19.2344 -33.1864 18.5849 -40.7100 27.2787
16.4320 -32.4070 -26.5825 -23.0161 -48.4232 25.5106 -41.2915 20.1364 -33.7727 -13.0290 -24.8350 -48.7749 9.7801 -42.3461 23.4753 -34.9305 -2.9258 -26.3654 -48.6713 -4.2955 -43.4566 26.9354 -36.0105 3.3059 -27.7129 -47.8512 -11.6984 -44.6775 30.3976 -37.0810 7.5978 -28.9838 -45.8064 -16.0004 -45.8394 33.3888 -38.1624 11.0673 -30.2385 -41.8521 -18.9916 -46.9049 34.8321 -39.2567 14.2443 -31.4996 -34.7315 -21.4759 -47.9278 30.7548 -41.1546 22.3374 -36.3288 14.2379 -36.1884 21.5617 -40.8387 32.7281 -47.6477 -20.7167 -37.5985 -31.0588 13.1404 -38.8676 34.5996 -46.5402 -18.0193 -43.5356 -29.7916 9.8867 -37.7747 32.4276 -45.4334 -14.6715 -46.7134 -28.5320 6.2024 -36.6960 29.1850 -44.2455 -9.5753 -48.2582 -27.2506 1.3894 -35.6305 25.6872 -43.0088 -0.1628 -48.7570 -25.8373 -6.0377 -34.5210 22.2515 -41.9697 16.1668 -48.7034 -24.1879 -18.1441 -33.2496 18.5849 -40.5494
-31.9502 -27.1884 -23.0161 -48.4457 24.6832 -41.3861 20.4754 -33.9073 -11.5537 -25.0425 -48.7838 7.4595 -42.4857 23.9574 -35.0889 -1.8382 -26.5702 -48.6092 -5.7008 -43.6370 27.4468 -36.1655 4.0156 -27.8987 -47.6423 -12.4528 -44.8515 30.8794 -37.2382 8.1377 -29.1675 -45.3690 -16.4929 -46.0020 33.7298 -38.3210 11.5373 -30.4194 -41.0630 -19.3633 -47.0481 34.8078 -39.4119 14.6805 -31.6677 -33.5696 -21.7000 -47.9805 31.0088 -40.8644 20.0696 -34.7455 5.1937 -31.9185 4.6004 -34.4908 19.1193 -40.5117 32.9659 -47.6995 -20.9475 -36.6264 -31.2270 13.5767 -39.0233 34.7389 -46.6904 -18.4260 -42.8884 -29.9737 10.3749 -37.9323 32.8381 -45.5997 -15.2365 -46.3713 -28.7167 6.7842 -36.8522 29.6830 -44.4220 -10.4955 -48.1097 -27.4397 2.1994 -35.7829 26.1851 -43.1860 -1.8913 -48.7351 -26.0360 -4.8525 -34.6617 22.6341 -42.0765 14.6544 -48.7231 -24.2555 -18.1441 -33.1864 18.3915
-29.2127 -22.8617 -48.4232 24.6832 -41.4216 20.6659 -33.9990 -10.4646 -25.2109 -48.7830 5.4390 -42.6139 24.4109 -35.2375 -0.8654 -26.7667 -48.5316 -6.9531 -43.8145 27.9554 -36.3200 4.6912 -28.0842 -47.4060 -13.1544 -45.0237 31.3507 -37.3953 8.6639 -29.3508 -44.8889 -16.9632 -46.1622 34.0358 -38.4799 12.0022 -30.6001 -40.2097 -19.7213 -47.1888 34.7035 -39.5678 15.1203 -31.8399 -32.2577 -21.9605 -48.0628 30.5538 -40.8175 19.2573 -33.9669 -3.3968 -28.7483 -32.4581 -28.5858 -5.4180 -33.6288 18.2160 -40.4477 32.6938 -47.7884 -21.2223 -35.5127 -31.4013 14.0193 -39.1800 34.8183 -46.8377 -18.8183 -42.1889 -30.1554 10.8526 -38.0901 33.2239 -45.7647 -15.7693 -45.9920 -28.9003 7.3466 -37.0091 30.1753 -44.5975 -11.3335 -47.9397 -27.6225 2.9428 -35.9298 26.6590 -43.3515 -3.3513 -48.7043 -26.2044 -3.9391 -34.7672 22.8983 -42.1351 14.0805 -48.7231 -24.1879 -19.2344 -32.7247
-22.3488 -48.3618 25.5106 -41.3861 20.6659 -34.0314 -9.8811 -25.3215 -48.7767 3.8679 -42.7217 24.8137 -35.3715 -0.0201 -26.9473 -48.4417 -8.0526 -43.9866 28.4531 -36.4733 5.3291 -28.2694 -47.1412 -13.8106 -45.1945 31.8081 -37.5518 9.1774 -29.5332 -44.3629 -17.4128 -46.3202 34.3011 -38.6382 12.4632 -30.7808 -39.2870 -20.0683 -47.3257 34.5091 -39.7259 15.5611 -32.0146 -30.8280 -22.2335 -48.1551 29.7042 -40.8815 19.1390 -33.6462 -10.0083 -26.6472 -46.6184 -22.3298 -46.9125 -26.3078 -13.4985 -33.2614 18.0539 -40.5044 32.1380 -47.8912 -21.5112 -34.2846 -31.5768 14.4650 -39.3364 34.8282 -46.9828 -19.1955 -41.4303 -30.3372 11.3240 -38.2484 33.5791 -45.9279 -16.2725 -45.5739 -29.0833 7.8930 -37.1653 30.6573 -44.7681 -12.0872 -47.7532 -27.7955 3.6045 -36.0660 27.0909 -43.4970 -4.4880 -48.6714 -26.3286 -3.3544 -34.8248 22.9948 -42.1351 14.6544 -48.7034 -24.0103 -21.5975
-48.2471 26.8445 -41.2915 20.4754 -33.9990 -9.8811 -25.3608 -48.7721 2.8798 -42.7999 25.1351 -35.4841 0.6786 -27.1063 -48.3441 -8.9858 -44.1492 28.9267 -36.6216 5.9237 -28.4503 -46.8493 -14.4217 -45.3630 32.2479 -37.7087 9.6800 -29.7153 -43.7901 -17.8439 -46.4753 34.5201 -38.7966 12.9205 -30.9604 -38.2930 -20.4058 -47.4588 34.2158 -39.8840 16.0061 -32.1901 -29.3123 -22.5091 -48.2479 28.5711 -40.9959 19.3408 -33.5865 -12.9507 -25.5417 -48.5674 -15.4173 -48.1025 -14.9106 -48.6750 -25.0755 -17.0687 -33.1804 18.2308 -40.6157 31.3706 -47.9972 -21.8015 -32.9651 -31.7527 14.9091 -39.4945 34.7613 -47.1249 -19.5602 -40.6069 -30.5179 11.7910 -38.4071 33.9011 -46.0893 -16.7495 -45.1163 -29.2639 8.4149 -37.3171 31.1109 -44.9298 -12.7533 -47.5595 -27.9535 4.1714 -36.1851 27.4569 -43.6125 -5.2716 -48.6455 -26.3963 -3.1475 -34.8248 22.8983 -42.0765 16.1668 -48.6643 -23.4393
24.3700 -41.1327 20.1364 -33.9073 -10.4646 -25.3215 -48.7721 2.5355 -42.8426 25.3448 -35.5649 1.2029 -27.2369 -48.2471 -9.7543 -44.2963 29.3609 -36.7605 6.4678 -28.6225 -46.5371 -14.9820 -45.5275 32.6624 -37.8658 10.1676 -29.8975 -43.1657 -18.2578 -46.6270 34.6863 -38.9542 13.3751 -31.1399 -37.2238 -20.7337 -47.5873 33.8133 -40.0415 16.4545 -32.3662 -27.7128 -22.7814 -48.3362 27.2079 -41.1327 19.6871 -33.6533 -13.3769 -25.1093 -48.7652 -7.5935 -45.7088 27.7117 -45.5554 -5.5868 -48.7612 -24.5753 -17.7210 -33.2384 18.5613 -40.7525 30.4133 -48.1012 -22.0891 -31.5609 -31.9301 15.3547 -39.6532 34.6093 -47.2637 -19.9120 -39.7172 -30.6984 12.2532 -38.5655 34.1848 -46.2462 -17.2001 -44.6276 -29.4393 8.9010 -37.4611 31.5250 -45.0785 -13.3213 -47.3680 -28.0898 4.6293 -36.2790 27.7213 -43.6873 -5.6803 -48.6355 -26.3963 -3.3544 -34.7672 22.6341 -41.9697 18.2069 -48.5826
-40.8983 19.7136 -33.7727 -11.5537 -25.2109 -48.7767 2.8798 -42.8426 25.4193 -35.6074 1.5322 -27.3298 -48.1633 -10.3492 -44.4213 29.7395 -36.8866 6.9548 -28.7822 -46.2147 -15.4867 -45.6847 33.0439 -38.0195 10.6423 -30.0776 -42.4932 -18.6548 -46.7759 34.7931 -39.1119 13.8261 -31.3194 -36.0797 -21.0534 -47.7114 33.2919 -40.1979 16.9044 -32.5417 -26.0212 -23.0490 -48.4188 25.6398 -41.2785 20.1011 -33.7777 -12.6066 -25.0352 -48.7615 -0.7035 -44.0643 33.7111 -41.3563 33.3933 -43.7893 3.4424 -48.7357 -24.4735 -16.9934 -33.3592 18.9636 -40.8995 29.2698 -48.1997 -22.3718 -30.0619 -32.1077 15.8017 -39.8117 34.3623 -47.3984 -20.2530 -38.7567 -30.8776 12.7094 -38.7215 34.4196 -46.3960 -17.6180 -44.1235 -29.6035 9.3428 -37.5935 31.8892 -45.2083 -13.7819 -47.1959 -28.1956 4.9507 -36.3399 27.8607 -43.7134 -5.6803 -48.6455 -26.3286 -3.9391 -34.6617 22.2515 -41.8020 15.3007
19.4278 -33.6104 -13.0290 -25.0425 -48.7830 3.8679 -42.7999 25.3448 -35.6074 1.6474 -27.3786 -48.1052 -10.7531 -44.5169 30.0453 -36.9937 7.3699 -28.9263 -45.8930 -15.9314 -45.8294 33.3831 -38.1669 11.0955 -30.2521 -41.7773 -19.0325 -46.9220 34.8331 -39.2700 14.2747 -31.4985 -34.8618 -21.3646 -47.8303 32.6407 -40.3542 17.3559 -32.7171 -24.2634 -23.3128 -48.4952 23.8879 -41.4270 20.5449 -33.9272 -11.3193 -25.1284 -48.7642 2.7081 -43.2423 29.2538 -38.4979 20.4433 -38.3557 28.4411 -42.9273 7.9732 -48.7491 -24.5599 -15.6497 -33.5084 19.3990 -41.0496 27.9498 -48.2927 -22.6497 -28.4732 -32.2850 16.2494 -39.9693 34.0124 -47.5285 -20.5839 -37.7386 -31.0537 13.1485 -38.8710 34.6007 -46.5358 -17.9931 -43.6193 -29.7518 9.7352 -37.7090 32.1895 -45.3135 -14.1215 -47.0664 -28.2633 5.1131 -36.3613 27.8607 -43.6873 -5.2716 -48.6714 -26.2044 -4.8525 -34.5210 21.8011 -41.6131
-33.1339 -14.7427 -24.8350 -48.7838 5.4390 -42.7217 25.1351 -35.5649 1.5322 -27.3786 -48.0843 -10.9632 -44.5780 30.2623 -37.0749 7.6960 -29.0484 -45.5878 -16.3148 -45.9588 33.6720 -38.3045 11.5169 -30.4185 -41.0305 -19.3856 -47.0611 34.8011 -39.4269 14.7184 -31.6762 -33.5677 -21.6673 -47.9441 31.8519 -40.5106 17.8081 -32.8924 -22.4506 -23.5737 -48.5640 21.9493 -41.5772 21.0004 -34.0864 -9.8523 -25.2960 -48.7685 3.2249 -42.9470 26.8598 -36.8945 12.3597 -34.1307 11.9440 -36.6437 25.8162 -42.6212 8.8191 -48.7645 -24.7297 -14.0483 -33.6699 19.8512 -41.2012 26.4525 -48.3804 -22.9234 -26.8081 -32.4607 16.6965 -40.1244 33.5511 -47.6521 -20.8974 -36.6822 -31.2220 13.5635 -39.0123 34.7262 -46.6630 -18.3190 -43.1335 -29.8827 10.0615 -37.8032 32.4115 -45.3871 -14.3315 -46.9965 -28.2865 5.1131 -36.3399 27.7213 -43.6125 -4.4880 -48.7043 -26.0360 -6.0377 -34.3573 21.5152
-17.1877 -24.6060 -48.7749 7.4595 -42.6139 24.8137 -35.4841 1.2029 -27.3298 -48.1052 -10.9632 -44.5997 30.3762 -37.1265 7.9236 -29.1394 -45.3272 -16.6283 -46.0716 33.9086 -38.4281 11.9012 -30.5729 -40.2759 -19.7123 -47.1911 34.6951 -39.5791 15.1530 -31.8508 -32.1929 -21.9592 -48.0529 30.9211 -40.6668 18.2603 -33.0670 -20.6081 -23.8301 -48.6242 19.8171 -41.7277 21.4682 -34.2503 -8.3717 -25.4948 -48.7676 2.2796 -42.9012 25.9873 -36.1517 7.4037 -31.2036 -8.7444 -31.0582 6.4868 -35.8330 24.8319 -42.5583 7.8408 -48.7768 -24.9341 -12.3759 -33.8356 20.3092 -41.3538 24.7609 -48.4607 -23.1908 -25.0935 -32.6346 17.1386 -40.2771 32.9882 -47.7674 -21.1896 -35.6133 -31.3792 13.9476 -39.1431 34.7994 -46.7745 -18.5970 -42.7014 -29.9873 10.3050 -37.8695 32.5498 -45.4252 -14.4041 -46.9965 -28.2633 4.9507 -36.2790 27.4569 -43.4970 -3.3513 -48.7351 -25.8373 -7.4171 -33.8979
-24.0015 -48.7551 9.7801 -42.4857 24.4109 -35.3715 0.6786 -27.2369 -48.1633 -10.7531 -44.5780 30.3762 -37.1450 8.0402 -29.1959 -45.1388 -16.8543 -46.1618 34.0901 -38.5347 12.2362 -30.7111 -39.5449 -20.0069 -47.3107 34.5202 -39.7243 15.5727 -32.0214 -30.7643 -22.2411 -48.1548 29.8384 -40.8223 18.7132 -33.2407 -18.7459 -24.0809 -48.6760 17.5316 -41.8766 21.9445 -34.4144 -6.9319 -25.7040 -48.7641 0.7340 -42.9716 25.8620 -35.8811 4.5821 -29.3084 -37.4965 -25.9029 -38.4556 -29.0259 3.1424 -35.5283 24.6611 -42.6099 6.0857 -48.7808 -25.1522 -10.7258 -34.0026 20.7729 -41.5052 22.8820 -48.5327 -23.4508 -23.3464 -32.8045 17.5686 -40.4247 32.3342 -47.8729 -21.4568 -34.5640 -31.5232 14.2925 -39.2577 34.8298 -46.8667 -18.8137 -42.3629 -30.0597 10.4562 -37.9030 32.5989 -45.4252 -14.3315 -47.0664 -28.1956 4.6293 -36.1851 27.0909 -43.3515 -1.8913 -48.7570 -25.6237 -9.4009
-48.6987 12.2649 -42.3461 23.9574 -35.2375 -0.0201 -27.1063 -48.2471 -10.3492 -44.5169 30.2623 -37.1265 8.0402 -29.2154 -45.0400 -16.9898 -46.2223 34.2149 -38.6208 12.5119 -30.8292 -38.8661 -20.2618 -47.4164 34.2880 -39.8596 15.9707 -32.1835 -29.3246 -22.5100 -48.2482 28.6082 -40.9754 19.1683 -33.4117 -16.8840 -24.3258 -48.7187 15.1366 -42.0265 22.4239 -34.5779 -5.5721 -25.9151 -48.7498 -0.9514 -43.1069 26.0835 -35.8409 3.4028 -28.3482 -45.0640 -21.0784 -48.7559 -20.7828 -45.8011 -27.9730 1.6422 -35.4736 24.8601 -42.7124 4.0424 -48.7737 -25.3737 -9.1378 -34.1693 21.2440 -41.6554 20.8612 -48.5958 -23.6984 -21.6085 -32.9665 17.9813 -40.5640 31.6133 -47.9666 -21.6948 -33.5754 -31.6496 14.5867 -39.3527 34.8304 -46.9346 -18.9584 -42.1492 -30.0965 10.5075 -37.9030 32.5498 -45.3871 -14.1215 -47.1959 -28.0898 4.1714 -36.0660 26.6590 -43.1860 -0.1628 -48.7665 -24.9926
9.5036 -42.1642 23.4753 -35.0889 -0.8654 -26.9473 -48.3441 -9.7543 -44.4213 30.0453 -37.0749 7.9236 -29.1959 -45.0400 -17.0353 -46.2526 34.2862 -38.6791 12.7164 -30.9221 -38.2783 -20.4757 -47.5067 34.0221 -39.9820 16.3351 -32.3325 -27.9032 -22.7608 -48.3326 27.2665 -41.1228 19.6181 -33.5802 -15.0680 -24.5653 -48.7510 12.6732 -42.1764 22.9092 -34.7424 -4.3018 -26.1259 -48.7216 -2.5881 -43.2684 26.4650 -35.9076 3.2272 -27.9739 -46.8968 -17.2938 -47.6446 -2.0566 -47.5267 -16.5347 -47.4652 -27.5514 1.3597 -35.5334 25.2267 -42.8380 1.9936 -48.7668 -25.5927 -7.6397 -34.3336 21.7102 -41.8022 18.7578 -48.6492 -23.9317 -19.9360 -33.1190 18.3672 -40.6913 30.8662 -48.0470 -21.9008 -32.6949 -31.7534 14.8188 -39.4244 34.8180 -46.9753 -19.0311 -42.0768 -30.0965 10.4562 -37.8695 32.4115 -45.3135 -13.7819 -47.3680 -27.9535 3.6045 -35.9298 26.1851 -43.0088 1.8070 -48.7728
-42.0025 22.9860 -34.9305 -1.8382 -26.7667 -48.4417 -8.9858 -44.2963 29.7395 -36.9937 7.6960 -29.1394 -45.1388 -16.9898 -46.2526 34.3092 -38.7078 12.8411 -30.9870 -37.8237 -20.6407 -47.5802 33.7452 -40.0893 16.6581 -32.4677 -26.5511 -22.9890 -48.4070 25.8418 -41.2635 20.0517 -33.7430 -13.3376 -24.7972 -48.7722 10.1856 -42.3227 23.3984 -34.9058 -3.1098 -26.3344 -48.6787 -4.1207 -43.4396 26.9176 -36.0228 3.5441 -27.9017 -47.3738 -14.9275 -46.3689 32.1796 -43.4998 32.8784 -46.1112 -13.6790 -47.8821 -27.4587 1.6874 -35.6446 25.6683 -42.9927 0.0639 -48.7590 -25.8061 -6.2581 -34.4928 22.1638 -41.9428 16.6181 -48.6925 -24.1474 -18.3694 -33.2592 18.7185 -40.8042 30.1299 -48.1132 -22.0679 -31.9810 -31.8305 14.9805 -39.4676 34.8077 -46.9888 -19.0311 -42.1492 -30.0597 10.3050 -37.8032 32.1895 -45.2083 -13.3213 -47.5595 -27.7955 2.9428 -35.7829 25.6872 -42.8270 -0.0491
22.6960 -34.7629 -2.9258 -26.5702 -48.5316 -8.0526 -44.1492 29.3609 -36.8866 7.3699 -29.0484 -45.3272 -16.8543 -46.2223 34.2862 -38.7078 12.8830 -31.0205 -37.5305 -20.7542 -47.6335 33.4930 -40.1780 16.9385 -32.5860 -25.3200 -23.1911 -48.4695 24.3846 -41.3961 20.4648 -33.8970 -11.7214 -25.0166 -48.7824 7.7698 -42.4663 23.8848 -35.0657 -1.9979 -26.5403 -48.6198 -5.5190 -43.6146 27.4004 -36.1597 4.0712 -27.9721 -47.4320 -13.9101 -45.6571 34.6836 -40.7204 27.3110 -40.5750 34.3515 -45.3090 -12.3507 -47.9447 -27.5195 2.2711 -35.7798 26.1431 -43.1672 -1.6986 -48.7385 -26.0111 -5.0063 -34.6452 22.6020 -42.0750 14.5297 -48.7258 -24.3421 -16.9572 -33.3827 19.0274 -40.9015 29.4623 -48.1633 -22.1894 -31.4701 -31.8788 15.0609 -39.4814 34.8077 -46.9753 -18.9584 -42.3629 -29.9873 10.0615 -37.7090 31.8892 -45.0785 -12.7533 -47.7532 -27.6225 2.1994 -35.6305 25.1816 -42.7271
-34.3124 -4.1107 -26.3654 -48.6092 -6.9531 -43.9866 28.9267 -36.7605 6.9548 -28.9263 -45.5878 -16.6283 -46.1618 34.2149 -38.6791 12.8411 -31.0205 -37.4307 -20.8130 -47.6664 33.3043 -40.2442 17.1610 -32.6835 -24.2344 -23.3657 -48.5210 22.9685 -41.5151 20.8507 -34.0416 -10.2512 -25.2225 -48.7812 5.5351 -42.6060 24.3649 -35.2213 -0.9801 -26.7423 -48.5432 -6.7871 -43.7910 27.8976 -36.3065 4.6693 -28.1073 -47.3175 -13.7674 -45.3880 33.4262 -39.1172 18.6768 -36.3286 18.2402 -38.8497 32.6075 -44.9920 -12.0942 -47.8705 -27.6479 2.9376 -35.9224 26.6246 -43.3389 -3.2620 -48.7058 -26.2056 -3.8839 -34.7889 23.0171 -42.1963 12.5946 -48.7494 -24.5138 -15.7284 -33.4892 19.2843 -40.9779 28.9327 -48.1968 -22.2652 -31.1985 -31.8951 15.0609 -39.4676 34.8180 -46.9346 -18.8137 -42.7014 -29.8827 9.7352 -37.5935 31.5250 -44.9298 -12.0872 -47.9397 -27.4397 1.3894 -35.4695 24.8741
-5.7622 -26.1559 -48.6713 -5.7008 -43.8145 28.4531 -36.6216 6.4678 -28.7822 -45.8930 -16.3148 -46.0716 34.0901 -38.6208 12.7164 -30.9870 -37.5305 -20.8130 -47.6781 33.2005 -40.2839 17.3120 -32.7563 -23.3520 -23.5094 -48.5624 21.6598 -41.6204 21.1983 -34.1722 -8.9623 -25.4134 -48.7726 3.5197 -42.7365 24.8309 -35.3719 -0.0553 -26.9358 -48.4497 -7.9417 -43.9681 28.3967 -36.4572 5.2803 -28.2690 -47.1124 -14.0551 -45.3570 32.7894 -38.3742 14.2645 -33.5647 5.3446 -33.3999 13.4691 -38.0249 31.7649 -44.9366 -12.3784 -47.7270 -27.8039 3.5987 -36.0643 27.0971 -43.5051 -4.6322 -48.6620 -26.3866 -2.8996 -34.9207 23.3959 -42.3044 10.8453 -48.7652 -24.6591 -14.7123 -33.5742 19.4775 -41.0297 28.5952 -48.2145 -22.2922 -31.1985 -31.8788 14.9805 -39.4244 34.8304 -46.8667 -18.5970 -43.1335 -29.7518 9.3428 -37.4611 31.1109 -44.7681 -11.3335 -48.1097 -27.2506 0.5214 -35.0406
-25.5177 -48.7174 -4.2955 -43.6370 27.9554 -36.4733 5.9237 -28.6225 -46.2147 -15.9314 -45.9588 33.9086 -38.5347 12.5119 -30.9221 -37.8237 -20.7542 -47.6664 33.2005 -40.2973 17.3892 -32.8003 -22.7429 -23.6160 -48.5935 20.5077 -41.7110 21.5029 -34.2864 -7.8544 -25.5847 -48.7667 1.7476 -42.8617 25.2752 -35.5141 0.7810 -27.1189 -48.3417 -8.9667 -44.1421 28.8930 -36.6099 5.8799 -28.4414 -46.8482 -14.5124 -45.4376 32.7167 -38.1161 12.2649 -31.9528 -13.6617 -29.0089 -15.7881 -31.6060 11.1448 -37.7114 31.5989 -45.0029 -12.8778 -47.5399 -27.9680 4.2260 -36.2051 27.5550 -43.6635 -5.8114 -48.6095 -26.5509 -2.0523 -35.0385 23.7323 -42.3976 9.3456 -48.7753 -24.7743 -13.9596 -33.6317 19.5938 -41.0569 28.4768 -48.2145 -22.2652 -31.4701 -31.8305 14.8188 -39.3527 34.8298 -46.7745 -18.3190 -43.6193 -29.6035 8.9010 -37.3171 30.6573 -44.5975 -10.4955 -48.2582 -27.0583 -0.6275
-48.7685 -2.7384 -43.4566 27.4468 -36.3200 5.3291 -28.4503 -46.5371 -15.4867 -45.8294 33.6720 -38.4281 12.2362 -30.8292 -38.2783 -20.6407 -47.6335 33.3043 -40.2839 17.3892 -32.8150 -22.4365 -23.6805 -48.6135 19.5987 -41.7835 21.7598 -34.3841 -6.9288 -25.7335 -48.7616 0.2383 -42.9920 25.6881 -35.6450 1.5295 -27.2916 -48.2197 -9.8674 -44.3085 29.3747 -36.7603 6.4542 -28.6187 -46.5402 -15.0173 -45.5656 32.9142 -38.0971 11.6193 -31.1865 -29.5059 -25.5827 -45.7143 -25.2004 -33.3319 -30.6378 10.2171 -37.6480 31.7616 -45.1212 -13.4340 -47.3242 -28.1317 4.8138 -36.3402 27.9851 -43.8102 -6.8073 -48.5517 -26.6971 -1.3405 -35.1398 24.0235 -42.4766 8.1590 -48.7807 -24.8531 -13.5105 -33.6604 19.6326 -41.0569 28.5952 -48.1968 -22.1894 -31.9810 -31.7534 14.5867 -39.2577 34.7994 -46.6630 -17.9931 -44.1235 -29.4393 8.4149 -37.1653 30.1753 -44.4220 -9.5753 -48.3853 -26.4253
-4.0466 -43.2745 26.9354 -36.1655 4.6912 -28.2694 -46.8493 -14.9820 -45.6847 33.3831 -38.3045 11.9012 -30.7111 -38.8661 -20.4757 -47.5802 33.4930 -40.2442 17.3120 -32.8003 -22.4365 -23.7019 -48.6231 19.0345 -41.8340 21.9558 -34.4629 -6.1881 -25.8599 -48.7516 -1.0132 -43.1203 26.0641 -35.7645 2.1842 -27.4511 -48.0866 -10.6664 -44.4677 29.8331 -36.9055 6.9976 -28.7931 -46.2013 -15.5211 -45.7104 33.2073 -38.1813 11.6398 -30.9863 -34.0802 -23.7431 -48.6709 -18.2480 -48.7619 -22.5568 -39.0925 -30.2262 10.0139 -37.6976 32.0546 -45.2571 -13.9768 -47.0911 -28.2890 5.3497 -36.4655 28.3797 -43.9420 -7.6392 -48.4915 -26.8231 -0.7576 -35.2243 24.2595 -42.5369 7.3423 -48.7828 -24.8924 -13.3616 -33.6604 19.5938 -41.0297 28.9327 -48.1633 -22.0679 -32.6949 -31.6496 14.2925 -39.1431 34.7262 -46.5358 -17.6180 -44.6276 -29.2639 7.8930 -37.0091 29.6830 -44.2455 -8.5684 -48.5391
-43.1629 26.4246 -36.0105 4.0156 -28.0842 -47.1412 -14.4217 -45.5275 33.0439 -38.1669 11.5169 -30.5729 -39.5449 -20.2618 -47.5067 33.7452 -40.1780 17.1610 -32.7563 -22.7429 -23.6805 -48.6231 18.8443 -41.8592 22.0768 -34.5181 -5.6401 -25.9610 -48.7389 -2.0218 -43.2329 26.3995 -35.8714 2.7512 -27.5951 -47.9485 -11.3634 -44.6179 30.2657 -37.0464 7.5087 -28.9617 -45.8362 -16.0014 -45.8580 33.5135 -38.3008 11.9171 -31.0441 -34.3340 -23.3897 -48.7679 -13.5527 -47.5077 -8.8649 -48.4040 -20.9950 -41.0060 -30.0982 10.1427 -37.7936 32.3838 -45.3955 -14.4788 -46.8468 -28.4363 5.8275 -36.5796 28.7313 -44.0592 -8.3240 -48.4329 -26.9272 -0.3040 -35.2889 24.4251 -42.5734 6.9372 -48.7833 -24.8924 -13.5105 -33.6317 19.4775 -40.9779 29.4623 -48.1132 -21.9008 -33.5754 -31.5232 13.9476 -39.0123 34.6007 -46.3960 -17.2001 -45.1163 -29.0833 7.3466 -36.8522 29.1850 -44.0681 -9.1796
26.1037 -35.8489 3.3059 -27.8987 -47.4060 -13.8106 -45.3630 32.6624 -38.0195 11.0955 -30.4185 -40.2759 -20.0069 -47.4164 34.0221 -40.0893 16.9385 -32.6835 -23.3520 -23.6160 -48.6135 19.0345 -41.8592 22.1171 -34.5459 -5.3067 -26.0310 -48.7264 -2.7975 -43.3270 26.6857 -35.9647 3.2330 -27.7231 -47.8091 -11.9616 -44.7560 30.6637 -37.1797 7.9820 -29.1249 -45.4439 -16.4477 -46.0028 33.7987 -38.4253 12.2417 -31.1579 -33.3268 -23.7438 -48.7452 -14.8695 -47.5169 2.5633 -45.8114 7.1408 -47.9226 -20.1008 -41.6289 -30.1031 10.4127 -37.9072 32.7086 -45.5284 -14.9315 -46.5986 -28.5704 6.2391 -36.6805 29.0364 -44.1594 -8.8677 -48.3805 -27.0068 0.0042 -35.3287 24.5088 -42.5856 6.9372 -48.7828 -24.8531 -13.9596 -33.5742 19.2843 -40.9015 30.1299 -48.0470 -21.6948 -34.5640 -31.3792 13.5635 -38.8710 34.4196 -46.2462 -16.7495 -45.5739 -28.9003 6.7842 -36.6960 28.6784 -43.9398
-35.4305 2.5584 -27.7129 -47.6423 -13.1544 -45.1945 32.2479 -37.8658 10.6423 -30.2521 -41.0305 -19.7123 -47.3107 34.2880 -39.9820 16.6581 -32.5860 -24.2344 -23.5094 -48.5935 19.5987 -41.8340 22.0768 -34.5459 -5.1969 -26.0669 -48.7174 -3.3224 -43.3990 26.9197 -36.0438 3.6303 -27.8342 -47.6749 -12.4692 -44.8802 31.0241 -37.3029 8.4127 -29.2784 -45.0388 -16.8595 -46.1425 34.0504 -38.5439 12.5302 -31.2287 -32.6440 -24.0804 -48.5790 -18.0921 -48.5681 -13.2335 -47.1378 28.1493 -44.1070 25.1010 -47.5523 -19.6235 -41.6847 -30.1739 10.7344 -38.0244 33.0082 -45.6520 -15.3277 -46.3603 -28.6881 6.5873 -36.7673 29.2932 -44.2406 -9.2677 -48.3406 -27.0561 0.1590 -35.3419 24.5088 -42.5734 7.3423 -48.7807 -24.7743 -14.7123 -33.4892 19.0274 -40.8042 30.8662 -47.9666 -21.4568 -35.6133 -31.2220 13.1485 -38.7215 34.1848 -46.0893 -16.2725 -45.9920 -28.7167 6.2024 -36.5318 28.3070
1.6067 -27.5275 -47.8512 -12.4528 -45.0237 31.8081 -37.7087 10.1676 -30.0776 -41.7773 -19.3856 -47.1911 34.5202 -39.8596 16.3351 -32.4677 -25.3200 -23.3657 -48.5624 20.5077 -41.7835 21.9558 -34.5181 -5.3067 -26.0669 -48.7141 -3.5843 -43.4443 27.0881 -36.1049 3.9477 -27.9268 -47.5526 -12.8891 -44.9890 31.3398 -37.4143 8.7995 -29.4201 -44.6358 -17.2351 -46.2736 34.2658 -38.6581 12.7797 -31.2373 -33.0245 -23.9673 -48.4878 -20.0884 -48.5965 -21.3375 -48.4012 -16.5532 -44.1977 32.6875 -42.0612 32.5873 -47.3015 -19.4678 -41.4290 -30.2776 11.0644 -38.1364 33.2721 -45.7629 -15.6641 -46.1422 -28.7879 6.8757 -36.8379 29.4910 -44.2986 -9.5123 -48.3196 -27.0724 0.1590 -35.3287 24.4251 -42.5369 8.1590 -48.7753 -24.6591 -15.7284 -33.3827 18.7185 -40.6913 31.6133 -47.8729 -21.1896 -36.6822 -31.0537 12.7094 -38.5655 33.9011 -45.9279 -15.7693 -46.3713 -28.5320 5.5921 -36.1269
-26.9078 -48.0342 -11.6984 -44.8515 31.3507 -37.5518 9.6800 -29.8975 -42.4932 -19.0325 -47.0611 34.6951 -39.7243 15.9707 -32.3325 -26.5511 -23.1911 -48.5210 21.6598 -41.7110 21.7598 -34.4629 -5.6401 -26.0310 -48.7174 -3.5843 -43.4594 27.1735 -36.1437 4.1706 -27.9988 -47.4470 -13.2256 -45.0814 31.6071 -37.5129 9.1410 -29.5484 -44.2386 -17.5718 -46.3950 34.4454 -38.7716 13.0279 -31.2248 -34.1363 -23.3278 -48.7098 -19.6188 -47.8825 -24.8312 -37.4013 -27.7554 -42.8269 29.3178 -37.6098 22.1750 -40.5507 34.2451 -47.2133 -19.5303 -40.9968 -30.3921 11.3781 -38.2389 33.4950 -45.8573 -15.9408 -45.9483 -28.8692 7.0965 -36.8881 29.6160 -44.3281 -9.5928 -48.3196 -27.0561 0.0042 -35.2889 24.2595 -42.4766 9.3456 -48.7652 -24.5138 -16.9572 -33.2592 18.3672 -40.5640 32.3342 -47.7674 -20.8974 -37.7386 -30.8776 12.2532 -38.4071 33.5791 -45.7647 -15.2365 -46.7134 -28.3486 4.8785
-48.2601 -10.8811 -44.6775 30.8794 -37.3953 9.1774 -29.7153 -43.1657 -18.6548 -46.9220 34.8011 -39.5791 15.5727 -32.1835 -27.9032 -22.9890 -48.4695 22.9685 -41.6204 21.5029 -34.3841 -6.1881 -25.9610 -48.7264 -3.3224 -43.4443 27.1735 -36.1567 4.2844 -28.0449 -47.3672 -13.4793 -45.1563 31.8272 -37.5970 9.4319 -29.6611 -43.8592 -17.8665 -46.5059 34.5867 -38.8831 13.2955 -31.2408 -35.0805 -22.4674 -48.6860 -15.0285 -48.7421 -25.7075 -23.0562 -31.4386 12.6729 -39.6095 -26.0389 0.1644 -33.9364 17.7641 -39.9992 34.4966 -47.2307 -19.6960 -40.4972 -30.5023 11.6606 -38.3293 33.6742 -45.9353 -16.1615 -45.7905 -28.9281 7.2355 -36.9143 29.6577 -44.3281 -9.5123 -48.3406 -27.0068 -0.3040 -35.2243 24.0235 -42.3976 10.8453 -48.7494 -24.3421 -18.3694 -33.1190 17.9813 -40.4247 32.9882 -47.6521 -20.5839 -38.7567 -30.6984 11.7910 -38.2484 33.2239 -45.5997 -14.6715 -47.0229 -27.7544
-11.2518 -44.5026 30.3976 -37.2382 8.6639 -29.5332 -43.7901 -18.2578 -46.7759 34.8331 -39.4269 15.1531 -32.0220 -29.3246 -22.7608 -48.4070 24.3846 -41.5151 21.1983 -34.2864 -6.9288 -25.8599 -48.7389 -2.7975 -43.3990 27.0881 -36.1437 4.2844 -28.0605 -47.3242 -13.6379 -45.2104 31.9963 -37.6650 9.6695 -29.7561 -43.5153 -18.1191 -46.6039 34.6901 -38.9886 13.5754 -31.3002 -35.3703 -21.8391 -48.3305 -0.0955 -46.9070 -17.3685 -17.2699 -32.1513 9.2034 -36.9906 33.7913 -49.0213 -25.3767 -15.9332 -32.8632 16.5364 -39.8633 34.4755 -47.2900 -19.8857 -40.0021 -30.6004 11.9016 -38.4040 33.8133 -45.9970 -16.3197 -45.6874 -28.9588 7.2822 -36.9143 29.6160 -44.2986 -9.2677 -48.3806 -26.9272 -0.7576 -35.1398 23.7323 -42.3044 12.5946 -48.7258 -24.1474 -19.9360 -32.9665 17.5686 -40.2771 33.5511 -47.5285 -20.2530 -39.7172 -30.5179 11.3240 -38.0901 32.8381 -45.4334 -14.0731 -47.4129
-44.3662 29.9067 -37.0810 8.1377 -29.3508 -44.3629 -17.8439 -46.6270 34.7931 -39.2700 14.7191 -31.8519 -30.7593 -22.5115 -48.3329 25.8418 -41.3961 20.8507 -34.1722 -7.8544 -25.7335 -48.7516 -2.0218 -43.3270 26.9197 -36.1049 4.1706 -28.0449 -47.3242 -13.6917 -45.2387 32.1033 -37.7145 9.8550 -29.8327 -43.2170 -18.3288 -46.6884 34.7602 -39.0854 13.8498 -31.3876 -35.1012 -21.6114 -48.1069 22.5311 -43.0812 33.5955 -41.7968 -32.3036 13.4787 -35.4837 18.5486 -40.8946 11.1020 -48.7908 -24.1205 -23.3556 -32.5024 16.2573 -39.8728 34.3674 -47.3567 -20.0619 -39.5440 -30.6837 12.0947 -38.4628 33.9117 -46.0369 -16.4014 -45.6515 -28.9588 7.2355 -36.8881 29.4910 -44.2401 -8.8677 -48.4330 -26.8231 -1.3405 -35.0385 23.3959 -42.1963 14.5297 -48.6925 -23.9317 -21.6085 -32.8045 17.1386 -40.1244 34.0124 -47.3984 -19.9120 -40.6069 -30.3372 10.8526 -37.9323 32.4276 -45.2646 -14.1456
29.4977 -36.9150 7.5978 -29.1675 -44.8889 -17.4128 -46.4753 34.6863 -39.1119 14.2754 -31.6767 -32.1820 -22.2441 -48.2490 27.2634 -41.2645 20.4648 -34.0418 -8.9623 -25.5847 -48.7616 -1.0150 -43.2334 26.6857 -36.0438 3.9479 -27.9988 -47.3672 -13.6379 -45.2387 32.1398 -37.7408 9.9761 -29.8894 -42.9751 -18.4944 -46.7579 34.8018 -39.1711 14.1025 -31.4809 -34.5587 -21.6269 -48.0360 27.9589 -41.8595 25.6332 -37.1124 9.0377 25.5749 -39.6204 16.9314 -36.3892 23.4294 -42.3011 13.5892 -48.6441 -23.4834 -25.7309 -32.4170 16.3052 -39.9277 34.2240 -47.4182 -20.2136 -39.1556 -30.7490 12.2371 -38.5016 33.9618 -46.0504 -16.4014 -45.6874 -28.9281 7.0964 -36.8369 29.2931 -44.1589 -8.3239 -48.4915 -26.6971 -2.0523 -34.9207 23.0171 -42.0750 16.6181 -48.6492 -23.6984 -23.3464 -32.6346 16.6965 -39.9693 34.3623 -47.2637 -19.5602 -41.4303 -30.1554 10.3749 -37.7747 31.9929 -45.1156
-36.5177 7.0410 -28.9838 -45.3690 -16.9632 -46.3202 34.5201 -38.9542 13.8261 -31.4985 -33.5620 -21.9616 -48.1557 28.6016 -41.1240 20.0524 -33.8975 -10.2497 -25.4139 -48.7666 0.2361 -43.1212 26.4005 -35.9657 3.6305 -27.9268 -47.4470 -13.4793 -45.2104 32.1033 -37.7408 10.0171 -29.9197 -42.8135 -18.6148 -46.8109 34.8229 -39.2422 14.3194 -31.5684 -33.9499 -21.7236 -48.0395 29.0939 -41.4942 23.5200 -36.5127 11.1786 -30.6027 -46.5856 27.1550 -36.0642 11.9513 -36.0897 24.1382 -42.1441 18.5657 -48.5476 -23.2438 -26.1763 -32.4366 16.4540 -39.9901 34.0728 -47.4698 -20.3310 -38.8618 -30.7918 12.3134 -38.5148 33.9618 -46.0369 -16.3197 -45.7905 -28.8692 6.8756 -36.7663 29.0364 -44.0592 -7.6391 -48.5518 -26.5506 -2.8998 -34.7889 22.6020 -41.9428 18.7583 -48.5958 -23.4508 -25.0935 -32.4607 16.2494 -39.8117 34.6093 -47.1249 -19.1955 -42.1889 -29.9737 9.8867 -37.6059 31.4769
6.4205 -28.8012 -45.8064 -16.4930 -46.1623 34.3013 -38.7971 13.3754 -31.3196 -34.8585 -21.6683 -48.0533 29.8256 -40.9766 19.6213 -33.7442 -11.7102 -25.2244 -48.7727 1.7473 -42.9924 26.0652 -35.8725 3.2334 -27.8342 -47.5526 -13.2256 -45.1563 31.9963 -37.7145 9.9761 -29.9197 -42.7564 -18.6792 -46.8455 34.8310 -39.2973 14.4947 -31.6436 -33.3690 -21.8333 -48.0643 29.3445 -41.3404 22.6640 -36.3221 12.9243 -34.6355 4.3303 28.2568 -36.6277 8.1128 -32.2868 6.6238 -35.4859 23.0694 -41.8815 21.1985 -48.5105 -23.2052 -25.8863 -32.4887 16.6155 -40.0473 33.9375 -47.5073 -20.4077 -38.7000 -30.8069 12.3134 -38.5016 33.9117 -45.9970 -16.1615 -45.9483 -28.7878 6.5872 -36.6804 28.7310 -43.9414 -6.8048 -48.6097 -26.3863 -3.8841 -34.6452 22.1638 -41.8022 20.8671 -48.5327 -23.1908 -26.8081 -32.2850 15.8017 -39.6532 34.7613 -46.9828 -18.8183 -42.8884 -29.7916 9.3866 -37.2253
-28.2202 -46.2019 -16.0026 -46.0024 34.0376 -38.6392 12.9230 -31.1422 -36.0734 -21.3658 -47.9454 30.9089 -40.8238 19.1753 -33.5838 -13.3042 -25.0200 -48.7809 3.5026 -42.8618 25.6883 -35.7647 2.7527 -27.7239 -47.6748 -12.8891 -45.0814 31.8272 -37.6650 9.8550 -29.8894 -42.8135 -18.6792 -46.8578 34.8326 -39.3340 14.6224 -31.7014 -32.8813 -21.9327 -48.0928 29.4035 -41.2187 21.8173 -35.8910 12.1116 -35.5007 20.7522 -42.7739 -25.4128 -19.3184 -28.4998 -28.3175 -29.5090 1.9126 -34.9732 22.2199 -41.7311 22.0748 -48.5101 -23.2513 -25.3872 -32.5439 16.7549 -40.0904 33.8394 -47.5278 -20.4353 -38.7000 -30.7918 12.2371 -38.4628 33.8133 -45.9353 -15.9406 -46.1425 -28.6878 6.2384 -36.5795 28.3785 -43.8093 -5.8078 -48.6621 -26.2054 -5.0064 -34.4927 21.7065 -41.6551 22.8873 -48.4607 -22.9234 -28.4732 -32.1077 15.3547 -39.4945 34.8282 -46.8377 -18.4260 -43.5356 -29.6095 8.8814
-46.6997 -15.4898 -45.8426 33.7363 -38.4823 12.4731 -30.9647 -37.2079 -21.0594 -47.8323 31.8425 -40.6701 18.7237 -33.4166 -15.0079 -24.8036 -48.7820 5.5021 -42.7367 25.2779 -35.6452 2.1863 -27.5960 -47.8084 -12.4736 -44.9890 31.6072 -37.5970 9.6702 -29.8331 -42.9750 -18.6148 -46.8455 34.8326 -39.3472 14.6910 -31.7390 -32.5260 -22.0107 -48.1177 29.3963 -41.1138 20.9247 -35.2388 8.7447 -34.0931 15.2930 -38.9697 34.7938 -48.6557 -20.1528 -48.2690 -22.6325 -44.6071 -27.8920 -1.4805 -34.6862 21.8226 -41.6821 22.0654 -48.5241 -23.3177 -24.9220 -32.5879 16.8507 -40.1141 33.8024 -47.5278 -20.4077 -38.8618 -30.7490 12.0947 -38.4040 33.6732 -45.8569 -15.6632 -46.3615 -28.5701 5.8248 -36.4652 27.9834 -43.6628 -4.6248 -48.7059 -26.0108 -6.2668 -34.3327 21.2399 -41.5044 24.7627 -48.3804 -22.6497 -30.0621 -31.9301 14.9090 -39.3364 34.8183 -46.6899 -18.0189 -44.1313 -29.0474
-15.4513 -45.6813 33.4007 -38.3266 12.0205 -30.7876 -38.2580 -20.7463 -47.7151 32.6210 -40.5169 18.2743 -33.2466 -16.8115 -24.5763 -48.7728 7.7032 -42.6073 24.8404 -35.5155 1.5375 -27.4518 -47.9475 -11.9664 -44.8804 31.3402 -37.5130 9.4331 -29.7568 -43.2147 -18.4961 -46.8112 34.8310 -39.3342 14.6914 -31.7526 -32.3264 -22.0619 -48.1366 29.3340 -41.0449 20.2120 -34.5859 3.6605 -31.9182 7.6201 -36.8288 25.6044 -42.1804 27.3654 -46.6598 -6.8021 -48.1723 -18.2291 -47.3297 -27.1877 -3.1513 -34.5765 21.7232 -41.6864 21.7309 -48.5397 -23.3732 -24.5812 -32.6128 16.8844 -40.1141 33.8406 -47.5072 -20.3304 -39.1566 -30.6836 11.8980 -38.3285 33.4932 -45.7611 -15.3265 -46.5997 -28.4362 5.3466 -36.3390 27.5507 -43.5035 -3.2492 -48.7388 -25.8046 -7.6569 -34.1665 20.7703 -41.3527 26.4617 -48.2926 -22.3705 -31.5679 -31.7522 14.4631 -39.1782 34.7385 -46.5394 -17.5959 -44.8878
-45.5306 33.0352 -38.1712 11.5638 -30.6105 -39.2356 -20.4249 -47.5941 33.2605 -40.3635 17.8301 -33.0773 -18.6433 -24.3406 -48.7520 10.0389 -42.4731 24.3830 -35.3759 0.8004 -27.2957 -48.0848 -11.3688 -44.7568 31.0253 -37.4149 9.1422 -29.6623 -43.5103 -18.3315 -46.7588 34.8231 -39.2981 14.6236 -31.7404 -32.3105 -22.0839 -48.1490 29.2216 -41.0178 19.8038 -34.0965 -3.0063 -29.0688 -20.8743 -32.0363 22.8931 -40.9557 32.7722 -42.8537 34.6359 -44.5511 18.5723 -47.2220 -16.2441 -47.7794 -27.0308 -3.5385 -34.5605 21.7459 -41.7057 21.3986 -48.5507 -23.4048 -24.4533 -32.6125 16.8469 -40.0891 33.9417 -47.4688 -20.2110 -39.5511 -30.5988 11.6558 -38.2368 33.2695 -45.6497 -14.9294 -46.8478 -28.2882 4.8109 -36.2037 27.0894 -43.3369 -1.6764 -48.7593 -25.5880 -9.1647 -33.9988 20.2991 -41.1990 27.9780 -48.1978 -22.0855 -32.9901 -31.5734 14.0143 -39.0205 34.5963 -46.3849 -17.3917
32.4462 -38.0058 11.1108 -30.4350 -40.1340 -20.0987 -47.4691 33.7735 -40.2124 17.3933 -32.9094 -20.4425 -24.1027 -48.7211 12.4348 -42.3350 23.9198 -35.2308 -0.0141 -27.1275 -48.2154 -10.6898 -44.6209 30.6711 -37.3046 8.8047 -29.5501 -43.8536 -18.1242 -46.6907 34.8025 -39.2449 14.5010 -31.7047 -32.4833 -22.0759 -48.1540 29.0823 -41.0272 19.6834 -33.8537 -8.5307 -26.6955 -46.7175 -22.7253 -40.8780 -41.9187 33.7088 -43.1744 33.8828 -42.3129 34.7559 -43.9724 21.4777 -47.2283 -16.8050 -47.6158 -27.1062 -3.4997 -34.5624 21.7727 -41.7175 21.2362 -48.5543 -23.4023 -24.6017 -32.5838 16.7437 -40.0429 34.0835 -47.4153 -20.0521 -40.0232 -30.4961 11.3684 -38.1314 33.0008 -45.5254 -14.4709 -47.0942 -28.1290 4.2176 -36.0626 26.6104 -43.1626 0.1202 -48.7668 -25.3644 -10.7839 -33.8295 19.8315 -41.0437 29.3112 -48.0969 -21.7929 -34.3219 -31.3946 13.5645 -38.8634 34.3985 -46.2266
-37.6469 10.6662 -30.2681 -40.9371 -19.7751 -47.3454 34.1614 -40.0656 16.9737 -32.7468 -22.1718 -23.8701 -48.6824 14.7710 -42.1976 23.4635 -35.0845 -0.8849 -26.9516 -48.3338 -9.9207 -44.4751 30.2831 -37.1834 8.4251 -29.4241 -44.2264 -17.8750 -46.6074 34.7621 -39.1761 14.3327 -31.6506 -32.8082 -22.0387 -48.1503 28.9280 -41.0698 19.8070 -33.8361 -10.4811 -25.7505 -48.6079 -12.6574 -46.4288 33.9080 -25.0913 -48.7623 24.3614 -43.0304 33.4768 -42.5934 34.6815 -45.0803 2.0413 -47.9652 -18.3979 -47.3329 -27.1320 -3.6846 -34.5413 21.7536 -41.7144 21.3140 -48.5483 -23.3613 -25.0018 -32.5327 16.5886 -39.9793 34.2482 -47.3473 -19.8582 -40.5585 -30.3774 11.0358 -38.0151 32.6891 -45.3887 -13.9526 -47.3336 -27.9604 3.5683 -35.9151 26.1167 -42.9835 2.1199 -48.7742 -25.1381 -12.4873 -33.6591 19.3700 -40.8883 30.4690 -47.9917 -21.4935 -35.5706 -31.2174 13.1131 -38.6902 33.5922
10.2826 -30.1172 -41.6199 -19.4724 -47.2290 34.4319 -39.9317 16.5908 -32.5997 -23.7324 -23.6529 -48.6380 16.8962 -42.0677 23.0273 -34.9417 -1.7943 -26.7758 -48.4364 -9.0742 -44.3234 29.8693 -37.0553 8.0067 -29.2874 -44.6125 -17.5880 -46.5115 34.6957 -39.0932 14.1260 -31.5827 -33.2452 -21.9762 -48.1388 28.7724 -41.1452 20.1922 -34.0386 -9.2418 -25.6584 -48.7411 -6.1952 -44.5348 32.3391 -37.4855 -19.6698 -19.3066 -46.3412 34.7444 -42.8422 34.9701 -44.7692 7.3440 -47.5645 -14.0556 -48.6312 -19.2120 -47.4435 -26.9499 -4.2992 -34.4931 21.6830 -41.6932 21.6527 -48.5329 -23.2870 -25.6011 -32.4641 16.3888 -39.9004 34.4167 -47.2659 -19.6311 -41.1394 -30.2446 10.6670 -37.8884 32.3388 -45.2405 -13.3745 -47.5607 -27.7844 2.8628 -35.7640 25.6188 -42.8226 4.2723 -48.7821 -24.9094 -14.2370 -33.4890 18.9157 -40.7354 31.4678 -47.8808 -21.1904 -36.7381 -31.0400 12.6609 -38.3411
-29.6342 -42.1342 -19.2274 -47.1329 34.5970 -39.8268 16.2876 -32.4877 -24.9365 -23.4794 -48.5952 18.5916 -41.9560 22.6490 -34.8128 -2.6873 -26.6096 -48.5195 -8.1876 -44.1731 29.4484 -36.9254 7.5663 -29.1423 -45.0008 -17.2710 -46.4065 34.6006 -39.0021 13.8936 -31.5055 -33.7413 -21.8988 -48.1221 28.6456 -41.2396 20.8171 -34.4789 -4.2107 -26.3654 -48.6835 -5.1469 -43.9088 29.7527 -37.3333 8.2669 -26.9619 -48.7962 10.9864 -44.0410 34.6136 -44.9290 -0.4057 -48.3984 -19.1871 -48.5214 -20.0119 -48.6880 -18.0757 -47.9897 -26.5969 -5.1774 -34.4293 21.5658 -41.6552 22.2225 -48.5098 -23.1862 -26.3550 -32.3776 16.1476 -39.8076 34.5721 -47.1725 -19.3700 -41.7446 -30.1003 10.2655 -37.7517 31.9532 -45.0842 -12.7363 -47.7688 -27.6041 2.1101 -35.6127 25.1232 -42.6819 6.5597 -48.7779 -24.6774 -16.0296 -33.3194 18.4655 -40.5824 32.3066 -47.7653 -20.8818 -37.8186 -30.8619 12.2734
-42.6181 -19.1275 -47.0888 34.6568 -39.7855 16.1610 -32.4537 -25.3829 -23.4204 -48.5702 19.3691 -41.8979 22.4120 -34.7231 -3.4069 -26.4730 -48.5799 -7.3343 -44.0333 29.0442 -36.7992 7.1164 -28.9960 -45.3715 -16.9289 -46.2954 34.4787 -38.9091 13.6591 -31.4331 -34.2018 -21.8298 -48.1067 28.5303 -41.3283 21.5018 -35.0303 2.4097 -28.6317 -47.7424 -10.1861 -44.1779 29.2222 -36.9825 8.2572 -29.2179 -46.6563 -12.8505 -45.5374 33.1800 -44.8257 0.0160 -48.6668 -22.9847 -39.8330 -27.1927 -41.5983 -17.8581 -47.9071 -14.6206 -48.4646 -26.2395 -6.0421 -34.3626 21.4170 -41.6061 22.9610 -48.4790 -23.0599 -27.2396 -32.2766 15.8708 -39.7033 34.7007 -47.0679 -19.0815 -42.3483 -29.9481 9.8409 -37.6101 31.5419 -44.9255 -12.0410 -47.9551 -27.4236 1.3158 -35.4614 24.6359 -42.5416 8.9423 -48.7623 -24.4441 -17.8425 -33.1519 18.0221 -40.4296 32.9944 -47.6470 -20.5664 -38.8223 -30.3324
-19.3767 -47.1636 34.5447 -39.8862 16.4264 -32.5878 -24.2424 -23.6201 -48.5902 17.9941 -41.9727 22.5214 -34.7307 -3.6097 -26.4101 -48.6132 -6.6753 -43.9217 28.6972 -36.6854 6.6857 -28.8572 -45.7083 -16.5786 -46.1838 34.3376 -38.8224 13.4597 -31.3886 -34.4316 -21.8282 -48.1115 28.1395 -41.4235 22.0682 -35.4784 6.9666 -31.4830 -25.9905 -17.9545 -45.3587 30.5552 -36.9976 7.7530 -29.3689 -44.2411 -17.6774 -46.7297 30.8040 -44.4023 14.7297 -48.3736 -23.0801 -26.8314 -31.8116 9.5102 -30.7279 -48.7825 14.4886 -45.8743 -9.5915 -48.6647 -25.9976 -6.7466 -34.2993 21.2457 -41.5468 23.8156 -48.4409 -22.9143 -28.2118 -32.1668 15.5710 -39.5915 34.7889 -46.9564 -18.7751 -42.9247 -29.7922 9.4036 -37.4697 31.1169 -44.7653 -11.3046 -48.1159 -27.2447 0.4910 -35.3123 24.1616 -42.4033 11.3111 -48.7365 -24.2140 -19.6120 -32.9879 17.5949 -40.2816 33.5485 -47.5269 -20.2513 -40.0884
-47.4451 33.6684 -40.2891 17.5273 -33.0569 -19.6491 -24.3242 -48.6915 11.0742 -42.3652 23.4719 -34.9567 -2.6149 -26.5102 -48.6045 -6.5276 -43.8679 28.4748 -36.6006 6.3268 -28.7363 -45.9943 -16.2426 -46.0788 34.1930 -38.7545 13.3419 -31.4079 -34.1017 -22.0028 -48.1727 26.5872 -41.6224 22.7132 -35.7586 8.9761 -33.1539 6.6860 -31.0106 -45.5584 30.8842 -36.7668 6.8428 -29.1031 -44.3940 -18.6333 -47.2192 28.9950 -43.7861 31.6602 -46.9210 -19.2339 -37.9216 -31.9385 17.6113 -41.5170 3.1030 17.3411 -39.7763 33.1359 -44.3412 -5.6735 -48.7223 -25.8637 -7.3066 -34.2397 21.0617 -41.4818 24.6903 -48.3982 -22.7633 -29.1818 -32.0558 15.2679 -39.4801 34.8300 -46.8444 -18.4642 -43.4525 -29.6425 8.9726 -37.3349 30.6984 -44.6106 -10.5572 -48.2480 -27.0751 -0.3309 -35.1719 23.7206 -42.2751 13.5353 -48.7029 -23.9958 -21.2647 -32.8349 17.1953 -40.1429 33.9681 -47.4106 -19.9045
23.9381 -41.2472 20.3100 -34.0825 -8.9260 -25.8595 -48.7414 -3.8292 -43.5600 26.5111 -35.6492 0.4497 -26.9166 -48.5022 -7.3466 -43.9163 28.4669 -36.5653 6.0979 -28.6464 -46.2124 -15.9450 -45.9863 34.0624 -38.7139 13.3620 -31.5399 -32.6288 -22.5259 -48.3254 21.3581 -42.1342 24.2384 -36.1402 9.6667 -33.3393 10.1714 -37.2541 34.2262 -47.9583 -29.4549 -9.9013 -27.5152 -46.1848 -18.0296 -47.2922 29.0086 -43.2581 34.9160 -44.6248 -6.9948 -48.1781 -28.5895 10.0051 -39.2180 29.0798 -48.8558 -31.0887 13.6766 -37.9200 29.9799 -43.8392 -4.0863 -48.7380 -25.7996 -7.7056 -34.1933 20.9039 -41.4261 25.4240 -48.3573 -22.6293 -30.0176 -31.9609 15.0021 -39.3832 34.8322 -46.7436 -18.1872 -43.8853 -29.5168 8.5950 -37.2193 30.3378 -44.4795 -9.8828 -48.3457 -26.9336 -1.0608 -35.0553 23.3550 -42.1674 15.3791 -48.6667 -23.8114 -22.6376 -32.7095 16.8603 -40.0284 34.2478 -47.2908
