-0.2441 -0.3314 -0.3102 0.1064 0.2382 -0.1981 -0.2923 -0.3427 -0.1388 0.1784 -0.0241 -0.2397 -0.3139 -0.3480 0.0264 0.2426 -0.1416 -0.2662 -0.3311 -0.3153 0.1020 0.2460 -0.1949 -0.2906 -0.3422 -0.1560 0.1729 -0.0067 -0.2376 -0.3125 -0.3481 0.0189 0.2382 -0.1366 -0.2643 -0.3300 -0.3208 0.0971 0.2525 -0.1915 -0.2889 -0.3416 -0.1732 0.1672 0.0128 -0.2349 -0.3110 -0.3478 0.0070 0.2162 0.1462 0.2162 0.0070 -0.3478 -0.3110 -0.2349 0.0128 0.1672 -0.1732 -0.3416 -0.2889 -0.1915 0.2525 0.0971 -0.3208 -0.3300 -0.2643 -0.1366 0.2382 0.0189 -0.3481 -0.3125 -0.2376 -0.0067 0.1729 -0.1560 -0.3422 -0.2906 -0.1949 0.2460 0.1020 -0.3153 -0.3311 -0.2662 -0.1416 0.2426 0.0264 -0.3480 -0.3139 -0.2397 -0.0241 0.1784 -0.1388 -0.3427 -0.2923 -0.1981 0.2382 0.1064 -0.3102 -0.3314 -0.2441
-0.3314 -0.3172 0.1067 0.2560 -0.2084 -0.3136 -0.3602 -0.1456 0.1741 0.0035 -0.2625 -0.3344 -0.3628 0.0255 0.2402 -0.1410 -0.2881 -0.3505 -0.3275 0.1006 0.2623 -0.2041 -0.3119 -0.3599 -0.1636 0.1682 0.0252 -0.2594 -0.3330 -0.3629 0.0180 0.2353 -0.1349 -0.2863 -0.3496 -0.3332 0.0958 0.2662 -0.2000 -0.3102 -0.3594 -0.1813 0.1625 0.0488 -0.2555 -0.3316 -0.3629 0.0092 0.2281 -0.1098 -0.2385 -0.1098 0.2281 0.0092 -0.3629 -0.3316 -0.2555 0.0488 0.1625 -0.1813 -0.3594 -0.3102 -0.2000 0.2662 0.0958 -0.3332 -0.3496 -0.2863 -0.1349 0.2353 0.0180 -0.3629 -0.3330 -0.2594 0.0252 0.1682 -0.1636 -0.3599 -0.3119 -0.2041 0.2623 0.1006 -0.3275 -0.3505 -0.2881 -0.1410 0.2402 0.0255 -0.3628 -0.3344 -0.2625 0.0035 0.1741 -0.1456 -0.3602 -0.3136 -0.2084 0.2560 0.1067 -0.3172 -0.3314
-0.3102 0.1067 0.2595 -0.2045 -0.3116 -0.3595 -0.1711 0.1652 0.0370 -0.2575 -0.3322 -0.3629 0.0135 0.2326 -0.1315 -0.2852 -0.3490 -0.3359 0.0929 0.2678 -0.1977 -0.3093 -0.3591 -0.1910 0.1591 0.0627 -0.2532 -0.3307 -0.3628 0.0050 0.2276 -0.1249 -0.2834 -0.3479 -0.3406 0.0881 0.2695 -0.1935 -0.3075 -0.3586 -0.2077 0.1537 0.0881 -0.2489 -0.3293 -0.3626 -0.0042 0.2221 -0.1147 -0.2771 -0.3247 -0.2771 -0.1147 0.2221 -0.0042 -0.3626 -0.3293 -0.2489 0.0881 0.1537 -0.2077 -0.3586 -0.3075 -0.1935 0.2695 0.0881 -0.3406 -0.3479 -0.2834 -0.1249 0.2276 0.0050 -0.3628 -0.3307 -0.2532 0.0627 0.1591 -0.1910 -0.3591 -0.3093 -0.1977 0.2678 0.0929 -0.3359 -0.3490 -0.2852 -0.1315 0.2326 0.0135 -0.3629 -0.3322 -0.2575 0.0370 0.1652 -0.1711 -0.3595 -0.3116 -0.2045 0.2595 0.1067 -0.3102
0.1064 0.2560 -0.2045 -0.3108 -0.3591 -0.1896 0.1585 0.0701 -0.2515 -0.3300 -0.3627 0.0004 0.2249 -0.1212 -0.2824 -0.3473 -0.3430 0.0854 0.2700 -0.1911 -0.3066 -0.3583 -0.2167 0.1508 0.1026 -0.2466 -0.3284 -0.3625 -0.0095 0.2197 -0.1138 -0.2805 -0.3462 -0.3468 0.0804 0.2701 -0.1869 -0.3048 -0.3578 -0.2321 0.1456 0.1276 -0.2424 -0.3269 -0.3624 -0.0198 0.2146 -0.1052 -0.2779 -0.3475 -0.3785 -0.3475 -0.2779 -0.1052 0.2146 -0.0198 -0.3624 -0.3269 -0.2424 0.1276 0.1456 -0.2321 -0.3578 -0.3048 -0.1869 0.2701 0.0804 -0.3468 -0.3462 -0.2805 -0.1138 0.2197 -0.0095 -0.3625 -0.3284 -0.2466 0.1026 0.1508 -0.2167 -0.3583 -0.3066 -0.1911 0.2700 0.0854 -0.3430 -0.3473 -0.2824 -0.1212 0.2249 0.0004 -0.3627 -0.3300 -0.2515 0.0701 0.1585 -0.1896 -0.3591 -0.3108 -0.2045 0.2560 0.1064
0.2382 -0.2084 -0.3116 -0.3591 -0.1964 0.1546 0.0948 -0.2467 -0.3281 -0.3624 -0.0133 0.2175 -0.1101 -0.2795 -0.3456 -0.3487 0.0776 0.2697 -0.1844 -0.3039 -0.3574 -0.2402 0.1427 0.1411 -0.2401 -0.3261 -0.3623 -0.0260 0.2119 -0.1013 -0.2776 -0.3444 -0.3517 0.0725 0.2684 -0.1800 -0.3021 -0.3568 -0.2540 0.1377 0.1638 -0.2359 -0.3245 -0.3621 -0.0379 0.2070 -0.0922 -0.2755 -0.3435 -0.3603 -0.1105 -0.3603 -0.3435 -0.2755 -0.0922 0.2070 -0.0379 -0.3621 -0.3245 -0.2359 0.1638 0.1377 -0.2540 -0.3568 -0.3021 -0.1800 0.2684 0.0725 -0.3517 -0.3444 -0.2776 -0.1013 0.2119 -0.0260 -0.3623 -0.3261 -0.2401 0.1411 0.1427 -0.2402 -0.3574 -0.3039 -0.1844 0.2697 0.0776 -0.3487 -0.3456 -0.2795 -0.1101 0.2175 -0.0133 -0.3624 -0.3281 -0.2467 0.0948 0.1546 -0.1964 -0.3591 -0.3116 -0.2084 0.2382
-0.1981 -0.3136 -0.3595 -0.1896 0.1546 0.1039 -0.2439 -0.3267 -0.3622 -0.0265 0.2109 -0.0986 -0.2768 -0.3439 -0.3530 0.0698 0.2673 -0.1776 -0.3012 -0.3564 -0.2612 0.1350 0.1756 -0.2337 -0.3237 -0.3620 -0.0450 0.2043 -0.0869 -0.2746 -0.3426 -0.3556 0.0642 0.2649 -0.1730 -0.2994 -0.3558 -0.2734 0.1301 0.1948 -0.2296 -0.3221 -0.3618 -0.0587 0.1994 -0.0765 -0.2727 -0.3414 -0.3581 0.0449 0.1639 0.0449 -0.3581 -0.3414 -0.2727 -0.0765 0.1994 -0.0587 -0.3618 -0.3221 -0.2296 0.1948 0.1301 -0.2734 -0.3558 -0.2994 -0.1730 0.2649 0.0642 -0.3556 -0.3426 -0.2746 -0.0869 0.2043 -0.0450 -0.3620 -0.3237 -0.2337 0.1756 0.1350 -0.2612 -0.3564 -0.3012 -0.1776 0.2673 0.0698 -0.3530 -0.3439 -0.2768 -0.0986 0.2109 -0.0265 -0.3622 -0.3267 -0.2439 0.1039 0.1546 -0.1896 -0.3595 -0.3136 -0.1981
-0.2923 -0.3602 -0.1711 0.1585 0.0948 -0.2439 -0.3262 -0.3621 -0.0364 0.2059 -0.0878 -0.2744 -0.3422 -0.3563 0.0620 0.2636 -0.1708 -0.2985 -0.3553 -0.2795 0.1275 0.2043 -0.2273 -0.3212 -0.3616 -0.0667 0.1968 -0.0701 -0.2717 -0.3406 -0.3585 0.0555 0.2600 -0.1656 -0.2966 -0.3546 -0.2902 0.1226 0.2198 -0.2232 -0.3196 -0.3614 -0.0820 0.1920 -0.0577 -0.2698 -0.3394 -0.3600 0.0469 0.2432 0.0592 0.2432 0.0469 -0.3600 -0.3394 -0.2698 -0.0577 0.1920 -0.0820 -0.3614 -0.3196 -0.2232 0.2198 0.1226 -0.2902 -0.3546 -0.2966 -0.1656 0.2600 0.0555 -0.3585 -0.3406 -0.2717 -0.0701 0.1968 -0.0667 -0.3616 -0.3212 -0.2273 0.2043 0.1275 -0.2795 -0.3553 -0.2985 -0.1708 0.2636 0.0620 -0.3563 -0.3422 -0.2744 -0.0878 0.2059 -0.0364 -0.3621 -0.3262 -0.2439 0.0948 0.1585 -0.1711 -0.3602 -0.2923
-0.3427 -0.1456 0.1652 0.0701 -0.2467 -0.3267 -0.3621 -0.0401 0.2032 -0.0798 -0.2726 -0.3408 -0.3585 0.0546 0.2590 -0.1640 -0.2959 -0.3542 -0.2949 0.1202 0.2268 -0.2211 -0.3187 -0.3612 -0.0910 0.1895 -0.0501 -0.2687 -0.3386 -0.3606 0.0462 0.2541 -0.1579 -0.2938 -0.3533 -0.3047 0.1152 0.2390 -0.2169 -0.3171 -0.3610 -0.1079 0.1848 -0.0351 -0.2668 -0.3373 -0.3615 0.0394 0.2480 -0.1386 -0.2511 -0.1386 0.2480 0.0394 -0.3615 -0.3373 -0.2668 -0.0351 0.1848 -0.1079 -0.3610 -0.3171 -0.2169 0.2390 0.1152 -0.3047 -0.3533 -0.2938 -0.1579 0.2541 0.0462 -0.3606 -0.3386 -0.2687 -0.0501 0.1895 -0.0910 -0.3612 -0.3187 -0.2211 0.2268 0.1202 -0.2949 -0.3542 -0.2959 -0.1640 0.2590 0.0546 -0.3585 -0.3408 -0.2726 -0.0798 0.2032 -0.0401 -0.3621 -0.3267 -0.2467 0.0701 0.1652 -0.1456 -0.3427
-0.1388 0.1741 0.0370 -0.2515 -0.3281 -0.3622 -0.0364 0.2032 -0.0767 -0.2716 -0.3399 -0.3598 0.0484 0.2545 -0.1576 -0.2934 -0.3530 -0.3077 0.1132 0.2436 -0.2149 -0.3162 -0.3608 -0.1172 0.1823 -0.0261 -0.2657 -0.3365 -0.3619 0.0363 0.2474 -0.1497 -0.2910 -0.3520 -0.3170 0.1078 0.2529 -0.2106 -0.3145 -0.3604 -0.1353 0.1768 -0.0078 -0.2637 -0.3352 -0.3625 0.0294 0.2424 -0.1418 -0.2852 -0.3322 -0.2852 -0.1418 0.2424 0.0294 -0.3625 -0.3352 -0.2637 -0.0078 0.1768 -0.1353 -0.3604 -0.3145 -0.2106 0.2529 0.1078 -0.3170 -0.3520 -0.2910 -0.1497 0.2474 0.0363 -0.3619 -0.3365 -0.2657 -0.0261 0.1823 -0.1172 -0.3608 -0.3162 -0.2149 0.2436 0.1132 -0.3077 -0.3530 -0.2934 -0.1576 0.2545 0.0484 -0.3598 -0.3399 -0.2716 -0.0767 0.2032 -0.0364 -0.3622 -0.3281 -0.2515 0.0370 0.1741 -0.1388
0.1784 0.0035 -0.2575 -0.3300 -0.3624 -0.0265 0.2059 -0.0798 -0.2716 -0.3395 -0.3604 0.0440 0.2508 -0.1522 -0.2913 -0.3519 -0.3180 0.1067 0.2552 -0.2090 -0.3138 -0.3603 -0.1441 0.1742 0.0024 -0.2627 -0.3344 -0.3627 0.0255 0.2402 -0.1410 -0.2881 -0.3505 -0.3273 0.1004 0.2623 -0.2042 -0.3119 -0.3598 -0.1633 0.1679 0.0250 -0.2594 -0.3330 -0.3629 0.0180 0.2353 -0.1345 -0.2856 -0.3531 -0.3796 -0.3531 -0.2856 -0.1345 0.2353 0.0180 -0.3629 -0.3330 -0.2594 0.0250 0.1679 -0.1633 -0.3598 -0.3119 -0.2042 0.2623 0.1004 -0.3273 -0.3505 -0.2881 -0.1410 0.2402 0.0255 -0.3627 -0.3344 -0.2627 0.0024 0.1742 -0.1441 -0.3603 -0.3138 -0.2090 0.2552 0.1067 -0.3180 -0.3519 -0.2913 -0.1522 0.2508 0.0440 -0.3604 -0.3395 -0.2716 -0.0798 0.2059 -0.0265 -0.3624 -0.3300 -0.2575 0.0035 0.1784
-0.0241 -0.2625 -0.3322 -0.3627 -0.0133 0.2109 -0.0878 -0.2726 -0.3399 -0.3604 0.0424 0.2488 -0.1486 -0.2898 -0.3509 -0.3255 0.1009 0.2626 -0.2034 -0.3114 -0.3597 -0.1707 0.1654 0.0357 -0.2578 -0.3323 -0.3629 0.0138 0.2328 -0.1316 -0.2853 -0.3489 -0.3359 0.0930 0.2677 -0.1978 -0.3093 -0.3591 -0.1908 0.1592 0.0623 -0.2532 -0.3307 -0.3628 0.0051 0.2276 -0.1249 -0.2833 -0.3483 -0.3488 -0.0467 -0.3488 -0.3483 -0.2833 -0.1249 0.2276 0.0051 -0.3628 -0.3307 -0.2532 0.0623 0.1592 -0.1908 -0.3591 -0.3093 -0.1978 0.2677 0.0930 -0.3359 -0.3489 -0.2853 -0.1316 0.2328 0.0138 -0.3629 -0.3323 -0.2578 0.0357 0.1654 -0.1707 -0.3597 -0.3114 -0.2034 0.2626 0.1009 -0.3255 -0.3509 -0.2898 -0.1486 0.2488 0.0424 -0.3604 -0.3399 -0.2726 -0.0878 0.2109 -0.0133 -0.3627 -0.3322 -0.2625 -0.0241
-0.2397 -0.3344 -0.3629 0.0004 0.2175 -0.0986 -0.2744 -0.3408 -0.3598 0.0440 0.2488 -0.1472 -0.2889 -0.3503 -0.3304 0.0963 0.2667 -0.1985 -0.3093 -0.3590 -0.1948 0.1575 0.0719 -0.2514 -0.3301 -0.3627 0.0009 0.2252 -0.1215 -0.2825 -0.3473 -0.3429 0.0855 0.2700 -0.1912 -0.3066 -0.3583 -0.2165 0.1508 0.1022 -0.2466 -0.3284 -0.3625 -0.0094 0.2197 -0.1139 -0.2805 -0.3463 -0.3480 0.0678 0.1850 0.0678 -0.3480 -0.3463 -0.2805 -0.1139 0.2197 -0.0094 -0.3625 -0.3284 -0.2466 0.1022 0.1508 -0.2165 -0.3583 -0.3066 -0.1912 0.2700 0.0855 -0.3429 -0.3473 -0.2825 -0.1215 0.2252 0.0009 -0.3627 -0.3301 -0.2514 0.0719 0.1575 -0.1948 -0.3590 -0.3093 -0.1985 0.2667 0.0963 -0.3304 -0.3503 -0.2889 -0.1472 0.2488 0.0440 -0.3598 -0.3408 -0.2744 -0.0986 0.2175 0.0004 -0.3629 -0.3344 -0.2397
-0.3139 -0.3628 0.0135 0.2249 -0.1101 -0.2768 -0.3422 -0.3585 0.0484 0.2508 -0.1486 -0.2889 -0.3501 -0.3328 0.0933 0.2686 -0.1945 -0.3074 -0.3584 -0.2154 0.1505 0.1071 -0.2454 -0.3279 -0.3625 -0.0136 0.2175 -0.1104 -0.2796 -0.3457 -0.3485 0.0779 0.2697 -0.1846 -0.3039 -0.3574 -0.2401 0.1428 0.1409 -0.2401 -0.3261 -0.3623 -0.0259 0.2119 -0.1013 -0.2776 -0.3445 -0.3519 0.0700 0.2623 -0.0294 0.2623 0.0700 -0.3519 -0.3445 -0.2776 -0.1013 0.2119 -0.0259 -0.3623 -0.3261 -0.2401 0.1409 0.1428 -0.2401 -0.3574 -0.3039 -0.1846 0.2697 0.0779 -0.3485 -0.3457 -0.2796 -0.1104 0.2175 -0.0136 -0.3625 -0.3279 -0.2454 0.1071 0.1505 -0.2154 -0.3584 -0.3074 -0.1945 0.2686 0.0933 -0.3328 -0.3501 -0.2889 -0.1486 0.2508 0.0484 -0.3585 -0.3422 -0.2768 -0.1101 0.2249 0.0135 -0.3628 -0.3139
-0.3480 0.0255 0.2326 -0.1212 -0.2795 -0.3439 -0.3563 0.0546 0.2545 -0.1522 -0.2898 -0.3503 -0.3328 0.0922 0.2693 -0.1920 -0.3061 -0.3579 -0.2315 0.1446 0.1377 -0.2400 -0.3258 -0.3622 -0.0295 0.2101 -0.0979 -0.2768 -0.3439 -0.3529 0.0701 0.2675 -0.1779 -0.3013 -0.3565 -0.2608 0.1351 0.1751 -0.2337 -0.3237 -0.3620 -0.0449 0.2043 -0.0870 -0.2746 -0.3426 -0.3556 0.0638 0.2637 -0.1612 -0.2625 -0.1612 0.2637 0.0638 -0.3556 -0.3426 -0.2746 -0.0870 0.2043 -0.0449 -0.3620 -0.3237 -0.2337 0.1751 0.1351 -0.2608 -0.3565 -0.3013 -0.1779 0.2675 0.0701 -0.3529 -0.3439 -0.2768 -0.0979 0.2101 -0.0295 -0.3622 -0.3258 -0.2400 0.1377 0.1446 -0.2315 -0.3579 -0.3061 -0.1920 0.2693 0.0922 -0.3328 -0.3503 -0.2898 -0.1522 0.2545 0.0546 -0.3563 -0.3439 -0.2795 -0.1212 0.2326 0.0255 -0.3480
0.0264 0.2402 -0.1315 -0.2824 -0.3456 -0.3530 0.0620 0.2590 -0.1576 -0.2913 -0.3509 -0.3304 0.0933 0.2693 -0.1911 -0.3054 -0.3575 -0.2425 0.1401 0.1611 -0.2354 -0.3240 -0.3619 -0.0462 0.2033 -0.0842 -0.2740 -0.3421 -0.3564 0.0620 0.2637 -0.1710 -0.2986 -0.3554 -0.2788 0.1277 0.2035 -0.2275 -0.3212 -0.3616 -0.0665 0.1969 -0.0703 -0.2717 -0.3406 -0.3585 0.0555 0.2598 -0.1637 -0.2932 -0.3395 -0.2932 -0.1637 0.2598 0.0555 -0.3585 -0.3406 -0.2717 -0.0703 0.1969 -0.0665 -0.3616 -0.3212 -0.2275 0.2035 0.1277 -0.2788 -0.3554 -0.2986 -0.1710 0.2637 0.0620 -0.3564 -0.3421 -0.2740 -0.0842 0.2033 -0.0462 -0.3619 -0.3240 -0.2354 0.1611 0.1401 -0.2425 -0.3575 -0.3054 -0.1911 0.2693 0.0933 -0.3304 -0.3509 -0.2913 -0.1576 0.2590 0.0620 -0.3530 -0.3456 -0.2824 -0.1315 0.2402 0.0264
0.2426 -0.1410 -0.2852 -0.3473 -0.3487 0.0698 0.2636 -0.1640 -0.2934 -0.3519 -0.3255 0.0963 0.2686 -0.1920 -0.3054 -0.3574 -0.2481 0.1372 0.1765 -0.2318 -0.3224 -0.3617 -0.0626 0.1973 -0.0697 -0.2714 -0.3403 -0.3589 0.0536 0.2587 -0.1638 -0.2959 -0.3542 -0.2944 0.1205 0.2260 -0.2213 -0.3188 -0.3613 -0.0903 0.1896 -0.0505 -0.2687 -0.3386 -0.3606 0.0463 0.2541 -0.1576 -0.2932 -0.3581 -0.3793 -0.3581 -0.2932 -0.1576 0.2541 0.0463 -0.3606 -0.3386 -0.2687 -0.0505 0.1896 -0.0903 -0.3613 -0.3188 -0.2213 0.2260 0.1205 -0.2944 -0.3542 -0.2959 -0.1638 0.2587 0.0536 -0.3589 -0.3403 -0.2714 -0.0697 0.1973 -0.0626 -0.3617 -0.3224 -0.2318 0.1765 0.1372 -0.2481 -0.3574 -0.3054 -0.1920 0.2686 0.0963 -0.3255 -0.3519 -0.2934 -0.1640 0.2636 0.0698 -0.3487 -0.3473 -0.2852 -0.1410 0.2426
-0.1416 -0.2881 -0.3490 -0.3430 0.0776 0.2673 -0.1708 -0.2959 -0.3530 -0.3180 0.1009 0.2667 -0.1945 -0.3061 -0.3575 -0.2481 0.1362 0.1839 -0.2295 -0.3213 -0.3615 -0.0773 0.1922 -0.0549 -0.2690 -0.3386 -0.3607 0.0451 0.2530 -0.1564 -0.2932 -0.3530 -0.3079 0.1133 0.2432 -0.2152 -0.3164 -0.3608 -0.1160 0.1826 -0.0270 -0.2658 -0.3366 -0.3619 0.0364 0.2475 -0.1498 -0.2909 -0.3525 -0.3300 -0.0016 -0.3300 -0.3525 -0.2909 -0.1498 0.2475 0.0364 -0.3619 -0.3366 -0.2658 -0.0270 0.1826 -0.1160 -0.3608 -0.3164 -0.2152 0.2432 0.1133 -0.3079 -0.3530 -0.2932 -0.1564 0.2530 0.0451 -0.3607 -0.3386 -0.2690 -0.0549 0.1922 -0.0773 -0.3615 -0.3213 -0.2295 0.1839 0.1362 -0.2481 -0.3575 -0.3061 -0.1945 0.2667 0.1009 -0.3180 -0.3530 -0.2959 -0.1708 0.2673 0.0776 -0.3430 -0.3490 -0.2881 -0.1416
-0.2662 -0.3505 -0.3359 0.0854 0.2697 -0.1776 -0.2985 -0.3542 -0.3077 0.1067 0.2626 -0.1985 -0.3074 -0.3579 -0.2425 0.1372 0.1839 -0.2287 -0.3207 -0.3613 -0.0884 0.1883 -0.0412 -0.2669 -0.3370 -0.3618 0.0367 0.2471 -0.1489 -0.2906 -0.3517 -0.3193 0.1062 0.2555 -0.2090 -0.3139 -0.3603 -0.1430 0.1746 0.0011 -0.2629 -0.3345 -0.3627 0.0259 0.2404 -0.1412 -0.2882 -0.3506 -0.3295 0.0880 0.2052 0.0880 -0.3295 -0.3506 -0.2882 -0.1412 0.2404 0.0259 -0.3627 -0.3345 -0.2629 0.0011 0.1746 -0.1430 -0.3603 -0.3139 -0.2090 0.2555 0.1062 -0.3193 -0.3517 -0.2906 -0.1489 0.2471 0.0367 -0.3618 -0.3370 -0.2669 -0.0412 0.1883 -0.0884 -0.3613 -0.3207 -0.2287 0.1839 0.1372 -0.2425 -0.3579 -0.3074 -0.1985 0.2626 0.1067 -0.3077 -0.3542 -0.2985 -0.1776 0.2697 0.0854 -0.3359 -0.3505 -0.2662
-0.3311 -0.3275 0.0929 0.2700 -0.1844 -0.3012 -0.3553 -0.2949 0.1132 0.2552 -0.2034 -0.3093 -0.3584 -0.2315 0.1401 0.1765 -0.2295 -0.3207 -0.3612 -0.0943 0.1858 -0.0305 -0.2654 -0.3358 -0.3624 0.0289 0.2415 -0.1416 -0.2881 -0.3503 -0.3285 0.0992 0.2636 -0.2028 -0.3113 -0.3597 -0.1702 0.1657 0.0343 -0.2581 -0.3324 -0.3629 0.0143 0.2330 -0.1320 -0.2854 -0.3490 -0.3361 0.0907 0.2708 -0.0858 0.2708 0.0907 -0.3361 -0.3490 -0.2854 -0.1320 0.2330 0.0143 -0.3629 -0.3324 -0.2581 0.0343 0.1657 -0.1702 -0.3597 -0.3113 -0.2028 0.2636 0.0992 -0.3285 -0.3503 -0.2881 -0.1416 0.2415 0.0289 -0.3624 -0.3358 -0.2654 -0.0305 0.1858 -0.0943 -0.3612 -0.3207 -0.2295 0.1765 0.1401 -0.2315 -0.3584 -0.3093 -0.2034 0.2552 0.1132 -0.2949 -0.3553 -0.3012 -0.1844 0.2700 0.0929 -0.3275 -0.3311
-0.3153 0.1006 0.2678 -0.1911 -0.3039 -0.3564 -0.2795 0.1202 0.2436 -0.2090 -0.3114 -0.3590 -0.2154 0.1446 0.1611 -0.2318 -0.3213 -0.3613 -0.0943 0.1850 -0.0245 -0.2644 -0.3348 -0.3627 0.0222 0.2366 -0.1349 -0.2859 -0.3491 -0.3358 0.0925 0.2681 -0.1968 -0.3088 -0.3590 -0.1964 0.1573 0.0716 -0.2516 -0.3302 -0.3627 0.0015 0.2255 -0.1220 -0.2826 -0.3474 -0.3427 0.0852 0.2703 -0.1810 -0.2710 -0.1810 0.2703 0.0852 -0.3427 -0.3474 -0.2826 -0.1220 0.2255 0.0015 -0.3627 -0.3302 -0.2516 0.0716 0.1573 -0.1964 -0.3590 -0.3088 -0.1968 0.2681 0.0925 -0.3358 -0.3491 -0.2859 -0.1349 0.2366 0.0222 -0.3627 -0.3348 -0.2644 -0.0245 0.1850 -0.0943 -0.3613 -0.3213 -0.2318 0.1611 0.1446 -0.2154 -0.3590 -0.3114 -0.2090 0.2436 0.1202 -0.2795 -0.3564 -0.3039 -0.1911 0.2678 0.1006 -0.3153
0.1020 0.2623 -0.1977 -0.3066 -0.3574 -0.2612 0.1275 0.2268 -0.2149 -0.3138 -0.3597 -0.1948 0.1505 0.1377 -0.2354 -0.3224 -0.3615 -0.0884 0.1858 -0.0245 -0.2640 -0.3344 -0.3628 0.0172 0.2327 -0.1292 -0.2840 -0.3479 -0.3413 0.0864 0.2700 -0.1910 -0.3064 -0.3582 -0.2206 0.1494 0.1102 -0.2452 -0.3279 -0.3625 -0.0131 0.2178 -0.1109 -0.2798 -0.3457 -0.3483 0.0780 0.2697 -0.1831 -0.3011 -0.3466 -0.3011 -0.1831 0.2697 0.0780 -0.3483 -0.3457 -0.2798 -0.1109 0.2178 -0.0131 -0.3625 -0.3279 -0.2452 0.1102 0.1494 -0.2206 -0.3582 -0.3064 -0.1910 0.2700 0.0864 -0.3413 -0.3479 -0.2840 -0.1292 0.2327 0.0172 -0.3628 -0.3344 -0.2640 -0.0245 0.1858 -0.0884 -0.3615 -0.3224 -0.2354 0.1377 0.1505 -0.1948 -0.3597 -0.3138 -0.2149 0.2268 0.1275 -0.2612 -0.3574 -0.3066 -0.1977 0.2623 0.1020
0.2460 -0.2041 -0.3093 -0.3583 -0.2402 0.1350 0.2043 -0.2211 -0.3162 -0.3603 -0.1707 0.1575 0.1071 -0.2400 -0.3240 -0.3617 -0.0773 0.1883 -0.0305 -0.2644 -0.3344 -0.3629 0.0145 0.2302 -0.1249 -0.2826 -0.3469 -0.3453 0.0810 0.2700 -0.1856 -0.3041 -0.3574 -0.2415 0.1420 0.1463 -0.2390 -0.3256 -0.3622 -0.0296 0.2103 -0.0983 -0.2769 -0.3440 -0.3528 0.0704 0.2675 -0.1777 -0.3008 -0.3624 -0.3760 -0.3624 -0.3008 -0.1777 0.2675 0.0704 -0.3528 -0.3440 -0.2769 -0.0983 0.2103 -0.0296 -0.3622 -0.3256 -0.2390 0.1463 0.1420 -0.2415 -0.3574 -0.3041 -0.1856 0.2700 0.0810 -0.3453 -0.3469 -0.2826 -0.1249 0.2302 0.0145 -0.3629 -0.3344 -0.2644 -0.0305 0.1883 -0.0773 -0.3617 -0.3240 -0.2400 0.1071 0.1575 -0.1707 -0.3603 -0.3162 -0.2211 0.2043 0.1350 -0.2402 -0.3583 -0.3093 -0.2041 0.2460
-0.1949 -0.3119 -0.3591 -0.2167 0.1427 0.1756 -0.2273 -0.3187 -0.3608 -0.1441 0.1654 0.0719 -0.2454 -0.3258 -0.3619 -0.0626 0.1922 -0.0412 -0.2654 -0.3348 -0.3628 0.0145 0.2294 -0.1226 -0.2816 -0.3462 -0.3481 0.0766 0.2691 -0.1809 -0.3020 -0.3566 -0.2590 0.1352 0.1767 -0.2331 -0.3234 -0.3619 -0.0484 0.2029 -0.0840 -0.2741 -0.3422 -0.3563 0.0623 0.2638 -0.1711 -0.2986 -0.3561 -0.2991 0.0312 -0.2991 -0.3561 -0.2986 -0.1711 0.2638 0.0623 -0.3563 -0.3422 -0.2741 -0.0840 0.2029 -0.0484 -0.3619 -0.3234 -0.2331 0.1767 0.1352 -0.2590 -0.3566 -0.3020 -0.1809 0.2691 0.0766 -0.3481 -0.3462 -0.2816 -0.1226 0.2294 0.0145 -0.3628 -0.3348 -0.2654 -0.0412 0.1922 -0.0626 -0.3619 -0.3258 -0.2454 0.0719 0.1654 -0.1441 -0.3608 -0.3187 -0.2273 0.1756 0.1427 -0.2167 -0.3591 -0.3119 -0.1949
-0.2906 -0.3599 -0.1910 0.1508 0.1411 -0.2337 -0.3212 -0.3612 -0.1172 0.1742 0.0357 -0.2514 -0.3279 -0.3622 -0.0462 0.1973 -0.0549 -0.2669 -0.3358 -0.3627 0.0172 0.2302 -0.1226 -0.2813 -0.3459 -0.3496 0.0734 0.2678 -0.1770 -0.3003 -0.3559 -0.2732 0.1292 0.2008 -0.2277 -0.3211 -0.3616 -0.0692 0.1958 -0.0673 -0.2712 -0.3403 -0.3589 0.0538 0.2589 -0.1640 -0.2959 -0.3544 -0.2976 0.1075 0.2266 0.1075 -0.2976 -0.3544 -0.2959 -0.1640 0.2589 0.0538 -0.3589 -0.3403 -0.2712 -0.0673 0.1958 -0.0692 -0.3616 -0.3211 -0.2277 0.2008 0.1292 -0.2732 -0.3559 -0.3003 -0.1770 0.2678 0.0734 -0.3496 -0.3459 -0.2813 -0.1226 0.2302 0.0172 -0.3627 -0.3358 -0.2669 -0.0549 0.1973 -0.0462 -0.3622 -0.3279 -0.2514 0.0357 0.1742 -0.1172 -0.3612 -0.3212 -0.2337 0.1411 0.1508 -0.1910 -0.3599 -0.2906
-0.3422 -0.1636 0.1591 0.1026 -0.2401 -0.3237 -0.3616 -0.0910 0.1823 0.0024 -0.2578 -0.3301 -0.3625 -0.0295 0.2033 -0.0697 -0.2690 -0.3370 -0.3624 0.0222 0.2327 -0.1249 -0.2816 -0.3459 -0.3501 0.0717 0.2669 -0.1742 -0.2990 -0.3552 -0.2839 0.1241 0.2188 -0.2227 -0.3191 -0.3612 -0.0909 0.1891 -0.0482 -0.2683 -0.3383 -0.3608 0.0447 0.2530 -0.1565 -0.2932 -0.3531 -0.3081 0.1110 0.2626 -0.1244 0.2626 0.1110 -0.3081 -0.3531 -0.2932 -0.1565 0.2530 0.0447 -0.3608 -0.3383 -0.2683 -0.0482 0.1891 -0.0909 -0.3612 -0.3191 -0.2227 0.2188 0.1241 -0.2839 -0.3552 -0.2990 -0.1742 0.2669 0.0717 -0.3501 -0.3459 -0.2816 -0.1249 0.2327 0.0222 -0.3624 -0.3370 -0.2690 -0.0697 0.2033 -0.0295 -0.3625 -0.3301 -0.2578 0.0024 0.1823 -0.0910 -0.3616 -0.3237 -0.2401 0.1026 0.1591 -0.1636 -0.3422
-0.1560 0.1682 0.0627 -0.2466 -0.3261 -0.3620 -0.0667 0.1895 -0.0261 -0.2627 -0.3323 -0.3627 -0.0136 0.2101 -0.0842 -0.2714 -0.3386 -0.3618 0.0289 0.2366 -0.1292 -0.2826 -0.3462 -0.3496 0.0717 0.2665 -0.1728 -0.2982 -0.3548 -0.2913 0.1201 0.2313 -0.2185 -0.3173 -0.3609 -0.1124 0.1830 -0.0268 -0.2656 -0.3364 -0.3621 0.0350 0.2464 -0.1485 -0.2905 -0.3517 -0.3192 0.1059 0.2581 -0.1997 -0.2797 -0.1997 0.2581 0.1059 -0.3192 -0.3517 -0.2905 -0.1485 0.2464 0.0350 -0.3621 -0.3364 -0.2656 -0.0268 0.1830 -0.1124 -0.3609 -0.3173 -0.2185 0.2313 0.1201 -0.2913 -0.3548 -0.2982 -0.1728 0.2665 0.0717 -0.3496 -0.3462 -0.2826 -0.1292 0.2366 0.0289 -0.3618 -0.3386 -0.2714 -0.0842 0.2101 -0.0136 -0.3627 -0.3323 -0.2627 -0.0261 0.1895 -0.0667 -0.3620 -0.3261 -0.2466 0.0627 0.1682 -0.1560
0.1729 0.0252 -0.2532 -0.3284 -0.3623 -0.0450 0.1968 -0.0501 -0.2657 -0.3344 -0.3629 0.0009 0.2175 -0.0979 -0.2740 -0.3403 -0.3607 0.0367 0.2415 -0.1349 -0.2840 -0.3469 -0.3481 0.0734 0.2669 -0.1728 -0.2979 -0.3545 -0.2958 0.1173 0.2393 -0.2151 -0.3157 -0.3605 -0.1321 0.1769 -0.0037 -0.2631 -0.3345 -0.3627 0.0249 0.2396 -0.1400 -0.2878 -0.3503 -0.3287 0.0991 0.2639 -0.2014 -0.3091 -0.3534 -0.3091 -0.2014 0.2639 0.0991 -0.3287 -0.3503 -0.2878 -0.1400 0.2396 0.0249 -0.3627 -0.3345 -0.2631 -0.0037 0.1769 -0.1321 -0.3605 -0.3157 -0.2151 0.2393 0.1173 -0.2958 -0.3545 -0.2979 -0.1728 0.2669 0.0734 -0.3481 -0.3469 -0.2840 -0.1349 0.2415 0.0367 -0.3607 -0.3403 -0.2740 -0.0979 0.2175 0.0009 -0.3629 -0.3344 -0.2657 -0.0501 0.1968 -0.0450 -0.3623 -0.3284 -0.2532 0.0252 0.1729
-0.0067 -0.2594 -0.3307 -0.3625 -0.0260 0.2043 -0.0701 -0.2687 -0.3365 -0.3627 0.0138 0.2252 -0.1104 -0.2768 -0.3421 -0.3589 0.0451 0.2471 -0.1416 -0.2859 -0.3479 -0.3453 0.0766 0.2678 -0.1742 -0.2982 -0.3545 -0.2973 0.1158 0.2439 -0.2127 -0.3146 -0.3602 -0.1488 0.1709 0.0195 -0.2597 -0.3327 -0.3629 0.0145 0.2327 -0.1312 -0.2850 -0.3488 -0.3368 0.0920 0.2683 -0.1964 -0.3084 -0.3659 -0.3672 -0.3659 -0.3084 -0.1964 0.2683 0.0920 -0.3368 -0.3488 -0.2850 -0.1312 0.2327 0.0145 -0.3629 -0.3327 -0.2597 0.0195 0.1709 -0.1488 -0.3602 -0.3146 -0.2127 0.2439 0.1158 -0.2973 -0.3545 -0.2982 -0.1742 0.2678 0.0766 -0.3453 -0.3479 -0.2859 -0.1416 0.2471 0.0451 -0.3589 -0.3421 -0.2768 -0.1104 0.2252 0.0138 -0.3627 -0.3365 -0.2687 -0.0701 0.2043 -0.0260 -0.3625 -0.3307 -0.2594 -0.0067
-0.2376 -0.3330 -0.3628 -0.0095 0.2119 -0.0869 -0.2717 -0.3386 -0.3619 0.0255 0.2328 -0.1215 -0.2796 -0.3439 -0.3564 0.0536 0.2530 -0.1489 -0.2881 -0.3491 -0.3413 0.0810 0.2691 -0.1770 -0.2990 -0.3548 -0.2958 0.1158 0.2453 -0.2114 -0.3138 -0.3600 -0.1614 0.1662 0.0407 -0.2556 -0.3311 -0.3628 0.0041 0.2263 -0.1222 -0.2825 -0.3473 -0.3433 0.0847 0.2701 -0.1903 -0.3061 -0.3590 -0.2508 0.0567 -0.2508 -0.3590 -0.3061 -0.1903 0.2701 0.0847 -0.3433 -0.3473 -0.2825 -0.1222 0.2263 0.0041 -0.3628 -0.3311 -0.2556 0.0407 0.1662 -0.1614 -0.3600 -0.3138 -0.2114 0.2453 0.1158 -0.2958 -0.3548 -0.2990 -0.1770 0.2691 0.0810 -0.3413 -0.3491 -0.2881 -0.1489 0.2530 0.0536 -0.3564 -0.3439 -0.2796 -0.1215 0.2328 0.0255 -0.3619 -0.3386 -0.2717 -0.0869 0.2119 -0.0095 -0.3628 -0.3330 -0.2376
-0.3125 -0.3629 0.0050 0.2197 -0.1013 -0.2746 -0.3406 -0.3606 0.0363 0.2402 -0.1316 -0.2825 -0.3457 -0.3529 0.0620 0.2587 -0.1564 -0.2906 -0.3503 -0.3358 0.0864 0.2700 -0.1809 -0.3003 -0.3552 -0.2913 0.1173 0.2439 -0.2114 -0.3136 -0.3599 -0.1691 0.1630 0.0577 -0.2522 -0.3298 -0.3626 -0.0060 0.2203 -0.1133 -0.2801 -0.3458 -0.3484 0.0776 0.2696 -0.1839 -0.3036 -0.3574 -0.2483 0.1269 0.2467 0.1269 -0.2483 -0.3574 -0.3036 -0.1839 0.2696 0.0776 -0.3484 -0.3458 -0.2801 -0.1133 0.2203 -0.0060 -0.3626 -0.3298 -0.2522 0.0577 0.1630 -0.1691 -0.3599 -0.3136 -0.2114 0.2439 0.1173 -0.2913 -0.3552 -0.3003 -0.1809 0.2700 0.0864 -0.3358 -0.3503 -0.2906 -0.1564 0.2587 0.0620 -0.3529 -0.3457 -0.2825 -0.1316 0.2402 0.0363 -0.3606 -0.3406 -0.2746 -0.1013 0.2197 0.0050 -0.3629 -0.3125
-0.3481 0.0180 0.2276 -0.1138 -0.2776 -0.3426 -0.3585 0.0462 0.2474 -0.1410 -0.2853 -0.3473 -0.3485 0.0701 0.2637 -0.1638 -0.2932 -0.3517 -0.3285 0.0925 0.2700 -0.1856 -0.3020 -0.3559 -0.2839 0.1201 0.2393 -0.2127 -0.3138 -0.3599 -0.1717 0.1614 0.0684 -0.2498 -0.3288 -0.3625 -0.0150 0.2153 -0.1048 -0.2779 -0.3444 -0.3523 0.0707 0.2675 -0.1777 -0.3011 -0.3564 -0.2637 0.1314 0.2240 -0.1539 0.2240 0.1314 -0.2637 -0.3564 -0.3011 -0.1777 0.2675 0.0707 -0.3523 -0.3444 -0.2779 -0.1048 0.2153 -0.0150 -0.3625 -0.3288 -0.2498 0.0684 0.1614 -0.1717 -0.3599 -0.3138 -0.2127 0.2393 0.1201 -0.2839 -0.3559 -0.3020 -0.1856 0.2700 0.0925 -0.3285 -0.3517 -0.2932 -0.1638 0.2637 0.0701 -0.3485 -0.3473 -0.2853 -0.1410 0.2474 0.0462 -0.3585 -0.3426 -0.2776 -0.1138 0.2276 0.0180 -0.3481
0.0189 0.2353 -0.1249 -0.2805 -0.3444 -0.3556 0.0555 0.2541 -0.1497 -0.2881 -0.3489 -0.3429 0.0779 0.2675 -0.1710 -0.2959 -0.3530 -0.3193 0.0992 0.2681 -0.1910 -0.3041 -0.3566 -0.2732 0.1241 0.2313 -0.2151 -0.3146 -0.3600 -0.1691 0.1614 0.0721 -0.2486 -0.3282 -0.3623 -0.0221 0.2114 -0.0972 -0.2760 -0.3431 -0.3551 0.0643 0.2644 -0.1716 -0.2987 -0.3554 -0.2799 0.1266 0.2131 -0.2178 -0.2883 -0.2178 0.2131 0.1266 -0.2799 -0.3554 -0.2987 -0.1716 0.2644 0.0643 -0.3551 -0.3431 -0.2760 -0.0972 0.2114 -0.0221 -0.3623 -0.3282 -0.2486 0.0721 0.1614 -0.1691 -0.3600 -0.3146 -0.2151 0.2313 0.1241 -0.2732 -0.3566 -0.3041 -0.1910 0.2681 0.0992 -0.3193 -0.3530 -0.2959 -0.1710 0.2675 0.0779 -0.3429 -0.3489 -0.2881 -0.1497 0.2541 0.0555 -0.3556 -0.3444 -0.2805 -0.1249 0.2353 0.0189
0.2382 -0.1349 -0.2834 -0.3462 -0.3517 0.0642 0.2600 -0.1579 -0.2910 -0.3505 -0.3359 0.0855 0.2697 -0.1779 -0.2986 -0.3542 -0.3079 0.1062 0.2636 -0.1968 -0.3064 -0.3574 -0.2590 0.1292 0.2188 -0.2185 -0.3157 -0.3602 -0.1614 0.1630 0.0684 -0.2486 -0.3280 -0.3623 -0.0268 0.2088 -0.0911 -0.2746 -0.3420 -0.3571 0.0585 0.2609 -0.1660 -0.2964 -0.3543 -0.2938 0.1204 0.2281 -0.2193 -0.3170 -0.3598 -0.3170 -0.2193 0.2281 0.1204 -0.2938 -0.3543 -0.2964 -0.1660 0.2609 0.0585 -0.3571 -0.3420 -0.2746 -0.0911 0.2088 -0.0268 -0.3623 -0.3280 -0.2486 0.0684 0.1630 -0.1614 -0.3602 -0.3157 -0.2185 0.2188 0.1292 -0.2590 -0.3574 -0.3064 -0.1968 0.2636 0.1062 -0.3079 -0.3542 -0.2986 -0.1779 0.2697 0.0855 -0.3359 -0.3505 -0.2910 -0.1579 0.2600 0.0642 -0.3517 -0.3462 -0.2834 -0.1349 0.2382
-0.1366 -0.2863 -0.3479 -0.3468 0.0725 0.2649 -0.1656 -0.2938 -0.3520 -0.3273 0.0930 0.2700 -0.1846 -0.3013 -0.3554 -0.2944 0.1133 0.2555 -0.2028 -0.3088 -0.3582 -0.2415 0.1352 0.2008 -0.2227 -0.3173 -0.3605 -0.1488 0.1662 0.0577 -0.2498 -0.3282 -0.3623 -0.0285 0.2074 -0.0871 -0.2736 -0.3412 -0.3584 0.0535 0.2575 -0.1608 -0.2944 -0.3534 -0.3052 0.1142 0.2425 -0.2149 -0.3159 -0.3684 -0.3500 -0.3684 -0.3159 -0.2149 0.2425 0.1142 -0.3052 -0.3534 -0.2944 -0.1608 0.2575 0.0535 -0.3584 -0.3412 -0.2736 -0.0871 0.2074 -0.0285 -0.3623 -0.3282 -0.2498 0.0577 0.1662 -0.1488 -0.3605 -0.3173 -0.2227 0.2008 0.1352 -0.2415 -0.3582 -0.3088 -0.2028 0.2555 0.1133 -0.2944 -0.3554 -0.3013 -0.1846 0.2700 0.0930 -0.3273 -0.3520 -0.2938 -0.1656 0.2649 0.0725 -0.3468 -0.3479 -0.2863 -0.1366
-0.2643 -0.3496 -0.3406 0.0804 0.2684 -0.1730 -0.2966 -0.3533 -0.3170 0.1004 0.2677 -0.1912 -0.3039 -0.3565 -0.2788 0.1205 0.2432 -0.2090 -0.3113 -0.3590 -0.2206 0.1420 0.1767 -0.2277 -0.3191 -0.3609 -0.1321 0.1709 0.0407 -0.2522 -0.3288 -0.3623 -0.0268 0.2074 -0.0856 -0.2730 -0.3407 -0.3592 0.0497 0.2545 -0.1565 -0.2927 -0.3525 -0.3142 0.1086 0.2530 -0.2099 -0.3139 -0.3610 -0.1815 0.0786 -0.1815 -0.3610 -0.3139 -0.2099 0.2530 0.1086 -0.3142 -0.3525 -0.2927 -0.1565 0.2545 0.0497 -0.3592 -0.3407 -0.2730 -0.0856 0.2074 -0.0268 -0.3623 -0.3288 -0.2522 0.0407 0.1709 -0.1321 -0.3609 -0.3191 -0.2277 0.1767 0.1420 -0.2206 -0.3590 -0.3113 -0.2090 0.2432 0.1205 -0.2788 -0.3565 -0.3039 -0.1912 0.2677 0.1004 -0.3170 -0.3533 -0.2966 -0.1730 0.2684 0.0804 -0.3406 -0.3496 -0.2643
-0.3300 -0.3332 0.0881 0.2701 -0.1800 -0.2994 -0.3546 -0.3047 0.1078 0.2623 -0.1978 -0.3066 -0.3574 -0.2608 0.1277 0.2260 -0.2152 -0.3139 -0.3597 -0.1964 0.1494 0.1463 -0.2331 -0.3211 -0.3612 -0.1124 0.1769 0.0195 -0.2556 -0.3298 -0.3625 -0.0221 0.2088 -0.0871 -0.2730 -0.3405 -0.3596 0.0472 0.2524 -0.1531 -0.2913 -0.3517 -0.3210 0.1037 0.2601 -0.2051 -0.3119 -0.3599 -0.1751 0.1478 0.2621 0.1478 -0.1751 -0.3599 -0.3119 -0.2051 0.2601 0.1037 -0.3210 -0.3517 -0.2913 -0.1531 0.2524 0.0472 -0.3596 -0.3405 -0.2730 -0.0871 0.2088 -0.0221 -0.3625 -0.3298 -0.2556 0.0195 0.1769 -0.1124 -0.3612 -0.3211 -0.2331 0.1463 0.1494 -0.1964 -0.3597 -0.3139 -0.2152 0.2260 0.1277 -0.2608 -0.3574 -0.3066 -0.1978 0.2623 0.1078 -0.3047 -0.3546 -0.2994 -0.1800 0.2701 0.0881 -0.3332 -0.3300
-0.3208 0.0958 0.2695 -0.1869 -0.3021 -0.3558 -0.2902 0.1152 0.2529 -0.2042 -0.3093 -0.3583 -0.2401 0.1351 0.2035 -0.2213 -0.3164 -0.3603 -0.1702 0.1573 0.1102 -0.2390 -0.3234 -0.3616 -0.0909 0.1830 -0.0037 -0.2597 -0.3311 -0.3626 -0.0150 0.2114 -0.0911 -0.2736 -0.3407 -0.3596 0.0464 0.2512 -0.1510 -0.2903 -0.3511 -0.3258 0.0996 0.2645 -0.2008 -0.3101 -0.3592 -0.1911 0.1552 0.1351 -0.1804 0.1351 0.1552 -0.1911 -0.3592 -0.3101 -0.2008 0.2645 0.0996 -0.3258 -0.3511 -0.2903 -0.1510 0.2512 0.0464 -0.3596 -0.3407 -0.2736 -0.0911 0.2114 -0.0150 -0.3626 -0.3311 -0.2597 -0.0037 0.1830 -0.0909 -0.3616 -0.3234 -0.2390 0.1102 0.1573 -0.1702 -0.3603 -0.3164 -0.2213 0.2035 0.1351 -0.2401 -0.3583 -0.3093 -0.2042 0.2529 0.1152 -0.2902 -0.3558 -0.3021 -0.1869 0.2695 0.0958 -0.3208
0.0971 0.2662 -0.1935 -0.3048 -0.3568 -0.2734 0.1226 0.2390 -0.2106 -0.3119 -0.3591 -0.2165 0.1428 0.1751 -0.2275 -0.3188 -0.3608 -0.1430 0.1657 0.0716 -0.2452 -0.3256 -0.3619 -0.0692 0.1891 -0.0268 -0.2631 -0.3327 -0.3628 -0.0060 0.2153 -0.0972 -0.2746 -0.3412 -0.3592 0.0472 0.2512 -0.1503 -0.2898 -0.3507 -0.3290 0.0966 0.2670 -0.1973 -0.3085 -0.3587 -0.2084 0.1518 0.1106 -0.2377 -0.2977 -0.2377 0.1106 0.1518 -0.2084 -0.3587 -0.3085 -0.1973 0.2670 0.0966 -0.3290 -0.3507 -0.2898 -0.1503 0.2512 0.0472 -0.3592 -0.3412 -0.2746 -0.0972 0.2153 -0.0060 -0.3628 -0.3327 -0.2631 -0.0268 0.1891 -0.0692 -0.3619 -0.3256 -0.2452 0.0716 0.1657 -0.1430 -0.3608 -0.3188 -0.2275 0.1751 0.1428 -0.2165 -0.3591 -0.3119 -0.2106 0.2390 0.1226 -0.2734 -0.3568 -0.3048 -0.1935 0.2662 0.0971
0.2525 -0.2000 -0.3075 -0.3578 -0.2540 0.1301 0.2198 -0.2169 -0.3145 -0.3598 -0.1908 0.1508 0.1409 -0.2337 -0.3212 -0.3613 -0.1160 0.1746 0.0343 -0.2516 -0.3279 -0.3622 -0.0484 0.1958 -0.0482 -0.2656 -0.3345 -0.3629 0.0041 0.2203 -0.1048 -0.2760 -0.3420 -0.3584 0.0497 0.2524 -0.1510 -0.2898 -0.3506 -0.3305 0.0947 0.2682 -0.1946 -0.3072 -0.3582 -0.2229 0.1470 0.1291 -0.2401 -0.3256 -0.3662 -0.3256 -0.2401 0.1291 0.1470 -0.2229 -0.3582 -0.3072 -0.1946 0.2682 0.0947 -0.3305 -0.3506 -0.2898 -0.1510 0.2524 0.0497 -0.3584 -0.3420 -0.2760 -0.1048 0.2203 0.0041 -0.3629 -0.3345 -0.2656 -0.0482 0.1958 -0.0484 -0.3622 -0.3279 -0.2516 0.0343 0.1746 -0.1160 -0.3613 -0.3212 -0.2337 0.1409 0.1508 -0.1908 -0.3598 -0.3145 -0.2169 0.2198 0.1301 -0.2540 -0.3578 -0.3075 -0.2000 0.2525
-0.1915 -0.3102 -0.3586 -0.2321 0.1377 0.1948 -0.2232 -0.3171 -0.3604 -0.1633 0.1592 0.1022 -0.2401 -0.3237 -0.3616 -0.0903 0.1826 0.0011 -0.2581 -0.3302 -0.3625 -0.0296 0.2029 -0.0673 -0.2683 -0.3364 -0.3627 0.0145 0.2263 -0.1133 -0.2779 -0.3431 -0.3571 0.0535 0.2545 -0.1531 -0.2903 -0.3507 -0.3305 0.0941 0.2688 -0.1930 -0.3063 -0.3579 -0.2341 0.1428 0.1494 -0.2371 -0.3245 -0.3696 -0.3153 -0.3696 -0.3245 -0.2371 0.1494 0.1428 -0.2341 -0.3579 -0.3063 -0.1930 0.2688 0.0941 -0.3305 -0.3507 -0.2903 -0.1531 0.2545 0.0535 -0.3571 -0.3431 -0.2779 -0.1133 0.2263 0.0145 -0.3627 -0.3364 -0.2683 -0.0673 0.2029 -0.0296 -0.3625 -0.3302 -0.2581 0.0011 0.1826 -0.0903 -0.3616 -0.3237 -0.2401 0.1022 0.1592 -0.1633 -0.3604 -0.3171 -0.2232 0.1948 0.1377 -0.2321 -0.3586 -0.3102 -0.1915
-0.2889 -0.3594 -0.2077 0.1456 0.1638 -0.2296 -0.3196 -0.3610 -0.1353 0.1679 0.0623 -0.2466 -0.3261 -0.3620 -0.0665 0.1896 -0.0270 -0.2629 -0.3324 -0.3627 -0.0131 0.2103 -0.0840 -0.2712 -0.3383 -0.3621 0.0249 0.2327 -0.1222 -0.2801 -0.3444 -0.3551 0.0585 0.2575 -0.1565 -0.2913 -0.3511 -0.3290 0.0947 0.2688 -0.1924 -0.3059 -0.3576 -0.2415 0.1397 0.1655 -0.2339 -0.3232 -0.3624 -0.0887 0.1019 -0.0887 -0.3624 -0.3232 -0.2339 0.1655 0.1397 -0.2415 -0.3576 -0.3059 -0.1924 0.2688 0.0947 -0.3290 -0.3511 -0.2913 -0.1565 0.2575 0.0585 -0.3551 -0.3444 -0.2801 -0.1222 0.2327 0.0249 -0.3621 -0.3383 -0.2712 -0.0840 0.2103 -0.0131 -0.3627 -0.3324 -0.2629 -0.0270 0.1896 -0.0665 -0.3620 -0.3261 -0.2466 0.0623 0.1679 -0.1353 -0.3610 -0.3196 -0.2296 0.1638 0.1456 -0.2077 -0.3594 -0.2889
-0.3416 -0.1813 0.1537 0.1276 -0.2359 -0.3221 -0.3614 -0.1079 0.1768 0.0250 -0.2532 -0.3284 -0.3623 -0.0449 0.1969 -0.0505 -0.2658 -0.3345 -0.3629 0.0015 0.2178 -0.0983 -0.2741 -0.3403 -0.3608 0.0350 0.2396 -0.1312 -0.2825 -0.3458 -0.3523 0.0643 0.2609 -0.1608 -0.2927 -0.3517 -0.3258 0.0966 0.2682 -0.1930 -0.3059 -0.3576 -0.2452 0.1378 0.1761 -0.2314 -0.3220 -0.3617 -0.0761 0.1759 0.2627 0.1759 -0.0761 -0.3617 -0.3220 -0.2314 0.1761 0.1378 -0.2452 -0.3576 -0.3059 -0.1930 0.2682 0.0966 -0.3258 -0.3517 -0.2927 -0.1608 0.2609 0.0643 -0.3523 -0.3458 -0.2825 -0.1312 0.2396 0.0350 -0.3608 -0.3403 -0.2741 -0.0983 0.2178 0.0015 -0.3629 -0.3345 -0.2658 -0.0505 0.1969 -0.0449 -0.3623 -0.3284 -0.2532 0.0250 0.1768 -0.1079 -0.3614 -0.3221 -0.2359 0.1276 0.1537 -0.1813 -0.3416
-0.1732 0.1625 0.0881 -0.2424 -0.3245 -0.3618 -0.0820 0.1848 -0.0078 -0.2594 -0.3307 -0.3625 -0.0259 0.2043 -0.0703 -0.2687 -0.3366 -0.3627 0.0143 0.2255 -0.1109 -0.2769 -0.3422 -0.3589 0.0447 0.2464 -0.1400 -0.2850 -0.3473 -0.3484 0.0707 0.2644 -0.1660 -0.2944 -0.3525 -0.3210 0.0996 0.2670 -0.1946 -0.3063 -0.3576 -0.2452 0.1371 0.1813 -0.2299 -0.3212 -0.3615 -0.0826 0.1884 -0.0046 -0.2101 -0.0046 0.1884 -0.0826 -0.3615 -0.3212 -0.2299 0.1813 0.1371 -0.2452 -0.3576 -0.3063 -0.1946 0.2670 0.0996 -0.3210 -0.3525 -0.2944 -0.1660 0.2644 0.0707 -0.3484 -0.3473 -0.2850 -0.1400 0.2464 0.0447 -0.3589 -0.3422 -0.2769 -0.1109 0.2255 0.0143 -0.3627 -0.3366 -0.2687 -0.0703 0.2043 -0.0259 -0.3625 -0.3307 -0.2594 -0.0078 0.1848 -0.0820 -0.3618 -0.3245 -0.2424 0.0881 0.1625 -0.1732
0.1672 0.0488 -0.2489 -0.3269 -0.3621 -0.0587 0.1920 -0.0351 -0.2637 -0.3330 -0.3628 -0.0094 0.2119 -0.0870 -0.2717 -0.3386 -0.3619 0.0259 0.2330 -0.1220 -0.2798 -0.3440 -0.3563 0.0538 0.2530 -0.1485 -0.2878 -0.3488 -0.3433 0.0776 0.2675 -0.1716 -0.2964 -0.3534 -0.3142 0.1037 0.2645 -0.1973 -0.3072 -0.3579 -0.2415 0.1378 0.1813 -0.2294 -0.3208 -0.3614 -0.0897 0.1871 -0.0303 -0.2613 -0.3091 -0.2613 -0.0303 0.1871 -0.0897 -0.3614 -0.3208 -0.2294 0.1813 0.1378 -0.2415 -0.3579 -0.3072 -0.1973 0.2645 0.1037 -0.3142 -0.3534 -0.2964 -0.1716 0.2675 0.0776 -0.3433 -0.3488 -0.2878 -0.1485 0.2530 0.0538 -0.3563 -0.3440 -0.2798 -0.1220 0.2330 0.0259 -0.3619 -0.3386 -0.2717 -0.0870 0.2119 -0.0094 -0.3628 -0.3330 -0.2637 -0.0351 0.1920 -0.0587 -0.3621 -0.3269 -0.2489 0.0488 0.1672
0.0128 -0.2555 -0.3293 -0.3624 -0.0379 0.1994 -0.0577 -0.2668 -0.3352 -0.3629 0.0051 0.2197 -0.1013 -0.2746 -0.3406 -0.3606 0.0364 0.2404 -0.1320 -0.2826 -0.3457 -0.3528 0.0623 0.2589 -0.1565 -0.2905 -0.3503 -0.3368 0.0847 0.2696 -0.1777 -0.2987 -0.3543 -0.3052 0.1086 0.2601 -0.2008 -0.3085 -0.3582 -0.2341 0.1397 0.1761 -0.2299 -0.3208 -0.3613 -0.0938 0.1856 -0.0275 -0.2642 -0.3360 -0.3728 -0.3360 -0.2642 -0.0275 0.1856 -0.0938 -0.3613 -0.3208 -0.2299 0.1761 0.1397 -0.2341 -0.3582 -0.3085 -0.2008 0.2601 0.1086 -0.3052 -0.3543 -0.2987 -0.1777 0.2696 0.0847 -0.3368 -0.3503 -0.2905 -0.1565 0.2589 0.0623 -0.3528 -0.3457 -0.2826 -0.1320 0.2404 0.0364 -0.3606 -0.3406 -0.2746 -0.1013 0.2197 0.0051 -0.3629 -0.3352 -0.2668 -0.0577 0.1994 -0.0379 -0.3624 -0.3293 -0.2555 0.0128
-0.2349 -0.3316 -0.3626 -0.0198 0.2070 -0.0765 -0.2698 -0.3373 -0.3625 0.0180 0.2276 -0.1139 -0.2776 -0.3426 -0.3585 0.0463 0.2475 -0.1412 -0.2854 -0.3474 -0.3483 0.0704 0.2638 -0.1640 -0.2932 -0.3517 -0.3287 0.0920 0.2701 -0.1839 -0.3011 -0.3554 -0.2938 0.1142 0.2530 -0.2051 -0.3101 -0.3587 -0.2229 0.1428 0.1655 -0.2314 -0.3212 -0.3614 -0.0938 0.1851 -0.0242 -0.2641 -0.3347 -0.3685 -0.2367 -0.3685 -0.3347 -0.2641 -0.0242 0.1851 -0.0938 -0.3614 -0.3212 -0.2314 0.1655 0.1428 -0.2229 -0.3587 -0.3101 -0.2051 0.2530 0.1142 -0.2938 -0.3554 -0.3011 -0.1839 0.2701 0.0920 -0.3287 -0.3517 -0.2932 -0.1640 0.2638 0.0704 -0.3483 -0.3474 -0.2854 -0.1412 0.2475 0.0463 -0.3585 -0.3426 -0.2776 -0.1139 0.2276 0.0180 -0.3625 -0.3373 -0.2698 -0.0765 0.2070 -0.0198 -0.3626 -0.3316 -0.2349
-0.3110 -0.3629 -0.0042 0.2146 -0.0922 -0.2727 -0.3394 -0.3615 0.0294 0.2353 -0.1249 -0.2805 -0.3445 -0.3556 0.0555 0.2541 -0.1498 -0.2882 -0.3490 -0.3427 0.0780 0.2675 -0.1711 -0.2959 -0.3531 -0.3192 0.0991 0.2683 -0.1903 -0.3036 -0.3564 -0.2799 0.1204 0.2425 -0.2099 -0.3119 -0.3592 -0.2084 0.1470 0.1494 -0.2339 -0.3220 -0.3615 -0.0897 0.1856 -0.0242 -0.2640 -0.3343 -0.3628 -0.0020 0.1322 -0.0020 -0.3628 -0.3343 -0.2640 -0.0242 0.1856 -0.0897 -0.3615 -0.3220 -0.2339 0.1494 0.1470 -0.2084 -0.3592 -0.3119 -0.2099 0.2425 0.1204 -0.2799 -0.3564 -0.3036 -0.1903 0.2683 0.0991 -0.3192 -0.3531 -0.2959 -0.1711 0.2675 0.0780 -0.3427 -0.3490 -0.2882 -0.1498 0.2541 0.0555 -0.3556 -0.3445 -0.2805 -0.1249 0.2353 0.0294 -0.3615 -0.3394 -0.2727 -0.0922 0.2146 -0.0042 -0.3629 -0.3110
-0.3478 0.0092 0.2221 -0.1052 -0.2755 -0.3414 -0.3600 0.0394 0.2424 -0.1345 -0.2833 -0.3463 -0.3519 0.0638 0.2598 -0.1576 -0.2909 -0.3506 -0.3361 0.0852 0.2697 -0.1777 -0.2986 -0.3544 -0.3081 0.1059 0.2639 -0.1964 -0.3061 -0.3574 -0.2637 0.1266 0.2281 -0.2149 -0.3139 -0.3599 -0.1911 0.1518 0.1291 -0.2371 -0.3232 -0.3617 -0.0826 0.1871 -0.0275 -0.2641 -0.3343 -0.3628 0.0103 0.2117 0.1967 0.2117 0.0103 -0.3628 -0.3343 -0.2641 -0.0275 0.1871 -0.0826 -0.3617 -0.3232 -0.2371 0.1291 0.1518 -0.1911 -0.3599 -0.3139 -0.2149 0.2281 0.1266 -0.2637 -0.3574 -0.3061 -0.1964 0.2639 0.1059 -0.3081 -0.3544 -0.2986 -0.1777 0.2697 0.0852 -0.3361 -0.3506 -0.2909 -0.1576 0.2598 0.0638 -0.3519 -0.3463 -0.2833 -0.1345 0.2424 0.0394 -0.3600 -0.3414 -0.2755 -0.1052 0.2221 0.0092 -0.3478
0.0070 0.2281 -0.1147 -0.2779 -0.3435 -0.3581 0.0469 0.2480 -0.1418 -0.2856 -0.3483 -0.3480 0.0700 0.2637 -0.1637 -0.2932 -0.3525 -0.3295 0.0907 0.2703 -0.1831 -0.3008 -0.3561 -0.2976 0.1110 0.2581 -0.2014 -0.3084 -0.3590 -0.2483 0.1314 0.2131 -0.2193 -0.3159 -0.3610 -0.1751 0.1552 0.1106 -0.2401 -0.3245 -0.3624 -0.0761 0.1884 -0.0303 -0.2642 -0.3347 -0.3628 0.0103 0.2252 -0.1004 -0.2328 -0.1004 0.2252 0.0103 -0.3628 -0.3347 -0.2642 -0.0303 0.1884 -0.0761 -0.3624 -0.3245 -0.2401 0.1106 0.1552 -0.1751 -0.3610 -0.3159 -0.2193 0.2131 0.1314 -0.2483 -0.3590 -0.3084 -0.2014 0.2581 0.1110 -0.2976 -0.3561 -0.3008 -0.1831 0.2703 0.0907 -0.3295 -0.3525 -0.2932 -0.1637 0.2637 0.0700 -0.3480 -0.3483 -0.2856 -0.1418 0.2480 0.0469 -0.3581 -0.3435 -0.2779 -0.1147 0.2281 0.0070
0.2162 -0.1098 -0.2771 -0.3475 -0.3603 0.0449 0.2432 -0.1386 -0.2852 -0.3531 -0.3488 0.0678 0.2623 -0.1612 -0.2932 -0.3581 -0.3300 0.0880 0.2708 -0.1810 -0.3011 -0.3624 -0.2991 0.1075 0.2626 -0.1997 -0.3091 -0.3659 -0.2508 0.1269 0.2240 -0.2178 -0.3170 -0.3684 -0.1815 0.1478 0.1351 -0.2377 -0.3256 -0.3696 -0.0887 0.1759 -0.0046 -0.2613 -0.3360 -0.3685 -0.0020 0.2117 -0.1004 -0.2728 -0.3224 -0.2728 -0.1004 0.2117 -0.0020 -0.3685 -0.3360 -0.2613 -0.0046 0.1759 -0.0887 -0.3696 -0.3256 -0.2377 0.1351 0.1478 -0.1815 -0.3684 -0.3170 -0.2178 0.2240 0.1269 -0.2508 -0.3659 -0.3091 -0.1997 0.2626 0.1075 -0.2991 -0.3624 -0.3011 -0.1810 0.2708 0.0880 -0.3300 -0.3581 -0.2932 -0.1612 0.2623 0.0678 -0.3488 -0.3531 -0.2852 -0.1386 0.2432 0.0449 -0.3603 -0.3475 -0.2771 -0.1098 0.2162
0.1462 -0.2385 -0.3247 -0.3785 -0.1105 0.1639 0.0592 -0.2511 -0.3322 -0.3796 -0.0467 0.1850 -0.0294 -0.2625 -0.3395 -0.3793 -0.0016 0.2052 -0.0858 -0.2710 -0.3466 -0.3760 0.0312 0.2266 -0.1244 -0.2797 -0.3534 -0.3672 0.0567 0.2467 -0.1539 -0.2883 -0.3598 -0.3500 0.0786 0.2621 -0.1804 -0.2977 -0.3662 -0.3153 0.1019 0.2627 -0.2101 -0.3091 -0.3728 -0.2367 0.1322 0.1967 -0.2328 -0.3224 -0.3716 -0.3224 -0.2328 0.1967 0.1322 -0.2367 -0.3728 -0.3091 -0.2101 0.2627 0.1019 -0.3153 -0.3662 -0.2977 -0.1804 0.2621 0.0786 -0.3500 -0.3598 -0.2883 -0.1539 0.2467 0.0567 -0.3672 -0.3534 -0.2797 -0.1244 0.2266 0.0312 -0.3760 -0.3466 -0.2710 -0.0858 0.2052 -0.0016 -0.3793 -0.3395 -0.2625 -0.0294 0.1850 -0.0467 -0.3796 -0.3322 -0.2511 0.0592 0.1639 -0.1105 -0.3785 -0.3247 -0.2385 0.1462
