-0.2889 0.1224 0.1972 -0.2087 -0.2979 -0.3443 -0.0839 0.1941 -0.0686 -0.2464 -0.3187 -0.3462 0.0482 0.2553 -0.1569 -0.2724 -0.3345 -0.2917 0.1183 0.2102 -0.2058 -0.2963 -0.3439 -0.0993 0.1894 -0.0570 -0.2444 -0.3173 -0.3471 0.0420 0.2518 -0.1525 -0.2705 -0.3335 -0.2998 0.1133 0.2235 -0.2026 -0.2946 -0.3434 -0.1160 0.1847 -0.0440 -0.2423 -0.3158 -0.3477 0.0354 0.2477 -0.1458 -0.2641 -0.3129 -0.2641 -0.1458 0.2477 0.0354 -0.3477 -0.3158 -0.2423 -0.0440 0.1847 -0.1160 -0.3434 -0.2946 -0.2026 0.2235 0.1133 -0.2998 -0.3335 -0.2705 -0.1525 0.2518 0.0420 -0.3471 -0.3173 -0.2444 -0.0570 0.1894 -0.0993 -0.3439 -0.2963 -0.2058 0.2102 0.1183 -0.2917 -0.3345 -0.2724 -0.1569 0.2553 0.0482 -0.3462 -0.3187 -0.2464 -0.0686 0.1941 -0.0839 -0.3443 -0.2979 -0.2087 0.1972 0.1224 -0.2889
0.1224 0.2166 -0.2227 -0.3192 -0.3612 -0.0876 0.1906 -0.0528 -0.2691 -0.3389 -0.3604 0.0475 0.2548 -0.1589 -0.2942 -0.3535 -0.3031 0.1163 0.2370 -0.2177 -0.3174 -0.3611 -0.1046 0.1860 -0.0381 -0.2671 -0.3376 -0.3615 0.0413 0.2507 -0.1537 -0.2924 -0.3527 -0.3114 0.1116 0.2469 -0.2136 -0.3158 -0.3607 -0.1221 0.1811 -0.0216 -0.2652 -0.3362 -0.3622 0.0348 0.2462 -0.1479 -0.2899 -0.3559 -0.3797 -0.3559 -0.2899 -0.1479 0.2462 0.0348 -0.3622 -0.3362 -0.2652 -0.0216 0.1811 -0.1221 -0.3607 -0.3158 -0.2136 0.2469 0.1116 -0.3114 -0.3527 -0.2924 -0.1537 0.2507 0.0413 -0.3615 -0.3376 -0.2671 -0.0381 0.1860 -0.1046 -0.3611 -0.3174 -0.2177 0.2370 0.1163 -0.3031 -0.3535 -0.2942 -0.1589 0.2548 0.0475 -0.3604 -0.3389 -0.2691 -0.0528 0.1906 -0.0876 -0.3612 -0.3192 -0.2227 0.2166 0.1224
0.1972 -0.2227 -0.3181 -0.3608 -0.1075 0.1842 -0.0315 -0.2662 -0.3368 -0.3618 0.0377 0.2483 -0.1508 -0.2913 -0.3521 -0.3156 0.1087 0.2514 -0.2113 -0.3148 -0.3605 -0.1320 0.1778 -0.0115 -0.2641 -0.3354 -0.3624 0.0308 0.2437 -0.1453 -0.2895 -0.3512 -0.3225 0.1040 0.2583 -0.2073 -0.3132 -0.3601 -0.1500 0.1723 0.0085 -0.2618 -0.3340 -0.3628 0.0237 0.2390 -0.1394 -0.2875 -0.3508 -0.3395 -0.0192 -0.3395 -0.3508 -0.2875 -0.1394 0.2390 0.0237 -0.3628 -0.3340 -0.2618 0.0085 0.1723 -0.1500 -0.3601 -0.3132 -0.2073 0.2583 0.1040 -0.3225 -0.3512 -0.2895 -0.1453 0.2437 0.0308 -0.3624 -0.3354 -0.2641 -0.0115 0.1778 -0.1320 -0.3605 -0.3148 -0.2113 0.2514 0.1087 -0.3156 -0.3521 -0.2913 -0.1508 0.2483 0.0377 -0.3618 -0.3368 -0.2662 -0.0315 0.1842 -0.1075 -0.3608 -0.3181 -0.2227 0.1972
-0.2087 -0.3192 -0.3608 -0.1156 0.1805 -0.0131 -0.2638 -0.3350 -0.3626 0.0276 0.2414 -0.1424 -0.2885 -0.3507 -0.3261 0.1014 0.2613 -0.2050 -0.3122 -0.3599 -0.1600 0.1690 0.0206 -0.2600 -0.3333 -0.3629 0.0194 0.2363 -0.1362 -0.2866 -0.3497 -0.3320 0.0966 0.2656 -0.2009 -0.3106 -0.3595 -0.1778 0.1633 0.0440 -0.2564 -0.3318 -0.3629 0.0115 0.2314 -0.1299 -0.2848 -0.3488 -0.3390 0.0792 0.1962 0.0792 -0.3390 -0.3488 -0.2848 -0.1299 0.2314 0.0115 -0.3629 -0.3318 -0.2564 0.0440 0.1633 -0.1778 -0.3595 -0.3106 -0.2009 0.2656 0.0966 -0.3320 -0.3497 -0.2866 -0.1362 0.2363 0.0194 -0.3629 -0.3333 -0.2600 0.0206 0.1690 -0.1600 -0.3599 -0.3122 -0.2050 0.2613 0.1014 -0.3261 -0.3507 -0.2885 -0.1424 0.2414 0.0276 -0.3626 -0.3350 -0.2638 -0.0131 0.1805 -0.1156 -0.3608 -0.3192 -0.2087
-0.2979 -0.3612 -0.1075 0.1805 -0.0055 -0.2624 -0.3336 -0.3629 0.0182 0.2349 -0.1339 -0.2858 -0.3492 -0.3347 0.0941 0.2672 -0.1986 -0.3096 -0.3592 -0.1875 0.1602 0.0577 -0.2540 -0.3310 -0.3628 0.0068 0.2286 -0.1263 -0.2838 -0.3481 -0.3398 0.0891 0.2693 -0.1943 -0.3079 -0.3587 -0.2043 0.1548 0.0831 -0.2497 -0.3296 -0.3627 -0.0022 0.2235 -0.1194 -0.2819 -0.3471 -0.3443 0.0817 0.2685 -0.0639 0.2685 0.0817 -0.3443 -0.3471 -0.2819 -0.1194 0.2235 -0.0022 -0.3627 -0.3296 -0.2497 0.0831 0.1548 -0.2043 -0.3587 -0.3079 -0.1943 0.2693 0.0891 -0.3398 -0.3481 -0.2838 -0.1263 0.2286 0.0068 -0.3628 -0.3310 -0.2540 0.0577 0.1602 -0.1875 -0.3592 -0.3096 -0.1986 0.2672 0.0941 -0.3347 -0.3492 -0.2858 -0.1339 0.2349 0.0182 -0.3629 -0.3336 -0.2624 -0.0055 0.1805 -0.1075 -0.3612 -0.2979
-0.3443 -0.0876 0.1842 -0.0131 -0.2624 -0.3331 -0.3629 0.0110 0.2295 -0.1260 -0.2834 -0.3477 -0.3415 0.0869 0.2698 -0.1922 -0.3070 -0.3584 -0.2133 0.1519 0.0974 -0.2474 -0.3287 -0.3626 -0.0075 0.2207 -0.1153 -0.2809 -0.3464 -0.3461 0.0814 0.2701 -0.1877 -0.3052 -0.3579 -0.2290 0.1466 0.1227 -0.2432 -0.3272 -0.3624 -0.0177 0.2157 -0.1076 -0.2790 -0.3453 -0.3495 0.0758 0.2690 -0.1724 -0.2672 -0.1724 0.2690 0.0758 -0.3495 -0.3453 -0.2790 -0.1076 0.2157 -0.0177 -0.3624 -0.3272 -0.2432 0.1227 0.1466 -0.2290 -0.3579 -0.3052 -0.1877 0.2701 0.0814 -0.3461 -0.3464 -0.2809 -0.1153 0.2207 -0.0075 -0.3626 -0.3287 -0.2474 0.0974 0.1519 -0.2133 -0.3584 -0.3070 -0.1922 0.2698 0.0869 -0.3415 -0.3477 -0.2834 -0.1260 0.2295 0.0110 -0.3629 -0.3331 -0.2624 -0.0131 0.1842 -0.0876 -0.3443
-0.0839 0.1906 -0.0315 -0.2638 -0.3336 -0.3629 0.0082 0.2265 -0.1203 -0.2815 -0.3464 -0.3465 0.0802 0.2700 -0.1860 -0.3044 -0.3576 -0.2366 0.1440 0.1358 -0.2410 -0.3264 -0.3623 -0.0238 0.2129 -0.1030 -0.2779 -0.3447 -0.3512 0.0735 0.2687 -0.1809 -0.3025 -0.3569 -0.2513 0.1388 0.1594 -0.2368 -0.3248 -0.3621 -0.0355 0.2079 -0.0942 -0.2761 -0.3435 -0.3538 0.0681 0.2666 -0.1745 -0.2976 -0.3434 -0.2976 -0.1745 0.2666 0.0681 -0.3538 -0.3435 -0.2761 -0.0942 0.2079 -0.0355 -0.3621 -0.3248 -0.2368 0.1594 0.1388 -0.2513 -0.3569 -0.3025 -0.1809 0.2687 0.0735 -0.3512 -0.3447 -0.2779 -0.1030 0.2129 -0.0238 -0.3623 -0.3264 -0.2410 0.1358 0.1440 -0.2366 -0.3576 -0.3044 -0.1860 0.2700 0.0802 -0.3465 -0.3464 -0.2815 -0.1203 0.2265 0.0082 -0.3629 -0.3336 -0.2638 -0.0315 0.1906 -0.0839
0.1941 -0.0528 -0.2662 -0.3350 -0.3629 0.0110 0.2265 -0.1181 -0.2804 -0.3455 -0.3497 0.0746 0.2687 -0.1803 -0.3020 -0.3566 -0.2568 0.1365 0.1698 -0.2347 -0.3240 -0.3620 -0.0422 0.2053 -0.0889 -0.2750 -0.3428 -0.3552 0.0653 0.2654 -0.1739 -0.2997 -0.3559 -0.2710 0.1311 0.1911 -0.2304 -0.3224 -0.3618 -0.0559 0.2004 -0.0786 -0.2731 -0.3416 -0.3572 0.0598 0.2624 -0.1688 -0.2974 -0.3605 -0.3781 -0.3605 -0.2974 -0.1688 0.2624 0.0598 -0.3572 -0.3416 -0.2731 -0.0786 0.2004 -0.0559 -0.3618 -0.3224 -0.2304 0.1911 0.1311 -0.2710 -0.3559 -0.2997 -0.1739 0.2654 0.0653 -0.3552 -0.3428 -0.2750 -0.0889 0.2053 -0.0422 -0.3620 -0.3240 -0.2347 0.1698 0.1365 -0.2568 -0.3566 -0.3020 -0.1803 0.2687 0.0746 -0.3497 -0.3455 -0.2804 -0.1181 0.2265 0.0110 -0.3629 -0.3350 -0.2662 -0.0528 0.1941
-0.0686 -0.2691 -0.3368 -0.3626 0.0182 0.2295 -0.1203 -0.2804 -0.3452 -0.3513 0.0707 0.2669 -0.1755 -0.2999 -0.3557 -0.2734 0.1296 0.1977 -0.2287 -0.3217 -0.3617 -0.0630 0.1979 -0.0728 -0.2721 -0.3409 -0.3582 0.0567 0.2607 -0.1666 -0.2970 -0.3547 -0.2882 0.1236 0.2169 -0.2241 -0.3199 -0.3614 -0.0789 0.1930 -0.0603 -0.2701 -0.3396 -0.3597 0.0508 0.2571 -0.1616 -0.2950 -0.3546 -0.3150 0.0176 -0.3150 -0.3546 -0.2950 -0.1616 0.2571 0.0508 -0.3597 -0.3396 -0.2701 -0.0603 0.1930 -0.0789 -0.3614 -0.3199 -0.2241 0.2169 0.1236 -0.2882 -0.3547 -0.2970 -0.1666 0.2607 0.0567 -0.3582 -0.3409 -0.2721 -0.0728 0.1979 -0.0630 -0.3617 -0.3217 -0.2287 0.1977 0.1296 -0.2734 -0.3557 -0.2999 -0.1755 0.2669 0.0707 -0.3513 -0.3452 -0.2804 -0.1203 0.2295 0.0182 -0.3626 -0.3368 -0.2691 -0.0686
-0.2464 -0.3389 -0.3618 0.0276 0.2349 -0.1260 -0.2815 -0.3455 -0.3513 0.0693 0.2657 -0.1722 -0.2983 -0.3550 -0.2861 0.1236 0.2189 -0.2230 -0.3194 -0.3613 -0.0857 0.1909 -0.0539 -0.2692 -0.3390 -0.3603 0.0476 0.2549 -0.1590 -0.2942 -0.3535 -0.3029 0.1161 0.2368 -0.2177 -0.3174 -0.3610 -0.1044 0.1858 -0.0383 -0.2672 -0.3376 -0.3614 0.0412 0.2507 -0.1538 -0.2923 -0.3527 -0.3143 0.0986 0.2168 0.0986 -0.3143 -0.3527 -0.2923 -0.1538 0.2507 0.0412 -0.3614 -0.3376 -0.2672 -0.0383 0.1858 -0.1044 -0.3610 -0.3174 -0.2177 0.2368 0.1161 -0.3029 -0.3535 -0.2942 -0.1590 0.2549 0.0476 -0.3603 -0.3390 -0.2692 -0.0539 0.1909 -0.0857 -0.3613 -0.3194 -0.2230 0.2189 0.1236 -0.2861 -0.3550 -0.2983 -0.1722 0.2657 0.0693 -0.3513 -0.3455 -0.2815 -0.1260 0.2349 0.0276 -0.3618 -0.3389 -0.2464
-0.3187 -0.3604 0.0377 0.2414 -0.1339 -0.2834 -0.3464 -0.3497 0.0707 0.2657 -0.1710 -0.2975 -0.3544 -0.2947 0.1189 0.2334 -0.2181 -0.3173 -0.3609 -0.1092 0.1841 -0.0319 -0.2663 -0.3370 -0.3618 0.0381 0.2485 -0.1510 -0.2914 -0.3521 -0.3154 0.1088 0.2514 -0.2114 -0.3148 -0.3605 -0.1318 0.1779 -0.0117 -0.2641 -0.3354 -0.3624 0.0309 0.2438 -0.1453 -0.2895 -0.3512 -0.3231 0.1015 0.2693 -0.1080 0.2693 0.1015 -0.3231 -0.3512 -0.2895 -0.1453 0.2438 0.0309 -0.3624 -0.3354 -0.2641 -0.0117 0.1779 -0.1318 -0.3605 -0.3148 -0.2114 0.2514 0.1088 -0.3154 -0.3521 -0.2914 -0.1510 0.2485 0.0381 -0.3618 -0.3370 -0.2663 -0.0319 0.1841 -0.1092 -0.3609 -0.3173 -0.2181 0.2334 0.1189 -0.2947 -0.3544 -0.2975 -0.1710 0.2657 0.0707 -0.3497 -0.3464 -0.2834 -0.1339 0.2414 0.0377 -0.3604 -0.3187
-0.3462 0.0475 0.2483 -0.1424 -0.2858 -0.3477 -0.3465 0.0746 0.2669 -0.1722 -0.2975 -0.3542 -0.2989 0.1158 0.2422 -0.2142 -0.3155 -0.3605 -0.1318 0.1773 -0.0072 -0.2635 -0.3349 -0.3626 0.0278 0.2416 -0.1426 -0.2886 -0.3507 -0.3258 0.1016 0.2612 -0.2051 -0.3123 -0.3599 -0.1598 0.1691 0.0204 -0.2600 -0.3333 -0.3629 0.0195 0.2364 -0.1362 -0.2867 -0.3497 -0.3320 0.0961 0.2671 -0.1910 -0.2756 -0.1910 0.2671 0.0961 -0.3320 -0.3497 -0.2867 -0.1362 0.2364 0.0195 -0.3629 -0.3333 -0.2600 0.0204 0.1691 -0.1598 -0.3599 -0.3123 -0.2051 0.2612 0.1016 -0.3258 -0.3507 -0.2886 -0.1426 0.2416 0.0278 -0.3626 -0.3349 -0.2635 -0.0072 0.1773 -0.1318 -0.3605 -0.3155 -0.2142 0.2422 0.1158 -0.2989 -0.3542 -0.2975 -0.1722 0.2669 0.0746 -0.3465 -0.3477 -0.2858 -0.1424 0.2483 0.0475 -0.3462
0.0482 0.2548 -0.1508 -0.2885 -0.3492 -0.3415 0.0802 0.2687 -0.1755 -0.2983 -0.3544 -0.2989 0.1147 0.2463 -0.2116 -0.3142 -0.3601 -0.1510 0.1707 0.0187 -0.2599 -0.3330 -0.3629 0.0169 0.2345 -0.1337 -0.2859 -0.3493 -0.3344 0.0943 0.2670 -0.1988 -0.3097 -0.3592 -0.1871 0.1603 0.0574 -0.2541 -0.3310 -0.3628 0.0069 0.2287 -0.1264 -0.2838 -0.3481 -0.3397 0.0890 0.2694 -0.1927 -0.3053 -0.3502 -0.3053 -0.1927 0.2694 0.0890 -0.3397 -0.3481 -0.2838 -0.1264 0.2287 0.0069 -0.3628 -0.3310 -0.2541 0.0574 0.1603 -0.1871 -0.3592 -0.3097 -0.1988 0.2670 0.0943 -0.3344 -0.3493 -0.2859 -0.1337 0.2345 0.0169 -0.3629 -0.3330 -0.2599 0.0187 0.1707 -0.1510 -0.3601 -0.3142 -0.2116 0.2463 0.1147 -0.2989 -0.3544 -0.2983 -0.1755 0.2687 0.0802 -0.3415 -0.3492 -0.2885 -0.1508 0.2548 0.0482
0.2553 -0.1589 -0.2913 -0.3507 -0.3347 0.0869 0.2700 -0.1803 -0.2999 -0.3550 -0.2947 0.1158 0.2463 -0.2107 -0.3134 -0.3599 -0.1649 0.1654 0.0429 -0.2555 -0.3312 -0.3628 0.0056 0.2275 -0.1242 -0.2831 -0.3477 -0.3415 0.0870 0.2698 -0.1925 -0.3071 -0.3585 -0.2125 0.1521 0.0964 -0.2475 -0.3287 -0.3626 -0.0074 0.2208 -0.1154 -0.2809 -0.3464 -0.3460 0.0814 0.2701 -0.1874 -0.3047 -0.3643 -0.3723 -0.3643 -0.3047 -0.1874 0.2701 0.0814 -0.3460 -0.3464 -0.2809 -0.1154 0.2208 -0.0074 -0.3626 -0.3287 -0.2475 0.0964 0.1521 -0.2125 -0.3585 -0.3071 -0.1925 0.2698 0.0870 -0.3415 -0.3477 -0.2831 -0.1242 0.2275 0.0056 -0.3628 -0.3312 -0.2555 0.0429 0.1654 -0.1649 -0.3599 -0.3134 -0.2107 0.2463 0.1158 -0.2947 -0.3550 -0.2999 -0.1803 0.2700 0.0869 -0.3347 -0.3507 -0.2913 -0.1589 0.2553
-0.1569 -0.2942 -0.3521 -0.3261 0.0941 0.2698 -0.1860 -0.3020 -0.3557 -0.2861 0.1189 0.2422 -0.2116 -0.3134 -0.3598 -0.1722 0.1621 0.0615 -0.2517 -0.3297 -0.3626 -0.0055 0.2209 -0.1146 -0.2805 -0.3461 -0.3472 0.0796 0.2700 -0.1860 -0.3045 -0.3576 -0.2358 0.1443 0.1344 -0.2412 -0.3264 -0.3623 -0.0235 0.2130 -0.1031 -0.2780 -0.3447 -0.3511 0.0735 0.2687 -0.1809 -0.3024 -0.3577 -0.2771 0.0448 -0.2771 -0.3577 -0.3024 -0.1809 0.2687 0.0735 -0.3511 -0.3447 -0.2780 -0.1031 0.2130 -0.0235 -0.3623 -0.3264 -0.2412 0.1344 0.1443 -0.2358 -0.3576 -0.3045 -0.1860 0.2700 0.0796 -0.3472 -0.3461 -0.2805 -0.1146 0.2209 -0.0055 -0.3626 -0.3297 -0.2517 0.0615 0.1621 -0.1722 -0.3598 -0.3134 -0.2116 0.2422 0.1189 -0.2861 -0.3557 -0.3020 -0.1860 0.2698 0.0941 -0.3261 -0.3521 -0.2942 -0.1569
-0.2724 -0.3535 -0.3156 0.1014 0.2672 -0.1922 -0.3044 -0.3566 -0.2734 0.1236 0.2334 -0.2142 -0.3142 -0.3599 -0.1722 0.1609 0.0716 -0.2492 -0.3286 -0.3624 -0.0155 0.2154 -0.1053 -0.2781 -0.3446 -0.3516 0.0723 0.2682 -0.1794 -0.3018 -0.3567 -0.2567 0.1367 0.1688 -0.2349 -0.3241 -0.3620 -0.0416 0.2055 -0.0893 -0.2751 -0.3428 -0.3551 0.0653 0.2654 -0.1739 -0.2997 -0.3560 -0.2755 0.1172 0.2370 0.1172 -0.2755 -0.3560 -0.2997 -0.1739 0.2654 0.0653 -0.3551 -0.3428 -0.2751 -0.0893 0.2055 -0.0416 -0.3620 -0.3241 -0.2349 0.1688 0.1367 -0.2567 -0.3567 -0.3018 -0.1794 0.2682 0.0723 -0.3516 -0.3446 -0.2781 -0.1053 0.2154 -0.0155 -0.3624 -0.3286 -0.2492 0.0716 0.1609 -0.1722 -0.3599 -0.3142 -0.2142 0.2334 0.1236 -0.2734 -0.3566 -0.3044 -0.1922 0.2672 0.1014 -0.3156 -0.3535 -0.2724
-0.3345 -0.3031 0.1087 0.2613 -0.1986 -0.3070 -0.3576 -0.2568 0.1296 0.2189 -0.2181 -0.3155 -0.3601 -0.1649 0.1621 0.0716 -0.2484 -0.3280 -0.3623 -0.0231 0.2111 -0.0969 -0.2761 -0.3432 -0.3548 0.0653 0.2651 -0.1730 -0.2993 -0.3556 -0.2750 0.1293 0.1981 -0.2288 -0.3217 -0.3617 -0.0621 0.1982 -0.0734 -0.2722 -0.3410 -0.3581 0.0568 0.2608 -0.1667 -0.2970 -0.3548 -0.2889 0.1209 0.2484 -0.1396 0.2484 0.1209 -0.2889 -0.3548 -0.2970 -0.1667 0.2608 0.0568 -0.3581 -0.3410 -0.2722 -0.0734 0.1982 -0.0621 -0.3617 -0.3217 -0.2288 0.1981 0.1293 -0.2750 -0.3556 -0.2993 -0.1730 0.2651 0.0653 -0.3548 -0.3432 -0.2761 -0.0969 0.2111 -0.0231 -0.3623 -0.3280 -0.2484 0.0716 0.1621 -0.1649 -0.3601 -0.3155 -0.2181 0.2189 0.1296 -0.2568 -0.3576 -0.3070 -0.1986 0.2613 0.1087 -0.3031 -0.3345
-0.2917 0.1163 0.2514 -0.2050 -0.3096 -0.3584 -0.2366 0.1365 0.1977 -0.2230 -0.3173 -0.3605 -0.1510 0.1654 0.0615 -0.2492 -0.3280 -0.3623 -0.0273 0.2084 -0.0905 -0.2745 -0.3420 -0.3570 0.0590 0.2614 -0.1669 -0.2968 -0.3546 -0.2905 0.1222 0.2215 -0.2226 -0.3193 -0.3613 -0.0852 0.1911 -0.0547 -0.2693 -0.3390 -0.3603 0.0479 0.2551 -0.1592 -0.2942 -0.3535 -0.3028 0.1157 0.2415 -0.2085 -0.2839 -0.2085 0.2415 0.1157 -0.3028 -0.3535 -0.2942 -0.1592 0.2551 0.0479 -0.3603 -0.3390 -0.2693 -0.0547 0.1911 -0.0852 -0.3613 -0.3193 -0.2226 0.2215 0.1222 -0.2905 -0.3546 -0.2968 -0.1669 0.2614 0.0590 -0.3570 -0.3420 -0.2745 -0.0905 0.2084 -0.0273 -0.3623 -0.3280 -0.2492 0.0615 0.1654 -0.1510 -0.3605 -0.3173 -0.2230 0.1977 0.1365 -0.2366 -0.3584 -0.3096 -0.2050 0.2514 0.1163 -0.2917
0.1183 0.2370 -0.2113 -0.3122 -0.3592 -0.2133 0.1440 0.1698 -0.2287 -0.3194 -0.3609 -0.1318 0.1707 0.0429 -0.2517 -0.3286 -0.3623 -0.0273 0.2075 -0.0870 -0.2735 -0.3411 -0.3585 0.0536 0.2577 -0.1613 -0.2946 -0.3535 -0.3031 0.1156 0.2390 -0.2166 -0.3169 -0.3609 -0.1105 0.1841 -0.0323 -0.2664 -0.3370 -0.3617 0.0384 0.2488 -0.1513 -0.2915 -0.3522 -0.3151 0.1089 0.2518 -0.2099 -0.3129 -0.3566 -0.3129 -0.2099 0.2518 0.1089 -0.3151 -0.3522 -0.2915 -0.1513 0.2488 0.0384 -0.3617 -0.3370 -0.2664 -0.0323 0.1841 -0.1105 -0.3609 -0.3169 -0.2166 0.2390 0.1156 -0.3031 -0.3535 -0.2946 -0.1613 0.2577 0.0536 -0.3585 -0.3411 -0.2735 -0.0870 0.2075 -0.0273 -0.3623 -0.3286 -0.2517 0.0429 0.1707 -0.1318 -0.3609 -0.3194 -0.2287 0.1698 0.1440 -0.2133 -0.3592 -0.3122 -0.2113 0.2370 0.1183
0.2102 -0.2177 -0.3148 -0.3599 -0.1875 0.1519 0.1358 -0.2347 -0.3217 -0.3613 -0.1092 0.1773 0.0187 -0.2555 -0.3297 -0.3624 -0.0231 0.2084 -0.0870 -0.2732 -0.3407 -0.3592 0.0497 0.2546 -0.1567 -0.2928 -0.3526 -0.3130 0.1095 0.2512 -0.2110 -0.3145 -0.3604 -0.1368 0.1763 -0.0053 -0.2635 -0.3349 -0.3626 0.0281 0.2419 -0.1430 -0.2887 -0.3508 -0.3255 0.1018 0.2610 -0.2050 -0.3119 -0.3672 -0.3603 -0.3672 -0.3119 -0.2050 0.2610 0.1018 -0.3255 -0.3508 -0.2887 -0.1430 0.2419 0.0281 -0.3626 -0.3349 -0.2635 -0.0053 0.1763 -0.1368 -0.3604 -0.3145 -0.2110 0.2512 0.1095 -0.3130 -0.3526 -0.2928 -0.1567 0.2546 0.0497 -0.3592 -0.3407 -0.2732 -0.0870 0.2084 -0.0231 -0.3624 -0.3297 -0.2555 0.0187 0.1773 -0.1092 -0.3613 -0.3217 -0.2347 0.1358 0.1519 -0.1875 -0.3599 -0.3148 -0.2177 0.2102
-0.2058 -0.3174 -0.3605 -0.1600 0.1602 0.0974 -0.2410 -0.3240 -0.3617 -0.0857 0.1841 -0.0072 -0.2599 -0.3312 -0.3626 -0.0155 0.2111 -0.0905 -0.2735 -0.3407 -0.3595 0.0476 0.2525 -0.1533 -0.2914 -0.3517 -0.3204 0.1043 0.2592 -0.2059 -0.3123 -0.3598 -0.1623 0.1680 0.0261 -0.2592 -0.3328 -0.3629 0.0168 0.2346 -0.1340 -0.2860 -0.3493 -0.3341 0.0946 0.2669 -0.1989 -0.3097 -0.3600 -0.2210 0.0672 -0.2210 -0.3600 -0.3097 -0.1989 0.2669 0.0946 -0.3341 -0.3493 -0.2860 -0.1340 0.2346 0.0168 -0.3629 -0.3328 -0.2592 0.0261 0.1680 -0.1623 -0.3598 -0.3123 -0.2059 0.2592 0.1043 -0.3204 -0.3517 -0.2914 -0.1533 0.2525 0.0476 -0.3595 -0.3407 -0.2735 -0.0905 0.2111 -0.0155 -0.3626 -0.3312 -0.2599 -0.0072 0.1841 -0.0857 -0.3617 -0.3240 -0.2410 0.0974 0.1602 -0.1600 -0.3605 -0.3174 -0.2058
-0.2963 -0.3611 -0.1320 0.1690 0.0577 -0.2474 -0.3264 -0.3620 -0.0630 0.1909 -0.0319 -0.2635 -0.3330 -0.3628 -0.0055 0.2154 -0.0969 -0.2745 -0.3411 -0.3592 0.0476 0.2518 -0.1515 -0.2904 -0.3511 -0.3254 0.1000 0.2640 -0.2014 -0.3104 -0.3593 -0.1854 0.1603 0.0599 -0.2533 -0.3307 -0.3628 0.0043 0.2271 -0.1241 -0.2832 -0.3478 -0.3413 0.0873 0.2697 -0.1926 -0.3071 -0.3586 -0.2179 0.1362 0.2548 0.1362 -0.2179 -0.3586 -0.3071 -0.1926 0.2697 0.0873 -0.3413 -0.3478 -0.2832 -0.1241 0.2271 0.0043 -0.3628 -0.3307 -0.2533 0.0599 0.1603 -0.1854 -0.3593 -0.3104 -0.2014 0.2640 0.1000 -0.3254 -0.3511 -0.2904 -0.1515 0.2518 0.0476 -0.3592 -0.3411 -0.2745 -0.0969 0.2154 -0.0055 -0.3628 -0.3330 -0.2635 -0.0319 0.1909 -0.0630 -0.3620 -0.3264 -0.2474 0.0577 0.1690 -0.1320 -0.3611 -0.2963
-0.3439 -0.1046 0.1778 0.0206 -0.2540 -0.3287 -0.3623 -0.0422 0.1979 -0.0539 -0.2663 -0.3349 -0.3629 0.0056 0.2209 -0.1053 -0.2761 -0.3420 -0.3585 0.0497 0.2525 -0.1515 -0.2901 -0.3508 -0.3284 0.0970 0.2667 -0.1977 -0.3087 -0.3588 -0.2052 0.1536 0.0930 -0.2476 -0.3286 -0.3625 -0.0094 0.2195 -0.1134 -0.2803 -0.3461 -0.3472 0.0798 0.2700 -0.1862 -0.3046 -0.3577 -0.2362 0.1414 0.1909 -0.1661 0.1909 0.1414 -0.2362 -0.3577 -0.3046 -0.1862 0.2700 0.0798 -0.3472 -0.3461 -0.2803 -0.1134 0.2195 -0.0094 -0.3625 -0.3286 -0.2476 0.0930 0.1536 -0.2052 -0.3588 -0.3087 -0.1977 0.2667 0.0970 -0.3284 -0.3508 -0.2901 -0.1515 0.2525 0.0497 -0.3585 -0.3420 -0.2761 -0.1053 0.2209 0.0056 -0.3629 -0.3349 -0.2663 -0.0539 0.1979 -0.0422 -0.3623 -0.3287 -0.2540 0.0206 0.1778 -0.1046 -0.3439
-0.0993 0.1860 -0.0115 -0.2600 -0.3310 -0.3626 -0.0238 0.2053 -0.0728 -0.2692 -0.3370 -0.3626 0.0169 0.2275 -0.1146 -0.2781 -0.3432 -0.3570 0.0536 0.2546 -0.1533 -0.2904 -0.3508 -0.3294 0.0955 0.2679 -0.1951 -0.3074 -0.3583 -0.2207 0.1480 0.1223 -0.2425 -0.3267 -0.3623 -0.0241 0.2123 -0.1016 -0.2775 -0.3444 -0.3519 0.0720 0.2682 -0.1796 -0.3019 -0.3567 -0.2563 0.1364 0.1768 -0.2262 -0.2924 -0.2262 0.1768 0.1364 -0.2563 -0.3567 -0.3019 -0.1796 0.2682 0.0720 -0.3519 -0.3444 -0.2775 -0.1016 0.2123 -0.0241 -0.3623 -0.3267 -0.2425 0.1223 0.1480 -0.2207 -0.3583 -0.3074 -0.1951 0.2679 0.0955 -0.3294 -0.3508 -0.2904 -0.1533 0.2546 0.0536 -0.3570 -0.3432 -0.2781 -0.1146 0.2275 0.0169 -0.3626 -0.3370 -0.2692 -0.0728 0.2053 -0.0238 -0.3626 -0.3310 -0.2600 -0.0115 0.1860 -0.0993
0.1894 -0.0381 -0.2641 -0.3333 -0.3628 -0.0075 0.2129 -0.0889 -0.2721 -0.3390 -0.3618 0.0278 0.2345 -0.1242 -0.2805 -0.3446 -0.3548 0.0590 0.2577 -0.1567 -0.2914 -0.3511 -0.3284 0.0955 0.2683 -0.1937 -0.3066 -0.3579 -0.2319 0.1436 0.1455 -0.2381 -0.3249 -0.3620 -0.0393 0.2058 -0.0890 -0.2749 -0.3426 -0.3556 0.0641 0.2647 -0.1727 -0.2993 -0.3557 -0.2746 0.1294 0.1987 -0.2275 -0.3206 -0.3626 -0.3206 -0.2275 0.1987 0.1294 -0.2746 -0.3557 -0.2993 -0.1727 0.2647 0.0641 -0.3556 -0.3426 -0.2749 -0.0890 0.2058 -0.0393 -0.3620 -0.3249 -0.2381 0.1455 0.1436 -0.2319 -0.3579 -0.3066 -0.1937 0.2683 0.0955 -0.3284 -0.3511 -0.2914 -0.1567 0.2577 0.0590 -0.3548 -0.3446 -0.2805 -0.1242 0.2345 0.0278 -0.3618 -0.3390 -0.2721 -0.0889 0.2129 -0.0075 -0.3628 -0.3333 -0.2641 -0.0381 0.1894
-0.0570 -0.2671 -0.3354 -0.3629 0.0068 0.2207 -0.1030 -0.2750 -0.3409 -0.3603 0.0381 0.2416 -0.1337 -0.2831 -0.3461 -0.3516 0.0653 0.2614 -0.1613 -0.2928 -0.3517 -0.3254 0.0970 0.2679 -0.1937 -0.3063 -0.3577 -0.2388 0.1406 0.1619 -0.2346 -0.3234 -0.3618 -0.0541 0.2000 -0.0758 -0.2724 -0.3409 -0.3582 0.0560 0.2601 -0.1656 -0.2966 -0.3545 -0.2907 0.1223 0.2213 -0.2225 -0.3191 -0.3691 -0.3386 -0.3691 -0.3191 -0.2225 0.2213 0.1223 -0.2907 -0.3545 -0.2966 -0.1656 0.2601 0.0560 -0.3582 -0.3409 -0.2724 -0.0758 0.2000 -0.0541 -0.3618 -0.3234 -0.2346 0.1619 0.1406 -0.2388 -0.3577 -0.3063 -0.1937 0.2679 0.0970 -0.3254 -0.3517 -0.2928 -0.1613 0.2614 0.0653 -0.3516 -0.3461 -0.2831 -0.1337 0.2416 0.0381 -0.3603 -0.3409 -0.2750 -0.1030 0.2207 0.0068 -0.3629 -0.3354 -0.2671 -0.0570
-0.2444 -0.3376 -0.3624 0.0194 0.2286 -0.1153 -0.2779 -0.3428 -0.3582 0.0476 0.2485 -0.1426 -0.2859 -0.3477 -0.3472 0.0723 0.2651 -0.1669 -0.2946 -0.3526 -0.3204 0.1000 0.2667 -0.1951 -0.3066 -0.3577 -0.2411 0.1390 0.1717 -0.2322 -0.3223 -0.3616 -0.0675 0.1950 -0.0626 -0.2701 -0.3393 -0.3601 0.0480 0.2548 -0.1585 -0.2939 -0.3533 -0.3047 0.1151 0.2394 -0.2166 -0.3169 -0.3616 -0.1475 0.0873 -0.1475 -0.3616 -0.3169 -0.2166 0.2394 0.1151 -0.3047 -0.3533 -0.2939 -0.1585 0.2548 0.0480 -0.3601 -0.3393 -0.2701 -0.0626 0.1950 -0.0675 -0.3616 -0.3223 -0.2322 0.1717 0.1390 -0.2411 -0.3577 -0.3066 -0.1951 0.2667 0.1000 -0.3204 -0.3526 -0.2946 -0.1669 0.2651 0.0723 -0.3472 -0.3477 -0.2859 -0.1426 0.2485 0.0476 -0.3582 -0.3428 -0.2779 -0.1153 0.2286 0.0194 -0.3624 -0.3376 -0.2444
-0.3173 -0.3615 0.0308 0.2363 -0.1263 -0.2809 -0.3447 -0.3552 0.0567 0.2549 -0.1510 -0.2886 -0.3493 -0.3415 0.0796 0.2682 -0.1730 -0.2968 -0.3535 -0.3130 0.1043 0.2640 -0.1977 -0.3074 -0.3579 -0.2388 0.1390 0.1749 -0.2309 -0.3216 -0.3615 -0.0783 0.1912 -0.0502 -0.2681 -0.3379 -0.3613 0.0403 0.2494 -0.1514 -0.2914 -0.3521 -0.3164 0.1081 0.2528 -0.2105 -0.3145 -0.3605 -0.1435 0.1566 0.2654 0.1566 -0.1435 -0.3605 -0.3145 -0.2105 0.2528 0.1081 -0.3164 -0.3521 -0.2914 -0.1514 0.2494 0.0403 -0.3613 -0.3379 -0.2681 -0.0502 0.1912 -0.0783 -0.3615 -0.3216 -0.2309 0.1749 0.1390 -0.2388 -0.3579 -0.3074 -0.1977 0.2640 0.1043 -0.3130 -0.3535 -0.2968 -0.1730 0.2682 0.0796 -0.3415 -0.3493 -0.2886 -0.1510 0.2549 0.0567 -0.3552 -0.3447 -0.2809 -0.1263 0.2363 0.0308 -0.3615 -0.3173
-0.3471 0.0413 0.2437 -0.1362 -0.2838 -0.3464 -0.3512 0.0653 0.2607 -0.1590 -0.2914 -0.3507 -0.3344 0.0870 0.2700 -0.1794 -0.2993 -0.3546 -0.3031 0.1095 0.2592 -0.2014 -0.3087 -0.3583 -0.2319 0.1406 0.1717 -0.2309 -0.3214 -0.3614 -0.0852 0.1885 -0.0400 -0.2665 -0.3366 -0.3621 0.0329 0.2441 -0.1447 -0.2890 -0.3508 -0.3258 0.1013 0.2617 -0.2045 -0.3120 -0.3598 -0.1650 0.1639 0.0914 -0.1900 0.0914 0.1639 -0.1650 -0.3598 -0.3120 -0.2045 0.2617 0.1013 -0.3258 -0.3508 -0.2890 -0.1447 0.2441 0.0329 -0.3621 -0.3366 -0.2665 -0.0400 0.1885 -0.0852 -0.3614 -0.3214 -0.2309 0.1717 0.1406 -0.2319 -0.3583 -0.3087 -0.2014 0.2592 0.1095 -0.3031 -0.3546 -0.2993 -0.1794 0.2700 0.0870 -0.3344 -0.3507 -0.2914 -0.1590 0.2607 0.0653 -0.3512 -0.3464 -0.2838 -0.1362 0.2437 0.0413 -0.3471
0.0420 0.2507 -0.1453 -0.2866 -0.3481 -0.3461 0.0735 0.2654 -0.1666 -0.2942 -0.3521 -0.3258 0.0943 0.2698 -0.1860 -0.3018 -0.3556 -0.2905 0.1156 0.2512 -0.2059 -0.3104 -0.3588 -0.2207 0.1436 0.1619 -0.2322 -0.3216 -0.3614 -0.0876 0.1872 -0.0333 -0.2655 -0.3357 -0.3625 0.0265 0.2394 -0.1384 -0.2869 -0.3496 -0.3332 0.0949 0.2670 -0.1986 -0.3095 -0.3591 -0.1902 0.1586 0.0733 -0.2443 -0.3009 -0.2443 0.0733 0.1586 -0.1902 -0.3591 -0.3095 -0.1986 0.2670 0.0949 -0.3332 -0.3496 -0.2869 -0.1384 0.2394 0.0265 -0.3625 -0.3357 -0.2655 -0.0333 0.1872 -0.0876 -0.3614 -0.3216 -0.2322 0.1619 0.1436 -0.2207 -0.3588 -0.3104 -0.2059 0.2512 0.1156 -0.2905 -0.3556 -0.3018 -0.1860 0.2698 0.0943 -0.3258 -0.3521 -0.2942 -0.1666 0.2654 0.0735 -0.3461 -0.3481 -0.2866 -0.1453 0.2507 0.0420
0.2518 -0.1537 -0.2895 -0.3497 -0.3398 0.0814 0.2687 -0.1739 -0.2970 -0.3535 -0.3154 0.1016 0.2670 -0.1925 -0.3045 -0.3567 -0.2750 0.1222 0.2390 -0.2110 -0.3123 -0.3593 -0.2052 0.1480 0.1455 -0.2346 -0.3223 -0.3615 -0.0852 0.1872 -0.0309 -0.2649 -0.3351 -0.3627 0.0215 0.2355 -0.1329 -0.2851 -0.3485 -0.3389 0.0890 0.2695 -0.1930 -0.3071 -0.3584 -0.2141 0.1513 0.1026 -0.2453 -0.3281 -0.3681 -0.3281 -0.2453 0.1026 0.1513 -0.2141 -0.3584 -0.3071 -0.1930 0.2695 0.0890 -0.3389 -0.3485 -0.2851 -0.1329 0.2355 0.0215 -0.3627 -0.3351 -0.2649 -0.0309 0.1872 -0.0852 -0.3615 -0.3223 -0.2346 0.1455 0.1480 -0.2052 -0.3593 -0.3123 -0.2110 0.2390 0.1222 -0.2750 -0.3567 -0.3045 -0.1925 0.2670 0.1016 -0.3154 -0.3535 -0.2970 -0.1739 0.2687 0.0814 -0.3398 -0.3497 -0.2895 -0.1537 0.2518
-0.1525 -0.2924 -0.3512 -0.3320 0.0891 0.2701 -0.1809 -0.2997 -0.3547 -0.3029 0.1088 0.2612 -0.1988 -0.3071 -0.3576 -0.2567 0.1293 0.2215 -0.2166 -0.3145 -0.3598 -0.1854 0.1536 0.1223 -0.2381 -0.3234 -0.3616 -0.0783 0.1885 -0.0333 -0.2649 -0.3349 -0.3628 0.0183 0.2328 -0.1286 -0.2836 -0.3475 -0.3432 0.0837 0.2702 -0.1878 -0.3049 -0.3577 -0.2351 0.1441 0.1368 -0.2403 -0.3261 -0.3697 -0.3033 -0.3697 -0.3261 -0.2403 0.1368 0.1441 -0.2351 -0.3577 -0.3049 -0.1878 0.2702 0.0837 -0.3432 -0.3475 -0.2836 -0.1286 0.2328 0.0183 -0.3628 -0.3349 -0.2649 -0.0333 0.1885 -0.0783 -0.3616 -0.3234 -0.2381 0.1223 0.1536 -0.1854 -0.3598 -0.3145 -0.2166 0.2215 0.1293 -0.2567 -0.3576 -0.3071 -0.1988 0.2612 0.1088 -0.3029 -0.3547 -0.2997 -0.1809 0.2701 0.0891 -0.3320 -0.3512 -0.2924 -0.1525
-0.2705 -0.3527 -0.3225 0.0966 0.2693 -0.1877 -0.3025 -0.3559 -0.2882 0.1161 0.2514 -0.2051 -0.3097 -0.3585 -0.2358 0.1367 0.1981 -0.2226 -0.3169 -0.3604 -0.1623 0.1603 0.0930 -0.2425 -0.3249 -0.3618 -0.0675 0.1912 -0.0400 -0.2655 -0.3351 -0.3628 0.0172 0.2314 -0.1258 -0.2826 -0.3468 -0.3462 0.0793 0.2697 -0.1832 -0.3029 -0.3569 -0.2528 0.1375 0.1674 -0.2348 -0.3240 -0.3625 -0.0737 0.1064 -0.0737 -0.3625 -0.3240 -0.2348 0.1674 0.1375 -0.2528 -0.3569 -0.3029 -0.1832 0.2697 0.0793 -0.3462 -0.3468 -0.2826 -0.1258 0.2314 0.0172 -0.3628 -0.3351 -0.2655 -0.0400 0.1912 -0.0675 -0.3618 -0.3249 -0.2425 0.0930 0.1603 -0.1623 -0.3604 -0.3169 -0.2226 0.1981 0.1367 -0.2358 -0.3585 -0.3097 -0.2051 0.2514 0.1161 -0.2882 -0.3559 -0.3025 -0.1877 0.2693 0.0966 -0.3225 -0.3527 -0.2705
-0.3335 -0.3114 0.1040 0.2656 -0.1943 -0.3052 -0.3569 -0.2710 0.1236 0.2368 -0.2114 -0.3123 -0.3592 -0.2125 0.1443 0.1688 -0.2288 -0.3193 -0.3609 -0.1368 0.1680 0.0599 -0.2476 -0.3267 -0.3620 -0.0541 0.1950 -0.0502 -0.2665 -0.3357 -0.3627 0.0183 0.2314 -0.1249 -0.2821 -0.3464 -0.3480 0.0760 0.2687 -0.1794 -0.3013 -0.3562 -0.2671 0.1317 0.1922 -0.2296 -0.3219 -0.3618 -0.0689 0.1790 0.2600 0.1790 -0.0689 -0.3618 -0.3219 -0.2296 0.1922 0.1317 -0.2671 -0.3562 -0.3013 -0.1794 0.2687 0.0760 -0.3480 -0.3464 -0.2821 -0.1249 0.2314 0.0183 -0.3627 -0.3357 -0.2665 -0.0502 0.1950 -0.0541 -0.3620 -0.3267 -0.2476 0.0599 0.1680 -0.1368 -0.3609 -0.3193 -0.2288 0.1688 0.1443 -0.2125 -0.3592 -0.3123 -0.2114 0.2368 0.1236 -0.2710 -0.3569 -0.3052 -0.1943 0.2656 0.1040 -0.3114 -0.3335
-0.2998 0.1116 0.2583 -0.2009 -0.3079 -0.3579 -0.2513 0.1311 0.2169 -0.2177 -0.3148 -0.3599 -0.1871 0.1521 0.1344 -0.2349 -0.3217 -0.3613 -0.1105 0.1763 0.0261 -0.2533 -0.3286 -0.3623 -0.0393 0.2000 -0.0626 -0.2681 -0.3366 -0.3625 0.0215 0.2328 -0.1258 -0.2821 -0.3462 -0.3490 0.0740 0.2678 -0.1765 -0.2999 -0.3556 -0.2783 0.1266 0.2112 -0.2247 -0.3199 -0.3614 -0.0849 0.1891 -0.0120 -0.2120 -0.0120 0.1891 -0.0849 -0.3614 -0.3199 -0.2247 0.2112 0.1266 -0.2783 -0.3556 -0.2999 -0.1765 0.2678 0.0740 -0.3490 -0.3462 -0.2821 -0.1258 0.2328 0.0215 -0.3625 -0.3366 -0.2681 -0.0626 0.2000 -0.0393 -0.3623 -0.3286 -0.2533 0.0261 0.1763 -0.1105 -0.3613 -0.3217 -0.2349 0.1344 0.1521 -0.1871 -0.3599 -0.3148 -0.2177 0.2169 0.1311 -0.2513 -0.3579 -0.3079 -0.2009 0.2583 0.1116 -0.2998
0.1133 0.2469 -0.2073 -0.3106 -0.3587 -0.2290 0.1388 0.1911 -0.2241 -0.3174 -0.3605 -0.1598 0.1603 0.0964 -0.2412 -0.3241 -0.3617 -0.0852 0.1841 -0.0053 -0.2592 -0.3307 -0.3625 -0.0241 0.2058 -0.0758 -0.2701 -0.3379 -0.3621 0.0265 0.2355 -0.1286 -0.2826 -0.3464 -0.3490 0.0732 0.2673 -0.1746 -0.2990 -0.3551 -0.2864 0.1225 0.2248 -0.2205 -0.3181 -0.3610 -0.1043 0.1847 -0.0270 -0.2615 -0.3096 -0.2615 -0.0270 0.1847 -0.1043 -0.3610 -0.3181 -0.2205 0.2248 0.1225 -0.2864 -0.3551 -0.2990 -0.1746 0.2673 0.0732 -0.3490 -0.3464 -0.2826 -0.1286 0.2355 0.0265 -0.3621 -0.3379 -0.2701 -0.0758 0.2058 -0.0241 -0.3625 -0.3307 -0.2592 -0.0053 0.1841 -0.0852 -0.3617 -0.3241 -0.2412 0.0964 0.1603 -0.1598 -0.3605 -0.3174 -0.2241 0.1911 0.1388 -0.2290 -0.3587 -0.3106 -0.2073 0.2469 0.1133
0.2235 -0.2136 -0.3132 -0.3595 -0.2043 0.1466 0.1594 -0.2304 -0.3199 -0.3610 -0.1318 0.1691 0.0574 -0.2475 -0.3264 -0.3620 -0.0621 0.1911 -0.0323 -0.2635 -0.3328 -0.3628 -0.0094 0.2123 -0.0890 -0.2724 -0.3393 -0.3613 0.0329 0.2394 -0.1329 -0.2836 -0.3468 -0.3480 0.0740 0.2673 -0.1740 -0.2985 -0.3549 -0.2917 0.1195 0.2341 -0.2170 -0.3165 -0.3607 -0.1233 0.1793 -0.0112 -0.2631 -0.3357 -0.3728 -0.3357 -0.2631 -0.0112 0.1793 -0.1233 -0.3607 -0.3165 -0.2170 0.2341 0.1195 -0.2917 -0.3549 -0.2985 -0.1740 0.2673 0.0740 -0.3480 -0.3468 -0.2836 -0.1329 0.2394 0.0329 -0.3613 -0.3393 -0.2724 -0.0890 0.2123 -0.0094 -0.3628 -0.3328 -0.2635 -0.0323 0.1911 -0.0621 -0.3620 -0.3264 -0.2475 0.0574 0.1691 -0.1318 -0.3610 -0.3199 -0.2304 0.1594 0.1466 -0.2043 -0.3595 -0.3132 -0.2136 0.2235
-0.2026 -0.3158 -0.3601 -0.1778 0.1548 0.1227 -0.2368 -0.3224 -0.3614 -0.1044 0.1779 0.0204 -0.2541 -0.3287 -0.3623 -0.0416 0.1982 -0.0547 -0.2664 -0.3349 -0.3629 0.0043 0.2195 -0.1016 -0.2749 -0.3409 -0.3601 0.0403 0.2441 -0.1384 -0.2851 -0.3475 -0.3462 0.0760 0.2678 -0.1746 -0.2985 -0.3548 -0.2943 0.1176 0.2398 -0.2145 -0.3153 -0.3604 -0.1400 0.1738 0.0093 -0.2610 -0.3334 -0.3687 -0.2442 -0.3687 -0.3334 -0.2610 0.0093 0.1738 -0.1400 -0.3604 -0.3153 -0.2145 0.2398 0.1176 -0.2943 -0.3548 -0.2985 -0.1746 0.2678 0.0760 -0.3462 -0.3475 -0.2851 -0.1384 0.2441 0.0403 -0.3601 -0.3409 -0.2749 -0.1016 0.2195 0.0043 -0.3629 -0.3349 -0.2664 -0.0547 0.1982 -0.0416 -0.3623 -0.3287 -0.2541 0.0204 0.1779 -0.1044 -0.3614 -0.3224 -0.2368 0.1227 0.1548 -0.1778 -0.3601 -0.3158 -0.2026
-0.2946 -0.3607 -0.1500 0.1633 0.0831 -0.2432 -0.3248 -0.3618 -0.0789 0.1858 -0.0117 -0.2600 -0.3310 -0.3626 -0.0235 0.2055 -0.0734 -0.2693 -0.3370 -0.3626 0.0168 0.2271 -0.1134 -0.2775 -0.3426 -0.3582 0.0480 0.2494 -0.1447 -0.2869 -0.3485 -0.3432 0.0793 0.2687 -0.1765 -0.2990 -0.3549 -0.2943 0.1169 0.2426 -0.2129 -0.3145 -0.3602 -0.1533 0.1688 0.0296 -0.2576 -0.3318 -0.3628 -0.0120 0.1279 -0.0120 -0.3628 -0.3318 -0.2576 0.0296 0.1688 -0.1533 -0.3602 -0.3145 -0.2129 0.2426 0.1169 -0.2943 -0.3549 -0.2990 -0.1765 0.2687 0.0793 -0.3432 -0.3485 -0.2869 -0.1447 0.2494 0.0480 -0.3582 -0.3426 -0.2775 -0.1134 0.2271 0.0168 -0.3626 -0.3370 -0.2693 -0.0734 0.2055 -0.0235 -0.3626 -0.3310 -0.2600 -0.0117 0.1858 -0.0789 -0.3618 -0.3248 -0.2432 0.0831 0.1633 -0.1500 -0.3607 -0.2946
-0.3434 -0.1221 0.1723 0.0440 -0.2497 -0.3272 -0.3621 -0.0559 0.1930 -0.0383 -0.2641 -0.3333 -0.3628 -0.0074 0.2130 -0.0893 -0.2722 -0.3390 -0.3617 0.0281 0.2346 -0.1241 -0.2803 -0.3444 -0.3556 0.0560 0.2548 -0.1514 -0.2890 -0.3496 -0.3389 0.0837 0.2697 -0.1794 -0.2999 -0.3551 -0.2917 0.1176 0.2426 -0.2124 -0.3140 -0.3600 -0.1627 0.1652 0.0471 -0.2541 -0.3305 -0.3627 -0.0052 0.2043 0.2162 0.2043 -0.0052 -0.3627 -0.3305 -0.2541 0.0471 0.1652 -0.1627 -0.3600 -0.3140 -0.2124 0.2426 0.1176 -0.2917 -0.3551 -0.2999 -0.1794 0.2697 0.0837 -0.3389 -0.3496 -0.2890 -0.1514 0.2548 0.0560 -0.3556 -0.3444 -0.2803 -0.1241 0.2346 0.0281 -0.3617 -0.3390 -0.2722 -0.0893 0.2130 -0.0074 -0.3628 -0.3333 -0.2641 -0.0383 0.1930 -0.0559 -0.3621 -0.3272 -0.2497 0.0440 0.1723 -0.1221 -0.3434
-0.1160 0.1811 0.0085 -0.2564 -0.3296 -0.3624 -0.0355 0.2004 -0.0603 -0.2672 -0.3354 -0.3629 0.0069 0.2208 -0.1031 -0.2751 -0.3410 -0.3603 0.0384 0.2419 -0.1340 -0.2832 -0.3461 -0.3519 0.0641 0.2601 -0.1585 -0.2914 -0.3508 -0.3332 0.0890 0.2702 -0.1832 -0.3013 -0.3556 -0.2864 0.1195 0.2398 -0.2129 -0.3140 -0.3599 -0.1674 0.1631 0.0598 -0.2514 -0.3294 -0.3625 -0.0111 0.2156 -0.0860 -0.2287 -0.0860 0.2156 -0.0111 -0.3625 -0.3294 -0.2514 0.0598 0.1631 -0.1674 -0.3599 -0.3140 -0.2129 0.2398 0.1195 -0.2864 -0.3556 -0.3013 -0.1832 0.2702 0.0890 -0.3332 -0.3508 -0.2914 -0.1585 0.2601 0.0641 -0.3519 -0.3461 -0.2832 -0.1340 0.2419 0.0384 -0.3603 -0.3410 -0.2751 -0.1031 0.2208 0.0069 -0.3629 -0.3354 -0.2672 -0.0603 0.2004 -0.0355 -0.3624 -0.3296 -0.2564 0.0085 0.1811 -0.1160
0.1847 -0.0216 -0.2618 -0.3318 -0.3627 -0.0177 0.2079 -0.0786 -0.2701 -0.3376 -0.3624 0.0195 0.2287 -0.1154 -0.2780 -0.3428 -0.3581 0.0479 0.2488 -0.1430 -0.2860 -0.3478 -0.3472 0.0720 0.2647 -0.1656 -0.2939 -0.3521 -0.3258 0.0949 0.2695 -0.1878 -0.3029 -0.3562 -0.2783 0.1225 0.2341 -0.2145 -0.3145 -0.3600 -0.1674 0.1623 0.0663 -0.2498 -0.3287 -0.3624 -0.0180 0.2131 -0.0974 -0.2725 -0.3199 -0.2725 -0.0974 0.2131 -0.0180 -0.3624 -0.3287 -0.2498 0.0663 0.1623 -0.1674 -0.3600 -0.3145 -0.2145 0.2341 0.1225 -0.2783 -0.3562 -0.3029 -0.1878 0.2695 0.0949 -0.3258 -0.3521 -0.2939 -0.1656 0.2647 0.0720 -0.3472 -0.3478 -0.2860 -0.1430 0.2488 0.0479 -0.3581 -0.3428 -0.2780 -0.1154 0.2287 0.0195 -0.3624 -0.3376 -0.2701 -0.0786 0.2079 -0.0177 -0.3627 -0.3318 -0.2618 -0.0216 0.1847
-0.0440 -0.2652 -0.3340 -0.3629 -0.0022 0.2157 -0.0942 -0.2731 -0.3396 -0.3614 0.0309 0.2364 -0.1264 -0.2809 -0.3447 -0.3551 0.0568 0.2551 -0.1513 -0.2887 -0.3493 -0.3413 0.0798 0.2682 -0.1727 -0.2966 -0.3533 -0.3164 0.1013 0.2670 -0.1930 -0.3049 -0.3569 -0.2671 0.1266 0.2248 -0.2170 -0.3153 -0.3602 -0.1627 0.1631 0.0663 -0.2492 -0.3283 -0.3623 -0.0234 0.2104 -0.0939 -0.2747 -0.3445 -0.3771 -0.3445 -0.2747 -0.0939 0.2104 -0.0234 -0.3623 -0.3283 -0.2492 0.0663 0.1631 -0.1627 -0.3602 -0.3153 -0.2170 0.2248 0.1266 -0.2671 -0.3569 -0.3049 -0.1930 0.2670 0.1013 -0.3164 -0.3533 -0.2966 -0.1727 0.2682 0.0798 -0.3413 -0.3493 -0.2887 -0.1513 0.2551 0.0568 -0.3551 -0.3447 -0.2809 -0.1264 0.2364 0.0309 -0.3614 -0.3396 -0.2731 -0.0942 0.2157 -0.0022 -0.3629 -0.3340 -0.2652 -0.0440
-0.2423 -0.3362 -0.3628 0.0115 0.2235 -0.1076 -0.2761 -0.3416 -0.3597 0.0412 0.2438 -0.1362 -0.2838 -0.3464 -0.3511 0.0653 0.2608 -0.1592 -0.2915 -0.3508 -0.3341 0.0873 0.2700 -0.1796 -0.2993 -0.3545 -0.3047 0.1081 0.2617 -0.1986 -0.3071 -0.3577 -0.2528 0.1317 0.2112 -0.2205 -0.3165 -0.3604 -0.1533 0.1652 0.0598 -0.2498 -0.3283 -0.3623 -0.0263 0.2085 -0.0897 -0.2741 -0.3419 -0.3632 -0.1419 -0.3632 -0.3419 -0.2741 -0.0897 0.2085 -0.0263 -0.3623 -0.3283 -0.2498 0.0598 0.1652 -0.1533 -0.3604 -0.3165 -0.2205 0.2112 0.1317 -0.2528 -0.3577 -0.3071 -0.1986 0.2617 0.1081 -0.3047 -0.3545 -0.2993 -0.1796 0.2700 0.0873 -0.3341 -0.3508 -0.2915 -0.1592 0.2608 0.0653 -0.3511 -0.3464 -0.2838 -0.1362 0.2438 0.0412 -0.3597 -0.3416 -0.2761 -0.1076 0.2235 0.0115 -0.3628 -0.3362 -0.2423
-0.3158 -0.3622 0.0237 0.2314 -0.1194 -0.2790 -0.3435 -0.3572 0.0508 0.2507 -0.1453 -0.2867 -0.3481 -0.3460 0.0735 0.2654 -0.1667 -0.2942 -0.3522 -0.3255 0.0946 0.2697 -0.1862 -0.3019 -0.3557 -0.2907 0.1151 0.2528 -0.2045 -0.3095 -0.3584 -0.2351 0.1375 0.1922 -0.2247 -0.3181 -0.3607 -0.1400 0.1688 0.0471 -0.2514 -0.3287 -0.3623 -0.0263 0.2079 -0.0873 -0.2735 -0.3411 -0.3592 0.0382 0.1579 0.0382 -0.3592 -0.3411 -0.2735 -0.0873 0.2079 -0.0263 -0.3623 -0.3287 -0.2514 0.0471 0.1688 -0.1400 -0.3607 -0.3181 -0.2247 0.1922 0.1375 -0.2351 -0.3584 -0.3095 -0.2045 0.2528 0.1151 -0.2907 -0.3557 -0.3019 -0.1862 0.2697 0.0946 -0.3255 -0.3522 -0.2942 -0.1667 0.2654 0.0735 -0.3460 -0.3481 -0.2867 -0.1453 0.2507 0.0508 -0.3572 -0.3435 -0.2790 -0.1194 0.2314 0.0237 -0.3622 -0.3158
-0.3477 0.0348 0.2390 -0.1299 -0.2819 -0.3453 -0.3538 0.0598 0.2571 -0.1538 -0.2895 -0.3497 -0.3397 0.0814 0.2687 -0.1739 -0.2970 -0.3535 -0.3151 0.1018 0.2669 -0.1926 -0.3046 -0.3567 -0.2746 0.1223 0.2394 -0.2105 -0.3120 -0.3591 -0.2141 0.1441 0.1674 -0.2296 -0.3199 -0.3610 -0.1233 0.1738 0.0296 -0.2541 -0.3294 -0.3624 -0.0234 0.2085 -0.0873 -0.2732 -0.3407 -0.3594 0.0465 0.2401 0.0775 0.2401 0.0465 -0.3594 -0.3407 -0.2732 -0.0873 0.2085 -0.0234 -0.3624 -0.3294 -0.2541 0.0296 0.1738 -0.1233 -0.3610 -0.3199 -0.2296 0.1674 0.1441 -0.2141 -0.3591 -0.3120 -0.2105 0.2394 0.1223 -0.2746 -0.3567 -0.3046 -0.1926 0.2669 0.1018 -0.3151 -0.3535 -0.2970 -0.1739 0.2687 0.0814 -0.3397 -0.3497 -0.2895 -0.1538 0.2571 0.0598 -0.3538 -0.3453 -0.2819 -0.1299 0.2390 0.0348 -0.3477
0.0354 0.2462 -0.1394 -0.2848 -0.3471 -0.3495 0.0681 0.2624 -0.1616 -0.2923 -0.3512 -0.3320 0.0890 0.2701 -0.1809 -0.2997 -0.3548 -0.3028 0.1089 0.2610 -0.1989 -0.3071 -0.3577 -0.2563 0.1294 0.2213 -0.2166 -0.3145 -0.3598 -0.1902 0.1513 0.1368 -0.2348 -0.3219 -0.3614 -0.1043 0.1793 0.0093 -0.2576 -0.3305 -0.3625 -0.0180 0.2104 -0.0897 -0.2735 -0.3407 -0.3595 0.0468 0.2505 -0.1390 -0.2500 -0.1390 0.2505 0.0468 -0.3595 -0.3407 -0.2735 -0.0897 0.2104 -0.0180 -0.3625 -0.3305 -0.2576 0.0093 0.1793 -0.1043 -0.3614 -0.3219 -0.2348 0.1368 0.1513 -0.1902 -0.3598 -0.3145 -0.2166 0.2213 0.1294 -0.2563 -0.3577 -0.3071 -0.1989 0.2610 0.1089 -0.3028 -0.3548 -0.2997 -0.1809 0.2701 0.0890 -0.3320 -0.3512 -0.2923 -0.1616 0.2624 0.0681 -0.3495 -0.3471 -0.2848 -0.1394 0.2462 0.0354
0.2477 -0.1479 -0.2875 -0.3488 -0.3443 0.0758 0.2666 -0.1688 -0.2950 -0.3527 -0.3231 0.0961 0.2694 -0.1874 -0.3024 -0.3560 -0.2889 0.1157 0.2518 -0.2050 -0.3097 -0.3586 -0.2362 0.1364 0.1987 -0.2225 -0.3169 -0.3605 -0.1650 0.1586 0.1026 -0.2403 -0.3240 -0.3618 -0.0849 0.1847 -0.0112 -0.2610 -0.3318 -0.3627 -0.0111 0.2131 -0.0939 -0.2741 -0.3411 -0.3594 0.0468 0.2510 -0.1487 -0.2865 -0.3329 -0.2865 -0.1487 0.2510 0.0468 -0.3594 -0.3411 -0.2741 -0.0939 0.2131 -0.0111 -0.3627 -0.3318 -0.2610 -0.0112 0.1847 -0.0849 -0.3618 -0.3240 -0.2403 0.1026 0.1586 -0.1650 -0.3605 -0.3169 -0.2225 0.1987 0.1364 -0.2362 -0.3586 -0.3097 -0.2050 0.2518 0.1157 -0.2889 -0.3560 -0.3024 -0.1874 0.2694 0.0961 -0.3231 -0.3527 -0.2950 -0.1688 0.2666 0.0758 -0.3443 -0.3488 -0.2875 -0.1479 0.2477
-0.1458 -0.2899 -0.3508 -0.3390 0.0817 0.2690 -0.1745 -0.2974 -0.3546 -0.3143 0.1015 0.2671 -0.1927 -0.3047 -0.3577 -0.2755 0.1209 0.2415 -0.2099 -0.3119 -0.3600 -0.2179 0.1414 0.1768 -0.2275 -0.3191 -0.3616 -0.1435 0.1639 0.0733 -0.2453 -0.3261 -0.3625 -0.0689 0.1891 -0.0270 -0.2631 -0.3334 -0.3628 -0.0052 0.2156 -0.0974 -0.2747 -0.3419 -0.3592 0.0465 0.2505 -0.1487 -0.2889 -0.3551 -0.3799 -0.3551 -0.2889 -0.1487 0.2505 0.0465 -0.3592 -0.3419 -0.2747 -0.0974 0.2156 -0.0052 -0.3628 -0.3334 -0.2631 -0.0270 0.1891 -0.0689 -0.3625 -0.3261 -0.2453 0.0733 0.1639 -0.1435 -0.3616 -0.3191 -0.2275 0.1768 0.1414 -0.2179 -0.3600 -0.3119 -0.2099 0.2415 0.1209 -0.2755 -0.3577 -0.3047 -0.1927 0.2671 0.1015 -0.3143 -0.3546 -0.2974 -0.1745 0.2690 0.0817 -0.3390 -0.3508 -0.2899 -0.1458
-0.2641 -0.3559 -0.3395 0.0792 0.2685 -0.1724 -0.2976 -0.3605 -0.3150 0.0986 0.2693 -0.1910 -0.3053 -0.3643 -0.2771 0.1172 0.2484 -0.2085 -0.3129 -0.3672 -0.2210 0.1362 0.1909 -0.2262 -0.3206 -0.3691 -0.1475 0.1566 0.0914 -0.2443 -0.3281 -0.3697 -0.0737 0.1790 -0.0120 -0.2615 -0.3357 -0.3687 -0.0120 0.2043 -0.0860 -0.2725 -0.3445 -0.3632 0.0382 0.2401 -0.1390 -0.2865 -0.3551 -0.3479 -0.0473 -0.3479 -0.3551 -0.2865 -0.1390 0.2401 0.0382 -0.3632 -0.3445 -0.2725 -0.0860 0.2043 -0.0120 -0.3687 -0.3357 -0.2615 -0.0120 0.1790 -0.0737 -0.3697 -0.3281 -0.2443 0.0914 0.1566 -0.1475 -0.3691 -0.3206 -0.2262 0.1909 0.1362 -0.2210 -0.3672 -0.3129 -0.2085 0.2484 0.1172 -0.2771 -0.3643 -0.3053 -0.1910 0.2693 0.0986 -0.3150 -0.3605 -0.2976 -0.1724 0.2685 0.0792 -0.3395 -0.3559 -0.2641
-0.3129 -0.3797 -0.0192 0.1962 -0.0639 -0.2672 -0.3434 -0.3781 0.0176 0.2168 -0.1080 -0.2756 -0.3502 -0.3723 0.0448 0.2370 -0.1396 -0.2839 -0.3566 -0.3603 0.0672 0.2548 -0.1661 -0.2924 -0.3626 -0.3386 0.0873 0.2654 -0.1900 -0.3009 -0.3681 -0.3033 0.1064 0.2600 -0.2120 -0.3096 -0.3728 -0.2442 0.1279 0.2162 -0.2287 -0.3199 -0.3771 -0.1419 0.1579 0.0775 -0.2500 -0.3329 -0.3799 -0.0473 0.1052 -0.0473 -0.3799 -0.3329 -0.2500 0.0775 0.1579 -0.1419 -0.3771 -0.3199 -0.2287 0.2162 0.1279 -0.2442 -0.3728 -0.3096 -0.2120 0.2600 0.1064 -0.3033 -0.3681 -0.3009 -0.1900 0.2654 0.0873 -0.3386 -0.3626 -0.2924 -0.1661 0.2548 0.0672 -0.3603 -0.3566 -0.2839 -0.1396 0.2370 0.0448 -0.3723 -0.3502 -0.2756 -0.1080 0.2168 0.0176 -0.3781 -0.3434 -0.2672 -0.0639 0.1962 -0.0192 -0.3797 -0.3129
