0.4830 0.4448 0.1778 0.1552 0.2110 0.3516 0.5086 0.3679 0.1563 0.1663 0.2457 0.4215 0.4917 0.2638 0.1511 0.1839 0.2904 0.4869 0.4480 0.1803 0.1547 0.2090 0.3471 0.5087 0.3745 0.1571 0.1653 0.2428 0.4161 0.4938 0.2720 0.1511 0.1823 0.2867 0.4831 0.4522 0.1837 0.1541 0.2067 0.3421 0.5086 0.3826 0.1584 0.1636 0.2371 0.4026 0.4996 0.3072 0.1520 0.1671 0.2040 0.1671 0.1520 0.3072 0.4996 0.4026 0.2371 0.1636 0.1584 0.3826 0.5086 0.3421 0.2067 0.1541 0.1837 0.4522 0.4831 0.2867 0.1823 0.1511 0.2720 0.4938 0.4161 0.2428 0.1653 0.1571 0.3745 0.5087 0.3471 0.2090 0.1547 0.1803 0.4480 0.4869 0.2904 0.1839 0.1511 0.2638 0.4917 0.4215 0.2457 0.1663 0.1563 0.3679 0.5086 0.3516 0.2110 0.1552 0.1778 0.4448 0.4830
0.4448 0.1691 0.1444 0.2039 0.3487 0.5101 0.3730 0.1457 0.1564 0.2392 0.4198 0.4937 0.2689 0.1395 0.1751 0.2853 0.4871 0.4514 0.1748 0.1435 0.2012 0.3435 0.5102 0.3796 0.1467 0.1553 0.2362 0.4143 0.4958 0.2773 0.1395 0.1735 0.2815 0.4832 0.4555 0.1791 0.1428 0.1989 0.3385 0.5100 0.3869 0.1480 0.1537 0.2314 0.4032 0.5003 0.3040 0.1402 0.1636 0.2452 0.3402 0.2452 0.1636 0.1402 0.3040 0.5003 0.4032 0.2314 0.1537 0.1480 0.3869 0.5100 0.3385 0.1989 0.1428 0.1791 0.4555 0.4832 0.2815 0.1735 0.1395 0.2773 0.4958 0.4143 0.2362 0.1553 0.1467 0.3796 0.5102 0.3435 0.2012 0.1435 0.1748 0.4514 0.4871 0.2853 0.1751 0.1395 0.2689 0.4937 0.4198 0.2392 0.1564 0.1457 0.3730 0.5101 0.3487 0.2039 0.1444 0.1691 0.4448
0.1778 0.1444 0.2025 0.3440 0.5101 0.3817 0.1472 0.1548 0.2347 0.4112 0.4968 0.2819 0.1396 0.1726 0.2793 0.4808 0.4576 0.1817 0.1425 0.1978 0.3360 0.5098 0.3895 0.1484 0.1536 0.2316 0.4056 0.4987 0.2903 0.1398 0.1710 0.2756 0.4765 0.4615 0.1868 0.1419 0.1956 0.3312 0.5093 0.3961 0.1498 0.1523 0.2276 0.3965 0.5019 0.3107 0.1405 0.1641 0.2533 0.4255 0.5072 0.4255 0.2533 0.1641 0.1405 0.3107 0.5019 0.3965 0.2276 0.1523 0.1498 0.3961 0.5093 0.3312 0.1956 0.1419 0.1868 0.4615 0.4765 0.2756 0.1710 0.1398 0.2903 0.4987 0.4056 0.2316 0.1536 0.1484 0.3895 0.5098 0.3360 0.1978 0.1425 0.1817 0.4576 0.4808 0.2793 0.1726 0.1396 0.2819 0.4968 0.4112 0.2347 0.1548 0.1472 0.3817 0.5101 0.3440 0.2025 0.1444 0.1778
0.1552 0.2039 0.3440 0.5101 0.3868 0.1484 0.1535 0.2308 0.4034 0.4995 0.2944 0.1399 0.1702 0.2736 0.4740 0.4636 0.1899 0.1417 0.1944 0.3288 0.5090 0.3989 0.1504 0.1520 0.2272 0.3970 0.5014 0.3031 0.1402 0.1686 0.2699 0.4693 0.4672 0.1959 0.1412 0.1923 0.3242 0.5082 0.4050 0.1519 0.1509 0.2237 0.3893 0.5038 0.3191 0.1409 0.1637 0.2543 0.4365 0.4927 0.3998 0.4927 0.4365 0.2543 0.1637 0.1409 0.3191 0.5038 0.3893 0.2237 0.1509 0.1519 0.4050 0.5082 0.3242 0.1923 0.1412 0.1959 0.4672 0.4693 0.2699 0.1686 0.1402 0.3031 0.5014 0.3970 0.2272 0.1520 0.1504 0.3989 0.5090 0.3288 0.1944 0.1417 0.1899 0.4636 0.4740 0.2736 0.1702 0.1399 0.2944 0.4995 0.4034 0.2308 0.1535 0.1484 0.3868 0.5101 0.3440 0.2039 0.1552
0.2110 0.3487 0.5101 0.3868 0.1488 0.1528 0.2281 0.3971 0.5017 0.3056 0.1403 0.1680 0.2682 0.4668 0.4690 0.1994 0.1410 0.1912 0.3218 0.5077 0.4079 0.1526 0.1505 0.2229 0.3885 0.5037 0.3157 0.1407 0.1664 0.2645 0.4616 0.4725 0.2063 0.1406 0.1892 0.3173 0.5066 0.4137 0.1543 0.1495 0.2198 0.3817 0.5055 0.3287 0.1415 0.1627 0.2530 0.4378 0.4895 0.2865 0.1492 0.2865 0.4895 0.4378 0.2530 0.1627 0.1415 0.3287 0.5055 0.3817 0.2198 0.1495 0.1543 0.4137 0.5066 0.3173 0.1892 0.1406 0.2063 0.4725 0.4616 0.2645 0.1664 0.1407 0.3157 0.5037 0.3885 0.2229 0.1505 0.1526 0.4079 0.5077 0.3218 0.1912 0.1410 0.1994 0.4690 0.4668 0.2682 0.1680 0.1403 0.3056 0.5017 0.3971 0.2281 0.1528 0.1488 0.3868 0.5101 0.3487 0.2110
0.3516 0.5101 0.3817 0.1484 0.1528 0.2271 0.3936 0.5030 0.3142 0.1407 0.1661 0.2634 0.4597 0.4739 0.2097 0.1404 0.1882 0.3150 0.5058 0.4165 0.1552 0.1491 0.2188 0.3802 0.5057 0.3280 0.1414 0.1642 0.2591 0.4536 0.4774 0.2177 0.1401 0.1862 0.3106 0.5042 0.4219 0.1572 0.1482 0.2159 0.3740 0.5070 0.3388 0.1422 0.1614 0.2505 0.4356 0.4892 0.2680 0.1384 0.1454 0.1384 0.2680 0.4892 0.4356 0.2505 0.1614 0.1422 0.3388 0.5070 0.3740 0.2159 0.1482 0.1572 0.4219 0.5042 0.3106 0.1862 0.1401 0.2177 0.4774 0.4536 0.2591 0.1642 0.1414 0.3280 0.5057 0.3802 0.2188 0.1491 0.1552 0.4165 0.5058 0.3150 0.1882 0.1404 0.2097 0.4739 0.4597 0.2634 0.1661 0.1407 0.3142 0.5030 0.3936 0.2271 0.1528 0.1484 0.3817 0.5101 0.3516
0.5086 0.3730 0.1472 0.1535 0.2281 0.3936 0.5035 0.3191 0.1411 0.1647 0.2595 0.4531 0.4781 0.2202 0.1400 0.1853 0.3085 0.5033 0.4246 0.1582 0.1477 0.2148 0.3720 0.5073 0.3399 0.1422 0.1621 0.2539 0.4454 0.4819 0.2299 0.1397 0.1833 0.3040 0.5011 0.4298 0.1605 0.1469 0.2121 0.3662 0.5083 0.3492 0.1431 0.1599 0.2472 0.4313 0.4904 0.2665 0.1390 0.1648 0.2088 0.1648 0.1390 0.2665 0.4904 0.4313 0.2472 0.1599 0.1431 0.3492 0.5083 0.3662 0.2121 0.1469 0.1605 0.4298 0.5011 0.3040 0.1833 0.1397 0.2299 0.4819 0.4454 0.2539 0.1621 0.1422 0.3399 0.5073 0.3720 0.2148 0.1477 0.1582 0.4246 0.5033 0.3085 0.1853 0.1400 0.2202 0.4781 0.4531 0.2595 0.1647 0.1411 0.3191 0.5035 0.3936 0.2281 0.1535 0.1472 0.3730 0.5086
0.3679 0.1457 0.1548 0.2308 0.3971 0.5030 0.3191 0.1412 0.1639 0.2568 0.4480 0.4814 0.2298 0.1397 0.1828 0.3026 0.5002 0.4320 0.1616 0.1465 0.2110 0.3641 0.5086 0.3513 0.1432 0.1601 0.2489 0.4369 0.4862 0.2426 0.1395 0.1804 0.2976 0.4972 0.4373 0.1644 0.1457 0.2084 0.3585 0.5092 0.3597 0.1441 0.1583 0.2435 0.4256 0.4923 0.2703 0.1392 0.1694 0.2590 0.3610 0.2590 0.1694 0.1392 0.2703 0.4923 0.4256 0.2435 0.1583 0.1441 0.3597 0.5092 0.3585 0.2084 0.1457 0.1644 0.4373 0.4972 0.2976 0.1804 0.1395 0.2426 0.4862 0.4369 0.2489 0.1601 0.1432 0.3513 0.5086 0.3641 0.2110 0.1465 0.1616 0.4320 0.5002 0.3026 0.1828 0.1397 0.2298 0.4814 0.4480 0.2568 0.1639 0.1412 0.3191 0.5030 0.3971 0.2308 0.1548 0.1457 0.3679
0.1563 0.1564 0.2347 0.4034 0.5017 0.3142 0.1411 0.1639 0.2558 0.4452 0.4835 0.2373 0.1396 0.1806 0.2973 0.4967 0.4387 0.1655 0.1454 0.2074 0.3565 0.5094 0.3621 0.1444 0.1583 0.2440 0.4284 0.4901 0.2556 0.1394 0.1777 0.2914 0.4926 0.4445 0.1691 0.1445 0.2048 0.3509 0.5098 0.3700 0.1453 0.1567 0.2395 0.4189 0.4946 0.2771 0.1394 0.1700 0.2674 0.4482 0.5067 0.4482 0.2674 0.1700 0.1394 0.2771 0.4946 0.4189 0.2395 0.1567 0.1453 0.3700 0.5098 0.3509 0.2048 0.1445 0.1691 0.4445 0.4926 0.2914 0.1777 0.1394 0.2556 0.4901 0.4284 0.2440 0.1583 0.1444 0.3621 0.5094 0.3565 0.2074 0.1454 0.1655 0.4387 0.4967 0.2973 0.1806 0.1396 0.2373 0.4835 0.4452 0.2558 0.1639 0.1411 0.3142 0.5017 0.4034 0.2347 0.1564 0.1563
0.1663 0.2392 0.4112 0.4995 0.3056 0.1407 0.1647 0.2568 0.4452 0.4842 0.2414 0.1395 0.1791 0.2932 0.4932 0.4444 0.1696 0.1444 0.2041 0.3492 0.5099 0.3723 0.1457 0.1565 0.2393 0.4200 0.4935 0.2686 0.1394 0.1751 0.2853 0.4871 0.4512 0.1748 0.1435 0.2012 0.3434 0.5100 0.3800 0.1468 0.1551 0.2353 0.4117 0.4970 0.2860 0.1396 0.1695 0.2683 0.4585 0.4828 0.3737 0.4828 0.4585 0.2683 0.1695 0.1396 0.2860 0.4970 0.4117 0.2353 0.1551 0.1468 0.3800 0.5100 0.3434 0.2012 0.1435 0.1748 0.4512 0.4871 0.2853 0.1751 0.1394 0.2686 0.4935 0.4200 0.2393 0.1565 0.1457 0.3723 0.5099 0.3492 0.2041 0.1444 0.1696 0.4444 0.4932 0.2932 0.1791 0.1395 0.2414 0.4842 0.4452 0.2568 0.1647 0.1407 0.3056 0.4995 0.4112 0.2392 0.1663
0.2457 0.4198 0.4968 0.2944 0.1403 0.1661 0.2595 0.4480 0.4835 0.2414 0.1395 0.1783 0.2905 0.4904 0.4488 0.1736 0.1436 0.2011 0.3426 0.5100 0.3818 0.1471 0.1548 0.2349 0.4116 0.4967 0.2814 0.1396 0.1726 0.2794 0.4809 0.4576 0.1816 0.1425 0.1978 0.3361 0.5098 0.3896 0.1485 0.1535 0.2311 0.4040 0.4995 0.2960 0.1399 0.1684 0.2669 0.4596 0.4784 0.2505 0.1433 0.2505 0.4784 0.4596 0.2669 0.1684 0.1399 0.2960 0.4995 0.4040 0.2311 0.1535 0.1485 0.3896 0.5098 0.3361 0.1978 0.1425 0.1816 0.4576 0.4809 0.2794 0.1726 0.1396 0.2814 0.4967 0.4116 0.2349 0.1548 0.1471 0.3818 0.5100 0.3426 0.2011 0.1436 0.1736 0.4488 0.4904 0.2905 0.1783 0.1395 0.2414 0.4835 0.4480 0.2595 0.1661 0.1403 0.2944 0.4968 0.4198 0.2457
0.4215 0.4937 0.2819 0.1399 0.1680 0.2634 0.4531 0.4814 0.2373 0.1395 0.1783 0.2895 0.4887 0.4516 0.1770 0.1429 0.1987 0.3369 0.5098 0.3902 0.1487 0.1533 0.2306 0.4034 0.4995 0.2940 0.1399 0.1703 0.2738 0.4742 0.4634 0.1897 0.1417 0.1945 0.3289 0.5090 0.3990 0.1504 0.1520 0.2269 0.3960 0.5018 0.3068 0.1403 0.1669 0.2641 0.4574 0.4781 0.2330 0.1378 0.1493 0.1378 0.2330 0.4781 0.4574 0.2641 0.1669 0.1403 0.3068 0.5018 0.3960 0.2269 0.1520 0.1504 0.3990 0.5090 0.3289 0.1945 0.1417 0.1897 0.4634 0.4742 0.2738 0.1703 0.1399 0.2940 0.4995 0.4034 0.2306 0.1533 0.1487 0.3902 0.5098 0.3369 0.1987 0.1429 0.1770 0.4516 0.4887 0.2895 0.1783 0.1395 0.2373 0.4814 0.4531 0.2634 0.1680 0.1399 0.2819 0.4937 0.4215
0.4917 0.2689 0.1396 0.1702 0.2682 0.4597 0.4781 0.2298 0.1396 0.1791 0.2905 0.4887 0.4526 0.1789 0.1426 0.1970 0.3325 0.5094 0.3973 0.1503 0.1520 0.2267 0.3956 0.5019 0.3062 0.1403 0.1680 0.2684 0.4671 0.4688 0.1990 0.1410 0.1913 0.3219 0.5078 0.4079 0.1526 0.1505 0.2228 0.3879 0.5039 0.3180 0.1408 0.1653 0.2606 0.4533 0.4796 0.2319 0.1389 0.1714 0.2205 0.1714 0.1389 0.2319 0.4796 0.4533 0.2606 0.1653 0.1408 0.3180 0.5039 0.3879 0.2228 0.1505 0.1526 0.4079 0.5078 0.3219 0.1913 0.1410 0.1990 0.4688 0.4671 0.2684 0.1680 0.1403 0.3062 0.5019 0.3956 0.2267 0.1520 0.1503 0.3973 0.5094 0.3325 0.1970 0.1426 0.1789 0.4526 0.4887 0.2905 0.1791 0.1396 0.2298 0.4781 0.4597 0.2682 0.1702 0.1396 0.2689 0.4917
0.2638 0.1395 0.1726 0.2736 0.4668 0.4739 0.2202 0.1397 0.1806 0.2932 0.4904 0.4516 0.1789 0.1424 0.1960 0.3296 0.5089 0.4028 0.1517 0.1509 0.2233 0.3885 0.5039 0.3176 0.1408 0.1659 0.2631 0.4596 0.4738 0.2094 0.1404 0.1883 0.3152 0.5059 0.4163 0.1552 0.1491 0.2188 0.3799 0.5058 0.3294 0.1415 0.1635 0.2566 0.4479 0.4819 0.2358 0.1391 0.1763 0.2749 0.3850 0.2749 0.1763 0.1391 0.2358 0.4819 0.4479 0.2566 0.1635 0.1415 0.3294 0.5058 0.3799 0.2188 0.1491 0.1552 0.4163 0.5059 0.3152 0.1883 0.1404 0.2094 0.4738 0.4596 0.2631 0.1659 0.1408 0.3176 0.5039 0.3885 0.2233 0.1509 0.1517 0.4028 0.5089 0.3296 0.1960 0.1424 0.1789 0.4516 0.4904 0.2932 0.1806 0.1397 0.2202 0.4739 0.4668 0.2736 0.1726 0.1395 0.2638
0.1511 0.1751 0.2793 0.4740 0.4690 0.2097 0.1400 0.1828 0.2973 0.4932 0.4488 0.1770 0.1426 0.1960 0.3287 0.5086 0.4062 0.1529 0.1500 0.2206 0.3824 0.5054 0.3276 0.1414 0.1640 0.2582 0.4519 0.4785 0.2206 0.1400 0.1854 0.3087 0.5034 0.4243 0.1581 0.1478 0.2148 0.3719 0.5074 0.3407 0.1423 0.1617 0.2523 0.4414 0.4848 0.2426 0.1392 0.1768 0.2832 0.4702 0.5030 0.4702 0.2832 0.1768 0.1392 0.2426 0.4848 0.4414 0.2523 0.1617 0.1423 0.3407 0.5074 0.3719 0.2148 0.1478 0.1581 0.4243 0.5034 0.3087 0.1854 0.1400 0.2206 0.4785 0.4519 0.2582 0.1640 0.1414 0.3276 0.5054 0.3824 0.2206 0.1500 0.1529 0.4062 0.5086 0.3287 0.1960 0.1426 0.1770 0.4488 0.4932 0.2973 0.1828 0.1400 0.2097 0.4690 0.4740 0.2793 0.1751 0.1511
0.1839 0.2853 0.4808 0.4636 0.1994 0.1404 0.1853 0.3026 0.4967 0.4444 0.1736 0.1429 0.1970 0.3296 0.5086 0.4073 0.1535 0.1495 0.2187 0.3778 0.5066 0.3361 0.1421 0.1623 0.2538 0.4446 0.4826 0.2322 0.1397 0.1826 0.3024 0.5002 0.4318 0.1615 0.1465 0.2110 0.3641 0.5086 0.3518 0.1433 0.1599 0.2478 0.4343 0.4880 0.2514 0.1392 0.1761 0.2839 0.4789 0.4697 0.3426 0.4697 0.4789 0.2839 0.1761 0.1392 0.2514 0.4880 0.4343 0.2478 0.1599 0.1433 0.3518 0.5086 0.3641 0.2110 0.1465 0.1615 0.4318 0.5002 0.3024 0.1826 0.1397 0.2322 0.4826 0.4446 0.2538 0.1623 0.1421 0.3361 0.5066 0.3778 0.2187 0.1495 0.1535 0.4073 0.5086 0.3296 0.1970 0.1429 0.1736 0.4444 0.4967 0.3026 0.1853 0.1404 0.1994 0.4636 0.4808 0.2853 0.1839
0.2904 0.4871 0.4576 0.1899 0.1410 0.1882 0.3085 0.5002 0.4387 0.1696 0.1436 0.1987 0.3325 0.5089 0.4062 0.1535 0.1493 0.2177 0.3749 0.5073 0.3425 0.1426 0.1609 0.2500 0.4378 0.4862 0.2434 0.1395 0.1800 0.2963 0.4963 0.4391 0.1655 0.1454 0.2074 0.3564 0.5094 0.3625 0.1444 0.1581 0.2433 0.4266 0.4911 0.2616 0.1393 0.1749 0.2821 0.4794 0.4643 0.2146 0.1394 0.2146 0.4643 0.4794 0.2821 0.1749 0.1393 0.2616 0.4911 0.4266 0.2433 0.1581 0.1444 0.3625 0.5094 0.3564 0.2074 0.1454 0.1655 0.4391 0.4963 0.2963 0.1800 0.1395 0.2434 0.4862 0.4378 0.2500 0.1609 0.1426 0.3425 0.5073 0.3749 0.2177 0.1493 0.1535 0.4062 0.5089 0.3325 0.1987 0.1436 0.1696 0.4387 0.5002 0.3085 0.1882 0.1410 0.1899 0.4576 0.4871 0.2904
0.4869 0.4514 0.1817 0.1417 0.1912 0.3150 0.5033 0.4320 0.1655 0.1444 0.2011 0.3369 0.5094 0.4028 0.1529 0.1495 0.2177 0.3739 0.5076 0.3465 0.1431 0.1598 0.2469 0.4319 0.4891 0.2538 0.1394 0.1776 0.2907 0.4918 0.4458 0.1702 0.1443 0.2039 0.3490 0.5099 0.3727 0.1457 0.1564 0.2388 0.4187 0.4942 0.2727 0.1394 0.1732 0.2791 0.4774 0.4642 0.2006 0.1382 0.1541 0.1382 0.2006 0.4642 0.4774 0.2791 0.1732 0.1394 0.2727 0.4942 0.4187 0.2388 0.1564 0.1457 0.3727 0.5099 0.3490 0.2039 0.1443 0.1702 0.4458 0.4918 0.2907 0.1776 0.1394 0.2538 0.4891 0.4319 0.2469 0.1598 0.1431 0.3465 0.5076 0.3739 0.2177 0.1495 0.1529 0.4028 0.5094 0.3369 0.2011 0.1444 0.1655 0.4320 0.5033 0.3150 0.1912 0.1417 0.1817 0.4514 0.4869
0.4480 0.1748 0.1425 0.1944 0.3218 0.5058 0.4246 0.1616 0.1454 0.2041 0.3426 0.5098 0.3973 0.1517 0.1500 0.2187 0.3749 0.5076 0.3478 0.1434 0.1592 0.2448 0.4275 0.4913 0.2626 0.1394 0.1756 0.2857 0.4870 0.4518 0.1756 0.1433 0.2006 0.3418 0.5100 0.3823 0.1472 0.1547 0.2345 0.4106 0.4971 0.2843 0.1396 0.1714 0.2753 0.4738 0.4661 0.2003 0.1398 0.1790 0.2338 0.1790 0.1398 0.2003 0.4661 0.4738 0.2753 0.1714 0.1396 0.2843 0.4971 0.4106 0.2345 0.1547 0.1472 0.3823 0.5100 0.3418 0.2006 0.1433 0.1756 0.4518 0.4870 0.2857 0.1756 0.1394 0.2626 0.4913 0.4275 0.2448 0.1592 0.1434 0.3478 0.5076 0.3749 0.2187 0.1500 0.1517 0.3973 0.5098 0.3426 0.2041 0.1454 0.1616 0.4246 0.5058 0.3218 0.1944 0.1425 0.1748 0.4480
0.1803 0.1435 0.1978 0.3288 0.5077 0.4165 0.1582 0.1465 0.2074 0.3492 0.5100 0.3902 0.1503 0.1509 0.2206 0.3778 0.5073 0.3465 0.1434 0.1590 0.2437 0.4246 0.4928 0.2694 0.1395 0.1739 0.2814 0.4822 0.4570 0.1815 0.1425 0.1974 0.3350 0.5097 0.3915 0.1489 0.1532 0.2302 0.4026 0.4998 0.2961 0.1399 0.1694 0.2710 0.4690 0.4690 0.2039 0.1400 0.1841 0.2926 0.4107 0.2926 0.1841 0.1400 0.2039 0.4690 0.4690 0.2710 0.1694 0.1399 0.2961 0.4998 0.4026 0.2302 0.1532 0.1489 0.3915 0.5097 0.3350 0.1974 0.1425 0.1815 0.4570 0.4822 0.2814 0.1739 0.1395 0.2694 0.4928 0.4246 0.2437 0.1590 0.1434 0.3465 0.5073 0.3778 0.2206 0.1509 0.1503 0.3902 0.5100 0.3492 0.2074 0.1465 0.1582 0.4165 0.5077 0.3288 0.1978 0.1435 0.1803
0.1547 0.2012 0.3360 0.5090 0.4079 0.1552 0.1477 0.2110 0.3565 0.5099 0.3818 0.1487 0.1520 0.2233 0.3824 0.5066 0.3425 0.1431 0.1592 0.2437 0.4236 0.4936 0.2737 0.1396 0.1726 0.2780 0.4779 0.4612 0.1877 0.1418 0.1946 0.3286 0.5090 0.4001 0.1508 0.1517 0.2261 0.3945 0.5022 0.3079 0.1404 0.1674 0.2664 0.4632 0.4725 0.2098 0.1400 0.1844 0.3007 0.4888 0.4963 0.4888 0.3007 0.1844 0.1400 0.2098 0.4725 0.4632 0.2664 0.1674 0.1404 0.3079 0.5022 0.3945 0.2261 0.1517 0.1508 0.4001 0.5090 0.3286 0.1946 0.1418 0.1877 0.4612 0.4779 0.2780 0.1726 0.1396 0.2737 0.4936 0.4236 0.2437 0.1592 0.1431 0.3425 0.5066 0.3824 0.2233 0.1520 0.1487 0.3818 0.5099 0.3565 0.2110 0.1477 0.1552 0.4079 0.5090 0.3360 0.2012 0.1547
0.2090 0.3435 0.5098 0.3989 0.1526 0.1491 0.2148 0.3641 0.5094 0.3723 0.1471 0.1533 0.2267 0.3885 0.5054 0.3361 0.1426 0.1598 0.2448 0.4246 0.4936 0.2752 0.1396 0.1718 0.2756 0.4745 0.4645 0.1934 0.1413 0.1922 0.3230 0.5079 0.4079 0.1528 0.1503 0.2222 0.3867 0.5042 0.3195 0.1409 0.1654 0.2617 0.4567 0.4763 0.2176 0.1398 0.1836 0.3009 0.4949 0.4534 0.3073 0.4534 0.4949 0.3009 0.1836 0.1398 0.2176 0.4763 0.4567 0.2617 0.1654 0.1409 0.3195 0.5042 0.3867 0.2222 0.1503 0.1528 0.4079 0.5079 0.3230 0.1922 0.1413 0.1934 0.4645 0.4745 0.2756 0.1718 0.1396 0.2752 0.4936 0.4246 0.2448 0.1598 0.1426 0.3361 0.5054 0.3885 0.2267 0.1533 0.1471 0.3723 0.5094 0.3641 0.2148 0.1491 0.1526 0.3989 0.5098 0.3435 0.2090
0.3471 0.5102 0.3895 0.1504 0.1505 0.2188 0.3720 0.5086 0.3621 0.1457 0.1548 0.2306 0.3956 0.5039 0.3276 0.1421 0.1609 0.2469 0.4275 0.4928 0.2737 0.1396 0.1716 0.2744 0.4722 0.4668 0.1982 0.1409 0.1902 0.3182 0.5065 0.4148 0.1550 0.1491 0.2186 0.3792 0.5060 0.3307 0.1416 0.1635 0.2570 0.4496 0.4801 0.2268 0.1396 0.1821 0.2988 0.4952 0.4469 0.1849 0.1371 0.1849 0.4469 0.4952 0.2988 0.1821 0.1396 0.2268 0.4801 0.4496 0.2570 0.1635 0.1416 0.3307 0.5060 0.3792 0.2186 0.1491 0.1550 0.4148 0.5065 0.3182 0.1902 0.1409 0.1982 0.4668 0.4722 0.2744 0.1716 0.1396 0.2737 0.4928 0.4275 0.2469 0.1609 0.1421 0.3276 0.5039 0.3956 0.2306 0.1548 0.1457 0.3621 0.5086 0.3720 0.2188 0.1505 0.1504 0.3895 0.5102 0.3471
0.5087 0.3796 0.1484 0.1520 0.2229 0.3802 0.5073 0.3513 0.1444 0.1565 0.2349 0.4034 0.5019 0.3176 0.1414 0.1623 0.2500 0.4319 0.4913 0.2694 0.1396 0.1718 0.2744 0.4715 0.4680 0.2014 0.1407 0.1887 0.3144 0.5051 0.4205 0.1571 0.1481 0.2153 0.3723 0.5074 0.3411 0.1424 0.1616 0.2524 0.4422 0.4839 0.2371 0.1395 0.1803 0.2955 0.4936 0.4470 0.1764 0.1398 0.1598 0.1398 0.1764 0.4470 0.4936 0.2955 0.1803 0.1395 0.2371 0.4839 0.4422 0.2524 0.1616 0.1424 0.3411 0.5074 0.3723 0.2153 0.1481 0.1571 0.4205 0.5051 0.3144 0.1887 0.1407 0.2014 0.4680 0.4715 0.2744 0.1718 0.1396 0.2694 0.4913 0.4319 0.2500 0.1623 0.1414 0.3176 0.5019 0.4034 0.2349 0.1565 0.1444 0.3513 0.5073 0.3802 0.2229 0.1520 0.1484 0.3796 0.5087
0.3745 0.1467 0.1536 0.2272 0.3885 0.5057 0.3399 0.1432 0.1583 0.2393 0.4116 0.4995 0.3062 0.1408 0.1640 0.2538 0.4378 0.4891 0.2626 0.1395 0.1726 0.2756 0.4722 0.4680 0.2025 0.1406 0.1878 0.3117 0.5039 0.4249 0.1591 0.1472 0.2124 0.3660 0.5084 0.3507 0.1432 0.1599 0.2479 0.4347 0.4875 0.2482 0.1394 0.1783 0.2914 0.4909 0.4494 0.1767 0.1418 0.1877 0.2488 0.1877 0.1418 0.1767 0.4494 0.4909 0.2914 0.1783 0.1394 0.2482 0.4875 0.4347 0.2479 0.1599 0.1432 0.3507 0.5084 0.3660 0.2124 0.1472 0.1591 0.4249 0.5039 0.3117 0.1878 0.1406 0.2025 0.4680 0.4722 0.2756 0.1726 0.1395 0.2626 0.4891 0.4378 0.2538 0.1640 0.1408 0.3062 0.4995 0.4116 0.2393 0.1583 0.1432 0.3399 0.5057 0.3885 0.2272 0.1536 0.1467 0.3745
0.1571 0.1553 0.2316 0.3970 0.5037 0.3280 0.1422 0.1601 0.2440 0.4200 0.4967 0.2940 0.1403 0.1659 0.2582 0.4446 0.4862 0.2538 0.1394 0.1739 0.2780 0.4745 0.4668 0.2014 0.1406 0.1875 0.3104 0.5030 0.4280 0.1607 0.1465 0.2101 0.3607 0.5091 0.3592 0.1442 0.1584 0.2438 0.4274 0.4908 0.2595 0.1394 0.1762 0.2869 0.4873 0.4529 0.1792 0.1420 0.1930 0.3121 0.4369 0.3121 0.1930 0.1420 0.1792 0.4529 0.4873 0.2869 0.1762 0.1394 0.2595 0.4908 0.4274 0.2438 0.1584 0.1442 0.3592 0.5091 0.3607 0.2101 0.1465 0.1607 0.4280 0.5030 0.3104 0.1875 0.1406 0.2014 0.4668 0.4745 0.2780 0.1739 0.1394 0.2538 0.4862 0.4446 0.2582 0.1659 0.1403 0.2940 0.4967 0.4200 0.2440 0.1601 0.1422 0.3280 0.5037 0.3970 0.2316 0.1553 0.1571
0.1653 0.2362 0.4056 0.5014 0.3157 0.1414 0.1621 0.2489 0.4284 0.4935 0.2814 0.1399 0.1680 0.2631 0.4519 0.4826 0.2434 0.1394 0.1756 0.2814 0.4779 0.4645 0.1982 0.1407 0.1878 0.3104 0.5027 0.4296 0.1619 0.1460 0.2084 0.3566 0.5096 0.3663 0.1451 0.1570 0.2401 0.4204 0.4937 0.2705 0.1395 0.1742 0.2823 0.4829 0.4570 0.1832 0.1418 0.1932 0.3200 0.5013 0.4867 0.5013 0.3200 0.1932 0.1418 0.1832 0.4570 0.4829 0.2823 0.1742 0.1395 0.2705 0.4937 0.4204 0.2401 0.1570 0.1451 0.3663 0.5096 0.3566 0.2084 0.1460 0.1619 0.4296 0.5027 0.3104 0.1878 0.1407 0.1982 0.4645 0.4779 0.2814 0.1756 0.1394 0.2434 0.4826 0.4519 0.2631 0.1680 0.1399 0.2814 0.4935 0.4284 0.2489 0.1621 0.1414 0.3157 0.5014 0.4056 0.2362 0.1653
0.2428 0.4143 0.4987 0.3031 0.1407 0.1642 0.2539 0.4369 0.4901 0.2686 0.1396 0.1703 0.2684 0.4596 0.4785 0.2322 0.1395 0.1776 0.2857 0.4822 0.4612 0.1934 0.1409 0.1887 0.3117 0.5030 0.4296 0.1623 0.1458 0.2073 0.3537 0.5098 0.3719 0.1459 0.1559 0.2368 0.4141 0.4962 0.2809 0.1396 0.1721 0.2776 0.4778 0.4614 0.1885 0.1414 0.1922 0.3199 0.5050 0.4334 0.2683 0.4334 0.5050 0.3199 0.1922 0.1414 0.1885 0.4614 0.4778 0.2776 0.1721 0.1396 0.2809 0.4962 0.4141 0.2368 0.1559 0.1459 0.3719 0.5098 0.3537 0.2073 0.1458 0.1623 0.4296 0.5030 0.3117 0.1887 0.1409 0.1934 0.4612 0.4822 0.2857 0.1776 0.1395 0.2322 0.4785 0.4596 0.2684 0.1703 0.1396 0.2686 0.4901 0.4369 0.2539 0.1642 0.1407 0.3031 0.4987 0.4143 0.2428
0.4161 0.4958 0.2903 0.1402 0.1664 0.2591 0.4454 0.4862 0.2556 0.1394 0.1726 0.2738 0.4671 0.4738 0.2206 0.1397 0.1800 0.2907 0.4870 0.4570 0.1877 0.1413 0.1902 0.3144 0.5039 0.4280 0.1619 0.1458 0.2070 0.3522 0.5099 0.3757 0.1466 0.1550 0.2341 0.4085 0.4982 0.2903 0.1398 0.1703 0.2732 0.4724 0.4656 0.1951 0.1410 0.1906 0.3175 0.5051 0.4254 0.1656 0.1364 0.1656 0.4254 0.5051 0.3175 0.1906 0.1410 0.1951 0.4656 0.4724 0.2732 0.1703 0.1398 0.2903 0.4982 0.4085 0.2341 0.1550 0.1466 0.3757 0.5099 0.3522 0.2070 0.1458 0.1619 0.4280 0.5039 0.3144 0.1902 0.1413 0.1877 0.4570 0.4870 0.2907 0.1800 0.1397 0.2206 0.4738 0.4671 0.2738 0.1726 0.1394 0.2556 0.4862 0.4454 0.2591 0.1664 0.1402 0.2903 0.4958 0.4161
0.4938 0.2773 0.1398 0.1686 0.2645 0.4536 0.4819 0.2426 0.1394 0.1751 0.2794 0.4742 0.4688 0.2094 0.1400 0.1826 0.2963 0.4918 0.4518 0.1815 0.1418 0.1922 0.3182 0.5051 0.4249 0.1607 0.1460 0.2073 0.3522 0.5100 0.3776 0.1470 0.1544 0.2322 0.4041 0.4999 0.2986 0.1401 0.1686 0.2690 0.4669 0.4697 0.2025 0.1406 0.1887 0.3141 0.5043 0.4257 0.1614 0.1425 0.1664 0.1425 0.1614 0.4257 0.5043 0.3141 0.1887 0.1406 0.2025 0.4697 0.4669 0.2690 0.1686 0.1401 0.2986 0.4999 0.4041 0.2322 0.1544 0.1470 0.3776 0.5100 0.3522 0.2073 0.1460 0.1607 0.4249 0.5051 0.3182 0.1922 0.1418 0.1815 0.4518 0.4918 0.2963 0.1826 0.1400 0.2094 0.4688 0.4742 0.2794 0.1751 0.1394 0.2426 0.4819 0.4536 0.2645 0.1686 0.1398 0.2773 0.4938
0.2720 0.1395 0.1710 0.2699 0.4616 0.4774 0.2299 0.1395 0.1777 0.2853 0.4809 0.4634 0.1990 0.1404 0.1854 0.3024 0.4963 0.4458 0.1756 0.1425 0.1946 0.3230 0.5065 0.4205 0.1591 0.1465 0.2084 0.3537 0.5099 0.3776 0.1472 0.1540 0.2310 0.4011 0.5010 0.3050 0.1404 0.1672 0.2653 0.4615 0.4734 0.2102 0.1403 0.1868 0.3102 0.5030 0.4284 0.1618 0.1449 0.1978 0.2656 0.1978 0.1449 0.1618 0.4284 0.5030 0.3102 0.1868 0.1403 0.2102 0.4734 0.4615 0.2653 0.1672 0.1404 0.3050 0.5010 0.4011 0.2310 0.1540 0.1472 0.3776 0.5099 0.3537 0.2084 0.1465 0.1591 0.4205 0.5065 0.3230 0.1946 0.1425 0.1756 0.4458 0.4963 0.3024 0.1854 0.1404 0.1990 0.4634 0.4809 0.2853 0.1777 0.1395 0.2299 0.4774 0.4616 0.2699 0.1710 0.1395 0.2720
0.1511 0.1735 0.2756 0.4693 0.4725 0.2177 0.1397 0.1804 0.2914 0.4871 0.4576 0.1897 0.1410 0.1883 0.3087 0.5002 0.4391 0.1702 0.1433 0.1974 0.3286 0.5079 0.4148 0.1571 0.1472 0.2101 0.3566 0.5098 0.3757 0.1470 0.1540 0.2305 0.3996 0.5016 0.3092 0.1406 0.1661 0.2624 0.4567 0.4766 0.2180 0.1400 0.1848 0.3060 0.5012 0.4321 0.1632 0.1450 0.2033 0.3340 0.4625 0.3340 0.2033 0.1450 0.1632 0.4321 0.5012 0.3060 0.1848 0.1400 0.2180 0.4766 0.4567 0.2624 0.1661 0.1406 0.3092 0.5016 0.3996 0.2305 0.1540 0.1470 0.3757 0.5098 0.3566 0.2101 0.1472 0.1571 0.4148 0.5079 0.3286 0.1974 0.1433 0.1702 0.4391 0.5002 0.3087 0.1883 0.1410 0.1897 0.4576 0.4871 0.2914 0.1804 0.1397 0.2177 0.4725 0.4693 0.2756 0.1735 0.1511
0.1823 0.2815 0.4765 0.4672 0.2063 0.1401 0.1833 0.2976 0.4926 0.4512 0.1816 0.1417 0.1913 0.3152 0.5034 0.4318 0.1655 0.1443 0.2006 0.3350 0.5090 0.4079 0.1550 0.1481 0.2124 0.3607 0.5096 0.3719 0.1466 0.1544 0.2310 0.3996 0.5019 0.3114 0.1407 0.1654 0.2602 0.4528 0.4791 0.2251 0.1398 0.1830 0.3020 0.4990 0.4362 0.1652 0.1448 0.2035 0.3419 0.5075 0.4736 0.5075 0.3419 0.2035 0.1448 0.1652 0.4362 0.4990 0.3020 0.1830 0.1398 0.2251 0.4791 0.4528 0.2602 0.1654 0.1407 0.3114 0.5019 0.3996 0.2310 0.1544 0.1466 0.3719 0.5096 0.3607 0.2124 0.1481 0.1550 0.4079 0.5090 0.3350 0.2006 0.1443 0.1655 0.4318 0.5034 0.3152 0.1913 0.1417 0.1816 0.4512 0.4926 0.2976 0.1833 0.1401 0.2063 0.4672 0.4765 0.2815 0.1823
0.2867 0.4832 0.4615 0.1959 0.1406 0.1862 0.3040 0.4972 0.4445 0.1748 0.1425 0.1945 0.3219 0.5059 0.4243 0.1615 0.1454 0.2039 0.3418 0.5097 0.4001 0.1528 0.1491 0.2153 0.3660 0.5091 0.3663 0.1459 0.1550 0.2322 0.4011 0.5016 0.3114 0.1408 0.1650 0.2589 0.4502 0.4809 0.2309 0.1396 0.1815 0.2984 0.4966 0.4403 0.1676 0.1443 0.2026 0.3420 0.5093 0.4084 0.2270 0.4084 0.5093 0.3420 0.2026 0.1443 0.1676 0.4403 0.4966 0.2984 0.1815 0.1396 0.2309 0.4809 0.4502 0.2589 0.1650 0.1408 0.3114 0.5016 0.4011 0.2322 0.1550 0.1459 0.3663 0.5091 0.3660 0.2153 0.1491 0.1528 0.4001 0.5097 0.3418 0.2039 0.1454 0.1615 0.4243 0.5059 0.3219 0.1945 0.1425 0.1748 0.4445 0.4972 0.3040 0.1862 0.1406 0.1959 0.4615 0.4832 0.2867
0.4831 0.4555 0.1868 0.1412 0.1892 0.3106 0.5011 0.4373 0.1691 0.1435 0.1978 0.3289 0.5078 0.4163 0.1581 0.1465 0.2074 0.3490 0.5100 0.3915 0.1508 0.1503 0.2186 0.3723 0.5084 0.3592 0.1451 0.1559 0.2341 0.4041 0.5010 0.3092 0.1407 0.1650 0.2585 0.4489 0.4820 0.2348 0.1396 0.1802 0.2952 0.4942 0.4441 0.1703 0.1439 0.2012 0.3401 0.5095 0.3983 0.1539 0.1368 0.1539 0.3983 0.5095 0.3401 0.2012 0.1439 0.1703 0.4441 0.4942 0.2952 0.1802 0.1396 0.2348 0.4820 0.4489 0.2585 0.1650 0.1407 0.3092 0.5010 0.4041 0.2341 0.1559 0.1451 0.3592 0.5084 0.3723 0.2186 0.1503 0.1508 0.3915 0.5100 0.3490 0.2074 0.1465 0.1581 0.4163 0.5078 0.3289 0.1978 0.1435 0.1691 0.4373 0.5011 0.3106 0.1892 0.1412 0.1868 0.4555 0.4831
0.4522 0.1791 0.1419 0.1923 0.3173 0.5042 0.4298 0.1644 0.1445 0.2012 0.3361 0.5090 0.4079 0.1552 0.1478 0.2110 0.3564 0.5099 0.3823 0.1489 0.1517 0.2222 0.3792 0.5074 0.3507 0.1442 0.1570 0.2368 0.4085 0.4999 0.3050 0.1406 0.1654 0.2589 0.4489 0.4823 0.2368 0.1395 0.1794 0.2929 0.4921 0.4472 0.1730 0.1434 0.1998 0.3374 0.5095 0.3980 0.1517 0.1463 0.1746 0.1463 0.1517 0.3980 0.5095 0.3374 0.1998 0.1434 0.1730 0.4472 0.4921 0.2929 0.1794 0.1395 0.2368 0.4823 0.4489 0.2589 0.1654 0.1406 0.3050 0.4999 0.4085 0.2368 0.1570 0.1442 0.3507 0.5074 0.3792 0.2222 0.1517 0.1489 0.3823 0.5099 0.3564 0.2110 0.1478 0.1552 0.4079 0.5090 0.3361 0.2012 0.1445 0.1644 0.4298 0.5042 0.3173 0.1923 0.1419 0.1791 0.4522
0.1837 0.1428 0.1956 0.3242 0.5066 0.4219 0.1605 0.1457 0.2048 0.3434 0.5098 0.3990 0.1526 0.1491 0.2148 0.3641 0.5094 0.3727 0.1472 0.1532 0.2261 0.3867 0.5060 0.3411 0.1432 0.1584 0.2401 0.4141 0.4982 0.2986 0.1404 0.1661 0.2602 0.4502 0.4820 0.2368 0.1395 0.1790 0.2915 0.4906 0.4496 0.1754 0.1430 0.1984 0.3346 0.5093 0.3999 0.1518 0.1491 0.2101 0.2858 0.2101 0.1491 0.1518 0.3999 0.5093 0.3346 0.1984 0.1430 0.1754 0.4496 0.4906 0.2915 0.1790 0.1395 0.2368 0.4820 0.4502 0.2602 0.1661 0.1404 0.2986 0.4982 0.4141 0.2401 0.1584 0.1432 0.3411 0.5060 0.3867 0.2261 0.1532 0.1472 0.3727 0.5094 0.3641 0.2148 0.1491 0.1526 0.3990 0.5098 0.3434 0.2048 0.1457 0.1605 0.4219 0.5066 0.3242 0.1956 0.1428 0.1837
0.1541 0.1989 0.3312 0.5082 0.4137 0.1572 0.1469 0.2084 0.3509 0.5100 0.3896 0.1504 0.1505 0.2188 0.3719 0.5086 0.3625 0.1457 0.1547 0.2302 0.3945 0.5042 0.3307 0.1424 0.1599 0.2438 0.4204 0.4962 0.2903 0.1401 0.1672 0.2624 0.4528 0.4809 0.2348 0.1395 0.1790 0.2911 0.4898 0.4510 0.1772 0.1427 0.1972 0.3321 0.5090 0.4025 0.1523 0.1495 0.2163 0.3603 0.4860 0.3603 0.2163 0.1495 0.1523 0.4025 0.5090 0.3321 0.1972 0.1427 0.1772 0.4510 0.4898 0.2911 0.1790 0.1395 0.2348 0.4809 0.4528 0.2624 0.1672 0.1401 0.2903 0.4962 0.4204 0.2438 0.1599 0.1424 0.3307 0.5042 0.3945 0.2302 0.1547 0.1457 0.3625 0.5086 0.3719 0.2188 0.1505 0.1504 0.3896 0.5100 0.3509 0.2084 0.1469 0.1572 0.4137 0.5082 0.3312 0.1989 0.1541
0.2067 0.3385 0.5093 0.4050 0.1543 0.1482 0.2121 0.3585 0.5098 0.3800 0.1485 0.1520 0.2228 0.3799 0.5074 0.3518 0.1444 0.1564 0.2345 0.4026 0.5022 0.3195 0.1416 0.1616 0.2479 0.4274 0.4937 0.2809 0.1398 0.1686 0.2653 0.4567 0.4791 0.2309 0.1396 0.1794 0.2915 0.4898 0.4515 0.1781 0.1425 0.1964 0.3301 0.5087 0.4051 0.1529 0.1494 0.2170 0.3692 0.5080 0.4550 0.5080 0.3692 0.2170 0.1494 0.1529 0.4051 0.5087 0.3301 0.1964 0.1425 0.1781 0.4515 0.4898 0.2915 0.1794 0.1396 0.2309 0.4791 0.4567 0.2653 0.1686 0.1398 0.2809 0.4937 0.4274 0.2479 0.1616 0.1416 0.3195 0.5022 0.4026 0.2345 0.1564 0.1444 0.3518 0.5074 0.3799 0.2228 0.1520 0.1485 0.3800 0.5098 0.3585 0.2121 0.1482 0.1543 0.4050 0.5093 0.3385 0.2067
0.3421 0.5100 0.3961 0.1519 0.1495 0.2159 0.3662 0.5092 0.3700 0.1468 0.1535 0.2269 0.3879 0.5058 0.3407 0.1433 0.1581 0.2388 0.4106 0.4998 0.3079 0.1409 0.1635 0.2524 0.4347 0.4908 0.2705 0.1396 0.1703 0.2690 0.4615 0.4766 0.2251 0.1396 0.1802 0.2929 0.4906 0.4510 0.1781 0.1425 0.1960 0.3288 0.5085 0.4071 0.1535 0.1491 0.2167 0.3705 0.5082 0.3746 0.1867 0.3746 0.5082 0.3705 0.2167 0.1491 0.1535 0.4071 0.5085 0.3288 0.1960 0.1425 0.1781 0.4510 0.4906 0.2929 0.1802 0.1396 0.2251 0.4766 0.4615 0.2690 0.1703 0.1396 0.2705 0.4908 0.4347 0.2524 0.1635 0.1409 0.3079 0.4998 0.4106 0.2388 0.1581 0.1433 0.3407 0.5058 0.3879 0.2269 0.1535 0.1468 0.3700 0.5092 0.3662 0.2159 0.1495 0.1519 0.3961 0.5100 0.3421
0.5086 0.3869 0.1498 0.1509 0.2198 0.3740 0.5083 0.3597 0.1453 0.1551 0.2311 0.3960 0.5039 0.3294 0.1423 0.1599 0.2433 0.4187 0.4971 0.2961 0.1404 0.1654 0.2570 0.4422 0.4875 0.2593 0.1395 0.1721 0.2732 0.4669 0.4734 0.2180 0.1398 0.1815 0.2952 0.4921 0.4496 0.1772 0.1425 0.1960 0.3284 0.5083 0.4085 0.1540 0.1489 0.2162 0.3702 0.5083 0.3606 0.1458 0.1387 0.1458 0.3606 0.5083 0.3702 0.2162 0.1489 0.1540 0.4085 0.5083 0.3284 0.1960 0.1425 0.1772 0.4496 0.4921 0.2952 0.1815 0.1398 0.2180 0.4734 0.4669 0.2732 0.1721 0.1395 0.2595 0.4875 0.4422 0.2570 0.1654 0.1404 0.2961 0.4971 0.4187 0.2433 0.1599 0.1423 0.3294 0.5039 0.3960 0.2311 0.1551 0.1453 0.3597 0.5083 0.3740 0.2198 0.1509 0.1498 0.3869 0.5086
0.3825 0.1480 0.1523 0.2237 0.3817 0.5070 0.3492 0.1441 0.1567 0.2353 0.4040 0.5018 0.3180 0.1415 0.1617 0.2478 0.4266 0.4942 0.2843 0.1399 0.1674 0.2617 0.4496 0.4839 0.2481 0.1394 0.1742 0.2776 0.4724 0.4697 0.2102 0.1400 0.1830 0.2984 0.4942 0.4472 0.1754 0.1427 0.1964 0.3288 0.5083 0.4090 0.1542 0.1488 0.2158 0.3696 0.5083 0.3582 0.1447 0.1518 0.1856 0.1518 0.1447 0.3582 0.5084 0.3695 0.2158 0.1488 0.1542 0.4090 0.5083 0.3288 0.1964 0.1427 0.1754 0.4472 0.4942 0.2984 0.1830 0.1400 0.2102 0.4697 0.4724 0.2776 0.1742 0.1394 0.2482 0.4839 0.4496 0.2617 0.1674 0.1399 0.2843 0.4942 0.4266 0.2478 0.1617 0.1415 0.3180 0.5018 0.4040 0.2353 0.1567 0.1441 0.3492 0.5070 0.3817 0.2237 0.1523 0.1480 0.3826
0.1583 0.1537 0.2276 0.3893 0.5055 0.3388 0.1431 0.1583 0.2395 0.4117 0.4994 0.3067 0.1408 0.1635 0.2523 0.4343 0.4911 0.2727 0.1396 0.1694 0.2664 0.4567 0.4801 0.2370 0.1394 0.1763 0.2823 0.4779 0.4656 0.2025 0.1403 0.1848 0.3020 0.4966 0.4440 0.1729 0.1430 0.1972 0.3301 0.5085 0.4085 0.1542 0.1487 0.2156 0.3690 0.5084 0.3578 0.1445 0.1554 0.2265 0.3119 0.2264 0.1554 0.1446 0.3579 0.5084 0.3690 0.2155 0.1487 0.1542 0.4085 0.5085 0.3301 0.1972 0.1430 0.1730 0.4441 0.4966 0.3020 0.1848 0.1403 0.2025 0.4656 0.4778 0.2823 0.1762 0.1394 0.2371 0.4801 0.4567 0.2664 0.1694 0.1396 0.2727 0.4911 0.4343 0.2523 0.1635 0.1408 0.3068 0.4995 0.4117 0.2395 0.1583 0.1431 0.3388 0.5055 0.3893 0.2276 0.1537 0.1584
0.1636 0.2314 0.3966 0.5037 0.3285 0.1422 0.1599 0.2435 0.4190 0.4970 0.2959 0.1403 0.1653 0.2567 0.4415 0.4879 0.2615 0.1394 0.1714 0.2710 0.4633 0.4762 0.2266 0.1395 0.1784 0.2870 0.4830 0.4613 0.1951 0.1406 0.1868 0.3061 0.4990 0.4403 0.1702 0.1434 0.1984 0.3321 0.5087 0.4071 0.1540 0.1488 0.2156 0.3688 0.5085 0.3580 0.1445 0.1561 0.2338 0.3934 0.5024 0.3933 0.2337 0.1561 0.1445 0.3580 0.5085 0.3688 0.2155 0.1488 0.1540 0.4071 0.5087 0.3321 0.1984 0.1434 0.1703 0.4403 0.4990 0.3060 0.1868 0.1406 0.1951 0.4614 0.4829 0.2869 0.1783 0.1395 0.2268 0.4763 0.4632 0.2710 0.1714 0.1394 0.2616 0.4880 0.4414 0.2566 0.1653 0.1403 0.2960 0.4970 0.4189 0.2435 0.1599 0.1422 0.3287 0.5038 0.3965 0.2314 0.1636
0.2372 0.4035 0.5019 0.3188 0.1415 0.1615 0.2473 0.4258 0.4945 0.2857 0.1399 0.1670 0.2608 0.4481 0.4847 0.2512 0.1393 0.1733 0.2754 0.4692 0.4724 0.2173 0.1396 0.1804 0.2916 0.4874 0.4568 0.1884 0.1410 0.1888 0.3102 0.5012 0.4361 0.1676 0.1439 0.1998 0.3347 0.5090 0.4050 0.1535 0.1489 0.2159 0.3691 0.5085 0.3580 0.1445 0.1563 0.2353 0.4040 0.5023 0.4274 0.5023 0.4039 0.2352 0.1563 0.1445 0.3581 0.5085 0.3690 0.2158 0.1489 0.1535 0.4051 0.5090 0.3346 0.1998 0.1439 0.1676 0.4362 0.5012 0.3102 0.1887 0.1410 0.1885 0.4570 0.4873 0.2914 0.1803 0.1396 0.2176 0.4725 0.4690 0.2753 0.1732 0.1393 0.2514 0.4848 0.4479 0.2606 0.1669 0.1399 0.2860 0.4946 0.4256 0.2472 0.1614 0.1415 0.3191 0.5019 0.4032 0.2371
0.4030 0.5002 0.3101 0.1409 0.1628 0.2507 0.4317 0.4921 0.2765 0.1396 0.1685 0.2645 0.4537 0.4817 0.2421 0.1393 0.1750 0.2794 0.4741 0.4688 0.2094 0.1398 0.1823 0.2958 0.4911 0.4526 0.1829 0.1414 0.1907 0.3143 0.5031 0.4319 0.1651 0.1444 0.2013 0.3376 0.5093 0.4023 0.1528 0.1492 0.2163 0.3698 0.5084 0.3578 0.1445 0.1563 0.2358 0.4066 0.5006 0.3283 0.1599 0.3285 0.5007 0.4064 0.2357 0.1563 0.1445 0.3580 0.5084 0.3695 0.2162 0.1491 0.1529 0.4025 0.5093 0.3374 0.2012 0.1443 0.1652 0.4321 0.5030 0.3141 0.1906 0.1414 0.1832 0.4529 0.4909 0.2955 0.1821 0.1398 0.2098 0.4690 0.4738 0.2791 0.1749 0.1392 0.2426 0.4819 0.4533 0.2641 0.1684 0.1396 0.2771 0.4923 0.4313 0.2505 0.1627 0.1409 0.3107 0.5003 0.4026
0.4994 0.3028 0.1405 0.1639 0.2535 0.4364 0.4900 0.2690 0.1394 0.1698 0.2674 0.4582 0.4791 0.2347 0.1392 0.1764 0.2826 0.4779 0.4657 0.2031 0.1400 0.1838 0.2993 0.4939 0.4490 0.1787 0.1418 0.1923 0.3179 0.5045 0.4280 0.1630 0.1448 0.2027 0.3404 0.5095 0.3996 0.1522 0.1494 0.2169 0.3705 0.5083 0.3575 0.1445 0.1563 0.2358 0.4073 0.5002 0.3114 0.1406 0.1422 0.1406 0.3117 0.5002 0.4070 0.2357 0.1563 0.1445 0.3579 0.5084 0.3702 0.2167 0.1494 0.1523 0.3999 0.5095 0.3401 0.2026 0.1448 0.1632 0.4284 0.5043 0.3175 0.1922 0.1418 0.1792 0.4494 0.4936 0.2988 0.1836 0.1400 0.2039 0.4661 0.4774 0.2821 0.1761 0.1392 0.2358 0.4796 0.4574 0.2669 0.1695 0.1394 0.2703 0.4904 0.4356 0.2530 0.1637 0.1405 0.3040 0.4996
0.3050 0.1401 0.1646 0.2552 0.4394 0.4886 0.2643 0.1392 0.1705 0.2693 0.4609 0.4774 0.2299 0.1392 0.1772 0.2847 0.4803 0.4635 0.1990 0.1401 0.1848 0.3017 0.4957 0.4463 0.1760 0.1421 0.1935 0.3205 0.5053 0.4251 0.1615 0.1451 0.2038 0.3425 0.5096 0.3974 0.1516 0.1496 0.2172 0.3710 0.5082 0.3576 0.1445 0.1562 0.2355 0.4068 0.5001 0.3087 0.1405 0.1588 0.1985 0.1587 0.1405 0.3092 0.5002 0.4064 0.2352 0.1561 0.1446 0.3582 0.5083 0.3705 0.2170 0.1495 0.1518 0.3980 0.5095 0.3420 0.2035 0.1450 0.1618 0.4257 0.5051 0.3199 0.1932 0.1420 0.1767 0.4470 0.4952 0.3009 0.1844 0.1400 0.2003 0.4642 0.4794 0.2839 0.1768 0.1391 0.2319 0.4781 0.4596 0.2683 0.1700 0.1392 0.2665 0.4892 0.4378 0.2543 0.1641 0.1402 0.3072
0.1519 0.1642 0.2549 0.4390 0.4884 0.2643 0.1390 0.1701 0.2690 0.4607 0.4772 0.2298 0.1390 0.1770 0.2847 0.4803 0.4631 0.1984 0.1399 0.1847 0.3020 0.4958 0.4457 0.1753 0.1419 0.1935 0.3210 0.5053 0.4244 0.1610 0.1450 0.2037 0.3428 0.5093 0.3974 0.1515 0.1493 0.2167 0.3700 0.5081 0.3596 0.1446 0.1555 0.2341 0.4045 0.5005 0.3108 0.1405 0.1621 0.2432 0.3380 0.2429 0.1620 0.1405 0.3117 0.5007 0.4039 0.2337 0.1554 0.1447 0.3606 0.5082 0.3692 0.2163 0.1491 0.1517 0.3983 0.5093 0.3419 0.2033 0.1449 0.1614 0.4254 0.5050 0.3200 0.1930 0.1418 0.1764 0.4469 0.4949 0.3007 0.1841 0.1398 0.2006 0.4643 0.4789 0.2832 0.1763 0.1389 0.2330 0.4784 0.4585 0.2674 0.1694 0.1390 0.2680 0.4895 0.4365 0.2533 0.1636 0.1520
0.1678 0.2473 0.4291 0.4914 0.2813 0.1382 0.1657 0.2612 0.4514 0.4812 0.2458 0.1378 0.1723 0.2769 0.4726 0.4681 0.2112 0.1383 0.1798 0.2944 0.4902 0.4519 0.1829 0.1399 0.1884 0.3136 0.5019 0.4320 0.1648 0.1427 0.1984 0.3353 0.5076 0.4071 0.1535 0.1465 0.2106 0.3613 0.5079 0.3733 0.1456 0.1520 0.2269 0.3942 0.5021 0.3273 0.1405 0.1589 0.2433 0.4133 0.5051 0.4127 0.2429 0.1587 0.1406 0.3285 0.5023 0.3933 0.2264 0.1518 0.1458 0.3746 0.5080 0.3603 0.2101 0.1463 0.1539 0.4084 0.5075 0.3340 0.1978 0.1425 0.1656 0.4334 0.5013 0.3121 0.1877 0.1398 0.1849 0.4534 0.4888 0.2926 0.1790 0.1382 0.2146 0.4697 0.4702 0.2749 0.1714 0.1378 0.2505 0.4828 0.4482 0.2590 0.1648 0.1384 0.2865 0.4927 0.4255 0.2452 0.1671
0.2052 0.3429 0.5073 0.3969 0.1484 0.1458 0.2101 0.3635 0.5064 0.3708 0.1429 0.1497 0.2216 0.3872 0.5026 0.3400 0.1391 0.1545 0.2348 0.4124 0.4958 0.3050 0.1370 0.1601 0.2496 0.4382 0.4862 0.2665 0.1364 0.1667 0.2664 0.4635 0.4731 0.2257 0.1369 0.1749 0.2864 0.4865 0.4544 0.1859 0.1387 0.1859 0.3124 0.5026 0.4269 0.1597 0.1422 0.1987 0.3382 0.5051 0.4749 0.5051 0.3378 0.1985 0.1421 0.1600 0.4275 0.5024 0.3118 0.1856 0.1387 0.1867 0.4550 0.4860 0.2858 0.1746 0.1368 0.2270 0.4736 0.4625 0.2656 0.1664 0.1364 0.2683 0.4867 0.4369 0.2488 0.1598 0.1371 0.3073 0.4963 0.4107 0.2338 0.1541 0.1394 0.3426 0.5030 0.3850 0.2205 0.1493 0.1433 0.3737 0.5067 0.3610 0.2088 0.1454 0.1492 0.3998 0.5072 0.3402 0.2040
0.1673 0.2458 0.4265 0.4924 0.2850 0.1383 0.1651 0.2597 0.4490 0.4824 0.2494 0.1378 0.1716 0.2754 0.4708 0.4693 0.2137 0.1383 0.1792 0.2930 0.4891 0.4531 0.1845 0.1398 0.1879 0.3124 0.5014 0.4331 0.1654 0.1425 0.1979 0.3343 0.5075 0.4082 0.1538 0.1463 0.2102 0.3604 0.5080 0.3743 0.1457 0.1519 0.2265 0.3935 0.5023 0.3283 0.1406 0.1587 0.2430 0.4128 0.5051 0.4126 0.2429 0.1587 0.1406 0.3285 0.5023 0.3933 0.2264 0.1518 0.1458 0.3746 0.5080 0.3603 0.2101 0.1463 0.1539 0.4084 0.5075 0.3340 0.1978 0.1425 0.1656 0.4334 0.5013 0.3121 0.1877 0.1398 0.1849 0.4534 0.4888 0.2926 0.1790 0.1382 0.2146 0.4697 0.4702 0.2749 0.1714 0.1378 0.2505 0.4828 0.4482 0.2590 0.1648 0.1384 0.2865 0.4927 0.4255 0.2452 0.1671
0.1520 0.1637 0.2536 0.4370 0.4893 0.2673 0.1390 0.1696 0.2677 0.4589 0.4782 0.2326 0.1389 0.1764 0.2835 0.4791 0.4641 0.2002 0.1398 0.1842 0.3008 0.4950 0.4468 0.1763 0.1418 0.1930 0.3201 0.5050 0.4253 0.1614 0.1449 0.2033 0.3420 0.5093 0.3982 0.1517 0.1491 0.2163 0.3694 0.5082 0.3605 0.1447 0.1554 0.2338 0.4039 0.5007 0.3116 0.1405 0.1620 0.2429 0.3378 0.2429 0.1620 0.1405 0.3117 0.5007 0.4039 0.2337 0.1554 0.1447 0.3606 0.5082 0.3692 0.2163 0.1491 0.1517 0.3983 0.5093 0.3419 0.2033 0.1449 0.1614 0.4254 0.5050 0.3200 0.1930 0.1418 0.1764 0.4469 0.4949 0.3007 0.1841 0.1398 0.2006 0.4643 0.4789 0.2832 0.1763 0.1389 0.2330 0.4784 0.4585 0.2674 0.1694 0.1390 0.2680 0.4895 0.4365 0.2533 0.1636 0.1520
0.3070 0.1402 0.1642 0.2544 0.4381 0.4892 0.2661 0.1392 0.1701 0.2684 0.4597 0.4781 0.2318 0.1391 0.1768 0.2839 0.4796 0.4641 0.2002 0.1401 0.1845 0.3010 0.4952 0.4470 0.1766 0.1420 0.1932 0.3199 0.5051 0.4257 0.1617 0.1451 0.2035 0.3420 0.5095 0.3980 0.1518 0.1495 0.2170 0.3706 0.5083 0.3581 0.1445 0.1561 0.2352 0.4064 0.5002 0.3091 0.1405 0.1587 0.1985 0.1587 0.1405 0.3092 0.5002 0.4064 0.2352 0.1561 0.1446 0.3582 0.5083 0.3705 0.2170 0.1495 0.1518 0.3980 0.5095 0.3420 0.2035 0.1450 0.1618 0.4257 0.5051 0.3199 0.1932 0.1420 0.1767 0.4470 0.4952 0.3009 0.1844 0.1400 0.2003 0.4642 0.4794 0.2839 0.1768 0.1391 0.2319 0.4781 0.4596 0.2683 0.1700 0.1392 0.2665 0.4892 0.4378 0.2543 0.1641 0.1402 0.3072
0.4996 0.3040 0.1405 0.1637 0.2531 0.4357 0.4903 0.2701 0.1394 0.1695 0.2669 0.4574 0.4795 0.2357 0.1392 0.1761 0.2822 0.4775 0.4660 0.2038 0.1400 0.1836 0.2989 0.4936 0.4494 0.1792 0.1418 0.1922 0.3175 0.5043 0.4284 0.1632 0.1448 0.2026 0.3401 0.5095 0.3999 0.1522 0.1494 0.2167 0.3702 0.5083 0.3578 0.1445 0.1563 0.2357 0.4070 0.5002 0.3117 0.1406 0.1421 0.1406 0.3117 0.5002 0.4070 0.2357 0.1563 0.1445 0.3579 0.5084 0.3702 0.2167 0.1494 0.1523 0.3999 0.5095 0.3401 0.2026 0.1448 0.1632 0.4284 0.5043 0.3175 0.1922 0.1418 0.1792 0.4494 0.4936 0.2988 0.1836 0.1400 0.2039 0.4661 0.4774 0.2821 0.1761 0.1392 0.2358 0.4796 0.4574 0.2669 0.1695 0.1394 0.2703 0.4904 0.4356 0.2530 0.1637 0.1405 0.3040 0.4996
0.4026 0.5003 0.3107 0.1409 0.1627 0.2505 0.4313 0.4923 0.2771 0.1396 0.1684 0.2641 0.4533 0.4819 0.2425 0.1393 0.1749 0.2791 0.4738 0.4690 0.2098 0.1398 0.1822 0.2955 0.4909 0.4529 0.1832 0.1414 0.1906 0.3141 0.5030 0.4321 0.1652 0.1443 0.2012 0.3374 0.5093 0.4024 0.1529 0.1491 0.2162 0.3696 0.5084 0.3580 0.1445 0.1563 0.2357 0.4064 0.5007 0.3285 0.1600 0.3285 0.5007 0.4064 0.2357 0.1563 0.1445 0.3580 0.5084 0.3695 0.2162 0.1491 0.1529 0.4025 0.5093 0.3374 0.2012 0.1443 0.1652 0.4321 0.5030 0.3141 0.1906 0.1414 0.1832 0.4529 0.4909 0.2955 0.1821 0.1398 0.2098 0.4690 0.4738 0.2791 0.1749 0.1392 0.2426 0.4819 0.4533 0.2641 0.1684 0.1396 0.2771 0.4923 0.4313 0.2505 0.1627 0.1409 0.3107 0.5003 0.4026
