1.0000 0.0004 0.0044 0.0533 0.6457 1.0000 0.0001 0.0011 0.0129 0.1569 1.0000 1.0000 0.0003 0.0031 0.0380 0.4603 1.0000 0.0001 0.0008 0.0092 0.1116 1.0000 1.0000 0.0002 0.0022 0.0271 0.3275 1.0000 1.0000 0.0005 0.0066 0.0794 0.9608 1.0000 0.0001 0.0016 0.0193 0.2330 1.0000 1.0000 0.0004 0.0047 0.0565 0.6836 1.0000 0.0001 0.0011 0.0136 0.1599 1.0000 1.0000 1.0000 0.1599 0.0136 0.0011 0.0001 1.0000 0.6836 0.0565 0.0047 0.0004 1.0000 1.0000 0.2330 0.0193 0.0016 0.0001 1.0000 0.9608 0.0794 0.0066 0.0005 1.0000 1.0000 0.3275 0.0271 0.0022 0.0002 1.0000 1.0000 0.1116 0.0092 0.0008 0.0001 1.0000 0.4603 0.0380 0.0031 0.0003 1.0000 1.0000 0.1569 0.0129 0.0011 0.0001 1.0000 0.6457 0.0533 0.0044 0.0004 1.0000
0.0004 0.0045 0.0541 0.6494 1.0000 0.0001 0.0011 0.0129 0.1560 1.0000 1.0000 0.0003 0.0031 0.0378 0.4577 1.0000 0.0001 0.0008 0.0092 0.1110 1.0000 1.0000 0.0002 0.0022 0.0269 0.3256 1.0000 1.0000 0.0005 0.0065 0.0790 0.9554 1.0000 0.0001 0.0016 0.0191 0.2317 1.0000 1.0000 0.0004 0.0046 0.0562 0.6797 1.0000 0.0001 0.0011 0.0136 0.1636 1.0000 1.0000 0.0001 1.0000 1.0000 0.1636 0.0136 0.0011 0.0001 1.0000 0.6797 0.0562 0.0046 0.0004 1.0000 1.0000 0.2317 0.0191 0.0016 0.0001 1.0000 0.9554 0.0790 0.0065 0.0005 1.0000 1.0000 0.3256 0.0269 0.0022 0.0002 1.0000 1.0000 0.1110 0.0092 0.0008 0.0001 1.0000 0.4577 0.0378 0.0031 0.0003 1.0000 1.0000 0.1560 0.0129 0.0011 0.0001 1.0000 0.6494 0.0541 0.0045 0.0004
0.0044 0.0541 0.6275 1.0000 0.0001 0.0010 0.0119 0.1429 1.0000 1.0000 0.0002 0.0028 0.0345 0.4169 1.0000 1.0000 0.0007 0.0084 0.1011 1.0000 1.0000 0.0002 0.0020 0.0245 0.2966 1.0000 1.0000 0.0005 0.0059 0.0719 0.8704 1.0000 0.0001 0.0014 0.0174 0.2110 1.0000 1.0000 0.0003 0.0042 0.0512 0.6192 1.0000 0.0001 0.0010 0.0124 0.1499 1.0000 1.0000 0.0002 0.0010 0.0002 1.0000 1.0000 0.1499 0.0124 0.0010 0.0001 1.0000 0.6192 0.0512 0.0042 0.0003 1.0000 1.0000 0.2110 0.0174 0.0014 0.0001 1.0000 0.8704 0.0719 0.0059 0.0005 1.0000 1.0000 0.2966 0.0245 0.0020 0.0002 1.0000 1.0000 0.1011 0.0084 0.0007 1.0000 1.0000 0.4169 0.0345 0.0028 0.0002 1.0000 1.0000 0.1429 0.0119 0.0010 0.0001 1.0000 0.6275 0.0541 0.0044
0.0533 0.6494 1.0000 0.0001 0.0009 0.0111 0.1329 1.0000 1.0000 0.0002 0.0026 0.0315 0.3813 1.0000 1.0000 0.0006 0.0076 0.0923 1.0000 1.0000 0.0002 0.0018 0.0223 0.2708 1.0000 1.0000 0.0004 0.0054 0.0657 0.7944 1.0000 0.0001 0.0013 0.0159 0.1926 1.0000 1.0000 0.0003 0.0039 0.0467 0.5652 1.0000 0.0001 0.0009 0.0113 0.1368 1.0000 1.0000 0.0002 0.0024 0.0114 0.0024 0.0002 1.0000 1.0000 0.1368 0.0113 0.0009 0.0001 1.0000 0.5652 0.0467 0.0039 0.0003 1.0000 1.0000 0.1926 0.0159 0.0013 0.0001 1.0000 0.7944 0.0657 0.0054 0.0004 1.0000 1.0000 0.2708 0.0223 0.0018 0.0002 1.0000 1.0000 0.0923 0.0076 0.0006 1.0000 1.0000 0.3813 0.0315 0.0026 0.0002 1.0000 1.0000 0.1329 0.0111 0.0009 0.0001 1.0000 0.6494 0.0533
0.6457 1.0000 0.0001 0.0009 0.0109 0.1275 1.0000 1.0000 0.0002 0.0024 0.0290 0.3500 1.0000 1.0000 0.0006 0.0069 0.0841 1.0000 1.0000 0.0001 0.0017 0.0204 0.2467 1.0000 1.0000 0.0004 0.0049 0.0598 0.7251 1.0000 0.0001 0.0012 0.0145 0.1755 1.0000 1.0000 0.0003 0.0035 0.0426 0.5159 1.0000 0.0001 0.0009 0.0103 0.1249 1.0000 1.0000 0.0002 0.0024 0.0262 0.1261 0.0262 0.0024 0.0002 1.0000 1.0000 0.1249 0.0103 0.0009 0.0001 1.0000 0.5159 0.0426 0.0035 0.0003 1.0000 1.0000 0.1755 0.0145 0.0012 0.0001 1.0000 0.7251 0.0598 0.0049 0.0004 1.0000 1.0000 0.2467 0.0204 0.0017 0.0001 1.0000 1.0000 0.0841 0.0069 0.0006 1.0000 1.0000 0.3500 0.0290 0.0024 0.0002 1.0000 1.0000 0.1275 0.0109 0.0009 0.0001 1.0000 0.6457
1.0000 0.0001 0.0010 0.0111 0.1275 1.0000 1.0000 0.0002 0.0023 0.0270 0.3238 1.0000 1.0000 0.0005 0.0064 0.0769 0.9303 1.0000 0.0001 0.0015 0.0186 0.2251 1.0000 1.0000 0.0004 0.0045 0.0546 0.6606 1.0000 0.0001 0.0011 0.0132 0.1602 1.0000 1.0000 0.0003 0.0032 0.0388 0.4700 1.0000 0.0001 0.0008 0.0094 0.1140 1.0000 1.0000 0.0002 0.0023 0.0268 0.2888 1.0000 0.2888 0.0268 0.0023 0.0002 1.0000 1.0000 0.1140 0.0094 0.0008 0.0001 1.0000 0.4700 0.0388 0.0032 0.0003 1.0000 1.0000 0.1602 0.0132 0.0011 0.0001 1.0000 0.6606 0.0546 0.0045 0.0004 1.0000 1.0000 0.2251 0.0186 0.0015 0.0001 1.0000 0.9303 0.0769 0.0064 0.0005 1.0000 1.0000 0.3238 0.0270 0.0023 0.0002 1.0000 1.0000 0.1275 0.0111 0.0010 0.0001 1.0000
0.0001 0.0011 0.0119 0.1329 1.0000 1.0000 0.0002 0.0022 0.0257 0.3052 1.0000 1.0000 0.0005 0.0059 0.0707 0.8524 1.0000 0.0001 0.0014 0.0170 0.2055 1.0000 1.0000 0.0003 0.0041 0.0497 0.6030 1.0000 0.0001 0.0010 0.0121 0.1462 1.0000 1.0000 0.0002 0.0029 0.0354 0.4290 1.0000 0.0001 0.0007 0.0086 0.1040 1.0000 1.0000 0.0002 0.0021 0.0250 0.2955 1.0000 1.0000 1.0000 0.2955 0.0250 0.0021 0.0002 1.0000 1.0000 0.1040 0.0086 0.0007 0.0001 1.0000 0.4290 0.0354 0.0029 0.0002 1.0000 1.0000 0.1462 0.0121 0.0010 0.0001 1.0000 0.6030 0.0497 0.0041 0.0003 1.0000 1.0000 0.2055 0.0170 0.0014 0.0001 1.0000 0.8524 0.0707 0.0059 0.0005 1.0000 1.0000 0.3052 0.0257 0.0022 0.0002 1.0000 1.0000 0.1329 0.0119 0.0011 0.0001
0.0011 0.0129 0.1429 1.0000 1.0000 0.0002 0.0022 0.0253 0.2949 1.0000 1.0000 0.0005 0.0055 0.0654 0.7869 1.0000 0.0001 0.0013 0.0155 0.1879 1.0000 1.0000 0.0003 0.0038 0.0454 0.5493 1.0000 0.0001 0.0009 0.0110 0.1332 1.0000 1.0000 0.0002 0.0027 0.0323 0.3908 1.0000 1.0000 0.0006 0.0078 0.0948 1.0000 1.0000 0.0002 0.0019 0.0229 0.2760 1.0000 1.0000 0.0002 1.0000 1.0000 0.2760 0.0229 0.0019 0.0002 1.0000 1.0000 0.0948 0.0078 0.0006 1.0000 1.0000 0.3908 0.0323 0.0027 0.0002 1.0000 1.0000 0.1332 0.0110 0.0009 0.0001 1.0000 0.5493 0.0454 0.0038 0.0003 1.0000 1.0000 0.1879 0.0155 0.0013 0.0001 1.0000 0.7869 0.0654 0.0055 0.0005 1.0000 1.0000 0.2949 0.0253 0.0022 0.0002 1.0000 1.0000 0.1429 0.0129 0.0011
0.0129 0.1560 1.0000 1.0000 0.0002 0.0023 0.0257 0.2949 1.0000 1.0000 0.0004 0.0052 0.0614 0.7335 1.0000 0.0001 0.0012 0.0143 0.1722 1.0000 1.0000 0.0003 0.0034 0.0414 0.5014 1.0000 0.0001 0.0008 0.0100 0.1216 1.0000 1.0000 0.0002 0.0024 0.0295 0.3567 1.0000 1.0000 0.0006 0.0071 0.0865 1.0000 1.0000 0.0001 0.0017 0.0209 0.2533 1.0000 1.0000 0.0004 0.0017 0.0004 1.0000 1.0000 0.2533 0.0209 0.0017 0.0001 1.0000 1.0000 0.0865 0.0071 0.0006 1.0000 1.0000 0.3567 0.0295 0.0024 0.0002 1.0000 1.0000 0.1216 0.0100 0.0008 0.0001 1.0000 0.5014 0.0414 0.0034 0.0003 1.0000 1.0000 0.1722 0.0143 0.0012 0.0001 1.0000 0.7335 0.0614 0.0052 0.0004 1.0000 1.0000 0.2949 0.0257 0.0023 0.0002 1.0000 1.0000 0.1560 0.0129
0.1569 1.0000 1.0000 0.0002 0.0024 0.0270 0.3052 1.0000 1.0000 0.0004 0.0050 0.0589 0.6967 1.0000 0.0001 0.0011 0.0132 0.1587 1.0000 1.0000 0.0003 0.0031 0.0379 0.4585 1.0000 0.0001 0.0008 0.0092 0.1108 1.0000 1.0000 0.0002 0.0022 0.0269 0.3256 1.0000 1.0000 0.0005 0.0065 0.0788 0.9554 1.0000 0.0001 0.0016 0.0191 0.2312 1.0000 1.0000 0.0004 0.0040 0.0193 0.0040 0.0004 1.0000 1.0000 0.2312 0.0191 0.0016 0.0001 1.0000 0.9554 0.0788 0.0065 0.0005 1.0000 1.0000 0.3256 0.0269 0.0022 0.0002 1.0000 1.0000 0.1108 0.0092 0.0008 0.0001 1.0000 0.4585 0.0379 0.0031 0.0003 1.0000 1.0000 0.1587 0.0132 0.0011 0.0001 1.0000 0.6967 0.0589 0.0050 0.0004 1.0000 1.0000 0.3052 0.0270 0.0024 0.0002 1.0000 1.0000 0.1569
1.0000 1.0000 0.0002 0.0026 0.0290 0.3238 1.0000 1.0000 0.0004 0.0050 0.0581 0.6771 1.0000 0.0001 0.0010 0.0124 0.1479 1.0000 1.0000 0.0002 0.0029 0.0347 0.4193 1.0000 1.0000 0.0007 0.0084 0.1011 1.0000 1.0000 0.0002 0.0020 0.0245 0.2966 1.0000 1.0000 0.0005 0.0059 0.0719 0.8704 1.0000 0.0001 0.0014 0.0174 0.2110 1.0000 1.0000 0.0003 0.0041 0.0442 0.2131 0.0442 0.0041 0.0003 1.0000 1.0000 0.2110 0.0174 0.0014 0.0001 1.0000 0.8704 0.0719 0.0059 0.0005 1.0000 1.0000 0.2966 0.0245 0.0020 0.0002 1.0000 1.0000 0.1011 0.0084 0.0007 1.0000 1.0000 0.4193 0.0347 0.0029 0.0002 1.0000 1.0000 0.1479 0.0124 0.0010 0.0001 1.0000 0.6771 0.0581 0.0050 0.0004 1.0000 1.0000 0.3238 0.0290 0.0026 0.0002 1.0000 1.0000
1.0000 0.0003 0.0028 0.0315 0.3500 1.0000 1.0000 0.0005 0.0052 0.0589 0.6771 1.0000 0.0001 0.0010 0.0118 0.1397 1.0000 1.0000 0.0002 0.0027 0.0320 0.3857 1.0000 1.0000 0.0006 0.0076 0.0925 1.0000 1.0000 0.0002 0.0018 0.0223 0.2708 1.0000 1.0000 0.0004 0.0054 0.0657 0.7944 1.0000 0.0001 0.0013 0.0159 0.1926 1.0000 1.0000 0.0003 0.0038 0.0451 0.4882 1.0000 0.4882 0.0451 0.0038 0.0003 1.0000 1.0000 0.1926 0.0159 0.0013 0.0001 1.0000 0.7944 0.0657 0.0054 0.0004 1.0000 1.0000 0.2708 0.0223 0.0018 0.0002 1.0000 1.0000 0.0925 0.0076 0.0006 1.0000 1.0000 0.3857 0.0320 0.0027 0.0002 1.0000 1.0000 0.1397 0.0118 0.0010 0.0001 1.0000 0.6771 0.0589 0.0052 0.0005 1.0000 1.0000 0.3500 0.0315 0.0028 0.0003 1.0000
0.0003 0.0031 0.0345 0.3813 1.0000 1.0000 0.0005 0.0055 0.0614 0.6967 1.0000 0.0001 0.0010 0.0115 0.1347 1.0000 1.0000 0.0002 0.0025 0.0297 0.3567 1.0000 1.0000 0.0006 0.0070 0.0845 1.0000 1.0000 0.0001 0.0017 0.0204 0.2467 1.0000 1.0000 0.0004 0.0049 0.0598 0.7251 1.0000 0.0001 0.0012 0.0145 0.1755 1.0000 1.0000 0.0003 0.0035 0.0422 0.4985 1.0000 1.0000 1.0000 0.4985 0.0422 0.0035 0.0003 1.0000 1.0000 0.1755 0.0145 0.0012 0.0001 1.0000 0.7251 0.0598 0.0049 0.0004 1.0000 1.0000 0.2467 0.0204 0.0017 0.0001 1.0000 1.0000 0.0845 0.0070 0.0006 1.0000 1.0000 0.3567 0.0297 0.0025 0.0002 1.0000 1.0000 0.1347 0.0115 0.0010 0.0001 1.0000 0.6967 0.0614 0.0055 0.0005 1.0000 1.0000 0.3813 0.0345 0.0031 0.0003
0.0031 0.0378 0.4169 1.0000 1.0000 0.0005 0.0059 0.0654 0.7335 1.0000 0.0001 0.0010 0.0115 0.1329 1.0000 1.0000 0.0002 0.0024 0.0280 0.3338 1.0000 1.0000 0.0005 0.0064 0.0776 0.9374 1.0000 0.0001 0.0015 0.0186 0.2251 1.0000 1.0000 0.0004 0.0045 0.0546 0.6606 1.0000 0.0001 0.0011 0.0132 0.1602 1.0000 1.0000 0.0003 0.0032 0.0388 0.4664 1.0000 1.0000 0.0003 1.0000 1.0000 0.4664 0.0388 0.0032 0.0003 1.0000 1.0000 0.1602 0.0132 0.0011 0.0001 1.0000 0.6606 0.0546 0.0045 0.0004 1.0000 1.0000 0.2251 0.0186 0.0015 0.0001 1.0000 0.9374 0.0776 0.0064 0.0005 1.0000 1.0000 0.3338 0.0280 0.0024 0.0002 1.0000 1.0000 0.1329 0.0115 0.0010 0.0001 1.0000 0.7335 0.0654 0.0059 0.0005 1.0000 1.0000 0.4169 0.0378 0.0031
0.0380 0.4577 1.0000 1.0000 0.0006 0.0064 0.0707 0.7869 1.0000 0.0001 0.0010 0.0118 0.1347 1.0000 1.0000 0.0002 0.0023 0.0268 0.3164 1.0000 1.0000 0.0005 0.0060 0.0718 0.8638 1.0000 0.0001 0.0014 0.0170 0.2059 1.0000 1.0000 0.0003 0.0041 0.0497 0.6030 1.0000 0.0001 0.0010 0.0121 0.1462 1.0000 1.0000 0.0002 0.0029 0.0354 0.4282 1.0000 1.0000 0.0006 0.0029 0.0006 1.0000 1.0000 0.4282 0.0354 0.0029 0.0002 1.0000 1.0000 0.1462 0.0121 0.0010 0.0001 1.0000 0.6030 0.0497 0.0041 0.0003 1.0000 1.0000 0.2059 0.0170 0.0014 0.0001 1.0000 0.8638 0.0718 0.0060 0.0005 1.0000 1.0000 0.3164 0.0268 0.0023 0.0002 1.0000 1.0000 0.1347 0.0118 0.0010 0.0001 1.0000 0.7869 0.0707 0.0064 0.0006 1.0000 1.0000 0.4577 0.0380
0.4603 1.0000 1.0000 0.0006 0.0069 0.0769 0.8524 1.0000 0.0001 0.0011 0.0124 0.1397 1.0000 1.0000 0.0002 0.0022 0.0262 0.3064 1.0000 1.0000 0.0005 0.0056 0.0669 0.8020 1.0000 0.0001 0.0013 0.0156 0.1886 1.0000 1.0000 0.0003 0.0038 0.0454 0.5493 1.0000 0.0001 0.0009 0.0110 0.1332 1.0000 1.0000 0.0002 0.0027 0.0323 0.3908 1.0000 1.0000 0.0006 0.0068 0.0325 0.0068 0.0006 1.0000 1.0000 0.3908 0.0323 0.0027 0.0002 1.0000 1.0000 0.1332 0.0110 0.0009 0.0001 1.0000 0.5493 0.0454 0.0038 0.0003 1.0000 1.0000 0.1886 0.0156 0.0013 0.0001 1.0000 0.8020 0.0669 0.0056 0.0005 1.0000 1.0000 0.3064 0.0262 0.0022 0.0002 1.0000 1.0000 0.1397 0.0124 0.0011 0.0001 1.0000 0.8524 0.0769 0.0069 0.0006 1.0000 1.0000 0.4603
1.0000 0.0001 0.0007 0.0076 0.0841 0.9303 1.0000 0.0001 0.0012 0.0132 0.1479 1.0000 1.0000 0.0002 0.0023 0.0262 0.3035 1.0000 1.0000 0.0005 0.0053 0.0633 0.7532 1.0000 0.0001 0.0012 0.0144 0.1735 1.0000 1.0000 0.0003 0.0034 0.0415 0.5024 1.0000 0.0001 0.0008 0.0100 0.1216 1.0000 1.0000 0.0002 0.0024 0.0295 0.3567 1.0000 1.0000 0.0006 0.0069 0.0747 0.3595 0.0747 0.0069 0.0006 1.0000 1.0000 0.3567 0.0295 0.0024 0.0002 1.0000 1.0000 0.1216 0.0100 0.0008 0.0001 1.0000 0.5024 0.0415 0.0034 0.0003 1.0000 1.0000 0.1735 0.0144 0.0012 0.0001 1.0000 0.7532 0.0633 0.0053 0.0005 1.0000 1.0000 0.3035 0.0262 0.0023 0.0002 1.0000 1.0000 0.1479 0.0132 0.0012 0.0001 1.0000 0.9303 0.0841 0.0076 0.0007 0.0001 1.0000
0.0001 0.0008 0.0084 0.0923 1.0000 1.0000 0.0001 0.0013 0.0143 0.1587 1.0000 1.0000 0.0002 0.0024 0.0268 0.3064 1.0000 1.0000 0.0004 0.0052 0.0607 0.7169 1.0000 0.0001 0.0011 0.0134 0.1611 1.0000 1.0000 0.0003 0.0031 0.0380 0.4594 1.0000 0.0001 0.0008 0.0092 0.1108 1.0000 1.0000 0.0002 0.0022 0.0269 0.3256 1.0000 1.0000 0.0005 0.0065 0.0763 0.8252 1.0000 0.8252 0.0763 0.0065 0.0005 1.0000 1.0000 0.3256 0.0269 0.0022 0.0002 1.0000 1.0000 0.1108 0.0092 0.0008 0.0001 1.0000 0.4594 0.0380 0.0031 0.0003 1.0000 1.0000 0.1611 0.0134 0.0011 0.0001 1.0000 0.7169 0.0607 0.0052 0.0004 1.0000 1.0000 0.3064 0.0268 0.0024 0.0002 1.0000 1.0000 0.1587 0.0143 0.0013 0.0001 1.0000 1.0000 0.0923 0.0084 0.0008 0.0001
0.0008 0.0092 0.1011 1.0000 1.0000 0.0001 0.0014 0.0155 0.1722 1.0000 1.0000 0.0002 0.0025 0.0280 0.3164 1.0000 1.0000 0.0004 0.0051 0.0596 0.6954 1.0000 0.0001 0.0011 0.0126 0.1507 1.0000 1.0000 0.0002 0.0029 0.0350 0.4217 1.0000 1.0000 0.0007 0.0084 0.1013 1.0000 1.0000 0.0002 0.0020 0.0245 0.2966 1.0000 1.0000 0.0005 0.0059 0.0712 0.8427 1.0000 1.0000 1.0000 0.8427 0.0712 0.0059 0.0005 1.0000 1.0000 0.2966 0.0245 0.0020 0.0002 1.0000 1.0000 0.1013 0.0084 0.0007 1.0000 1.0000 0.4217 0.0350 0.0029 0.0002 1.0000 1.0000 0.1507 0.0126 0.0011 0.0001 1.0000 0.6954 0.0596 0.0051 0.0004 1.0000 1.0000 0.3164 0.0280 0.0025 0.0002 1.0000 1.0000 0.1722 0.0155 0.0014 0.0001 1.0000 1.0000 0.1011 0.0092 0.0008
0.0092 0.1110 1.0000 1.0000 0.0001 0.0015 0.0170 0.1879 1.0000 1.0000 0.0002 0.0027 0.0297 0.3338 1.0000 1.0000 0.0005 0.0052 0.0596 0.6888 1.0000 0.0001 0.0010 0.0121 0.1429 1.0000 1.0000 0.0002 0.0027 0.0324 0.3893 1.0000 1.0000 0.0006 0.0077 0.0926 1.0000 1.0000 0.0002 0.0018 0.0223 0.2708 1.0000 1.0000 0.0004 0.0054 0.0654 0.7869 1.0000 0.0001 0.0005 0.0001 1.0000 0.7869 0.0654 0.0054 0.0004 1.0000 1.0000 0.2708 0.0223 0.0018 0.0002 1.0000 1.0000 0.0926 0.0077 0.0006 1.0000 1.0000 0.3893 0.0324 0.0027 0.0002 1.0000 1.0000 0.1429 0.0121 0.0010 0.0001 1.0000 0.6888 0.0596 0.0052 0.0005 1.0000 1.0000 0.3338 0.0297 0.0027 0.0002 1.0000 1.0000 0.1879 0.0170 0.0015 0.0001 1.0000 1.0000 0.1110 0.0092
0.1116 1.0000 1.0000 0.0002 0.0017 0.0186 0.2055 1.0000 1.0000 0.0003 0.0029 0.0320 0.3567 1.0000 1.0000 0.0005 0.0053 0.0607 0.6954 1.0000 0.0001 0.0010 0.0117 0.1376 1.0000 1.0000 0.0002 0.0025 0.0302 0.3615 1.0000 1.0000 0.0006 0.0070 0.0850 1.0000 1.0000 0.0001 0.0017 0.0204 0.2471 1.0000 1.0000 0.0004 0.0049 0.0598 0.7224 1.0000 0.0001 0.0010 0.0050 0.0010 0.0001 1.0000 0.7224 0.0598 0.0049 0.0004 1.0000 1.0000 0.2471 0.0204 0.0017 0.0001 1.0000 1.0000 0.0850 0.0070 0.0006 1.0000 1.0000 0.3615 0.0302 0.0025 0.0002 1.0000 1.0000 0.1376 0.0117 0.0010 0.0001 1.0000 0.6954 0.0607 0.0053 0.0005 1.0000 1.0000 0.3567 0.0320 0.0029 0.0003 1.0000 1.0000 0.2055 0.0186 0.0017 0.0002 1.0000 1.0000 0.1116
1.0000 1.0000 0.0002 0.0018 0.0204 0.2251 1.0000 1.0000 0.0003 0.0031 0.0347 0.3857 1.0000 1.0000 0.0005 0.0056 0.0633 0.7169 1.0000 0.0001 0.0010 0.0116 0.1350 1.0000 1.0000 0.0002 0.0024 0.0285 0.3389 1.0000 1.0000 0.0005 0.0065 0.0782 0.9427 1.0000 0.0001 0.0015 0.0187 0.2260 1.0000 1.0000 0.0004 0.0045 0.0546 0.6606 1.0000 0.0001 0.0011 0.0114 0.0550 0.0114 0.0011 0.0001 1.0000 0.6606 0.0546 0.0045 0.0004 1.0000 1.0000 0.2260 0.0187 0.0015 0.0001 1.0000 0.9427 0.0782 0.0065 0.0005 1.0000 1.0000 0.3389 0.0285 0.0024 0.0002 1.0000 1.0000 0.1350 0.0116 0.0010 0.0001 1.0000 0.7169 0.0633 0.0056 0.0005 1.0000 1.0000 0.3857 0.0347 0.0031 0.0003 1.0000 1.0000 0.2251 0.0204 0.0018 0.0002 1.0000 1.0000
1.0000 0.0002 0.0020 0.0223 0.2467 1.0000 1.0000 0.0003 0.0034 0.0379 0.4193 1.0000 1.0000 0.0005 0.0060 0.0669 0.7532 1.0000 0.0001 0.0010 0.0117 0.1350 1.0000 1.0000 0.0002 0.0023 0.0273 0.3225 1.0000 1.0000 0.0005 0.0060 0.0725 0.8704 1.0000 0.0001 0.0014 0.0171 0.2067 1.0000 1.0000 0.0003 0.0041 0.0498 0.6030 1.0000 0.0001 0.0010 0.0117 0.1263 0.6087 0.1263 0.0117 0.0010 0.0001 1.0000 0.6030 0.0498 0.0041 0.0003 1.0000 1.0000 0.2067 0.0171 0.0014 0.0001 1.0000 0.8704 0.0725 0.0060 0.0005 1.0000 1.0000 0.3225 0.0273 0.0023 0.0002 1.0000 1.0000 0.1350 0.0117 0.0010 0.0001 1.0000 0.7532 0.0669 0.0060 0.0005 1.0000 1.0000 0.4193 0.0379 0.0034 0.0003 1.0000 1.0000 0.2467 0.0223 0.0020 0.0002 1.0000
0.0002 0.0022 0.0245 0.2708 1.0000 1.0000 0.0003 0.0038 0.0414 0.4585 1.0000 1.0000 0.0006 0.0064 0.0718 0.8020 1.0000 0.0001 0.0011 0.0121 0.1376 1.0000 1.0000 0.0002 0.0023 0.0266 0.3111 1.0000 1.0000 0.0005 0.0057 0.0678 0.8112 1.0000 0.0001 0.0013 0.0157 0.1897 1.0000 1.0000 0.0003 0.0038 0.0456 0.5514 1.0000 0.0001 0.0009 0.0109 0.1290 1.0000 1.0000 1.0000 0.1290 0.0109 0.0009 0.0001 1.0000 0.5514 0.0456 0.0038 0.0003 1.0000 1.0000 0.1897 0.0157 0.0013 0.0001 1.0000 0.8112 0.0678 0.0057 0.0005 1.0000 1.0000 0.3111 0.0266 0.0023 0.0002 1.0000 1.0000 0.1376 0.0121 0.0011 0.0001 1.0000 0.8020 0.0718 0.0064 0.0006 1.0000 1.0000 0.4585 0.0414 0.0038 0.0003 1.0000 1.0000 0.2708 0.0245 0.0022 0.0002
0.0022 0.0269 0.2966 1.0000 1.0000 0.0004 0.0041 0.0454 0.5014 1.0000 1.0000 0.0006 0.0070 0.0776 0.8638 1.0000 0.0001 0.0011 0.0126 0.1429 1.0000 1.0000 0.0002 0.0023 0.0263 0.3058 1.0000 1.0000 0.0005 0.0054 0.0642 0.7633 1.0000 0.0001 0.0012 0.0146 0.1752 1.0000 1.0000 0.0003 0.0035 0.0417 0.5043 1.0000 0.0001 0.0008 0.0100 0.1207 1.0000 1.0000 0.0001 1.0000 1.0000 0.1207 0.0100 0.0008 0.0001 1.0000 0.5043 0.0417 0.0035 0.0003 1.0000 1.0000 0.1752 0.0146 0.0012 0.0001 1.0000 0.7633 0.0642 0.0054 0.0005 1.0000 1.0000 0.3058 0.0263 0.0023 0.0002 1.0000 1.0000 0.1429 0.0126 0.0011 0.0001 1.0000 0.8638 0.0776 0.0070 0.0006 1.0000 1.0000 0.5014 0.0454 0.0041 0.0004 1.0000 1.0000 0.2966 0.0269 0.0022
0.0271 0.3256 1.0000 1.0000 0.0004 0.0045 0.0497 0.5493 1.0000 0.0001 0.0007 0.0076 0.0845 0.9374 1.0000 0.0001 0.0012 0.0134 0.1507 1.0000 1.0000 0.0002 0.0023 0.0266 0.3058 1.0000 1.0000 0.0004 0.0052 0.0615 0.7265 1.0000 0.0001 0.0011 0.0136 0.1626 1.0000 1.0000 0.0003 0.0032 0.0383 0.4620 1.0000 0.0001 0.0008 0.0092 0.1110 1.0000 1.0000 0.0002 0.0008 0.0002 1.0000 1.0000 0.1110 0.0092 0.0008 0.0001 1.0000 0.4620 0.0383 0.0032 0.0003 1.0000 1.0000 0.1626 0.0136 0.0011 0.0001 1.0000 0.7265 0.0615 0.0052 0.0004 1.0000 1.0000 0.3058 0.0266 0.0023 0.0002 1.0000 1.0000 0.1507 0.0134 0.0012 0.0001 1.0000 0.9374 0.0845 0.0076 0.0007 0.0001 1.0000 0.5493 0.0497 0.0045 0.0004 1.0000 1.0000 0.3256 0.0271
0.3275 1.0000 1.0000 0.0004 0.0049 0.0546 0.6030 1.0000 0.0001 0.0008 0.0084 0.0925 1.0000 1.0000 0.0001 0.0013 0.0144 0.1611 1.0000 1.0000 0.0002 0.0024 0.0273 0.3111 1.0000 1.0000 0.0004 0.0051 0.0600 0.7021 1.0000 0.0001 0.0011 0.0128 0.1525 1.0000 1.0000 0.0002 0.0029 0.0352 0.4241 1.0000 1.0000 0.0007 0.0084 0.1015 1.0000 1.0000 0.0002 0.0018 0.0085 0.0018 0.0002 1.0000 1.0000 0.1015 0.0084 0.0007 1.0000 1.0000 0.4241 0.0352 0.0029 0.0002 1.0000 1.0000 0.1525 0.0128 0.0011 0.0001 1.0000 0.7021 0.0600 0.0051 0.0004 1.0000 1.0000 0.3111 0.0273 0.0024 0.0002 1.0000 1.0000 0.1611 0.0144 0.0013 0.0001 1.0000 1.0000 0.0925 0.0084 0.0008 0.0001 1.0000 0.6030 0.0546 0.0049 0.0004 1.0000 1.0000 0.3275
1.0000 1.0000 0.0005 0.0054 0.0598 0.6606 1.0000 0.0001 0.0008 0.0092 0.1011 1.0000 1.0000 0.0001 0.0014 0.0156 0.1735 1.0000 1.0000 0.0002 0.0025 0.0285 0.3225 1.0000 1.0000 0.0004 0.0051 0.0595 0.6901 1.0000 0.0001 0.0010 0.0122 0.1445 1.0000 1.0000 0.0002 0.0027 0.0326 0.3916 1.0000 1.0000 0.0006 0.0077 0.0930 1.0000 1.0000 0.0002 0.0018 0.0194 0.0933 0.0194 0.0018 0.0002 1.0000 1.0000 0.0930 0.0077 0.0006 1.0000 1.0000 0.3916 0.0326 0.0027 0.0002 1.0000 1.0000 0.1445 0.0122 0.0010 0.0001 1.0000 0.6901 0.0595 0.0051 0.0004 1.0000 1.0000 0.3225 0.0285 0.0025 0.0002 1.0000 1.0000 0.1735 0.0156 0.0014 0.0001 1.0000 1.0000 0.1011 0.0092 0.0008 0.0001 1.0000 0.6606 0.0598 0.0054 0.0005 1.0000 1.0000
1.0000 0.0005 0.0059 0.0657 0.7251 1.0000 0.0001 0.0009 0.0100 0.1108 1.0000 1.0000 0.0001 0.0015 0.0170 0.1886 1.0000 1.0000 0.0002 0.0027 0.0302 0.3389 1.0000 1.0000 0.0005 0.0052 0.0600 0.6901 1.0000 0.0001 0.0010 0.0118 0.1389 1.0000 1.0000 0.0002 0.0025 0.0304 0.3643 1.0000 1.0000 0.0006 0.0071 0.0854 1.0000 1.0000 0.0001 0.0017 0.0198 0.2147 1.0000 0.2147 0.0198 0.0017 0.0001 1.0000 1.0000 0.0854 0.0071 0.0006 1.0000 1.0000 0.3643 0.0304 0.0025 0.0002 1.0000 1.0000 0.1389 0.0118 0.0010 0.0001 1.0000 0.6901 0.0600 0.0052 0.0005 1.0000 1.0000 0.3389 0.0302 0.0027 0.0002 1.0000 1.0000 0.1886 0.0170 0.0015 0.0001 1.0000 1.0000 0.1108 0.0100 0.0009 0.0001 1.0000 0.7251 0.0657 0.0059 0.0005 1.0000
0.0005 0.0065 0.0719 0.7944 1.0000 0.0001 0.0010 0.0110 0.1216 1.0000 1.0000 0.0002 0.0017 0.0186 0.2059 1.0000 1.0000 0.0003 0.0029 0.0324 0.3615 1.0000 1.0000 0.0005 0.0054 0.0615 0.7021 1.0000 0.0001 0.0010 0.0116 0.1355 1.0000 1.0000 0.0002 0.0024 0.0287 0.3421 1.0000 1.0000 0.0005 0.0065 0.0788 0.9481 1.0000 0.0001 0.0015 0.0186 0.2196 1.0000 1.0000 1.0000 0.2196 0.0186 0.0015 0.0001 1.0000 0.9481 0.0788 0.0065 0.0005 1.0000 1.0000 0.3421 0.0287 0.0024 0.0002 1.0000 1.0000 0.1355 0.0116 0.0010 0.0001 1.0000 0.7021 0.0615 0.0054 0.0005 1.0000 1.0000 0.3615 0.0324 0.0029 0.0003 1.0000 1.0000 0.2059 0.0186 0.0017 0.0002 1.0000 1.0000 0.1216 0.0110 0.0010 0.0001 1.0000 0.7944 0.0719 0.0065 0.0005
0.0066 0.0790 0.8704 1.0000 0.0001 0.0011 0.0121 0.1332 1.0000 1.0000 0.0002 0.0018 0.0204 0.2251 1.0000 1.0000 0.0003 0.0031 0.0350 0.3893 1.0000 1.0000 0.0005 0.0057 0.0642 0.7265 1.0000 0.0001 0.0010 0.0116 0.1342 1.0000 1.0000 0.0002 0.0023 0.0274 0.3244 1.0000 1.0000 0.0005 0.0061 0.0732 0.8787 1.0000 0.0001 0.0014 0.0172 0.2063 1.0000 1.0000 0.0001 1.0000 1.0000 0.2063 0.0172 0.0014 0.0001 1.0000 0.8787 0.0732 0.0061 0.0005 1.0000 1.0000 0.3244 0.0274 0.0023 0.0002 1.0000 1.0000 0.1342 0.0116 0.0010 0.0001 1.0000 0.7265 0.0642 0.0057 0.0005 1.0000 1.0000 0.3893 0.0350 0.0031 0.0003 1.0000 1.0000 0.2251 0.0204 0.0018 0.0002 1.0000 1.0000 0.1332 0.0121 0.0011 0.0001 1.0000 0.8704 0.0790 0.0066
0.0794 0.9554 1.0000 0.0001 0.0012 0.0132 0.1462 1.0000 1.0000 0.0002 0.0020 0.0223 0.2467 1.0000 1.0000 0.0003 0.0034 0.0380 0.4217 1.0000 1.0000 0.0005 0.0060 0.0678 0.7633 1.0000 0.0001 0.0010 0.0118 0.1355 1.0000 1.0000 0.0002 0.0023 0.0266 0.3123 1.0000 1.0000 0.0005 0.0057 0.0685 0.8190 1.0000 0.0001 0.0013 0.0158 0.1904 1.0000 1.0000 0.0003 0.0013 0.0003 1.0000 1.0000 0.1904 0.0158 0.0013 0.0001 1.0000 0.8190 0.0685 0.0057 0.0005 1.0000 1.0000 0.3123 0.0266 0.0023 0.0002 1.0000 1.0000 0.1355 0.0118 0.0010 0.0001 1.0000 0.7633 0.0678 0.0060 0.0005 1.0000 1.0000 0.4217 0.0380 0.0034 0.0003 1.0000 1.0000 0.2467 0.0223 0.0020 0.0002 1.0000 1.0000 0.1462 0.0132 0.0012 0.0001 1.0000 0.9554 0.0794
0.9608 1.0000 0.0001 0.0013 0.0145 0.1602 1.0000 1.0000 0.0002 0.0022 0.0245 0.2708 1.0000 1.0000 0.0003 0.0038 0.0415 0.4594 1.0000 1.0000 0.0006 0.0065 0.0725 0.8112 1.0000 0.0001 0.0011 0.0122 0.1389 1.0000 1.0000 0.0002 0.0023 0.0262 0.3052 1.0000 1.0000 0.0005 0.0054 0.0645 0.7692 1.0000 0.0001 0.0012 0.0147 0.1762 1.0000 1.0000 0.0003 0.0030 0.0144 0.0030 0.0003 1.0000 1.0000 0.1762 0.0147 0.0012 0.0001 1.0000 0.7692 0.0645 0.0054 0.0005 1.0000 1.0000 0.3052 0.0262 0.0023 0.0002 1.0000 1.0000 0.1389 0.0122 0.0011 0.0001 1.0000 0.8112 0.0725 0.0065 0.0006 1.0000 1.0000 0.4594 0.0415 0.0038 0.0003 1.0000 1.0000 0.2708 0.0245 0.0022 0.0002 1.0000 1.0000 0.1602 0.0145 0.0013 0.0001 1.0000 0.9608
1.0000 0.0001 0.0014 0.0159 0.1755 1.0000 1.0000 0.0002 0.0024 0.0269 0.2966 1.0000 1.0000 0.0004 0.0041 0.0454 0.5024 1.0000 1.0000 0.0006 0.0070 0.0782 0.8704 1.0000 0.0001 0.0011 0.0128 0.1445 1.0000 1.0000 0.0002 0.0023 0.0262 0.3029 1.0000 1.0000 0.0004 0.0052 0.0617 0.7293 1.0000 0.0001 0.0011 0.0137 0.1639 1.0000 1.0000 0.0003 0.0031 0.0334 0.1602 0.0334 0.0031 0.0003 1.0000 1.0000 0.1639 0.0137 0.0011 0.0001 1.0000 0.7293 0.0617 0.0052 0.0004 1.0000 1.0000 0.3029 0.0262 0.0023 0.0002 1.0000 1.0000 0.1445 0.0128 0.0011 0.0001 1.0000 0.8704 0.0782 0.0070 0.0006 1.0000 1.0000 0.5024 0.0454 0.0041 0.0004 1.0000 1.0000 0.2966 0.0269 0.0024 0.0002 1.0000 1.0000 0.1755 0.0159 0.0014 0.0001 1.0000
0.0001 0.0016 0.0174 0.1926 1.0000 1.0000 0.0002 0.0027 0.0295 0.3256 1.0000 1.0000 0.0004 0.0045 0.0497 0.5493 1.0000 0.0001 0.0007 0.0077 0.0850 0.9427 1.0000 0.0001 0.0012 0.0136 0.1525 1.0000 1.0000 0.0002 0.0023 0.0266 0.3052 1.0000 1.0000 0.0004 0.0051 0.0598 0.7021 1.0000 0.0001 0.0011 0.0129 0.1536 1.0000 1.0000 0.0002 0.0029 0.0344 0.3706 1.0000 0.3706 0.0344 0.0029 0.0002 1.0000 1.0000 0.1536 0.0129 0.0011 0.0001 1.0000 0.7021 0.0598 0.0051 0.0004 1.0000 1.0000 0.3052 0.0266 0.0023 0.0002 1.0000 1.0000 0.1525 0.0136 0.0012 0.0001 1.0000 0.9427 0.0850 0.0077 0.0007 0.0001 1.0000 0.5493 0.0497 0.0045 0.0004 1.0000 1.0000 0.3256 0.0295 0.0027 0.0002 1.0000 1.0000 0.1926 0.0174 0.0016 0.0001
0.0016 0.0191 0.2110 1.0000 1.0000 0.0003 0.0029 0.0323 0.3567 1.0000 1.0000 0.0004 0.0049 0.0546 0.6030 1.0000 0.0001 0.0008 0.0084 0.0926 1.0000 1.0000 0.0001 0.0013 0.0146 0.1626 1.0000 1.0000 0.0002 0.0024 0.0274 0.3123 1.0000 1.0000 0.0004 0.0051 0.0589 0.6862 1.0000 0.0001 0.0010 0.0122 0.1451 1.0000 1.0000 0.0002 0.0027 0.0326 0.3827 1.0000 1.0000 1.0000 0.3827 0.0326 0.0027 0.0002 1.0000 1.0000 0.1451 0.0122 0.0010 0.0001 1.0000 0.6862 0.0589 0.0051 0.0004 1.0000 1.0000 0.3123 0.0274 0.0024 0.0002 1.0000 1.0000 0.1626 0.0146 0.0013 0.0001 1.0000 1.0000 0.0926 0.0084 0.0008 0.0001 1.0000 0.6030 0.0546 0.0049 0.0004 1.0000 1.0000 0.3567 0.0323 0.0029 0.0003 1.0000 1.0000 0.2110 0.0191 0.0016
0.0193 0.2317 1.0000 1.0000 0.0003 0.0032 0.0354 0.3908 1.0000 1.0000 0.0005 0.0054 0.0598 0.6606 1.0000 0.0001 0.0008 0.0092 0.1013 1.0000 1.0000 0.0001 0.0014 0.0157 0.1752 1.0000 1.0000 0.0002 0.0025 0.0287 0.3244 1.0000 1.0000 0.0004 0.0051 0.0589 0.6810 1.0000 0.0001 0.0010 0.0118 0.1386 1.0000 1.0000 0.0002 0.0026 0.0306 0.3650 1.0000 1.0000 0.0002 1.0000 1.0000 0.3650 0.0306 0.0026 0.0002 1.0000 1.0000 0.1386 0.0118 0.0010 0.0001 1.0000 0.6810 0.0589 0.0051 0.0004 1.0000 1.0000 0.3244 0.0287 0.0025 0.0002 1.0000 1.0000 0.1752 0.0157 0.0014 0.0001 1.0000 1.0000 0.1013 0.0092 0.0008 0.0001 1.0000 0.6606 0.0598 0.0054 0.0005 1.0000 1.0000 0.3908 0.0354 0.0032 0.0003 1.0000 1.0000 0.2317 0.0193
0.2330 1.0000 1.0000 0.0003 0.0035 0.0388 0.4290 1.0000 1.0000 0.0005 0.0059 0.0657 0.7251 1.0000 0.0001 0.0009 0.0100 0.1108 1.0000 1.0000 0.0001 0.0015 0.0171 0.1897 1.0000 1.0000 0.0002 0.0027 0.0304 0.3421 1.0000 1.0000 0.0005 0.0052 0.0598 0.6862 1.0000 0.0001 0.0010 0.0115 0.1345 1.0000 1.0000 0.0002 0.0024 0.0289 0.3441 1.0000 1.0000 0.0005 0.0023 0.0005 1.0000 1.0000 0.3441 0.0289 0.0024 0.0002 1.0000 1.0000 0.1345 0.0115 0.0010 0.0001 1.0000 0.6862 0.0598 0.0052 0.0005 1.0000 1.0000 0.3421 0.0304 0.0027 0.0002 1.0000 1.0000 0.1897 0.0171 0.0015 0.0001 1.0000 1.0000 0.1108 0.0100 0.0009 0.0001 1.0000 0.7251 0.0657 0.0059 0.0005 1.0000 1.0000 0.4290 0.0388 0.0035 0.0003 1.0000 1.0000 0.2330
1.0000 1.0000 0.0003 0.0039 0.0426 0.4700 1.0000 1.0000 0.0006 0.0065 0.0719 0.7944 1.0000 0.0001 0.0010 0.0110 0.1216 1.0000 1.0000 0.0002 0.0017 0.0187 0.2067 1.0000 1.0000 0.0003 0.0029 0.0326 0.3643 1.0000 1.0000 0.0005 0.0054 0.0617 0.7021 1.0000 0.0001 0.0010 0.0114 0.1324 1.0000 1.0000 0.0002 0.0023 0.0275 0.3256 1.0000 1.0000 0.0005 0.0053 0.0256 0.0053 0.0005 1.0000 1.0000 0.3256 0.0275 0.0023 0.0002 1.0000 1.0000 0.1324 0.0114 0.0010 0.0001 1.0000 0.7021 0.0617 0.0054 0.0005 1.0000 1.0000 0.3643 0.0326 0.0029 0.0003 1.0000 1.0000 0.2067 0.0187 0.0017 0.0002 1.0000 1.0000 0.1216 0.0110 0.0010 0.0001 1.0000 0.7944 0.0719 0.0065 0.0006 1.0000 1.0000 0.4700 0.0426 0.0039 0.0003 1.0000 1.0000
1.0000 0.0004 0.0042 0.0467 0.5159 1.0000 0.0001 0.0006 0.0071 0.0788 0.8704 1.0000 0.0001 0.0011 0.0121 0.1332 1.0000 1.0000 0.0002 0.0018 0.0204 0.2260 1.0000 1.0000 0.0003 0.0032 0.0352 0.3916 1.0000 1.0000 0.0005 0.0057 0.0645 0.7293 1.0000 0.0001 0.0010 0.0115 0.1324 1.0000 1.0000 0.0002 0.0023 0.0265 0.3117 1.0000 1.0000 0.0005 0.0056 0.0598 0.2872 0.0598 0.0056 0.0005 1.0000 1.0000 0.3117 0.0265 0.0023 0.0002 1.0000 1.0000 0.1324 0.0115 0.0010 0.0001 1.0000 0.7293 0.0645 0.0057 0.0005 1.0000 1.0000 0.3916 0.0352 0.0032 0.0003 1.0000 1.0000 0.2260 0.0204 0.0018 0.0002 1.0000 1.0000 0.1332 0.0121 0.0011 0.0001 1.0000 0.8704 0.0788 0.0071 0.0006 0.0001 1.0000 0.5159 0.0467 0.0042 0.0004 1.0000
0.0004 0.0046 0.0512 0.5652 1.0000 0.0001 0.0007 0.0078 0.0865 0.9554 1.0000 0.0001 0.0012 0.0132 0.1462 1.0000 1.0000 0.0002 0.0020 0.0223 0.2471 1.0000 1.0000 0.0003 0.0035 0.0383 0.4241 1.0000 1.0000 0.0005 0.0061 0.0685 0.7692 1.0000 0.0001 0.0010 0.0118 0.1345 1.0000 1.0000 0.0002 0.0022 0.0259 0.3023 1.0000 1.0000 0.0005 0.0054 0.0631 0.6733 1.0000 0.6733 0.0631 0.0054 0.0005 1.0000 1.0000 0.3023 0.0259 0.0022 0.0002 1.0000 1.0000 0.1345 0.0118 0.0010 0.0001 1.0000 0.7692 0.0685 0.0061 0.0005 1.0000 1.0000 0.4241 0.0383 0.0035 0.0003 1.0000 1.0000 0.2471 0.0223 0.0020 0.0002 1.0000 1.0000 0.1462 0.0132 0.0012 0.0001 1.0000 0.9554 0.0865 0.0078 0.0007 0.0001 1.0000 0.5652 0.0512 0.0046 0.0004
0.0047 0.0562 0.6192 1.0000 0.0001 0.0008 0.0086 0.0948 1.0000 1.0000 0.0001 0.0013 0.0145 0.1602 1.0000 1.0000 0.0002 0.0022 0.0245 0.2708 1.0000 1.0000 0.0003 0.0038 0.0417 0.4620 1.0000 1.0000 0.0006 0.0065 0.0732 0.8190 1.0000 0.0001 0.0011 0.0122 0.1386 1.0000 1.0000 0.0002 0.0022 0.0257 0.2978 1.0000 1.0000 0.0004 0.0052 0.0614 0.7115 1.0000 1.0000 1.0000 0.7115 0.0614 0.0052 0.0004 1.0000 1.0000 0.2978 0.0257 0.0022 0.0002 1.0000 1.0000 0.1386 0.0122 0.0011 0.0001 1.0000 0.8190 0.0732 0.0065 0.0006 1.0000 1.0000 0.4620 0.0417 0.0038 0.0003 1.0000 1.0000 0.2708 0.0245 0.0022 0.0002 1.0000 1.0000 0.1602 0.0145 0.0013 0.0001 1.0000 1.0000 0.0948 0.0086 0.0008 0.0001 1.0000 0.6192 0.0562 0.0047
0.0565 0.6797 1.0000 0.0001 0.0009 0.0094 0.1040 1.0000 1.0000 0.0001 0.0014 0.0159 0.1755 1.0000 1.0000 0.0002 0.0024 0.0269 0.2966 1.0000 1.0000 0.0004 0.0041 0.0456 0.5043 1.0000 1.0000 0.0006 0.0071 0.0788 0.8787 1.0000 0.0001 0.0011 0.0129 0.1451 1.0000 1.0000 0.0002 0.0023 0.0259 0.2978 1.0000 1.0000 0.0004 0.0051 0.0595 0.6967 1.0000 0.0001 0.0004 0.0001 1.0000 0.6967 0.0594 0.0051 0.0004 1.0000 1.0000 0.2978 0.0259 0.0023 0.0002 1.0000 1.0000 0.1451 0.0129 0.0011 0.0001 1.0000 0.8787 0.0788 0.0071 0.0006 1.0000 1.0000 0.5043 0.0456 0.0041 0.0004 1.0000 1.0000 0.2966 0.0269 0.0024 0.0002 1.0000 1.0000 0.1755 0.0159 0.0014 0.0001 1.0000 1.0000 0.1040 0.0094 0.0009 0.0001 1.0000 0.6797 0.0565
0.6836 1.0000 0.0001 0.0009 0.0103 0.1140 1.0000 1.0000 0.0001 0.0016 0.0174 0.1926 1.0000 1.0000 0.0002 0.0027 0.0295 0.3256 1.0000 1.0000 0.0004 0.0045 0.0498 0.5514 1.0000 0.0001 0.0007 0.0077 0.0854 0.9481 1.0000 0.0001 0.0012 0.0137 0.1536 1.0000 1.0000 0.0002 0.0023 0.0265 0.3023 1.0000 1.0000 0.0004 0.0049 0.0581 0.6823 1.0000 0.0001 0.0009 0.0043 0.0009 0.0001 1.0000 0.6720 0.0580 0.0050 0.0004 1.0000 1.0000 0.3023 0.0265 0.0023 0.0002 1.0000 1.0000 0.1536 0.0137 0.0012 0.0001 1.0000 0.9481 0.0854 0.0077 0.0007 0.0001 1.0000 0.5514 0.0498 0.0045 0.0004 1.0000 1.0000 0.3256 0.0295 0.0027 0.0002 1.0000 1.0000 0.1926 0.0174 0.0016 0.0001 1.0000 1.0000 0.1140 0.0103 0.0009 0.0001 1.0000 0.6836
1.0000 0.0001 0.0010 0.0113 0.1249 1.0000 1.0000 0.0002 0.0017 0.0191 0.2110 1.0000 1.0000 0.0003 0.0029 0.0323 0.3567 1.0000 1.0000 0.0004 0.0049 0.0546 0.6030 1.0000 0.0001 0.0008 0.0084 0.0930 1.0000 1.0000 0.0001 0.0013 0.0147 0.1639 1.0000 1.0000 0.0002 0.0024 0.0275 0.3117 1.0000 1.0000 0.0004 0.0050 0.0577 0.6644 1.0000 0.0001 0.0010 0.0104 0.0494 0.0101 0.0010 0.0001 1.0000 0.6619 0.0576 0.0050 0.0004 1.0000 1.0000 0.3117 0.0275 0.0024 0.0002 1.0000 1.0000 0.1639 0.0147 0.0013 0.0001 1.0000 1.0000 0.0930 0.0084 0.0008 0.0001 1.0000 0.6030 0.0546 0.0049 0.0004 1.0000 1.0000 0.3567 0.0323 0.0029 0.0003 1.0000 1.0000 0.2110 0.0191 0.0017 0.0002 1.0000 1.0000 0.1249 0.0113 0.0010 0.0001 1.0000
0.0001 0.0011 0.0124 0.1368 1.0000 1.0000 0.0002 0.0019 0.0209 0.2312 1.0000 1.0000 0.0003 0.0032 0.0354 0.3908 1.0000 1.0000 0.0005 0.0054 0.0598 0.6606 1.0000 0.0001 0.0008 0.0092 0.1015 1.0000 1.0000 0.0001 0.0014 0.0158 0.1762 1.0000 1.0000 0.0002 0.0026 0.0289 0.3256 1.0000 1.0000 0.0004 0.0051 0.0578 0.6797 1.0000 0.0001 0.0010 0.0110 0.1188 0.5620 0.1168 0.0111 0.0010 0.0001 1.0000 0.6759 0.0583 0.0050 0.0004 1.0000 1.0000 0.3256 0.0289 0.0026 0.0002 1.0000 1.0000 0.1762 0.0158 0.0014 0.0001 1.0000 1.0000 0.1015 0.0092 0.0008 0.0001 1.0000 0.6606 0.0598 0.0054 0.0005 1.0000 1.0000 0.3908 0.0354 0.0032 0.0003 1.0000 1.0000 0.2312 0.0209 0.0019 0.0002 1.0000 1.0000 0.1368 0.0124 0.0011 0.0001
0.0011 0.0136 0.1499 1.0000 1.0000 0.0002 0.0021 0.0229 0.2533 1.0000 1.0000 0.0003 0.0035 0.0388 0.4282 1.0000 1.0000 0.0005 0.0059 0.0654 0.7224 1.0000 0.0001 0.0009 0.0100 0.1110 1.0000 1.0000 0.0001 0.0015 0.0172 0.1904 1.0000 1.0000 0.0002 0.0027 0.0306 0.3441 1.0000 1.0000 0.0005 0.0052 0.0595 0.6823 1.0000 0.0001 0.0010 0.0111 0.1299 1.0000 1.0000 1.0000 0.1268 0.0110 0.0010 0.0001 1.0000 0.6720 0.0589 0.0052 0.0005 1.0000 1.0000 0.3441 0.0306 0.0027 0.0002 1.0000 1.0000 0.1904 0.0172 0.0015 0.0001 1.0000 1.0000 0.1110 0.0100 0.0009 0.0001 1.0000 0.7224 0.0654 0.0059 0.0005 1.0000 1.0000 0.4282 0.0388 0.0035 0.0003 1.0000 1.0000 0.2533 0.0229 0.0021 0.0002 1.0000 1.0000 0.1499 0.0136 0.0011
0.0136 0.1636 1.0000 1.0000 0.0002 0.0023 0.0250 0.2760 1.0000 1.0000 0.0003 0.0038 0.0422 0.4664 1.0000 1.0000 0.0006 0.0065 0.0712 0.7869 1.0000 0.0001 0.0010 0.0109 0.1207 1.0000 1.0000 0.0002 0.0017 0.0186 0.2063 1.0000 1.0000 0.0003 0.0029 0.0326 0.3650 1.0000 1.0000 0.0005 0.0054 0.0614 0.6967 1.0000 0.0001 0.0010 0.0110 0.1280 1.0000 1.0000 0.0001 1.0000 1.0000 0.1265 0.0110 0.0010 0.0001 1.0000 0.6901 0.0613 0.0054 0.0005 1.0000 1.0000 0.3650 0.0326 0.0029 0.0003 1.0000 1.0000 0.2063 0.0186 0.0017 0.0002 1.0000 1.0000 0.1207 0.0109 0.0010 0.0001 1.0000 0.7869 0.0712 0.0065 0.0006 1.0000 1.0000 0.4664 0.0422 0.0038 0.0003 1.0000 1.0000 0.2760 0.0250 0.0023 0.0002 1.0000 1.0000 0.1636 0.0136
0.1599 1.0000 1.0000 0.0002 0.0024 0.0268 0.2955 1.0000 1.0000 0.0004 0.0041 0.0451 0.4985 1.0000 1.0000 0.0006 0.0069 0.0763 0.8427 1.0000 0.0001 0.0011 0.0117 0.1290 1.0000 1.0000 0.0002 0.0018 0.0198 0.2196 1.0000 1.0000 0.0003 0.0031 0.0344 0.3827 1.0000 1.0000 0.0005 0.0056 0.0631 0.7115 1.0000 0.0001 0.0010 0.0110 0.1258 1.0000 1.0000 0.0002 0.0008 0.0002 1.0000 1.0000 0.1256 0.0109 0.0010 0.0001 1.0000 0.7115 0.0631 0.0056 0.0005 1.0000 1.0000 0.3827 0.0344 0.0031 0.0003 1.0000 1.0000 0.2196 0.0198 0.0018 0.0002 1.0000 1.0000 0.1290 0.0117 0.0011 0.0001 1.0000 0.8427 0.0763 0.0069 0.0006 1.0000 1.0000 0.4985 0.0451 0.0041 0.0004 1.0000 1.0000 0.2955 0.0268 0.0024 0.0002 1.0000 1.0000 0.1599
1.0000 1.0000 0.0002 0.0024 0.0262 0.2888 1.0000 1.0000 0.0004 0.0040 0.0442 0.4882 1.0000 1.0000 0.0006 0.0068 0.0747 0.8252 1.0000 0.0001 0.0010 0.0114 0.1263 1.0000 1.0000 0.0002 0.0018 0.0194 0.2147 1.0000 1.0000 0.0003 0.0030 0.0334 0.3706 1.0000 1.0000 0.0005 0.0053 0.0598 0.6733 1.0000 0.0001 0.0009 0.0102 0.1157 1.0000 1.0000 0.0002 0.0017 0.0081 0.0017 0.0002 1.0000 1.0000 0.1170 0.0101 0.0009 0.0001 1.0000 0.6733 0.0599 0.0053 0.0005 1.0000 1.0000 0.3706 0.0334 0.0030 0.0003 1.0000 1.0000 0.2147 0.0194 0.0018 0.0002 1.0000 1.0000 0.1263 0.0114 0.0010 0.0001 1.0000 0.8252 0.0747 0.0068 0.0006 1.0000 1.0000 0.4882 0.0442 0.0040 0.0004 1.0000 1.0000 0.2888 0.0262 0.0024 0.0002 1.0000 1.0000
1.0000 0.0001 0.0010 0.0114 0.1261 1.0000 1.0000 0.0002 0.0017 0.0193 0.2131 1.0000 1.0000 0.0003 0.0029 0.0325 0.3595 1.0000 1.0000 0.0005 0.0050 0.0550 0.6087 1.0000 0.0001 0.0008 0.0085 0.0933 1.0000 1.0000 0.0001 0.0013 0.0144 0.1602 1.0000 1.0000 0.0002 0.0023 0.0256 0.2872 1.0000 1.0000 0.0004 0.0043 0.0489 0.5504 1.0000 0.0001 0.0008 0.0079 0.0362 0.0080 0.0008 0.0001 1.0000 0.5588 0.0490 0.0043 0.0004 1.0000 1.0000 0.2867 0.0256 0.0023 0.0002 1.0000 1.0000 0.1602 0.0144 0.0013 0.0001 1.0000 1.0000 0.0933 0.0085 0.0008 0.0001 1.0000 0.6087 0.0550 0.0050 0.0005 1.0000 1.0000 0.3595 0.0325 0.0029 0.0003 1.0000 1.0000 0.2131 0.0193 0.0017 0.0002 1.0000 1.0000 0.1261 0.0114 0.0010 0.0001 1.0000
1.0000 1.0000 0.0002 0.0024 0.0262 0.2888 1.0000 1.0000 0.0004 0.0040 0.0442 0.4882 1.0000 1.0000 0.0006 0.0068 0.0747 0.8252 1.0000 0.0001 0.0010 0.0114 0.1263 1.0000 1.0000 0.0002 0.0018 0.0194 0.2147 1.0000 1.0000 0.0003 0.0030 0.0334 0.3706 1.0000 1.0000 0.0005 0.0053 0.0598 0.6733 1.0000 0.0001 0.0009 0.0104 0.1186 1.0000 1.0000 0.0002 0.0017 0.0080 0.0017 0.0002 1.0000 1.0000 0.1162 0.0102 0.0009 0.0001 1.0000 0.6733 0.0599 0.0053 0.0005 1.0000 1.0000 0.3706 0.0334 0.0030 0.0003 1.0000 1.0000 0.2147 0.0194 0.0018 0.0002 1.0000 1.0000 0.1263 0.0114 0.0010 0.0001 1.0000 0.8252 0.0747 0.0068 0.0006 1.0000 1.0000 0.4882 0.0442 0.0040 0.0004 1.0000 1.0000 0.2888 0.0262 0.0024 0.0002 1.0000 1.0000
0.1599 1.0000 1.0000 0.0002 0.0024 0.0268 0.2955 1.0000 1.0000 0.0004 0.0041 0.0451 0.4985 1.0000 1.0000 0.0006 0.0069 0.0763 0.8427 1.0000 0.0001 0.0011 0.0117 0.1290 1.0000 1.0000 0.0002 0.0018 0.0198 0.2196 1.0000 1.0000 0.0003 0.0031 0.0344 0.3827 1.0000 1.0000 0.0005 0.0056 0.0631 0.7115 1.0000 0.0001 0.0010 0.0112 0.1277 1.0000 1.0000 0.0002 0.0008 0.0002 1.0000 1.0000 0.1285 0.0110 0.0010 0.0001 1.0000 0.7115 0.0630 0.0056 0.0005 1.0000 1.0000 0.3827 0.0344 0.0031 0.0003 1.0000 1.0000 0.2196 0.0198 0.0018 0.0002 1.0000 1.0000 0.1290 0.0117 0.0011 0.0001 1.0000 0.8427 0.0763 0.0069 0.0006 1.0000 1.0000 0.4985 0.0451 0.0041 0.0004 1.0000 1.0000 0.2955 0.0268 0.0024 0.0002 1.0000 1.0000 0.1599
0.0136 0.1636 1.0000 1.0000 0.0002 0.0023 0.0250 0.2760 1.0000 1.0000 0.0003 0.0038 0.0422 0.4664 1.0000 1.0000 0.0006 0.0065 0.0712 0.7869 1.0000 0.0001 0.0010 0.0109 0.1207 1.0000 1.0000 0.0002 0.0017 0.0186 0.2063 1.0000 1.0000 0.0003 0.0029 0.0326 0.3650 1.0000 1.0000 0.0005 0.0054 0.0614 0.6967 1.0000 0.0001 0.0010 0.0112 0.1307 1.0000 1.0000 0.0001 1.0000 1.0000 0.1317 0.0113 0.0010 0.0001 1.0000 0.7074 0.0613 0.0054 0.0005 1.0000 1.0000 0.3650 0.0326 0.0029 0.0003 1.0000 1.0000 0.2063 0.0186 0.0017 0.0002 1.0000 1.0000 0.1207 0.0109 0.0010 0.0001 1.0000 0.7869 0.0712 0.0065 0.0006 1.0000 1.0000 0.4664 0.0422 0.0038 0.0003 1.0000 1.0000 0.2760 0.0250 0.0023 0.0002 1.0000 1.0000 0.1636 0.0136
0.0011 0.0136 0.1499 1.0000 1.0000 0.0002 0.0021 0.0229 0.2533 1.0000 1.0000 0.0003 0.0035 0.0388 0.4282 1.0000 1.0000 0.0005 0.0059 0.0654 0.7224 1.0000 0.0001 0.0009 0.0100 0.1110 1.0000 1.0000 0.0001 0.0015 0.0172 0.1904 1.0000 1.0000 0.0002 0.0027 0.0306 0.3441 1.0000 1.0000 0.0005 0.0052 0.0594 0.6771 1.0000 0.0001 0.0010 0.0112 0.1287 1.0000 1.0000 1.0000 0.1258 0.0111 0.0010 0.0001 1.0000 0.6954 0.0610 0.0052 0.0005 1.0000 1.0000 0.3441 0.0306 0.0027 0.0002 1.0000 1.0000 0.1904 0.0172 0.0015 0.0001 1.0000 1.0000 0.1110 0.0100 0.0009 0.0001 1.0000 0.7224 0.0654 0.0059 0.0005 1.0000 1.0000 0.4282 0.0388 0.0035 0.0003 1.0000 1.0000 0.2533 0.0229 0.0021 0.0002 1.0000 1.0000 0.1499 0.0136 0.0011
0.0001 0.0011 0.0124 0.1368 1.0000 1.0000 0.0002 0.0019 0.0209 0.2312 1.0000 1.0000 0.0003 0.0032 0.0354 0.3908 1.0000 1.0000 0.0005 0.0054 0.0598 0.6606 1.0000 0.0001 0.0008 0.0092 0.1015 1.0000 1.0000 0.0001 0.0014 0.0158 0.1762 1.0000 1.0000 0.0002 0.0026 0.0289 0.3256 1.0000 1.0000 0.0004 0.0051 0.0570 0.6682 1.0000 0.0001 0.0010 0.0112 0.1182 0.5577 0.1162 0.0112 0.0010 0.0001 1.0000 0.6720 0.0596 0.0052 0.0004 1.0000 1.0000 0.3256 0.0289 0.0026 0.0002 1.0000 1.0000 0.1762 0.0158 0.0014 0.0001 1.0000 1.0000 0.1015 0.0092 0.0008 0.0001 1.0000 0.6606 0.0598 0.0054 0.0005 1.0000 1.0000 0.3908 0.0354 0.0032 0.0003 1.0000 1.0000 0.2312 0.0209 0.0019 0.0002 1.0000 1.0000 0.1368 0.0124 0.0011 0.0001
