-3.6783 -29.1735 -38.2065 -41.5873 6.4508 31.1927 -20.0437 -33.4579 -40.7344 -28.7355 17.9304 9.0889 -27.4761 -37.2153 -41.7704 1.7905 28.7081 -17.0095 -32.1685 -40.1029 -35.9358 14.2860 24.0473 -25.2763 -36.0965 -41.5679 -5.1763 25.4705 -12.9182 -30.8343 -39.3202 -39.7812 10.8207 30.7928 -22.9923 -34.9100 -41.2715 -15.8308 22.1626 -6.3055 -29.4591 -38.4086 -41.4460 7.1418 31.4344 -20.4885 -33.6600 -40.8400 -28.1527 16.2067 30.6856 16.2067 -28.1527 -40.8400 -33.6600 -20.4885 31.4344 7.1418 -41.4460 -38.4086 -29.4591 -6.3055 22.1626 -15.8308 -41.2715 -34.9100 -22.9923 30.7928 10.8207 -39.7812 -39.3202 -30.8343 -12.9182 25.4705 -5.1763 -41.5679 -36.0965 -25.2763 24.0473 14.2860 -35.9358 -40.1029 -32.1685 -17.0095 28.7081 1.7905 -41.7704 -37.2153 -27.4761 9.0889 17.9304 -28.7355 -40.7344 -33.4579 -20.0437 31.1927 6.4508 -41.5873 -38.2065 -29.1735 -3.6783
-29.1735 -40.7596 -43.2541 6.5414 31.3699 -20.5349 -36.0691 -42.9787 -29.9242 17.5750 14.1314 -29.7064 -39.7069 -43.6131 1.6871 28.3856 -16.9318 -34.8091 -42.4276 -37.3444 14.0943 27.5065 -26.8514 -38.6266 -43.5781 -5.4998 25.0688 -12.0824 -33.5176 -41.7082 -41.3450 10.7246 32.2022 -24.0233 -37.4748 -43.4068 -16.6266 21.8557 -3.9132 -32.1959 -40.8495 -43.1439 7.0852 31.6891 -21.0301 -36.2639 -43.0624 -28.5977 17.6544 19.7004 -21.6696 19.7004 17.6544 -28.5977 -43.0624 -36.2639 -21.0301 31.6891 7.0852 -43.1439 -40.8495 -32.1959 -3.9132 21.8557 -16.6266 -43.4068 -37.4748 -24.0233 32.2022 10.7246 -41.3450 -41.7082 -33.5176 -12.0824 25.0688 -5.4998 -43.5781 -38.6266 -26.8514 27.5065 14.0943 -37.3444 -42.4276 -34.8091 -16.9318 28.3856 1.6871 -43.6131 -39.7069 -29.7064 14.1314 17.5750 -29.9242 -42.9787 -36.0691 -20.5349 31.3699 6.5414 -43.2541 -40.7596 -29.1735
-38.2065 -43.2541 6.1283 30.9700 -19.8643 -35.7822 -42.8467 -32.1905 16.6141 18.5093 -28.9360 -39.4228 -43.6035 0.0681 27.4724 -15.7911 -34.4598 -42.2447 -38.6987 13.1609 29.5193 -26.0878 -38.3176 -43.5414 -8.1393 24.1504 -10.3399 -33.1600 -41.4857 -41.9961 9.7654 32.4247 -23.2365 -37.1497 -43.3249 -20.0055 20.9223 -0.5551 -31.8305 -40.5938 -43.3645 5.9723 31.0762 -20.1566 -35.9280 -42.9287 -30.9936 17.0279 17.6676 -28.2204 -35.9462 -28.2204 17.6676 17.0279 -30.9936 -42.9287 -35.9280 -20.1566 31.0762 5.9723 -43.3645 -40.5938 -31.8305 -0.5551 20.9223 -20.0055 -43.3249 -37.1497 -23.2365 32.4247 9.7654 -41.9961 -41.4857 -33.1600 -10.3399 24.1504 -8.1393 -43.5414 -38.3176 -26.0878 29.5193 13.1609 -38.6987 -42.2447 -34.4598 -15.7911 27.4724 0.0681 -43.6035 -39.4228 -28.9360 18.5093 16.6141 -32.1905 -42.8467 -35.7822 -19.8643 30.9700 6.1283 -43.2541 -38.2065
-41.5873 6.5414 30.9700 -19.5959 -35.6077 -42.7401 -33.8679 15.8128 22.0772 -28.2111 -39.1439 -43.5970 -1.7230 26.5699 -14.5545 -34.1121 -42.0523 -39.8358 12.2557 30.9314 -25.3263 -38.0075 -43.5002 -11.0864 23.2754 -8.3146 -32.8036 -41.2548 -42.5165 8.7995 32.3445 -22.4374 -36.8242 -43.2359 -23.2825 19.9083 3.4294 -31.3953 -40.3313 -43.5102 4.7975 30.3466 -19.2454 -35.5918 -42.7876 -33.2250 16.1561 20.6507 -28.3724 -39.1410 -44.2883 -39.1410 -28.3724 20.6507 16.1561 -33.2250 -42.7876 -35.5918 -19.2454 30.3466 4.7975 -43.5102 -40.3313 -31.3953 3.4294 19.9083 -23.2825 -43.2359 -36.8242 -22.4374 32.3445 8.7995 -42.5165 -41.2548 -32.8036 -8.3146 23.2754 -11.0864 -43.5002 -38.0075 -25.3263 30.9314 12.2557 -39.8358 -42.0523 -34.1121 -14.5545 26.5699 -1.7230 -43.5970 -39.1439 -28.2111 22.0772 15.8128 -33.8679 -42.7401 -35.6077 -19.5959 30.9700 6.5414 -41.5873
6.4508 31.3699 -19.8643 -35.6077 -42.6973 -34.7596 15.2457 24.5331 -27.5866 -38.8847 -43.5818 -3.6660 25.7092 -13.2114 -33.7684 -41.8518 -40.7734 11.3503 31.8327 -24.5590 -37.6943 -43.4467 -14.2983 22.4122 -5.8904 -32.4445 -41.0170 -42.9183 7.7994 32.0241 -21.6161 -36.4966 -43.1332 -26.3582 18.8454 7.9838 -30.7386 -40.0632 -43.5839 3.5279 29.5309 -18.2814 -35.2532 -42.6377 -35.1912 15.2463 23.9772 -27.7774 -38.9641 -44.5135 -35.7303 -44.5135 -38.9641 -27.7774 23.9772 15.2463 -35.1912 -42.6377 -35.2532 -18.2814 29.5309 3.5279 -43.5839 -40.0632 -30.7386 7.9838 18.8454 -26.3582 -43.1332 -36.4966 -21.6161 32.0241 7.7994 -42.9183 -41.0170 -32.4445 -5.8904 22.4122 -14.2983 -43.4467 -37.6943 -24.5590 31.8327 11.3503 -40.7734 -41.8518 -33.7684 -13.2114 25.7092 -3.6660 -43.5818 -38.8847 -27.5866 24.5331 15.2457 -34.7596 -42.6973 -35.6077 -19.8643 31.3699 6.4508
31.1927 -20.5349 -35.7822 -42.7401 -34.7596 15.0389 25.7649 -27.1485 -38.6766 -43.5606 -5.6346 24.9239 -11.7846 -33.4372 -41.6473 -41.5272 10.4447 32.3025 -23.7889 -37.3752 -43.3811 -17.6568 21.5579 -2.9649 -32.0833 -40.7700 -43.2135 6.7456 31.5185 -20.7675 -36.1636 -43.0183 -29.1593 17.8295 12.7666 -29.9378 -39.7876 -43.6049 2.1263 28.6581 -17.2530 -34.9097 -42.4758 -36.8784 14.3362 26.8024 -27.0587 -38.6993 -43.6636 -8.7590 13.5730 -8.7590 -43.6636 -38.6993 -27.0587 26.8024 14.3362 -36.8784 -42.4758 -34.9097 -17.2530 28.6581 2.1263 -43.6049 -39.7876 -29.9378 12.7666 17.8295 -29.1593 -43.0183 -36.1636 -20.7675 31.5185 6.7456 -43.2135 -40.7700 -32.0833 -2.9649 21.5579 -17.6568 -43.3811 -37.3752 -23.7889 32.3025 10.4447 -41.5272 -41.6473 -33.4372 -11.7846 24.9239 -5.6346 -43.5606 -38.6766 -27.1485 25.7649 15.0389 -34.7596 -42.7401 -35.7822 -20.5349 31.1927
-20.0437 -36.0691 -42.8467 -33.8679 15.2457 25.7649 -26.9877 -38.5577 -43.5407 -7.3291 24.2694 -10.3685 -33.1338 -41.4468 -42.1079 9.5515 32.4304 -23.0232 -37.0569 -43.3002 -20.9875 20.6270 0.5785 -31.7212 -40.5145 -43.4169 5.6284 30.8670 -19.8880 -35.8285 -42.8867 -31.6453 16.8518 17.3662 -29.1521 -39.5053 -43.6055 0.5663 27.7476 -16.1481 -34.5646 -42.2979 -38.3083 13.4319 28.9910 -26.3113 -38.4047 -43.5710 -8.2542 22.1090 29.9620 22.1090 -8.2542 -43.5710 -38.4047 -26.3113 28.9910 13.4319 -38.3083 -42.2979 -34.5646 -16.1481 27.7476 0.5663 -43.6055 -39.5053 -29.1521 17.3662 16.8518 -31.6453 -42.8867 -35.8285 -19.8880 30.8670 5.6284 -43.4169 -40.5145 -31.7212 0.5785 20.6270 -20.9875 -43.3002 -37.0569 -23.0232 32.4304 9.5515 -42.1079 -41.4468 -33.1338 -10.3685 24.2694 -7.3291 -43.5407 -38.5577 -26.9877 25.7649 15.2457 -33.8679 -42.8467 -36.0691 -20.0437
-33.4579 -42.9787 -32.1905 15.8128 24.5331 -27.1485 -38.5577 -43.5315 -8.3182 23.8298 -9.1584 -32.8809 -41.2663 -42.5294 8.7012 32.3071 -22.2701 -36.7461 -43.2088 -24.1512 19.6022 4.7254 -31.2219 -40.2527 -43.5400 4.4261 30.1093 -18.9606 -35.4902 -42.7448 -33.8333 15.9057 21.4461 -28.3761 -39.2181 -43.6021 -1.1975 26.8337 -14.9353 -34.2166 -42.1111 -39.5155 12.5308 30.5663 -25.5527 -38.0983 -43.5192 -10.4328 23.2236 -4.5227 -26.5198 -4.5227 23.2236 -10.4328 -43.5192 -38.0983 -25.5527 30.5663 12.5308 -39.5155 -42.1111 -34.2166 -14.9353 26.8337 -1.1975 -43.6021 -39.2181 -28.3761 21.4461 15.9057 -33.8333 -42.7448 -35.4902 -18.9606 30.1093 4.4261 -43.5400 -40.2527 -31.2219 4.7254 19.6022 -24.1512 -43.2088 -36.7461 -22.2701 32.3071 8.7012 -42.5294 -41.2663 -32.8809 -9.1584 23.8298 -8.3182 -43.5315 -38.5577 -27.1485 24.5331 15.8128 -32.1905 -42.9787 -33.4579
-40.7344 -29.9242 16.6141 22.0772 -27.5866 -38.6766 -43.5407 -8.3182 23.6750 -8.4434 -32.7106 -41.1244 -42.8134 7.9470 32.0340 -21.5629 -36.4500 -43.1089 -27.0074 18.5943 9.2449 -30.5150 -39.9841 -43.5935 3.1187 29.2730 -17.9799 -35.1490 -42.5899 -35.7204 14.9792 24.8298 -27.6083 -38.9224 -43.5919 -3.2099 25.9283 -13.5929 -33.8663 -41.9128 -40.5152 11.6224 31.6080 -24.7897 -37.7876 -43.4654 -13.3976 22.5929 -5.7433 -31.9117 -38.0122 -31.9117 -5.7433 22.5929 -13.3976 -43.4654 -37.7876 -24.7897 31.6080 11.6224 -40.5152 -41.9128 -33.8663 -13.5929 25.9283 -3.2099 -43.5919 -38.9224 -27.6083 24.8298 14.9792 -35.7204 -42.5899 -35.1490 -17.9799 29.2730 3.1187 -43.5935 -39.9841 -30.5150 9.2449 18.5943 -27.0074 -43.1089 -36.4500 -21.5629 32.0340 7.9470 -42.8134 -41.1244 -32.7106 -8.4434 23.6750 -8.3182 -43.5407 -38.6766 -27.5866 22.0772 16.6141 -29.9242 -40.7344
-28.7355 17.5750 18.5093 -28.2111 -38.8847 -43.5606 -7.3291 23.8298 -8.4434 -32.6503 -41.0461 -42.9753 7.3635 31.7234 -20.9450 -36.1864 -43.0063 -29.4263 17.6728 13.7247 -29.7523 -39.7154 -43.6050 1.7009 28.3910 -16.9373 -34.8066 -42.4226 -37.3345 14.0669 27.5124 -26.8492 -38.6228 -43.5710 -5.5071 25.0326 -12.0784 -33.5151 -41.7036 -41.3352 10.7039 32.2032 -24.0210 -37.4720 -43.4031 -16.6803 21.7906 -3.6302 -32.0625 -40.9108 -45.3106 -40.9108 -32.0625 -3.6302 21.7906 -16.6803 -43.4031 -37.4720 -24.0210 32.2032 10.7039 -41.3352 -41.7036 -33.5151 -12.0784 25.0326 -5.5071 -43.5710 -38.6228 -26.8492 27.5124 14.0669 -37.3345 -42.4226 -34.8066 -16.9373 28.3910 1.7009 -43.6050 -39.7154 -29.7523 13.7247 17.6728 -29.4263 -43.0063 -36.1864 -20.9450 31.7234 7.3635 -42.9753 -41.0461 -32.6503 -8.4434 23.8298 -7.3291 -43.5606 -38.8847 -28.2111 18.5093 17.5750 -28.7355
17.9304 14.1314 -28.9360 -39.1439 -43.5818 -5.6346 24.2694 -9.1584 -32.7106 -41.0461 -43.0272 7.0398 31.4798 -20.4742 -35.9744 -42.9116 -31.3607 16.8713 17.6668 -29.0423 -39.4511 -43.6034 0.1552 27.5044 -15.8232 -34.4641 -42.2449 -38.6976 13.1609 29.5192 -26.0878 -38.3176 -43.5416 -8.1391 24.1504 -10.3400 -33.1601 -41.4857 -41.9963 9.7654 32.4247 -23.2365 -37.1497 -43.3272 -20.0252 20.9065 -0.4559 -31.7980 -40.5808 -44.0679 -19.6467 -44.0679 -40.5808 -31.7980 -0.4559 20.9065 -20.0252 -43.3272 -37.1497 -23.2365 32.4247 9.7654 -41.9963 -41.4857 -33.1601 -10.3400 24.1504 -8.1391 -43.5416 -38.3176 -26.0878 29.5192 13.1609 -38.6976 -42.2449 -34.4641 -15.8232 27.5044 0.1552 -43.6034 -39.4511 -29.0423 17.6668 16.8713 -31.3607 -42.9116 -35.9744 -20.4742 31.4798 7.0398 -43.0272 -41.0461 -32.7106 -9.1584 24.2694 -5.6346 -43.5818 -39.1439 -28.9360 14.1314 17.9304
9.0889 -29.7064 -39.4228 -43.5970 -3.6660 24.9239 -10.3685 -32.8809 -41.1244 -42.9753 7.0398 31.3880 -20.2175 -35.8341 -42.8368 -32.7671 16.2157 20.7807 -28.4159 -39.2017 -43.5973 -1.5052 26.6488 -14.6339 -34.1273 -42.0568 -39.8198 12.2647 30.9234 -25.3264 -38.0075 -43.5002 -11.0864 23.2754 -8.3146 -32.8036 -41.2548 -42.5165 8.7995 32.3445 -22.4374 -36.8242 -43.2359 -23.2823 19.8981 3.4966 -31.3810 -40.3261 -43.5278 2.7072 18.4458 2.7072 -43.5278 -40.3261 -31.3810 3.4966 19.8981 -23.2823 -43.2359 -36.8242 -22.4374 32.3445 8.7995 -42.5165 -41.2548 -32.8036 -8.3146 23.2754 -11.0864 -43.5002 -38.0075 -25.3264 30.9234 12.2647 -39.8198 -42.0568 -34.1273 -14.6339 26.6488 -1.5052 -43.5973 -39.2017 -28.4159 20.7807 16.2157 -32.7671 -42.8368 -35.8341 -20.2175 31.3880 7.0398 -42.9753 -41.1244 -32.8809 -10.3685 24.9239 -3.6660 -43.5970 -39.4228 -29.7064 9.0889
-27.4761 -39.7069 -43.6035 -1.7230 25.7092 -11.7846 -33.1338 -41.2663 -42.8134 7.3635 31.4798 -20.2175 -35.7854 -42.7959 -33.6186 15.7427 22.9647 -27.8992 -38.9824 -43.5865 -3.2123 25.8565 -13.3902 -33.8010 -41.8655 -40.7326 11.3803 31.8149 -24.5714 -37.6957 -43.4450 -14.2983 22.4122 -5.8904 -32.4445 -41.0170 -42.9183 7.7994 32.0241 -21.6161 -36.4966 -43.1332 -26.3582 18.8428 8.0126 -30.7256 -40.0607 -43.5839 3.0375 27.6366 11.7648 27.6366 3.0375 -43.5839 -40.0607 -30.7256 8.0126 18.8428 -26.3582 -43.1332 -36.4966 -21.6161 32.0241 7.7994 -42.9183 -41.0170 -32.4445 -5.8904 22.4122 -14.2983 -43.4450 -37.6957 -24.5714 31.8149 11.3803 -40.7326 -41.8655 -33.8010 -13.3902 25.8565 -3.2123 -43.5865 -38.9824 -27.8992 22.9647 15.7427 -33.6186 -42.7959 -35.7854 -20.2175 31.4798 7.3635 -42.8134 -41.2663 -33.1338 -11.7846 25.7092 -1.7230 -43.6035 -39.7069 -27.4761
-37.2153 -43.6131 0.0681 26.5699 -13.2114 -33.4372 -41.4468 -42.5294 7.9470 31.7234 -20.4742 -35.8341 -42.7959 -33.9111 15.4950 24.2388 -27.5239 -38.8103 -43.5717 -4.8489 25.1561 -12.1331 -33.4954 -41.6744 -41.4604 10.5073 32.2857 -23.8207 -37.3831 -43.3792 -17.6262 21.5640 -2.9652 -32.0833 -40.7700 -43.2135 6.7456 31.5185 -20.7675 -36.1636 -43.0183 -29.1593 17.8295 12.7668 -29.9327 -39.7859 -43.6042 1.9953 28.3417 -15.2583 -29.9194 -15.2583 28.3417 1.9953 -43.6042 -39.7859 -29.9327 12.7668 17.8295 -29.1593 -43.0183 -36.1636 -20.7675 31.5185 6.7456 -43.2135 -40.7700 -32.0833 -2.9652 21.5640 -17.6262 -43.3792 -37.3831 -23.8207 32.2857 10.5073 -41.4604 -41.6744 -33.4954 -12.1331 25.1561 -4.8489 -43.5717 -38.8103 -27.5239 24.2388 15.4950 -33.9111 -42.7959 -35.8341 -20.4742 31.7234 7.9470 -42.5294 -41.4468 -33.4372 -13.2114 26.5699 0.0681 -43.6131 -37.2153
-41.7704 1.6871 27.4724 -14.5545 -33.7684 -41.6473 -42.1079 8.7012 32.0340 -20.9450 -35.9744 -42.8368 -33.6186 15.4950 24.6540 -27.3281 -38.7004 -43.5574 -6.2387 24.5865 -10.9319 -33.2244 -41.4927 -42.0135 9.6724 32.4298 -23.0836 -37.0759 -43.3022 -20.8951 20.6488 0.5366 -31.7232 -40.5137 -43.4169 5.6284 30.8670 -19.8880 -35.8285 -42.8867 -31.6453 16.8518 17.3662 -29.1521 -39.5058 -43.6060 0.5235 27.6681 -15.7360 -34.0206 -40.0009 -34.0206 -15.7360 27.6681 0.5235 -43.6060 -39.5058 -29.1521 17.3662 16.8518 -31.6453 -42.8867 -35.8285 -19.8880 30.8670 5.6284 -43.4169 -40.5137 -31.7232 0.5366 20.6488 -20.8951 -43.3022 -37.0759 -23.0836 32.4298 9.6724 -42.0135 -41.4927 -33.2244 -10.9319 24.5865 -6.2387 -43.5574 -38.7004 -27.3281 24.6540 15.4950 -33.6186 -42.8368 -35.9744 -20.9450 32.0340 8.7012 -42.1079 -41.6473 -33.7684 -14.5545 27.4724 1.6871 -41.7704
1.7905 28.3856 -15.7911 -34.1121 -41.8518 -41.5272 9.5515 32.3071 -21.5629 -36.1864 -42.9116 -32.7671 15.7427 24.2388 -27.3281 -38.6618 -43.5491 -7.1788 24.1835 -9.9134 -33.0007 -41.3346 -42.4133 8.9005 32.3448 -22.3800 -36.7811 -43.2160 -23.9711 19.6466 4.5950 -31.2343 -40.2552 -43.5392 4.4351 30.1094 -18.9606 -35.4902 -42.7448 -33.8333 15.9057 21.4461 -28.3761 -39.2181 -43.6027 -1.2170 26.8106 -14.8253 -34.1038 -42.4564 -45.6828 -42.4564 -34.1038 -14.8253 26.8106 -1.2170 -43.6027 -39.2181 -28.3761 21.4461 15.9057 -33.8333 -42.7448 -35.4902 -18.9606 30.1094 4.4351 -43.5392 -40.2552 -31.2343 4.5950 19.6466 -23.9711 -43.2160 -36.7811 -22.3800 32.3448 8.9005 -42.4133 -41.3346 -33.0007 -9.9134 24.1835 -7.1788 -43.5491 -38.6618 -27.3281 24.2388 15.7427 -32.7671 -42.9116 -36.1864 -21.5629 32.3071 9.5515 -41.5272 -41.8518 -34.1121 -15.7911 28.3856 1.7905
28.7081 -16.9318 -34.4598 -42.0523 -40.7734 10.4447 32.4304 -22.2701 -36.4500 -43.0063 -31.3607 16.2157 22.9647 -27.5239 -38.7004 -43.5491 -7.5109 23.9768 -9.2257 -32.8400 -41.2089 -42.6886 8.2248 32.1276 -21.7298 -36.5064 -43.1247 -26.6970 18.6735 8.9701 -30.5485 -39.9930 -43.5927 3.1501 29.2824 -17.9830 -35.1492 -42.5899 -35.7204 14.9792 24.8298 -27.6083 -38.9224 -43.5918 -3.2131 25.9189 -13.5567 -33.8383 -41.9469 -41.6892 -2.8637 -41.6892 -41.9469 -33.8383 -13.5567 25.9189 -3.2131 -43.5918 -38.9224 -27.6083 24.8298 14.9792 -35.7204 -42.5899 -35.1492 -17.9830 29.2824 3.1501 -43.5927 -39.9930 -30.5485 8.9701 18.6735 -26.6970 -43.1247 -36.5064 -21.7298 32.1276 8.2248 -42.6886 -41.2089 -32.8400 -9.2257 23.9768 -7.5109 -43.5491 -38.7004 -27.5239 22.9647 16.2157 -31.3607 -43.0063 -36.4500 -22.2701 32.4304 10.4447 -40.7734 -42.0523 -34.4598 -16.9318 28.7081
-17.0095 -34.8091 -42.2447 -39.8358 11.3503 32.3025 -23.0232 -36.7461 -43.1089 -29.4263 16.8713 20.7807 -27.8992 -38.8103 -43.5574 -7.1788 23.9768 -8.9851 -32.7587 -41.1274 -42.8592 7.6918 31.8707 -21.1663 -36.2635 -43.0329 -28.9977 17.8028 13.2450 -29.8155 -39.7324 -43.6046 1.7583 28.4174 -16.9550 -34.8110 -42.4219 -37.3231 14.0670 27.5124 -26.8492 -38.6228 -43.5710 -5.5073 25.0313 -12.0616 -33.5065 -41.7078 -41.5583 9.0450 23.6754 9.0450 -41.5583 -41.7078 -33.5065 -12.0616 25.0313 -5.5073 -43.5710 -38.6228 -26.8492 27.5124 14.0670 -37.3231 -42.4219 -34.8110 -16.9550 28.4174 1.7583 -43.6046 -39.7324 -29.8155 13.2450 17.8028 -28.9977 -43.0329 -36.2635 -21.1663 31.8707 7.6918 -42.8592 -41.1274 -32.7587 -8.9851 23.9768 -7.1788 -43.5574 -38.8103 -27.8992 20.7807 16.8713 -29.4263 -43.1089 -36.7461 -23.0232 32.3025 11.3503 -39.8358 -42.2447 -34.8091 -17.0095
-32.1685 -42.4276 -38.6987 12.2557 31.8327 -23.7889 -37.0569 -43.2088 -27.0074 17.6728 17.6668 -28.4159 -38.9824 -43.5717 -6.2387 24.1835 -9.2257 -32.7587 -41.1004 -42.9383 7.3484 31.6509 -20.7251 -36.0666 -42.9464 -30.8379 17.0493 16.9886 -29.1449 -39.4810 -43.6034 0.2629 27.5495 -15.8667 -34.4751 -42.2470 -38.6678 13.1701 29.5132 -26.0886 -38.3176 -43.5416 -8.1391 24.1503 -10.3372 -33.1571 -41.4845 -42.0410 9.3921 32.1942 -9.0657 32.1942 9.3921 -42.0410 -41.4845 -33.1571 -10.3372 24.1503 -8.1391 -43.5416 -38.3176 -26.0886 29.5132 13.1701 -38.6678 -42.2470 -34.4751 -15.8667 27.5495 0.2629 -43.6034 -39.4810 -29.1449 16.9886 17.0493 -30.8379 -42.9464 -36.0666 -20.7251 31.6509 7.3484 -42.9383 -41.1004 -32.7587 -9.2257 24.1835 -6.2387 -43.5717 -38.9824 -28.4159 17.6668 17.6728 -27.0074 -43.2088 -37.0569 -23.7889 31.8327 12.2557 -38.6987 -42.4276 -32.1685
-40.1029 -37.3444 13.1609 30.9314 -24.5590 -37.3752 -43.3002 -24.1512 18.5943 13.7247 -29.0423 -39.2017 -43.5865 -4.8489 24.5865 -9.9134 -32.8400 -41.1274 -42.9383 7.2301 31.5235 -20.4442 -35.9258 -42.8757 -32.1997 16.4276 19.9700 -28.5574 -39.2480 -43.5988 -1.3066 26.7242 -14.7185 -34.1452 -42.0654 -39.7809 12.2898 30.9037 -25.3362 -38.0102 -43.5019 -11.0861 23.2754 -8.3143 -32.8032 -41.2548 -42.5272 8.7085 32.2704 -21.0641 -32.5693 -21.0641 32.2704 8.7085 -42.5272 -41.2548 -32.8032 -8.3143 23.2754 -11.0861 -43.5019 -38.0102 -25.3362 30.9037 12.2898 -39.7809 -42.0654 -34.1452 -14.7185 26.7242 -1.3066 -43.5988 -39.2480 -28.5574 19.9700 16.4276 -32.1997 -42.8757 -35.9258 -20.4442 31.5235 7.2301 -42.9383 -41.1274 -32.8400 -9.9134 24.5865 -4.8489 -43.5865 -39.2017 -29.0423 13.7247 18.5943 -24.1512 -43.3002 -37.3752 -24.5590 30.9314 13.1609 -37.3444 -40.1029
-35.9358 14.0943 29.5193 -25.3263 -37.6943 -43.3811 -20.9875 19.6022 9.2449 -29.7523 -39.4511 -43.5973 -3.2123 25.1561 -10.9319 -33.0007 -41.2089 -42.8592 7.3484 31.5235 -20.3496 -35.8528 -42.8333 -33.0960 15.9655 22.1392 -28.0655 -39.0433 -43.5900 -2.8997 25.9682 -13.5393 -33.8304 -41.8802 -40.6870 11.4244 31.7892 -24.5916 -37.7037 -43.4475 -14.2633 22.4152 -5.8946 -32.4444 -41.0181 -42.9210 7.7724 31.9908 -21.3382 -36.0713 -41.8520 -36.0713 -21.3382 31.9908 7.7724 -42.9210 -41.0181 -32.4444 -5.8946 22.4152 -14.2633 -43.4475 -37.7037 -24.5916 31.7892 11.4244 -40.6870 -41.8802 -33.8304 -13.5393 25.9682 -2.8997 -43.5900 -39.0433 -28.0655 22.1392 15.9655 -33.0960 -42.8333 -35.8528 -20.3496 31.5235 7.3484 -42.8592 -41.2089 -33.0007 -10.9319 25.1561 -3.2123 -43.5973 -39.4511 -29.7523 9.2449 19.6022 -20.9875 -43.3811 -37.6943 -25.3263 29.5193 14.0943 -35.9358
14.2860 27.5065 -26.0878 -38.0075 -43.4467 -17.6568 20.6270 4.7254 -30.5150 -39.7154 -43.6034 -1.5052 25.8565 -12.1331 -33.2244 -41.3346 -42.6886 7.6918 31.6509 -20.4442 -35.8528 -42.8206 -33.5494 15.6782 23.5232 -27.6952 -38.8762 -43.5770 -4.4198 25.3002 -12.3599 -33.5388 -41.6964 -41.4019 10.5736 32.2679 -23.8557 -37.3968 -43.3825 -17.5457 21.5775 -3.0098 -32.0865 -40.7727 -43.2134 6.7364 31.5043 -20.6985 -36.0715 -43.6617 -44.9114 -43.6617 -36.0715 -20.6985 31.5043 6.7364 -43.2134 -40.7727 -32.0865 -3.0098 21.5775 -17.5457 -43.3825 -37.3968 -23.8557 32.2679 10.5736 -41.4019 -41.6964 -33.5388 -12.3599 25.3002 -4.4198 -43.5770 -38.8762 -27.6952 23.5232 15.6782 -33.5494 -42.8206 -35.8528 -20.4442 31.6509 7.6918 -42.6886 -41.3346 -33.2244 -12.1331 25.8565 -1.5052 -43.6034 -39.7154 -30.5150 4.7254 20.6270 -17.6568 -43.4467 -38.0075 -26.0878 27.5065 14.2860
24.0473 -26.8514 -38.3176 -43.5002 -14.2983 21.5579 0.5785 -31.2219 -39.9841 -43.6050 0.1552 26.6488 -13.3902 -33.4954 -41.4927 -42.4133 8.2248 31.8707 -20.7251 -35.9258 -42.8333 -33.5494 15.5784 24.1953 -27.4658 -38.7593 -43.5649 -5.7423 24.7525 -11.2300 -33.2778 -41.5240 -41.9437 9.7646 32.4281 -23.1391 -37.0948 -43.3065 -20.7754 20.6790 0.4154 -31.7321 -40.5196 -43.4151 5.6313 30.8625 -19.8676 -35.8044 -42.9632 -34.7273 5.5917 -34.7273 -42.9632 -35.8044 -19.8676 30.8625 5.6313 -43.4151 -40.5196 -31.7321 0.4154 20.6790 -20.7754 -43.3065 -37.0948 -23.1391 32.4281 9.7646 -41.9437 -41.5240 -33.2778 -11.2300 24.7525 -5.7423 -43.5649 -38.7593 -27.4658 24.1953 15.5784 -33.5494 -42.8333 -35.9258 -20.7251 31.8707 8.2248 -42.4133 -41.4927 -33.4954 -13.3902 26.6488 0.1552 -43.6050 -39.9841 -31.2219 0.5785 21.5579 -14.2983 -43.5002 -38.3176 -26.8514 24.0473
-25.2763 -38.6266 -43.5414 -11.0864 22.4122 -2.9649 -31.7212 -40.2527 -43.5935 1.7009 27.5044 -14.6339 -33.8010 -41.6744 -42.0135 8.9005 32.1276 -21.1663 -36.0666 -42.8757 -33.0960 15.6782 24.1953 -27.3873 -38.6991 -43.5579 -6.7329 24.3413 -10.2531 -33.0600 -41.3715 -42.3430 9.0246 32.3665 -22.4548 -36.8069 -43.2206 -23.7790 19.6987 4.3926 -31.2568 -40.2632 -43.5373 4.4549 30.1196 -18.9637 -35.4864 -42.7596 -34.4770 14.0576 28.8800 14.0576 -34.4770 -42.7596 -35.4864 -18.9637 30.1196 4.4549 -43.5373 -40.2632 -31.2568 4.3926 19.6987 -23.7790 -43.2206 -36.8069 -22.4548 32.3665 9.0246 -42.3430 -41.3715 -33.0600 -10.2531 24.3413 -6.7329 -43.5579 -38.6991 -27.3873 24.1953 15.6782 -33.0960 -42.8757 -36.0666 -21.1663 32.1276 8.9005 -42.0135 -41.6744 -33.8010 -14.6339 27.5044 1.7009 -43.5935 -40.2527 -31.7212 -2.9649 22.4122 -11.0864 -43.5414 -38.6266 -25.2763
-36.0965 -43.5781 -8.1393 23.2754 -5.8904 -32.0833 -40.5145 -43.5400 3.1187 28.3910 -15.8232 -34.1273 -41.8655 -41.4604 9.6724 32.3448 -21.7298 -36.2635 -42.9464 -32.1997 15.9655 23.5232 -27.4658 -38.6991 -43.5558 -7.2677 24.0830 -9.5172 -32.8962 -41.2478 -42.6260 8.3666 32.1755 -21.8256 -36.5422 -43.1327 -26.4315 18.7550 8.6649 -30.5900 -40.0065 -43.5918 3.1883 29.3073 -18.0084 -35.1545 -42.5956 -35.8485 14.5816 29.2447 -17.9972 29.2447 14.5816 -35.8485 -42.5956 -35.1545 -18.0084 29.3073 3.1883 -43.5918 -40.0065 -30.5900 8.6649 18.7550 -26.4315 -43.1327 -36.5422 -21.8256 32.1755 8.3666 -42.6260 -41.2478 -32.8962 -9.5172 24.0830 -7.2677 -43.5558 -38.6991 -27.4658 23.5232 15.9655 -32.1997 -42.9464 -36.2635 -21.7298 32.3448 9.6724 -41.4604 -41.8655 -34.1273 -15.8232 28.3910 3.1187 -43.5400 -40.5145 -32.0833 -5.8904 23.2754 -8.1393 -43.5781 -36.0965
-41.5679 -5.4998 24.1504 -8.3146 -32.4445 -40.7700 -43.4169 4.4261 29.2730 -16.9373 -34.4641 -42.0568 -40.7326 10.5073 32.4298 -22.3800 -36.5064 -43.0329 -30.8379 16.4276 22.1392 -27.6952 -38.7593 -43.5579 -7.2677 23.9951 -9.1183 -32.7946 -41.1605 -42.8092 7.8294 31.9340 -21.2735 -36.3058 -43.0458 -28.6936 17.9085 12.8032 -29.8775 -39.7503 -43.6043 1.8274 28.4556 -16.9929 -34.8197 -42.4279 -37.3258 13.9914 28.2701 -25.6804 -34.7254 -25.6804 28.2701 13.9914 -37.3258 -42.4279 -34.8197 -16.9929 28.4556 1.8274 -43.6043 -39.7503 -29.8775 12.8032 17.9085 -28.6936 -43.0458 -36.3058 -21.2735 31.9340 7.8294 -42.8092 -41.1605 -32.7946 -9.1183 23.9951 -7.2677 -43.5579 -38.7593 -27.6952 22.1392 16.4276 -30.8379 -43.0329 -36.5064 -22.3800 32.4298 10.5073 -40.7326 -42.0568 -34.4641 -16.9373 29.2730 4.4261 -43.4169 -40.7700 -32.4445 -8.3146 24.1504 -5.4998 -41.5679
-5.1763 25.0688 -10.3399 -32.8036 -41.0170 -43.2135 5.6284 30.1093 -17.9799 -34.8066 -42.2449 -39.8198 11.3803 32.2857 -23.0836 -36.7811 -43.1247 -28.9977 17.0493 19.9700 -28.0655 -38.8762 -43.5649 -6.7329 24.0830 -9.1183 -32.7610 -41.1145 -42.9103 7.4551 31.7124 -20.8309 -36.1083 -42.9644 -30.5402 17.1628 16.4763 -29.2233 -39.5051 -43.6038 0.3663 27.6006 -15.9248 -34.4891 -42.2548 -38.6361 13.1796 29.6043 -25.8762 -38.0588 -43.4909 -38.0588 -25.8762 29.6043 13.1796 -38.6361 -42.2548 -34.4891 -15.9248 27.6006 0.3663 -43.6038 -39.5051 -29.2233 16.4763 17.1628 -30.5402 -42.9644 -36.1083 -20.8309 31.7124 7.4551 -42.9103 -41.1145 -32.7610 -9.1183 24.0830 -6.7329 -43.5649 -38.8762 -28.0655 19.9700 17.0493 -28.9977 -43.1247 -36.7811 -23.0836 32.2857 11.3803 -39.8198 -42.2449 -34.8066 -17.9799 30.1093 5.6284 -43.2135 -41.0170 -32.8036 -10.3399 25.0688 -5.1763
25.4705 -12.0824 -33.1600 -41.2548 -42.9183 6.7456 30.8670 -18.9606 -35.1490 -42.4226 -38.6976 12.2647 31.8149 -23.8207 -37.0759 -43.2160 -26.6970 17.8028 16.9886 -28.5574 -39.0433 -43.5770 -5.7423 24.3413 -9.5172 -32.7946 -41.1145 -42.9423 7.2604 31.5621 -20.5217 -35.9599 -42.8953 -31.9410 16.5398 19.5083 -28.6406 -39.2782 -43.5991 -1.1719 26.7815 -14.7980 -34.1653 -42.0765 -39.7427 12.3197 30.8824 -25.3103 -37.9579 -44.3881 -40.8281 -44.3881 -37.9579 -25.3103 30.8824 12.3197 -39.7427 -42.0765 -34.1653 -14.7980 26.7815 -1.1719 -43.5991 -39.2782 -28.6406 19.5083 16.5398 -31.9410 -42.8953 -35.9599 -20.5217 31.5621 7.2604 -42.9423 -41.1145 -32.7946 -9.5172 24.3413 -5.7423 -43.5770 -39.0433 -28.5574 16.9886 17.8028 -26.6970 -43.2160 -37.0759 -23.8207 31.8149 12.2647 -38.6976 -42.4226 -35.1490 -18.9606 30.8670 6.7456 -42.9183 -41.2548 -33.1600 -12.0824 25.4705
-12.9182 -33.5176 -41.4857 -42.5165 7.7994 31.5185 -19.8880 -35.4902 -42.5899 -37.3345 13.1609 30.9234 -24.5714 -37.3831 -43.3022 -23.9711 18.6735 13.2450 -29.1449 -39.2480 -43.5900 -4.4198 24.7525 -10.2531 -32.8962 -41.1605 -42.9103 7.2604 31.5080 -20.3602 -35.8679 -42.8456 -32.9069 16.0630 21.7512 -28.1466 -39.0744 -43.5905 -2.7084 26.0402 -13.6409 -33.8544 -41.8935 -40.6407 11.4595 31.7622 -24.6108 -37.6982 -43.5497 -19.1243 10.9409 -19.1243 -43.5497 -37.6982 -24.6108 31.7622 11.4595 -40.6407 -41.8935 -33.8544 -13.6409 26.0402 -2.7084 -43.5905 -39.0744 -28.1466 21.7512 16.0630 -32.9069 -42.8456 -35.8679 -20.3602 31.5080 7.2604 -42.9103 -41.1605 -32.8962 -10.2531 24.7525 -4.4198 -43.5900 -39.2480 -29.1449 13.2450 18.6735 -23.9711 -43.3022 -37.3831 -24.5714 30.9234 13.1609 -37.3345 -42.5899 -35.4902 -19.8880 31.5185 7.7994 -42.5165 -41.4857 -33.5176 -12.9182
-30.8343 -41.7082 -41.9961 8.7995 32.0241 -20.7675 -35.8285 -42.7448 -35.7204 14.0669 29.5192 -25.3264 -37.6957 -43.3792 -20.8951 19.6466 8.9701 -29.8155 -39.4810 -43.5988 -2.8997 25.3002 -11.2300 -33.0600 -41.2478 -42.8092 7.4551 31.5621 -20.3602 -35.8366 -42.8189 -33.4794 15.7359 23.2519 -27.7653 -38.9056 -43.5803 -4.2024 25.3858 -12.4980 -33.5674 -41.7133 -41.3480 10.6311 32.2501 -23.8885 -37.4074 -43.4063 -18.5031 19.1699 31.9289 19.1699 -18.5031 -43.4063 -37.4074 -23.8885 32.2501 10.6311 -41.3480 -41.7133 -33.5674 -12.4980 25.3858 -4.2024 -43.5803 -38.9056 -27.7653 23.2519 15.7359 -33.4794 -42.8189 -35.8366 -20.3602 31.5621 7.4551 -42.8092 -41.2478 -33.0600 -11.2300 25.3002 -2.8997 -43.5988 -39.4810 -29.8155 8.9701 19.6466 -20.8951 -43.3792 -37.6957 -25.3264 29.5192 14.0669 -35.7204 -42.7448 -35.8285 -20.7675 32.0241 8.7995 -41.9961 -41.7082 -30.8343
-39.3202 -41.3450 9.7654 32.3445 -21.6161 -36.1636 -42.8867 -33.8333 14.9792 27.5124 -26.0878 -38.0075 -43.4450 -17.6262 20.6488 4.5950 -30.5485 -39.7324 -43.6034 -1.3066 25.9682 -12.3599 -33.2778 -41.3715 -42.6260 7.8294 31.7124 -20.5217 -35.8679 -42.8189 -33.6723 15.5626 24.1331 -27.5041 -38.7795 -43.5700 -5.5533 24.8248 -11.3850 -33.3097 -41.5450 -41.8898 9.8472 32.4242 -23.1841 -37.1127 -43.3143 -20.8601 20.2156 8.0129 -24.0902 8.0129 20.2156 -20.8601 -43.3143 -37.1127 -23.1841 32.4242 9.8472 -41.8898 -41.5450 -33.3097 -11.3850 24.8248 -5.5533 -43.5700 -38.7795 -27.5041 24.1331 15.5626 -33.6723 -42.8189 -35.8679 -20.5217 31.7124 7.8294 -42.6260 -41.3715 -33.2778 -12.3599 25.9682 -1.3066 -43.6034 -39.7324 -30.5485 4.5950 20.6488 -17.6262 -43.4450 -38.0075 -26.0878 27.5124 14.9792 -33.8333 -42.8867 -36.1636 -21.6161 32.3445 9.7654 -41.3450 -39.3202
-39.7812 10.7246 32.4247 -22.4374 -36.4966 -43.0183 -31.6453 15.9057 24.8298 -26.8492 -38.3176 -43.5002 -14.2983 21.5640 0.5366 -31.2343 -39.9930 -43.6046 0.2629 26.7242 -13.5393 -33.5388 -41.5240 -42.3430 8.3666 31.9340 -20.8309 -35.9599 -42.8456 -33.4794 15.5626 24.4243 -27.3641 -38.7012 -43.5605 -6.6039 24.3883 -10.3739 -33.0872 -41.3919 -42.2976 9.1146 32.3827 -22.5220 -36.8309 -43.2289 -23.6521 19.6448 5.6846 -30.2505 -36.8665 -30.2505 5.6846 19.6448 -23.6521 -43.2289 -36.8309 -22.5220 32.3827 9.1146 -42.2976 -41.3919 -33.0872 -10.3739 24.3883 -6.6039 -43.5605 -38.7012 -27.3641 24.4243 15.5626 -33.4794 -42.8456 -35.9599 -20.8309 31.9340 8.3666 -42.3430 -41.5240 -33.5388 -13.5393 26.7242 0.2629 -43.6046 -39.9930 -31.2343 0.5366 21.5640 -14.2983 -43.5002 -38.3176 -26.8492 24.8298 15.9057 -31.6453 -43.0183 -36.4966 -22.4374 32.4247 10.7246 -39.7812
10.8207 32.2022 -23.2365 -36.8242 -43.1332 -29.1593 16.8518 21.4461 -27.6083 -38.6228 -43.5416 -11.0864 22.4122 -2.9652 -31.7232 -40.2552 -43.5927 1.7583 27.5495 -14.7185 -33.8304 -41.6964 -41.9437 9.0246 32.1755 -21.2735 -36.1083 -42.8953 -32.9069 15.7359 24.1331 -27.3641 -38.6753 -43.5558 -7.2798 24.0968 -9.5758 -32.9119 -41.2612 -42.5956 8.4490 32.2058 -21.9057 -36.5697 -43.1445 -26.2641 18.7911 8.7368 -30.4194 -39.9608 -44.8071 -39.9608 -30.4194 8.7368 18.7911 -26.2641 -43.1445 -36.5697 -21.9057 32.2058 8.4490 -42.5956 -41.2612 -32.9119 -9.5758 24.0968 -7.2798 -43.5558 -38.6753 -27.3641 24.1331 15.7359 -32.9069 -42.8953 -36.1083 -21.2735 32.1755 9.0246 -41.9437 -41.6964 -33.8304 -14.7185 27.5495 1.7583 -43.5927 -40.2552 -31.7232 -2.9652 22.4122 -11.0864 -43.5416 -38.6228 -27.6083 21.4461 16.8518 -29.1593 -43.1332 -36.8242 -23.2365 32.2022 10.8207
30.7928 -24.0233 -37.1497 -43.2359 -26.3582 17.8295 17.3662 -28.3761 -38.9224 -43.5710 -8.1391 23.2754 -5.8904 -32.0833 -40.5137 -43.5392 3.1501 28.4174 -15.8667 -34.1452 -41.8802 -41.4019 9.7646 32.3665 -21.8256 -36.3058 -42.9644 -31.9410 16.0630 23.2519 -27.5041 -38.7012 -43.5558 -7.5224 23.9458 -9.0703 -32.7936 -41.1639 -42.7969 7.8813 31.9640 -21.3443 -36.3323 -43.0576 -28.4958 17.9656 12.5888 -29.8787 -39.7417 -44.4221 -29.5074 -44.4221 -39.7417 -29.8787 12.5888 17.9656 -28.4958 -43.0576 -36.3323 -21.3443 31.9640 7.8813 -42.7969 -41.1639 -32.7936 -9.0703 23.9458 -7.5224 -43.5558 -38.7012 -27.5041 23.2519 16.0630 -31.9410 -42.9644 -36.3058 -21.8256 32.3665 9.7646 -41.4019 -41.8802 -34.1452 -15.8667 28.4174 3.1501 -43.5392 -40.5137 -32.0833 -5.8904 23.2754 -8.1391 -43.5710 -38.9224 -28.3761 17.3662 17.8295 -26.3582 -43.2359 -37.1497 -24.0233 30.7928
-22.9923 -37.4748 -43.3249 -23.2825 18.8454 12.7666 -29.1521 -39.2181 -43.5919 -5.5071 24.1504 -8.3146 -32.4445 -40.7700 -43.4169 4.4351 29.2824 -16.9550 -34.4751 -42.0654 -40.6870 10.5736 32.4281 -22.4548 -36.5422 -43.0458 -30.5402 16.5398 21.7512 -27.7653 -38.7795 -43.5605 -7.2798 23.9458 -8.8971 -32.7343 -41.1048 -42.9174 7.4539 31.7241 -20.8672 -36.1258 -42.9740 -30.3565 17.2312 16.2138 -29.2639 -39.5182 -43.6442 -2.2839 15.7602 -2.2839 -43.6442 -39.5182 -29.2639 16.2138 17.2312 -30.3565 -42.9740 -36.1258 -20.8672 31.7241 7.4539 -42.9174 -41.1048 -32.7343 -8.8971 23.9458 -7.2798 -43.5605 -38.7795 -27.7653 21.7512 16.5398 -30.5402 -43.0458 -36.5422 -22.4548 32.4281 10.5736 -40.6870 -42.0654 -34.4751 -16.9550 29.2824 4.4351 -43.4169 -40.7700 -32.4445 -8.3146 24.1504 -5.5071 -43.5919 -39.2181 -29.1521 12.7666 18.8454 -23.2825 -43.3249 -37.4748 -22.9923
-34.9100 -43.4068 -20.0055 19.9083 7.9838 -29.9378 -39.5053 -43.6021 -3.2099 25.0326 -10.3400 -32.8036 -41.0170 -43.2135 5.6284 30.1094 -17.9830 -34.8110 -42.2470 -39.7809 11.4244 32.2679 -23.1391 -36.8069 -43.1327 -28.6936 17.1628 19.5083 -28.1466 -38.9056 -43.5700 -6.6039 24.0968 -9.0703 -32.7343 -41.0850 -42.9733 7.1930 31.5402 -20.5084 -35.9614 -42.9012 -31.8454 16.5968 19.2457 -28.6885 -39.2960 -43.6081 -1.6191 24.6627 23.9207 24.6627 -1.6191 -43.6081 -39.2960 -28.6885 19.2457 16.5968 -31.8454 -42.9012 -35.9614 -20.5084 31.5402 7.1930 -42.9733 -41.0850 -32.7343 -9.0703 24.0968 -6.6039 -43.5700 -38.9056 -28.1466 19.5083 17.1628 -28.6936 -43.1327 -36.8069 -23.1391 32.2679 11.4244 -39.7809 -42.2470 -34.8110 -17.9830 30.1094 5.6284 -43.2135 -41.0170 -32.8036 -10.3400 25.0326 -3.2099 -43.6021 -39.5053 -29.9378 7.9838 19.9083 -20.0055 -43.4068 -34.9100
-41.2715 -16.6266 20.9223 3.4294 -30.7386 -39.7876 -43.6055 -1.1975 25.9283 -12.0784 -33.1601 -41.2548 -42.9183 6.7456 30.8670 -18.9606 -35.1492 -42.4219 -38.6678 12.2898 31.7892 -23.8557 -37.0948 -43.2206 -26.4315 17.9085 16.4763 -28.6406 -39.0744 -43.5803 -5.5533 24.3883 -9.5758 -32.7936 -41.1048 -42.9733 7.1053 31.4422 -20.2901 -35.8501 -42.8446 -32.9331 16.0717 21.6290 -28.1871 -39.0927 -43.5947 -2.7013 25.8225 -11.0641 -28.1929 -11.0641 25.8225 -2.7013 -43.5947 -39.0927 -28.1871 21.6290 16.0717 -32.9331 -42.8446 -35.8501 -20.2901 31.4422 7.1053 -42.9733 -41.1048 -32.7936 -9.5758 24.3883 -5.5533 -43.5803 -39.0744 -28.6406 16.4763 17.9085 -26.4315 -43.2206 -37.0948 -23.8557 31.7892 12.2898 -38.6678 -42.4219 -35.1492 -18.9606 30.8670 6.7456 -42.9183 -41.2548 -33.1601 -12.0784 25.9283 -1.1975 -43.6055 -39.7876 -30.7386 3.4294 20.9223 -16.6266 -41.2715
-15.8308 21.8557 -0.5551 -31.3953 -40.0632 -43.6049 0.5663 26.8337 -13.5929 -33.5151 -41.4857 -42.5165 7.7994 31.5185 -19.8880 -35.4902 -42.5899 -37.3231 13.1701 30.9037 -24.5916 -37.3968 -43.3065 -23.7790 18.7550 12.8032 -29.2233 -39.2782 -43.5905 -4.2024 24.8248 -10.3739 -32.9119 -41.1639 -42.9174 7.1930 31.4422 -20.2167 -35.7944 -42.8096 -33.6327 15.6844 23.3493 -27.7674 -38.9154 -43.5824 -4.0973 25.3853 -12.1074 -33.0231 -39.0460 -33.0231 -12.1074 25.3853 -4.0973 -43.5824 -38.9154 -27.7674 23.3493 15.6844 -33.6327 -42.8096 -35.7944 -20.2167 31.4422 7.1930 -42.9174 -41.1639 -32.9119 -10.3739 24.8248 -4.2024 -43.5905 -39.2782 -29.2233 12.8032 18.7550 -23.7790 -43.3065 -37.3968 -24.5916 30.9037 13.1701 -37.3231 -42.5899 -35.4902 -19.8880 31.5185 7.7994 -42.5165 -41.4857 -33.5151 -13.5929 26.8337 0.5663 -43.6049 -40.0632 -31.3953 -0.5551 21.8557 -15.8308
22.1626 -3.9132 -31.8305 -40.3313 -43.5839 2.1263 27.7476 -14.9353 -33.8663 -41.7036 -41.9963 8.7995 32.0241 -20.7675 -35.8285 -42.7448 -35.7204 14.0670 29.5132 -25.3362 -37.7037 -43.3825 -20.7754 19.6987 8.6649 -29.8775 -39.5051 -43.5991 -2.7084 25.3858 -11.3850 -33.0872 -41.2612 -42.7969 7.4539 31.5402 -20.2901 -35.7944 -42.7977 -33.9702 15.4535 24.4251 -27.4518 -38.7716 -43.5705 -5.4801 24.8578 -11.3680 -33.2268 -41.7825 -45.5940 -41.7825 -33.2268 -11.3680 24.8578 -5.4801 -43.5705 -38.7716 -27.4518 24.4251 15.4535 -33.9702 -42.7977 -35.7944 -20.2901 31.5402 7.4539 -42.7969 -41.2612 -33.0872 -11.3850 25.3858 -2.7084 -43.5991 -39.5051 -29.8775 8.6649 19.6987 -20.7754 -43.3825 -37.7037 -25.3362 29.5132 14.0670 -35.7204 -42.7448 -35.8285 -20.7675 32.0241 8.7995 -41.9963 -41.7036 -33.8663 -14.9353 27.7476 2.1263 -43.5839 -40.3313 -31.8305 -3.9132 22.1626
-6.3055 -32.1959 -40.5938 -43.5102 3.5279 28.6581 -16.1481 -34.2166 -41.9128 -41.3352 9.7654 32.3445 -21.6161 -36.1636 -42.8867 -33.8333 14.9792 27.5124 -26.0886 -38.0102 -43.4475 -17.5457 20.6790 4.3926 -30.5900 -39.7503 -43.6038 -1.1719 26.0402 -12.4980 -33.3097 -41.3919 -42.5956 7.8813 31.7241 -20.5084 -35.8501 -42.8096 -33.9702 15.3768 24.9333 -27.2625 -38.6720 -43.5606 -6.6990 24.3876 -10.4051 -33.0828 -41.4285 -43.0796 -9.0207 -43.0796 -41.4285 -33.0828 -10.4067 24.3876 -6.6990 -43.5606 -38.6720 -27.2625 24.9333 15.3768 -33.9702 -42.8096 -35.8501 -20.5084 31.7241 7.8813 -42.5956 -41.3919 -33.3097 -12.4980 26.0402 -1.1719 -43.6038 -39.7503 -30.5900 4.3926 20.6790 -17.5457 -43.4475 -38.0102 -26.0886 27.5124 14.9792 -33.8333 -42.8867 -36.1636 -21.6161 32.3445 9.7654 -41.3352 -41.9128 -34.2166 -16.1481 28.6581 3.5279 -43.5102 -40.5938 -32.1959 -6.3055
-29.4591 -40.8495 -43.3645 4.7975 29.5309 -17.2530 -34.5646 -42.1111 -40.5152 10.7039 32.4247 -22.4374 -36.4966 -43.0183 -31.6453 15.9057 24.8298 -26.8492 -38.3176 -43.5019 -14.2633 21.5775 0.4154 -31.2568 -40.0065 -43.6043 0.3663 26.7815 -13.6409 -33.5674 -41.5450 -42.2976 8.4490 31.9640 -20.8672 -35.9614 -42.8446 -33.6327 15.4535 24.9333 -27.1994 -38.6220 -43.5534 -7.5844 24.0288 -9.4997 -32.9091 -41.2729 -42.6841 6.8554 21.6310 6.8554 -42.6841 -41.2746 -32.9094 -9.5015 24.0288 -7.5844 -43.5534 -38.6220 -27.1994 24.9333 15.4535 -33.6327 -42.8446 -35.9614 -20.8672 31.9640 8.4490 -42.2976 -41.5450 -33.5674 -13.6409 26.7815 0.3663 -43.6043 -40.0065 -31.2568 0.4154 21.5775 -14.2633 -43.5019 -38.3176 -26.8492 24.8298 15.9057 -31.6453 -43.0183 -36.4966 -22.4374 32.4247 10.7039 -40.5152 -42.1111 -34.5646 -17.2530 29.5309 4.7975 -43.3645 -40.8495 -29.4591
-38.4086 -43.1439 5.9723 30.3466 -18.2814 -34.9097 -42.2979 -39.5155 11.6224 32.2032 -23.2365 -36.8242 -43.1332 -29.1593 16.8518 21.4461 -27.6083 -38.6228 -43.5416 -11.0861 22.4152 -3.0098 -31.7321 -40.2632 -43.5918 1.8274 27.6006 -14.7980 -33.8544 -41.7133 -41.8898 9.1146 32.2058 -21.3443 -36.1258 -42.9012 -32.9331 15.6844 24.4251 -27.2625 -38.6220 -43.5509 -8.0406 23.8124 -8.8219 -32.7667 -41.1583 -42.8161 7.5722 31.0775 -3.5347 31.0791 7.5761 -42.8147 -41.1578 -32.7674 -8.8204 23.8112 -8.0448 -43.5509 -38.6220 -27.2625 24.4251 15.6844 -32.9331 -42.9012 -36.1258 -21.3443 32.2058 9.1146 -41.8898 -41.7133 -33.8544 -14.7980 27.6006 1.8274 -43.5918 -40.2632 -31.7321 -3.0098 22.4152 -11.0861 -43.5416 -38.6228 -27.6083 21.4461 16.8518 -29.1593 -43.1332 -36.8242 -23.2365 32.2032 11.6224 -39.5155 -42.2979 -34.9097 -18.2814 30.3466 5.9723 -43.1439 -38.4086
-41.4460 7.0852 31.0762 -19.2454 -35.2532 -42.4758 -38.3083 12.5308 31.6080 -24.0210 -37.1497 -43.2359 -26.3582 17.8295 17.3662 -28.3761 -38.9224 -43.5710 -8.1391 23.2754 -5.8946 -32.0865 -40.5196 -43.5373 3.1883 28.4556 -15.9248 -34.1653 -41.8935 -41.3480 9.8472 32.3827 -21.9057 -36.3323 -42.9740 -31.8454 16.0717 23.3493 -27.4518 -38.6720 -43.5534 -8.0406 23.7412 -8.4901 -32.6804 -41.0902 -42.9482 7.3328 31.5622 -19.4684 -31.8640 -19.5010 31.5831 7.3676 -42.9410 -41.0782 -32.6783 -8.4463 23.7266 -8.0467 -43.5534 -38.6720 -27.4518 23.3493 16.0717 -31.8454 -42.9740 -36.3323 -21.9057 32.3827 9.8472 -41.3480 -41.8935 -34.1653 -15.9248 28.4556 3.1883 -43.5373 -40.5196 -32.0865 -5.8946 23.2754 -8.1391 -43.5710 -38.9224 -28.3761 17.3662 17.8295 -26.3582 -43.2359 -37.1497 -24.0210 31.6080 12.5308 -38.3083 -42.4758 -35.2532 -19.2454 31.0762 7.0852 -41.4460
7.1418 31.6891 -20.1566 -35.5918 -42.6377 -36.8784 13.4319 30.5663 -24.7897 -37.4720 -43.3272 -23.2823 18.8428 12.7668 -29.1521 -39.2181 -43.5918 -5.5073 24.1503 -8.3143 -32.4444 -40.7727 -43.4151 4.4549 29.3073 -16.9929 -34.4891 -42.0765 -40.6407 10.6311 32.4242 -22.5220 -36.5697 -43.0576 -30.3565 16.5968 21.6290 -27.7674 -38.7716 -43.5606 -7.5844 23.8124 -8.4896 -32.7083 -41.0931 -43.1296 6.9554 31.4128 -20.1329 -35.5149 -41.3227 -35.6014 -20.3632 31.4788 7.1678 -42.9099 -41.0335 -32.6379 -8.4413 23.7992 -7.5862 -43.5606 -38.7716 -27.7674 21.6290 16.5968 -30.3565 -43.0576 -36.5697 -22.5220 32.4242 10.6311 -40.6407 -42.0765 -34.4891 -16.9929 29.3073 4.4549 -43.4151 -40.7727 -32.4444 -8.3143 24.1503 -5.5073 -43.5918 -39.2181 -29.1521 12.7668 18.8428 -23.2823 -43.3272 -37.4720 -24.7897 30.5663 13.4319 -36.8784 -42.6377 -35.5918 -20.1566 31.6891 7.1418
31.4344 -21.0301 -35.9280 -42.7876 -35.1912 14.3362 28.9910 -25.5527 -37.7876 -43.4031 -20.0252 19.8981 8.0126 -29.9327 -39.5058 -43.6027 -3.2131 25.0313 -10.3372 -32.8032 -41.0181 -43.2134 5.6313 30.1196 -18.0084 -34.8197 -42.2548 -39.7427 11.4595 32.2501 -23.1841 -36.8309 -43.1445 -28.4958 17.2312 19.2457 -28.1871 -38.9154 -43.5705 -6.6990 24.0288 -8.8215 -32.6801 -41.0238 -43.1591 6.6858 31.2440 -20.0605 -35.7342 -43.3947 -45.2985 -43.4455 -35.7794 -20.1061 31.2823 6.9676 -43.0098 -41.0061 -32.6726 -8.8080 24.0290 -6.6990 -43.5705 -38.9154 -28.1871 19.2457 17.2312 -28.4958 -43.1445 -36.8309 -23.1841 32.2501 11.4595 -39.7427 -42.2548 -34.8197 -18.0084 30.1196 5.6313 -43.2134 -41.0181 -32.8032 -10.3372 25.0313 -3.2131 -43.6027 -39.5058 -29.9327 8.0126 19.8981 -20.0252 -43.4031 -37.7876 -25.5527 28.9910 14.3362 -35.1912 -42.7876 -35.9280 -21.0301 31.4344
-20.4885 -36.2639 -42.9287 -33.2250 15.2463 26.8024 -26.3113 -38.0983 -43.4654 -16.6803 20.9065 3.4966 -30.7256 -39.7859 -43.6060 -1.2170 25.9189 -12.0616 -33.1571 -41.2548 -42.9210 6.7364 30.8625 -18.9637 -35.1545 -42.4279 -38.6361 12.3197 31.7622 -23.8885 -37.1127 -43.2289 -26.2641 17.9656 16.2138 -28.6885 -39.0927 -43.5824 -5.4801 24.3876 -9.5015 -32.7671 -41.0703 -43.0389 6.8669 31.2026 -19.9267 -35.7034 -42.8152 -36.2034 4.6796 -36.0026 -42.8045 -35.7333 -19.9890 31.3707 6.9000 -42.9890 -41.0333 -32.7693 -9.5015 24.3876 -5.4801 -43.5824 -39.0927 -28.6885 16.2138 17.9656 -26.2641 -43.2289 -37.1127 -23.8885 31.7622 12.3197 -38.6361 -42.4279 -35.1545 -18.9637 30.8625 6.7364 -42.9210 -41.2548 -33.1571 -12.0616 25.9189 -1.2170 -43.6060 -39.7859 -30.7256 3.4966 20.9065 -16.6803 -43.4654 -38.0983 -26.3113 26.8024 15.2463 -33.2250 -42.9287 -36.2639 -20.4885
