0.1720 0.2399 0.4157 0.4930 0.2598 0.1509 0.1871 0.3019 0.4988 0.4267 0.1674 0.1585 0.2250 0.3857 0.5031 0.3063 0.1515 0.1783 0.2803 0.4795 0.4534 0.1817 0.1547 0.2113 0.3567 0.5087 0.3503 0.1539 0.1707 0.2607 0.4522 0.4746 0.2094 0.1521 0.1993 0.3300 0.5086 0.3889 0.1583 0.1644 0.2431 0.4215 0.4906 0.2517 0.1509 0.1887 0.3055 0.5006 0.4250 0.1703 0.1485 0.1703 0.4250 0.5006 0.3055 0.1887 0.1509 0.2517 0.4906 0.4215 0.2431 0.1644 0.1583 0.3889 0.5086 0.3300 0.1993 0.1521 0.2094 0.4746 0.4522 0.2607 0.1707 0.1539 0.3503 0.5087 0.3567 0.2113 0.1547 0.1817 0.4534 0.4795 0.2803 0.1783 0.1515 0.3063 0.5031 0.3857 0.2250 0.1585 0.1674 0.4267 0.4988 0.3019 0.1871 0.1509 0.2598 0.4930 0.4157 0.2399 0.1720
0.2399 0.4183 0.4944 0.2627 0.1393 0.1787 0.2973 0.4999 0.4306 0.1589 0.1479 0.2179 0.3833 0.5051 0.3119 0.1401 0.1692 0.2749 0.4797 0.4567 0.1766 0.1435 0.2037 0.3534 0.5104 0.3557 0.1429 0.1612 0.2547 0.4515 0.4774 0.2100 0.1405 0.1912 0.3260 0.5102 0.3937 0.1482 0.1544 0.2366 0.4200 0.4929 0.2561 0.1393 0.1802 0.3010 0.5020 0.4266 0.1580 0.1450 0.1756 0.1450 0.1580 0.4266 0.5020 0.3010 0.1802 0.1393 0.2561 0.4929 0.4200 0.2366 0.1544 0.1482 0.3937 0.5102 0.3260 0.1912 0.1405 0.2100 0.4774 0.4515 0.2547 0.1612 0.1429 0.3557 0.5104 0.3534 0.2037 0.1435 0.1766 0.4567 0.4797 0.2749 0.1692 0.1401 0.3119 0.5051 0.3833 0.2179 0.1479 0.1589 0.4306 0.4999 0.2973 0.1787 0.1393 0.2627 0.4944 0.4183 0.2399
0.4157 0.4944 0.2675 0.1393 0.1767 0.2920 0.4959 0.4377 0.1625 0.1467 0.2140 0.3750 0.5069 0.3243 0.1407 0.1669 0.2692 0.4726 0.4628 0.1839 0.1425 0.2002 0.3457 0.5108 0.3666 0.1441 0.1592 0.2496 0.4430 0.4819 0.2218 0.1400 0.1881 0.3190 0.5087 0.4030 0.1501 0.1527 0.2320 0.4112 0.4962 0.2693 0.1393 0.1775 0.2946 0.4980 0.4339 0.1606 0.1467 0.2078 0.2902 0.2078 0.1467 0.1606 0.4339 0.4980 0.2946 0.1775 0.1393 0.2693 0.4962 0.4112 0.2320 0.1527 0.1501 0.4030 0.5087 0.3190 0.1881 0.1400 0.2218 0.4819 0.4430 0.2496 0.1592 0.1441 0.3666 0.5108 0.3457 0.2002 0.1425 0.1839 0.4628 0.4726 0.2692 0.1669 0.1407 0.3243 0.5069 0.3750 0.2140 0.1467 0.1625 0.4377 0.4959 0.2920 0.1767 0.1393 0.2675 0.4944 0.4157
0.4930 0.2627 0.1393 0.1759 0.2888 0.4925 0.4434 0.1662 0.1456 0.2103 0.3673 0.5085 0.3360 0.1414 0.1647 0.2637 0.4650 0.4685 0.1925 0.1417 0.1967 0.3382 0.5109 0.3770 0.1454 0.1573 0.2446 0.4345 0.4863 0.2342 0.1396 0.1851 0.3122 0.5068 0.4118 0.1524 0.1512 0.2276 0.4026 0.4993 0.2824 0.1394 0.1749 0.2885 0.4934 0.4412 0.1644 0.1460 0.2107 0.3585 0.4920 0.3585 0.2107 0.1460 0.1644 0.4412 0.4934 0.2885 0.1749 0.1394 0.2824 0.4993 0.4026 0.2276 0.1512 0.1524 0.4118 0.5068 0.3122 0.1851 0.1396 0.2342 0.4863 0.4345 0.2446 0.1573 0.1454 0.3770 0.5109 0.3382 0.1967 0.1417 0.1925 0.4685 0.4650 0.2637 0.1647 0.1414 0.3360 0.5085 0.3673 0.2103 0.1456 0.1662 0.4434 0.4925 0.2888 0.1759 0.1393 0.2627 0.4930
0.2598 0.1393 0.1767 0.2888 0.4912 0.4466 0.1692 0.1447 0.2073 0.3603 0.5096 0.3469 0.1422 0.1627 0.2585 0.4572 0.4738 0.2024 0.1409 0.1934 0.3309 0.5106 0.3870 0.1470 0.1556 0.2398 0.4259 0.4902 0.2470 0.1394 0.1822 0.3055 0.5042 0.4203 0.1550 0.1497 0.2233 0.3941 0.5020 0.2954 0.1396 0.1723 0.2824 0.4879 0.4481 0.1691 0.1449 0.2081 0.3607 0.5088 0.4483 0.5088 0.3607 0.2081 0.1449 0.1691 0.4481 0.4879 0.2824 0.1723 0.1396 0.2954 0.5020 0.3941 0.2233 0.1497 0.1550 0.4203 0.5042 0.3055 0.1822 0.1394 0.2470 0.4902 0.4259 0.2398 0.1556 0.1470 0.3870 0.5106 0.3309 0.1934 0.1409 0.2024 0.4738 0.4572 0.2585 0.1627 0.1422 0.3469 0.5096 0.3603 0.2073 0.1447 0.1692 0.4466 0.4912 0.2888 0.1767 0.1393 0.2598
0.1509 0.1787 0.2920 0.4925 0.4466 0.1704 0.1443 0.2052 0.3549 0.5103 0.3563 0.1431 0.1608 0.2536 0.4493 0.4786 0.2133 0.1403 0.1903 0.3239 0.5097 0.3965 0.1487 0.1539 0.2352 0.4173 0.4939 0.2601 0.1393 0.1794 0.2991 0.5009 0.4283 0.1580 0.1483 0.2191 0.3857 0.5044 0.3082 0.1400 0.1699 0.2766 0.4816 0.4547 0.1747 0.1438 0.2047 0.3550 0.5100 0.3713 0.1755 0.3713 0.5100 0.3550 0.2047 0.1438 0.1747 0.4547 0.4816 0.2766 0.1699 0.1400 0.3082 0.5044 0.3857 0.2191 0.1483 0.1580 0.4283 0.5009 0.2991 0.1794 0.1393 0.2601 0.4939 0.4173 0.2352 0.1539 0.1487 0.3965 0.5097 0.3239 0.1903 0.1403 0.2133 0.4786 0.4493 0.2536 0.1608 0.1431 0.3563 0.5103 0.3549 0.2052 0.1443 0.1704 0.4466 0.4925 0.2920 0.1787 0.1509
0.1871 0.2973 0.4959 0.4434 0.1692 0.1443 0.2045 0.3520 0.5107 0.3633 0.1439 0.1593 0.2492 0.4418 0.4828 0.2246 0.1399 0.1872 0.3171 0.5083 0.4056 0.1508 0.1523 0.2306 0.4086 0.4972 0.2733 0.1393 0.1767 0.2928 0.4968 0.4360 0.1615 0.1470 0.2151 0.3774 0.5064 0.3206 0.1405 0.1676 0.2709 0.4748 0.4610 0.1815 0.1428 0.2012 0.3478 0.5107 0.3671 0.1449 0.1400 0.1449 0.3671 0.5107 0.3478 0.2012 0.1428 0.1815 0.4610 0.4748 0.2709 0.1676 0.1405 0.3206 0.5064 0.3774 0.2151 0.1470 0.1615 0.4360 0.4968 0.2928 0.1767 0.1393 0.2733 0.4972 0.4086 0.2306 0.1523 0.1508 0.4056 0.5083 0.3171 0.1872 0.1399 0.2246 0.4828 0.4418 0.2492 0.1593 0.1439 0.3633 0.5107 0.3520 0.2045 0.1443 0.1692 0.4434 0.4959 0.2973 0.1871
0.3019 0.4999 0.4377 0.1662 0.1447 0.2052 0.3520 0.5108 0.3672 0.1446 0.1581 0.2457 0.4352 0.4864 0.2355 0.1396 0.1845 0.3106 0.5062 0.4142 0.1531 0.1507 0.2263 0.4001 0.5001 0.2864 0.1394 0.1741 0.2866 0.4918 0.4432 0.1656 0.1458 0.2111 0.3692 0.5081 0.3327 0.1412 0.1654 0.2653 0.4674 0.4668 0.1898 0.1419 0.1977 0.3404 0.5109 0.3748 0.1453 0.1533 0.1926 0.1533 0.1453 0.3748 0.5109 0.3404 0.1977 0.1419 0.1898 0.4668 0.4674 0.2653 0.1654 0.1412 0.3327 0.5081 0.3692 0.2111 0.1458 0.1656 0.4432 0.4918 0.2866 0.1741 0.1394 0.2864 0.5001 0.4001 0.2263 0.1507 0.1531 0.4142 0.5062 0.3106 0.1845 0.1396 0.2355 0.4864 0.4352 0.2457 0.1581 0.1446 0.3672 0.5108 0.3520 0.2052 0.1447 0.1662 0.4377 0.4999 0.3019
0.4988 0.4306 0.1625 0.1456 0.2073 0.3549 0.5107 0.3672 0.1448 0.1575 0.2434 0.4301 0.4891 0.2453 0.1394 0.1820 0.3046 0.5037 0.4221 0.1556 0.1493 0.2221 0.3917 0.5027 0.2993 0.1397 0.1716 0.2807 0.4860 0.4502 0.1706 0.1446 0.2074 0.3612 0.5094 0.3444 0.1420 0.1632 0.2599 0.4595 0.4722 0.1993 0.1411 0.1944 0.3331 0.5107 0.3843 0.1466 0.1552 0.2318 0.3297 0.2318 0.1552 0.1466 0.3843 0.5107 0.3331 0.1944 0.1411 0.1993 0.4722 0.4595 0.2599 0.1632 0.1420 0.3444 0.5094 0.3612 0.2074 0.1446 0.1706 0.4502 0.4860 0.2807 0.1716 0.1397 0.2993 0.5027 0.3917 0.2221 0.1493 0.1556 0.4221 0.5037 0.3046 0.1820 0.1394 0.2453 0.4891 0.4301 0.2434 0.1575 0.1448 0.3672 0.5107 0.3549 0.2073 0.1456 0.1625 0.4306 0.4988
0.4267 0.1589 0.1467 0.2103 0.3603 0.5103 0.3633 0.1446 0.1575 0.2426 0.4274 0.4909 0.2526 0.1393 0.1799 0.2996 0.5008 0.4291 0.1585 0.1480 0.2181 0.3836 0.5049 0.3117 0.1401 0.1692 0.2748 0.4796 0.4567 0.1766 0.1435 0.2037 0.3534 0.5103 0.3557 0.1429 0.1612 0.2547 0.4514 0.4773 0.2101 0.1405 0.1912 0.3260 0.5100 0.3938 0.1482 0.1542 0.2347 0.4058 0.5078 0.4058 0.2347 0.1542 0.1482 0.3938 0.5100 0.3260 0.1912 0.1405 0.2101 0.4773 0.4514 0.2547 0.1612 0.1429 0.3557 0.5103 0.3534 0.2037 0.1435 0.1766 0.4567 0.4796 0.2748 0.1692 0.1401 0.3117 0.5049 0.3836 0.2181 0.1480 0.1585 0.4291 0.5008 0.2996 0.1799 0.1393 0.2526 0.4909 0.4274 0.2426 0.1575 0.1446 0.3633 0.5103 0.3603 0.2103 0.1467 0.1589 0.4267
0.1674 0.1479 0.2140 0.3673 0.5096 0.3563 0.1439 0.1581 0.2434 0.4274 0.4915 0.2566 0.1393 0.1785 0.2955 0.4979 0.4350 0.1614 0.1469 0.2145 0.3759 0.5068 0.3236 0.1407 0.1670 0.2693 0.4726 0.4627 0.1839 0.1425 0.2002 0.3457 0.5108 0.3666 0.1441 0.1592 0.2496 0.4430 0.4819 0.2218 0.1400 0.1881 0.3190 0.5087 0.4030 0.1501 0.1527 0.2315 0.4081 0.4993 0.4054 0.4993 0.4081 0.2315 0.1527 0.1501 0.4030 0.5087 0.3190 0.1881 0.1400 0.2218 0.4819 0.4430 0.2496 0.1592 0.1441 0.3666 0.5108 0.3457 0.2002 0.1425 0.1839 0.4627 0.4726 0.2693 0.1670 0.1407 0.3236 0.5068 0.3759 0.2145 0.1469 0.1614 0.4350 0.4979 0.2955 0.1785 0.1393 0.2566 0.4915 0.4274 0.2434 0.1581 0.1439 0.3563 0.5096 0.3673 0.2140 0.1479 0.1674
0.1585 0.2179 0.3750 0.5085 0.3469 0.1431 0.1593 0.2457 0.4301 0.4909 0.2566 0.1393 0.1777 0.2929 0.4956 0.4396 0.1642 0.1460 0.2114 0.3689 0.5082 0.3346 0.1413 0.1649 0.2639 0.4653 0.4684 0.1924 0.1417 0.1967 0.3382 0.5109 0.3770 0.1454 0.1573 0.2446 0.4345 0.4863 0.2342 0.1396 0.1851 0.3122 0.5068 0.4118 0.1524 0.1512 0.2274 0.4019 0.4999 0.3050 0.1497 0.3050 0.4999 0.4019 0.2274 0.1512 0.1524 0.4118 0.5068 0.3122 0.1851 0.1396 0.2342 0.4863 0.4345 0.2446 0.1573 0.1454 0.3770 0.5109 0.3382 0.1967 0.1417 0.1924 0.4684 0.4653 0.2639 0.1649 0.1413 0.3346 0.5082 0.3689 0.2114 0.1460 0.1642 0.4396 0.4956 0.2929 0.1777 0.1393 0.2566 0.4909 0.4301 0.2457 0.1593 0.1431 0.3469 0.5085 0.3750 0.2179 0.1585
0.2250 0.3833 0.5069 0.3360 0.1422 0.1608 0.2492 0.4352 0.4891 0.2526 0.1393 0.1777 0.2920 0.4942 0.4424 0.1665 0.1453 0.2088 0.3630 0.5093 0.3445 0.1420 0.1629 0.2589 0.4578 0.4735 0.2021 0.1409 0.1935 0.3310 0.5106 0.3870 0.1470 0.1556 0.2398 0.4259 0.4902 0.2470 0.1394 0.1822 0.3055 0.5042 0.4203 0.1550 0.1497 0.2232 0.3939 0.5021 0.2999 0.1391 0.1463 0.1391 0.2999 0.5021 0.3939 0.2232 0.1497 0.1550 0.4203 0.5042 0.3055 0.1822 0.1394 0.2470 0.4902 0.4259 0.2398 0.1556 0.1470 0.3870 0.5106 0.3310 0.1935 0.1409 0.2021 0.4735 0.4578 0.2589 0.1629 0.1420 0.3445 0.5093 0.3630 0.2088 0.1453 0.1665 0.4424 0.4942 0.2920 0.1777 0.1393 0.2526 0.4891 0.4352 0.2492 0.1608 0.1422 0.3360 0.5069 0.3833 0.2250
0.3857 0.5051 0.3243 0.1414 0.1627 0.2536 0.4418 0.4864 0.2453 0.1393 0.1785 0.2929 0.4942 0.4435 0.1678 0.1448 0.2070 0.3584 0.5100 0.3527 0.1428 0.1613 0.2544 0.4504 0.4781 0.2125 0.1404 0.1904 0.3241 0.5097 0.3965 0.1487 0.1539 0.2352 0.4173 0.4939 0.2601 0.1393 0.1794 0.2991 0.5009 0.4283 0.1580 0.1483 0.2191 0.3856 0.5044 0.3093 0.1399 0.1643 0.2136 0.1643 0.1399 0.3093 0.5044 0.3856 0.2191 0.1483 0.1580 0.4283 0.5009 0.2991 0.1794 0.1393 0.2601 0.4939 0.4173 0.2352 0.1539 0.1487 0.3965 0.5097 0.3241 0.1904 0.1404 0.2125 0.4781 0.4504 0.2544 0.1613 0.1428 0.3527 0.5100 0.3584 0.2070 0.1448 0.1678 0.4435 0.4942 0.2929 0.1785 0.1393 0.2453 0.4864 0.4418 0.2536 0.1627 0.1414 0.3243 0.5051 0.3857
0.5031 0.3119 0.1407 0.1647 0.2585 0.4493 0.4828 0.2355 0.1394 0.1799 0.2955 0.4956 0.4424 0.1678 0.1447 0.2060 0.3555 0.5104 0.3589 0.1435 0.1599 0.2505 0.4436 0.4821 0.2230 0.1399 0.1875 0.3174 0.5083 0.4054 0.1507 0.1523 0.2307 0.4087 0.4972 0.2733 0.1393 0.1767 0.2928 0.4968 0.4360 0.1615 0.1470 0.2151 0.3774 0.5064 0.3209 0.1405 0.1665 0.2604 0.3751 0.2604 0.1665 0.1405 0.3209 0.5064 0.3774 0.2151 0.1470 0.1615 0.4360 0.4968 0.2928 0.1767 0.1393 0.2733 0.4972 0.4087 0.2307 0.1523 0.1507 0.4054 0.5083 0.3174 0.1875 0.1399 0.2230 0.4821 0.4436 0.2505 0.1599 0.1435 0.3589 0.5104 0.3555 0.2060 0.1447 0.1678 0.4424 0.4956 0.2955 0.1799 0.1394 0.2355 0.4828 0.4493 0.2585 0.1647 0.1407 0.3119 0.5031
0.3063 0.1401 0.1669 0.2637 0.4572 0.4786 0.2246 0.1396 0.1820 0.2996 0.4979 0.4396 0.1665 0.1448 0.2060 0.3545 0.5105 0.3628 0.1441 0.1588 0.2474 0.4377 0.4854 0.2329 0.1396 0.1848 0.3113 0.5064 0.4137 0.1530 0.1508 0.2264 0.4002 0.5001 0.2864 0.1394 0.1741 0.2866 0.4918 0.4432 0.1656 0.1458 0.2111 0.3692 0.5081 0.3328 0.1411 0.1651 0.2632 0.4541 0.5054 0.4541 0.2632 0.1651 0.1411 0.3328 0.5081 0.3692 0.2111 0.1458 0.1656 0.4432 0.4918 0.2866 0.1741 0.1394 0.2864 0.5001 0.4002 0.2264 0.1508 0.1530 0.4137 0.5064 0.3113 0.1848 0.1396 0.2329 0.4854 0.4377 0.2474 0.1588 0.1441 0.3628 0.5105 0.3545 0.2060 0.1448 0.1665 0.4396 0.4979 0.2996 0.1820 0.1396 0.2246 0.4786 0.4572 0.2637 0.1669 0.1401 0.3063
0.1515 0.1692 0.2692 0.4650 0.4738 0.2133 0.1399 0.1845 0.3046 0.5008 0.4350 0.1642 0.1453 0.2070 0.3555 0.5105 0.3641 0.1443 0.1582 0.2452 0.4331 0.4879 0.2416 0.1394 0.1825 0.3057 0.5041 0.4213 0.1555 0.1494 0.2223 0.3920 0.5027 0.2991 0.1397 0.1716 0.2807 0.4860 0.4502 0.1706 0.1446 0.2074 0.3612 0.5094 0.3444 0.1420 0.1631 0.2594 0.4565 0.4788 0.3491 0.4788 0.4565 0.2594 0.1631 0.1420 0.3444 0.5094 0.3612 0.2074 0.1446 0.1706 0.4502 0.4860 0.2807 0.1716 0.1397 0.2991 0.5027 0.3920 0.2223 0.1494 0.1555 0.4213 0.5041 0.3057 0.1825 0.1394 0.2416 0.4879 0.4331 0.2452 0.1582 0.1443 0.3641 0.5105 0.3555 0.2070 0.1453 0.1642 0.4350 0.5008 0.3046 0.1845 0.1399 0.2133 0.4738 0.4650 0.2692 0.1692 0.1515
0.1783 0.2749 0.4726 0.4685 0.2024 0.1403 0.1872 0.3106 0.5037 0.4291 0.1614 0.1460 0.2088 0.3584 0.5104 0.3628 0.1443 0.1580 0.2441 0.4302 0.4896 0.2484 0.1393 0.1807 0.3010 0.5015 0.4279 0.1581 0.1482 0.2185 0.3840 0.5048 0.3112 0.1401 0.1693 0.2749 0.4797 0.4567 0.1766 0.1435 0.2037 0.3534 0.5103 0.3557 0.1429 0.1612 0.2545 0.4506 0.4787 0.2308 0.1395 0.2308 0.4787 0.4506 0.2545 0.1612 0.1429 0.3557 0.5103 0.3534 0.2037 0.1435 0.1766 0.4567 0.4797 0.2749 0.1693 0.1401 0.3112 0.5048 0.3840 0.2185 0.1482 0.1581 0.4279 0.5015 0.3010 0.1807 0.1393 0.2484 0.4896 0.4302 0.2441 0.1580 0.1443 0.3628 0.5104 0.3584 0.2088 0.1460 0.1614 0.4291 0.5037 0.3106 0.1872 0.1403 0.2024 0.4685 0.4726 0.2749 0.1783
0.2803 0.4797 0.4628 0.1925 0.1409 0.1903 0.3171 0.5062 0.4221 0.1585 0.1469 0.2114 0.3630 0.5100 0.3589 0.1441 0.1582 0.2441 0.4292 0.4905 0.2527 0.1393 0.1793 0.2972 0.4990 0.4334 0.1607 0.1471 0.2150 0.3767 0.5066 0.3228 0.1406 0.1671 0.2694 0.4728 0.4627 0.1838 0.1425 0.2002 0.3457 0.5108 0.3666 0.1441 0.1592 0.2495 0.4428 0.4823 0.2260 0.1381 0.1552 0.1381 0.2260 0.4823 0.4428 0.2495 0.1592 0.1441 0.3666 0.5108 0.3457 0.2002 0.1425 0.1838 0.4627 0.4728 0.2694 0.1671 0.1406 0.3228 0.5066 0.3767 0.2150 0.1471 0.1607 0.4334 0.4990 0.2972 0.1793 0.1393 0.2527 0.4905 0.4292 0.2441 0.1582 0.1441 0.3589 0.5100 0.3630 0.2114 0.1469 0.1585 0.4221 0.5062 0.3171 0.1903 0.1409 0.1925 0.4628 0.4797 0.2803
0.4795 0.4567 0.1839 0.1417 0.1934 0.3239 0.5083 0.4142 0.1556 0.1480 0.2145 0.3689 0.5093 0.3527 0.1435 0.1588 0.2452 0.4302 0.4905 0.2542 0.1393 0.1784 0.2946 0.4968 0.4377 0.1632 0.1462 0.2121 0.3701 0.5081 0.3333 0.1412 0.1650 0.2642 0.4656 0.4682 0.1921 0.1417 0.1968 0.3383 0.5110 0.3770 0.1454 0.1573 0.2446 0.4344 0.4864 0.2353 0.1393 0.1784 0.2392 0.1784 0.1393 0.2353 0.4864 0.4344 0.2446 0.1573 0.1454 0.3770 0.5110 0.3383 0.1968 0.1417 0.1921 0.4682 0.4656 0.2642 0.1650 0.1412 0.3333 0.5081 0.3701 0.2121 0.1462 0.1632 0.4377 0.4968 0.2946 0.1784 0.1393 0.2542 0.4905 0.4302 0.2452 0.1588 0.1435 0.3527 0.5093 0.3689 0.2145 0.1480 0.1556 0.4142 0.5083 0.3239 0.1934 0.1417 0.1839 0.4567 0.4795
0.4534 0.1766 0.1425 0.1967 0.3309 0.5097 0.4056 0.1531 0.1493 0.2181 0.3759 0.5082 0.3445 0.1428 0.1599 0.2474 0.4331 0.4896 0.2527 0.1393 0.1781 0.2933 0.4953 0.4407 0.1654 0.1455 0.2096 0.3645 0.5091 0.3428 0.1419 0.1632 0.2594 0.4583 0.4732 0.2016 0.1410 0.1936 0.3311 0.5106 0.3869 0.1470 0.1556 0.2398 0.4259 0.4903 0.2474 0.1393 0.1809 0.2941 0.4246 0.2941 0.1809 0.1393 0.2474 0.4903 0.4259 0.2398 0.1556 0.1470 0.3869 0.5106 0.3311 0.1936 0.1410 0.2016 0.4732 0.4583 0.2594 0.1632 0.1419 0.3428 0.5091 0.3645 0.2096 0.1455 0.1654 0.4407 0.4953 0.2933 0.1781 0.1393 0.2527 0.4896 0.4331 0.2474 0.1599 0.1428 0.3445 0.5082 0.3759 0.2181 0.1493 0.1531 0.4056 0.5097 0.3309 0.1967 0.1425 0.1766 0.4534
0.1817 0.1435 0.2002 0.3382 0.5106 0.3965 0.1508 0.1507 0.2221 0.3836 0.5068 0.3346 0.1420 0.1613 0.2505 0.4377 0.4879 0.2484 0.1393 0.1784 0.2933 0.4948 0.4422 0.1668 0.1451 0.2078 0.3601 0.5098 0.3507 0.1426 0.1615 0.2551 0.4513 0.4777 0.2116 0.1404 0.1905 0.3243 0.5097 0.3962 0.1487 0.1539 0.2352 0.4173 0.4939 0.2602 0.1392 0.1791 0.2967 0.4928 0.4916 0.4928 0.2967 0.1791 0.1392 0.2602 0.4939 0.4173 0.2352 0.1539 0.1487 0.3962 0.5097 0.3243 0.1905 0.1404 0.2116 0.4777 0.4513 0.2551 0.1615 0.1426 0.3507 0.5098 0.3601 0.2078 0.1451 0.1668 0.4422 0.4948 0.2933 0.1784 0.1393 0.2484 0.4879 0.4377 0.2505 0.1613 0.1420 0.3346 0.5068 0.3836 0.2221 0.1507 0.1508 0.3965 0.5106 0.3382 0.2002 0.1435 0.1817
0.1547 0.2037 0.3457 0.5109 0.3870 0.1487 0.1523 0.2263 0.3917 0.5049 0.3236 0.1413 0.1629 0.2544 0.4436 0.4854 0.2416 0.1393 0.1793 0.2946 0.4953 0.4422 0.1673 0.1448 0.2067 0.3570 0.5102 0.3568 0.1433 0.1602 0.2513 0.4447 0.4815 0.2218 0.1400 0.1877 0.3178 0.5084 0.4050 0.1507 0.1523 0.2308 0.4088 0.4971 0.2732 0.1393 0.1766 0.2922 0.4949 0.4472 0.2795 0.4472 0.4949 0.2922 0.1766 0.1393 0.2732 0.4971 0.4088 0.2308 0.1523 0.1507 0.4050 0.5084 0.3178 0.1877 0.1400 0.2218 0.4815 0.4447 0.2513 0.1602 0.1433 0.3568 0.5102 0.3570 0.2067 0.1448 0.1673 0.4422 0.4953 0.2946 0.1793 0.1393 0.2416 0.4854 0.4436 0.2544 0.1629 0.1413 0.3236 0.5049 0.3917 0.2263 0.1523 0.1487 0.3870 0.5109 0.3457 0.2037 0.1547
0.2113 0.3534 0.5108 0.3770 0.1470 0.1539 0.2306 0.4001 0.5027 0.3117 0.1407 0.1649 0.2589 0.4504 0.4821 0.2329 0.1394 0.1807 0.2972 0.4968 0.4407 0.1668 0.1448 0.2063 0.3554 0.5104 0.3610 0.1438 0.1591 0.2482 0.4390 0.4848 0.2313 0.1397 0.1851 0.3119 0.5066 0.4131 0.1528 0.1509 0.2265 0.4004 0.5000 0.2861 0.1394 0.1741 0.2865 0.4913 0.4457 0.1741 0.1364 0.1741 0.4457 0.4913 0.2865 0.1741 0.1394 0.2861 0.5000 0.4004 0.2265 0.1509 0.1528 0.4131 0.5066 0.3119 0.1851 0.1397 0.2313 0.4848 0.4390 0.2482 0.1591 0.1438 0.3610 0.5104 0.3554 0.2063 0.1448 0.1668 0.4407 0.4968 0.2972 0.1807 0.1394 0.2329 0.4821 0.4504 0.2589 0.1649 0.1407 0.3117 0.5027 0.4001 0.2306 0.1539 0.1470 0.3770 0.5108 0.3534 0.2113
0.3567 0.5104 0.3666 0.1454 0.1556 0.2352 0.4086 0.5001 0.2993 0.1401 0.1670 0.2639 0.4578 0.4781 0.2230 0.1396 0.1825 0.3010 0.4990 0.4377 0.1654 0.1451 0.2067 0.3554 0.5105 0.3631 0.1442 0.1584 0.2459 0.4344 0.4873 0.2398 0.1395 0.1829 0.3065 0.5044 0.4205 0.1552 0.1495 0.2225 0.3924 0.5026 0.2986 0.1397 0.1717 0.2807 0.4860 0.4507 0.1724 0.1415 0.1671 0.1415 0.1724 0.4507 0.4860 0.2807 0.1717 0.1397 0.2986 0.5026 0.3924 0.2225 0.1495 0.1552 0.4205 0.5044 0.3065 0.1829 0.1395 0.2398 0.4873 0.4344 0.2459 0.1584 0.1442 0.3631 0.5105 0.3554 0.2067 0.1451 0.1654 0.4377 0.4990 0.3010 0.1825 0.1396 0.2230 0.4781 0.4578 0.2639 0.1670 0.1401 0.2993 0.5001 0.4086 0.2352 0.1556 0.1454 0.3666 0.5104 0.3567
0.5087 0.3557 0.1441 0.1573 0.2398 0.4173 0.4972 0.2864 0.1397 0.1692 0.2693 0.4653 0.4735 0.2125 0.1399 0.1848 0.3057 0.5015 0.4334 0.1632 0.1455 0.2078 0.3570 0.5104 0.3631 0.1443 0.1581 0.2445 0.4313 0.4891 0.2466 0.1393 0.1810 0.3018 0.5019 0.4270 0.1577 0.1483 0.2188 0.3846 0.5047 0.3107 0.1401 0.1693 0.2751 0.4798 0.4566 0.1770 0.1430 0.1960 0.2700 0.1960 0.1430 0.1770 0.4566 0.4798 0.2751 0.1693 0.1401 0.3107 0.5047 0.3846 0.2188 0.1483 0.1577 0.4270 0.5019 0.3018 0.1810 0.1393 0.2466 0.4891 0.4313 0.2445 0.1581 0.1443 0.3631 0.5104 0.3570 0.2078 0.1455 0.1632 0.4334 0.5015 0.3057 0.1848 0.1399 0.2125 0.4735 0.4653 0.2693 0.1692 0.1397 0.2864 0.4972 0.4173 0.2398 0.1573 0.1441 0.3557 0.5087
0.3503 0.1429 0.1592 0.2446 0.4259 0.4939 0.2733 0.1394 0.1716 0.2748 0.4726 0.4684 0.2021 0.1404 0.1875 0.3113 0.5041 0.4279 0.1607 0.1462 0.2096 0.3601 0.5102 0.3610 0.1442 0.1581 0.2441 0.4296 0.4902 0.2514 0.1393 0.1796 0.2980 0.4995 0.4325 0.1603 0.1473 0.2154 0.3774 0.5065 0.3220 0.1406 0.1672 0.2697 0.4730 0.4625 0.1837 0.1424 0.1988 0.3335 0.4718 0.3335 0.1988 0.1424 0.1837 0.4625 0.4730 0.2697 0.1672 0.1406 0.3220 0.5065 0.3774 0.2154 0.1473 0.1603 0.4325 0.4995 0.2980 0.1796 0.1393 0.2514 0.4902 0.4296 0.2441 0.1581 0.1442 0.3610 0.5102 0.3601 0.2096 0.1462 0.1607 0.4279 0.5041 0.3113 0.1875 0.1404 0.2021 0.4684 0.4726 0.2748 0.1716 0.1394 0.2733 0.4939 0.4259 0.2446 0.1592 0.1429 0.3503
0.1539 0.1612 0.2496 0.4345 0.4902 0.2601 0.1393 0.1741 0.2807 0.4796 0.4627 0.1924 0.1409 0.1904 0.3174 0.5064 0.4213 0.1581 0.1471 0.2121 0.3645 0.5098 0.3568 0.1438 0.1584 0.2445 0.4296 0.4905 0.2538 0.1393 0.1786 0.2953 0.4973 0.4369 0.1628 0.1464 0.2125 0.3710 0.5079 0.3325 0.1412 0.1651 0.2645 0.4659 0.4679 0.1919 0.1417 0.1966 0.3360 0.5086 0.4672 0.5086 0.3360 0.1966 0.1417 0.1919 0.4679 0.4659 0.2645 0.1651 0.1412 0.3325 0.5079 0.3710 0.2125 0.1464 0.1628 0.4369 0.4973 0.2953 0.1786 0.1393 0.2538 0.4905 0.4296 0.2445 0.1584 0.1438 0.3568 0.5098 0.3645 0.2121 0.1471 0.1581 0.4213 0.5064 0.3174 0.1904 0.1409 0.1924 0.4627 0.4796 0.2807 0.1741 0.1393 0.2601 0.4902 0.4345 0.2496 0.1612 0.1539
0.1707 0.2547 0.4430 0.4863 0.2470 0.1393 0.1767 0.2866 0.4860 0.4567 0.1839 0.1417 0.1935 0.3241 0.5083 0.4137 0.1555 0.1482 0.2150 0.3701 0.5091 0.3507 0.1433 0.1591 0.2459 0.4313 0.4902 0.2538 0.1393 0.1781 0.2936 0.4957 0.4400 0.1649 0.1457 0.2100 0.3653 0.5090 0.3417 0.1419 0.1633 0.2598 0.4588 0.4729 0.2011 0.1410 0.1936 0.3308 0.5101 0.4026 0.2062 0.4026 0.5101 0.3308 0.1936 0.1410 0.2011 0.4729 0.4588 0.2598 0.1633 0.1419 0.3417 0.5090 0.3653 0.2100 0.1457 0.1649 0.4400 0.4957 0.2936 0.1781 0.1393 0.2538 0.4902 0.4313 0.2459 0.1591 0.1433 0.3507 0.5091 0.3701 0.2150 0.1482 0.1555 0.4137 0.5083 0.3241 0.1935 0.1417 0.1839 0.4567 0.4860 0.2866 0.1767 0.1393 0.2470 0.4863 0.4430 0.2547 0.1707
0.2607 0.4515 0.4819 0.2342 0.1394 0.1794 0.2928 0.4918 0.4502 0.1766 0.1425 0.1967 0.3310 0.5097 0.4054 0.1530 0.1494 0.2185 0.3767 0.5081 0.3428 0.1426 0.1602 0.2482 0.4344 0.4891 0.2514 0.1393 0.1781 0.2930 0.4948 0.4420 0.1665 0.1452 0.2081 0.3608 0.5097 0.3496 0.1425 0.1617 0.2555 0.4519 0.4773 0.2109 0.1404 0.1907 0.3245 0.5096 0.3990 0.1512 0.1378 0.1512 0.3990 0.5096 0.3245 0.1907 0.1404 0.2109 0.4773 0.4519 0.2555 0.1617 0.1425 0.3496 0.5097 0.3608 0.2081 0.1452 0.1665 0.4420 0.4948 0.2930 0.1781 0.1393 0.2514 0.4891 0.4344 0.2482 0.1602 0.1426 0.3428 0.5081 0.3767 0.2185 0.1494 0.1530 0.4054 0.5097 0.3310 0.1967 0.1425 0.1766 0.4502 0.4918 0.2928 0.1794 0.1394 0.2342 0.4819 0.4515 0.2607
0.4522 0.4774 0.2218 0.1396 0.1822 0.2991 0.4968 0.4432 0.1706 0.1435 0.2002 0.3382 0.5106 0.3965 0.1507 0.1508 0.2223 0.3840 0.5066 0.3333 0.1419 0.1615 0.2513 0.4390 0.4873 0.2466 0.1393 0.1786 0.2936 0.4948 0.4426 0.1674 0.1449 0.2069 0.3575 0.5101 0.3560 0.1432 0.1604 0.2518 0.4455 0.4811 0.2207 0.1400 0.1879 0.3182 0.5084 0.4053 0.1511 0.1484 0.1825 0.1484 0.1511 0.4053 0.5084 0.3182 0.1879 0.1400 0.2207 0.4811 0.4455 0.2518 0.1604 0.1432 0.3560 0.5101 0.3575 0.2069 0.1449 0.1674 0.4426 0.4948 0.2936 0.1786 0.1393 0.2466 0.4873 0.4390 0.2513 0.1615 0.1419 0.3333 0.5066 0.3840 0.2223 0.1508 0.1507 0.3965 0.5106 0.3382 0.2002 0.1435 0.1706 0.4432 0.4968 0.2991 0.1822 0.1396 0.2218 0.4774 0.4522
0.4746 0.2100 0.1400 0.1851 0.3055 0.5009 0.4360 0.1656 0.1446 0.2037 0.3457 0.5109 0.3870 0.1487 0.1523 0.2264 0.3920 0.5048 0.3228 0.1412 0.1632 0.2551 0.4447 0.4848 0.2398 0.1393 0.1796 0.2953 0.4957 0.4420 0.1674 0.1448 0.2062 0.3555 0.5104 0.3605 0.1438 0.1593 0.2486 0.4398 0.4844 0.2301 0.1397 0.1854 0.3123 0.5067 0.4128 0.1529 0.1502 0.2180 0.3070 0.2180 0.1502 0.1529 0.4128 0.5067 0.3123 0.1854 0.1397 0.2301 0.4844 0.4398 0.2486 0.1593 0.1438 0.3605 0.5104 0.3555 0.2062 0.1448 0.1674 0.4420 0.4957 0.2953 0.1796 0.1393 0.2398 0.4848 0.4447 0.2551 0.1632 0.1412 0.3228 0.5048 0.3920 0.2264 0.1523 0.1487 0.3870 0.5109 0.3457 0.2037 0.1446 0.1656 0.4360 0.5009 0.3055 0.1851 0.1400 0.2100 0.4746
0.2094 0.1405 0.1881 0.3122 0.5042 0.4283 0.1615 0.1458 0.2074 0.3534 0.5108 0.3770 0.1470 0.1539 0.2307 0.4002 0.5027 0.3112 0.1406 0.1650 0.2594 0.4513 0.4815 0.2313 0.1395 0.1810 0.2980 0.4973 0.4400 0.1665 0.1449 0.2062 0.3548 0.5105 0.3632 0.1442 0.1585 0.2461 0.4349 0.4870 0.2387 0.1395 0.1832 0.3070 0.5046 0.4200 0.1551 0.1494 0.2211 0.3794 0.5021 0.3794 0.2211 0.1494 0.1551 0.4200 0.5046 0.3070 0.1832 0.1395 0.2387 0.4870 0.4349 0.2461 0.1585 0.1442 0.3632 0.5105 0.3548 0.2062 0.1449 0.1665 0.4400 0.4973 0.2980 0.1810 0.1395 0.2313 0.4815 0.4513 0.2594 0.1650 0.1406 0.3112 0.5027 0.4002 0.2307 0.1539 0.1470 0.3770 0.5108 0.3534 0.2074 0.1458 0.1615 0.4283 0.5042 0.3122 0.1881 0.1405 0.2094
0.1521 0.1912 0.3190 0.5068 0.4203 0.1580 0.1470 0.2111 0.3612 0.5103 0.3666 0.1454 0.1556 0.2352 0.4087 0.5001 0.2991 0.1401 0.1671 0.2642 0.4583 0.4777 0.2218 0.1397 0.1829 0.3018 0.4995 0.4369 0.1649 0.1452 0.2069 0.3555 0.5105 0.3641 0.1444 0.1580 0.2445 0.4314 0.4890 0.2460 0.1394 0.1812 0.3023 0.5022 0.4263 0.1575 0.1484 0.2187 0.3823 0.5059 0.4302 0.5059 0.3823 0.2187 0.1484 0.1575 0.4263 0.5022 0.3023 0.1812 0.1394 0.2460 0.4890 0.4314 0.2445 0.1580 0.1444 0.3641 0.5105 0.3555 0.2069 0.1452 0.1649 0.4369 0.4995 0.3018 0.1829 0.1397 0.2218 0.4777 0.4583 0.2642 0.1671 0.1401 0.2991 0.5001 0.4087 0.2352 0.1556 0.1454 0.3666 0.5103 0.3612 0.2111 0.1470 0.1580 0.4203 0.5068 0.3190 0.1912 0.1521
0.1993 0.3260 0.5087 0.4118 0.1550 0.1483 0.2151 0.3692 0.5094 0.3557 0.1441 0.1573 0.2398 0.4173 0.4972 0.2864 0.1397 0.1693 0.2694 0.4656 0.4732 0.2116 0.1400 0.1851 0.3065 0.5019 0.4325 0.1628 0.1457 0.2081 0.3575 0.5104 0.3632 0.1444 0.1579 0.2437 0.4292 0.4902 0.2514 0.1393 0.1797 0.2984 0.4998 0.4319 0.1600 0.1473 0.2156 0.3774 0.5066 0.3416 0.1602 0.3416 0.5066 0.3774 0.2156 0.1473 0.1600 0.4319 0.4998 0.2984 0.1797 0.1393 0.2514 0.4902 0.4292 0.2437 0.1579 0.1444 0.3632 0.5104 0.3575 0.2081 0.1457 0.1628 0.4325 0.5019 0.3065 0.1851 0.1400 0.2116 0.4732 0.4656 0.2694 0.1693 0.1397 0.2864 0.4972 0.4173 0.2398 0.1573 0.1441 0.3557 0.5094 0.3692 0.2151 0.1483 0.1550 0.4118 0.5087 0.3260 0.1993
0.3300 0.5102 0.4030 0.1524 0.1497 0.2191 0.3774 0.5081 0.3444 0.1429 0.1592 0.2446 0.4259 0.4939 0.2733 0.1394 0.1716 0.2749 0.4728 0.4682 0.2016 0.1404 0.1877 0.3119 0.5044 0.4270 0.1603 0.1464 0.2100 0.3608 0.5101 0.3605 0.1442 0.1580 0.2437 0.4285 0.4909 0.2547 0.1393 0.1786 0.2953 0.4974 0.4365 0.1625 0.1464 0.2127 0.3714 0.5079 0.3354 0.1414 0.1427 0.1414 0.3354 0.5079 0.3714 0.2127 0.1464 0.1625 0.4365 0.4974 0.2953 0.1786 0.1393 0.2547 0.4909 0.4285 0.2437 0.1580 0.1442 0.3605 0.5101 0.3608 0.2100 0.1464 0.1603 0.4270 0.5044 0.3119 0.1877 0.1404 0.2016 0.4682 0.4728 0.2749 0.1716 0.1394 0.2733 0.4939 0.4259 0.2446 0.1592 0.1429 0.3444 0.5081 0.3774 0.2191 0.1497 0.1524 0.4030 0.5102 0.3300
0.5086 0.3937 0.1501 0.1512 0.2233 0.3857 0.5064 0.3327 0.1420 0.1612 0.2496 0.4345 0.4902 0.2601 0.1393 0.1741 0.2807 0.4797 0.4627 0.1921 0.1410 0.1905 0.3178 0.5066 0.4205 0.1577 0.1473 0.2125 0.3653 0.5097 0.3560 0.1438 0.1585 0.2445 0.4292 0.4909 0.2557 0.1393 0.1779 0.2932 0.4955 0.4401 0.1648 0.1457 0.2102 0.3658 0.5089 0.3416 0.1419 0.1585 0.2026 0.1585 0.1419 0.3416 0.5089 0.3658 0.2102 0.1457 0.1648 0.4401 0.4955 0.2932 0.1779 0.1393 0.2557 0.4909 0.4292 0.2445 0.1585 0.1438 0.3560 0.5097 0.3653 0.2125 0.1473 0.1577 0.4205 0.5066 0.3178 0.1905 0.1410 0.1921 0.4627 0.4797 0.2807 0.1741 0.1393 0.2601 0.4902 0.4345 0.2496 0.1612 0.1420 0.3327 0.5064 0.3857 0.2233 0.1512 0.1501 0.3937 0.5086
0.3889 0.1482 0.1527 0.2276 0.3941 0.5044 0.3206 0.1412 0.1632 0.2547 0.4430 0.4863 0.2470 0.1393 0.1767 0.2866 0.4860 0.4567 0.1838 0.1417 0.1936 0.3243 0.5084 0.4131 0.1552 0.1483 0.2154 0.3710 0.5090 0.3496 0.1432 0.1593 0.2461 0.4314 0.4902 0.2547 0.1393 0.1777 0.2922 0.4943 0.4425 0.1667 0.1451 0.2082 0.3611 0.5096 0.3490 0.1425 0.1610 0.2462 0.3525 0.2462 0.1610 0.1425 0.3490 0.5096 0.3611 0.2082 0.1451 0.1667 0.4425 0.4943 0.2922 0.1777 0.1393 0.2547 0.4902 0.4314 0.2461 0.1593 0.1432 0.3496 0.5090 0.3710 0.2154 0.1483 0.1552 0.4131 0.5084 0.3243 0.1936 0.1417 0.1838 0.4567 0.4860 0.2866 0.1767 0.1393 0.2470 0.4863 0.4430 0.2547 0.1632 0.1412 0.3206 0.5044 0.3941 0.2276 0.1527 0.1482 0.3889
0.1583 0.1544 0.2320 0.4026 0.5020 0.3082 0.1405 0.1654 0.2599 0.4514 0.4819 0.2342 0.1394 0.1794 0.2928 0.4918 0.4502 0.1766 0.1425 0.1968 0.3311 0.5097 0.4050 0.1528 0.1495 0.2188 0.3774 0.5079 0.3417 0.1425 0.1604 0.2486 0.4349 0.4890 0.2514 0.1393 0.1779 0.2922 0.4939 0.4437 0.1679 0.1448 0.2066 0.3573 0.5101 0.3556 0.1431 0.1603 0.2503 0.4326 0.5082 0.4326 0.2503 0.1603 0.1431 0.3556 0.5101 0.3573 0.2066 0.1448 0.1679 0.4437 0.4939 0.2922 0.1779 0.1393 0.2514 0.4890 0.4349 0.2486 0.1604 0.1425 0.3417 0.5079 0.3774 0.2188 0.1495 0.1528 0.4050 0.5097 0.3311 0.1968 0.1425 0.1766 0.4502 0.4918 0.2928 0.1794 0.1394 0.2342 0.4819 0.4514 0.2599 0.1654 0.1405 0.3082 0.5020 0.4026 0.2320 0.1544 0.1583
0.1644 0.2366 0.4112 0.4993 0.2954 0.1400 0.1676 0.2653 0.4595 0.4773 0.2218 0.1396 0.1822 0.2991 0.4968 0.4432 0.1706 0.1435 0.2002 0.3383 0.5106 0.3962 0.1507 0.1509 0.2225 0.3846 0.5065 0.3325 0.1419 0.1617 0.2518 0.4398 0.4870 0.2460 0.1393 0.1786 0.2932 0.4943 0.4437 0.1683 0.1446 0.2057 0.3547 0.5104 0.3608 0.1438 0.1593 0.2484 0.4374 0.4888 0.3751 0.4888 0.4374 0.2484 0.1593 0.1438 0.3608 0.5104 0.3547 0.2057 0.1446 0.1683 0.4437 0.4943 0.2932 0.1786 0.1393 0.2460 0.4870 0.4398 0.2518 0.1617 0.1419 0.3325 0.5065 0.3846 0.2225 0.1509 0.1507 0.3962 0.5106 0.3383 0.2002 0.1435 0.1706 0.4432 0.4968 0.2991 0.1822 0.1396 0.2218 0.4773 0.4595 0.2653 0.1676 0.1400 0.2954 0.4993 0.4112 0.2366 0.1644
0.2431 0.4200 0.4962 0.2824 0.1396 0.1699 0.2709 0.4674 0.4722 0.2101 0.1400 0.1851 0.3055 0.5009 0.4360 0.1656 0.1446 0.2037 0.3457 0.5110 0.3869 0.1487 0.1523 0.2265 0.3924 0.5047 0.3220 0.1412 0.1633 0.2555 0.4455 0.4844 0.2387 0.1394 0.1797 0.2953 0.4955 0.4425 0.1679 0.1446 0.2054 0.3534 0.5106 0.3644 0.1443 0.1584 0.2461 0.4346 0.4878 0.2596 0.1426 0.2596 0.4878 0.4346 0.2461 0.1584 0.1443 0.3644 0.5106 0.3534 0.2054 0.1446 0.1679 0.4425 0.4955 0.2953 0.1797 0.1394 0.2387 0.4844 0.4455 0.2555 0.1633 0.1412 0.3220 0.5047 0.3924 0.2265 0.1523 0.1487 0.3869 0.5110 0.3457 0.2037 0.1446 0.1656 0.4360 0.5009 0.3055 0.1851 0.1400 0.2101 0.4722 0.4674 0.2709 0.1699 0.1396 0.2824 0.4962 0.4200 0.2431
0.4215 0.4929 0.2693 0.1394 0.1723 0.2766 0.4748 0.4668 0.1993 0.1405 0.1881 0.3122 0.5042 0.4283 0.1615 0.1458 0.2074 0.3534 0.5108 0.3770 0.1470 0.1539 0.2308 0.4004 0.5026 0.3107 0.1406 0.1651 0.2598 0.4519 0.4811 0.2301 0.1395 0.1812 0.2984 0.4974 0.4401 0.1667 0.1448 0.2057 0.3534 0.5106 0.3661 0.1446 0.1578 0.2442 0.4310 0.4891 0.2495 0.1380 0.1517 0.1380 0.2495 0.4891 0.4310 0.2442 0.1578 0.1446 0.3661 0.5106 0.3534 0.2057 0.1448 0.1667 0.4401 0.4974 0.2984 0.1812 0.1395 0.2301 0.4811 0.4519 0.2598 0.1651 0.1406 0.3107 0.5026 0.4004 0.2308 0.1539 0.1470 0.3770 0.5108 0.3534 0.2074 0.1458 0.1615 0.4283 0.5042 0.3122 0.1881 0.1405 0.1993 0.4668 0.4748 0.2766 0.1723 0.1394 0.2693 0.4929 0.4215
0.4906 0.2561 0.1393 0.1749 0.2824 0.4816 0.4610 0.1898 0.1411 0.1912 0.3190 0.5068 0.4203 0.1580 0.1470 0.2111 0.3612 0.5103 0.3666 0.1454 0.1556 0.2352 0.4088 0.5000 0.2986 0.1401 0.1672 0.2645 0.4588 0.4773 0.2207 0.1397 0.1832 0.3023 0.4998 0.4365 0.1648 0.1451 0.2066 0.3547 0.5106 0.3661 0.1447 0.1575 0.2430 0.4283 0.4905 0.2524 0.1390 0.1738 0.2306 0.1738 0.1391 0.2524 0.4905 0.4282 0.2429 0.1575 0.1447 0.3661 0.5106 0.3547 0.2066 0.1451 0.1648 0.4365 0.4998 0.3023 0.1832 0.1397 0.2207 0.4773 0.4588 0.2645 0.1672 0.1401 0.2986 0.5000 0.4088 0.2352 0.1556 0.1454 0.3666 0.5103 0.3612 0.2111 0.1470 0.1580 0.4203 0.5068 0.3190 0.1912 0.1411 0.1898 0.4610 0.4816 0.2824 0.1749 0.1393 0.2561 0.4906
0.2517 0.1393 0.1775 0.2885 0.4879 0.4547 0.1815 0.1419 0.1944 0.3260 0.5087 0.4118 0.1550 0.1483 0.2151 0.3692 0.5094 0.3557 0.1441 0.1573 0.2398 0.4173 0.4971 0.2861 0.1397 0.1693 0.2697 0.4659 0.4729 0.2109 0.1400 0.1854 0.3070 0.5022 0.4319 0.1625 0.1457 0.2082 0.3573 0.5104 0.3644 0.1446 0.1575 0.2428 0.4278 0.4917 0.2554 0.1392 0.1773 0.2858 0.4114 0.2861 0.1778 0.1393 0.2570 0.4919 0.4264 0.2427 0.1572 0.1446 0.3644 0.5104 0.3573 0.2082 0.1457 0.1625 0.4319 0.5022 0.3070 0.1854 0.1400 0.2109 0.4729 0.4659 0.2697 0.1693 0.1397 0.2861 0.4971 0.4173 0.2398 0.1573 0.1441 0.3557 0.5094 0.3692 0.2151 0.1483 0.1550 0.4118 0.5087 0.3260 0.1944 0.1419 0.1815 0.4547 0.4879 0.2885 0.1775 0.1393 0.2517
0.1509 0.1802 0.2946 0.4934 0.4481 0.1747 0.1428 0.1977 0.3331 0.5100 0.4030 0.1524 0.1497 0.2191 0.3774 0.5081 0.3444 0.1429 0.1592 0.2446 0.4259 0.4939 0.2732 0.1394 0.1717 0.2751 0.4730 0.4679 0.2011 0.1404 0.1879 0.3123 0.5046 0.4263 0.1600 0.1464 0.2102 0.3611 0.5101 0.3608 0.1443 0.1578 0.2429 0.4272 0.4920 0.2574 0.1392 0.1775 0.2910 0.4872 0.4953 0.4878 0.2914 0.1775 0.1393 0.2590 0.4912 0.4274 0.2425 0.1578 0.1443 0.3608 0.5101 0.3611 0.2102 0.1464 0.1600 0.4263 0.5046 0.3123 0.1879 0.1404 0.2011 0.4679 0.4730 0.2751 0.1717 0.1394 0.2732 0.4939 0.4259 0.2446 0.1592 0.1429 0.3444 0.5081 0.3774 0.2191 0.1497 0.1524 0.4030 0.5100 0.3331 0.1977 0.1428 0.1747 0.4481 0.4934 0.2946 0.1802 0.1509
0.1887 0.3010 0.4980 0.4412 0.1691 0.1438 0.2012 0.3404 0.5107 0.3938 0.1501 0.1512 0.2232 0.3856 0.5064 0.3328 0.1420 0.1612 0.2495 0.4344 0.4903 0.2602 0.1393 0.1741 0.2807 0.4798 0.4625 0.1919 0.1410 0.1907 0.3182 0.5067 0.4200 0.1575 0.1473 0.2127 0.3658 0.5096 0.3556 0.1438 0.1584 0.2442 0.4283 0.4918 0.2584 0.1393 0.1773 0.2912 0.4917 0.4518 0.2907 0.4524 0.4913 0.2902 0.1767 0.1393 0.2575 0.4905 0.4283 0.2442 0.1584 0.1438 0.3556 0.5096 0.3658 0.2127 0.1473 0.1575 0.4200 0.5067 0.3182 0.1907 0.1410 0.1919 0.4625 0.4798 0.2807 0.1741 0.1393 0.2602 0.4903 0.4344 0.2495 0.1612 0.1420 0.3328 0.5064 0.3856 0.2232 0.1512 0.1501 0.3938 0.5107 0.3404 0.2012 0.1438 0.1691 0.4412 0.4980 0.3010 0.1887
0.3055 0.5020 0.4339 0.1644 0.1449 0.2047 0.3478 0.5109 0.3843 0.1482 0.1527 0.2274 0.3939 0.5044 0.3209 0.1411 0.1631 0.2545 0.4428 0.4864 0.2474 0.1392 0.1766 0.2865 0.4860 0.4566 0.1837 0.1417 0.1936 0.3245 0.5084 0.4128 0.1551 0.1484 0.2156 0.3714 0.5089 0.3490 0.1431 0.1593 0.2461 0.4310 0.4905 0.2537 0.1392 0.1772 0.2918 0.4930 0.4463 0.1777 0.1366 0.1772 0.4470 0.4920 0.2900 0.1770 0.1392 0.2544 0.4901 0.4311 0.2461 0.1593 0.1431 0.3490 0.5089 0.3714 0.2156 0.1484 0.1551 0.4128 0.5084 0.3245 0.1936 0.1417 0.1837 0.4566 0.4860 0.2865 0.1766 0.1392 0.2474 0.4864 0.4428 0.2545 0.1631 0.1411 0.3209 0.5044 0.3939 0.2274 0.1527 0.1482 0.3843 0.5109 0.3478 0.2047 0.1449 0.1644 0.4339 0.5020 0.3055
0.5006 0.4266 0.1606 0.1460 0.2081 0.3550 0.5107 0.3748 0.1466 0.1542 0.2315 0.4019 0.5021 0.3093 0.1405 0.1651 0.2594 0.4506 0.4823 0.2353 0.1393 0.1791 0.2922 0.4913 0.4507 0.1770 0.1424 0.1966 0.3308 0.5096 0.4053 0.1529 0.1494 0.2187 0.3774 0.5079 0.3416 0.1425 0.1603 0.2484 0.4346 0.4891 0.2523 0.1392 0.1775 0.2914 0.4929 0.4453 0.1708 0.1417 0.1672 0.1416 0.1709 0.4456 0.4925 0.2911 0.1770 0.1392 0.2515 0.4891 0.4346 0.2484 0.1603 0.1425 0.3416 0.5079 0.3774 0.2187 0.1494 0.1529 0.4053 0.5096 0.3308 0.1966 0.1424 0.1770 0.4507 0.4913 0.2922 0.1791 0.1393 0.2353 0.4823 0.4506 0.2594 0.1651 0.1405 0.3093 0.5021 0.4019 0.2315 0.1542 0.1466 0.3748 0.5107 0.3550 0.2081 0.1460 0.1606 0.4266 0.5006
0.4250 0.1580 0.1467 0.2107 0.3607 0.5100 0.3671 0.1453 0.1552 0.2347 0.4081 0.4999 0.2999 0.1399 0.1665 0.2632 0.4565 0.4787 0.2260 0.1393 0.1809 0.2967 0.4949 0.4457 0.1724 0.1430 0.1988 0.3360 0.5101 0.3990 0.1511 0.1502 0.2211 0.3823 0.5066 0.3354 0.1419 0.1610 0.2503 0.4374 0.4878 0.2495 0.1391 0.1777 0.2921 0.4927 0.4450 0.1701 0.1435 0.1973 0.2711 0.1969 0.1434 0.1703 0.4461 0.4919 0.2897 0.1774 0.1390 0.2496 0.4878 0.4374 0.2503 0.1610 0.1419 0.3354 0.5066 0.3823 0.2211 0.1502 0.1511 0.3990 0.5101 0.3360 0.1988 0.1430 0.1724 0.4457 0.4949 0.2967 0.1809 0.1393 0.2260 0.4787 0.4565 0.2632 0.1665 0.1399 0.2999 0.4999 0.4081 0.2347 0.1552 0.1453 0.3671 0.5100 0.3607 0.2107 0.1467 0.1580 0.4250
0.1703 0.1450 0.2078 0.3585 0.5088 0.3713 0.1449 0.1533 0.2318 0.4058 0.4993 0.3050 0.1391 0.1643 0.2604 0.4541 0.4788 0.2308 0.1381 0.1784 0.2941 0.4928 0.4472 0.1741 0.1415 0.1960 0.3335 0.5086 0.4026 0.1512 0.1484 0.2180 0.3794 0.5059 0.3416 0.1414 0.1585 0.2462 0.4326 0.4888 0.2596 0.1380 0.1737 0.2849 0.4873 0.4518 0.1755 0.1416 0.1971 0.3301 0.4678 0.3296 0.1962 0.1414 0.1785 0.4529 0.4850 0.2842 0.1735 0.1380 0.2596 0.4888 0.4326 0.2462 0.1585 0.1414 0.3416 0.5059 0.3794 0.2180 0.1484 0.1512 0.4026 0.5086 0.3335 0.1960 0.1415 0.1741 0.4472 0.4928 0.2941 0.1784 0.1381 0.2308 0.4788 0.4541 0.2604 0.1643 0.1391 0.3050 0.4993 0.4058 0.2318 0.1533 0.1449 0.3713 0.5088 0.3585 0.2078 0.1450 0.1703
0.1485 0.1756 0.2902 0.4920 0.4483 0.1755 0.1400 0.1926 0.3297 0.5078 0.4054 0.1497 0.1463 0.2136 0.3751 0.5054 0.3491 0.1395 0.1552 0.2392 0.4246 0.4916 0.2795 0.1364 0.1671 0.2700 0.4718 0.4672 0.2062 0.1378 0.1825 0.3070 0.5021 0.4302 0.1602 0.1427 0.2026 0.3525 0.5082 0.3751 0.1426 0.1517 0.2305 0.4117 0.4955 0.2896 0.1366 0.1668 0.2703 0.4673 0.5012 0.4669 0.2705 0.1666 0.1366 0.2933 0.4961 0.4104 0.2296 0.1517 0.1426 0.3751 0.5082 0.3525 0.2026 0.1427 0.1602 0.4302 0.5021 0.3070 0.1825 0.1378 0.2062 0.4672 0.4718 0.2700 0.1671 0.1364 0.2795 0.4916 0.4246 0.2392 0.1552 0.1395 0.3491 0.5054 0.3751 0.2136 0.1463 0.1497 0.4054 0.5078 0.3297 0.1926 0.1400 0.1755 0.4483 0.4920 0.2902 0.1756 0.1485
0.1703 0.1450 0.2078 0.3585 0.5088 0.3713 0.1449 0.1533 0.2318 0.4058 0.4993 0.3050 0.1391 0.1643 0.2604 0.4541 0.4788 0.2308 0.1381 0.1784 0.2941 0.4928 0.4472 0.1741 0.1415 0.1960 0.3335 0.5086 0.4026 0.1512 0.1484 0.2180 0.3794 0.5059 0.3416 0.1414 0.1585 0.2462 0.4326 0.4888 0.2596 0.1380 0.1737 0.2848 0.4861 0.4514 0.1759 0.1415 0.1965 0.3308 0.4667 0.3291 0.1962 0.1414 0.1769 0.4514 0.4872 0.2848 0.1735 0.1380 0.2596 0.4888 0.4326 0.2462 0.1585 0.1414 0.3416 0.5059 0.3794 0.2180 0.1484 0.1512 0.4026 0.5086 0.3335 0.1960 0.1415 0.1741 0.4472 0.4928 0.2941 0.1784 0.1381 0.2308 0.4788 0.4541 0.2604 0.1643 0.1391 0.3050 0.4993 0.4058 0.2318 0.1533 0.1449 0.3713 0.5088 0.3585 0.2078 0.1450 0.1703
0.4250 0.1580 0.1467 0.2107 0.3607 0.5100 0.3671 0.1453 0.1552 0.2347 0.4081 0.4999 0.2999 0.1399 0.1665 0.2632 0.4565 0.4787 0.2260 0.1393 0.1809 0.2967 0.4949 0.4457 0.1724 0.1430 0.1988 0.3360 0.5101 0.3990 0.1511 0.1502 0.2211 0.3823 0.5066 0.3354 0.1419 0.1610 0.2503 0.4374 0.4878 0.2495 0.1391 0.1777 0.2921 0.4932 0.4461 0.1700 0.1435 0.1972 0.2703 0.1965 0.1434 0.1695 0.4469 0.4925 0.2916 0.1774 0.1390 0.2496 0.4878 0.4374 0.2503 0.1610 0.1419 0.3354 0.5066 0.3823 0.2211 0.1502 0.1511 0.3990 0.5101 0.3360 0.1988 0.1430 0.1724 0.4457 0.4949 0.2967 0.1809 0.1393 0.2260 0.4787 0.4565 0.2632 0.1665 0.1399 0.2999 0.4999 0.4081 0.2347 0.1552 0.1453 0.3671 0.5100 0.3607 0.2107 0.1467 0.1580 0.4250
0.5006 0.4266 0.1606 0.1460 0.2081 0.3550 0.5107 0.3748 0.1466 0.1542 0.2315 0.4019 0.5021 0.3093 0.1405 0.1651 0.2594 0.4506 0.4823 0.2353 0.1393 0.1791 0.2922 0.4913 0.4507 0.1770 0.1424 0.1966 0.3308 0.5096 0.4053 0.1529 0.1494 0.2187 0.3774 0.5079 0.3416 0.1425 0.1603 0.2484 0.4346 0.4891 0.2523 0.1392 0.1779 0.2929 0.4935 0.4458 0.1711 0.1416 0.1671 0.1414 0.1709 0.4449 0.4925 0.2914 0.1775 0.1392 0.2507 0.4891 0.4346 0.2484 0.1603 0.1425 0.3416 0.5079 0.3774 0.2187 0.1494 0.1529 0.4053 0.5096 0.3308 0.1966 0.1424 0.1770 0.4507 0.4913 0.2922 0.1791 0.1393 0.2353 0.4823 0.4506 0.2594 0.1651 0.1405 0.3093 0.5021 0.4019 0.2315 0.1542 0.1466 0.3748 0.5107 0.3550 0.2081 0.1460 0.1606 0.4266 0.5006
0.3055 0.5020 0.4339 0.1644 0.1449 0.2047 0.3478 0.5109 0.3843 0.1482 0.1527 0.2274 0.3939 0.5044 0.3209 0.1411 0.1631 0.2545 0.4428 0.4864 0.2474 0.1392 0.1766 0.2865 0.4860 0.4566 0.1837 0.1417 0.1936 0.3245 0.5084 0.4128 0.1551 0.1484 0.2156 0.3714 0.5089 0.3490 0.1431 0.1593 0.2461 0.4310 0.4905 0.2564 0.1393 0.1781 0.2916 0.4933 0.4460 0.1756 0.1366 0.1776 0.4470 0.4917 0.2898 0.1773 0.1393 0.2547 0.4900 0.4312 0.2461 0.1593 0.1431 0.3490 0.5089 0.3714 0.2156 0.1484 0.1551 0.4128 0.5084 0.3245 0.1936 0.1417 0.1837 0.4566 0.4860 0.2865 0.1766 0.1392 0.2474 0.4864 0.4428 0.2545 0.1631 0.1411 0.3209 0.5044 0.3939 0.2274 0.1527 0.1482 0.3843 0.5109 0.3478 0.2047 0.1449 0.1644 0.4339 0.5020 0.3055
0.1887 0.3010 0.4980 0.4412 0.1691 0.1438 0.2012 0.3404 0.5107 0.3938 0.1501 0.1512 0.2232 0.3856 0.5064 0.3328 0.1420 0.1612 0.2495 0.4344 0.4903 0.2602 0.1393 0.1741 0.2807 0.4798 0.4625 0.1919 0.1410 0.1907 0.3182 0.5067 0.4200 0.1575 0.1473 0.2127 0.3658 0.5096 0.3556 0.1438 0.1584 0.2442 0.4284 0.4914 0.2556 0.1393 0.1777 0.2917 0.4924 0.4518 0.2926 0.4522 0.4920 0.2905 0.1766 0.1393 0.2587 0.4913 0.4288 0.2442 0.1584 0.1438 0.3556 0.5096 0.3658 0.2127 0.1473 0.1575 0.4200 0.5067 0.3182 0.1907 0.1410 0.1919 0.4625 0.4798 0.2807 0.1741 0.1393 0.2602 0.4903 0.4344 0.2495 0.1612 0.1420 0.3328 0.5064 0.3856 0.2232 0.1512 0.1501 0.3938 0.5107 0.3404 0.2012 0.1438 0.1691 0.4412 0.4980 0.3010 0.1887
