0.2691 0.4650 0.4656 0.1944 0.1531 0.2048 0.3424 0.5094 0.3711 0.1559 0.1673 0.2513 0.4365 0.4836 0.2302 0.1513 0.1936 0.3171 0.5058 0.4067 0.1617 0.1616 0.2347 0.4054 0.4970 0.2761 0.1509 0.1838 0.2940 0.4931 0.4368 0.1715 0.1570 0.2199 0.3751 0.5057 0.3225 0.1522 0.1754 0.2731 0.4705 0.4616 0.1896 0.1536 0.2069 0.3468 0.5093 0.3657 0.1554 0.1638 0.2027 0.1638 0.1554 0.3657 0.5093 0.3468 0.2069 0.1536 0.1896 0.4616 0.4705 0.2731 0.1754 0.1522 0.3225 0.5057 0.3751 0.2199 0.1570 0.1715 0.4368 0.4931 0.2940 0.1838 0.1509 0.2761 0.4970 0.4054 0.2347 0.1616 0.1617 0.4067 0.5058 0.3171 0.1936 0.1513 0.2302 0.4836 0.4365 0.2513 0.1673 0.1559 0.3711 0.5094 0.3424 0.2048 0.1531 0.1944 0.4656 0.4650 0.2691
0.4650 0.4660 0.1900 0.1419 0.1973 0.3391 0.5111 0.3761 0.1453 0.1575 0.2451 0.4354 0.4860 0.2331 0.1396 0.1853 0.3127 0.5071 0.4111 0.1522 0.1513 0.2279 0.4034 0.4992 0.2814 0.1393 0.1751 0.2890 0.4939 0.4405 0.1639 0.1462 0.2126 0.3724 0.5076 0.3281 0.1409 0.1662 0.2675 0.4704 0.4647 0.1864 0.1422 0.1991 0.3434 0.5111 0.3702 0.1446 0.1577 0.2381 0.3408 0.2381 0.1577 0.1446 0.3702 0.5111 0.3434 0.1991 0.1422 0.1864 0.4647 0.4704 0.2675 0.1662 0.1409 0.3281 0.5076 0.3724 0.2126 0.1462 0.1639 0.4405 0.4939 0.2890 0.1751 0.1393 0.2814 0.4992 0.4034 0.2279 0.1513 0.1522 0.4111 0.5071 0.3127 0.1853 0.1396 0.2331 0.4860 0.4354 0.2451 0.1575 0.1453 0.3761 0.5111 0.3391 0.1973 0.1419 0.1900 0.4660 0.4650
0.4656 0.1900 0.1416 0.1953 0.3335 0.5108 0.3852 0.1467 0.1558 0.2404 0.4268 0.4899 0.2459 0.1394 0.1824 0.3060 0.5045 0.4196 0.1547 0.1498 0.2236 0.3948 0.5018 0.2944 0.1396 0.1725 0.2829 0.4883 0.4476 0.1686 0.1450 0.2088 0.3642 0.5089 0.3400 0.1416 0.1640 0.2620 0.4626 0.4702 0.1955 0.1414 0.1957 0.3359 0.5109 0.3803 0.1459 0.1565 0.2411 0.4175 0.5085 0.4175 0.2411 0.1565 0.1459 0.3803 0.5109 0.3359 0.1957 0.1414 0.1955 0.4702 0.4626 0.2620 0.1640 0.1416 0.3400 0.5089 0.3642 0.2088 0.1450 0.1686 0.4476 0.4883 0.2829 0.1725 0.1396 0.2944 0.5018 0.3948 0.2236 0.1498 0.1547 0.4196 0.5045 0.3060 0.1824 0.1394 0.2459 0.4899 0.4268 0.2404 0.1558 0.1467 0.3852 0.5108 0.3335 0.1953 0.1416 0.1900 0.4656
0.1944 0.1419 0.1953 0.3314 0.5105 0.3917 0.1481 0.1544 0.2361 0.4187 0.4934 0.2586 0.1393 0.1796 0.2996 0.5012 0.4277 0.1577 0.1484 0.2194 0.3863 0.5042 0.3072 0.1399 0.1701 0.2770 0.4821 0.4542 0.1742 0.1439 0.2051 0.3563 0.5100 0.3514 0.1426 0.1619 0.2567 0.4545 0.4754 0.2058 0.1407 0.1924 0.3287 0.5104 0.3901 0.1475 0.1550 0.2378 0.4200 0.4953 0.3930 0.4953 0.4200 0.2378 0.1550 0.1475 0.3901 0.5104 0.3287 0.1924 0.1407 0.2058 0.4754 0.4545 0.2567 0.1619 0.1426 0.3514 0.5100 0.3563 0.2051 0.1439 0.1742 0.4542 0.4821 0.2770 0.1701 0.1399 0.3072 0.5042 0.3863 0.2194 0.1484 0.1577 0.4277 0.5012 0.2996 0.1796 0.1393 0.2586 0.4934 0.4187 0.2361 0.1544 0.1481 0.3917 0.5105 0.3314 0.1953 0.1419 0.1944
0.1531 0.1973 0.3335 0.5105 0.3941 0.1489 0.1534 0.2328 0.4117 0.4963 0.2706 0.1393 0.1770 0.2935 0.4972 0.4353 0.1611 0.1471 0.2154 0.3780 0.5062 0.3197 0.1404 0.1678 0.2713 0.4753 0.4605 0.1810 0.1429 0.2015 0.3486 0.5107 0.3625 0.1436 0.1600 0.2515 0.4463 0.4802 0.2172 0.1402 0.1892 0.3216 0.5093 0.3995 0.1494 0.1533 0.2336 0.4137 0.4958 0.2872 0.1464 0.2872 0.4958 0.4137 0.2336 0.1533 0.1494 0.3995 0.5093 0.3216 0.1892 0.1402 0.2172 0.4802 0.4463 0.2515 0.1600 0.1436 0.3625 0.5107 0.3486 0.2015 0.1429 0.1810 0.4605 0.4753 0.2713 0.1678 0.1404 0.3197 0.5062 0.3780 0.2154 0.1471 0.1611 0.4353 0.4972 0.2935 0.1770 0.1393 0.2706 0.4963 0.4117 0.2328 0.1534 0.1489 0.3941 0.5105 0.3335 0.1973 0.1531
0.2048 0.3391 0.5108 0.3917 0.1489 0.1530 0.2309 0.4068 0.4985 0.2807 0.1394 0.1748 0.2879 0.4926 0.4423 0.1651 0.1459 0.2115 0.3699 0.5079 0.3318 0.1411 0.1655 0.2658 0.4680 0.4663 0.1891 0.1420 0.1980 0.3410 0.5110 0.3731 0.1449 0.1581 0.2465 0.4378 0.4847 0.2294 0.1397 0.1862 0.3147 0.5076 0.4085 0.1515 0.1518 0.2292 0.4057 0.4984 0.2820 0.1384 0.1482 0.1384 0.2820 0.4984 0.4057 0.2292 0.1518 0.1515 0.4085 0.5076 0.3147 0.1862 0.1397 0.2294 0.4847 0.4378 0.2465 0.1581 0.1449 0.3731 0.5110 0.3410 0.1980 0.1420 0.1891 0.4663 0.4680 0.2658 0.1655 0.1411 0.3318 0.5079 0.3699 0.2115 0.1459 0.1651 0.4423 0.4926 0.2879 0.1748 0.1394 0.2807 0.4985 0.4068 0.2309 0.1530 0.1489 0.3917 0.5108 0.3391 0.2048
0.3424 0.5111 0.3852 0.1481 0.1534 0.2309 0.4050 0.4996 0.2877 0.1395 0.1729 0.2830 0.4879 0.4486 0.1696 0.1448 0.2079 0.3621 0.5093 0.3434 0.1419 0.1634 0.2603 0.4602 0.4718 0.1985 0.1412 0.1947 0.3337 0.5108 0.3833 0.1464 0.1562 0.2416 0.4292 0.4888 0.2421 0.1395 0.1833 0.3080 0.5053 0.4171 0.1539 0.1503 0.2249 0.3973 0.5010 0.2917 0.1394 0.1674 0.2194 0.1674 0.1394 0.2917 0.5010 0.3973 0.2249 0.1503 0.1539 0.4171 0.5053 0.3080 0.1833 0.1395 0.2421 0.4888 0.4292 0.2416 0.1562 0.1464 0.3833 0.5108 0.3337 0.1947 0.1412 0.1985 0.4718 0.4602 0.2603 0.1634 0.1419 0.3434 0.5093 0.3621 0.2079 0.1448 0.1696 0.4486 0.4879 0.2830 0.1729 0.1395 0.2877 0.4996 0.4050 0.2309 0.1534 0.1481 0.3852 0.5111 0.3424
0.5094 0.3761 0.1467 0.1544 0.2328 0.4068 0.4996 0.2902 0.1396 0.1717 0.2794 0.4835 0.4537 0.1744 0.1438 0.2045 0.3547 0.5102 0.3544 0.1428 0.1614 0.2551 0.4521 0.4769 0.2092 0.1405 0.1914 0.3265 0.5101 0.3930 0.1480 0.1545 0.2369 0.4206 0.4925 0.2551 0.1393 0.1804 0.3015 0.5023 0.4253 0.1568 0.1488 0.2206 0.3888 0.5035 0.3037 0.1398 0.1697 0.2681 0.3869 0.2681 0.1697 0.1398 0.3037 0.5035 0.3888 0.2206 0.1488 0.1568 0.4253 0.5023 0.3015 0.1804 0.1393 0.2551 0.4925 0.4206 0.2369 0.1545 0.1480 0.3930 0.5101 0.3265 0.1914 0.1405 0.2092 0.4769 0.4521 0.2551 0.1614 0.1428 0.3544 0.5102 0.3547 0.2045 0.1438 0.1744 0.4537 0.4835 0.2794 0.1717 0.1396 0.2902 0.4996 0.4068 0.2328 0.1544 0.1467 0.3761 0.5094
0.3711 0.1453 0.1558 0.2361 0.4117 0.4985 0.2877 0.1396 0.1712 0.2774 0.4804 0.4575 0.1788 0.1430 0.2016 0.3481 0.5108 0.3645 0.1439 0.1595 0.2502 0.4439 0.4815 0.2208 0.1400 0.1883 0.3195 0.5089 0.4023 0.1500 0.1529 0.2323 0.4119 0.4960 0.2683 0.1392 0.1777 0.2951 0.4984 0.4331 0.1601 0.1475 0.2166 0.3805 0.5057 0.3160 0.1403 0.1682 0.2709 0.4650 0.5030 0.4650 0.2709 0.1682 0.1403 0.3160 0.5057 0.3805 0.2166 0.1475 0.1601 0.4331 0.4984 0.2951 0.1777 0.1392 0.2683 0.4960 0.4119 0.2323 0.1529 0.1500 0.4023 0.5089 0.3195 0.1883 0.1400 0.2208 0.4815 0.4439 0.2502 0.1595 0.1439 0.3645 0.5108 0.3481 0.2016 0.1430 0.1788 0.4575 0.4804 0.2774 0.1712 0.1396 0.2877 0.4985 0.4117 0.2361 0.1558 0.1453 0.3711
0.1559 0.1575 0.2404 0.4187 0.4963 0.2807 0.1395 0.1717 0.2774 0.4793 0.4595 0.1822 0.1425 0.1993 0.3426 0.5110 0.3734 0.1450 0.1578 0.2455 0.4358 0.4857 0.2328 0.1397 0.1853 0.3127 0.5070 0.4111 0.1522 0.1513 0.2279 0.4033 0.4990 0.2814 0.1393 0.1751 0.2889 0.4938 0.4405 0.1640 0.1462 0.2126 0.3723 0.5075 0.3282 0.1409 0.1661 0.2669 0.4674 0.4722 0.3333 0.4722 0.4674 0.2669 0.1661 0.1409 0.3282 0.5075 0.3723 0.2126 0.1462 0.1640 0.4405 0.4938 0.2889 0.1751 0.1393 0.2814 0.4990 0.4033 0.2279 0.1513 0.1522 0.4111 0.5070 0.3127 0.1853 0.1397 0.2328 0.4857 0.4358 0.2455 0.1578 0.1450 0.3734 0.5110 0.3426 0.1993 0.1425 0.1822 0.4595 0.4793 0.2774 0.1717 0.1395 0.2807 0.4963 0.4187 0.2404 0.1575 0.1559
0.1673 0.2451 0.4268 0.4934 0.2706 0.1394 0.1729 0.2794 0.4804 0.4595 0.1834 0.1422 0.1978 0.3386 0.5109 0.3806 0.1462 0.1563 0.2413 0.4280 0.4895 0.2450 0.1394 0.1825 0.3062 0.5045 0.4196 0.1547 0.1498 0.2236 0.3948 0.5018 0.2944 0.1396 0.1725 0.2829 0.4883 0.4476 0.1686 0.1450 0.2088 0.3642 0.5089 0.3400 0.1416 0.1640 0.2618 0.4618 0.4719 0.2139 0.1382 0.2139 0.4719 0.4618 0.2618 0.1640 0.1416 0.3400 0.5089 0.3642 0.2088 0.1450 0.1686 0.4476 0.4883 0.2829 0.1725 0.1396 0.2944 0.5018 0.3948 0.2236 0.1498 0.1547 0.4196 0.5045 0.3062 0.1825 0.1394 0.2450 0.4895 0.4280 0.2413 0.1563 0.1462 0.3806 0.5109 0.3386 0.1978 0.1422 0.1834 0.4595 0.4804 0.2794 0.1729 0.1394 0.2706 0.4934 0.4268 0.2451 0.1673
0.2513 0.4354 0.4899 0.2586 0.1393 0.1748 0.2830 0.4835 0.4575 0.1822 0.1422 0.1973 0.3364 0.5108 0.3858 0.1472 0.1551 0.2377 0.4210 0.4927 0.2566 0.1393 0.1799 0.3000 0.5014 0.4275 0.1577 0.1484 0.2194 0.3863 0.5042 0.3072 0.1399 0.1701 0.2770 0.4821 0.4542 0.1742 0.1439 0.2051 0.3563 0.5100 0.3514 0.1425 0.1619 0.2566 0.4543 0.4758 0.2097 0.1385 0.1578 0.1385 0.2097 0.4758 0.4543 0.2566 0.1619 0.1425 0.3514 0.5100 0.3563 0.2051 0.1439 0.1742 0.4542 0.4821 0.2770 0.1701 0.1399 0.3072 0.5042 0.3863 0.2194 0.1484 0.1577 0.4275 0.5014 0.3000 0.1799 0.1393 0.2566 0.4927 0.4210 0.2377 0.1551 0.1472 0.3858 0.5108 0.3364 0.1973 0.1422 0.1822 0.4575 0.4835 0.2830 0.1748 0.1393 0.2586 0.4899 0.4354 0.2513
0.4365 0.4860 0.2459 0.1393 0.1770 0.2879 0.4879 0.4537 0.1788 0.1425 0.1978 0.3364 0.5108 0.3885 0.1479 0.1542 0.2350 0.4152 0.4953 0.2671 0.1393 0.1775 0.2943 0.4976 0.4348 0.1610 0.1471 0.2155 0.3781 0.5062 0.3196 0.1404 0.1678 0.2713 0.4753 0.4605 0.1810 0.1429 0.2015 0.3486 0.5107 0.3625 0.1436 0.1600 0.2515 0.4461 0.4803 0.2183 0.1398 0.1823 0.2462 0.1823 0.1398 0.2183 0.4803 0.4461 0.2515 0.1600 0.1436 0.3625 0.5107 0.3486 0.2015 0.1429 0.1810 0.4605 0.4753 0.2713 0.1678 0.1404 0.3196 0.5062 0.3781 0.2155 0.1471 0.1610 0.4348 0.4976 0.2943 0.1775 0.1393 0.2671 0.4953 0.4152 0.2350 0.1542 0.1479 0.3885 0.5108 0.3364 0.1978 0.1425 0.1788 0.4537 0.4879 0.2879 0.1770 0.1393 0.2459 0.4860 0.4365
0.4836 0.2331 0.1394 0.1796 0.2935 0.4926 0.4486 0.1744 0.1430 0.1993 0.3386 0.5108 0.3885 0.1481 0.1538 0.2332 0.4110 0.4971 0.2758 0.1393 0.1754 0.2892 0.4935 0.4414 0.1647 0.1460 0.2117 0.3702 0.5079 0.3316 0.1411 0.1655 0.2658 0.4680 0.4663 0.1891 0.1420 0.1980 0.3410 0.5110 0.3731 0.1449 0.1581 0.2465 0.4377 0.4847 0.2298 0.1397 0.1848 0.3031 0.4366 0.3031 0.1848 0.1397 0.2298 0.4847 0.4377 0.2465 0.1581 0.1449 0.3731 0.5110 0.3410 0.1980 0.1420 0.1891 0.4663 0.4680 0.2658 0.1655 0.1411 0.3316 0.5079 0.3702 0.2117 0.1460 0.1647 0.4414 0.4935 0.2892 0.1754 0.1393 0.2758 0.4971 0.4110 0.2332 0.1538 0.1481 0.3885 0.5108 0.3386 0.1993 0.1430 0.1744 0.4486 0.4926 0.2935 0.1796 0.1394 0.2331 0.4836
0.2302 0.1396 0.1824 0.2996 0.4972 0.4423 0.1696 0.1438 0.2016 0.3426 0.5109 0.3858 0.1479 0.1538 0.2326 0.4088 0.4983 0.2819 0.1394 0.1738 0.2848 0.4894 0.4471 0.1688 0.1449 0.2082 0.3627 0.5092 0.3429 0.1419 0.1634 0.2604 0.4602 0.4718 0.1985 0.1412 0.1947 0.3337 0.5108 0.3833 0.1464 0.1562 0.2416 0.4292 0.4888 0.2423 0.1394 0.1829 0.3056 0.4988 0.4867 0.4988 0.3056 0.1829 0.1394 0.2423 0.4888 0.4292 0.2416 0.1562 0.1464 0.3833 0.5108 0.3337 0.1947 0.1412 0.1985 0.4718 0.4602 0.2604 0.1634 0.1419 0.3429 0.5092 0.3627 0.2082 0.1449 0.1688 0.4471 0.4894 0.2848 0.1738 0.1394 0.2819 0.4983 0.4088 0.2326 0.1538 0.1479 0.3858 0.5109 0.3426 0.2016 0.1438 0.1696 0.4423 0.4972 0.2996 0.1824 0.1396 0.2302
0.1513 0.1853 0.3060 0.5012 0.4353 0.1651 0.1448 0.2045 0.3481 0.5110 0.3806 0.1472 0.1542 0.2332 0.4088 0.4986 0.2851 0.1395 0.1727 0.2816 0.4856 0.4518 0.1729 0.1440 0.2051 0.3558 0.5101 0.3535 0.1428 0.1615 0.2553 0.4523 0.4768 0.2091 0.1405 0.1914 0.3265 0.5101 0.3930 0.1480 0.1545 0.2369 0.4206 0.4925 0.2552 0.1393 0.1803 0.3009 0.5007 0.4377 0.2614 0.4377 0.5007 0.3009 0.1803 0.1393 0.2552 0.4925 0.4206 0.2369 0.1545 0.1480 0.3930 0.5101 0.3265 0.1914 0.1405 0.2091 0.4768 0.4523 0.2553 0.1615 0.1428 0.3535 0.5101 0.3558 0.2051 0.1440 0.1729 0.4518 0.4856 0.2816 0.1727 0.1395 0.2851 0.4986 0.4088 0.2332 0.1542 0.1472 0.3806 0.5110 0.3481 0.2045 0.1448 0.1651 0.4353 0.5012 0.3060 0.1853 0.1513
0.1936 0.3127 0.5045 0.4277 0.1611 0.1459 0.2079 0.3547 0.5108 0.3734 0.1462 0.1551 0.2350 0.4110 0.4983 0.2851 0.1395 0.1721 0.2795 0.4828 0.4553 0.1767 0.1433 0.2024 0.3496 0.5107 0.3630 0.1438 0.1596 0.2505 0.4443 0.4814 0.2204 0.1400 0.1883 0.3195 0.5089 0.4023 0.1500 0.1529 0.2323 0.4119 0.4960 0.2683 0.1393 0.1777 0.2950 0.4980 0.4357 0.1664 0.1364 0.1664 0.4357 0.4980 0.2950 0.1777 0.1393 0.2683 0.4960 0.4119 0.2323 0.1529 0.1500 0.4023 0.5089 0.3195 0.1883 0.1400 0.2204 0.4814 0.4443 0.2505 0.1596 0.1438 0.3630 0.5107 0.3496 0.2024 0.1433 0.1767 0.4553 0.4828 0.2795 0.1721 0.1395 0.2851 0.4983 0.4110 0.2350 0.1551 0.1462 0.3734 0.5108 0.3547 0.2079 0.1459 0.1611 0.4277 0.5045 0.3127 0.1936
0.3171 0.5071 0.4196 0.1577 0.1471 0.2115 0.3621 0.5102 0.3645 0.1450 0.1563 0.2377 0.4152 0.4971 0.2819 0.1395 0.1721 0.2789 0.4813 0.4575 0.1797 0.1428 0.2003 0.3445 0.5109 0.3713 0.1448 0.1580 0.2460 0.4365 0.4855 0.2322 0.1397 0.1854 0.3129 0.5070 0.4111 0.1522 0.1513 0.2279 0.4033 0.4990 0.2814 0.1393 0.1750 0.2889 0.4936 0.4411 0.1653 0.1429 0.1704 0.1429 0.1653 0.4411 0.4936 0.2889 0.1750 0.1393 0.2814 0.4990 0.4033 0.2279 0.1513 0.1522 0.4111 0.5070 0.3129 0.1854 0.1397 0.2322 0.4855 0.4365 0.2460 0.1580 0.1448 0.3713 0.5109 0.3445 0.2003 0.1428 0.1797 0.4575 0.4813 0.2789 0.1721 0.1395 0.2819 0.4971 0.4152 0.2377 0.1563 0.1450 0.3645 0.5102 0.3621 0.2115 0.1471 0.1577 0.4196 0.5071 0.3171
0.5058 0.4111 0.1547 0.1484 0.2154 0.3699 0.5093 0.3544 0.1439 0.1578 0.2413 0.4210 0.4953 0.2758 0.1394 0.1727 0.2795 0.4813 0.4582 0.1814 0.1425 0.1988 0.3407 0.5110 0.3781 0.1458 0.1566 0.2421 0.4291 0.4891 0.2438 0.1394 0.1826 0.3065 0.5046 0.4193 0.1547 0.1498 0.2236 0.3948 0.5018 0.2944 0.1396 0.1725 0.2829 0.4883 0.4477 0.1690 0.1444 0.2007 0.2781 0.2007 0.1444 0.1690 0.4477 0.4883 0.2829 0.1725 0.1396 0.2944 0.5018 0.3948 0.2236 0.1498 0.1547 0.4193 0.5046 0.3065 0.1826 0.1394 0.2438 0.4891 0.4291 0.2421 0.1566 0.1458 0.3781 0.5110 0.3407 0.1988 0.1425 0.1814 0.4582 0.4813 0.2795 0.1727 0.1394 0.2758 0.4953 0.4210 0.2413 0.1578 0.1439 0.3544 0.5093 0.3699 0.2154 0.1484 0.1547 0.4111 0.5058
0.4067 0.1522 0.1498 0.2194 0.3780 0.5079 0.3434 0.1428 0.1595 0.2455 0.4280 0.4927 0.2671 0.1393 0.1738 0.2816 0.4828 0.4575 0.1814 0.1424 0.1981 0.3383 0.5109 0.3832 0.1467 0.1555 0.2387 0.4226 0.4921 0.2548 0.1393 0.1801 0.3004 0.5015 0.4271 0.1575 0.1485 0.2195 0.3865 0.5042 0.3071 0.1399 0.1701 0.2770 0.4821 0.4543 0.1743 0.1438 0.2035 0.3436 0.4810 0.3436 0.2035 0.1438 0.1743 0.4543 0.4821 0.2770 0.1701 0.1399 0.3071 0.5042 0.3865 0.2195 0.1485 0.1575 0.4271 0.5015 0.3004 0.1801 0.1393 0.2548 0.4921 0.4226 0.2387 0.1555 0.1467 0.3832 0.5109 0.3383 0.1981 0.1424 0.1814 0.4575 0.4828 0.2816 0.1738 0.1393 0.2671 0.4927 0.4280 0.2455 0.1595 0.1428 0.3434 0.5079 0.3780 0.2194 0.1498 0.1522 0.4067
0.1617 0.1513 0.2236 0.3863 0.5062 0.3318 0.1419 0.1614 0.2502 0.4358 0.4895 0.2566 0.1393 0.1754 0.2848 0.4856 0.4553 0.1797 0.1425 0.1981 0.3375 0.5108 0.3863 0.1474 0.1546 0.2361 0.4171 0.4946 0.2647 0.1393 0.1778 0.2949 0.4980 0.4343 0.1608 0.1472 0.2156 0.3784 0.5062 0.3194 0.1404 0.1678 0.2713 0.4753 0.4605 0.1810 0.1428 0.2011 0.3459 0.5093 0.4599 0.5093 0.3459 0.2011 0.1428 0.1810 0.4605 0.4753 0.2713 0.1678 0.1404 0.3194 0.5062 0.3784 0.2156 0.1472 0.1608 0.4343 0.4980 0.2949 0.1778 0.1393 0.2647 0.4946 0.4171 0.2361 0.1546 0.1474 0.3863 0.5108 0.3375 0.1981 0.1425 0.1797 0.4553 0.4856 0.2848 0.1754 0.1393 0.2566 0.4895 0.4358 0.2502 0.1614 0.1419 0.3318 0.5062 0.3863 0.2236 0.1513 0.1617
0.1616 0.2279 0.3948 0.5042 0.3197 0.1411 0.1634 0.2551 0.4439 0.4857 0.2450 0.1393 0.1775 0.2892 0.4894 0.4518 0.1767 0.1428 0.1988 0.3383 0.5108 0.3874 0.1478 0.1541 0.2342 0.4129 0.4964 0.2730 0.1393 0.1758 0.2900 0.4941 0.4407 0.1644 0.1461 0.2119 0.3706 0.5078 0.3312 0.1411 0.1656 0.2658 0.4680 0.4663 0.1891 0.1420 0.1979 0.3404 0.5106 0.3905 0.1920 0.3905 0.5106 0.3404 0.1979 0.1420 0.1891 0.4663 0.4680 0.2658 0.1656 0.1411 0.3312 0.5078 0.3706 0.2119 0.1461 0.1644 0.4407 0.4941 0.2900 0.1758 0.1393 0.2730 0.4964 0.4129 0.2342 0.1541 0.1478 0.3874 0.5108 0.3383 0.1988 0.1428 0.1767 0.4518 0.4894 0.2892 0.1775 0.1393 0.2450 0.4857 0.4439 0.2551 0.1634 0.1411 0.3197 0.5042 0.3948 0.2279 0.1616
0.2347 0.4034 0.5018 0.3072 0.1404 0.1655 0.2603 0.4521 0.4815 0.2328 0.1394 0.1799 0.2943 0.4935 0.4471 0.1729 0.1433 0.2003 0.3407 0.5109 0.3863 0.1478 0.1539 0.2333 0.4103 0.4977 0.2792 0.1394 0.1743 0.2859 0.4902 0.4462 0.1682 0.1450 0.2085 0.3633 0.5091 0.3424 0.1418 0.1635 0.2606 0.4604 0.4717 0.1984 0.1412 0.1946 0.3335 0.5107 0.3867 0.1483 0.1385 0.1483 0.3867 0.5107 0.3335 0.1946 0.1412 0.1984 0.4717 0.4604 0.2606 0.1635 0.1418 0.3424 0.5091 0.3633 0.2085 0.1450 0.1682 0.4462 0.4902 0.2859 0.1743 0.1394 0.2792 0.4977 0.4103 0.2333 0.1539 0.1478 0.3863 0.5109 0.3407 0.2003 0.1433 0.1729 0.4471 0.4935 0.2943 0.1799 0.1394 0.2328 0.4815 0.4521 0.2603 0.1655 0.1404 0.3072 0.5018 0.4034 0.2347
0.4054 0.4992 0.2944 0.1399 0.1678 0.2658 0.4602 0.4769 0.2208 0.1397 0.1825 0.3000 0.4976 0.4414 0.1688 0.1440 0.2024 0.3445 0.5110 0.3832 0.1474 0.1541 0.2333 0.4094 0.4983 0.2831 0.1394 0.1731 0.2826 0.4867 0.4508 0.1720 0.1442 0.2055 0.3565 0.5101 0.3527 0.1427 0.1616 0.2555 0.4526 0.4766 0.2088 0.1406 0.1915 0.3265 0.5101 0.3938 0.1485 0.1502 0.1864 0.1502 0.1485 0.3938 0.5101 0.3265 0.1915 0.1406 0.2088 0.4766 0.4526 0.2555 0.1616 0.1427 0.3527 0.5101 0.3565 0.2055 0.1442 0.1720 0.4508 0.4867 0.2826 0.1731 0.1394 0.2831 0.4983 0.4094 0.2333 0.1541 0.1474 0.3832 0.5110 0.3445 0.2024 0.1440 0.1688 0.4414 0.4976 0.3000 0.1825 0.1397 0.2208 0.4769 0.4602 0.2658 0.1678 0.1399 0.2944 0.4992 0.4054
0.4970 0.2814 0.1396 0.1701 0.2713 0.4680 0.4718 0.2092 0.1400 0.1853 0.3062 0.5014 0.4348 0.1647 0.1449 0.2051 0.3496 0.5109 0.3781 0.1467 0.1546 0.2342 0.4103 0.4983 0.2845 0.1395 0.1724 0.2804 0.4838 0.4543 0.1757 0.1435 0.2029 0.3505 0.5106 0.3620 0.1437 0.1598 0.2508 0.4447 0.4812 0.2200 0.1401 0.1884 0.3197 0.5089 0.4024 0.1501 0.1521 0.2233 0.3157 0.2233 0.1521 0.1501 0.4024 0.5089 0.3197 0.1884 0.1401 0.2200 0.4812 0.4447 0.2508 0.1598 0.1437 0.3620 0.5106 0.3505 0.2029 0.1435 0.1757 0.4543 0.4838 0.2804 0.1724 0.1395 0.2845 0.4983 0.4103 0.2342 0.1546 0.1467 0.3781 0.5109 0.3496 0.2051 0.1449 0.1647 0.4348 0.5014 0.3062 0.1853 0.1400 0.2092 0.4718 0.4680 0.2713 0.1701 0.1396 0.2814 0.4970
0.2761 0.1393 0.1725 0.2770 0.4753 0.4663 0.1985 0.1405 0.1883 0.3127 0.5045 0.4275 0.1610 0.1460 0.2082 0.3558 0.5107 0.3713 0.1458 0.1555 0.2361 0.4129 0.4977 0.2831 0.1395 0.1721 0.2792 0.4820 0.4567 0.1788 0.1429 0.2008 0.3455 0.5109 0.3701 0.1447 0.1582 0.2465 0.4371 0.4852 0.2315 0.1397 0.1855 0.3131 0.5071 0.4109 0.1522 0.1512 0.2262 0.3896 0.5051 0.3896 0.2262 0.1512 0.1522 0.4109 0.5071 0.3131 0.1855 0.1397 0.2315 0.4852 0.4371 0.2465 0.1582 0.1447 0.3701 0.5109 0.3455 0.2008 0.1429 0.1788 0.4567 0.4820 0.2792 0.1721 0.1395 0.2831 0.4977 0.4129 0.2361 0.1555 0.1458 0.3713 0.5107 0.3558 0.2082 0.1460 0.1610 0.4275 0.5045 0.3127 0.1883 0.1405 0.1985 0.4663 0.4753 0.2770 0.1725 0.1393 0.2761
0.1509 0.1751 0.2829 0.4821 0.4605 0.1891 0.1412 0.1914 0.3195 0.5070 0.4196 0.1577 0.1471 0.2117 0.3627 0.5101 0.3630 0.1448 0.1566 0.2387 0.4171 0.4964 0.2792 0.1394 0.1724 0.2792 0.4813 0.4579 0.1808 0.1426 0.1992 0.3416 0.5110 0.3769 0.1457 0.1568 0.2426 0.4300 0.4888 0.2430 0.1394 0.1828 0.3068 0.5047 0.4191 0.1546 0.1498 0.2233 0.3920 0.5037 0.4210 0.5037 0.3920 0.2233 0.1498 0.1546 0.4191 0.5047 0.3068 0.1828 0.1394 0.2430 0.4888 0.4300 0.2426 0.1568 0.1457 0.3769 0.5110 0.3416 0.1992 0.1426 0.1808 0.4579 0.4813 0.2792 0.1724 0.1394 0.2792 0.4964 0.4171 0.2387 0.1566 0.1448 0.3630 0.5101 0.3627 0.2117 0.1471 0.1577 0.4196 0.5070 0.3195 0.1914 0.1412 0.1891 0.4605 0.4821 0.2829 0.1751 0.1509
0.1838 0.2890 0.4883 0.4542 0.1810 0.1420 0.1947 0.3265 0.5089 0.4111 0.1547 0.1484 0.2155 0.3702 0.5092 0.3535 0.1438 0.1580 0.2421 0.4226 0.4946 0.2730 0.1394 0.1731 0.2804 0.4820 0.4579 0.1815 0.1424 0.1983 0.3389 0.5109 0.3820 0.1466 0.1557 0.2392 0.4235 0.4918 0.2537 0.1393 0.1803 0.3008 0.5017 0.4267 0.1574 0.1485 0.2196 0.3861 0.5045 0.3282 0.1556 0.3282 0.5045 0.3861 0.2196 0.1485 0.1574 0.4267 0.5017 0.3008 0.1803 0.1393 0.2537 0.4918 0.4235 0.2392 0.1557 0.1466 0.3820 0.5109 0.3389 0.1983 0.1424 0.1815 0.4579 0.4820 0.2804 0.1731 0.1394 0.2730 0.4946 0.4226 0.2421 0.1580 0.1438 0.3535 0.5092 0.3702 0.2155 0.1484 0.1547 0.4111 0.5089 0.3265 0.1947 0.1420 0.1810 0.4542 0.4883 0.2890 0.1838
0.2940 0.4939 0.4476 0.1742 0.1429 0.1980 0.3337 0.5101 0.4023 0.1522 0.1498 0.2194 0.3781 0.5079 0.3429 0.1428 0.1596 0.2460 0.4291 0.4921 0.2647 0.1393 0.1743 0.2826 0.4838 0.4567 0.1808 0.1424 0.1980 0.3376 0.5108 0.3856 0.1473 0.1548 0.2365 0.4180 0.4942 0.2634 0.1393 0.1780 0.2954 0.4983 0.4338 0.1606 0.1473 0.2158 0.3786 0.5062 0.3231 0.1404 0.1440 0.1404 0.3231 0.5062 0.3786 0.2158 0.1473 0.1606 0.4338 0.4983 0.2954 0.1780 0.1393 0.2634 0.4942 0.4180 0.2365 0.1548 0.1473 0.3856 0.5108 0.3376 0.1980 0.1424 0.1808 0.4567 0.4838 0.2826 0.1743 0.1393 0.2647 0.4921 0.4291 0.2460 0.1596 0.1428 0.3429 0.5079 0.3781 0.2194 0.1498 0.1522 0.4023 0.5101 0.3337 0.1980 0.1429 0.1742 0.4476 0.4939 0.2940
0.4931 0.4405 0.1686 0.1439 0.2015 0.3410 0.5108 0.3930 0.1500 0.1513 0.2236 0.3863 0.5062 0.3316 0.1419 0.1615 0.2505 0.4365 0.4891 0.2548 0.1393 0.1758 0.2859 0.4867 0.4543 0.1788 0.1426 0.1983 0.3376 0.5108 0.3874 0.1477 0.1542 0.2346 0.4137 0.4961 0.2718 0.1393 0.1761 0.2906 0.4945 0.4401 0.1640 0.1461 0.2121 0.3709 0.5078 0.3316 0.1411 0.1604 0.2063 0.1604 0.1411 0.3316 0.5078 0.3709 0.2121 0.1461 0.1640 0.4401 0.4945 0.2906 0.1761 0.1393 0.2718 0.4961 0.4137 0.2346 0.1542 0.1477 0.3874 0.5108 0.3376 0.1983 0.1426 0.1788 0.4543 0.4867 0.2859 0.1758 0.1393 0.2548 0.4891 0.4365 0.2505 0.1615 0.1419 0.3316 0.5062 0.3863 0.2236 0.1513 0.1500 0.3930 0.5108 0.3410 0.2015 0.1439 0.1686 0.4405 0.4931
0.4368 0.1639 0.1450 0.2051 0.3486 0.5110 0.3833 0.1480 0.1529 0.2279 0.3948 0.5042 0.3196 0.1411 0.1634 0.2553 0.4443 0.4855 0.2438 0.1393 0.1778 0.2900 0.4902 0.4508 0.1757 0.1429 0.1992 0.3389 0.5108 0.3874 0.1479 0.1539 0.2334 0.4107 0.4974 0.2783 0.1394 0.1745 0.2864 0.4907 0.4456 0.1677 0.1451 0.2088 0.3637 0.5091 0.3420 0.1418 0.1626 0.2507 0.3600 0.2507 0.1626 0.1418 0.3420 0.5091 0.3637 0.2088 0.1451 0.1677 0.4456 0.4907 0.2864 0.1745 0.1394 0.2783 0.4974 0.4107 0.2334 0.1539 0.1479 0.3874 0.5108 0.3389 0.1992 0.1429 0.1757 0.4508 0.4902 0.2900 0.1778 0.1393 0.2438 0.4855 0.4443 0.2553 0.1634 0.1411 0.3196 0.5042 0.3948 0.2279 0.1529 0.1480 0.3833 0.5110 0.3486 0.2051 0.1450 0.1639 0.4368
0.1715 0.1462 0.2088 0.3563 0.5107 0.3731 0.1464 0.1545 0.2323 0.4033 0.5018 0.3072 0.1404 0.1655 0.2604 0.4523 0.4814 0.2322 0.1394 0.1801 0.2949 0.4941 0.4462 0.1720 0.1435 0.2008 0.3416 0.5109 0.3856 0.1477 0.1539 0.2330 0.4091 0.4982 0.2827 0.1394 0.1732 0.2830 0.4871 0.4502 0.1716 0.1443 0.2058 0.3572 0.5100 0.3521 0.1427 0.1615 0.2539 0.4394 0.5076 0.4394 0.2539 0.1615 0.1427 0.3521 0.5100 0.3572 0.2058 0.1443 0.1716 0.4502 0.4871 0.2830 0.1732 0.1394 0.2827 0.4982 0.4091 0.2330 0.1539 0.1477 0.3856 0.5109 0.3416 0.2008 0.1435 0.1720 0.4462 0.4941 0.2949 0.1801 0.1394 0.2322 0.4814 0.4523 0.2604 0.1655 0.1404 0.3072 0.5018 0.4033 0.2323 0.1545 0.1464 0.3731 0.5107 0.3563 0.2088 0.1462 0.1715
0.1570 0.2126 0.3642 0.5100 0.3625 0.1449 0.1562 0.2369 0.4119 0.4990 0.2944 0.1399 0.1678 0.2658 0.4602 0.4768 0.2204 0.1397 0.1826 0.3004 0.4980 0.4407 0.1682 0.1442 0.2029 0.3455 0.5110 0.3820 0.1473 0.1542 0.2334 0.4091 0.4985 0.2850 0.1395 0.1724 0.2806 0.4841 0.4539 0.1753 0.1435 0.2032 0.3513 0.5106 0.3612 0.1436 0.1599 0.2507 0.4423 0.4862 0.3679 0.4862 0.4423 0.2507 0.1599 0.1436 0.3612 0.5106 0.3513 0.2032 0.1435 0.1753 0.4539 0.4841 0.2806 0.1724 0.1395 0.2850 0.4985 0.4091 0.2334 0.1542 0.1473 0.3820 0.5110 0.3455 0.2029 0.1442 0.1682 0.4407 0.4980 0.3004 0.1826 0.1397 0.2204 0.4768 0.4602 0.2658 0.1678 0.1399 0.2944 0.4990 0.4119 0.2369 0.1562 0.1449 0.3625 0.5100 0.3642 0.2126 0.1570
0.2199 0.3724 0.5089 0.3514 0.1436 0.1581 0.2416 0.4206 0.4960 0.2814 0.1396 0.1701 0.2713 0.4680 0.4718 0.2091 0.1400 0.1854 0.3065 0.5015 0.4343 0.1644 0.1450 0.2055 0.3505 0.5109 0.3769 0.1466 0.1548 0.2346 0.4107 0.4982 0.2850 0.1395 0.1720 0.2791 0.4820 0.4566 0.1785 0.1430 0.2010 0.3461 0.5109 0.3692 0.1446 0.1583 0.2467 0.4370 0.4861 0.2526 0.1417 0.2526 0.4861 0.4370 0.2467 0.1583 0.1446 0.3692 0.5109 0.3461 0.2010 0.1430 0.1785 0.4566 0.4820 0.2791 0.1720 0.1395 0.2850 0.4982 0.4107 0.2346 0.1548 0.1466 0.3769 0.5109 0.3505 0.2055 0.1450 0.1644 0.4343 0.5015 0.3065 0.1854 0.1400 0.2091 0.4718 0.4680 0.2713 0.1701 0.1396 0.2814 0.4960 0.4206 0.2416 0.1581 0.1436 0.3514 0.5089 0.3724 0.2199
0.3751 0.5076 0.3400 0.1426 0.1600 0.2465 0.4292 0.4925 0.2683 0.1393 0.1725 0.2770 0.4753 0.4663 0.1985 0.1405 0.1883 0.3129 0.5046 0.4271 0.1608 0.1461 0.2085 0.3565 0.5106 0.3701 0.1457 0.1557 0.2365 0.4137 0.4974 0.2827 0.1395 0.1720 0.2786 0.4809 0.4581 0.1809 0.1426 0.1993 0.3419 0.5110 0.3761 0.1455 0.1569 0.2429 0.4304 0.4887 0.2462 0.1380 0.1524 0.1380 0.2462 0.4887 0.4304 0.2429 0.1569 0.1455 0.3761 0.5110 0.3419 0.1993 0.1426 0.1809 0.4581 0.4809 0.2786 0.1720 0.1395 0.2827 0.4974 0.4137 0.2365 0.1557 0.1457 0.3701 0.5106 0.3565 0.2085 0.1461 0.1608 0.4271 0.5046 0.3129 0.1883 0.1405 0.1985 0.4663 0.4753 0.2770 0.1725 0.1393 0.2683 0.4925 0.4292 0.2465 0.1600 0.1426 0.3400 0.5076 0.3751
0.5057 0.3281 0.1416 0.1619 0.2515 0.4378 0.4888 0.2551 0.1392 0.1751 0.2829 0.4821 0.4605 0.1891 0.1412 0.1914 0.3195 0.5070 0.4193 0.1575 0.1472 0.2119 0.3633 0.5101 0.3620 0.1447 0.1568 0.2392 0.4180 0.4961 0.2783 0.1394 0.1724 0.2791 0.4809 0.4586 0.1822 0.1423 0.1982 0.3388 0.5109 0.3818 0.1465 0.1558 0.2395 0.4241 0.4916 0.2537 0.1391 0.1742 0.2317 0.1742 0.1391 0.2537 0.4916 0.4241 0.2395 0.1558 0.1465 0.3818 0.5109 0.3388 0.1982 0.1423 0.1822 0.4586 0.4809 0.2791 0.1724 0.1394 0.2783 0.4961 0.4180 0.2392 0.1568 0.1447 0.3620 0.5101 0.3633 0.2119 0.1472 0.1575 0.4193 0.5070 0.3195 0.1914 0.1412 0.1891 0.4605 0.4821 0.2829 0.1751 0.1392 0.2551 0.4888 0.4378 0.2515 0.1619 0.1416 0.3281 0.5057
0.3225 0.1409 0.1640 0.2567 0.4463 0.4847 0.2421 0.1393 0.1777 0.2889 0.4883 0.4542 0.1810 0.1420 0.1947 0.3265 0.5089 0.4111 0.1547 0.1485 0.2156 0.3706 0.5091 0.3527 0.1437 0.1582 0.2426 0.4235 0.4942 0.2718 0.1394 0.1732 0.2806 0.4820 0.4581 0.1822 0.1423 0.1976 0.3370 0.5108 0.3859 0.1473 0.1548 0.2367 0.4184 0.4940 0.2627 0.1392 0.1771 0.2850 0.4116 0.2850 0.1771 0.1392 0.2627 0.4940 0.4184 0.2367 0.1548 0.1473 0.3859 0.5108 0.3370 0.1976 0.1423 0.1822 0.4581 0.4820 0.2806 0.1732 0.1394 0.2718 0.4942 0.4235 0.2426 0.1582 0.1437 0.3527 0.5091 0.3706 0.2156 0.1485 0.1547 0.4111 0.5089 0.3265 0.1947 0.1420 0.1810 0.4542 0.4883 0.2889 0.1777 0.1393 0.2421 0.4847 0.4463 0.2567 0.1640 0.1409 0.3225
0.1522 0.1662 0.2620 0.4545 0.4802 0.2294 0.1395 0.1804 0.2951 0.4938 0.4476 0.1742 0.1429 0.1980 0.3337 0.5101 0.4023 0.1522 0.1498 0.2195 0.3784 0.5078 0.3424 0.1427 0.1598 0.2465 0.4300 0.4918 0.2634 0.1393 0.1745 0.2830 0.4841 0.4566 0.1809 0.1423 0.1976 0.3364 0.5107 0.3883 0.1478 0.1541 0.2345 0.4137 0.4960 0.2711 0.1393 0.1760 0.2889 0.4855 0.4959 0.4855 0.2889 0.1760 0.1393 0.2711 0.4960 0.4137 0.2345 0.1541 0.1478 0.3883 0.5107 0.3364 0.1976 0.1423 0.1809 0.4566 0.4841 0.2830 0.1745 0.1393 0.2634 0.4918 0.4300 0.2465 0.1598 0.1427 0.3424 0.5078 0.3784 0.2195 0.1498 0.1522 0.4023 0.5101 0.3337 0.1980 0.1429 0.1742 0.4476 0.4938 0.2951 0.1804 0.1395 0.2294 0.4802 0.4545 0.2620 0.1662 0.1522
0.1754 0.2675 0.4626 0.4754 0.2172 0.1397 0.1833 0.3015 0.4984 0.4405 0.1686 0.1439 0.2015 0.3410 0.5108 0.3930 0.1500 0.1513 0.2236 0.3865 0.5062 0.3312 0.1418 0.1616 0.2508 0.4371 0.4888 0.2537 0.1393 0.1761 0.2864 0.4871 0.4539 0.1785 0.1426 0.1982 0.3370 0.5107 0.3891 0.1481 0.1537 0.2330 0.4101 0.4976 0.2783 0.1393 0.1745 0.2863 0.4891 0.4548 0.2955 0.4548 0.4891 0.2863 0.1745 0.1393 0.2783 0.4976 0.4101 0.2330 0.1537 0.1481 0.3891 0.5107 0.3370 0.1982 0.1426 0.1785 0.4539 0.4871 0.2864 0.1761 0.1393 0.2537 0.4888 0.4371 0.2508 0.1616 0.1418 0.3312 0.5062 0.3865 0.2236 0.1513 0.1500 0.3930 0.5108 0.3410 0.2015 0.1439 0.1686 0.4405 0.4984 0.3015 0.1833 0.1397 0.2172 0.4754 0.4626 0.2675 0.1754
0.2731 0.4704 0.4702 0.2058 0.1402 0.1862 0.3080 0.5023 0.4331 0.1640 0.1450 0.2051 0.3486 0.5110 0.3833 0.1480 0.1529 0.2279 0.3948 0.5042 0.3194 0.1411 0.1635 0.2555 0.4447 0.4852 0.2430 0.1393 0.1780 0.2906 0.4907 0.4502 0.1753 0.1430 0.1993 0.3388 0.5108 0.3883 0.1481 0.1536 0.2322 0.4080 0.4986 0.2837 0.1394 0.1732 0.2831 0.4870 0.4518 0.1814 0.1366 0.1814 0.4518 0.4870 0.2831 0.1732 0.1394 0.2837 0.4986 0.4080 0.2322 0.1536 0.1481 0.3883 0.5108 0.3388 0.1993 0.1430 0.1753 0.4502 0.4907 0.2906 0.1780 0.1393 0.2430 0.4852 0.4447 0.2555 0.1635 0.1411 0.3194 0.5042 0.3948 0.2279 0.1529 0.1480 0.3833 0.5110 0.3486 0.2051 0.1450 0.1640 0.4331 0.5023 0.3080 0.1862 0.1402 0.2058 0.4702 0.4704 0.2731
0.4705 0.4647 0.1955 0.1407 0.1892 0.3147 0.5053 0.4253 0.1601 0.1462 0.2088 0.3563 0.5107 0.3731 0.1464 0.1545 0.2323 0.4033 0.5018 0.3071 0.1404 0.1656 0.2606 0.4526 0.4812 0.2315 0.1394 0.1803 0.2954 0.4945 0.4456 0.1716 0.1435 0.2010 0.3419 0.5109 0.3859 0.1478 0.1537 0.2322 0.4073 0.4990 0.2869 0.1395 0.1722 0.2803 0.4840 0.4541 0.1768 0.1407 0.1650 0.1407 0.1768 0.4541 0.4840 0.2803 0.1722 0.1395 0.2869 0.4990 0.4073 0.2322 0.1537 0.1478 0.3859 0.5109 0.3419 0.2010 0.1435 0.1716 0.4456 0.4945 0.2954 0.1803 0.1394 0.2315 0.4812 0.4526 0.2606 0.1656 0.1404 0.3071 0.5018 0.4033 0.2323 0.1545 0.1464 0.3731 0.5107 0.3563 0.2088 0.1462 0.1601 0.4253 0.5053 0.3147 0.1892 0.1407 0.1955 0.4647 0.4705
0.4616 0.1864 0.1414 0.1924 0.3216 0.5076 0.4171 0.1568 0.1475 0.2126 0.3642 0.5100 0.3625 0.1449 0.1562 0.2369 0.4119 0.4990 0.2944 0.1399 0.1678 0.2658 0.4604 0.4766 0.2200 0.1397 0.1828 0.3008 0.4983 0.4401 0.1677 0.1443 0.2032 0.3461 0.5110 0.3818 0.1473 0.1541 0.2330 0.4080 0.4990 0.2880 0.1396 0.1716 0.2784 0.4815 0.4568 0.1789 0.1425 0.1938 0.2658 0.1938 0.1425 0.1789 0.4568 0.4815 0.2784 0.1716 0.1396 0.2880 0.4990 0.4080 0.2330 0.1541 0.1473 0.3818 0.5110 0.3461 0.2032 0.1443 0.1677 0.4401 0.4983 0.3008 0.1828 0.1397 0.2200 0.4766 0.4604 0.2658 0.1678 0.1399 0.2944 0.4990 0.4119 0.2369 0.1562 0.1449 0.3625 0.5100 0.3642 0.2126 0.1475 0.1568 0.4171 0.5076 0.3216 0.1924 0.1414 0.1864 0.4616
0.1896 0.1422 0.1957 0.3287 0.5093 0.4085 0.1539 0.1488 0.2166 0.3723 0.5089 0.3514 0.1436 0.1581 0.2416 0.4206 0.4960 0.2814 0.1396 0.1701 0.2713 0.4680 0.4717 0.2088 0.1401 0.1855 0.3068 0.5017 0.4338 0.1640 0.1451 0.2058 0.3513 0.5109 0.3761 0.1465 0.1548 0.2345 0.4101 0.4986 0.2869 0.1396 0.1714 0.2774 0.4798 0.4588 0.1814 0.1425 0.1980 0.3305 0.4682 0.3305 0.1980 0.1424 0.1814 0.4588 0.4799 0.2775 0.1713 0.1396 0.2869 0.4986 0.4101 0.2345 0.1548 0.1465 0.3761 0.5109 0.3513 0.2058 0.1451 0.1640 0.4338 0.5017 0.3068 0.1855 0.1401 0.2088 0.4717 0.4680 0.2713 0.1701 0.1396 0.2814 0.4960 0.4206 0.2416 0.1581 0.1436 0.3514 0.5089 0.3723 0.2166 0.1488 0.1539 0.4085 0.5093 0.3287 0.1957 0.1422 0.1896
0.1536 0.1991 0.3359 0.5104 0.3995 0.1515 0.1503 0.2206 0.3805 0.5075 0.3400 0.1425 0.1600 0.2465 0.4292 0.4925 0.2683 0.1393 0.1725 0.2770 0.4753 0.4663 0.1984 0.1406 0.1884 0.3131 0.5047 0.4267 0.1606 0.1461 0.2088 0.3572 0.5106 0.3692 0.1455 0.1558 0.2367 0.4137 0.4976 0.2837 0.1395 0.1716 0.2774 0.4790 0.4596 0.1846 0.1422 0.1977 0.3364 0.5085 0.4689 0.5086 0.3358 0.1976 0.1423 0.1841 0.4599 0.4788 0.2766 0.1715 0.1395 0.2837 0.4976 0.4137 0.2367 0.1558 0.1455 0.3692 0.5106 0.3572 0.2088 0.1461 0.1606 0.4267 0.5047 0.3131 0.1884 0.1406 0.1984 0.4663 0.4753 0.2770 0.1725 0.1393 0.2683 0.4925 0.4292 0.2465 0.1600 0.1425 0.3400 0.5075 0.3805 0.2206 0.1503 0.1515 0.3995 0.5104 0.3359 0.1991 0.1536
0.2069 0.3434 0.5109 0.3901 0.1494 0.1518 0.2249 0.3888 0.5057 0.3282 0.1416 0.1619 0.2515 0.4377 0.4888 0.2552 0.1393 0.1750 0.2829 0.4821 0.4605 0.1891 0.1412 0.1915 0.3197 0.5071 0.4191 0.1574 0.1473 0.2121 0.3637 0.5100 0.3612 0.1446 0.1569 0.2395 0.4184 0.4960 0.2783 0.1394 0.1722 0.2784 0.4798 0.4604 0.1852 0.1420 0.1969 0.3353 0.5104 0.3986 0.2050 0.4003 0.5104 0.3357 0.1969 0.1421 0.1850 0.4610 0.4790 0.2783 0.1722 0.1394 0.2783 0.4960 0.4184 0.2395 0.1569 0.1446 0.3612 0.5100 0.3637 0.2121 0.1473 0.1574 0.4191 0.5071 0.3197 0.1915 0.1412 0.1891 0.4605 0.4821 0.2829 0.1750 0.1393 0.2552 0.4888 0.4377 0.2515 0.1619 0.1416 0.3282 0.5057 0.3888 0.2249 0.1518 0.1494 0.3901 0.5109 0.3434 0.2069
0.3468 0.5111 0.3803 0.1475 0.1533 0.2292 0.3973 0.5035 0.3160 0.1409 0.1640 0.2566 0.4461 0.4847 0.2423 0.1393 0.1777 0.2889 0.4883 0.4543 0.1810 0.1420 0.1946 0.3265 0.5089 0.4109 0.1546 0.1485 0.2158 0.3709 0.5091 0.3521 0.1436 0.1583 0.2429 0.4241 0.4940 0.2711 0.1393 0.1732 0.2803 0.4815 0.4589 0.1833 0.1421 0.1969 0.3342 0.5107 0.3912 0.1500 0.1380 0.1501 0.3928 0.5105 0.3353 0.1970 0.1420 0.1844 0.4593 0.4814 0.2803 0.1732 0.1393 0.2711 0.4940 0.4241 0.2429 0.1583 0.1436 0.3521 0.5091 0.3709 0.2158 0.1485 0.1546 0.4109 0.5089 0.3265 0.1946 0.1420 0.1810 0.4543 0.4883 0.2889 0.1777 0.1393 0.2423 0.4847 0.4461 0.2566 0.1640 0.1409 0.3160 0.5035 0.3973 0.2292 0.1533 0.1475 0.3803 0.5111 0.3468
0.5093 0.3702 0.1459 0.1550 0.2336 0.4057 0.5010 0.3037 0.1403 0.1661 0.2618 0.4543 0.4803 0.2298 0.1394 0.1803 0.2950 0.4936 0.4477 0.1743 0.1428 0.1979 0.3335 0.5101 0.4024 0.1522 0.1498 0.2196 0.3786 0.5078 0.3420 0.1427 0.1599 0.2467 0.4304 0.4916 0.2627 0.1393 0.1745 0.2831 0.4840 0.4568 0.1815 0.1423 0.1972 0.3361 0.5104 0.3919 0.1486 0.1498 0.1848 0.1496 0.1486 0.3918 0.5105 0.3343 0.1967 0.1422 0.1806 0.4569 0.4840 0.2831 0.1745 0.1393 0.2627 0.4916 0.4304 0.2467 0.1599 0.1427 0.3420 0.5078 0.3786 0.2196 0.1498 0.1522 0.4024 0.5101 0.3335 0.1979 0.1428 0.1743 0.4477 0.4936 0.2950 0.1803 0.1394 0.2298 0.4803 0.4543 0.2618 0.1661 0.1403 0.3037 0.5010 0.4057 0.2336 0.1550 0.1459 0.3702 0.5093
0.3657 0.1446 0.1565 0.2378 0.4137 0.4984 0.2917 0.1398 0.1682 0.2669 0.4618 0.4758 0.2183 0.1397 0.1829 0.3009 0.4980 0.4411 0.1690 0.1438 0.2011 0.3404 0.5107 0.3938 0.1501 0.1512 0.2233 0.3861 0.5062 0.3316 0.1418 0.1615 0.2507 0.4370 0.4887 0.2537 0.1392 0.1760 0.2863 0.4870 0.4541 0.1789 0.1425 0.1979 0.3371 0.5105 0.3912 0.1489 0.1525 0.2238 0.3154 0.2231 0.1526 0.1487 0.3920 0.5105 0.3360 0.1977 0.1423 0.1790 0.4541 0.4870 0.2863 0.1760 0.1392 0.2537 0.4887 0.4370 0.2507 0.1615 0.1418 0.3316 0.5062 0.3861 0.2233 0.1512 0.1501 0.3938 0.5107 0.3404 0.2011 0.1438 0.1690 0.4411 0.4980 0.3009 0.1829 0.1397 0.2183 0.4758 0.4618 0.2669 0.1682 0.1398 0.2917 0.4984 0.4137 0.2378 0.1565 0.1446 0.3657
0.1554 0.1577 0.2411 0.4200 0.4958 0.2820 0.1394 0.1697 0.2709 0.4674 0.4719 0.2097 0.1398 0.1848 0.3056 0.5007 0.4357 0.1653 0.1444 0.2035 0.3459 0.5106 0.3867 0.1485 0.1521 0.2262 0.3920 0.5045 0.3231 0.1411 0.1626 0.2539 0.4423 0.4861 0.2462 0.1391 0.1771 0.2889 0.4891 0.4518 0.1768 0.1425 0.1980 0.3365 0.5103 0.3936 0.1486 0.1524 0.2287 0.3903 0.5052 0.3929 0.2293 0.1528 0.1487 0.3919 0.5104 0.3363 0.1978 0.1425 0.1768 0.4518 0.4891 0.2889 0.1771 0.1391 0.2462 0.4861 0.4423 0.2539 0.1626 0.1411 0.3231 0.5045 0.3920 0.2262 0.1521 0.1485 0.3867 0.5106 0.3459 0.2035 0.1444 0.1653 0.4357 0.5007 0.3056 0.1848 0.1398 0.2097 0.4719 0.4674 0.2709 0.1697 0.1394 0.2820 0.4958 0.4200 0.2411 0.1577 0.1554
0.1638 0.2381 0.4175 0.4953 0.2872 0.1384 0.1674 0.2681 0.4650 0.4722 0.2139 0.1385 0.1823 0.3031 0.4988 0.4377 0.1664 0.1429 0.2007 0.3436 0.5093 0.3905 0.1483 0.1502 0.2233 0.3896 0.5037 0.3282 0.1404 0.1604 0.2507 0.4394 0.4862 0.2526 0.1380 0.1742 0.2850 0.4855 0.4548 0.1814 0.1407 0.1938 0.3304 0.5085 0.4012 0.1504 0.1498 0.2232 0.3913 0.5031 0.4258 0.5029 0.3921 0.2240 0.1497 0.1502 0.4019 0.5085 0.3301 0.1938 0.1407 0.1814 0.4548 0.4855 0.2850 0.1742 0.1380 0.2526 0.4862 0.4394 0.2507 0.1604 0.1404 0.3282 0.5037 0.3896 0.2233 0.1502 0.1483 0.3905 0.5093 0.3436 0.2007 0.1429 0.1664 0.4377 0.4988 0.3031 0.1823 0.1385 0.2139 0.4722 0.4650 0.2681 0.1674 0.1384 0.2872 0.4953 0.4175 0.2381 0.1638
0.2027 0.3408 0.5085 0.3930 0.1464 0.1482 0.2194 0.3869 0.5030 0.3333 0.1382 0.1578 0.2462 0.4366 0.4867 0.2614 0.1364 0.1704 0.2781 0.4810 0.4599 0.1920 0.1385 0.1864 0.3157 0.5051 0.4210 0.1556 0.1440 0.2063 0.3600 0.5076 0.3679 0.1417 0.1524 0.2317 0.4116 0.4959 0.2955 0.1366 0.1650 0.2658 0.4680 0.4692 0.2075 0.1381 0.1851 0.3145 0.5048 0.4266 0.2528 0.4263 0.5053 0.3156 0.1852 0.1381 0.2067 0.4690 0.4680 0.2657 0.1650 0.1366 0.2955 0.4959 0.4116 0.2317 0.1524 0.1417 0.3679 0.5076 0.3600 0.2063 0.1440 0.1556 0.4210 0.5051 0.3157 0.1864 0.1385 0.1920 0.4599 0.4810 0.2781 0.1704 0.1364 0.2614 0.4867 0.4366 0.2462 0.1578 0.1382 0.3333 0.5030 0.3869 0.2194 0.1482 0.1464 0.3930 0.5085 0.3408 0.2027
0.1638 0.2381 0.4175 0.4953 0.2872 0.1384 0.1674 0.2681 0.4650 0.4722 0.2139 0.1385 0.1823 0.3031 0.4988 0.4377 0.1664 0.1429 0.2007 0.3436 0.5093 0.3905 0.1483 0.1502 0.2233 0.3896 0.5037 0.3282 0.1404 0.1604 0.2507 0.4394 0.4862 0.2526 0.1380 0.1742 0.2850 0.4855 0.4548 0.1814 0.1407 0.1938 0.3305 0.5084 0.4015 0.1501 0.1498 0.2232 0.3926 0.5029 0.4258 0.5030 0.3936 0.2241 0.1499 0.1497 0.3990 0.5086 0.3301 0.1938 0.1407 0.1814 0.4548 0.4855 0.2850 0.1742 0.1380 0.2526 0.4862 0.4394 0.2507 0.1604 0.1404 0.3282 0.5037 0.3896 0.2233 0.1502 0.1483 0.3905 0.5093 0.3436 0.2007 0.1429 0.1664 0.4377 0.4988 0.3031 0.1823 0.1385 0.2139 0.4722 0.4650 0.2681 0.1674 0.1384 0.2872 0.4953 0.4175 0.2381 0.1638
0.1554 0.1577 0.2411 0.4200 0.4958 0.2820 0.1394 0.1697 0.2709 0.4674 0.4719 0.2097 0.1398 0.1848 0.3056 0.5007 0.4357 0.1653 0.1444 0.2035 0.3459 0.5106 0.3867 0.1485 0.1521 0.2262 0.3920 0.5045 0.3231 0.1411 0.1626 0.2539 0.4423 0.4861 0.2462 0.1391 0.1771 0.2889 0.4891 0.4518 0.1768 0.1425 0.1980 0.3357 0.5104 0.3902 0.1484 0.1529 0.2297 0.3914 0.5050 0.3917 0.2287 0.1529 0.1482 0.3891 0.5105 0.3360 0.1976 0.1425 0.1768 0.4518 0.4891 0.2889 0.1771 0.1391 0.2462 0.4861 0.4423 0.2539 0.1626 0.1411 0.3231 0.5045 0.3920 0.2262 0.1521 0.1485 0.3867 0.5106 0.3459 0.2035 0.1444 0.1653 0.4357 0.5007 0.3056 0.1848 0.1398 0.2097 0.4719 0.4674 0.2709 0.1697 0.1394 0.2820 0.4958 0.4200 0.2411 0.1577 0.1554
0.3657 0.1446 0.1565 0.2378 0.4137 0.4984 0.2917 0.1398 0.1682 0.2669 0.4618 0.4758 0.2183 0.1397 0.1829 0.3009 0.4980 0.4411 0.1690 0.1438 0.2011 0.3404 0.5107 0.3938 0.1501 0.1512 0.2233 0.3861 0.5062 0.3316 0.1418 0.1615 0.2507 0.4370 0.4887 0.2537 0.1392 0.1760 0.2863 0.4870 0.4541 0.1789 0.1425 0.1980 0.3374 0.5107 0.3902 0.1484 0.1526 0.2232 0.3154 0.2236 0.1526 0.1485 0.3888 0.5108 0.3371 0.1979 0.1425 0.1788 0.4541 0.4870 0.2863 0.1760 0.1392 0.2537 0.4887 0.4370 0.2507 0.1615 0.1418 0.3316 0.5062 0.3861 0.2233 0.1512 0.1501 0.3938 0.5107 0.3404 0.2011 0.1438 0.1690 0.4411 0.4980 0.3009 0.1829 0.1397 0.2183 0.4758 0.4618 0.2669 0.1682 0.1398 0.2917 0.4984 0.4137 0.2378 0.1565 0.1446 0.3657
0.5093 0.3702 0.1459 0.1550 0.2336 0.4057 0.5010 0.3037 0.1403 0.1661 0.2618 0.4543 0.4803 0.2298 0.1394 0.1803 0.2950 0.4936 0.4477 0.1743 0.1428 0.1979 0.3335 0.5101 0.4024 0.1522 0.1498 0.2196 0.3786 0.5078 0.3420 0.1427 0.1599 0.2467 0.4304 0.4916 0.2627 0.1393 0.1745 0.2831 0.4840 0.4568 0.1814 0.1422 0.1975 0.3362 0.5108 0.3893 0.1487 0.1498 0.1850 0.1497 0.1486 0.3898 0.5107 0.3364 0.1978 0.1424 0.1812 0.4567 0.4840 0.2831 0.1745 0.1393 0.2627 0.4916 0.4304 0.2467 0.1599 0.1427 0.3420 0.5078 0.3786 0.2196 0.1498 0.1522 0.4024 0.5101 0.3335 0.1979 0.1428 0.1743 0.4477 0.4936 0.2950 0.1803 0.1394 0.2298 0.4803 0.4543 0.2618 0.1661 0.1403 0.3037 0.5010 0.4057 0.2336 0.1550 0.1459 0.3702 0.5093
0.3468 0.5111 0.3803 0.1475 0.1533 0.2292 0.3973 0.5035 0.3160 0.1409 0.1640 0.2566 0.4461 0.4847 0.2423 0.1393 0.1777 0.2889 0.4883 0.4543 0.1810 0.1420 0.1946 0.3265 0.5089 0.4109 0.1546 0.1485 0.2158 0.3709 0.5091 0.3521 0.1436 0.1583 0.2429 0.4241 0.4940 0.2711 0.1393 0.1732 0.2803 0.4815 0.4588 0.1840 0.1422 0.1972 0.3352 0.5107 0.3907 0.1498 0.1380 0.1506 0.3931 0.5106 0.3366 0.1977 0.1422 0.1834 0.4585 0.4816 0.2804 0.1732 0.1393 0.2711 0.4940 0.4241 0.2429 0.1583 0.1436 0.3521 0.5091 0.3709 0.2158 0.1485 0.1546 0.4109 0.5089 0.3265 0.1946 0.1420 0.1810 0.4543 0.4883 0.2889 0.1777 0.1393 0.2423 0.4847 0.4461 0.2566 0.1640 0.1409 0.3160 0.5035 0.3973 0.2292 0.1533 0.1475 0.3803 0.5111 0.3468
