-39.5707 -3.8352 26.0691 -13.8222 -31.0971 -39.4817 -39.2241 11.5230 30.0448 -23.4666 -35.1563 -41.3437 -13.4287 22.8349 -7.9925 -29.7408 -38.6030 -41.2370 7.9298 31.6212 -21.0259 -33.9251 -40.9289 -25.0954 19.3907 3.1552 -28.2780 -37.6045 -41.8024 3.6829 29.7824 -18.2041 -32.6470 -40.3533 -33.7543 15.5810 19.3793 -26.0867 -36.5148 -41.6483 -2.2400 26.6852 -14.5953 -31.3274 -39.6222 -38.6918 12.0622 29.3802 -23.6317 -34.9408 -40.7367 -34.9408 -23.6317 29.3802 12.0622 -38.6918 -39.6222 -31.3274 -14.5953 26.6852 -2.2400 -41.6483 -36.5148 -26.0867 19.3793 15.5810 -33.7543 -40.3533 -32.6470 -18.2041 29.7824 3.6829 -41.8024 -37.6045 -28.2780 3.1552 19.3907 -25.0954 -40.9289 -33.9251 -21.0259 31.6212 7.9298 -41.2370 -38.6030 -29.7408 -7.9925 22.8349 -13.4287 -41.3437 -35.1563 -23.4666 30.0448 11.5230 -39.2241 -39.4817 -31.0971 -13.8222 26.0691 -3.8352 -39.5707
-3.8352 26.1252 -13.5230 -33.8167 -41.8592 -40.7215 11.4381 31.7837 -24.6087 -37.7162 -43.4553 -14.0995 22.5072 -6.0452 -32.4659 -41.0325 -42.9085 7.8686 32.0491 -21.6625 -36.5163 -43.1441 -26.2075 18.9369 7.7114 -30.7831 -40.0801 -43.5901 3.6086 29.5817 -18.3366 -35.2735 -42.6512 -35.0943 15.3345 23.6976 -27.8841 -39.0302 -43.6035 -2.4535 26.2785 -14.0888 -33.9939 -41.9890 -40.1938 11.9563 31.3174 -25.0039 -37.8312 -44.3513 -41.2072 -44.3513 -37.8312 -25.0039 31.3174 11.9563 -40.1938 -41.9890 -33.9939 -14.0888 26.2785 -2.4535 -43.6035 -39.0302 -27.8841 23.6976 15.3345 -35.0943 -42.6512 -35.2735 -18.3366 29.5817 3.6086 -43.5901 -40.0801 -30.7831 7.7114 18.9369 -26.2075 -43.1441 -36.5163 -21.6625 32.0491 7.8686 -42.9085 -41.0325 -32.4659 -6.0452 22.5072 -14.0995 -43.4553 -37.7162 -24.6087 31.7837 11.4381 -40.7215 -41.8592 -33.8167 -13.5230 26.1252 -3.8352
26.0691 -13.5230 -33.6862 -41.7178 -41.3145 10.6392 32.2527 -23.8789 -37.4051 -43.3820 -17.3845 21.6196 -3.1714 -32.1053 -40.7818 -43.2003 6.8037 31.5489 -20.8167 -36.1816 -43.0227 -29.0085 17.8812 12.5139 -29.9804 -39.8024 -43.6044 2.2055 28.7050 -17.3133 -34.9283 -42.4827 -36.7879 14.3876 26.6416 -27.1186 -38.7296 -43.5797 -4.6552 25.3505 -12.6417 -33.6400 -41.7786 -41.0615 11.0279 32.0444 -24.2766 -37.5667 -43.5240 -20.5287 10.6116 -20.5287 -43.5240 -37.5667 -24.2766 32.0444 11.0279 -41.0615 -41.7786 -33.6400 -12.6417 25.3505 -4.6552 -43.5797 -38.7296 -27.1186 26.6416 14.3876 -36.7879 -42.4827 -34.9283 -17.3133 28.7050 2.2055 -43.6044 -39.8024 -29.9804 12.5139 17.8812 -29.0085 -43.0227 -36.1816 -20.8167 31.5489 6.8037 -43.2003 -40.7818 -32.1053 -3.1714 21.6196 -17.3845 -43.3820 -37.4051 -23.8789 32.2527 10.6392 -41.3145 -41.7178 -33.6862 -13.5230 26.0691
-13.8222 -33.8167 -41.7178 -41.5266 10.1595 32.4053 -23.2628 -37.1262 -43.3054 -20.5530 20.7463 0.2113 -31.7499 -40.5311 -43.4071 5.6951 30.9052 -19.9351 -35.8464 -42.8945 -31.5230 16.9050 17.1346 -29.1929 -39.5220 -43.6058 0.6534 27.7969 -16.2084 -34.5829 -42.3082 -38.2395 13.4831 28.8813 -26.3570 -38.4277 -43.5539 -7.1686 24.4627 -10.9895 -33.2861 -41.5634 -41.7775 10.1026 32.3845 -23.5078 -37.2589 -43.3739 -19.9498 18.7598 31.9117 18.7598 -19.9498 -43.3739 -37.2589 -23.5078 32.3845 10.1026 -41.7775 -41.5634 -33.2861 -10.9895 24.4627 -7.1686 -43.5539 -38.4277 -26.3570 28.8813 13.4831 -38.2395 -42.3082 -34.5829 -16.2084 27.7969 0.6534 -43.6058 -39.5220 -29.1929 17.1346 16.9050 -31.5230 -42.8945 -35.8464 -19.9351 30.9052 5.6951 -43.4071 -40.5311 -31.7499 0.2113 20.7463 -20.5530 -43.3054 -37.1262 -23.2628 32.4053 10.1595 -41.5266 -41.7178 -33.8167 -13.8222
-31.0971 -41.8592 -41.3145 10.1595 32.4248 -22.9000 -36.9255 -43.2314 -23.2117 19.8551 3.9317 -31.3095 -40.2796 -43.5314 4.5213 30.1602 -19.0149 -35.5085 -42.7531 -33.7230 15.9561 21.2335 -28.4167 -39.2324 -43.6026 -1.0987 26.8820 -15.0037 -34.2351 -42.1216 -39.4558 12.5789 30.4908 -25.5956 -38.1183 -43.5175 -10.0097 23.5845 -9.0731 -32.9299 -41.3378 -42.3465 9.1477 32.4039 -22.7210 -36.9383 -43.2738 -22.4099 19.7143 10.1598 -23.6569 10.1598 19.7143 -22.4099 -43.2738 -36.9383 -22.7210 32.4039 9.1477 -42.3465 -41.3378 -32.9299 -9.0731 23.5845 -10.0097 -43.5175 -38.1183 -25.5956 30.4908 12.5789 -39.4558 -42.1216 -34.2351 -15.0037 26.8820 -1.0987 -43.6026 -39.2324 -28.4167 21.2335 15.9561 -33.7230 -42.7531 -35.5085 -19.0149 30.1602 4.5213 -43.5314 -40.2796 -31.3095 3.9317 19.8551 -23.2117 -43.2314 -36.9255 -22.9000 32.4248 10.1595 -41.3145 -41.8592 -31.0971
-39.4817 -40.7215 10.6392 32.4053 -22.9000 -36.8513 -43.1832 -24.9898 19.1277 7.4730 -30.7365 -40.0387 -43.5889 3.3052 29.3637 -18.0663 -35.1742 -42.5988 -35.6113 15.0317 24.6668 -27.6524 -38.9387 -43.5914 -3.0887 25.9757 -13.6678 -33.8862 -41.9237 -40.4671 11.6717 31.5651 -24.8341 -37.8057 -43.4663 -13.1275 22.7165 -6.8012 -32.5730 -41.1026 -42.7889 8.1600 32.1626 -21.9123 -36.6132 -43.1721 -25.3632 19.0887 8.0082 -29.8608 -36.6953 -29.8608 8.0082 19.0887 -25.3632 -43.1721 -36.6132 -21.9123 32.1626 8.1600 -42.7889 -41.1026 -32.5730 -6.8012 22.7165 -13.1275 -43.4663 -37.8057 -24.8341 31.5651 11.6717 -40.4671 -41.9237 -33.8862 -13.6678 25.9757 -3.0887 -43.5914 -38.9387 -27.6524 24.6668 15.0317 -35.6113 -42.5988 -35.1742 -18.0663 29.3637 3.3052 -43.5889 -40.0387 -30.7365 7.4730 19.1277 -24.9898 -43.1832 -36.8513 -22.9000 32.4053 10.6392 -40.7215 -39.4817
-39.2241 11.4381 32.2527 -23.2628 -36.9255 -43.1832 -25.6169 18.7330 10.0138 -30.2151 -39.8324 -43.6016 2.0976 28.5768 -17.1066 -34.8484 -42.4370 -37.2081 14.1354 27.3586 -26.8955 -38.6409 -43.5729 -5.3789 25.0827 -12.1632 -33.5335 -41.7166 -41.2961 10.7528 32.1813 -24.0616 -37.4883 -43.4048 -16.4516 21.8615 -4.0651 -32.2123 -40.8601 -43.1202 7.1257 31.7166 -21.0740 -36.2818 -43.0613 -28.2178 18.1545 11.4903 -29.9838 -39.8014 -44.7152 -39.8014 -29.9838 11.4903 18.1545 -28.2178 -43.0613 -36.2818 -21.0740 31.7166 7.1257 -43.1202 -40.8601 -32.2123 -4.0651 21.8615 -16.4516 -43.4048 -37.4883 -24.0616 32.1813 10.7528 -41.2961 -41.7166 -33.5335 -12.1632 25.0827 -5.3789 -43.5729 -38.6409 -26.8955 27.3586 14.1354 -37.2081 -42.4370 -34.8484 -17.1066 28.5768 2.0976 -43.6016 -39.8324 -30.2151 10.0138 18.7330 -25.6169 -43.1832 -36.9255 -23.2628 32.2527 11.4381 -39.2241
11.5230 31.7837 -23.8789 -37.1262 -43.2314 -24.9898 18.7330 10.9159 -29.9289 -39.6908 -43.5987 1.0070 27.8665 -16.1796 -34.5454 -42.2737 -38.5131 13.2679 29.3536 -26.1515 -38.3392 -43.5438 -7.9806 24.1973 -10.4454 -33.1793 -41.4959 -41.9625 9.8156 32.4209 -23.2791 -37.1668 -43.3297 -19.8242 20.9755 -0.7617 -31.8501 -40.6059 -43.3538 6.0321 31.1117 -20.2050 -35.9475 -42.9348 -30.8002 17.1868 15.8860 -29.3719 -39.5725 -44.4594 -30.9912 -44.4594 -39.5725 -29.3719 15.8860 17.1868 -30.8002 -42.9348 -35.9475 -20.2050 31.1117 6.0321 -43.3538 -40.6059 -31.8501 -0.7617 20.9755 -19.8242 -43.3297 -37.1668 -23.2791 32.4209 9.8156 -41.9625 -41.4959 -33.1793 -10.4454 24.1973 -7.9806 -43.5438 -38.3392 -26.1515 29.3536 13.2679 -38.5131 -42.2737 -34.5454 -16.1796 27.8665 1.0070 -43.5987 -39.6908 -29.9289 10.9159 18.7330 -24.9898 -43.2314 -37.1262 -23.8789 31.7837 11.5230
30.0448 -24.6087 -37.4051 -43.3054 -23.2117 19.1277 10.0138 -29.9289 -39.6400 -43.5959 0.2185 27.3234 -15.3658 -34.2838 -42.1186 -39.5299 12.4573 30.7289 -25.4297 -38.0410 -43.5020 -10.8512 23.3340 -8.4482 -32.8243 -41.2678 -42.4926 8.8547 32.3552 -22.4800 -36.8430 -43.2412 -23.1135 19.9670 3.2049 -31.4287 -40.3458 -43.5046 4.8661 30.3874 -19.2946 -35.6115 -42.7971 -33.0936 16.2374 20.0997 -28.6349 -39.3091 -43.6603 -3.6083 15.2496 -3.6083 -43.6603 -39.3091 -28.6349 20.0997 16.2374 -33.0936 -42.7971 -35.6115 -19.2946 30.3874 4.8661 -43.5046 -40.3458 -31.4287 3.2049 19.9670 -23.1135 -43.2412 -36.8430 -22.4800 32.3552 8.8547 -42.4926 -41.2678 -32.8243 -8.4482 23.3340 -10.8512 -43.5020 -38.0410 -25.4297 30.7289 12.4573 -39.5299 -42.1186 -34.2838 -15.3658 27.3234 0.2185 -43.5959 -39.6400 -29.9289 10.0138 19.1277 -23.2117 -43.3054 -37.4051 -24.6087 30.0448
-23.4666 -37.7162 -43.3820 -20.5530 19.8551 7.4730 -30.2151 -39.6908 -43.5959 -0.0720 27.0320 -14.7967 -34.0862 -41.9872 -40.2787 11.7440 31.5844 -24.7525 -37.7543 -43.4520 -13.8947 22.4997 -6.1147 -32.4699 -41.0326 -42.8986 7.8542 32.0479 -21.6600 -36.5134 -43.1404 -26.2023 18.8999 7.7286 -30.7808 -40.0778 -43.5816 3.5975 29.5790 -18.3336 -35.2708 -42.6479 -35.0855 15.3055 23.7134 -27.8754 -39.0234 -43.6091 -3.1867 23.9867 25.9111 23.9867 -3.1867 -43.6091 -39.0234 -27.8754 23.7134 15.3055 -35.0855 -42.6479 -35.2708 -18.3336 29.5790 3.5975 -43.5816 -40.0778 -30.7808 7.7286 18.8999 -26.2023 -43.1404 -36.5134 -21.6600 32.0479 7.8542 -42.8986 -41.0326 -32.4699 -6.1147 22.4997 -13.8947 -43.4520 -37.7543 -24.7525 31.5844 11.7440 -40.2787 -41.9872 -34.0862 -14.7967 27.0320 -0.0720 -43.5959 -39.6908 -30.2151 7.4730 19.8551 -20.5530 -43.3820 -37.7162 -23.4666
-35.1563 -43.4553 -17.3845 20.7463 3.9317 -30.7365 -39.8324 -43.5987 0.2185 27.0320 -14.5943 -33.9800 -41.8987 -40.7712 11.1631 32.0569 -24.1550 -37.4906 -43.3934 -16.9126 21.7041 -3.3968 -32.1233 -40.7910 -43.1945 6.8183 31.5539 -20.8188 -36.1817 -43.0227 -29.0085 17.8820 12.5138 -29.9804 -39.8025 -43.6044 2.2057 28.7051 -17.3134 -34.9283 -42.4827 -36.7878 14.3882 26.6421 -27.1178 -38.7281 -43.5826 -4.8611 25.0313 -9.5263 -27.7442 -9.5263 25.0313 -4.8611 -43.5826 -38.7281 -27.1178 26.6421 14.3882 -36.7878 -42.4827 -34.9283 -17.3134 28.7051 2.2057 -43.6044 -39.8025 -29.9804 12.5138 17.8820 -29.0085 -43.0227 -36.1817 -20.8188 31.5539 6.8183 -43.1945 -40.7910 -32.1233 -3.3968 21.7041 -16.9126 -43.3934 -37.4906 -24.1550 32.0569 11.1631 -40.7712 -41.8987 -33.9800 -14.5943 27.0320 0.2185 -43.5987 -39.8324 -30.7365 3.9317 20.7463 -17.3845 -43.4553 -35.1563
-41.3437 -14.0995 21.6196 0.2113 -31.3095 -40.0387 -43.6016 1.0070 27.3234 -14.7967 -33.9800 -41.8660 -41.0116 10.7774 32.2751 -23.6795 -37.2683 -43.3337 -19.6504 20.9547 -0.3532 -31.7903 -40.5507 -43.3969 5.7450 30.9264 -19.9523 -35.8499 -42.8934 -31.5210 16.9050 17.1346 -29.1929 -39.5220 -43.6058 0.6534 27.7969 -16.2084 -34.5829 -42.3082 -38.2395 13.4831 28.8813 -26.3569 -38.4268 -43.5541 -7.2326 24.3833 -10.3467 -32.6782 -38.7378 -32.6782 -10.3467 24.3833 -7.2326 -43.5541 -38.4268 -26.3569 28.8813 13.4831 -38.2395 -42.3082 -34.5829 -16.2084 27.7969 0.6534 -43.6058 -39.5220 -29.1929 17.1346 16.9050 -31.5210 -42.8934 -35.8499 -19.9523 30.9264 5.7450 -43.3969 -40.5507 -31.7903 -0.3532 20.9547 -19.6504 -43.3337 -37.2683 -23.6795 32.2751 10.7774 -41.0116 -41.8660 -33.9800 -14.7967 27.3234 1.0070 -43.6016 -40.0387 -31.3095 0.2113 21.6196 -14.0995 -41.3437
-13.4287 22.5072 -3.1714 -31.7499 -40.2796 -43.5889 2.0976 27.8665 -15.3658 -34.0862 -41.8987 -41.0116 10.6431 32.3506 -23.3650 -37.1042 -43.2799 -21.8917 20.2176 2.7950 -31.4460 -40.3207 -43.5203 4.6354 30.2147 -19.0646 -35.5192 -42.7550 -33.6968 15.9628 21.2239 -28.4167 -39.2324 -43.6026 -1.0987 26.8820 -15.0037 -34.2351 -42.1216 -39.4558 12.5789 30.4908 -25.5956 -38.1181 -43.5170 -10.0288 23.5626 -8.8881 -32.8063 -41.4996 -45.5335 -41.4996 -32.8063 -8.8881 23.5626 -10.0288 -43.5170 -38.1181 -25.5956 30.4908 12.5789 -39.4558 -42.1216 -34.2351 -15.0037 26.8820 -1.0987 -43.6026 -39.2324 -28.4167 21.2239 15.9628 -33.6968 -42.7550 -35.5192 -19.0646 30.2147 4.6354 -43.5203 -40.3207 -31.4460 2.7950 20.2176 -21.8917 -43.2799 -37.1042 -23.3650 32.3506 10.6431 -41.0116 -41.8987 -34.0862 -15.3658 27.8665 2.0976 -43.5889 -40.2796 -31.7499 -3.1714 22.5072 -13.4287
22.8349 -6.0452 -32.1053 -40.5311 -43.5314 3.3052 28.5768 -16.1796 -34.2838 -41.9872 -40.7712 10.7774 32.3506 -23.2530 -37.0170 -43.2425 -23.4670 19.5912 5.6888 -30.9958 -40.1121 -43.5808 3.5253 29.4727 -18.1641 -35.1975 -42.6073 -35.5509 15.0564 24.6117 -27.6561 -38.9387 -43.5915 -3.0887 25.9757 -13.6678 -33.8862 -41.9237 -40.4671 11.6717 31.5651 -24.8341 -37.8057 -43.4662 -13.1349 22.7106 -6.7404 -32.5393 -41.1082 -43.5512 -12.6705 -43.5512 -41.1082 -32.5393 -6.7404 22.7106 -13.1349 -43.4662 -37.8057 -24.8341 31.5651 11.6717 -40.4671 -41.9237 -33.8862 -13.6678 25.9757 -3.0887 -43.5915 -38.9387 -27.6561 24.6117 15.0564 -35.5509 -42.6073 -35.1975 -18.1641 29.4727 3.5253 -43.5808 -40.1121 -30.9958 5.6888 19.5912 -23.4670 -43.2425 -37.0170 -23.2530 32.3506 10.7774 -40.7712 -41.9872 -34.2838 -16.1796 28.5768 3.3052 -43.5314 -40.5311 -32.1053 -6.0452 22.8349
-7.9925 -32.4659 -40.7818 -43.4071 4.5213 29.3637 -17.1066 -34.5454 -42.1186 -40.2787 11.1631 32.2751 -23.3650 -37.0170 -43.2316 -24.2760 19.2016 7.8888 -30.5422 -39.9349 -43.5990 2.4636 28.7626 -17.2822 -34.8930 -42.4539 -37.0973 14.1826 27.2634 -26.9133 -38.6449 -43.5715 -5.3578 25.0851 -12.1632 -33.5335 -41.7166 -41.2961 10.7528 32.1813 -24.0616 -37.4883 -43.4048 -16.4532 21.8594 -4.0454 -32.2023 -40.8558 -43.1937 5.2942 20.4361 5.2942 -43.1937 -40.8558 -32.2023 -4.0454 21.8594 -16.4532 -43.4048 -37.4883 -24.0616 32.1813 10.7528 -41.2961 -41.7166 -33.5335 -12.1632 25.0851 -5.3578 -43.5715 -38.6449 -26.9133 27.2634 14.1826 -37.0973 -42.4539 -34.8930 -17.2822 28.7626 2.4636 -43.5990 -39.9349 -30.5422 7.8888 19.2016 -24.2760 -43.2316 -37.0170 -23.3650 32.2751 11.1631 -40.2787 -42.1186 -34.5454 -17.1066 29.3637 4.5213 -43.4071 -40.7818 -32.4659 -7.9925
-29.7408 -41.0325 -43.2003 5.6951 30.1602 -18.0663 -34.8484 -42.2737 -39.5299 11.7440 32.0569 -23.6795 -37.1042 -43.2425 -24.2760 19.0679 9.0571 -30.2599 -39.8065 -43.5994 1.5323 28.1361 -16.4602 -34.6163 -42.3017 -38.3394 13.3600 29.2215 -26.1907 -38.3522 -43.5431 -7.9079 24.2130 -10.4564 -33.1801 -41.4962 -41.9625 9.8156 32.4209 -23.2791 -37.1668 -43.3297 -19.8242 20.9750 -0.7532 -31.8466 -40.6050 -43.3681 5.6127 29.8095 2.2970 29.8095 5.6127 -43.3681 -40.6050 -31.8466 -0.7532 20.9750 -19.8242 -43.3297 -37.1668 -23.2791 32.4209 9.8156 -41.9625 -41.4962 -33.1801 -10.4564 24.2130 -7.9079 -43.5431 -38.3522 -26.1907 29.2215 13.3600 -38.3394 -42.3017 -34.6163 -16.4602 28.1361 1.5323 -43.5994 -39.8065 -30.2599 9.0571 19.0679 -24.2760 -43.2425 -37.1042 -23.6795 32.0569 11.7440 -39.5299 -42.2737 -34.8484 -18.0663 30.1602 5.6951 -43.2003 -41.0325 -29.7408
-38.6030 -42.9085 6.8037 30.9052 -19.0149 -35.1742 -42.4370 -38.5131 12.4573 31.5844 -24.1550 -37.2683 -43.2799 -23.4670 19.2016 9.0571 -30.1632 -39.7394 -43.5980 0.8289 27.6427 -15.7478 -34.3799 -42.1642 -39.3111 12.6095 30.5628 -25.5024 -38.0644 -43.5054 -10.7043 23.3657 -8.5006 -32.8304 -41.2690 -42.4884 8.8571 32.3552 -22.4800 -36.8430 -43.2412 -23.1135 19.9670 3.2068 -31.4270 -40.3448 -43.5067 4.7479 30.1189 -17.6116 -31.1605 -17.6116 30.1189 4.7479 -43.5067 -40.3448 -31.4270 3.2068 19.9670 -23.1135 -43.2412 -36.8430 -22.4800 32.3552 8.8571 -42.4884 -41.2690 -32.8304 -8.5006 23.3657 -10.7043 -43.5054 -38.0644 -25.5024 30.5628 12.6095 -39.3111 -42.1642 -34.3799 -15.7478 27.6427 0.8289 -43.5980 -39.7394 -30.1632 9.0571 19.2016 -23.4670 -43.2799 -37.2683 -24.1550 31.5844 12.4573 -38.5131 -42.4370 -35.1742 -19.0149 30.9052 6.8037 -42.9085 -38.6030
-41.2370 7.8686 31.5489 -19.9351 -35.5085 -42.5988 -37.2081 13.2679 30.7289 -24.7525 -37.4906 -43.3337 -21.8917 19.5912 7.8888 -30.2599 -39.7394 -43.5975 0.4505 27.3330 -15.2177 -34.1969 -42.0489 -40.0283 11.9475 31.4187 -24.8753 -37.7927 -43.4576 -13.6410 22.5501 -6.2432 -32.4853 -41.0377 -42.8897 7.8677 32.0501 -21.6615 -36.5137 -43.1404 -26.2023 18.8999 7.7286 -30.7805 -40.0759 -43.5817 3.5602 29.5008 -17.9917 -34.7665 -40.6856 -34.7665 -17.9917 29.5008 3.5602 -43.5817 -40.0759 -30.7805 7.7286 18.8999 -26.2023 -43.1404 -36.5137 -21.6615 32.0501 7.8677 -42.8897 -41.0377 -32.4853 -6.2432 22.5501 -13.6410 -43.4576 -37.7927 -24.8753 31.4187 11.9475 -40.0283 -42.0489 -34.1969 -15.2177 27.3330 0.4505 -43.5975 -39.7394 -30.2599 7.8888 19.5912 -21.8917 -43.3337 -37.4906 -24.7525 30.7289 13.2679 -37.2081 -42.5988 -35.5085 -19.9351 31.5489 7.8686 -41.2370
7.9298 32.0491 -20.8167 -35.8464 -42.7531 -35.6113 14.1354 29.3536 -25.4297 -37.7543 -43.3934 -19.6504 20.2176 5.6888 -30.5422 -39.8065 -43.5980 0.4505 27.2289 -14.9334 -34.0816 -41.9616 -40.5125 11.4080 31.9187 -24.3257 -37.5503 -43.4049 -16.4928 21.7914 -3.6618 -32.1495 -40.8043 -43.1838 6.8478 31.5647 -20.8315 -36.1850 -43.0255 -29.0018 17.8820 12.5138 -29.9804 -39.8021 -43.6043 2.1916 28.6809 -17.2152 -34.8222 -42.9363 -45.5978 -42.9363 -34.8222 -17.2152 28.6809 2.1916 -43.6043 -39.8021 -29.9804 12.5138 17.8820 -29.0018 -43.0255 -36.1850 -20.8315 31.5647 6.8478 -43.1838 -40.8043 -32.1495 -3.6618 21.7914 -16.4928 -43.4049 -37.5503 -24.3257 31.9187 11.4080 -40.5125 -41.9616 -34.0816 -14.9334 27.2289 0.4505 -43.5980 -39.8065 -30.5422 5.6888 20.2176 -19.6504 -43.3934 -37.7543 -25.4297 29.3536 14.1354 -35.6113 -42.7531 -35.8464 -20.8167 32.0491 7.9298
31.6212 -21.6625 -36.1816 -42.8945 -33.7230 15.0317 27.3586 -26.1515 -38.0410 -43.4520 -16.9126 20.9547 2.7950 -30.9958 -39.9349 -43.5994 0.8289 27.3330 -14.9334 -34.0420 -41.9171 -40.7949 11.0268 32.1774 -23.8774 -37.3446 -43.3515 -19.0457 21.1081 -0.8313 -31.8314 -40.5752 -43.3848 5.8026 30.9551 -19.9825 -35.8591 -42.8995 -31.4887 16.9115 17.1247 -29.1932 -39.5220 -43.6058 0.6457 27.7884 -16.1772 -34.5553 -42.3587 -39.9094 0.8457 -39.9094 -42.3587 -34.5553 -16.1772 27.7884 0.6457 -43.6058 -39.5220 -29.1932 17.1247 16.9115 -31.4887 -42.8995 -35.8591 -19.9825 30.9551 5.8026 -43.3848 -40.5752 -31.8314 -0.8313 21.1081 -19.0457 -43.3515 -37.3446 -23.8774 32.1774 11.0268 -40.7949 -41.9171 -34.0420 -14.9334 27.3330 0.8289 -43.5994 -39.9349 -30.9958 2.7950 20.9547 -16.9126 -43.4520 -38.0410 -26.1515 27.3586 15.0317 -33.7230 -42.8945 -36.1816 -21.6625 31.6212
-21.0259 -36.5163 -43.0227 -31.5230 15.9561 24.6668 -26.8955 -38.3392 -43.5020 -13.8947 21.7041 -0.3532 -31.4460 -40.1121 -43.5990 1.5323 27.6427 -15.2177 -34.0816 -41.9171 -40.8898 10.8271 32.2909 -23.5562 -37.1853 -43.3036 -21.1834 20.4324 2.0861 -31.5390 -40.3560 -43.5084 4.7429 30.2703 -19.1160 -35.5359 -42.7615 -33.6395 15.9826 21.1685 -28.4249 -39.2357 -43.6029 -1.1004 26.8777 -14.9920 -34.2264 -42.1299 -39.8030 10.9085 25.5578 10.9085 -39.8030 -42.1299 -34.2264 -14.9920 26.8777 -1.1004 -43.6029 -39.2357 -28.4249 21.1685 15.9826 -33.6395 -42.7615 -35.5359 -19.1160 30.2703 4.7429 -43.5084 -40.3560 -31.5390 2.0861 20.4324 -21.1834 -43.3036 -37.1853 -23.5562 32.2909 10.8271 -40.8898 -41.9171 -34.0816 -15.2177 27.6427 1.5323 -43.5990 -40.1121 -31.4460 -0.3532 21.7041 -13.8947 -43.5020 -38.3392 -26.8955 24.6668 15.9561 -31.5230 -43.0227 -36.5163 -21.0259
-33.9251 -43.1441 -29.0085 16.9050 21.2335 -27.6524 -38.6409 -43.5438 -10.8512 22.4997 -3.3968 -31.7903 -40.3207 -43.5808 2.4636 28.1361 -15.7478 -34.1969 -41.9616 -40.7949 10.8271 32.3215 -23.3889 -37.0849 -43.2668 -22.7663 19.8192 4.7916 -31.1462 -40.1560 -43.5734 3.6915 29.5634 -18.2490 -35.2221 -42.6157 -35.4670 15.0901 24.5245 -27.6777 -38.9455 -43.5920 -3.0768 25.9769 -13.6630 -33.8810 -41.9246 -40.5424 11.2993 32.4959 -12.9564 32.4959 11.2993 -40.5424 -41.9246 -33.8810 -13.6630 25.9769 -3.0768 -43.5920 -38.9455 -27.6777 24.5245 15.0901 -35.4670 -42.6157 -35.2221 -18.2490 29.5634 3.6915 -43.5734 -40.1560 -31.1462 4.7916 19.8192 -22.7663 -43.2668 -37.0849 -23.3889 32.3215 10.8271 -40.7949 -41.9616 -34.1969 -15.7478 28.1361 2.4636 -43.5808 -40.3207 -31.7903 -3.3968 22.4997 -10.8512 -43.5438 -38.6409 -27.6524 21.2335 16.9050 -29.0085 -43.1441 -33.9251
-40.9289 -26.2075 17.8812 17.1346 -28.4167 -38.9387 -43.5729 -7.9806 23.3340 -6.1147 -32.1233 -40.5507 -43.5203 3.5253 28.7626 -16.4602 -34.3799 -42.0489 -40.5125 11.0268 32.2909 -23.3889 -37.0510 -43.2457 -23.7259 19.3993 6.9642 -30.7020 -39.9885 -43.5966 2.6814 28.8844 -17.4064 -34.9278 -42.4675 -36.9869 14.2393 27.1518 -26.9456 -38.6541 -43.5728 -5.3121 25.0980 -12.1802 -33.5347 -41.7156 -41.3093 10.6611 32.3226 -22.7891 -33.3482 -22.7891 32.3226 10.6611 -41.3093 -41.7156 -33.5347 -12.1802 25.0980 -5.3121 -43.5728 -38.6541 -26.9456 27.1518 14.2393 -36.9869 -42.4675 -34.9278 -17.4064 28.8844 2.6814 -43.5966 -39.9885 -30.7020 6.9642 19.3993 -23.7259 -43.2457 -37.0510 -23.3889 32.2909 11.0268 -40.5125 -42.0489 -34.3799 -16.4602 28.7626 3.5253 -43.5203 -40.5507 -32.1233 -6.1147 23.3340 -7.9806 -43.5729 -38.9387 -28.4167 17.1346 17.8812 -26.2075 -40.9289
-25.0954 18.9369 12.5139 -29.1929 -39.2324 -43.5914 -5.3789 24.1973 -8.4482 -32.4699 -40.7910 -43.3969 4.6354 29.4727 -17.2822 -34.6163 -42.1642 -40.0283 11.4080 32.1774 -23.5562 -37.0849 -43.2457 -24.0521 19.1871 8.3525 -30.3936 -39.8597 -43.5995 1.7815 28.2720 -16.6149 -34.6619 -42.3238 -38.2075 13.4427 29.0760 -26.2405 -38.3676 -43.5446 -7.8124 24.2375 -10.5071 -33.1872 -41.4998 -41.9611 9.7972 32.4300 -23.0244 -36.7963 -42.4736 -36.7963 -23.0244 32.4300 9.7972 -41.9611 -41.4998 -33.1872 -10.5071 24.2375 -7.8124 -43.5446 -38.3676 -26.2405 29.0760 13.4427 -38.2075 -42.3238 -34.6619 -16.6149 28.2720 1.7815 -43.5995 -39.8597 -30.3936 8.3525 19.1871 -24.0521 -43.2457 -37.0849 -23.5562 32.1774 11.4080 -40.0283 -42.1642 -34.6163 -17.2822 29.4727 4.6354 -43.3969 -40.7910 -32.4699 -8.4482 24.1973 -5.3789 -43.5914 -39.2324 -29.1929 12.5139 18.9369 -25.0954
19.3907 7.7114 -29.9804 -39.5220 -43.6026 -3.0887 25.0827 -10.4454 -32.8243 -41.0326 -43.1945 5.7450 30.2147 -18.1641 -34.8930 -42.3017 -39.3111 11.9475 31.9187 -23.8774 -37.1853 -43.2668 -23.7259 19.1871 8.8184 -30.2362 -39.7768 -43.5986 1.0739 27.7796 -15.9182 -34.4296 -42.1898 -39.1636 12.7109 30.4200 -25.5777 -38.0905 -43.5080 -10.5445 23.4044 -8.5875 -32.8402 -41.2752 -42.4807 8.8685 32.3545 -22.4207 -36.7632 -43.9891 -43.9782 -43.9891 -36.7632 -22.4207 32.3545 8.8685 -42.4807 -41.2752 -32.8402 -8.5875 23.4044 -10.5445 -43.5080 -38.0905 -25.5777 30.4200 12.7109 -39.1636 -42.1898 -34.4296 -15.9182 27.7796 1.0739 -43.5986 -39.7768 -30.2362 8.8184 19.1871 -23.7259 -43.2668 -37.1853 -23.8774 31.9187 11.9475 -39.3111 -42.3017 -34.8930 -18.1641 30.2147 5.7450 -43.1945 -41.0326 -32.8243 -10.4454 25.0827 -3.0887 -43.6026 -39.5220 -29.9804 7.7114 19.3907
3.1552 -30.7831 -39.8024 -43.6058 -1.0987 25.9757 -12.1632 -33.1793 -41.2678 -42.8986 6.8183 30.9264 -19.0646 -35.1975 -42.4539 -38.3394 12.6095 31.4187 -24.3257 -37.3446 -43.3036 -22.7663 19.3993 8.3525 -30.2362 -39.7487 -43.5979 0.6149 27.4437 -15.3788 -34.2450 -42.0749 -39.8870 12.0623 31.3069 -24.9632 -37.8287 -43.4644 -13.3809 22.6084 -6.3818 -32.5011 -41.0473 -42.8801 7.8996 32.0605 -21.6674 -36.4977 -43.2281 -30.1819 7.6912 -30.1819 -43.2281 -36.4977 -21.6674 32.0605 7.8996 -42.8801 -41.0473 -32.5011 -6.3818 22.6084 -13.3809 -43.4644 -37.8287 -24.9632 31.3069 12.0623 -39.8870 -42.0749 -34.2450 -15.3788 27.4437 0.6149 -43.5979 -39.7487 -30.2362 8.3525 19.3993 -22.7663 -43.3036 -37.3446 -24.3257 31.4187 12.6095 -38.3394 -42.4539 -35.1975 -19.0646 30.9264 6.8183 -42.8986 -41.2678 -33.1793 -12.1632 25.9757 -1.0987 -43.6058 -39.8024 -30.7831 3.1552
-28.2780 -40.0801 -43.6044 0.6534 26.8820 -13.6678 -33.5335 -41.4959 -42.4926 7.8542 31.5539 -19.9523 -35.5192 -42.6073 -37.0973 13.3600 30.5628 -24.8753 -37.5503 -43.3515 -21.1834 19.8192 6.9642 -30.3936 -39.7768 -43.5979 0.4549 27.2732 -15.0375 -34.1188 -41.9874 -40.3998 11.5232 31.8407 -24.4149 -37.5871 -43.4142 -16.1309 21.8659 -3.8771 -32.1708 -40.8181 -43.1731 6.8963 31.5863 -20.8590 -36.1891 -43.0424 -29.7874 15.8362 30.4942 15.8362 -29.7874 -43.0424 -36.1891 -20.8590 31.5863 6.8963 -43.1731 -40.8181 -32.1708 -3.8771 21.8659 -16.1309 -43.4142 -37.5871 -24.4149 31.8407 11.5232 -40.3998 -41.9874 -34.1188 -15.0375 27.2732 0.4549 -43.5979 -39.7768 -30.3936 6.9642 19.8192 -21.1834 -43.3515 -37.5503 -24.8753 30.5628 13.3600 -37.0973 -42.6073 -35.5192 -19.9523 31.5539 7.8542 -42.4926 -41.4959 -33.5335 -13.6678 26.8820 0.6534 -43.6044 -40.0801 -28.2780
-37.6045 -43.5901 2.2055 27.7969 -15.0037 -33.8862 -41.7166 -41.9625 8.8547 32.0479 -20.8188 -35.8499 -42.7550 -35.5509 14.1826 29.2215 -25.5024 -37.7927 -43.4049 -19.0457 20.4324 4.7916 -30.7020 -39.8597 -43.5986 0.6149 27.2732 -14.9194 -34.0535 -41.9315 -40.7226 11.1211 32.1287 -23.9657 -37.3793 -43.3622 -18.6711 21.1984 -1.1506 -31.8575 -40.5923 -43.3744 5.8677 30.9868 -20.0205 -35.8701 -42.9057 -31.5915 16.4983 23.9815 -20.3332 23.9815 16.4983 -31.5915 -42.9057 -35.8701 -20.0205 30.9868 5.8677 -43.3744 -40.5923 -31.8575 -1.1506 21.1984 -18.6711 -43.3622 -37.3793 -23.9657 32.1287 11.1211 -40.7226 -41.9315 -34.0535 -14.9194 27.2732 0.6149 -43.5986 -39.8597 -30.7020 4.7916 20.4324 -19.0457 -43.4049 -37.7927 -25.5024 29.2215 14.1826 -35.5509 -42.7550 -35.8499 -20.8188 32.0479 8.8547 -41.9625 -41.7166 -33.8862 -15.0037 27.7969 2.2055 -43.5901 -37.6045
-41.8024 3.6086 28.7050 -16.2084 -34.2351 -41.9237 -41.2961 9.8156 32.3552 -21.6600 -36.1817 -42.8934 -33.6968 15.0564 27.2634 -26.1907 -38.0644 -43.4576 -16.4928 21.1081 2.0861 -31.1462 -39.9885 -43.5995 1.0739 27.4437 -15.0375 -34.0535 -41.9127 -40.8799 10.8721 32.2676 -23.6294 -37.2181 -43.3163 -20.8432 20.5309 1.6732 -31.5727 -40.3773 -43.5009 4.8237 30.3169 -19.1696 -35.5520 -42.7668 -33.5884 15.9239 22.3162 -27.3054 -35.5027 -27.3054 22.3162 15.9239 -33.5884 -42.7668 -35.5520 -19.1696 30.3169 4.8237 -43.5009 -40.3773 -31.5727 1.6732 20.5309 -20.8432 -43.3163 -37.2181 -23.6294 32.2676 10.8721 -40.8799 -41.9127 -34.0535 -15.0375 27.4437 1.0739 -43.5995 -39.9885 -31.1462 2.0861 21.1081 -16.4928 -43.4576 -38.0644 -26.1907 27.2634 15.0564 -33.6968 -42.8934 -36.1817 -21.6600 32.3552 9.8156 -41.2961 -41.9237 -34.2351 -16.2084 28.7050 3.6086 -41.8024
3.6829 29.5817 -17.3133 -34.5829 -42.1216 -40.4671 10.7528 32.4209 -22.4800 -36.5134 -43.0227 -31.5210 15.9628 24.6117 -26.9133 -38.3522 -43.5054 -13.6410 21.7914 -0.8313 -31.5390 -40.1560 -43.5966 1.7815 27.7796 -15.3788 -34.1188 -41.9315 -40.8799 10.7859 32.3226 -23.4174 -37.1044 -43.2780 -22.4748 19.9092 4.3841 -31.1989 -40.1818 -43.5685 3.7970 29.6287 -18.3233 -35.2456 -42.6240 -35.3806 15.1084 24.6360 -27.4853 -38.7605 -44.0154 -38.7605 -27.4853 24.6360 15.1084 -35.3806 -42.6240 -35.2456 -18.3233 29.6287 3.7970 -43.5685 -40.1818 -31.1989 4.3841 19.9092 -22.4748 -43.2780 -37.1044 -23.4174 32.3226 10.7859 -40.8799 -41.9315 -34.1188 -15.3788 27.7796 1.7815 -43.5966 -40.1560 -31.5390 -0.8313 21.7914 -13.6410 -43.5054 -38.3522 -26.9133 24.6117 15.9628 -31.5210 -43.0227 -36.5134 -22.4800 32.4209 10.7528 -40.4671 -42.1216 -34.5829 -17.3133 29.5817 3.6829
29.7824 -18.3366 -34.9283 -42.3082 -39.4558 11.6717 32.1813 -23.2791 -36.8430 -43.1404 -29.0085 16.9050 21.2239 -27.6561 -38.6449 -43.5431 -10.7043 22.5501 -3.6618 -31.8314 -40.3560 -43.5734 2.6814 28.2720 -15.9182 -34.2450 -41.9874 -40.7226 10.8721 32.3226 -23.3441 -37.0447 -43.2519 -23.5670 19.4614 6.6408 -30.7602 -40.0110 -43.5950 2.8167 28.9658 -17.5023 -34.9582 -42.4807 -36.8828 14.2831 27.0624 -26.9305 -38.6188 -44.4954 -37.8313 -44.4954 -38.6188 -26.9305 27.0624 14.2831 -36.8828 -42.4807 -34.9582 -17.5023 28.9658 2.8167 -43.5950 -40.0110 -30.7602 6.6408 19.4614 -23.5670 -43.2519 -37.0447 -23.3441 32.3226 10.8721 -40.7226 -41.9874 -34.2450 -15.9182 28.2720 2.6814 -43.5734 -40.3560 -31.8314 -3.6618 22.5501 -10.7043 -43.5431 -38.6449 -27.6561 21.2239 16.9050 -29.0085 -43.1404 -36.8430 -23.2791 32.1813 11.6717 -39.4558 -42.3082 -34.9283 -18.3366 29.7824
-18.2041 -35.2735 -42.4827 -38.2395 12.5789 31.5651 -24.0616 -37.1668 -43.2412 -26.2023 17.8820 17.1346 -28.4167 -38.9387 -43.5715 -7.9079 23.3657 -6.2432 -32.1495 -40.5752 -43.5084 3.6915 28.8844 -16.6149 -34.4296 -42.0749 -40.3998 11.1211 32.2676 -23.4174 -37.0447 -43.2432 -24.1337 19.1903 8.2013 -30.4274 -39.8748 -43.5997 1.9043 28.3539 -16.7227 -34.6932 -42.3400 -38.0966 13.5048 28.9684 -26.2723 -38.3710 -43.6412 -12.0898 12.6793 -12.0898 -43.6412 -38.3710 -26.2723 28.9684 13.5048 -38.0966 -42.3400 -34.6932 -16.7227 28.3539 1.9043 -43.5997 -39.8748 -30.4274 8.2013 19.1903 -24.1337 -43.2432 -37.0447 -23.4174 32.2676 11.1211 -40.3998 -42.0749 -34.4296 -16.6149 28.8844 3.6915 -43.5084 -40.5752 -32.1495 -6.2432 23.3657 -7.9079 -43.5715 -38.9387 -28.4167 17.1346 17.8820 -26.2023 -43.2412 -37.1668 -24.0616 31.5651 12.5789 -38.2395 -42.4827 -35.2735 -18.2041
-32.6470 -42.6512 -36.7879 13.4831 30.4908 -24.8341 -37.4883 -43.3297 -23.1135 18.8999 12.5138 -29.1929 -39.2324 -43.5915 -5.3578 24.2130 -8.5006 -32.4853 -40.8043 -43.3848 4.7429 29.5634 -17.4064 -34.6619 -42.1898 -39.8870 11.5232 32.1287 -23.6294 -37.1044 -43.2519 -24.1337 19.0963 9.0321 -30.2285 -39.7829 -43.5993 1.1403 27.8358 -16.0092 -34.4583 -42.2081 -39.0613 12.7876 30.3227 -25.6240 -38.1059 -43.5295 -11.3568 21.1720 31.1089 21.1720 -11.3568 -43.5295 -38.1059 -25.6240 30.3227 12.7876 -39.0613 -42.2081 -34.4583 -16.0092 27.8358 1.1403 -43.5993 -39.7829 -30.2285 9.0321 19.0963 -24.1337 -43.2519 -37.1044 -23.6294 32.1287 11.5232 -39.8870 -42.1898 -34.6619 -17.4064 29.5634 4.7429 -43.3848 -40.8043 -32.4853 -8.5006 24.2130 -5.3578 -43.5915 -39.2324 -29.1929 12.5138 18.8999 -23.1135 -43.3297 -37.4883 -24.8341 30.4908 13.4831 -36.7879 -42.6512 -32.6470
-40.3533 -35.0943 14.3876 28.8813 -25.5956 -37.8057 -43.4048 -19.8242 19.9670 7.7286 -29.9804 -39.5220 -43.6026 -3.0887 25.0851 -10.4564 -32.8304 -41.0377 -43.1838 5.8026 30.2703 -18.2490 -34.9278 -42.3238 -39.1636 12.0623 31.8407 -23.9657 -37.2181 -43.2780 -23.5670 19.1903 9.0321 -30.1620 -39.7360 -43.5989 0.6046 27.4559 -15.4195 -34.2637 -42.0897 -39.8088 12.1362 31.2241 -25.0230 -37.8484 -43.4710 -13.4197 22.3723 -1.2244 -25.8916 -1.2244 22.3723 -13.4197 -43.4710 -37.8484 -25.0230 31.2241 12.1362 -39.8088 -42.0897 -34.2637 -15.4195 27.4559 0.6046 -43.5989 -39.7360 -30.1620 9.0321 19.1903 -23.5670 -43.2780 -37.2181 -23.9657 31.8407 12.0623 -39.1636 -42.3238 -34.9278 -18.2490 30.2703 5.8026 -43.1838 -41.0377 -32.8304 -10.4564 25.0851 -3.0887 -43.6026 -39.5220 -29.9804 7.7286 19.9670 -19.8242 -43.4048 -37.8057 -25.5956 28.8813 14.3876 -35.0943 -40.3533
-33.7543 15.3345 26.6416 -26.3570 -38.1183 -43.4663 -16.4516 20.9755 3.2049 -30.7808 -39.8025 -43.6058 -1.0987 25.9757 -12.1632 -33.1801 -41.2690 -42.8897 6.8478 30.9551 -19.1160 -35.2221 -42.4675 -38.2075 12.7109 31.3069 -24.4149 -37.3793 -43.3163 -22.4748 19.4614 8.2013 -30.2285 -39.7360 -43.5987 0.3287 27.2288 -15.0078 -34.1193 -41.9938 -40.3619 11.5725 31.7905 -24.4770 -37.6107 -43.4199 -15.9777 21.8608 -3.0676 -31.5550 -37.6593 -31.5550 -3.0676 21.8608 -15.9777 -43.4199 -37.6107 -24.4770 31.7905 11.5725 -40.3619 -41.9938 -34.1193 -15.0078 27.2288 0.3287 -43.5987 -39.7360 -30.2285 8.2013 19.4614 -22.4748 -43.3163 -37.3793 -24.4149 31.3069 12.7109 -38.2075 -42.4675 -35.2221 -19.1160 30.9551 6.8478 -42.8897 -41.2690 -33.1801 -12.1632 25.9757 -1.0987 -43.6058 -39.8025 -30.7808 3.2049 20.9755 -16.4516 -43.4663 -38.1183 -26.3570 26.6416 15.3345 -33.7543
15.5810 23.6976 -27.1186 -38.4277 -43.5175 -13.1275 21.8615 -0.7617 -31.4287 -40.0778 -43.6044 0.6534 26.8820 -13.6678 -33.5335 -41.4962 -42.4884 7.8677 31.5647 -19.9825 -35.5359 -42.6157 -36.9869 13.4427 30.4200 -24.9632 -37.5871 -43.3622 -20.8432 19.9092 6.6408 -30.4274 -39.7829 -43.5989 0.3287 27.1532 -14.7968 -34.0324 -41.9272 -40.7341 11.1264 32.1155 -24.0006 -37.3997 -43.3691 -18.4582 21.2373 -1.1365 -31.7647 -40.6481 -45.1759 -40.6481 -31.7647 -1.1365 21.2373 -18.4582 -43.3691 -37.3997 -24.0006 32.1155 11.1264 -40.7341 -41.9272 -34.0324 -14.7968 27.1532 0.3287 -43.5989 -39.7829 -30.4274 6.6408 19.9092 -20.8432 -43.3622 -37.5871 -24.9632 30.4200 13.4427 -36.9869 -42.6157 -35.5359 -19.9825 31.5647 7.8677 -42.4884 -41.4962 -33.5335 -13.6678 26.8820 0.6534 -43.6044 -40.0778 -31.4287 -0.7617 21.8615 -13.1275 -43.5175 -38.4277 -27.1186 23.6976 15.5810
19.3793 -27.8841 -38.7296 -43.5539 -10.0097 22.7165 -4.0651 -31.8501 -40.3458 -43.5816 2.2057 27.7969 -15.0037 -33.8862 -41.7166 -41.9625 8.8571 32.0501 -20.8315 -35.8591 -42.7615 -35.4670 14.2393 29.0760 -25.5777 -37.8287 -43.4142 -18.6711 20.5309 4.3841 -30.7602 -39.8748 -43.5993 0.6046 27.2288 -14.7968 -34.0034 -41.8935 -40.9429 10.8210 32.2785 -23.6217 -37.2232 -43.3203 -20.6400 20.5891 1.4796 -31.5733 -40.3893 -44.1919 -22.4083 -44.1919 -40.3893 -31.5733 1.4796 20.5891 -20.6400 -43.3203 -37.2232 -23.6217 32.2785 10.8210 -40.9429 -41.8935 -34.0034 -14.7968 27.2288 0.6046 -43.5993 -39.8748 -30.7602 4.3841 20.5309 -18.6711 -43.4142 -37.8287 -25.5777 29.0760 14.2393 -35.4670 -42.7615 -35.8591 -20.8315 32.0501 8.8571 -41.9625 -41.7166 -33.8862 -15.0037 27.7969 2.2057 -43.5816 -40.3458 -31.8501 -4.0651 22.7165 -10.0097 -43.5539 -38.7296 -27.8841 19.3793
-26.0867 -39.0302 -43.5797 -7.1686 23.5845 -6.8012 -32.2123 -40.6059 -43.5046 3.5975 28.7051 -16.2084 -34.2351 -41.9237 -41.2961 9.8156 32.3552 -21.6615 -36.1850 -42.8995 -33.6395 15.0901 27.1518 -26.2405 -38.0905 -43.4644 -16.1309 21.1984 1.6732 -31.1989 -40.0110 -43.5997 1.1403 27.4559 -15.0078 -34.0324 -41.8935 -41.0101 10.6675 32.3467 -23.3616 -37.0907 -43.2773 -22.4325 19.9523 4.1593 -31.2319 -40.1967 -43.5661 1.7686 17.8125 1.7686 -43.5661 -40.1967 -31.2319 4.1593 19.9523 -22.4325 -43.2773 -37.0907 -23.3616 32.3467 10.6675 -41.0101 -41.8935 -34.0324 -15.0078 27.4559 1.1403 -43.5997 -40.0110 -31.1989 1.6732 21.1984 -16.1309 -43.4644 -38.0905 -26.2405 27.1518 15.0901 -33.6395 -42.8995 -36.1850 -21.6615 32.3552 9.8156 -41.2961 -41.9237 -34.2351 -16.2084 28.7051 3.5975 -43.5046 -40.6059 -32.2123 -6.8012 23.5845 -7.1686 -43.5797 -39.0302 -26.0867
-36.5148 -43.6035 -4.6552 24.4627 -9.0731 -32.5730 -40.8601 -43.3538 4.8661 29.5790 -17.3134 -34.5829 -42.1216 -40.4671 10.7528 32.4209 -22.4800 -36.5137 -43.0255 -31.4887 15.9826 24.5245 -26.9456 -38.3676 -43.5080 -13.3809 21.8659 -1.1506 -31.5727 -40.1818 -43.5950 1.9043 27.8358 -15.4195 -34.1193 -41.9272 -40.9429 10.6675 32.3648 -23.2310 -37.0101 -43.2470 -23.7486 19.4358 6.6041 -30.7909 -40.0247 -43.5922 2.4521 27.0816 14.4304 27.0816 2.4521 -43.5922 -40.0247 -30.7909 6.6041 19.4358 -23.7486 -43.2470 -37.0101 -23.2310 32.3648 10.6675 -40.9429 -41.9272 -34.1193 -15.4195 27.8358 1.9043 -43.5950 -40.1818 -31.5727 -1.1506 21.8659 -13.3809 -43.5080 -38.3676 -26.9456 24.5245 15.9826 -31.4887 -43.0255 -36.5137 -22.4800 32.4209 10.7528 -40.4671 -42.1216 -34.5829 -17.3134 29.5790 4.8661 -43.3538 -40.8601 -32.5730 -9.0731 24.4627 -4.6552 -43.6035 -36.5148
-41.6483 -2.4535 25.3505 -10.9895 -32.9299 -41.1026 -43.1202 6.0321 30.3874 -18.3336 -34.9283 -42.3082 -39.4558 11.6717 32.1813 -23.2791 -36.8430 -43.1404 -29.0018 16.9115 21.1685 -27.6777 -38.6541 -43.5446 -10.5445 22.6084 -3.8771 -31.8575 -40.3773 -43.5685 2.8167 28.3539 -16.0092 -34.2637 -41.9938 -40.7341 10.8210 32.3467 -23.2310 -36.9832 -43.2313 -24.5265 19.0854 8.5160 -30.4072 -39.8760 -43.5994 1.8684 28.1223 -14.8039 -29.6425 -14.8039 28.1223 1.8684 -43.5994 -39.8760 -30.4072 8.5160 19.0854 -24.5265 -43.2313 -36.9832 -23.2310 32.3467 10.8210 -40.7341 -41.9938 -34.2637 -16.0092 28.3539 2.8167 -43.5685 -40.3773 -31.8575 -3.8771 22.6084 -10.5445 -43.5446 -38.6541 -27.6777 21.1685 16.9115 -29.0018 -43.1404 -36.8430 -23.2791 32.1813 11.6717 -39.4558 -42.3082 -34.9283 -18.3336 30.3874 6.0321 -43.1202 -41.1026 -32.9299 -10.9895 25.3505 -2.4535 -41.6483
-2.2400 26.2785 -12.6417 -33.2861 -41.3378 -42.7889 7.1257 31.1117 -19.2946 -35.2708 -42.4827 -38.2395 12.5789 31.5651 -24.0616 -37.1668 -43.2412 -26.2023 17.8820 17.1247 -28.4249 -38.9455 -43.5728 -7.8124 23.4044 -6.3818 -32.1708 -40.5923 -43.5009 3.7970 28.9658 -16.7227 -34.4583 -42.0897 -40.3619 11.1264 32.2785 -23.3616 -37.0101 -43.2313 -24.7825 18.9123 9.7033 -30.1430 -39.7614 -43.5994 1.1264 27.8046 -15.7064 -33.9580 -39.9085 -33.9580 -15.7064 27.8046 1.1265 -43.5994 -39.7617 -30.1430 9.7033 18.9123 -24.7825 -43.2313 -37.0101 -23.3616 32.2785 11.1264 -40.3619 -42.0897 -34.4583 -16.7227 28.9658 3.7970 -43.5009 -40.5923 -32.1708 -6.3818 23.4044 -7.8124 -43.5728 -38.9455 -28.4249 17.1247 17.8820 -26.2023 -43.2412 -37.1668 -24.0616 31.5651 12.5789 -38.2395 -42.4827 -35.2708 -19.2946 31.1117 7.1257 -42.7889 -41.3378 -33.2861 -12.6417 26.2785 -2.2400
26.6852 -14.0888 -33.6400 -41.5634 -42.3465 8.1600 31.7166 -20.2050 -35.6115 -42.6479 -36.7878 13.4831 30.4908 -24.8341 -37.4883 -43.3297 -23.1135 18.8999 12.5138 -29.1932 -39.2357 -43.5920 -5.3121 24.2375 -8.5875 -32.5011 -40.8181 -43.3744 4.8237 29.6287 -17.5023 -34.6932 -42.2081 -39.8088 11.5725 32.1155 -23.6217 -37.0907 -43.2470 -24.5265 18.9123 10.1006 -30.0119 -39.6924 -43.5981 0.4872 27.4208 -15.3530 -34.1780 -42.4492 -45.6688 -42.4487 -34.1781 -15.3587 27.4240 0.4935 -43.5983 -39.6928 -30.0121 10.0985 18.9123 -24.5265 -43.2470 -37.0907 -23.6217 32.1155 11.5725 -39.8088 -42.2081 -34.6932 -17.5023 29.6287 4.8237 -43.3744 -40.8181 -32.5011 -8.5875 24.2375 -5.3121 -43.5920 -39.2357 -29.1932 12.5138 18.8999 -23.1135 -43.3297 -37.4883 -24.8341 30.4908 13.4831 -36.7878 -42.6479 -35.6115 -20.2050 31.7166 8.1600 -42.3465 -41.5634 -33.6400 -14.0888 26.6852
-14.5953 -33.9939 -41.7786 -41.7775 9.1477 32.1626 -21.0740 -35.9475 -42.7971 -35.0855 14.3882 28.8813 -25.5956 -37.8057 -43.4048 -19.8242 19.9670 7.7286 -29.9804 -39.5220 -43.6029 -3.0768 25.0980 -10.5071 -32.8402 -41.0473 -43.1731 5.8677 30.3169 -18.3233 -34.9582 -42.3400 -39.0613 12.1362 31.7905 -24.0006 -37.2232 -43.2773 -23.7486 19.0854 9.7033 -30.0119 -39.6698 -43.6030 0.0950 27.1409 -14.9284 -34.0955 -42.0332 -41.4791 -2.4537 -41.4761 -42.0397 -34.0974 -14.9445 27.1500 0.0950 -43.5986 -39.6748 -30.0126 9.7012 19.0854 -23.7486 -43.2773 -37.2232 -24.0006 31.7905 12.1362 -39.0613 -42.3400 -34.9582 -18.3233 30.3169 5.8677 -43.1731 -41.0473 -32.8402 -10.5071 25.0980 -3.0768 -43.6029 -39.5220 -29.9804 7.7286 19.9670 -19.8242 -43.4048 -37.8057 -25.5956 28.8813 14.3882 -35.0855 -42.7971 -35.9475 -21.0740 32.1626 9.1477 -41.7775 -41.7786 -33.9939 -14.5953
-31.3274 -41.9890 -41.0615 10.1026 32.4039 -21.9123 -36.2818 -42.9348 -33.0936 15.3055 26.6421 -26.3569 -38.1181 -43.4662 -16.4532 20.9750 3.2068 -30.7805 -39.8021 -43.6058 -1.1004 25.9769 -12.1802 -33.1872 -41.2752 -42.8801 6.8963 30.9868 -19.1696 -35.2456 -42.4807 -38.0966 12.7876 31.2241 -24.4770 -37.3997 -43.3203 -22.4325 19.4358 8.5160 -30.1430 -39.6924 -43.6035 -0.3998 27.0453 -14.6660 -34.0345 -42.0177 -40.8967 9.6029 24.1846 9.5799 -40.8669 -41.8881 -34.0179 -14.8338 27.0786 -0.1030 -43.6569 -39.6981 -30.1436 8.5160 19.4358 -22.4325 -43.3203 -37.3997 -24.4770 31.2241 12.7876 -38.0966 -42.4807 -35.2456 -19.1696 30.9868 6.8963 -42.8801 -41.2752 -33.1872 -12.1802 25.9769 -1.1004 -43.6058 -39.8021 -30.7805 3.2068 20.9750 -16.4532 -43.4662 -38.1181 -26.3569 26.6421 15.3055 -33.0936 -42.9348 -36.2818 -21.9123 32.4039 10.1026 -41.0615 -41.9890 -31.3274
-39.6222 -40.1938 11.0279 32.3845 -22.7210 -36.6132 -43.0613 -30.8002 16.2374 23.7134 -27.1178 -38.4268 -43.5170 -13.1349 21.8594 -0.7532 -31.4270 -40.0759 -43.6043 0.6457 26.8777 -13.6630 -33.5347 -41.4998 -42.4807 7.8996 31.5863 -20.0205 -35.5520 -42.6240 -36.8828 13.5048 30.3227 -25.0230 -37.6107 -43.3691 -20.6400 19.9523 6.6041 -30.4072 -39.7614 -43.5986 0.0757 27.0886 -14.5517 -33.9629 -41.9030 -41.0523 10.3845 32.4189 -10.6508 32.4372 10.4610 -40.9790 -41.9093 -34.0033 -14.7111 26.8478 -0.1715 -43.6023 -39.7620 -30.4072 6.6041 19.9523 -20.6400 -43.3691 -37.6107 -25.0230 30.3227 13.5048 -36.8828 -42.6240 -35.5520 -20.0205 31.5863 7.8996 -42.4807 -41.4998 -33.5347 -13.6630 26.8777 0.6457 -43.6043 -40.0759 -31.4270 -0.7532 21.8594 -13.1349 -43.5170 -38.4268 -27.1178 23.7134 16.2374 -30.8002 -43.0613 -36.6132 -22.7210 32.3845 11.0279 -40.1938 -39.6222
-38.6918 11.9563 32.0444 -23.5078 -36.9383 -43.1721 -28.2178 17.1868 20.0997 -27.8754 -38.7281 -43.5541 -10.0288 22.7106 -4.0454 -31.8466 -40.3448 -43.5817 2.1916 27.7884 -14.9920 -33.8810 -41.7156 -41.9611 8.8685 32.0605 -20.8590 -35.8701 -42.7668 -35.3806 14.2831 28.9684 -25.6240 -37.8484 -43.4199 -18.4582 20.5891 4.1593 -30.7909 -39.8760 -43.5994 0.4849 27.1234 -14.6266 -33.9637 -41.8249 -41.0631 10.6716 32.4691 -22.1837 -33.0007 -22.0344 32.3704 10.6196 -41.0263 -41.8882 -34.0449 -14.5845 27.0097 0.4993 -43.5994 -39.8760 -30.7909 4.1593 20.5891 -18.4582 -43.4199 -37.8484 -25.6240 28.9684 14.2831 -35.3806 -42.7668 -35.8701 -20.8590 32.0605 8.8685 -41.9611 -41.7156 -33.8810 -14.9920 27.7884 2.1916 -43.5817 -40.3448 -31.8466 -4.0454 22.7106 -10.0288 -43.5541 -38.7281 -27.8754 20.0997 17.1868 -28.2178 -43.1721 -36.9383 -23.5078 32.0444 11.9563 -38.6918
