-39.8948 8.0943 31.6458 -21.1932 -34.0115 -40.9571 -24.2694 19.7057 1.9968 -28.4427 -37.6887 -41.7950 4.0674 29.9944 -18.4515 -32.7502 -40.4051 -33.2105 15.8658 18.2230 -26.2614 -36.6046 -41.6641 -1.6673 26.9438 -14.9301 -31.4339 -39.6866 -38.4030 12.3679 28.7740 -24.0280 -35.4466 -41.4209 -10.6646 23.6337 -9.7356 -30.0774 -38.8300 -40.9090 8.8387 31.6639 -21.6457 -34.2285 -41.0441 -22.4344 20.2851 0.0786 -28.5151 -37.7141 -42.7445 -37.7141 -28.5151 0.0786 20.2851 -22.4344 -41.0441 -34.2285 -21.6457 31.6639 8.8387 -40.9090 -38.8300 -30.0774 -9.7356 23.6337 -10.6646 -41.4209 -35.4466 -24.0280 28.7740 12.3679 -38.4030 -39.6866 -31.4339 -14.9301 26.9438 -1.6673 -41.6641 -36.6046 -26.2614 18.2230 15.8658 -33.2105 -40.4051 -32.7502 -18.4515 29.9944 4.0674 -41.7950 -37.6887 -28.4427 1.9968 19.7057 -24.2694 -40.9571 -34.0115 -21.1932 31.6458 8.0943 -39.8948
8.0943 32.2787 -22.0607 -36.6388 -43.1589 -25.2314 19.2709 6.2863 -31.0180 -40.1613 -43.5742 4.0040 29.8278 -18.6257 -35.3730 -42.6974 -34.5383 15.6089 22.7090 -28.1080 -39.1180 -43.6067 -1.8654 26.5408 -14.4839 -34.0962 -42.0478 -39.8987 12.2359 30.9853 -25.2895 -37.9959 -43.5048 -11.2406 23.2759 -8.2072 -32.7877 -41.2484 -42.5494 8.7706 32.3343 -22.3985 -36.8117 -43.2372 -23.4593 19.8797 3.7555 -31.3259 -40.3003 -44.2252 -22.9564 -44.2252 -40.3003 -31.3259 3.7555 19.8797 -23.4593 -43.2372 -36.8117 -22.3985 32.3343 8.7706 -42.5494 -41.2484 -32.7877 -8.2072 23.2759 -11.2406 -43.5048 -37.9959 -25.2895 30.9853 12.2359 -39.8987 -42.0478 -34.0962 -14.4839 26.5408 -1.8654 -43.6067 -39.1180 -28.1080 22.7090 15.6089 -34.5383 -42.6974 -35.3730 -18.6257 29.8278 4.0040 -43.5742 -40.1613 -31.0180 6.2863 19.2709 -25.2314 -43.1589 -36.6388 -22.0607 32.2787 8.0943
31.6458 -22.0607 -36.5142 -43.0725 -27.4367 18.3730 10.5731 -30.2642 -39.8929 -43.6004 2.6654 28.9816 -17.6285 -35.0291 -42.5326 -36.3167 14.6574 25.8512 -27.3402 -38.8177 -43.5862 -3.9840 25.6128 -13.0831 -33.7428 -41.8405 -40.8221 11.3013 31.8641 -24.5200 -37.6775 -43.4447 -14.4654 22.3690 -5.7588 -32.4263 -41.0049 -42.9350 7.7473 32.0044 -21.5739 -36.4792 -43.1291 -26.5090 18.7886 8.2639 -30.6780 -40.0418 -43.5855 1.1466 17.4856 1.1466 -43.5855 -40.0418 -30.6780 8.2639 18.7886 -26.5090 -43.1291 -36.4792 -21.5739 32.0044 7.7473 -42.9350 -41.0049 -32.4263 -5.7588 22.3690 -14.4654 -43.4447 -37.6775 -24.5200 31.8641 11.3013 -40.8221 -41.8405 -33.7428 -13.0831 25.6128 -3.9840 -43.5862 -38.8177 -27.3402 25.8512 14.6574 -36.3167 -42.5326 -35.0291 -17.6285 28.9816 2.6654 -43.6004 -39.8929 -30.2642 10.5731 18.3730 -27.4367 -43.0725 -36.5142 -22.0607 31.6458
-21.1932 -36.6388 -43.0725 -28.2614 17.8686 13.7827 -29.6437 -39.6512 -43.6021 1.2683 28.1197 -16.5865 -34.6917 -42.3617 -37.8274 13.7512 28.2882 -26.5821 -38.5162 -43.5618 -6.3923 24.7208 -11.4971 -33.3908 -41.6277 -41.5842 10.3771 32.3196 -23.7474 -37.3589 -43.3753 -17.8143 21.5151 -2.8022 -32.0663 -40.7574 -43.2258 6.6922 31.4885 -20.7275 -36.1472 -43.0100 -29.2822 17.7785 13.0291 -29.8929 -39.7702 -43.6039 1.5090 26.5328 16.6326 26.5328 1.5090 -43.6039 -39.7702 -29.8929 13.0291 17.7785 -29.2822 -43.0100 -36.1472 -20.7275 31.4885 6.6922 -43.2258 -40.7574 -32.0663 -2.8022 21.5151 -17.8143 -43.3753 -37.3589 -23.7474 32.3196 10.3771 -41.5842 -41.6277 -33.3908 -11.4971 24.7208 -6.3923 -43.5618 -38.5162 -26.5821 28.2882 13.7512 -37.8274 -42.3617 -34.6917 -16.5865 28.1197 1.2683 -43.6021 -39.6512 -29.6437 13.7827 17.8686 -28.2614 -43.0725 -36.6388 -21.1932
-34.0115 -43.1589 -27.4367 17.8686 14.9663 -29.2866 -39.4735 -43.5960 -0.0782 27.3214 -15.5259 -34.3680 -42.1862 -39.0749 12.8645 30.0599 -25.8273 -38.2113 -43.5284 -9.1400 23.8423 -9.6643 -33.0350 -41.4064 -42.1944 9.4301 32.4277 -22.9579 -37.0359 -43.2952 -21.1740 20.5777 0.7750 -31.7027 -40.5030 -43.4249 5.5699 30.8318 -19.8419 -35.8116 -42.8805 -31.7646 16.8058 17.5915 -29.1098 -39.4886 -43.6067 0.3327 27.3798 -13.8699 -29.2888 -13.8699 27.3798 0.3327 -43.6067 -39.4886 -29.1098 17.5915 16.8058 -31.7646 -42.8805 -35.8116 -19.8419 30.8318 5.5699 -43.4249 -40.5030 -31.7027 0.7750 20.5777 -21.1740 -43.2952 -37.0359 -22.9579 32.4277 9.4301 -42.1944 -41.4064 -33.0350 -9.6643 23.8423 -9.1400 -43.5284 -38.2113 -25.8273 30.0599 12.8645 -39.0749 -42.1862 -34.3680 -15.5259 27.3214 -0.0782 -43.5960 -39.4735 -29.2866 14.9663 17.8686 -27.4367 -43.1589 -34.0115
-40.9571 -25.2314 18.3730 13.7827 -29.2866 -39.4074 -43.5901 -1.1078 26.6940 -14.5517 -34.0766 -42.0108 -40.0691 12.0151 31.2482 -25.0828 -37.9043 -43.4834 -12.1781 22.9725 -7.5149 -32.6778 -41.1722 -42.6703 8.4522 32.2565 -22.1520 -36.7091 -43.2013 -24.3897 19.5287 4.9757 -31.1877 -40.2378 -43.5438 4.3628 30.0688 -18.9135 -35.4730 -42.7376 -33.9331 15.8594 21.6210 -28.3369 -39.2020 -43.6024 -1.3435 26.7068 -14.4171 -33.6354 -39.6421 -33.6354 -14.4171 26.7068 -1.3435 -43.6024 -39.2020 -28.3369 21.6210 15.8594 -33.9331 -42.7376 -35.4730 -18.9135 30.0688 4.3628 -43.5438 -40.2378 -31.1877 4.9757 19.5287 -24.3897 -43.2013 -36.7091 -22.1520 32.2565 8.4522 -42.6703 -41.1722 -32.6778 -7.5149 22.9725 -12.1781 -43.4834 -37.9043 -25.0828 31.2482 12.0151 -40.0691 -42.0108 -34.0766 -14.5517 26.6940 -1.1078 -43.5901 -39.4074 -29.2866 13.7827 18.3730 -25.2314 -40.9571
-24.2694 19.2709 10.5731 -29.6437 -39.4735 -43.5901 -1.4969 26.3427 -13.8319 -33.8477 -41.8568 -40.8148 11.2367 31.9530 -24.3707 -37.6046 -43.4253 -15.3676 22.1248 -4.9595 -32.3214 -40.9302 -43.0333 7.4361 31.8647 -21.3219 -36.3803 -43.0939 -27.3747 18.4840 9.6589 -30.4560 -39.9672 -43.5950 3.0523 29.2292 -17.9286 -35.1331 -42.5819 -35.8081 14.9339 24.9834 -27.5734 -38.9089 -43.5917 -3.3446 25.8587 -13.3940 -33.7323 -42.1914 -45.6760 -42.1914 -33.7323 -13.3940 25.8587 -3.3446 -43.5917 -38.9089 -27.5734 24.9834 14.9339 -35.8081 -42.5819 -35.1331 -17.9286 29.2292 3.0523 -43.5950 -39.9672 -30.4560 9.6589 18.4840 -27.3747 -43.0939 -36.3803 -21.3219 31.8647 7.4361 -43.0333 -40.9302 -32.3214 -4.9595 22.1248 -15.3676 -43.4253 -37.6046 -24.3707 31.9530 11.2367 -40.8148 -41.8568 -33.8477 -13.8319 26.3427 -1.4969 -43.5901 -39.4735 -29.6437 10.5731 19.2709 -24.2694
19.7057 6.2863 -30.2642 -39.6512 -43.5960 -1.1078 26.3427 -13.5605 -33.7211 -41.7489 -41.3065 10.5830 32.2949 -23.7266 -37.3242 -43.3596 -18.5183 21.3143 -1.9466 -31.9674 -40.6843 -43.2930 6.3681 31.3045 -20.4620 -36.0462 -42.9744 -30.0704 17.4826 14.4230 -29.6604 -39.6893 -43.6056 1.5984 28.3406 -16.8739 -34.7887 -42.4154 -37.4091 14.0210 27.6266 -26.8103 -38.6077 -43.5718 -5.6482 24.9772 -11.9530 -33.4676 -41.7169 -42.3751 -5.2275 -42.3751 -41.7169 -33.4676 -11.9530 24.9772 -5.6482 -43.5718 -38.6077 -26.8103 27.6266 14.0210 -37.4091 -42.4154 -34.7887 -16.8739 28.3406 1.5984 -43.6056 -39.6893 -29.6604 14.4230 17.4826 -30.0704 -42.9744 -36.0462 -20.4620 31.3045 6.3681 -43.2930 -40.6843 -31.9674 -1.9466 21.3143 -18.5183 -43.3596 -37.3242 -23.7266 32.2949 10.5830 -41.3065 -41.7489 -33.7211 -13.5605 26.3427 -1.1078 -43.5960 -39.6512 -30.2642 6.2863 19.7057
1.9968 -31.0180 -39.8929 -43.6021 -0.0782 26.6940 -13.8319 -33.7211 -41.7086 -41.5470 10.1378 32.4118 -23.1911 -37.0796 -43.2894 -21.3976 20.4613 1.5035 -31.6226 -40.4371 -43.4635 5.2461 30.6203 -19.5729 -35.7102 -42.8381 -32.4475 16.5161 18.8691 -28.8789 -39.4046 -43.6048 -0.0274 27.4257 -15.7357 -34.4427 -42.2335 -38.7566 13.1153 29.6035 -26.0502 -38.3022 -43.5399 -8.2771 24.1006 -10.2228 -33.1337 -41.4759 -42.1978 8.0364 22.7284 8.0364 -42.1978 -41.4759 -33.1337 -10.2228 24.1006 -8.2771 -43.5399 -38.3022 -26.0502 29.6035 13.1153 -38.7566 -42.2335 -34.4427 -15.7357 27.4257 -0.0274 -43.6048 -39.4046 -28.8789 18.8691 16.5161 -32.4475 -42.8381 -35.7102 -19.5729 30.6203 5.2461 -43.4635 -40.4371 -31.6226 1.5035 20.4613 -21.3976 -43.2894 -37.0796 -23.1911 32.4118 10.1378 -41.5470 -41.7086 -33.7211 -13.8319 26.6940 -0.0782 -43.6021 -39.8929 -31.0180 1.9968
-28.4427 -40.1613 -43.6004 1.2683 27.3214 -14.5517 -33.8477 -41.7489 -41.5470 9.9790 32.4292 -22.8270 -36.8942 -43.2231 -23.7620 19.6166 5.1096 -31.1464 -40.1939 -43.5595 4.0693 29.8607 -18.6494 -35.3768 -42.6925 -34.5165 15.5785 22.7191 -28.1060 -39.1154 -43.5992 -1.8730 26.5148 -14.4804 -34.0940 -42.0427 -39.8888 12.2127 30.9885 -25.2875 -37.9933 -43.4981 -11.2428 23.2326 -8.1879 -32.7819 -41.2434 -42.5745 8.3697 31.6871 -6.5273 31.6871 8.3697 -42.5745 -41.2434 -32.7819 -8.1879 23.2326 -11.2428 -43.4981 -37.9933 -25.2875 30.9885 12.2127 -39.8888 -42.0427 -34.0940 -14.4804 26.5148 -1.8730 -43.5992 -39.1154 -28.1060 22.7191 15.5785 -34.5165 -42.6925 -35.3768 -18.6494 29.8607 4.0693 -43.5595 -40.1939 -31.1464 5.1096 19.6166 -23.7620 -43.2231 -36.8942 -22.8270 32.4292 9.9790 -41.5470 -41.7489 -33.8477 -14.5517 27.3214 1.2683 -43.6004 -40.1613 -28.4427
-37.6887 -43.5742 2.6654 28.1197 -15.5259 -34.0766 -41.8568 -41.3065 10.1378 32.4292 -22.6973 -36.7947 -43.1761 -25.4364 18.9481 8.4110 -30.5517 -39.9673 -43.5962 2.8615 29.0688 -17.7004 -35.0489 -42.5383 -36.2757 14.6683 25.8354 -27.3409 -38.8177 -43.5862 -3.9838 25.6128 -13.0832 -33.7428 -41.8405 -40.8224 11.3013 31.8641 -24.5200 -37.6775 -43.4447 -14.4654 22.3690 -5.7587 -32.4258 -41.0039 -42.9429 7.6512 31.8515 -20.1329 -32.1696 -20.1329 31.8515 7.6512 -42.9429 -41.0039 -32.4258 -5.7587 22.3690 -14.4654 -43.4447 -37.6775 -24.5200 31.8641 11.3013 -40.8224 -41.8405 -33.7428 -13.0832 25.6128 -3.9838 -43.5862 -38.8177 -27.3409 25.8354 14.6683 -36.2757 -42.5383 -35.0489 -17.7004 29.0688 2.8615 -43.5962 -39.9673 -30.5517 8.4110 18.9481 -25.4364 -43.1761 -36.7947 -22.6973 32.4292 10.1378 -41.3065 -41.8568 -34.0766 -15.5259 28.1197 2.6654 -43.5742 -37.6887
-41.7950 4.0040 28.9816 -16.5865 -34.3680 -42.0108 -40.8148 10.5830 32.4118 -22.8270 -36.7947 -43.1598 -26.3133 18.5202 10.9217 -30.0586 -39.7739 -43.6014 1.6759 28.3011 -16.7529 -34.7330 -42.3770 -37.7432 13.7901 28.2318 -26.5934 -38.5185 -43.5629 -6.3918 24.7208 -11.4971 -33.3908 -41.6277 -41.5842 10.3771 32.3196 -23.7474 -37.3589 -43.3753 -17.8143 21.5151 -2.8022 -32.0663 -40.7583 -43.2281 6.6630 31.4387 -20.4317 -35.6983 -41.5253 -35.6983 -20.4317 31.4387 6.6630 -43.2281 -40.7583 -32.0663 -2.8022 21.5151 -17.8143 -43.3753 -37.3589 -23.7474 32.3196 10.3771 -41.5842 -41.6277 -33.3908 -11.4971 24.7208 -6.3918 -43.5629 -38.5185 -26.5934 28.2318 13.7901 -37.7432 -42.3770 -34.7330 -16.7529 28.3011 1.6759 -43.6014 -39.7739 -30.0586 10.9217 18.5202 -26.3133 -43.1598 -36.7947 -22.8270 32.4118 10.5830 -40.8148 -42.0108 -34.3680 -16.5865 28.9816 4.0040 -41.7950
4.0674 29.8278 -17.6285 -34.6917 -42.1862 -40.0691 11.2367 32.2949 -23.1911 -36.8942 -43.1761 -26.3133 18.3720 12.2537 -29.7409 -39.6318 -43.5990 0.6073 27.6221 -15.8455 -34.4406 -42.2164 -38.9290 12.9481 29.9628 -25.8628 -38.2204 -43.5298 -9.1050 23.8474 -9.6672 -33.0350 -41.4064 -42.1944 9.4301 32.4277 -22.9579 -37.0359 -43.2952 -21.1740 20.5777 0.7750 -31.7027 -40.5030 -43.4249 5.5576 30.8139 -19.7660 -35.7151 -43.4729 -45.2175 -43.4729 -35.7151 -19.7660 30.8139 5.5576 -43.4249 -40.5030 -31.7027 0.7750 20.5777 -21.1740 -43.2952 -37.0359 -22.9579 32.4277 9.4301 -42.1944 -41.4064 -33.0350 -9.6672 23.8474 -9.1050 -43.5298 -38.2204 -25.8628 29.9628 12.9481 -38.9290 -42.2164 -34.4406 -15.8455 27.6221 0.6073 -43.5990 -39.6318 -29.7409 12.2537 18.3720 -26.3133 -43.1761 -36.8942 -23.1911 32.2949 11.2367 -40.0691 -42.1862 -34.6917 -17.6285 29.8278 4.0674
29.9944 -18.6257 -35.0291 -42.3617 -39.0749 12.0151 31.9530 -23.7266 -37.0796 -43.2231 -25.4364 18.5202 12.2537 -29.6279 -39.5556 -43.5959 -0.2181 27.0943 -15.0411 -34.1881 -42.0641 -39.8529 12.1642 31.1207 -25.1553 -37.9250 -43.4852 -12.0504 22.9950 -7.5524 -32.6807 -41.1746 -42.6702 8.4522 32.2565 -22.1520 -36.7091 -43.2013 -24.3897 19.5287 4.9757 -31.1877 -40.2378 -43.5438 4.3607 30.0605 -18.8897 -35.4486 -42.8079 -36.5608 4.3939 -36.5608 -42.8079 -35.4486 -18.8897 30.0605 4.3607 -43.5438 -40.2378 -31.1877 4.9757 19.5287 -24.3897 -43.2013 -36.7091 -22.1520 32.2565 8.4522 -42.6702 -41.1746 -32.6807 -7.5524 22.9950 -12.0504 -43.4852 -37.9250 -25.1553 31.1207 12.1642 -39.8529 -42.0641 -34.1881 -15.0411 27.0943 -0.2181 -43.5959 -39.5556 -29.6279 12.2537 18.5202 -25.4364 -43.2231 -37.0796 -23.7266 31.9530 12.0151 -39.0749 -42.3617 -35.0291 -18.6257 29.9944
-18.4515 -35.3730 -42.5326 -37.8274 12.8645 31.2482 -24.3707 -37.3242 -43.2894 -23.7620 18.9481 10.9217 -29.7409 -39.5556 -43.5944 -0.6723 26.7609 -14.4297 -33.9921 -41.9343 -40.5408 11.4693 31.8229 -24.4981 -37.6447 -43.4296 -15.1016 22.1750 -5.0815 -32.3310 -40.9360 -43.0297 7.4419 31.8653 -21.3219 -36.3803 -43.0939 -27.3747 18.4840 9.6589 -30.4560 -39.9672 -43.5950 3.0521 29.2280 -17.9182 -35.1253 -42.5943 -36.3622 13.1529 27.9570 13.1529 -36.3622 -42.5943 -35.1253 -17.9182 29.2280 3.0521 -43.5950 -39.9672 -30.4560 9.6589 18.4840 -27.3747 -43.0939 -36.3803 -21.3219 31.8653 7.4419 -43.0297 -40.9360 -32.3310 -5.0815 22.1750 -15.1016 -43.4296 -37.6447 -24.4981 31.8229 11.4693 -40.5408 -41.9343 -33.9921 -14.4297 26.7609 -0.6723 -43.5944 -39.5556 -29.7409 10.9217 18.9481 -23.7620 -43.2894 -37.3242 -24.3707 31.2482 12.8645 -37.8274 -42.5326 -35.3730 -18.4515
-32.7502 -42.6974 -36.3167 13.7512 30.0599 -25.0828 -37.6046 -43.3596 -21.3976 19.6166 8.4110 -30.0586 -39.6318 -43.5959 -0.6723 26.6450 -14.0991 -33.8671 -41.8402 -41.0103 10.8929 32.1946 -23.9190 -37.3883 -43.3699 -18.0597 21.4050 -2.2155 -31.9873 -40.6943 -43.2872 6.3916 31.3142 -20.4700 -36.0485 -42.9744 -30.0704 17.4826 14.4230 -29.6604 -39.6893 -43.6056 1.5984 28.3405 -16.8724 -34.7861 -42.4162 -37.5265 13.6271 30.8571 -16.6988 30.8571 13.6271 -37.5265 -42.4162 -34.7861 -16.8724 28.3405 1.5984 -43.6056 -39.6893 -29.6604 14.4230 17.4826 -30.0704 -42.9744 -36.0485 -20.4700 31.3142 6.3916 -43.2872 -40.6943 -31.9873 -2.2155 21.4050 -18.0597 -43.3699 -37.3883 -23.9190 32.1946 10.8929 -41.0103 -41.8402 -33.8671 -14.0991 26.6450 -0.6723 -43.5959 -39.6318 -30.0586 8.4110 19.6166 -21.3976 -43.3596 -37.6046 -25.0828 30.0599 13.7512 -36.3167 -42.6974 -32.7502
-40.4051 -34.5383 14.6574 28.2882 -25.8273 -37.9043 -43.4253 -18.5183 20.4613 5.1096 -30.5517 -39.7739 -43.5990 -0.2181 26.7609 -14.0991 -33.8244 -41.7903 -41.2812 10.4753 32.3583 -23.4397 -37.1684 -43.3095 -20.7206 20.6290 0.9583 -31.6600 -40.4559 -43.4563 5.2959 30.6463 -19.5988 -35.7168 -42.8401 -32.4369 16.5188 18.8691 -28.8789 -39.4046 -43.6048 -0.0274 27.4257 -15.7356 -34.4425 -42.2342 -38.7865 13.0240 30.1817 -24.8494 -34.3248 -24.8494 30.1817 13.0240 -38.7865 -42.2342 -34.4425 -15.7356 27.4257 -0.0274 -43.6048 -39.4046 -28.8789 18.8691 16.5188 -32.4369 -42.8401 -35.7168 -19.5988 30.6463 5.2959 -43.4563 -40.4559 -31.6600 0.9583 20.6290 -20.7206 -43.3095 -37.1684 -23.4397 32.3583 10.4753 -41.2812 -41.7903 -33.8244 -14.0991 26.7609 -0.2181 -43.5990 -39.7739 -30.5517 5.1096 20.4613 -18.5183 -43.4253 -37.9043 -25.8273 28.2882 14.6574 -34.5383 -40.4051
-33.2105 15.6089 25.8512 -26.5821 -38.2113 -43.4834 -15.3676 21.3143 1.5035 -31.1464 -39.9673 -43.6014 0.6073 27.0943 -14.4297 -33.8671 -41.7903 -41.3691 10.2625 32.4117 -23.0927 -36.9995 -43.2540 -22.9243 19.8610 4.2272 -31.2470 -40.2276 -43.5526 4.1674 29.9106 -18.6976 -35.3892 -42.6961 -34.4798 15.5938 22.6874 -28.1122 -39.1155 -43.5992 -1.8730 26.5148 -14.4804 -34.0939 -42.0441 -39.8972 12.1876 31.0873 -25.0450 -37.6902 -43.2059 -37.6902 -25.0450 31.0873 12.1876 -39.8972 -42.0441 -34.0939 -14.4804 26.5148 -1.8730 -43.5992 -39.1155 -28.1122 22.6874 15.5938 -34.4798 -42.6961 -35.3892 -18.6976 29.9106 4.1674 -43.5526 -40.2276 -31.2470 4.2272 19.8610 -22.9243 -43.2540 -36.9995 -23.0927 32.4117 10.2625 -41.3691 -41.7903 -33.8671 -14.4297 27.0943 0.6073 -43.6014 -39.9673 -31.1464 1.5035 21.3143 -15.3676 -43.4834 -38.2113 -26.5821 25.8512 15.6089 -33.2105
15.8658 22.7090 -27.3402 -38.5162 -43.5284 -12.1781 22.1248 -1.9466 -31.6226 -40.1939 -43.5962 1.6759 27.6221 -15.0411 -33.9921 -41.8402 -41.2812 10.2625 32.4215 -22.9139 -36.8924 -43.2130 -24.5483 19.2312 7.2380 -30.7264 -40.0191 -43.5929 3.0395 29.1627 -17.7904 -35.0715 -42.5453 -36.2106 14.6989 25.7609 -27.3599 -38.8213 -43.5855 -3.9808 25.6128 -13.0832 -33.7428 -41.8404 -40.8231 11.2928 31.8812 -24.4609 -37.6069 -44.2984 -42.0081 -44.2984 -37.6069 -24.4609 31.8812 11.2928 -40.8231 -41.8404 -33.7428 -13.0832 25.6128 -3.9808 -43.5855 -38.8213 -27.3599 25.7609 14.6989 -36.2106 -42.5453 -35.0715 -17.7904 29.1627 3.0395 -43.5929 -40.0191 -30.7264 7.2380 19.2312 -24.5483 -43.2130 -36.8924 -22.9139 32.4215 10.2625 -41.2812 -41.8402 -33.9921 -15.0411 27.6221 1.6759 -43.5962 -40.1939 -31.6226 -1.9466 22.1248 -12.1781 -43.5284 -38.5162 -27.3402 22.7090 15.8658
18.2230 -28.1080 -38.8177 -43.5618 -9.1400 22.9725 -4.9595 -31.9674 -40.4371 -43.5595 2.8615 28.3011 -15.8455 -34.1881 -41.9343 -41.0103 10.4753 32.4117 -22.9139 -36.8561 -43.1899 -25.5410 18.7968 9.6348 -30.2621 -39.8399 -43.6007 1.9479 28.4450 -16.9004 -34.7696 -42.3922 -37.6482 13.8364 28.1306 -26.6220 -38.5266 -43.5616 -6.3559 24.7287 -11.5096 -33.3909 -41.6277 -41.5843 10.3754 32.3219 -23.7288 -37.3394 -43.4773 -22.7809 10.0056 -22.7809 -43.4773 -37.3394 -23.7288 32.3219 10.3754 -41.5843 -41.6277 -33.3909 -11.5096 24.7287 -6.3559 -43.5616 -38.5266 -26.6220 28.1306 13.8364 -37.6482 -42.3922 -34.7696 -16.9004 28.4450 1.9479 -43.6007 -39.8399 -30.2621 9.6348 18.7968 -25.5410 -43.1899 -36.8561 -22.9139 32.4117 10.4753 -41.0103 -41.9343 -34.1881 -15.8455 28.3011 2.8615 -43.5595 -40.4371 -31.9674 -4.9595 22.9725 -9.1400 -43.5618 -38.8177 -28.1080 18.2230
-26.2614 -39.1180 -43.5862 -6.3923 23.8423 -7.5149 -32.3214 -40.6843 -43.4635 4.0693 29.0688 -16.7529 -34.4406 -42.0641 -40.5408 10.8929 32.3583 -23.0927 -36.8924 -43.1899 -25.8787 18.5728 11.1514 -29.9391 -39.6999 -43.5992 0.9603 27.8068 -16.0531 -34.4926 -42.2399 -38.8015 13.0235 29.8512 -25.9028 -38.2344 -43.5290 -9.0156 23.8684 -9.7040 -33.0390 -41.4067 -42.1940 9.4299 32.4277 -22.9510 -37.0296 -43.3161 -22.2762 18.1136 31.7790 18.1136 -22.2762 -43.3161 -37.0296 -22.9510 32.4277 9.4299 -42.1940 -41.4067 -33.0390 -9.7040 23.8684 -9.0156 -43.5290 -38.2344 -25.9028 29.8512 13.0235 -38.8015 -42.2399 -34.4926 -16.0531 27.8068 0.9603 -43.5992 -39.6999 -29.9391 11.1514 18.5728 -25.8787 -43.1899 -36.8924 -23.0927 32.3583 10.8929 -40.5408 -42.0641 -34.4406 -16.7529 29.0688 4.0693 -43.4635 -40.6843 -32.3214 -7.5149 23.8423 -6.3923 -43.5862 -39.1180 -26.2614
-36.6046 -43.6067 -3.9840 24.7208 -9.6643 -32.6778 -40.9302 -43.2930 5.2461 29.8607 -17.7004 -34.7330 -42.2164 -39.8529 11.4693 32.1946 -23.4397 -36.9995 -43.2130 -25.5410 18.5728 11.6522 -29.7687 -39.6117 -43.5979 0.1643 27.2927 -15.2989 -34.2517 -42.0963 -39.7056 12.2755 31.0102 -25.2182 -37.9483 -43.4870 -11.8980 23.0295 -7.6167 -32.6899 -41.1768 -42.6646 8.4612 32.2588 -22.1514 -36.7074 -43.2045 -24.6515 18.9811 13.5426 -22.9594 13.5426 18.9811 -24.6515 -43.2045 -36.7074 -22.1514 32.2588 8.4612 -42.6646 -41.1768 -32.6899 -7.6167 23.0295 -11.8980 -43.4870 -37.9483 -25.2182 31.0102 12.2755 -39.7056 -42.0963 -34.2517 -15.2989 27.2927 0.1643 -43.5979 -39.6117 -29.7687 11.6522 18.5728 -25.5410 -43.2130 -36.9995 -23.4397 32.1946 11.4693 -39.8529 -42.2164 -34.7330 -17.7004 29.8607 5.2461 -43.2930 -40.9302 -32.6778 -9.6643 24.7208 -3.9840 -43.6067 -36.6046
-41.6641 -1.8654 25.6128 -11.4971 -33.0350 -41.1722 -43.0333 6.3681 30.6203 -18.6494 -35.0489 -42.3770 -38.9290 12.1642 31.8229 -23.9190 -37.1684 -43.2540 -24.5483 18.7968 11.1514 -29.7687 -39.5823 -43.5969 -0.3587 26.9352 -14.6961 -34.0592 -41.9725 -40.3891 11.6062 31.7260 -24.5894 -37.6757 -43.4354 -14.8776 22.2252 -5.2046 -32.3448 -40.9430 -43.0202 7.4673 31.8745 -21.3308 -36.3813 -43.0928 -27.4308 18.3631 11.3786 -29.2988 -36.4388 -29.2988 11.3786 18.3631 -27.4308 -43.0928 -36.3813 -21.3308 31.8745 7.4673 -43.0202 -40.9430 -32.3448 -5.2046 22.2252 -14.8776 -43.4354 -37.6757 -24.5894 31.7260 11.6062 -40.3891 -41.9725 -34.0592 -14.6961 26.9352 -0.3587 -43.5969 -39.5823 -29.7687 11.1514 18.7968 -24.5483 -43.2540 -37.1684 -23.9190 31.8229 12.1642 -38.9290 -42.3770 -35.0489 -18.6494 30.6203 6.3681 -43.0333 -41.1722 -33.0350 -11.4971 25.6128 -1.8654 -41.6641
-1.6673 26.5408 -13.0831 -33.3908 -41.4064 -42.6703 7.4361 31.3045 -19.5729 -35.3768 -42.5383 -37.7432 12.9481 31.1207 -24.4981 -37.3883 -43.3095 -22.9243 19.2312 9.6348 -29.9391 -39.6117 -43.5969 -0.5408 26.7514 -14.3071 -33.9253 -41.8785 -40.8683 11.0444 32.1287 -24.0295 -37.4291 -43.3787 -17.7500 21.4740 -2.4537 -32.0092 -40.7074 -43.2766 6.4312 31.3317 -20.4907 -36.0539 -42.9748 -30.0515 17.4602 14.8182 -29.4293 -39.5796 -44.5769 -39.5796 -29.4293 14.8182 17.4602 -30.0515 -42.9748 -36.0539 -20.4907 31.3317 6.4312 -43.2766 -40.7074 -32.0092 -2.4537 21.4740 -17.7500 -43.3787 -37.4291 -24.0295 32.1287 11.0444 -40.8683 -41.8785 -33.9253 -14.3071 26.7514 -0.5408 -43.5969 -39.6117 -29.9391 9.6348 19.2312 -22.9243 -43.3095 -37.3883 -24.4981 31.1207 12.9481 -37.7432 -42.5383 -35.3768 -19.5729 31.3045 7.4361 -42.6703 -41.4064 -33.3908 -13.0831 26.5408 -1.6673
26.9438 -14.4839 -33.7428 -41.6277 -42.1944 8.4522 31.8647 -20.4620 -35.7102 -42.6925 -36.2757 13.7901 29.9628 -25.1553 -37.6447 -43.3699 -20.7206 19.8610 7.2380 -30.2621 -39.6999 -43.5979 -0.3587 26.7514 -14.1730 -33.8562 -41.8188 -41.1710 10.6199 32.3225 -23.5559 -37.2158 -43.3228 -20.3268 20.7386 0.5687 -31.6931 -40.4765 -43.4468 5.3567 30.6810 -19.6310 -35.7272 -42.8455 -32.3911 16.5296 18.9013 -28.8270 -39.3681 -44.4902 -32.7372 -44.4902 -39.3681 -28.8270 18.9013 16.5296 -32.3911 -42.8455 -35.7272 -19.6310 30.6810 5.3567 -43.4468 -40.4765 -31.6931 0.5687 20.7386 -20.3268 -43.3228 -37.2158 -23.5559 32.3225 10.6199 -41.1710 -41.8188 -33.8562 -14.1730 26.7514 -0.3587 -43.5979 -39.6999 -30.2621 7.2380 19.8610 -20.7206 -43.3699 -37.6447 -25.1553 29.9628 13.7901 -36.2757 -42.6925 -35.7102 -20.4620 31.8647 8.4522 -42.1944 -41.6277 -33.7428 -14.4839 26.9438
-14.9301 -34.0962 -41.8405 -41.5842 9.4301 32.2565 -21.3219 -36.0462 -42.8381 -34.5165 14.6683 28.2318 -25.8628 -37.9250 -43.4296 -18.0597 20.6290 4.2272 -30.7264 -39.8399 -43.5992 0.1643 26.9352 -14.3071 -33.8562 -41.7973 -41.3184 10.3553 32.3970 -23.1989 -37.0443 -43.2687 -22.5062 19.9992 3.7104 -31.3165 -40.2569 -43.5453 4.2610 29.9624 -18.7490 -35.4058 -42.7029 -34.4217 15.6165 22.6116 -28.1116 -39.1079 -43.6667 -5.1753 14.6874 -5.1753 -43.6667 -39.1079 -28.1116 22.6116 15.6165 -34.4217 -42.7029 -35.4058 -18.7490 29.9624 4.2610 -43.5453 -40.2569 -31.3165 3.7104 19.9992 -22.5062 -43.2687 -37.0443 -23.1989 32.3970 10.3553 -41.3184 -41.7973 -33.8562 -14.3071 26.9352 0.1643 -43.5992 -39.8399 -30.7264 4.2272 20.6290 -18.0597 -43.4296 -37.9250 -25.8628 28.2318 14.6683 -34.5165 -42.8381 -36.0462 -21.3219 32.2565 9.4301 -41.5842 -41.8405 -34.0962 -14.9301
-31.4339 -42.0478 -40.8221 10.3771 32.4277 -22.1520 -36.3803 -42.9744 -32.4475 15.5785 25.8354 -26.5934 -38.2204 -43.4852 -15.1016 21.4050 0.9583 -31.2470 -40.0191 -43.6007 0.9603 27.2927 -14.6961 -33.9253 -41.8188 -41.3184 10.2673 32.4183 -22.9786 -36.9252 -43.2265 -24.1667 19.3597 6.6613 -30.8247 -40.0520 -43.5895 3.1741 29.2305 -17.8580 -35.0923 -42.5542 -36.1318 14.7341 25.6729 -27.3788 -38.8265 -43.5994 -4.6898 23.3613 27.5458 23.3613 -4.6898 -43.5994 -38.8265 -27.3788 25.6729 14.7341 -36.1318 -42.5542 -35.0923 -17.8580 29.2305 3.1741 -43.5895 -40.0520 -30.8247 6.6613 19.3597 -24.1667 -43.2265 -36.9252 -22.9786 32.4183 10.2673 -41.3184 -41.8188 -33.9253 -14.6961 27.2927 0.9603 -43.6007 -40.0191 -31.2470 0.9583 21.4050 -15.1016 -43.4852 -38.2204 -26.5934 25.8354 15.5785 -32.4475 -42.9744 -36.3803 -22.1520 32.4277 10.3771 -40.8221 -42.0478 -31.4339
-39.6866 -39.8987 11.3013 32.3196 -22.9579 -36.7091 -43.0939 -30.0704 16.5161 22.7191 -27.3409 -38.5185 -43.5298 -12.0504 22.1750 -2.2155 -31.6600 -40.2276 -43.5929 1.9479 27.8068 -15.2989 -34.0592 -41.8785 -41.1710 10.3553 32.4183 -22.9044 -36.8650 -43.2012 -25.2785 18.8965 9.0928 -30.3530 -39.8732 -43.6005 2.1166 28.5338 -16.9887 -34.7940 -42.4013 -37.5629 13.8874 28.0350 -26.6493 -38.5372 -43.5655 -6.4699 24.4480 -8.1114 -27.3503 -8.1114 24.4480 -6.4699 -43.5655 -38.5372 -26.6493 28.0350 13.8874 -37.5629 -42.4013 -34.7940 -16.9887 28.5338 2.1166 -43.6005 -39.8732 -30.3530 9.0928 18.8965 -25.2785 -43.2012 -36.8650 -22.9044 32.4183 10.3553 -41.1710 -41.8785 -34.0592 -15.2989 27.8068 1.9479 -43.5929 -40.2276 -31.6600 -2.2155 22.1750 -12.0504 -43.5298 -38.5185 -27.3409 22.7191 16.5161 -30.0704 -43.0939 -36.7091 -22.9579 32.3196 11.3013 -39.8987 -39.6866
-38.4030 12.2359 31.8641 -23.7474 -37.0359 -43.2013 -27.3747 17.4826 18.8691 -28.1060 -38.8177 -43.5629 -9.1050 22.9950 -5.0815 -31.9873 -40.4559 -43.5526 3.0395 28.4450 -16.0531 -34.2517 -41.9725 -40.8683 10.6199 32.3970 -22.9786 -36.8650 -43.1918 -25.8319 18.6148 10.8021 -30.0083 -39.7318 -43.6000 1.1348 27.9010 -16.1656 -34.5245 -42.2534 -38.7164 13.0855 29.7506 -25.9430 -38.2479 -43.5315 -8.9483 23.8262 -9.0790 -32.4398 -38.5089 -32.4398 -9.0790 23.8262 -8.9483 -43.5315 -38.2479 -25.9430 29.7506 13.0855 -38.7164 -42.2534 -34.5245 -16.1656 27.9010 1.1348 -43.6000 -39.7318 -30.0083 10.8021 18.6148 -25.8319 -43.1918 -36.8650 -22.9786 32.3970 10.6199 -40.8683 -41.9725 -34.2517 -16.0531 28.4450 3.0395 -43.5526 -40.4559 -31.9873 -5.0815 22.9950 -9.1050 -43.5629 -38.8177 -28.1060 18.8691 17.4826 -27.3747 -43.2013 -37.0359 -23.7474 31.8641 12.2359 -38.4030
12.3679 30.9853 -24.5200 -37.3589 -43.2952 -24.3897 18.4840 14.4230 -28.8789 -39.1154 -43.5862 -6.3918 23.8474 -7.5524 -32.3310 -40.6943 -43.4563 4.1674 29.1627 -16.9004 -34.4926 -42.0963 -40.3891 11.0444 32.3225 -23.1989 -36.9252 -43.2012 -25.8319 18.5192 11.6746 -29.7953 -39.6321 -43.5991 0.3191 27.3774 -15.4140 -34.2859 -42.1159 -39.6146 12.3491 30.9193 -25.2744 -37.9684 -43.4900 -11.7583 23.0530 -7.5354 -32.5843 -41.3221 -45.4722 -41.3221 -32.5843 -7.5354 23.0530 -11.7583 -43.4900 -37.9684 -25.2744 30.9193 12.3491 -39.6146 -42.1159 -34.2859 -15.4140 27.3774 0.3191 -43.5991 -39.6321 -29.7953 11.6746 18.5192 -25.8319 -43.2012 -36.9252 -23.1989 32.3225 11.0444 -40.3891 -42.0963 -34.4926 -16.9004 29.1627 4.1674 -43.4563 -40.6943 -32.3310 -7.5524 23.8474 -6.3918 -43.5862 -39.1154 -28.8789 14.4230 18.4840 -24.3897 -43.2952 -37.3589 -24.5200 30.9853 12.3679
28.7740 -25.2895 -37.6775 -43.3753 -21.1740 19.5287 9.6589 -29.6604 -39.4046 -43.5992 -3.9838 24.7208 -9.6672 -32.6807 -40.9360 -43.2872 5.2959 29.9106 -17.7904 -34.7696 -42.2399 -39.7056 11.6062 32.1287 -23.5559 -37.0443 -43.2265 -25.2785 18.6148 11.6746 -29.7218 -39.5802 -43.5976 -0.2712 26.9932 -14.7921 -34.0872 -41.9905 -40.3061 11.6878 31.6573 -24.6573 -37.7042 -43.4415 -14.6680 22.2707 -5.2988 -32.3345 -40.9587 -43.7356 -14.6806 -43.7356 -40.9587 -32.3345 -5.2988 22.2707 -14.6680 -43.4415 -37.7042 -24.6573 31.6573 11.6878 -40.3061 -41.9905 -34.0872 -14.7921 26.9932 -0.2712 -43.5976 -39.5802 -29.7218 11.6746 18.6148 -25.2785 -43.2265 -37.0443 -23.5559 32.1287 11.6062 -39.7056 -42.2399 -34.7696 -17.7904 29.9106 5.2959 -43.2872 -40.9360 -32.6807 -9.6672 24.7208 -3.9838 -43.5992 -39.4046 -29.6604 9.6589 19.5287 -21.1740 -43.3753 -37.6775 -25.2895 28.7740
-24.0280 -37.9959 -43.4447 -17.8143 20.5777 4.9757 -30.4560 -39.6893 -43.6048 -1.8730 25.6128 -11.4971 -33.0350 -41.1746 -43.0297 6.3916 30.6463 -18.6976 -35.0715 -42.3922 -38.8015 12.2755 31.7260 -24.0295 -37.2158 -43.2687 -24.1667 18.8965 10.8021 -29.7953 -39.5802 -43.5966 -0.5931 26.7563 -14.3495 -33.9423 -41.8902 -40.8119 11.1146 32.0872 -24.0984 -37.4600 -43.3885 -17.4599 21.5335 -2.6358 -32.0243 -40.7184 -43.3173 4.6211 19.8727 4.6211 -43.3173 -40.7184 -32.0243 -2.6358 21.5335 -17.4599 -43.3885 -37.4600 -24.0984 32.0872 11.1146 -40.8119 -41.8902 -33.9423 -14.3495 26.7563 -0.5931 -43.5966 -39.5802 -29.7953 10.8021 18.8965 -24.1667 -43.2687 -37.2158 -24.0295 31.7260 12.2755 -38.8015 -42.3922 -35.0715 -18.6976 30.6463 6.3916 -43.0297 -41.1746 -33.0350 -11.4971 25.6128 -1.8730 -43.6048 -39.6893 -30.4560 4.9757 20.5777 -17.8143 -43.4447 -37.9959 -24.0280
-35.4466 -43.5048 -14.4654 21.5151 0.7750 -31.1877 -39.9672 -43.6056 -0.0274 26.5148 -13.0832 -33.3908 -41.4064 -42.6702 7.4419 31.3142 -19.5988 -35.3892 -42.5453 -37.6482 13.0235 31.0102 -24.5894 -37.4291 -43.3228 -22.5062 19.3597 9.0928 -30.0083 -39.6321 -43.5976 -0.5931 26.6764 -14.1136 -33.8535 -41.8219 -41.1476 10.6602 32.3066 -23.6113 -37.2420 -43.3312 -20.0165 20.8193 0.2962 -31.7151 -40.4900 -43.4452 5.0185 29.2486 4.6040 29.2486 5.0185 -43.4452 -40.4900 -31.7151 0.2962 20.8193 -20.0165 -43.3312 -37.2420 -23.6113 32.3066 10.6602 -41.1476 -41.8219 -33.8535 -14.1136 26.6764 -0.5931 -43.5976 -39.6321 -30.0083 9.0928 19.3597 -22.5062 -43.3228 -37.4291 -24.5894 31.0102 13.0235 -37.6482 -42.5453 -35.3892 -19.5988 31.3142 7.4419 -42.6702 -41.4064 -33.3908 -13.0832 26.5148 -0.0274 -43.6056 -39.9672 -31.1877 0.7750 21.5151 -14.4654 -43.5048 -35.4466
-41.4209 -11.2406 22.3690 -2.8022 -31.7027 -40.2378 -43.5950 1.5984 27.4257 -14.4804 -33.7428 -41.6277 -42.1944 8.4522 31.8653 -20.4700 -35.7168 -42.6961 -36.2106 13.8364 29.8512 -25.2182 -37.6757 -43.3787 -20.3268 19.9992 6.6613 -30.3530 -39.7318 -43.5991 -0.2712 26.7563 -14.1136 -33.8226 -41.7855 -41.3355 10.3517 32.3959 -23.2251 -37.0594 -43.2763 -22.2531 20.0839 3.3560 -31.3624 -40.2740 -43.5404 4.2534 29.7516 -17.0993 -30.8498 -17.0993 29.7516 4.2534 -43.5404 -40.2740 -31.3624 3.3560 20.0839 -22.2531 -43.2763 -37.0594 -23.2251 32.3959 10.3517 -41.3355 -41.7855 -33.8226 -14.1136 26.7563 -0.2712 -43.5991 -39.7318 -30.3530 6.6613 19.9992 -20.3268 -43.3787 -37.6757 -25.2182 29.8512 13.8364 -36.2106 -42.6961 -35.7168 -20.4700 31.8653 8.4522 -42.1944 -41.6277 -33.7428 -14.4804 27.4257 1.5984 -43.5950 -40.2378 -31.7027 -2.8022 22.3690 -11.2406 -41.4209
-10.6646 23.2759 -5.7588 -32.0663 -40.5030 -43.5438 3.0523 28.3406 -15.7357 -34.0940 -41.8405 -41.5842 9.4301 32.2565 -21.3219 -36.0485 -42.8401 -34.4798 14.6989 28.1306 -25.9028 -37.9483 -43.4354 -17.7500 20.7386 3.7104 -30.8247 -39.8732 -43.6000 0.3191 26.9932 -14.3495 -33.8535 -41.7855 -41.3960 10.1965 32.4229 -22.9624 -36.9249 -43.2313 -24.0547 19.4120 6.3499 -30.8846 -40.0735 -43.5875 3.2465 29.2342 -17.6062 -34.6164 -40.5360 -34.6164 -17.6062 29.2342 3.2465 -43.5875 -40.0735 -30.8846 6.3499 19.4120 -24.0547 -43.2313 -36.9249 -22.9624 32.4229 10.1965 -41.3960 -41.7855 -33.8535 -14.3495 26.9932 0.3191 -43.6000 -39.8732 -30.8247 3.7104 20.7386 -17.7500 -43.4354 -37.9483 -25.9028 28.1306 14.6989 -34.4798 -42.8401 -36.0485 -21.3219 32.2565 9.4301 -41.5842 -41.8405 -34.0940 -15.7357 28.3406 3.0523 -43.5438 -40.5030 -32.0663 -5.7588 23.2759 -10.6646
23.6337 -8.2072 -32.4263 -40.7574 -43.4249 4.3628 29.2292 -16.8739 -34.4427 -42.0427 -40.8224 10.3771 32.4277 -22.1520 -36.3803 -42.9744 -32.4369 15.5938 25.7609 -26.6220 -38.2344 -43.4870 -14.8776 21.4740 0.5687 -31.3165 -40.0520 -43.6005 1.1348 27.3774 -14.7921 -33.9423 -41.8219 -41.3355 10.1965 32.4277 -22.8303 -36.8439 -43.1987 -25.3332 18.8967 8.9802 -30.3864 -39.8917 -43.6002 2.2074 28.5824 -16.9948 -34.7244 -42.8512 -45.6201 -42.8512 -34.7244 -16.9948 28.5824 2.2074 -43.6002 -39.8917 -30.3864 8.9802 18.8967 -25.3332 -43.1987 -36.8439 -22.8303 32.4277 10.1965 -41.3355 -41.8219 -33.9423 -14.7921 27.3774 1.1348 -43.6005 -40.0520 -31.3165 0.5687 21.4740 -14.8776 -43.4870 -38.2344 -26.6220 25.7609 15.5938 -32.4369 -42.9744 -36.3803 -22.1520 32.4277 10.3771 -40.8224 -42.0427 -34.4427 -16.8739 29.2292 4.3628 -43.4249 -40.7574 -32.4263 -8.2072 23.6337
-9.7356 -32.7877 -41.0049 -43.2258 5.5699 30.0688 -17.9286 -34.7887 -42.2335 -39.8888 11.3013 32.3196 -22.9579 -36.7091 -43.0939 -30.0704 16.5188 22.6874 -27.3599 -38.5266 -43.5290 -11.8980 22.2252 -2.4537 -31.6931 -40.2569 -43.5895 2.1166 27.9010 -15.4140 -34.0872 -41.8902 -41.1476 10.3517 32.4229 -22.8303 -36.8168 -43.1818 -26.0793 18.5547 10.9651 -29.9993 -39.7366 -43.6006 1.2201 27.9557 -16.2293 -34.5277 -42.3206 -40.1475 0.4223 -40.1475 -42.3206 -34.5277 -16.2293 27.9557 1.2201 -43.6006 -39.7366 -29.9993 10.9651 18.5547 -26.0793 -43.1818 -36.8168 -22.8303 32.4229 10.3517 -41.1476 -41.8902 -34.0872 -15.4140 27.9010 2.1166 -43.5895 -40.2569 -31.6931 -2.4537 22.2252 -11.8980 -43.5290 -38.5266 -27.3599 22.6874 16.5188 -30.0704 -43.0939 -36.7091 -22.9579 32.3196 11.3013 -39.8888 -42.2335 -34.7887 -17.9286 30.0688 5.5699 -43.2258 -41.0049 -32.7877 -9.7356
-30.0774 -41.2484 -42.9350 6.6922 30.8318 -18.9135 -35.1331 -42.4154 -38.7566 12.2127 31.8641 -23.7474 -37.0359 -43.2013 -27.3747 17.4826 18.8691 -28.1122 -38.8213 -43.5616 -9.0156 23.0295 -5.2046 -32.0092 -40.4765 -43.5453 3.1741 28.5338 -16.1656 -34.2859 -41.9905 -40.8119 10.6602 32.3959 -22.9624 -36.8439 -43.1818 -26.3243 18.3856 12.1559 -29.7376 -39.6205 -43.5996 0.3292 27.4075 -15.4760 -34.3023 -42.1403 -39.8385 10.8082 25.4153 10.8082 -39.8385 -42.1403 -34.3023 -15.4760 27.4075 0.3292 -43.5996 -39.6205 -29.7376 12.1559 18.3856 -26.3243 -43.1818 -36.8439 -22.9624 32.3959 10.6602 -40.8119 -41.9905 -34.2859 -16.1656 28.5338 3.1741 -43.5453 -40.4765 -32.0092 -5.2046 23.0295 -9.0156 -43.5616 -38.8213 -28.1122 18.8691 17.4826 -27.3747 -43.2013 -37.0359 -23.7474 31.8641 12.2127 -38.7566 -42.4154 -35.1331 -18.9135 30.8318 6.6922 -42.9350 -41.2484 -30.0774
-38.8300 -42.5494 7.7473 31.4885 -19.8419 -35.4730 -42.5819 -37.4091 13.1153 30.9885 -24.5200 -37.3589 -43.2952 -24.3897 18.4840 14.4230 -28.8789 -39.1155 -43.5855 -6.3559 23.8684 -7.6167 -32.3448 -40.7074 -43.4468 4.2610 29.2305 -16.9887 -34.5245 -42.1159 -40.3061 11.1146 32.3066 -23.2251 -36.9249 -43.1987 -26.0793 18.3856 12.5512 -29.6073 -39.5501 -43.5985 -0.3840 26.9664 -14.7943 -34.0977 -42.0033 -40.3060 11.4139 32.4913 -12.9153 32.4913 11.4139 -40.3060 -42.0033 -34.0977 -14.7943 26.9664 -0.3840 -43.5985 -39.5501 -29.6073 12.5512 18.3856 -26.0793 -43.1987 -36.9249 -23.2251 32.3066 11.1146 -40.3061 -42.1159 -34.5245 -16.9887 29.2305 4.2610 -43.4468 -40.7074 -32.3448 -7.6167 23.8684 -6.3559 -43.5855 -39.1155 -28.8789 14.4230 18.4840 -24.3897 -43.2952 -37.3589 -24.5200 30.9885 13.1153 -37.4091 -42.5819 -35.4730 -19.8419 31.4885 7.7473 -42.5494 -38.8300
-40.9090 8.7706 32.0044 -20.7275 -35.8116 -42.7376 -35.8081 14.0210 29.6035 -25.2875 -37.6775 -43.3753 -21.1740 19.5287 9.6589 -29.6604 -39.4046 -43.5992 -3.9808 24.7287 -9.7040 -32.6899 -40.9430 -43.2766 5.3567 29.9624 -17.8580 -34.7940 -42.2534 -39.6146 11.6878 32.0872 -23.6113 -37.0594 -43.2313 -25.3332 18.5547 12.1559 -29.6073 -39.5266 -43.5977 -0.8316 26.6652 -14.2543 -33.9313 -41.8918 -40.7941 11.0919 32.2180 -22.9317 -33.3953 -22.9317 32.2180 11.0919 -40.7941 -41.8918 -33.9313 -14.2543 26.6652 -0.8316 -43.5977 -39.5266 -29.6073 12.1559 18.5547 -25.3332 -43.2313 -37.0594 -23.6113 32.0872 11.6878 -39.6146 -42.2534 -34.7940 -17.8580 29.9624 5.3567 -43.2766 -40.9430 -32.6899 -9.7040 24.7287 -3.9808 -43.5992 -39.4046 -29.6604 9.6589 19.5287 -21.1740 -43.3753 -37.6775 -25.2875 29.6035 14.0210 -35.8081 -42.7376 -35.8116 -20.7275 32.0044 8.7706 -40.9090
8.8387 32.3343 -21.5739 -36.1472 -42.8805 -33.9331 14.9339 27.6266 -26.0502 -37.9933 -43.4447 -17.8143 20.5777 4.9757 -30.4560 -39.6893 -43.6048 -1.8730 25.6128 -11.5096 -33.0390 -41.1768 -43.0202 6.4312 30.6810 -18.7490 -35.0923 -42.4013 -38.7164 12.3491 31.6573 -24.0984 -37.2420 -43.2763 -24.0547 18.8967 10.9651 -29.7376 -39.5501 -43.5977 -0.9840 26.5150 -13.9157 -33.8151 -41.8083 -41.1732 10.6515 32.3188 -23.4270 -36.9171 -42.5409 -36.9170 -23.4269 32.3188 10.6515 -41.1732 -41.8083 -33.8151 -13.9157 26.5150 -0.9840 -43.5977 -39.5501 -29.7376 10.9651 18.8967 -24.0547 -43.2763 -37.2420 -24.0984 31.6573 12.3491 -38.7164 -42.4013 -35.0923 -18.7490 30.6810 6.4312 -43.0202 -41.1768 -33.0390 -11.5096 25.6128 -1.8730 -43.6048 -39.6893 -30.4560 4.9757 20.5777 -17.8143 -43.4447 -37.9933 -26.0502 27.6266 14.9339 -33.9331 -42.8805 -36.1472 -21.5739 32.3343 8.8387
31.6639 -22.3985 -36.4792 -43.0100 -31.7646 15.8594 24.9834 -26.8103 -38.3022 -43.4981 -14.4654 21.5151 0.7750 -31.1877 -39.9672 -43.6056 -0.0274 26.5148 -13.0832 -33.3909 -41.4067 -42.6646 7.4673 31.3317 -19.6310 -35.4058 -42.5542 -37.5629 13.0855 30.9193 -24.6573 -37.4600 -43.3312 -22.2531 19.4120 8.9802 -29.9993 -39.6205 -43.5985 -0.8316 26.5150 -13.8007 -33.7569 -41.7561 -41.4185 10.2830 32.4017 -23.1840 -37.0032 -44.0468 -43.6809 -44.0498 -37.0025 -23.1830 32.4017 10.2832 -41.4185 -41.7547 -33.7569 -13.8007 26.5150 -0.8316 -43.5985 -39.6205 -29.9993 8.9802 19.4120 -22.2531 -43.3312 -37.4600 -24.6573 30.9193 13.0855 -37.5629 -42.5542 -35.4058 -19.6310 31.3317 7.4673 -42.6646 -41.4067 -33.3909 -13.0832 26.5148 -0.0274 -43.6056 -39.9672 -31.1877 0.7750 21.5151 -14.4654 -43.4981 -38.3022 -26.8103 24.9834 15.8594 -31.7646 -43.0100 -36.4792 -22.3985 31.6639
-21.6457 -36.8117 -43.1291 -29.2822 16.8058 21.6210 -27.5734 -38.6077 -43.5399 -11.2428 22.3690 -2.8022 -31.7027 -40.2378 -43.5950 1.5984 27.4257 -14.4804 -33.7428 -41.6277 -42.1940 8.4612 31.8745 -20.4907 -35.7272 -42.7029 -36.1318 13.8874 29.7506 -25.2744 -37.7042 -43.3885 -20.0165 20.0839 6.3499 -30.3864 -39.7366 -43.5996 -0.3840 26.6652 -13.9157 -33.7569 -41.7386 -41.5345 10.0261 32.4297 -22.8989 -36.9074 -43.3207 -28.0014 8.3637 -28.1234 -43.3218 -36.9055 -22.9041 32.4284 10.0583 -41.5290 -41.7371 -33.7570 -13.9157 26.6652 -0.3840 -43.5996 -39.7366 -30.3864 6.3499 20.0839 -20.0165 -43.3885 -37.7042 -25.2744 29.7506 13.8874 -36.1318 -42.7029 -35.7272 -20.4907 31.8745 8.4612 -42.1940 -41.6277 -33.7428 -14.4804 27.4257 1.5984 -43.5950 -40.2378 -31.7027 -2.8022 22.3690 -11.2428 -43.5399 -38.6077 -27.5734 21.6210 16.8058 -29.2822 -43.1291 -36.8117 -21.6457
-34.2285 -43.2372 -26.5090 17.7785 17.5915 -28.3369 -38.9089 -43.5718 -8.2771 23.2326 -5.7587 -32.0663 -40.5030 -43.5438 3.0521 28.3405 -15.7356 -34.0939 -41.8404 -41.5843 9.4299 32.2588 -21.3308 -36.0539 -42.8455 -34.4217 14.7341 28.0350 -25.9430 -37.9684 -43.4415 -17.4599 20.8193 3.3560 -30.8846 -39.8917 -43.6006 0.3292 26.9664 -14.2543 -33.8151 -41.7561 -41.5345 9.8699 32.4067 -22.6914 -36.7667 -43.2301 -25.9756 16.9490 31.0955 16.7452 -26.1167 -43.2321 -36.7962 -22.7160 32.4460 10.0627 -41.5185 -41.7562 -33.8152 -14.2543 26.9664 0.3292 -43.6006 -39.8917 -30.8846 3.3560 20.8193 -17.4599 -43.4415 -37.9684 -25.9430 28.0350 14.7341 -34.4217 -42.8455 -36.0539 -21.3308 32.2588 9.4299 -41.5843 -41.8404 -34.0939 -15.7356 28.3405 3.0521 -43.5438 -40.5030 -32.0663 -5.7587 23.2326 -8.2771 -43.5718 -38.9089 -28.3369 17.5915 17.7785 -26.5090 -43.2372 -34.2285
-41.0441 -23.4593 18.7886 13.0291 -29.1098 -39.2020 -43.5917 -5.6482 24.1006 -8.1879 -32.4258 -40.7583 -43.4249 4.3607 29.2280 -16.8724 -34.4425 -42.0441 -40.8231 10.3754 32.4277 -22.1514 -36.3813 -42.9748 -32.3911 15.6165 25.6729 -26.6493 -38.2479 -43.4900 -14.6680 21.5335 0.2962 -31.3624 -40.0735 -43.6002 1.2201 27.4075 -14.7943 -33.9313 -41.8083 -41.4185 10.0495 32.5311 -22.6385 -36.7368 -43.0707 -26.7027 18.0578 19.1858 -21.5263 19.3631 17.8282 -27.1196 -43.1226 -36.6888 -22.6954 32.3861 10.0982 -41.4199 -41.8084 -33.9313 -14.7943 27.4075 1.2201 -43.6002 -40.0735 -31.3624 0.2962 21.5335 -14.6680 -43.4900 -38.2479 -26.6493 25.6729 15.6165 -32.3911 -42.9748 -36.3813 -22.1514 32.4277 10.3754 -40.8231 -42.0441 -34.4425 -16.8724 29.2280 4.3607 -43.4249 -40.7583 -32.4258 -8.1879 24.1006 -5.6482 -43.5917 -39.2020 -29.1098 13.0291 18.7886 -23.4593 -41.0441
-22.4344 19.8797 8.2639 -29.8929 -39.4886 -43.6024 -3.3446 24.9772 -10.2228 -32.7819 -41.0039 -43.2281 5.5576 30.0605 -17.9182 -34.7861 -42.2342 -39.8972 11.2928 32.3219 -22.9510 -36.7074 -43.0928 -30.0515 16.5296 22.6116 -27.3788 -38.5372 -43.5315 -11.7583 22.2707 -2.6358 -31.7151 -40.2740 -43.5875 2.2074 27.9557 -15.4760 -34.0977 -41.8918 -41.1732 10.2850 32.4279 -22.6070 -36.7785 -43.1990 -26.0906 18.3441 13.0908 -28.6553 -36.0406 -28.5056 14.9902 17.9424 -27.1160 -43.0667 -36.7488 -22.9063 32.4282 10.2883 -41.1728 -41.8918 -34.0977 -15.4760 27.9557 2.2074 -43.5875 -40.2740 -31.7151 -2.6358 22.2707 -11.7583 -43.5315 -38.5372 -27.3788 22.6116 16.5296 -30.0515 -43.0928 -36.7074 -22.9510 32.3219 11.2928 -39.8972 -42.2342 -34.7861 -17.9182 30.0605 5.5576 -43.2281 -41.0039 -32.7819 -10.2228 24.9772 -3.3446 -43.6024 -39.4886 -29.8929 8.2639 19.8797 -22.4344
