0.4520 0.4696 0.1997 0.1527 0.2028 0.3379 0.5093 0.3776 0.1567 0.1662 0.2484 0.4313 0.4862 0.2376 0.1511 0.1919 0.3130 0.5044 0.4122 0.1630 0.1607 0.2321 0.4002 0.4988 0.2841 0.1510 0.1823 0.2903 0.4900 0.4414 0.1738 0.1564 0.2176 0.3702 0.5067 0.3301 0.1526 0.1741 0.2695 0.4655 0.4655 0.1946 0.1531 0.2046 0.3417 0.5094 0.3725 0.1561 0.1662 0.2410 0.3405 0.2410 0.1662 0.1561 0.3725 0.5094 0.3417 0.2046 0.1531 0.1946 0.4655 0.4655 0.2695 0.1741 0.1526 0.3301 0.5067 0.3702 0.2176 0.1564 0.1738 0.4414 0.4900 0.2903 0.1823 0.1510 0.2841 0.4988 0.4002 0.2321 0.1607 0.1630 0.4122 0.5044 0.3130 0.1919 0.1511 0.2376 0.4862 0.4313 0.2484 0.1662 0.1567 0.3776 0.5093 0.3379 0.2028 0.1527 0.1997 0.4696 0.4520
0.4696 0.1939 0.1415 0.1953 0.3347 0.5110 0.3823 0.1462 0.1564 0.2421 0.4300 0.4886 0.2410 0.1395 0.1835 0.3086 0.5056 0.4165 0.1537 0.1504 0.2252 0.3980 0.5009 0.2895 0.1395 0.1735 0.2852 0.4906 0.4450 0.1668 0.1455 0.2102 0.3673 0.5085 0.3356 0.1413 0.1648 0.2639 0.4653 0.4685 0.1924 0.1417 0.1967 0.3382 0.5111 0.3773 0.1455 0.1571 0.2425 0.4199 0.5086 0.4199 0.2425 0.1571 0.1455 0.3773 0.5111 0.3382 0.1967 0.1417 0.1924 0.4685 0.4653 0.2639 0.1648 0.1413 0.3356 0.5085 0.3673 0.2102 0.1455 0.1668 0.4450 0.4906 0.2852 0.1735 0.1395 0.2895 0.5009 0.3980 0.2252 0.1504 0.1537 0.4165 0.5056 0.3086 0.1835 0.1395 0.2410 0.4886 0.4300 0.2421 0.1564 0.1462 0.3823 0.5110 0.3347 0.1953 0.1415 0.1939 0.4696
0.1997 0.1415 0.1942 0.3303 0.5104 0.3906 0.1477 0.1548 0.2375 0.4215 0.4922 0.2539 0.1393 0.1806 0.3020 0.5025 0.4247 0.1565 0.1489 0.2210 0.3895 0.5033 0.3024 0.1398 0.1710 0.2792 0.4845 0.4518 0.1720 0.1443 0.2065 0.3593 0.5096 0.3472 0.1422 0.1627 0.2585 0.4573 0.4737 0.2023 0.1409 0.1934 0.3309 0.5106 0.3873 0.1470 0.1555 0.2392 0.4224 0.4944 0.3903 0.4944 0.4224 0.2392 0.1555 0.1470 0.3873 0.5106 0.3309 0.1934 0.1409 0.2023 0.4737 0.4573 0.2585 0.1627 0.1422 0.3472 0.5096 0.3593 0.2065 0.1443 0.1720 0.4518 0.4845 0.2792 0.1710 0.1398 0.3024 0.5033 0.3895 0.2210 0.1489 0.1565 0.4247 0.5025 0.3020 0.1806 0.1393 0.2539 0.4922 0.4215 0.2375 0.1548 0.1477 0.3906 0.5104 0.3303 0.1942 0.1415 0.1997
0.1527 0.1953 0.3303 0.5102 0.3955 0.1490 0.1535 0.2336 0.4137 0.4954 0.2665 0.1393 0.1780 0.2957 0.4988 0.4325 0.1598 0.1476 0.2169 0.3811 0.5055 0.3150 0.1402 0.1686 0.2734 0.4780 0.4582 0.1783 0.1433 0.2028 0.3515 0.5105 0.3584 0.1432 0.1607 0.2534 0.4492 0.4786 0.2133 0.1403 0.1902 0.3238 0.5097 0.3967 0.1488 0.1538 0.2349 0.4162 0.4949 0.2835 0.1457 0.2835 0.4949 0.4162 0.2349 0.1538 0.1488 0.3967 0.5097 0.3238 0.1902 0.1403 0.2133 0.4786 0.4492 0.2534 0.1607 0.1432 0.3584 0.5105 0.3515 0.2028 0.1433 0.1783 0.4582 0.4780 0.2734 0.1686 0.1402 0.3150 0.5055 0.3811 0.2169 0.1476 0.1598 0.4325 0.4988 0.2957 0.1780 0.1393 0.2665 0.4954 0.4137 0.2336 0.1535 0.1490 0.3955 0.5102 0.3303 0.1953 0.1527
0.2028 0.3347 0.5104 0.3955 0.1495 0.1528 0.2308 0.4074 0.4980 0.2780 0.1393 0.1755 0.2898 0.4943 0.4399 0.1636 0.1463 0.2129 0.3729 0.5073 0.3273 0.1408 0.1664 0.2678 0.4708 0.4642 0.1858 0.1423 0.1993 0.3439 0.5109 0.3692 0.1444 0.1587 0.2483 0.4409 0.4831 0.2251 0.1399 0.1872 0.3169 0.5082 0.4058 0.1508 0.1522 0.2305 0.4081 0.4975 0.2783 0.1383 0.1486 0.1383 0.2783 0.4975 0.4081 0.2305 0.1522 0.1508 0.4058 0.5082 0.3169 0.1872 0.1399 0.2251 0.4831 0.4409 0.2483 0.1587 0.1444 0.3692 0.5109 0.3439 0.1993 0.1423 0.1858 0.4642 0.4708 0.2678 0.1664 0.1408 0.3273 0.5073 0.3729 0.2129 0.1463 0.1636 0.4399 0.4943 0.2898 0.1755 0.1393 0.2780 0.4980 0.4074 0.2308 0.1528 0.1495 0.3955 0.5104 0.3347 0.2028
0.3379 0.5110 0.3906 0.1490 0.1528 0.2298 0.4038 0.4997 0.2870 0.1395 0.1734 0.2844 0.4895 0.4465 0.1680 0.1452 0.2092 0.3649 0.5088 0.3391 0.1416 0.1642 0.2624 0.4631 0.4698 0.1948 0.1415 0.1959 0.3364 0.5109 0.3795 0.1458 0.1569 0.2434 0.4323 0.4873 0.2376 0.1395 0.1842 0.3102 0.5061 0.4144 0.1531 0.1507 0.2261 0.3997 0.5003 0.2880 0.1393 0.1681 0.2206 0.1681 0.1393 0.2880 0.5003 0.3997 0.2261 0.1507 0.1531 0.4144 0.5061 0.3102 0.1842 0.1395 0.2376 0.4873 0.4323 0.2434 0.1569 0.1458 0.3795 0.5109 0.3364 0.1959 0.1415 0.1948 0.4698 0.4631 0.2624 0.1642 0.1416 0.3391 0.5088 0.3649 0.2092 0.1452 0.1680 0.4465 0.4895 0.2844 0.1734 0.1395 0.2870 0.4997 0.4038 0.2298 0.1528 0.1490 0.3906 0.5110 0.3379
0.5093 0.3823 0.1477 0.1535 0.2308 0.4038 0.5003 0.2920 0.1396 0.1718 0.2800 0.4847 0.4523 0.1728 0.1441 0.2056 0.3573 0.5099 0.3504 0.1425 0.1621 0.2571 0.4551 0.4750 0.2051 0.1408 0.1926 0.3292 0.5104 0.3894 0.1474 0.1551 0.2387 0.4237 0.4912 0.2504 0.1393 0.1814 0.3037 0.5034 0.4227 0.1558 0.1493 0.2219 0.3913 0.5028 0.3000 0.1397 0.1704 0.2697 0.3894 0.2697 0.1704 0.1397 0.3000 0.5028 0.3913 0.2219 0.1493 0.1558 0.4227 0.5034 0.3037 0.1814 0.1393 0.2504 0.4912 0.4237 0.2387 0.1551 0.1474 0.3894 0.5104 0.3292 0.1926 0.1408 0.2051 0.4750 0.4551 0.2571 0.1621 0.1425 0.3504 0.5099 0.3573 0.2056 0.1441 0.1728 0.4523 0.4847 0.2800 0.1718 0.1396 0.2920 0.5003 0.4038 0.2308 0.1535 0.1477 0.3823 0.5093
0.3776 0.1462 0.1548 0.2336 0.4074 0.4997 0.2920 0.1397 0.1709 0.2771 0.4807 0.4569 0.1777 0.1432 0.2025 0.3503 0.5106 0.3610 0.1435 0.1601 0.2520 0.4470 0.4798 0.2164 0.1402 0.1895 0.3221 0.5094 0.3988 0.1492 0.1535 0.2340 0.4151 0.4948 0.2636 0.1392 0.1786 0.2973 0.4998 0.4306 0.1589 0.1479 0.2178 0.3830 0.5051 0.3124 0.1401 0.1689 0.2725 0.4671 0.5025 0.4671 0.2725 0.1689 0.1401 0.3124 0.5051 0.3830 0.2178 0.1479 0.1589 0.4306 0.4998 0.2973 0.1786 0.1392 0.2636 0.4948 0.4151 0.2340 0.1535 0.1492 0.3988 0.5094 0.3221 0.1895 0.1402 0.2164 0.4798 0.4470 0.2520 0.1601 0.1435 0.3610 0.5106 0.3503 0.2025 0.1432 0.1777 0.4569 0.4807 0.2771 0.1709 0.1397 0.2920 0.4997 0.4074 0.2336 0.1548 0.1462 0.3776
0.1567 0.1564 0.2375 0.4137 0.4980 0.2870 0.1396 0.1709 0.2761 0.4784 0.4598 0.1820 0.1426 0.1998 0.3441 0.5109 0.3706 0.1446 0.1583 0.2471 0.4387 0.4842 0.2283 0.1398 0.1864 0.3153 0.5078 0.4079 0.1513 0.1519 0.2296 0.4065 0.4979 0.2767 0.1393 0.1760 0.2911 0.4955 0.4381 0.1626 0.1466 0.2138 0.3748 0.5070 0.3247 0.1407 0.1668 0.2685 0.4695 0.4708 0.3299 0.4708 0.4695 0.2685 0.1668 0.1407 0.3247 0.5070 0.3748 0.2138 0.1466 0.1626 0.4381 0.4955 0.2911 0.1760 0.1393 0.2767 0.4979 0.4065 0.2296 0.1519 0.1513 0.4079 0.5078 0.3153 0.1864 0.1398 0.2283 0.4842 0.4387 0.2471 0.1583 0.1446 0.3706 0.5109 0.3441 0.1998 0.1426 0.1820 0.4598 0.4784 0.2761 0.1709 0.1396 0.2870 0.4980 0.4137 0.2375 0.1564 0.1567
0.1662 0.2421 0.4215 0.4954 0.2780 0.1395 0.1718 0.2771 0.4784 0.4608 0.1845 0.1422 0.1979 0.3392 0.5110 0.3787 0.1458 0.1567 0.2427 0.4307 0.4882 0.2406 0.1395 0.1835 0.3086 0.5055 0.4165 0.1537 0.1504 0.2252 0.3980 0.5008 0.2896 0.1395 0.1734 0.2850 0.4903 0.4452 0.1669 0.1454 0.2100 0.3667 0.5085 0.3365 0.1414 0.1646 0.2634 0.4641 0.4704 0.2106 0.1380 0.2106 0.4704 0.4641 0.2634 0.1646 0.1414 0.3365 0.5085 0.3667 0.2100 0.1454 0.1669 0.4452 0.4903 0.2850 0.1734 0.1395 0.2896 0.5008 0.3980 0.2252 0.1504 0.1537 0.4165 0.5055 0.3086 0.1835 0.1395 0.2406 0.4882 0.4307 0.2427 0.1567 0.1458 0.3787 0.5110 0.3392 0.1979 0.1422 0.1845 0.4608 0.4784 0.2771 0.1718 0.1395 0.2780 0.4954 0.4215 0.2421 0.1662
0.2484 0.4300 0.4922 0.2665 0.1393 0.1734 0.2800 0.4807 0.4598 0.1845 0.1420 0.1969 0.3360 0.5108 0.3851 0.1469 0.1554 0.2388 0.4232 0.4917 0.2527 0.1393 0.1808 0.3022 0.5026 0.4246 0.1565 0.1489 0.2210 0.3895 0.5033 0.3024 0.1398 0.1710 0.2791 0.4844 0.4520 0.1722 0.1443 0.2063 0.3588 0.5097 0.3480 0.1423 0.1625 0.2581 0.4566 0.4744 0.2065 0.1387 0.1584 0.1387 0.2065 0.4744 0.4566 0.2581 0.1625 0.1423 0.3480 0.5097 0.3588 0.2063 0.1443 0.1722 0.4520 0.4844 0.2791 0.1710 0.1398 0.3024 0.5033 0.3895 0.2210 0.1489 0.1565 0.4246 0.5026 0.3022 0.1808 0.1393 0.2527 0.4917 0.4232 0.2388 0.1554 0.1469 0.3851 0.5108 0.3360 0.1969 0.1420 0.1845 0.4598 0.4807 0.2800 0.1734 0.1393 0.2665 0.4922 0.4300 0.2484
0.4313 0.4886 0.2539 0.1393 0.1755 0.2844 0.4847 0.4569 0.1820 0.1422 0.1969 0.3349 0.5107 0.3891 0.1478 0.1543 0.2355 0.4167 0.4946 0.2639 0.1393 0.1783 0.2962 0.4990 0.4322 0.1597 0.1476 0.2169 0.3812 0.5055 0.3150 0.1402 0.1686 0.2734 0.4778 0.4584 0.1785 0.1432 0.2027 0.3511 0.5105 0.3591 0.1433 0.1605 0.2529 0.4485 0.4790 0.2149 0.1399 0.1831 0.2476 0.1831 0.1399 0.2149 0.4790 0.4485 0.2529 0.1605 0.1433 0.3591 0.5105 0.3511 0.2027 0.1432 0.1785 0.4584 0.4778 0.2734 0.1686 0.1402 0.3150 0.5055 0.3812 0.2169 0.1476 0.1597 0.4322 0.4990 0.2962 0.1783 0.1393 0.2639 0.4946 0.4167 0.2355 0.1543 0.1478 0.3891 0.5107 0.3349 0.1969 0.1422 0.1820 0.4569 0.4847 0.2844 0.1755 0.1393 0.2539 0.4886 0.4313
0.4862 0.2410 0.1393 0.1780 0.2898 0.4895 0.4523 0.1777 0.1426 0.1979 0.3360 0.5107 0.3905 0.1483 0.1537 0.2332 0.4115 0.4968 0.2736 0.1393 0.1760 0.2907 0.4949 0.4392 0.1633 0.1464 0.2130 0.3731 0.5073 0.3272 0.1408 0.1663 0.2678 0.4707 0.4643 0.1861 0.1423 0.1992 0.3436 0.5109 0.3697 0.1445 0.1586 0.2479 0.4402 0.4835 0.2262 0.1398 0.1857 0.3050 0.4391 0.3050 0.1857 0.1398 0.2262 0.4835 0.4402 0.2479 0.1586 0.1445 0.3697 0.5109 0.3436 0.1992 0.1423 0.1861 0.4643 0.4707 0.2678 0.1663 0.1408 0.3272 0.5073 0.3731 0.2130 0.1464 0.1633 0.4392 0.4949 0.2907 0.1760 0.1393 0.2736 0.4968 0.4115 0.2332 0.1537 0.1483 0.3905 0.5107 0.3360 0.1979 0.1426 0.1777 0.4523 0.4895 0.2898 0.1780 0.1393 0.2410 0.4862
0.2376 0.1395 0.1806 0.2957 0.4943 0.4465 0.1728 0.1432 0.1998 0.3392 0.5108 0.3891 0.1483 0.1534 0.2320 0.4082 0.4983 0.2812 0.1394 0.1742 0.2860 0.4906 0.4454 0.1674 0.1453 0.2094 0.3653 0.5088 0.3388 0.1416 0.1642 0.2624 0.4631 0.4699 0.1950 0.1414 0.1958 0.3362 0.5109 0.3800 0.1459 0.1568 0.2431 0.4317 0.4876 0.2386 0.1395 0.1838 0.3075 0.4999 0.4856 0.4999 0.3075 0.1838 0.1395 0.2386 0.4876 0.4317 0.2431 0.1568 0.1459 0.3800 0.5109 0.3362 0.1958 0.1414 0.1950 0.4699 0.4631 0.2624 0.1642 0.1416 0.3388 0.5088 0.3653 0.2094 0.1453 0.1674 0.4454 0.4906 0.2860 0.1742 0.1394 0.2812 0.4983 0.4082 0.2320 0.1534 0.1483 0.3891 0.5108 0.3392 0.1998 0.1432 0.1728 0.4465 0.4943 0.2957 0.1806 0.1395 0.2376
0.1511 0.1835 0.3020 0.4988 0.4399 0.1680 0.1441 0.2025 0.3441 0.5110 0.3851 0.1478 0.1537 0.2320 0.4070 0.4990 0.2860 0.1395 0.1728 0.2821 0.4865 0.4506 0.1716 0.1443 0.2061 0.3581 0.5098 0.3498 0.1424 0.1622 0.2572 0.4552 0.4750 0.2051 0.1408 0.1926 0.3290 0.5104 0.3898 0.1474 0.1550 0.2384 0.4232 0.4915 0.2514 0.1393 0.1811 0.3028 0.5017 0.4356 0.2577 0.4356 0.5017 0.3028 0.1811 0.1393 0.2514 0.4915 0.4232 0.2384 0.1550 0.1474 0.3898 0.5104 0.3290 0.1926 0.1408 0.2051 0.4750 0.4552 0.2572 0.1622 0.1424 0.3498 0.5098 0.3581 0.2061 0.1443 0.1716 0.4506 0.4865 0.2821 0.1728 0.1395 0.2860 0.4990 0.4070 0.2320 0.1537 0.1478 0.3851 0.5110 0.3441 0.2025 0.1441 0.1680 0.4399 0.4988 0.3020 0.1835 0.1511
0.1919 0.3086 0.5025 0.4325 0.1636 0.1452 0.2056 0.3503 0.5109 0.3787 0.1469 0.1543 0.2332 0.4082 0.4990 0.2877 0.1396 0.1719 0.2795 0.4831 0.4547 0.1758 0.1435 0.2032 0.3515 0.5105 0.3599 0.1434 0.1603 0.2522 0.4472 0.4797 0.2162 0.1402 0.1895 0.3221 0.5094 0.3991 0.1493 0.1534 0.2338 0.4147 0.4949 0.2643 0.1392 0.1784 0.2968 0.4992 0.4336 0.1650 0.1364 0.1650 0.4336 0.4992 0.2968 0.1784 0.1392 0.2643 0.4949 0.4147 0.2338 0.1534 0.1493 0.3991 0.5094 0.3221 0.1895 0.1402 0.2162 0.4797 0.4472 0.2522 0.1603 0.1434 0.3599 0.5105 0.3515 0.2032 0.1435 0.1758 0.4547 0.4831 0.2795 0.1719 0.1396 0.2877 0.4990 0.4082 0.2332 0.1543 0.1469 0.3787 0.5109 0.3503 0.2056 0.1452 0.1636 0.4325 0.5025 0.3086 0.1919
0.3130 0.5056 0.4247 0.1598 0.1463 0.2092 0.3573 0.5106 0.3706 0.1458 0.1554 0.2355 0.4115 0.4983 0.2860 0.1396 0.1716 0.2781 0.4809 0.4575 0.1794 0.1429 0.2008 0.3458 0.5109 0.3688 0.1445 0.1585 0.2475 0.4392 0.4840 0.2279 0.1398 0.1865 0.3153 0.5078 0.4079 0.1513 0.1518 0.2294 0.4062 0.4981 0.2772 0.1393 0.1758 0.2907 0.4951 0.4390 0.1641 0.1432 0.1711 0.1432 0.1641 0.4390 0.4951 0.2907 0.1758 0.1393 0.2772 0.4981 0.4062 0.2294 0.1518 0.1513 0.4079 0.5078 0.3153 0.1865 0.1398 0.2279 0.4840 0.4392 0.2475 0.1585 0.1445 0.3688 0.5109 0.3458 0.2008 0.1429 0.1794 0.4575 0.4809 0.2781 0.1716 0.1396 0.2860 0.4983 0.4115 0.2355 0.1554 0.1458 0.3706 0.5106 0.3573 0.2092 0.1463 0.1598 0.4247 0.5056 0.3130
0.5044 0.4165 0.1565 0.1476 0.2129 0.3649 0.5099 0.3610 0.1446 0.1567 0.2388 0.4167 0.4968 0.2812 0.1395 0.1719 0.2781 0.4801 0.4590 0.1819 0.1425 0.1990 0.3413 0.5110 0.3764 0.1455 0.1570 0.2433 0.4315 0.4879 0.2398 0.1395 0.1836 0.3088 0.5056 0.4163 0.1537 0.1504 0.2251 0.3978 0.5009 0.2900 0.1395 0.1733 0.2848 0.4901 0.4456 0.1675 0.1447 0.2018 0.2799 0.2018 0.1447 0.1675 0.4456 0.4901 0.2848 0.1733 0.1395 0.2900 0.5009 0.3978 0.2251 0.1504 0.1537 0.4163 0.5056 0.3088 0.1836 0.1395 0.2398 0.4879 0.4315 0.2433 0.1570 0.1455 0.3764 0.5110 0.3413 0.1990 0.1425 0.1819 0.4590 0.4801 0.2781 0.1719 0.1395 0.2812 0.4968 0.4167 0.2388 0.1567 0.1446 0.3610 0.5099 0.3649 0.2129 0.1476 0.1565 0.4165 0.5044
0.4122 0.1537 0.1489 0.2169 0.3729 0.5088 0.3504 0.1435 0.1583 0.2427 0.4232 0.4946 0.2736 0.1394 0.1728 0.2795 0.4809 0.4590 0.1828 0.1423 0.1978 0.3382 0.5109 0.3824 0.1465 0.1557 0.2396 0.4245 0.4912 0.2513 0.1393 0.1810 0.3026 0.5027 0.4244 0.1565 0.1490 0.2210 0.3895 0.5033 0.3026 0.1398 0.1709 0.2790 0.4842 0.4522 0.1724 0.1441 0.2046 0.3460 0.4830 0.3460 0.2046 0.1441 0.1724 0.4522 0.4842 0.2790 0.1709 0.1398 0.3026 0.5033 0.3895 0.2210 0.1490 0.1565 0.4244 0.5027 0.3026 0.1810 0.1393 0.2513 0.4912 0.4245 0.2396 0.1557 0.1465 0.3824 0.5109 0.3382 0.1978 0.1423 0.1828 0.4590 0.4809 0.2795 0.1728 0.1394 0.2736 0.4946 0.4232 0.2427 0.1583 0.1435 0.3504 0.5088 0.3729 0.2169 0.1489 0.1537 0.4122
0.1630 0.1504 0.2210 0.3811 0.5073 0.3391 0.1425 0.1601 0.2471 0.4307 0.4917 0.2639 0.1393 0.1742 0.2821 0.4831 0.4575 0.1819 0.1423 0.1975 0.3365 0.5108 0.3865 0.1474 0.1548 0.2366 0.4184 0.4939 0.2618 0.1393 0.1786 0.2968 0.4993 0.4318 0.1596 0.1477 0.2170 0.3813 0.5055 0.3149 0.1402 0.1686 0.2733 0.4778 0.4584 0.1786 0.1432 0.2023 0.3483 0.5093 0.4581 0.5093 0.3483 0.2023 0.1432 0.1786 0.4584 0.4778 0.2733 0.1686 0.1402 0.3149 0.5055 0.3813 0.2170 0.1477 0.1596 0.4318 0.4993 0.2968 0.1786 0.1393 0.2618 0.4939 0.4184 0.2366 0.1548 0.1474 0.3865 0.5108 0.3365 0.1975 0.1423 0.1819 0.4575 0.4831 0.2821 0.1742 0.1393 0.2639 0.4917 0.4307 0.2471 0.1601 0.1425 0.3391 0.5073 0.3811 0.2210 0.1504 0.1630
0.1607 0.2252 0.3895 0.5055 0.3273 0.1416 0.1621 0.2520 0.4387 0.4882 0.2527 0.1393 0.1760 0.2860 0.4865 0.4547 0.1794 0.1425 0.1978 0.3365 0.5107 0.3886 0.1479 0.1541 0.2343 0.4135 0.4961 0.2711 0.1393 0.1764 0.2915 0.4954 0.4385 0.1630 0.1464 0.2132 0.3734 0.5073 0.3269 0.1408 0.1664 0.2679 0.4707 0.4643 0.1860 0.1423 0.1991 0.3429 0.5106 0.3873 0.1889 0.3873 0.5106 0.3429 0.1991 0.1423 0.1860 0.4643 0.4707 0.2679 0.1664 0.1408 0.3269 0.5073 0.3734 0.2132 0.1464 0.1630 0.4385 0.4954 0.2915 0.1764 0.1393 0.2711 0.4961 0.4135 0.2343 0.1541 0.1479 0.3886 0.5107 0.3365 0.1978 0.1425 0.1794 0.4547 0.4865 0.2860 0.1760 0.1393 0.2527 0.4882 0.4387 0.2520 0.1621 0.1416 0.3273 0.5055 0.3895 0.2252 0.1607
0.2321 0.3980 0.5033 0.3150 0.1408 0.1642 0.2571 0.4470 0.4842 0.2406 0.1393 0.1783 0.2907 0.4906 0.4506 0.1758 0.1429 0.1990 0.3382 0.5108 0.3886 0.1481 0.1537 0.2329 0.4101 0.4976 0.2784 0.1394 0.1746 0.2870 0.4914 0.4445 0.1668 0.1454 0.2097 0.3658 0.5087 0.3383 0.1415 0.1643 0.2625 0.4633 0.4698 0.1948 0.1415 0.1958 0.3361 0.5108 0.3833 0.1476 0.1388 0.1476 0.3833 0.5108 0.3361 0.1958 0.1415 0.1948 0.4698 0.4633 0.2625 0.1643 0.1415 0.3383 0.5087 0.3658 0.2097 0.1454 0.1668 0.4445 0.4914 0.2870 0.1746 0.1394 0.2784 0.4976 0.4101 0.2329 0.1537 0.1481 0.3886 0.5108 0.3382 0.1990 0.1429 0.1758 0.4506 0.4906 0.2907 0.1783 0.1393 0.2406 0.4842 0.4470 0.2571 0.1642 0.1408 0.3150 0.5033 0.3980 0.2321
0.4002 0.5009 0.3024 0.1402 0.1664 0.2624 0.4551 0.4798 0.2283 0.1395 0.1808 0.2962 0.4949 0.4454 0.1716 0.1435 0.2008 0.3413 0.5109 0.3865 0.1479 0.1537 0.2325 0.4083 0.4985 0.2835 0.1394 0.1733 0.2833 0.4875 0.4496 0.1708 0.1444 0.2065 0.3587 0.5098 0.3491 0.1424 0.1622 0.2573 0.4555 0.4749 0.2048 0.1408 0.1926 0.3291 0.5104 0.3904 0.1478 0.1508 0.1875 0.1508 0.1478 0.3904 0.5104 0.3291 0.1926 0.1408 0.2048 0.4749 0.4555 0.2573 0.1622 0.1424 0.3491 0.5098 0.3587 0.2065 0.1444 0.1708 0.4496 0.4875 0.2833 0.1733 0.1394 0.2835 0.4985 0.4083 0.2325 0.1537 0.1479 0.3865 0.5109 0.3413 0.2008 0.1435 0.1716 0.4454 0.4949 0.2962 0.1808 0.1395 0.2283 0.4798 0.4551 0.2624 0.1664 0.1402 0.3024 0.5009 0.4002
0.4988 0.2895 0.1398 0.1686 0.2678 0.4631 0.4750 0.2164 0.1398 0.1835 0.3022 0.4990 0.4392 0.1674 0.1443 0.2032 0.3458 0.5110 0.3824 0.1474 0.1541 0.2329 0.4083 0.4988 0.2862 0.1395 0.1723 0.2805 0.4842 0.4536 0.1748 0.1436 0.2037 0.3524 0.5105 0.3589 0.1433 0.1604 0.2525 0.4476 0.4796 0.2158 0.1402 0.1895 0.3222 0.5094 0.3991 0.1494 0.1526 0.2248 0.3183 0.2248 0.1526 0.1494 0.3991 0.5094 0.3222 0.1895 0.1402 0.2158 0.4796 0.4476 0.2525 0.1604 0.1433 0.3589 0.5105 0.3524 0.2037 0.1436 0.1748 0.4536 0.4842 0.2805 0.1723 0.1395 0.2862 0.4988 0.4083 0.2329 0.1541 0.1474 0.3824 0.5110 0.3458 0.2032 0.1443 0.1674 0.4392 0.4990 0.3022 0.1835 0.1398 0.2164 0.4750 0.4631 0.2678 0.1686 0.1398 0.2895 0.4988
0.2841 0.1395 0.1710 0.2734 0.4708 0.4698 0.2051 0.1402 0.1864 0.3086 0.5026 0.4322 0.1633 0.1453 0.2061 0.3515 0.5109 0.3764 0.1465 0.1548 0.2343 0.4101 0.4985 0.2862 0.1395 0.1718 0.2788 0.4818 0.4566 0.1784 0.1430 0.2013 0.3469 0.5108 0.3677 0.1443 0.1587 0.2479 0.4398 0.4838 0.2273 0.1398 0.1866 0.3155 0.5078 0.4077 0.1513 0.1517 0.2278 0.3927 0.5057 0.3927 0.2278 0.1517 0.1513 0.4077 0.5078 0.3155 0.1866 0.1398 0.2273 0.4838 0.4398 0.2479 0.1587 0.1443 0.3677 0.5108 0.3469 0.2013 0.1430 0.1784 0.4566 0.4818 0.2788 0.1718 0.1395 0.2862 0.4985 0.4101 0.2343 0.1548 0.1465 0.3764 0.5109 0.3515 0.2061 0.1453 0.1633 0.4322 0.5026 0.3086 0.1864 0.1402 0.2051 0.4698 0.4708 0.2734 0.1710 0.1395 0.2841
0.1510 0.1735 0.2792 0.4780 0.4642 0.1948 0.1408 0.1895 0.3153 0.5055 0.4246 0.1597 0.1464 0.2094 0.3581 0.5105 0.3688 0.1455 0.1557 0.2366 0.4135 0.4976 0.2835 0.1395 0.1718 0.2782 0.4805 0.4584 0.1810 0.1426 0.1994 0.3423 0.5110 0.3752 0.1454 0.1572 0.2438 0.4324 0.4876 0.2389 0.1395 0.1838 0.3090 0.5057 0.4161 0.1537 0.1504 0.2249 0.3951 0.5029 0.4181 0.5029 0.3951 0.2249 0.1504 0.1537 0.4161 0.5057 0.3090 0.1838 0.1395 0.2389 0.4876 0.4324 0.2438 0.1572 0.1454 0.3752 0.5110 0.3423 0.1994 0.1426 0.1810 0.4584 0.4805 0.2782 0.1718 0.1395 0.2835 0.4976 0.4135 0.2366 0.1557 0.1455 0.3688 0.5105 0.3581 0.2094 0.1464 0.1597 0.4246 0.5055 0.3153 0.1895 0.1408 0.1948 0.4642 0.4780 0.2792 0.1735 0.1510
0.1823 0.2852 0.4845 0.4582 0.1858 0.1415 0.1926 0.3221 0.5078 0.4165 0.1565 0.1476 0.2130 0.3653 0.5098 0.3599 0.1445 0.1570 0.2396 0.4184 0.4961 0.2784 0.1394 0.1723 0.2788 0.4805 0.4590 0.1824 0.1423 0.1982 0.3390 0.5109 0.3812 0.1464 0.1560 0.2402 0.4255 0.4908 0.2501 0.1393 0.1811 0.3029 0.5029 0.4240 0.1563 0.1490 0.2210 0.3891 0.5037 0.3238 0.1543 0.3238 0.5037 0.3891 0.2210 0.1490 0.1563 0.4240 0.5029 0.3029 0.1811 0.1393 0.2501 0.4908 0.4255 0.2402 0.1560 0.1464 0.3812 0.5109 0.3390 0.1982 0.1423 0.1824 0.4590 0.4805 0.2788 0.1723 0.1394 0.2784 0.4961 0.4184 0.2396 0.1570 0.1445 0.3599 0.5098 0.3653 0.2130 0.1476 0.1565 0.4165 0.5078 0.3221 0.1926 0.1415 0.1858 0.4582 0.4845 0.2852 0.1823
0.2903 0.4906 0.4518 0.1783 0.1423 0.1959 0.3292 0.5094 0.4079 0.1537 0.1489 0.2169 0.3731 0.5088 0.3498 0.1434 0.1585 0.2433 0.4245 0.4939 0.2711 0.1394 0.1733 0.2805 0.4818 0.4584 0.1824 0.1422 0.1975 0.3370 0.5108 0.3855 0.1472 0.1549 0.2371 0.4194 0.4935 0.2604 0.1393 0.1788 0.2972 0.4995 0.4313 0.1594 0.1477 0.2172 0.3815 0.5055 0.3187 0.1401 0.1444 0.1401 0.3187 0.5055 0.3815 0.2172 0.1477 0.1594 0.4313 0.4995 0.2972 0.1788 0.1393 0.2604 0.4935 0.4194 0.2371 0.1549 0.1472 0.3855 0.5108 0.3370 0.1975 0.1422 0.1824 0.4584 0.4818 0.2805 0.1733 0.1394 0.2711 0.4939 0.4245 0.2433 0.1585 0.1434 0.3498 0.5088 0.3731 0.2169 0.1489 0.1537 0.4079 0.5094 0.3292 0.1959 0.1423 0.1783 0.4518 0.4906 0.2903
0.4900 0.4450 0.1720 0.1433 0.1993 0.3364 0.5104 0.3988 0.1513 0.1504 0.2210 0.3812 0.5073 0.3388 0.1424 0.1603 0.2475 0.4315 0.4912 0.2618 0.1393 0.1746 0.2833 0.4842 0.4566 0.1810 0.1423 0.1975 0.3363 0.5108 0.3881 0.1478 0.1542 0.2348 0.4144 0.4957 0.2696 0.1393 0.1767 0.2920 0.4958 0.4380 0.1628 0.1465 0.2134 0.3737 0.5072 0.3274 0.1408 0.1611 0.2078 0.1611 0.1408 0.3274 0.5072 0.3737 0.2134 0.1465 0.1628 0.4380 0.4958 0.2920 0.1767 0.1393 0.2696 0.4957 0.4144 0.2348 0.1542 0.1478 0.3881 0.5108 0.3363 0.1975 0.1423 0.1810 0.4566 0.4842 0.2833 0.1746 0.1393 0.2618 0.4912 0.4315 0.2475 0.1603 0.1424 0.3388 0.5073 0.3812 0.2210 0.1504 0.1513 0.3988 0.5104 0.3364 0.1993 0.1433 0.1720 0.4450 0.4900
0.4414 0.1668 0.1443 0.2028 0.3439 0.5109 0.3894 0.1492 0.1519 0.2252 0.3895 0.5055 0.3272 0.1416 0.1622 0.2522 0.4392 0.4879 0.2513 0.1393 0.1764 0.2870 0.4875 0.4536 0.1784 0.1426 0.1982 0.3370 0.5108 0.3890 0.1481 0.1538 0.2332 0.4108 0.4973 0.2772 0.1393 0.1749 0.2876 0.4919 0.4439 0.1665 0.1455 0.2099 0.3662 0.5087 0.3381 0.1415 0.1634 0.2526 0.3629 0.2526 0.1634 0.1415 0.3381 0.5087 0.3662 0.2099 0.1455 0.1665 0.4439 0.4919 0.2876 0.1749 0.1393 0.2772 0.4973 0.4108 0.2332 0.1538 0.1481 0.3890 0.5108 0.3370 0.1982 0.1426 0.1784 0.4536 0.4875 0.2870 0.1764 0.1393 0.2513 0.4879 0.4392 0.2522 0.1622 0.1416 0.3272 0.5055 0.3895 0.2252 0.1519 0.1492 0.3894 0.5109 0.3439 0.2028 0.1443 0.1668 0.4414
0.1738 0.1455 0.2065 0.3515 0.5109 0.3795 0.1474 0.1535 0.2296 0.3980 0.5033 0.3150 0.1408 0.1642 0.2572 0.4472 0.4840 0.2398 0.1393 0.1786 0.2915 0.4914 0.4496 0.1748 0.1430 0.1994 0.3390 0.5108 0.3881 0.1481 0.1536 0.2324 0.4085 0.4984 0.2826 0.1394 0.1734 0.2838 0.4881 0.4489 0.1703 0.1445 0.2068 0.3593 0.5097 0.3485 0.1423 0.1621 0.2556 0.4423 0.5072 0.4423 0.2556 0.1621 0.1423 0.3485 0.5097 0.3593 0.2068 0.1445 0.1703 0.4489 0.4881 0.2838 0.1734 0.1394 0.2826 0.4984 0.4085 0.2324 0.1536 0.1481 0.3881 0.5108 0.3390 0.1994 0.1430 0.1748 0.4496 0.4914 0.2915 0.1786 0.1393 0.2398 0.4840 0.4472 0.2572 0.1642 0.1408 0.3150 0.5033 0.3980 0.2296 0.1535 0.1474 0.3795 0.5109 0.3515 0.2065 0.1455 0.1738
0.1564 0.2102 0.3593 0.5105 0.3692 0.1458 0.1551 0.2340 0.4065 0.5008 0.3024 0.1402 0.1663 0.2624 0.4552 0.4797 0.2279 0.1395 0.1810 0.2968 0.4954 0.4445 0.1708 0.1436 0.2013 0.3423 0.5109 0.3855 0.1478 0.1538 0.2324 0.4077 0.4989 0.2860 0.1395 0.1724 0.2808 0.4846 0.4531 0.1743 0.1437 0.2040 0.3531 0.5104 0.3582 0.1432 0.1604 0.2523 0.4451 0.4848 0.3643 0.4848 0.4451 0.2523 0.1604 0.1432 0.3582 0.5104 0.3531 0.2040 0.1437 0.1743 0.4531 0.4846 0.2808 0.1724 0.1395 0.2860 0.4989 0.4077 0.2324 0.1538 0.1478 0.3855 0.5109 0.3423 0.2013 0.1436 0.1708 0.4445 0.4954 0.2968 0.1810 0.1395 0.2279 0.4797 0.4552 0.2624 0.1663 0.1402 0.3024 0.5008 0.4065 0.2340 0.1551 0.1458 0.3692 0.5105 0.3593 0.2102 0.1564
0.2176 0.3673 0.5096 0.3584 0.1444 0.1569 0.2387 0.4151 0.4979 0.2896 0.1398 0.1686 0.2678 0.4631 0.4750 0.2162 0.1398 0.1836 0.3026 0.4993 0.4385 0.1668 0.1444 0.2037 0.3469 0.5110 0.3812 0.1472 0.1542 0.2332 0.4085 0.4989 0.2872 0.1396 0.1718 0.2789 0.4820 0.4563 0.1779 0.1431 0.2016 0.3475 0.5108 0.3667 0.1442 0.1588 0.2481 0.4396 0.4847 0.2483 0.1412 0.2483 0.4847 0.4396 0.2481 0.1588 0.1442 0.3667 0.5108 0.3475 0.2016 0.1431 0.1779 0.4563 0.4820 0.2789 0.1718 0.1396 0.2872 0.4989 0.4085 0.2332 0.1542 0.1472 0.3812 0.5110 0.3469 0.2037 0.1444 0.1668 0.4385 0.4993 0.3026 0.1836 0.1398 0.2162 0.4750 0.4631 0.2678 0.1686 0.1398 0.2896 0.4979 0.4151 0.2387 0.1569 0.1444 0.3584 0.5096 0.3673 0.2176
0.3702 0.5085 0.3472 0.1432 0.1587 0.2434 0.4237 0.4948 0.2767 0.1395 0.1710 0.2734 0.4707 0.4699 0.2051 0.1402 0.1865 0.3088 0.5027 0.4318 0.1630 0.1454 0.2065 0.3524 0.5108 0.3752 0.1464 0.1549 0.2348 0.4108 0.4984 0.2860 0.1396 0.1716 0.2779 0.4804 0.4584 0.1809 0.1426 0.1996 0.3428 0.5110 0.3743 0.1452 0.1574 0.2441 0.4327 0.4876 0.2423 0.1380 0.1529 0.1380 0.2423 0.4876 0.4327 0.2441 0.1574 0.1452 0.3743 0.5110 0.3428 0.1996 0.1426 0.1809 0.4584 0.4804 0.2779 0.1716 0.1396 0.2860 0.4984 0.4108 0.2348 0.1549 0.1464 0.3752 0.5108 0.3524 0.2065 0.1454 0.1630 0.4318 0.5027 0.3088 0.1865 0.1402 0.2051 0.4699 0.4707 0.2734 0.1710 0.1395 0.2767 0.4948 0.4237 0.2434 0.1587 0.1432 0.3472 0.5085 0.3702
0.5067 0.3356 0.1422 0.1607 0.2483 0.4323 0.4912 0.2636 0.1393 0.1734 0.2791 0.4778 0.4643 0.1950 0.1408 0.1895 0.3153 0.5056 0.4244 0.1596 0.1464 0.2097 0.3587 0.5105 0.3677 0.1454 0.1560 0.2371 0.4144 0.4973 0.2826 0.1395 0.1718 0.2779 0.4798 0.4594 0.1828 0.1423 0.1982 0.3392 0.5109 0.3806 0.1462 0.1561 0.2405 0.4260 0.4906 0.2502 0.1391 0.1750 0.2331 0.1750 0.1391 0.2502 0.4906 0.4260 0.2405 0.1561 0.1462 0.3806 0.5109 0.3392 0.1982 0.1423 0.1828 0.4594 0.4798 0.2779 0.1718 0.1395 0.2826 0.4973 0.4144 0.2371 0.1560 0.1454 0.3677 0.5105 0.3587 0.2097 0.1464 0.1596 0.4244 0.5056 0.3153 0.1895 0.1408 0.1950 0.4643 0.4778 0.2791 0.1734 0.1393 0.2636 0.4912 0.4323 0.2483 0.1607 0.1422 0.3356 0.5067
0.3301 0.1413 0.1627 0.2534 0.4409 0.4873 0.2504 0.1392 0.1760 0.2850 0.4844 0.4584 0.1861 0.1414 0.1926 0.3221 0.5078 0.4163 0.1565 0.1477 0.2132 0.3658 0.5098 0.3589 0.1443 0.1572 0.2402 0.4194 0.4957 0.2772 0.1394 0.1724 0.2789 0.4804 0.4594 0.1834 0.1422 0.1973 0.3367 0.5108 0.3854 0.1471 0.1550 0.2374 0.4200 0.4933 0.2599 0.1392 0.1778 0.2868 0.4141 0.2868 0.1778 0.1392 0.2599 0.4933 0.4200 0.2374 0.1550 0.1471 0.3854 0.5108 0.3367 0.1973 0.1422 0.1834 0.4594 0.4804 0.2789 0.1724 0.1394 0.2772 0.4957 0.4194 0.2402 0.1572 0.1443 0.3589 0.5098 0.3658 0.2132 0.1477 0.1565 0.4163 0.5078 0.3221 0.1926 0.1414 0.1861 0.4584 0.4844 0.2850 0.1760 0.1392 0.2504 0.4873 0.4409 0.2534 0.1627 0.1413 0.3301
0.1526 0.1648 0.2585 0.4492 0.4831 0.2376 0.1393 0.1786 0.2911 0.4903 0.4520 0.1785 0.1423 0.1958 0.3290 0.5094 0.4079 0.1537 0.1490 0.2170 0.3734 0.5087 0.3491 0.1433 0.1587 0.2438 0.4255 0.4935 0.2696 0.1393 0.1734 0.2808 0.4820 0.4584 0.1828 0.1422 0.1971 0.3355 0.5107 0.3887 0.1478 0.1542 0.2349 0.4147 0.4955 0.2689 0.1393 0.1766 0.2904 0.4871 0.4951 0.4871 0.2904 0.1766 0.1393 0.2689 0.4955 0.4147 0.2349 0.1542 0.1478 0.3887 0.5107 0.3355 0.1971 0.1422 0.1828 0.4584 0.4820 0.2808 0.1734 0.1393 0.2696 0.4935 0.4255 0.2438 0.1587 0.1433 0.3491 0.5087 0.3734 0.2170 0.1490 0.1537 0.4079 0.5094 0.3290 0.1958 0.1423 0.1785 0.4520 0.4903 0.2911 0.1786 0.1393 0.2376 0.4831 0.4492 0.2585 0.1648 0.1526
0.1741 0.2639 0.4573 0.4786 0.2251 0.1395 0.1814 0.2973 0.4955 0.4452 0.1722 0.1432 0.1992 0.3362 0.5104 0.3991 0.1513 0.1504 0.2210 0.3813 0.5073 0.3383 0.1424 0.1604 0.2479 0.4324 0.4908 0.2604 0.1393 0.1749 0.2838 0.4846 0.4563 0.1809 0.1423 0.1973 0.3355 0.5107 0.3903 0.1483 0.1537 0.2330 0.4106 0.4973 0.2767 0.1393 0.1750 0.2875 0.4903 0.4534 0.2924 0.4534 0.4903 0.2875 0.1750 0.1393 0.2767 0.4973 0.4106 0.2330 0.1537 0.1483 0.3903 0.5107 0.3355 0.1973 0.1423 0.1809 0.4563 0.4846 0.2838 0.1749 0.1393 0.2604 0.4908 0.4324 0.2479 0.1604 0.1424 0.3383 0.5073 0.3813 0.2210 0.1504 0.1513 0.3991 0.5104 0.3362 0.1992 0.1432 0.1722 0.4452 0.4955 0.2973 0.1814 0.1395 0.2251 0.4786 0.4573 0.2639 0.1741
0.2695 0.4653 0.4737 0.2133 0.1399 0.1842 0.3037 0.4998 0.4381 0.1669 0.1443 0.2027 0.3436 0.5109 0.3898 0.1493 0.1518 0.2251 0.3895 0.5055 0.3269 0.1415 0.1622 0.2525 0.4398 0.4876 0.2501 0.1393 0.1767 0.2876 0.4881 0.4531 0.1779 0.1426 0.1982 0.3367 0.5107 0.3903 0.1484 0.1534 0.2319 0.4077 0.4985 0.2830 0.1394 0.1735 0.2840 0.4880 0.4506 0.1798 0.1365 0.1798 0.4506 0.4880 0.2840 0.1735 0.1394 0.2830 0.4985 0.4077 0.2319 0.1534 0.1484 0.3903 0.5107 0.3367 0.1982 0.1426 0.1779 0.4531 0.4881 0.2876 0.1767 0.1393 0.2501 0.4876 0.4398 0.2525 0.1622 0.1415 0.3269 0.5055 0.3895 0.2251 0.1518 0.1493 0.3898 0.5109 0.3436 0.2027 0.1443 0.1669 0.4381 0.4998 0.3037 0.1842 0.1399 0.2133 0.4737 0.4653 0.2695
0.4655 0.4685 0.2023 0.1403 0.1872 0.3102 0.5034 0.4306 0.1626 0.1454 0.2063 0.3511 0.5109 0.3800 0.1474 0.1534 0.2294 0.3978 0.5033 0.3149 0.1408 0.1643 0.2573 0.4476 0.4838 0.2389 0.1393 0.1788 0.2920 0.4919 0.4489 0.1743 0.1431 0.1996 0.3392 0.5108 0.3887 0.1483 0.1534 0.2315 0.4063 0.4993 0.2873 0.1395 0.1723 0.2808 0.4847 0.4532 0.1757 0.1409 0.1655 0.1409 0.1757 0.4532 0.4847 0.2808 0.1723 0.1395 0.2873 0.4993 0.4063 0.2315 0.1534 0.1483 0.3887 0.5108 0.3392 0.1996 0.1431 0.1743 0.4489 0.4919 0.2920 0.1788 0.1393 0.2389 0.4838 0.4476 0.2573 0.1643 0.1408 0.3149 0.5033 0.3978 0.2294 0.1534 0.1474 0.3800 0.5109 0.3511 0.2063 0.1454 0.1626 0.4306 0.5034 0.3102 0.1872 0.1403 0.2023 0.4685 0.4655
0.4655 0.1924 0.1409 0.1902 0.3169 0.5061 0.4227 0.1589 0.1466 0.2100 0.3588 0.5105 0.3697 0.1459 0.1550 0.2338 0.4062 0.5009 0.3026 0.1402 0.1664 0.2625 0.4555 0.4796 0.2273 0.1395 0.1811 0.2972 0.4958 0.4439 0.1703 0.1437 0.2016 0.3428 0.5109 0.3854 0.1478 0.1537 0.2319 0.4063 0.4995 0.2895 0.1396 0.1715 0.2784 0.4817 0.4564 0.1781 0.1426 0.1944 0.2668 0.1944 0.1426 0.1781 0.4564 0.4817 0.2784 0.1715 0.1396 0.2895 0.4995 0.4063 0.2319 0.1537 0.1478 0.3854 0.5109 0.3428 0.2016 0.1437 0.1703 0.4439 0.4958 0.2972 0.1811 0.1395 0.2273 0.4796 0.4555 0.2625 0.1664 0.1402 0.3026 0.5009 0.4062 0.2338 0.1550 0.1459 0.3697 0.5105 0.3588 0.2100 0.1466 0.1589 0.4227 0.5061 0.3169 0.1902 0.1409 0.1924 0.4655
0.1946 0.1417 0.1934 0.3238 0.5082 0.4144 0.1558 0.1479 0.2138 0.3667 0.5097 0.3591 0.1445 0.1568 0.2384 0.4147 0.4981 0.2900 0.1398 0.1686 0.2679 0.4633 0.4749 0.2158 0.1398 0.1838 0.3029 0.4995 0.4380 0.1665 0.1445 0.2040 0.3475 0.5110 0.3806 0.1471 0.1542 0.2330 0.4077 0.4993 0.2895 0.1396 0.1711 0.2770 0.4795 0.4589 0.1812 0.1425 0.1984 0.3315 0.4692 0.3315 0.1984 0.1425 0.1812 0.4589 0.4795 0.2770 0.1711 0.1396 0.2895 0.4993 0.4077 0.2330 0.1542 0.1471 0.3806 0.5110 0.3475 0.2040 0.1445 0.1665 0.4380 0.4995 0.3029 0.1838 0.1398 0.2158 0.4749 0.4633 0.2679 0.1686 0.1398 0.2900 0.4981 0.4147 0.2384 0.1568 0.1445 0.3591 0.5097 0.3667 0.2138 0.1479 0.1558 0.4144 0.5082 0.3238 0.1934 0.1417 0.1946
0.1531 0.1967 0.3309 0.5097 0.4058 0.1531 0.1493 0.2178 0.3748 0.5085 0.3480 0.1433 0.1586 0.2431 0.4232 0.4949 0.2772 0.1395 0.1709 0.2733 0.4707 0.4698 0.2048 0.1402 0.1866 0.3090 0.5029 0.4313 0.1628 0.1455 0.2068 0.3531 0.5108 0.3743 0.1462 0.1550 0.2349 0.4106 0.4985 0.2873 0.1396 0.1711 0.2765 0.4785 0.4603 0.1836 0.1422 0.1979 0.3369 0.5086 0.4679 0.5087 0.3370 0.1978 0.1422 0.1837 0.4604 0.4784 0.2765 0.1711 0.1396 0.2873 0.4985 0.4106 0.2349 0.1550 0.1462 0.3743 0.5108 0.3531 0.2068 0.1455 0.1628 0.4313 0.5029 0.3090 0.1866 0.1402 0.2048 0.4698 0.4707 0.2733 0.1709 0.1395 0.2772 0.4949 0.4232 0.2431 0.1586 0.1433 0.3480 0.5085 0.3748 0.2178 0.1493 0.1531 0.4058 0.5097 0.3309 0.1967 0.1531
0.2046 0.3382 0.5106 0.3967 0.1508 0.1507 0.2219 0.3830 0.5070 0.3365 0.1423 0.1605 0.2479 0.4317 0.4915 0.2643 0.1393 0.1733 0.2790 0.4778 0.4643 0.1948 0.1408 0.1895 0.3155 0.5057 0.4240 0.1594 0.1465 0.2099 0.3593 0.5104 0.3667 0.1452 0.1561 0.2374 0.4147 0.4973 0.2830 0.1395 0.1715 0.2770 0.4785 0.4612 0.1841 0.1420 0.1967 0.3361 0.5104 0.4000 0.2042 0.3991 0.5104 0.3361 0.1969 0.1421 0.1835 0.4616 0.4788 0.2770 0.1715 0.1395 0.2830 0.4973 0.4147 0.2374 0.1561 0.1452 0.3667 0.5104 0.3593 0.2099 0.1465 0.1594 0.4240 0.5057 0.3155 0.1895 0.1408 0.1948 0.4643 0.4778 0.2790 0.1733 0.1393 0.2643 0.4915 0.4317 0.2479 0.1605 0.1423 0.3365 0.5070 0.3830 0.2219 0.1507 0.1508 0.3967 0.5106 0.3382 0.2046
0.3417 0.5111 0.3873 0.1488 0.1522 0.2261 0.3913 0.5051 0.3247 0.1414 0.1625 0.2529 0.4402 0.4876 0.2514 0.1392 0.1758 0.2848 0.4842 0.4584 0.1860 0.1415 0.1926 0.3222 0.5078 0.4161 0.1563 0.1477 0.2134 0.3662 0.5097 0.3582 0.1442 0.1574 0.2405 0.4200 0.4955 0.2767 0.1394 0.1723 0.2784 0.4795 0.4602 0.1844 0.1421 0.1966 0.3343 0.5106 0.3927 0.1499 0.1380 0.1501 0.3916 0.5104 0.3345 0.1966 0.1419 0.1853 0.4601 0.4795 0.2784 0.1723 0.1394 0.2767 0.4955 0.4200 0.2405 0.1574 0.1442 0.3582 0.5097 0.3662 0.2134 0.1477 0.1563 0.4161 0.5078 0.3222 0.1926 0.1415 0.1860 0.4584 0.4842 0.2848 0.1758 0.1392 0.2514 0.4876 0.4402 0.2529 0.1625 0.1414 0.3247 0.5051 0.3913 0.2261 0.1522 0.1488 0.3873 0.5111 0.3417
0.5094 0.3773 0.1470 0.1538 0.2305 0.3997 0.5028 0.3124 0.1407 0.1646 0.2581 0.4485 0.4835 0.2386 0.1393 0.1784 0.2907 0.4901 0.4522 0.1786 0.1423 0.1958 0.3291 0.5094 0.4077 0.1537 0.1490 0.2172 0.3737 0.5087 0.3485 0.1432 0.1588 0.2441 0.4260 0.4933 0.2689 0.1393 0.1735 0.2808 0.4817 0.4589 0.1835 0.1422 0.1980 0.3353 0.5107 0.3899 0.1489 0.1494 0.1841 0.1496 0.1490 0.3920 0.5105 0.3341 0.1968 0.1421 0.1823 0.4589 0.4817 0.2808 0.1735 0.1393 0.2689 0.4933 0.4260 0.2441 0.1588 0.1432 0.3485 0.5087 0.3737 0.2172 0.1490 0.1537 0.4077 0.5094 0.3291 0.1958 0.1423 0.1786 0.4522 0.4901 0.2907 0.1784 0.1393 0.2386 0.4835 0.4485 0.2581 0.1646 0.1407 0.3124 0.5028 0.3997 0.2305 0.1538 0.1470 0.3773 0.5094
0.3725 0.1455 0.1555 0.2349 0.4081 0.5003 0.3000 0.1401 0.1668 0.2634 0.4566 0.4790 0.2262 0.1395 0.1811 0.2968 0.4951 0.4456 0.1724 0.1432 0.1991 0.3361 0.5104 0.3991 0.1513 0.1504 0.2210 0.3815 0.5072 0.3381 0.1423 0.1604 0.2481 0.4327 0.4906 0.2599 0.1393 0.1750 0.2840 0.4847 0.4564 0.1812 0.1422 0.1972 0.3358 0.5106 0.3919 0.1485 0.1524 0.2229 0.3145 0.2233 0.1525 0.1488 0.3900 0.5107 0.3353 0.1973 0.1423 0.1812 0.4564 0.4847 0.2840 0.1750 0.1393 0.2599 0.4906 0.4327 0.2481 0.1604 0.1423 0.3381 0.5072 0.3815 0.2210 0.1504 0.1513 0.3991 0.5104 0.3361 0.1991 0.1432 0.1724 0.4456 0.4951 0.2968 0.1811 0.1395 0.2262 0.4790 0.4566 0.2634 0.1668 0.1401 0.3000 0.5003 0.4081 0.2349 0.1555 0.1455 0.3725
0.1561 0.1571 0.2392 0.4162 0.4975 0.2880 0.1397 0.1689 0.2685 0.4641 0.4744 0.2149 0.1398 0.1838 0.3028 0.4992 0.4390 0.1675 0.1441 0.2023 0.3429 0.5108 0.3904 0.1494 0.1517 0.2249 0.3891 0.5055 0.3274 0.1415 0.1621 0.2523 0.4396 0.4876 0.2502 0.1392 0.1766 0.2875 0.4880 0.4532 0.1781 0.1425 0.1979 0.3373 0.5106 0.3912 0.1487 0.1529 0.2290 0.3923 0.5053 0.3940 0.2295 0.1531 0.1487 0.3912 0.5107 0.3364 0.1983 0.1425 0.1781 0.4532 0.4880 0.2875 0.1766 0.1392 0.2502 0.4876 0.4396 0.2523 0.1621 0.1415 0.3274 0.5055 0.3891 0.2249 0.1517 0.1494 0.3904 0.5108 0.3429 0.2023 0.1441 0.1675 0.4390 0.4992 0.3028 0.1838 0.1398 0.2149 0.4744 0.4641 0.2685 0.1689 0.1397 0.2880 0.4975 0.4162 0.2392 0.1571 0.1561
0.1662 0.2425 0.4224 0.4949 0.2783 0.1393 0.1704 0.2725 0.4695 0.4704 0.2065 0.1399 0.1857 0.3075 0.5017 0.4336 0.1641 0.1447 0.2046 0.3483 0.5106 0.3833 0.1478 0.1526 0.2278 0.3951 0.5037 0.3187 0.1408 0.1634 0.2556 0.4451 0.4847 0.2423 0.1391 0.1778 0.2904 0.4903 0.4506 0.1757 0.1426 0.1984 0.3370 0.5105 0.3915 0.1487 0.1525 0.2293 0.3996 0.5023 0.4179 0.5021 0.4005 0.2290 0.1525 0.1486 0.3907 0.5104 0.3369 0.1984 0.1426 0.1757 0.4506 0.4903 0.2904 0.1778 0.1391 0.2423 0.4847 0.4451 0.2556 0.1634 0.1408 0.3187 0.5037 0.3951 0.2278 0.1526 0.1478 0.3833 0.5106 0.3483 0.2046 0.1447 0.1641 0.4336 0.5017 0.3075 0.1857 0.1399 0.2065 0.4704 0.4695 0.2725 0.1704 0.1393 0.2783 0.4949 0.4224 0.2425 0.1662
0.2410 0.4199 0.4944 0.2835 0.1383 0.1681 0.2697 0.4671 0.4708 0.2106 0.1387 0.1831 0.3050 0.4999 0.4356 0.1650 0.1432 0.2018 0.3460 0.5093 0.3873 0.1476 0.1508 0.2248 0.3927 0.5029 0.3238 0.1401 0.1611 0.2526 0.4423 0.4848 0.2483 0.1380 0.1750 0.2868 0.4871 0.4534 0.1798 0.1409 0.1944 0.3315 0.5086 0.3996 0.1497 0.1498 0.2231 0.3929 0.5022 0.3320 0.1567 0.3320 0.5020 0.3929 0.2232 0.1498 0.1501 0.4017 0.5085 0.3315 0.1944 0.1409 0.1798 0.4534 0.4871 0.2868 0.1750 0.1380 0.2483 0.4848 0.4423 0.2526 0.1611 0.1401 0.3238 0.5029 0.3927 0.2248 0.1508 0.1476 0.3873 0.5093 0.3460 0.2018 0.1432 0.1650 0.4356 0.4999 0.3050 0.1831 0.1387 0.2106 0.4708 0.4671 0.2697 0.1681 0.1383 0.2835 0.4944 0.4199 0.2410
0.3405 0.5086 0.3903 0.1457 0.1486 0.2206 0.3894 0.5025 0.3299 0.1380 0.1584 0.2476 0.4391 0.4856 0.2577 0.1364 0.1711 0.2799 0.4830 0.4581 0.1889 0.1388 0.1875 0.3183 0.5057 0.4181 0.1543 0.1444 0.2078 0.3629 0.5072 0.3643 0.1412 0.1529 0.2331 0.4141 0.4951 0.2924 0.1365 0.1655 0.2668 0.4691 0.4679 0.2034 0.1380 0.1847 0.3143 0.5057 0.4185 0.1566 0.1338 0.1559 0.4170 0.5055 0.3144 0.1851 0.1381 0.2060 0.4681 0.4691 0.2668 0.1655 0.1365 0.2924 0.4951 0.4141 0.2331 0.1529 0.1412 0.3643 0.5072 0.3629 0.2078 0.1444 0.1543 0.4181 0.5057 0.3183 0.1875 0.1388 0.1889 0.4581 0.4830 0.2799 0.1711 0.1364 0.2577 0.4856 0.4391 0.2476 0.1584 0.1380 0.3299 0.5025 0.3894 0.2206 0.1486 0.1457 0.3903 0.5086 0.3405
0.2410 0.4199 0.4944 0.2835 0.1383 0.1681 0.2697 0.4671 0.4708 0.2106 0.1387 0.1831 0.3050 0.4999 0.4356 0.1650 0.1432 0.2018 0.3460 0.5093 0.3873 0.1476 0.1508 0.2248 0.3927 0.5029 0.3238 0.1401 0.1611 0.2526 0.4423 0.4848 0.2483 0.1380 0.1750 0.2868 0.4871 0.4534 0.1798 0.1409 0.1944 0.3315 0.5086 0.4001 0.1504 0.1494 0.2230 0.3929 0.5025 0.3304 0.1566 0.3308 0.5022 0.3938 0.2231 0.1497 0.1497 0.3980 0.5087 0.3315 0.1944 0.1409 0.1798 0.4534 0.4871 0.2868 0.1750 0.1380 0.2483 0.4848 0.4423 0.2526 0.1611 0.1401 0.3238 0.5029 0.3927 0.2248 0.1508 0.1476 0.3873 0.5093 0.3460 0.2018 0.1432 0.1650 0.4356 0.4999 0.3050 0.1831 0.1387 0.2106 0.4708 0.4671 0.2697 0.1681 0.1383 0.2835 0.4944 0.4199 0.2410
0.1662 0.2425 0.4224 0.4949 0.2783 0.1393 0.1704 0.2725 0.4695 0.4704 0.2065 0.1399 0.1857 0.3075 0.5017 0.4336 0.1641 0.1447 0.2046 0.3483 0.5106 0.3833 0.1478 0.1526 0.2278 0.3951 0.5037 0.3187 0.1408 0.1634 0.2556 0.4451 0.4847 0.2423 0.1391 0.1778 0.2904 0.4903 0.4506 0.1757 0.1426 0.1984 0.3368 0.5104 0.3921 0.1483 0.1525 0.2291 0.3999 0.5025 0.4176 0.5026 0.3986 0.2296 0.1526 0.1488 0.3916 0.5107 0.3360 0.1984 0.1426 0.1757 0.4506 0.4903 0.2904 0.1778 0.1391 0.2423 0.4847 0.4451 0.2556 0.1634 0.1408 0.3187 0.5037 0.3951 0.2278 0.1526 0.1478 0.3833 0.5106 0.3483 0.2046 0.1447 0.1641 0.4336 0.5017 0.3075 0.1857 0.1399 0.2065 0.4704 0.4695 0.2725 0.1704 0.1393 0.2783 0.4949 0.4224 0.2425 0.1662
0.1561 0.1571 0.2392 0.4162 0.4975 0.2880 0.1397 0.1689 0.2685 0.4641 0.4744 0.2149 0.1398 0.1838 0.3028 0.4992 0.4390 0.1675 0.1441 0.2023 0.3429 0.5108 0.3904 0.1494 0.1517 0.2249 0.3891 0.5055 0.3274 0.1415 0.1621 0.2523 0.4396 0.4876 0.2502 0.1392 0.1766 0.2875 0.4880 0.4532 0.1781 0.1425 0.1977 0.3349 0.5106 0.3901 0.1485 0.1530 0.2289 0.3923 0.5053 0.3919 0.2282 0.1527 0.1484 0.3912 0.5106 0.3362 0.1980 0.1425 0.1781 0.4532 0.4880 0.2875 0.1766 0.1392 0.2502 0.4876 0.4396 0.2523 0.1621 0.1415 0.3274 0.5055 0.3891 0.2249 0.1517 0.1494 0.3904 0.5108 0.3429 0.2023 0.1441 0.1675 0.4390 0.4992 0.3028 0.1838 0.1398 0.2149 0.4744 0.4641 0.2685 0.1689 0.1397 0.2880 0.4975 0.4162 0.2392 0.1571 0.1561
0.3725 0.1455 0.1555 0.2349 0.4081 0.5003 0.3000 0.1401 0.1668 0.2634 0.4566 0.4790 0.2262 0.1395 0.1811 0.2968 0.4951 0.4456 0.1724 0.1432 0.1991 0.3361 0.5104 0.3991 0.1513 0.1504 0.2210 0.3815 0.5072 0.3381 0.1423 0.1604 0.2481 0.4327 0.4906 0.2599 0.1393 0.1750 0.2840 0.4847 0.4564 0.1812 0.1422 0.1968 0.3342 0.5107 0.3910 0.1483 0.1524 0.2233 0.3140 0.2231 0.1522 0.1487 0.3912 0.5105 0.3345 0.1970 0.1423 0.1811 0.4564 0.4847 0.2840 0.1750 0.1393 0.2599 0.4906 0.4327 0.2481 0.1604 0.1423 0.3381 0.5072 0.3815 0.2210 0.1504 0.1513 0.3991 0.5104 0.3361 0.1991 0.1432 0.1724 0.4456 0.4951 0.2968 0.1811 0.1395 0.2262 0.4790 0.4566 0.2634 0.1668 0.1401 0.3000 0.5003 0.4081 0.2349 0.1555 0.1455 0.3725
0.5094 0.3773 0.1470 0.1538 0.2305 0.3997 0.5028 0.3124 0.1407 0.1646 0.2581 0.4485 0.4835 0.2386 0.1393 0.1784 0.2907 0.4901 0.4522 0.1786 0.1423 0.1958 0.3291 0.5094 0.4077 0.1537 0.1490 0.2172 0.3737 0.5087 0.3485 0.1432 0.1588 0.2441 0.4260 0.4933 0.2689 0.1393 0.1735 0.2808 0.4817 0.4588 0.1835 0.1422 0.1964 0.3341 0.5106 0.3902 0.1488 0.1496 0.1844 0.1494 0.1487 0.3910 0.5106 0.3337 0.1958 0.1421 0.1826 0.4588 0.4817 0.2808 0.1735 0.1393 0.2689 0.4933 0.4260 0.2441 0.1588 0.1432 0.3485 0.5087 0.3737 0.2172 0.1490 0.1537 0.4077 0.5094 0.3291 0.1958 0.1423 0.1786 0.4522 0.4901 0.2907 0.1784 0.1393 0.2386 0.4835 0.4485 0.2581 0.1646 0.1407 0.3124 0.5028 0.3997 0.2305 0.1538 0.1470 0.3773 0.5094
