0.2966 1.0000 1.0000 0.0005 0.0066 0.0802 0.9719 1.0000 0.0001 0.0016 0.0195 0.2361 1.0000 1.0000 0.0004 0.0047 0.0571 0.6928 1.0000 0.0001 0.0011 0.0139 0.1677 1.0000 1.0000 0.0003 0.0034 0.0407 0.4929 1.0000 0.0001 0.0008 0.0099 0.1193 1.0000 1.0000 0.0002 0.0024 0.0288 0.3487 1.0000 1.0000 0.0006 0.0070 0.0842 1.0000 1.0000 0.0001 0.0016 0.0174 0.0872 0.0174 0.0016 0.0001 1.0000 1.0000 0.0842 0.0070 0.0006 1.0000 1.0000 0.3487 0.0288 0.0024 0.0002 1.0000 1.0000 0.1193 0.0099 0.0008 0.0001 1.0000 0.4929 0.0407 0.0034 0.0003 1.0000 1.0000 0.1677 0.0139 0.0011 0.0001 1.0000 0.6928 0.0571 0.0047 0.0004 1.0000 1.0000 0.2361 0.0195 0.0016 0.0001 1.0000 0.9719 0.0802 0.0066 0.0005 1.0000 1.0000 0.2966
1.0000 1.0000 0.0006 0.0067 0.0803 0.9700 1.0000 0.0001 0.0016 0.0194 0.2348 1.0000 1.0000 0.0004 0.0047 0.0568 0.6875 1.0000 0.0001 0.0011 0.0138 0.1667 1.0000 1.0000 0.0003 0.0033 0.0404 0.4892 1.0000 0.0001 0.0008 0.0098 0.1186 1.0000 1.0000 0.0002 0.0024 0.0287 0.3474 1.0000 1.0000 0.0006 0.0069 0.0837 1.0000 1.0000 0.0001 0.0017 0.0196 0.2114 1.0000 0.2114 0.0196 0.0017 0.0001 1.0000 1.0000 0.0837 0.0069 0.0006 1.0000 1.0000 0.3474 0.0287 0.0024 0.0002 1.0000 1.0000 0.1186 0.0098 0.0008 0.0001 1.0000 0.4892 0.0404 0.0033 0.0003 1.0000 1.0000 0.1667 0.0138 0.0011 0.0001 1.0000 0.6875 0.0568 0.0047 0.0004 1.0000 1.0000 0.2348 0.0194 0.0016 0.0001 1.0000 0.9700 0.0803 0.0067 0.0006 1.0000 1.0000
1.0000 0.0006 0.0064 0.0759 0.9041 1.0000 0.0001 0.0015 0.0177 0.2143 1.0000 1.0000 0.0004 0.0043 0.0518 0.6275 1.0000 0.0001 0.0010 0.0126 0.1519 1.0000 1.0000 0.0003 0.0030 0.0368 0.4465 1.0000 0.0001 0.0007 0.0089 0.1081 1.0000 1.0000 0.0002 0.0022 0.0262 0.3164 1.0000 1.0000 0.0005 0.0063 0.0764 0.9250 1.0000 0.0001 0.0015 0.0183 0.2167 1.0000 1.0000 1.0000 0.2167 0.0183 0.0015 0.0001 1.0000 0.9250 0.0764 0.0063 0.0005 1.0000 1.0000 0.3164 0.0262 0.0022 0.0002 1.0000 1.0000 0.1081 0.0089 0.0007 0.0001 1.0000 0.4465 0.0368 0.0030 0.0003 1.0000 1.0000 0.1519 0.0126 0.0010 0.0001 1.0000 0.6275 0.0518 0.0043 0.0004 1.0000 1.0000 0.2143 0.0177 0.0015 0.0001 1.0000 0.9041 0.0759 0.0064 0.0006 1.0000
0.0005 0.0067 0.0759 0.8804 1.0000 0.0001 0.0014 0.0164 0.1971 1.0000 1.0000 0.0003 0.0039 0.0473 0.5717 1.0000 0.0001 0.0009 0.0115 0.1386 1.0000 1.0000 0.0002 0.0028 0.0336 0.4068 1.0000 1.0000 0.0007 0.0082 0.0986 1.0000 1.0000 0.0002 0.0020 0.0239 0.2888 1.0000 1.0000 0.0005 0.0058 0.0698 0.8443 1.0000 0.0001 0.0014 0.0168 0.2024 1.0000 1.0000 0.0001 1.0000 1.0000 0.2024 0.0168 0.0014 0.0001 1.0000 0.8443 0.0698 0.0058 0.0005 1.0000 1.0000 0.2888 0.0239 0.0020 0.0002 1.0000 1.0000 0.0986 0.0082 0.0007 1.0000 1.0000 0.4068 0.0336 0.0028 0.0002 1.0000 1.0000 0.1386 0.0115 0.0009 0.0001 1.0000 0.5717 0.0473 0.0039 0.0003 1.0000 1.0000 0.1971 0.0164 0.0014 0.0001 1.0000 0.8804 0.0759 0.0067 0.0005
0.0066 0.0803 0.9041 1.0000 0.0001 0.0013 0.0155 0.1844 1.0000 1.0000 0.0003 0.0036 0.0433 0.5238 1.0000 0.0001 0.0009 0.0104 0.1265 1.0000 1.0000 0.0002 0.0025 0.0306 0.3713 1.0000 1.0000 0.0006 0.0074 0.0900 1.0000 1.0000 0.0001 0.0018 0.0218 0.2636 1.0000 1.0000 0.0004 0.0053 0.0637 0.7706 1.0000 0.0001 0.0013 0.0154 0.1858 1.0000 1.0000 0.0003 0.0013 0.0003 1.0000 1.0000 0.1858 0.0154 0.0013 0.0001 1.0000 0.7706 0.0637 0.0053 0.0004 1.0000 1.0000 0.2636 0.0218 0.0018 0.0001 1.0000 1.0000 0.0900 0.0074 0.0006 1.0000 1.0000 0.3713 0.0306 0.0025 0.0002 1.0000 1.0000 0.1265 0.0104 0.0009 0.0001 1.0000 0.5238 0.0433 0.0036 0.0003 1.0000 1.0000 0.1844 0.0155 0.0013 0.0001 1.0000 0.9041 0.0803 0.0066
0.0802 0.9700 1.0000 0.0001 0.0013 0.0152 0.1775 1.0000 1.0000 0.0003 0.0033 0.0400 0.4809 1.0000 0.0001 0.0008 0.0095 0.1155 1.0000 1.0000 0.0002 0.0023 0.0280 0.3382 1.0000 1.0000 0.0006 0.0068 0.0820 0.9943 1.0000 0.0001 0.0016 0.0199 0.2406 1.0000 1.0000 0.0004 0.0048 0.0581 0.7034 1.0000 0.0001 0.0012 0.0140 0.1699 1.0000 1.0000 0.0003 0.0029 0.0141 0.0029 0.0003 1.0000 1.0000 0.1699 0.0140 0.0012 0.0001 1.0000 0.7034 0.0581 0.0048 0.0004 1.0000 1.0000 0.2406 0.0199 0.0016 0.0001 1.0000 0.9943 0.0820 0.0068 0.0006 1.0000 1.0000 0.3382 0.0280 0.0023 0.0002 1.0000 1.0000 0.1155 0.0095 0.0008 0.0001 1.0000 0.4809 0.0400 0.0033 0.0003 1.0000 1.0000 0.1775 0.0152 0.0013 0.0001 1.0000 0.9700 0.0802
0.9719 1.0000 0.0001 0.0014 0.0155 0.1775 1.0000 1.0000 0.0003 0.0031 0.0373 0.4465 1.0000 0.0001 0.0007 0.0087 0.1056 1.0000 1.0000 0.0002 0.0021 0.0255 0.3087 1.0000 1.0000 0.0005 0.0062 0.0749 0.9058 1.0000 0.0001 0.0015 0.0181 0.2196 1.0000 1.0000 0.0004 0.0044 0.0531 0.6420 1.0000 0.0001 0.0011 0.0128 0.1551 1.0000 1.0000 0.0003 0.0030 0.0325 0.1563 0.0325 0.0030 0.0003 1.0000 1.0000 0.1551 0.0128 0.0011 0.0001 1.0000 0.6420 0.0531 0.0044 0.0004 1.0000 1.0000 0.2196 0.0181 0.0015 0.0001 1.0000 0.9058 0.0749 0.0062 0.0005 1.0000 1.0000 0.3087 0.0255 0.0021 0.0002 1.0000 1.0000 0.1056 0.0087 0.0007 0.0001 1.0000 0.4465 0.0373 0.0031 0.0003 1.0000 1.0000 0.1775 0.0155 0.0014 0.0001 1.0000 0.9719
1.0000 0.0001 0.0015 0.0164 0.1844 1.0000 1.0000 0.0003 0.0030 0.0356 0.4217 1.0000 1.0000 0.0007 0.0081 0.0971 1.0000 1.0000 0.0002 0.0019 0.0233 0.2818 1.0000 1.0000 0.0005 0.0056 0.0682 0.8268 1.0000 0.0001 0.0014 0.0165 0.2001 1.0000 1.0000 0.0003 0.0040 0.0484 0.5860 1.0000 0.0001 0.0010 0.0117 0.1416 1.0000 1.0000 0.0002 0.0028 0.0332 0.3588 1.0000 0.3588 0.0332 0.0028 0.0002 1.0000 1.0000 0.1416 0.0117 0.0010 0.0001 1.0000 0.5860 0.0484 0.0040 0.0003 1.0000 1.0000 0.2001 0.0165 0.0014 0.0001 1.0000 0.8268 0.0682 0.0056 0.0005 1.0000 1.0000 0.2818 0.0233 0.0019 0.0002 1.0000 1.0000 0.0971 0.0081 0.0007 1.0000 1.0000 0.4217 0.0356 0.0030 0.0003 1.0000 1.0000 0.1844 0.0164 0.0015 0.0001 1.0000
0.0001 0.0016 0.0177 0.1971 1.0000 1.0000 0.0003 0.0030 0.0350 0.4091 1.0000 1.0000 0.0006 0.0075 0.0902 1.0000 1.0000 0.0001 0.0018 0.0213 0.2577 1.0000 1.0000 0.0004 0.0051 0.0622 0.7532 1.0000 0.0001 0.0012 0.0151 0.1826 1.0000 1.0000 0.0003 0.0036 0.0442 0.5349 1.0000 0.0001 0.0009 0.0107 0.1292 1.0000 1.0000 0.0002 0.0026 0.0310 0.3664 1.0000 1.0000 1.0000 0.3664 0.0310 0.0026 0.0002 1.0000 1.0000 0.1292 0.0107 0.0009 0.0001 1.0000 0.5349 0.0442 0.0036 0.0003 1.0000 1.0000 0.1826 0.0151 0.0012 0.0001 1.0000 0.7532 0.0622 0.0051 0.0004 1.0000 1.0000 0.2577 0.0213 0.0018 0.0001 1.0000 1.0000 0.0902 0.0075 0.0006 1.0000 1.0000 0.4091 0.0350 0.0030 0.0003 1.0000 1.0000 0.1971 0.0177 0.0016 0.0001
0.0016 0.0194 0.2143 1.0000 1.0000 0.0003 0.0031 0.0356 0.4091 1.0000 1.0000 0.0006 0.0071 0.0849 1.0000 1.0000 0.0001 0.0016 0.0196 0.2361 1.0000 1.0000 0.0004 0.0047 0.0568 0.6875 1.0000 0.0001 0.0011 0.0138 0.1667 1.0000 1.0000 0.0003 0.0033 0.0403 0.4882 1.0000 0.0001 0.0008 0.0097 0.1179 1.0000 1.0000 0.0002 0.0023 0.0284 0.3421 1.0000 1.0000 0.0002 1.0000 1.0000 0.3421 0.0284 0.0023 0.0002 1.0000 1.0000 0.1179 0.0097 0.0008 0.0001 1.0000 0.4882 0.0403 0.0033 0.0003 1.0000 1.0000 0.1667 0.0138 0.0011 0.0001 1.0000 0.6875 0.0568 0.0047 0.0004 1.0000 1.0000 0.2361 0.0196 0.0016 0.0001 1.0000 1.0000 0.0849 0.0071 0.0006 1.0000 1.0000 0.4091 0.0356 0.0031 0.0003 1.0000 1.0000 0.2143 0.0194 0.0016
0.0195 0.2348 1.0000 1.0000 0.0003 0.0033 0.0373 0.4217 1.0000 1.0000 0.0006 0.0069 0.0815 0.9627 1.0000 0.0001 0.0015 0.0182 0.2180 1.0000 1.0000 0.0004 0.0043 0.0520 0.6287 1.0000 0.0001 0.0010 0.0126 0.1519 1.0000 1.0000 0.0003 0.0030 0.0368 0.4448 1.0000 0.0001 0.0007 0.0089 0.1076 1.0000 1.0000 0.0002 0.0021 0.0260 0.3141 1.0000 1.0000 0.0004 0.0022 0.0004 1.0000 1.0000 0.3141 0.0260 0.0021 0.0002 1.0000 1.0000 0.1076 0.0089 0.0007 0.0001 1.0000 0.4448 0.0368 0.0030 0.0003 1.0000 1.0000 0.1519 0.0126 0.0010 0.0001 1.0000 0.6287 0.0520 0.0043 0.0004 1.0000 1.0000 0.2180 0.0182 0.0015 0.0001 1.0000 0.9627 0.0815 0.0069 0.0006 1.0000 1.0000 0.4217 0.0373 0.0033 0.0003 1.0000 1.0000 0.2348 0.0195
0.2361 1.0000 1.0000 0.0003 0.0036 0.0400 0.4465 1.0000 1.0000 0.0006 0.0069 0.0805 0.9374 1.0000 0.0001 0.0014 0.0170 0.2036 1.0000 1.0000 0.0003 0.0039 0.0476 0.5750 1.0000 0.0001 0.0009 0.0115 0.1386 1.0000 1.0000 0.0002 0.0028 0.0335 0.4060 1.0000 1.0000 0.0007 0.0081 0.0983 1.0000 1.0000 0.0002 0.0020 0.0237 0.2867 1.0000 1.0000 0.0005 0.0050 0.0239 0.0050 0.0005 1.0000 1.0000 0.2867 0.0237 0.0020 0.0002 1.0000 1.0000 0.0983 0.0081 0.0007 1.0000 1.0000 0.4060 0.0335 0.0028 0.0002 1.0000 1.0000 0.1386 0.0115 0.0009 0.0001 1.0000 0.5750 0.0476 0.0039 0.0003 1.0000 1.0000 0.2036 0.0170 0.0014 0.0001 1.0000 0.9374 0.0805 0.0069 0.0006 1.0000 1.0000 0.4465 0.0400 0.0036 0.0003 1.0000 1.0000 0.2361
1.0000 1.0000 0.0004 0.0039 0.0433 0.4809 1.0000 1.0000 0.0006 0.0071 0.0815 0.9374 1.0000 0.0001 0.0014 0.0163 0.1926 1.0000 1.0000 0.0003 0.0037 0.0440 0.5288 1.0000 0.0001 0.0009 0.0105 0.1268 1.0000 1.0000 0.0002 0.0025 0.0306 0.3706 1.0000 1.0000 0.0006 0.0074 0.0897 1.0000 1.0000 0.0001 0.0018 0.0216 0.2616 1.0000 1.0000 0.0004 0.0051 0.0548 0.2641 0.0548 0.0051 0.0004 1.0000 1.0000 0.2616 0.0216 0.0018 0.0001 1.0000 1.0000 0.0897 0.0074 0.0006 1.0000 1.0000 0.3706 0.0306 0.0025 0.0002 1.0000 1.0000 0.1268 0.0105 0.0009 0.0001 1.0000 0.5288 0.0440 0.0037 0.0003 1.0000 1.0000 0.1926 0.0163 0.0014 0.0001 1.0000 0.9374 0.0815 0.0071 0.0006 1.0000 1.0000 0.4809 0.0433 0.0039 0.0004 1.0000 1.0000
1.0000 0.0004 0.0043 0.0473 0.5238 1.0000 0.0001 0.0007 0.0075 0.0849 0.9627 1.0000 0.0001 0.0014 0.0159 0.1858 1.0000 1.0000 0.0003 0.0034 0.0409 0.4910 1.0000 0.0001 0.0008 0.0096 0.1159 1.0000 1.0000 0.0002 0.0023 0.0280 0.3382 1.0000 1.0000 0.0006 0.0068 0.0817 0.9905 1.0000 0.0001 0.0016 0.0197 0.2388 1.0000 1.0000 0.0004 0.0047 0.0561 0.6053 1.0000 0.6053 0.0561 0.0047 0.0004 1.0000 1.0000 0.2388 0.0197 0.0016 0.0001 1.0000 0.9905 0.0817 0.0068 0.0006 1.0000 1.0000 0.3382 0.0280 0.0023 0.0002 1.0000 1.0000 0.1159 0.0096 0.0008 0.0001 1.0000 0.4910 0.0409 0.0034 0.0003 1.0000 1.0000 0.1858 0.0159 0.0014 0.0001 1.0000 0.9627 0.0849 0.0075 0.0007 0.0001 1.0000 0.5238 0.0473 0.0043 0.0004 1.0000
0.0004 0.0047 0.0518 0.5717 1.0000 0.0001 0.0007 0.0081 0.0902 1.0000 1.0000 0.0001 0.0014 0.0159 0.1837 1.0000 1.0000 0.0003 0.0032 0.0385 0.4594 1.0000 0.0001 0.0007 0.0088 0.1066 1.0000 1.0000 0.0002 0.0021 0.0256 0.3093 1.0000 1.0000 0.0005 0.0062 0.0746 0.9024 1.0000 0.0001 0.0015 0.0180 0.2180 1.0000 1.0000 0.0004 0.0044 0.0524 0.6192 1.0000 1.0000 1.0000 0.6192 0.0524 0.0044 0.0004 1.0000 1.0000 0.2180 0.0180 0.0015 0.0001 1.0000 0.9024 0.0746 0.0062 0.0005 1.0000 1.0000 0.3093 0.0256 0.0021 0.0002 1.0000 1.0000 0.1066 0.0088 0.0007 0.0001 1.0000 0.4594 0.0385 0.0032 0.0003 1.0000 1.0000 0.1837 0.0159 0.0014 0.0001 1.0000 1.0000 0.0902 0.0081 0.0007 0.0001 1.0000 0.5717 0.0518 0.0047 0.0004
0.0047 0.0568 0.6275 1.0000 0.0001 0.0008 0.0087 0.0971 1.0000 1.0000 0.0001 0.0014 0.0163 0.1858 1.0000 1.0000 0.0003 0.0031 0.0370 0.4372 1.0000 1.0000 0.0007 0.0082 0.0986 1.0000 1.0000 0.0002 0.0019 0.0234 0.2829 1.0000 1.0000 0.0005 0.0056 0.0682 0.8252 1.0000 0.0001 0.0014 0.0165 0.1993 1.0000 1.0000 0.0003 0.0040 0.0481 0.5783 1.0000 0.0001 0.0003 0.0001 1.0000 0.5783 0.0481 0.0040 0.0003 1.0000 1.0000 0.1993 0.0165 0.0014 0.0001 1.0000 0.8252 0.0682 0.0056 0.0005 1.0000 1.0000 0.2829 0.0234 0.0019 0.0002 1.0000 1.0000 0.0986 0.0082 0.0007 1.0000 1.0000 0.4372 0.0370 0.0031 0.0003 1.0000 1.0000 0.1858 0.0163 0.0014 0.0001 1.0000 1.0000 0.0971 0.0087 0.0008 0.0001 1.0000 0.6275 0.0568 0.0047
0.0571 0.6875 1.0000 0.0001 0.0009 0.0095 0.1056 1.0000 1.0000 0.0001 0.0015 0.0170 0.1926 1.0000 1.0000 0.0003 0.0031 0.0362 0.4233 1.0000 1.0000 0.0006 0.0077 0.0921 1.0000 1.0000 0.0001 0.0018 0.0215 0.2592 1.0000 1.0000 0.0004 0.0052 0.0624 0.7547 1.0000 0.0001 0.0012 0.0150 0.1820 1.0000 1.0000 0.0003 0.0036 0.0440 0.5308 1.0000 0.0001 0.0008 0.0037 0.0008 0.0001 1.0000 0.5308 0.0440 0.0036 0.0003 1.0000 1.0000 0.1820 0.0150 0.0012 0.0001 1.0000 0.7547 0.0624 0.0052 0.0004 1.0000 1.0000 0.2592 0.0215 0.0018 0.0001 1.0000 1.0000 0.0921 0.0077 0.0006 1.0000 1.0000 0.4233 0.0362 0.0031 0.0003 1.0000 1.0000 0.1926 0.0170 0.0015 0.0001 1.0000 1.0000 0.1056 0.0095 0.0009 0.0001 1.0000 0.6875 0.0571
0.6928 1.0000 0.0001 0.0009 0.0104 0.1155 1.0000 1.0000 0.0001 0.0016 0.0182 0.2036 1.0000 1.0000 0.0003 0.0031 0.0362 0.4185 1.0000 1.0000 0.0006 0.0074 0.0872 1.0000 1.0000 0.0001 0.0016 0.0198 0.2384 1.0000 1.0000 0.0004 0.0047 0.0570 0.6888 1.0000 0.0001 0.0011 0.0138 0.1664 1.0000 1.0000 0.0003 0.0033 0.0402 0.4864 1.0000 0.0001 0.0008 0.0084 0.0404 0.0084 0.0008 0.0001 1.0000 0.4864 0.0402 0.0033 0.0003 1.0000 1.0000 0.1664 0.0138 0.0011 0.0001 1.0000 0.6888 0.0570 0.0047 0.0004 1.0000 1.0000 0.2384 0.0198 0.0016 0.0001 1.0000 1.0000 0.0872 0.0074 0.0006 1.0000 1.0000 0.4185 0.0362 0.0031 0.0003 1.0000 1.0000 0.2036 0.0182 0.0016 0.0001 1.0000 1.0000 0.1155 0.0104 0.0009 0.0001 1.0000 0.6928
1.0000 0.0001 0.0010 0.0115 0.1265 1.0000 1.0000 0.0002 0.0018 0.0196 0.2180 1.0000 1.0000 0.0003 0.0032 0.0370 0.4233 1.0000 1.0000 0.0006 0.0071 0.0839 0.9887 1.0000 0.0001 0.0015 0.0185 0.2213 1.0000 1.0000 0.0004 0.0043 0.0523 0.6299 1.0000 0.0001 0.0010 0.0126 0.1522 1.0000 1.0000 0.0003 0.0030 0.0367 0.4439 1.0000 0.0001 0.0007 0.0086 0.0928 0.4473 0.0928 0.0086 0.0007 0.0001 1.0000 0.4439 0.0367 0.0030 0.0003 1.0000 1.0000 0.1522 0.0126 0.0010 0.0001 1.0000 0.6299 0.0523 0.0043 0.0004 1.0000 1.0000 0.2213 0.0185 0.0015 0.0001 1.0000 0.9887 0.0839 0.0071 0.0006 1.0000 1.0000 0.4233 0.0370 0.0032 0.0003 1.0000 1.0000 0.2180 0.0196 0.0018 0.0002 1.0000 1.0000 0.1265 0.0115 0.0010 0.0001 1.0000
0.0001 0.0011 0.0126 0.1386 1.0000 1.0000 0.0002 0.0019 0.0213 0.2361 1.0000 1.0000 0.0003 0.0034 0.0385 0.4372 1.0000 1.0000 0.0006 0.0071 0.0822 0.9608 1.0000 0.0001 0.0015 0.0174 0.2075 1.0000 1.0000 0.0003 0.0040 0.0481 0.5794 1.0000 0.0001 0.0010 0.0115 0.1389 1.0000 1.0000 0.0002 0.0028 0.0335 0.4060 1.0000 1.0000 0.0007 0.0080 0.0949 1.0000 1.0000 1.0000 0.0949 0.0080 0.0007 1.0000 1.0000 0.4060 0.0335 0.0028 0.0002 1.0000 1.0000 0.1389 0.0115 0.0010 0.0001 1.0000 0.5794 0.0481 0.0040 0.0003 1.0000 1.0000 0.2075 0.0174 0.0015 0.0001 1.0000 0.9608 0.0822 0.0071 0.0006 1.0000 1.0000 0.4372 0.0385 0.0034 0.0003 1.0000 1.0000 0.2361 0.0213 0.0019 0.0002 1.0000 1.0000 0.1386 0.0126 0.0011 0.0001
0.0011 0.0138 0.1519 1.0000 1.0000 0.0002 0.0021 0.0233 0.2577 1.0000 1.0000 0.0003 0.0037 0.0409 0.4594 1.0000 1.0000 0.0006 0.0071 0.0822 0.9499 1.0000 0.0001 0.0014 0.0166 0.1967 1.0000 1.0000 0.0003 0.0037 0.0445 0.5349 1.0000 0.0001 0.0009 0.0105 0.1270 1.0000 1.0000 0.0002 0.0025 0.0307 0.3713 1.0000 1.0000 0.0006 0.0074 0.0888 1.0000 1.0000 1.0000 1.0000 1.0000 0.0888 0.0074 0.0006 1.0000 1.0000 0.3713 0.0307 0.0025 0.0002 1.0000 1.0000 0.1270 0.0105 0.0009 0.0001 1.0000 0.5349 0.0445 0.0037 0.0003 1.0000 1.0000 0.1967 0.0166 0.0014 0.0001 1.0000 0.9499 0.0822 0.0071 0.0006 1.0000 1.0000 0.4594 0.0409 0.0037 0.0003 1.0000 1.0000 0.2577 0.0233 0.0021 0.0002 1.0000 1.0000 0.1519 0.0138 0.0011
0.0139 0.1667 1.0000 1.0000 0.0002 0.0023 0.0255 0.2818 1.0000 1.0000 0.0004 0.0039 0.0440 0.4910 1.0000 1.0000 0.0006 0.0074 0.0839 0.9608 1.0000 0.0001 0.0014 0.0162 0.1897 1.0000 1.0000 0.0003 0.0035 0.0415 0.4967 1.0000 0.0001 0.0008 0.0097 0.1166 1.0000 1.0000 0.0002 0.0023 0.0280 0.3389 1.0000 1.0000 0.0006 0.0068 0.0817 0.9830 1.0000 0.0001 0.0006 0.0001 1.0000 0.9830 0.0817 0.0068 0.0006 1.0000 1.0000 0.3389 0.0280 0.0023 0.0002 1.0000 1.0000 0.1166 0.0097 0.0008 0.0001 1.0000 0.4967 0.0415 0.0035 0.0003 1.0000 1.0000 0.1897 0.0162 0.0014 0.0001 1.0000 0.9608 0.0839 0.0074 0.0006 1.0000 1.0000 0.4910 0.0440 0.0039 0.0004 1.0000 1.0000 0.2818 0.0255 0.0023 0.0002 1.0000 1.0000 0.1667 0.0139
0.1677 1.0000 1.0000 0.0002 0.0025 0.0280 0.3087 1.0000 1.0000 0.0004 0.0043 0.0476 0.5288 1.0000 0.0001 0.0007 0.0077 0.0872 0.9887 1.0000 0.0001 0.0014 0.0160 0.1862 1.0000 1.0000 0.0003 0.0033 0.0392 0.4664 1.0000 0.0001 0.0007 0.0089 0.1074 1.0000 1.0000 0.0002 0.0021 0.0256 0.3099 1.0000 1.0000 0.0005 0.0062 0.0747 0.9024 1.0000 0.0001 0.0013 0.0062 0.0013 0.0001 1.0000 0.9024 0.0747 0.0062 0.0005 1.0000 1.0000 0.3099 0.0256 0.0021 0.0002 1.0000 1.0000 0.1074 0.0089 0.0007 0.0001 1.0000 0.4664 0.0392 0.0033 0.0003 1.0000 1.0000 0.1862 0.0160 0.0014 0.0001 1.0000 0.9887 0.0872 0.0077 0.0007 0.0001 1.0000 0.5288 0.0476 0.0043 0.0004 1.0000 1.0000 0.3087 0.0280 0.0025 0.0002 1.0000 1.0000 0.1677
1.0000 1.0000 0.0003 0.0028 0.0306 0.3382 1.0000 1.0000 0.0004 0.0047 0.0520 0.5750 1.0000 0.0001 0.0007 0.0082 0.0921 1.0000 1.0000 0.0001 0.0014 0.0162 0.1862 1.0000 1.0000 0.0003 0.0032 0.0376 0.4439 1.0000 0.0001 0.0007 0.0083 0.0998 1.0000 1.0000 0.0002 0.0019 0.0235 0.2839 1.0000 1.0000 0.0005 0.0056 0.0683 0.8268 1.0000 0.0001 0.0013 0.0143 0.0688 0.0143 0.0013 0.0001 1.0000 0.8268 0.0683 0.0056 0.0005 1.0000 1.0000 0.2839 0.0235 0.0019 0.0002 1.0000 1.0000 0.0998 0.0083 0.0007 0.0001 1.0000 0.4439 0.0376 0.0032 0.0003 1.0000 1.0000 0.1862 0.0162 0.0014 0.0001 1.0000 1.0000 0.0921 0.0082 0.0007 0.0001 1.0000 0.5750 0.0520 0.0047 0.0004 1.0000 1.0000 0.3382 0.0306 0.0028 0.0003 1.0000 1.0000
1.0000 0.0003 0.0030 0.0336 0.3713 1.0000 1.0000 0.0005 0.0051 0.0568 0.6287 1.0000 0.0001 0.0008 0.0088 0.0986 1.0000 1.0000 0.0001 0.0015 0.0166 0.1897 1.0000 1.0000 0.0003 0.0031 0.0365 0.4290 1.0000 1.0000 0.0007 0.0078 0.0933 1.0000 1.0000 0.0001 0.0018 0.0216 0.2606 1.0000 1.0000 0.0004 0.0052 0.0625 0.7561 1.0000 0.0001 0.0012 0.0146 0.1581 0.7604 0.1581 0.0146 0.0012 0.0001 1.0000 0.7561 0.0625 0.0052 0.0004 1.0000 1.0000 0.2606 0.0216 0.0018 0.0001 1.0000 1.0000 0.0933 0.0078 0.0007 1.0000 1.0000 0.4290 0.0365 0.0031 0.0003 1.0000 1.0000 0.1897 0.0166 0.0015 0.0001 1.0000 1.0000 0.0986 0.0088 0.0008 0.0001 1.0000 0.6287 0.0568 0.0051 0.0005 1.0000 1.0000 0.3713 0.0336 0.0030 0.0003 1.0000
0.0003 0.0033 0.0368 0.4068 1.0000 1.0000 0.0005 0.0056 0.0622 0.6875 1.0000 0.0001 0.0009 0.0096 0.1066 1.0000 1.0000 0.0001 0.0015 0.0174 0.1967 1.0000 1.0000 0.0003 0.0031 0.0363 0.4209 1.0000 1.0000 0.0006 0.0075 0.0883 1.0000 1.0000 0.0001 0.0017 0.0200 0.2406 1.0000 1.0000 0.0004 0.0047 0.0571 0.6915 1.0000 0.0001 0.0011 0.0137 0.1617 1.0000 1.0000 1.0000 0.1617 0.0137 0.0011 0.0001 1.0000 0.6915 0.0571 0.0047 0.0004 1.0000 1.0000 0.2406 0.0200 0.0017 0.0001 1.0000 1.0000 0.0883 0.0075 0.0006 1.0000 1.0000 0.4209 0.0363 0.0031 0.0003 1.0000 1.0000 0.1967 0.0174 0.0015 0.0001 1.0000 1.0000 0.1066 0.0096 0.0009 0.0001 1.0000 0.6875 0.0622 0.0056 0.0005 1.0000 1.0000 0.4068 0.0368 0.0033 0.0003
0.0034 0.0404 0.4465 1.0000 1.0000 0.0006 0.0062 0.0682 0.7532 1.0000 0.0001 0.0009 0.0105 0.1159 1.0000 1.0000 0.0001 0.0016 0.0185 0.2075 1.0000 1.0000 0.0003 0.0032 0.0365 0.4209 1.0000 1.0000 0.0006 0.0072 0.0847 1.0000 1.0000 0.0001 0.0016 0.0187 0.2239 1.0000 1.0000 0.0004 0.0044 0.0525 0.6335 1.0000 0.0001 0.0010 0.0126 0.1513 1.0000 1.0000 0.0001 1.0000 1.0000 0.1513 0.0126 0.0010 0.0001 1.0000 0.6335 0.0525 0.0044 0.0004 1.0000 1.0000 0.2239 0.0187 0.0016 0.0001 1.0000 1.0000 0.0847 0.0072 0.0006 1.0000 1.0000 0.4209 0.0365 0.0032 0.0003 1.0000 1.0000 0.2075 0.0185 0.0016 0.0001 1.0000 1.0000 0.1159 0.0105 0.0009 0.0001 1.0000 0.7532 0.0682 0.0062 0.0006 1.0000 1.0000 0.4465 0.0404 0.0034
0.0407 0.4892 1.0000 1.0000 0.0006 0.0068 0.0749 0.8268 1.0000 0.0001 0.0010 0.0115 0.1268 1.0000 1.0000 0.0002 0.0018 0.0198 0.2213 1.0000 1.0000 0.0003 0.0033 0.0376 0.4290 1.0000 1.0000 0.0006 0.0071 0.0826 0.9682 1.0000 0.0001 0.0015 0.0176 0.2094 1.0000 1.0000 0.0003 0.0040 0.0483 0.5827 1.0000 0.0001 0.0010 0.0115 0.1392 1.0000 1.0000 0.0002 0.0010 0.0002 1.0000 1.0000 0.1392 0.0115 0.0010 0.0001 1.0000 0.5827 0.0483 0.0040 0.0003 1.0000 1.0000 0.2094 0.0176 0.0015 0.0001 1.0000 0.9682 0.0826 0.0071 0.0006 1.0000 1.0000 0.4290 0.0376 0.0033 0.0003 1.0000 1.0000 0.2213 0.0198 0.0018 0.0002 1.0000 1.0000 0.1268 0.0115 0.0010 0.0001 1.0000 0.8268 0.0749 0.0068 0.0006 1.0000 1.0000 0.4892 0.0407
0.4929 1.0000 0.0001 0.0007 0.0074 0.0820 0.9058 1.0000 0.0001 0.0011 0.0126 0.1386 1.0000 1.0000 0.0002 0.0019 0.0215 0.2384 1.0000 1.0000 0.0003 0.0035 0.0392 0.4439 1.0000 1.0000 0.0006 0.0071 0.0819 0.9518 1.0000 0.0001 0.0014 0.0168 0.1986 1.0000 1.0000 0.0003 0.0037 0.0448 0.5380 1.0000 0.0001 0.0009 0.0106 0.1275 1.0000 1.0000 0.0002 0.0022 0.0106 0.0022 0.0002 1.0000 1.0000 0.1275 0.0106 0.0009 0.0001 1.0000 0.5380 0.0448 0.0037 0.0003 1.0000 1.0000 0.1986 0.0168 0.0014 0.0001 1.0000 0.9518 0.0819 0.0071 0.0006 1.0000 1.0000 0.4439 0.0392 0.0035 0.0003 1.0000 1.0000 0.2384 0.0215 0.0019 0.0002 1.0000 1.0000 0.1386 0.0126 0.0011 0.0001 1.0000 0.9058 0.0820 0.0074 0.0007 0.0001 1.0000 0.4929
1.0000 0.0001 0.0007 0.0082 0.0900 0.9943 1.0000 0.0001 0.0012 0.0138 0.1519 1.0000 1.0000 0.0002 0.0021 0.0234 0.2592 1.0000 1.0000 0.0003 0.0037 0.0415 0.4664 1.0000 1.0000 0.0006 0.0072 0.0826 0.9518 1.0000 0.0001 0.0014 0.0163 0.1912 1.0000 1.0000 0.0003 0.0035 0.0419 0.5014 1.0000 0.0001 0.0008 0.0097 0.1173 1.0000 1.0000 0.0002 0.0023 0.0243 0.1173 0.0243 0.0023 0.0002 1.0000 1.0000 0.1173 0.0097 0.0008 0.0001 1.0000 0.5014 0.0419 0.0035 0.0003 1.0000 1.0000 0.1912 0.0163 0.0014 0.0001 1.0000 0.9518 0.0826 0.0072 0.0006 1.0000 1.0000 0.4664 0.0415 0.0037 0.0003 1.0000 1.0000 0.2592 0.0234 0.0021 0.0002 1.0000 1.0000 0.1519 0.0138 0.0012 0.0001 1.0000 0.9943 0.0900 0.0082 0.0007 0.0001 1.0000
0.0001 0.0008 0.0089 0.0986 1.0000 1.0000 0.0001 0.0014 0.0151 0.1667 1.0000 1.0000 0.0002 0.0023 0.0256 0.2829 1.0000 1.0000 0.0004 0.0040 0.0445 0.4967 1.0000 0.0001 0.0007 0.0075 0.0847 0.9682 1.0000 0.0001 0.0014 0.0160 0.1865 1.0000 1.0000 0.0003 0.0033 0.0395 0.4709 1.0000 0.0001 0.0007 0.0090 0.1083 1.0000 1.0000 0.0002 0.0021 0.0249 0.2697 1.0000 0.2697 0.0249 0.0021 0.0002 1.0000 1.0000 0.1083 0.0090 0.0007 0.0001 1.0000 0.4709 0.0395 0.0033 0.0003 1.0000 1.0000 0.1865 0.0160 0.0014 0.0001 1.0000 0.9682 0.0847 0.0075 0.0007 0.0001 1.0000 0.4967 0.0445 0.0040 0.0004 1.0000 1.0000 0.2829 0.0256 0.0023 0.0002 1.0000 1.0000 0.1667 0.0151 0.0014 0.0001 1.0000 1.0000 0.0986 0.0089 0.0008 0.0001
0.0008 0.0098 0.1081 1.0000 1.0000 0.0001 0.0015 0.0165 0.1826 1.0000 1.0000 0.0002 0.0025 0.0280 0.3093 1.0000 1.0000 0.0004 0.0043 0.0481 0.5349 1.0000 0.0001 0.0007 0.0078 0.0883 1.0000 1.0000 0.0001 0.0014 0.0160 0.1851 1.0000 1.0000 0.0003 0.0032 0.0377 0.4465 1.0000 0.0001 0.0007 0.0084 0.1005 1.0000 1.0000 0.0002 0.0020 0.0234 0.2765 1.0000 1.0000 1.0000 0.2765 0.0234 0.0020 0.0002 1.0000 1.0000 0.1005 0.0084 0.0007 0.0001 1.0000 0.4465 0.0377 0.0032 0.0003 1.0000 1.0000 0.1851 0.0160 0.0014 0.0001 1.0000 1.0000 0.0883 0.0078 0.0007 0.0001 1.0000 0.5349 0.0481 0.0043 0.0004 1.0000 1.0000 0.3093 0.0280 0.0025 0.0002 1.0000 1.0000 0.1826 0.0165 0.0015 0.0001 1.0000 1.0000 0.1081 0.0098 0.0008
0.0099 0.1186 1.0000 1.0000 0.0001 0.0016 0.0181 0.2001 1.0000 1.0000 0.0003 0.0028 0.0306 0.3382 1.0000 1.0000 0.0004 0.0047 0.0523 0.5794 1.0000 0.0001 0.0007 0.0083 0.0933 1.0000 1.0000 0.0001 0.0014 0.0163 0.1865 1.0000 1.0000 0.0003 0.0031 0.0366 0.4298 1.0000 1.0000 0.0007 0.0079 0.0940 1.0000 1.0000 0.0002 0.0018 0.0217 0.2602 1.0000 1.0000 0.0001 1.0000 1.0000 0.2602 0.0217 0.0018 0.0002 1.0000 1.0000 0.0940 0.0079 0.0007 1.0000 1.0000 0.4298 0.0366 0.0031 0.0003 1.0000 1.0000 0.1865 0.0163 0.0014 0.0001 1.0000 1.0000 0.0933 0.0083 0.0007 0.0001 1.0000 0.5794 0.0523 0.0047 0.0004 1.0000 1.0000 0.3382 0.0306 0.0028 0.0003 1.0000 1.0000 0.2001 0.0181 0.0016 0.0001 1.0000 1.0000 0.1186 0.0099
0.1193 1.0000 1.0000 0.0002 0.0018 0.0199 0.2196 1.0000 1.0000 0.0003 0.0030 0.0335 0.3706 1.0000 1.0000 0.0005 0.0052 0.0570 0.6299 1.0000 0.0001 0.0008 0.0089 0.0998 1.0000 1.0000 0.0001 0.0015 0.0168 0.1912 1.0000 1.0000 0.0003 0.0031 0.0361 0.4201 1.0000 1.0000 0.0006 0.0075 0.0888 1.0000 1.0000 0.0001 0.0017 0.0201 0.2416 1.0000 1.0000 0.0003 0.0016 0.0003 1.0000 1.0000 0.2416 0.0201 0.0017 0.0001 1.0000 1.0000 0.0888 0.0075 0.0006 1.0000 1.0000 0.4201 0.0361 0.0031 0.0003 1.0000 1.0000 0.1912 0.0168 0.0015 0.0001 1.0000 1.0000 0.0998 0.0089 0.0008 0.0001 1.0000 0.6299 0.0570 0.0052 0.0005 1.0000 1.0000 0.3706 0.0335 0.0030 0.0003 1.0000 1.0000 0.2196 0.0199 0.0018 0.0002 1.0000 1.0000 0.1193
1.0000 1.0000 0.0002 0.0020 0.0218 0.2406 1.0000 1.0000 0.0003 0.0033 0.0368 0.4060 1.0000 1.0000 0.0005 0.0056 0.0624 0.6888 1.0000 0.0001 0.0009 0.0097 0.1074 1.0000 1.0000 0.0001 0.0016 0.0176 0.1986 1.0000 1.0000 0.0003 0.0031 0.0361 0.4169 1.0000 1.0000 0.0006 0.0072 0.0849 1.0000 1.0000 0.0001 0.0016 0.0188 0.2247 1.0000 1.0000 0.0004 0.0038 0.0183 0.0038 0.0004 1.0000 1.0000 0.2247 0.0188 0.0016 0.0001 1.0000 1.0000 0.0849 0.0072 0.0006 1.0000 1.0000 0.4169 0.0361 0.0031 0.0003 1.0000 1.0000 0.1986 0.0176 0.0016 0.0001 1.0000 1.0000 0.1074 0.0097 0.0009 0.0001 1.0000 0.6888 0.0624 0.0056 0.0005 1.0000 1.0000 0.4060 0.0368 0.0033 0.0003 1.0000 1.0000 0.2406 0.0218 0.0020 0.0002 1.0000 1.0000
1.0000 0.0002 0.0022 0.0239 0.2636 1.0000 1.0000 0.0003 0.0036 0.0403 0.4448 1.0000 1.0000 0.0006 0.0062 0.0682 0.7547 1.0000 0.0001 0.0010 0.0105 0.1166 1.0000 1.0000 0.0001 0.0017 0.0187 0.2094 1.0000 1.0000 0.0003 0.0032 0.0366 0.4201 1.0000 1.0000 0.0006 0.0070 0.0823 0.9663 1.0000 0.0001 0.0015 0.0177 0.2106 1.0000 1.0000 0.0003 0.0039 0.0422 0.2032 0.0422 0.0039 0.0003 1.0000 1.0000 0.2106 0.0177 0.0015 0.0001 1.0000 0.9663 0.0823 0.0070 0.0006 1.0000 1.0000 0.4201 0.0366 0.0032 0.0003 1.0000 1.0000 0.2094 0.0187 0.0017 0.0001 1.0000 1.0000 0.1166 0.0105 0.0010 0.0001 1.0000 0.7547 0.0682 0.0062 0.0006 1.0000 1.0000 0.4448 0.0403 0.0036 0.0003 1.0000 1.0000 0.2636 0.0239 0.0022 0.0002 1.0000
0.0002 0.0024 0.0262 0.2888 1.0000 1.0000 0.0004 0.0040 0.0442 0.4882 1.0000 1.0000 0.0006 0.0068 0.0746 0.8252 1.0000 0.0001 0.0010 0.0115 0.1270 1.0000 1.0000 0.0002 0.0018 0.0200 0.2239 1.0000 1.0000 0.0003 0.0033 0.0377 0.4298 1.0000 1.0000 0.0006 0.0070 0.0811 0.9445 1.0000 0.0001 0.0014 0.0168 0.1993 1.0000 1.0000 0.0003 0.0037 0.0438 0.4709 1.0000 0.4709 0.0438 0.0037 0.0003 1.0000 1.0000 0.1993 0.0168 0.0014 0.0001 1.0000 0.9445 0.0811 0.0070 0.0006 1.0000 1.0000 0.4298 0.0377 0.0033 0.0003 1.0000 1.0000 0.2239 0.0200 0.0018 0.0002 1.0000 1.0000 0.1270 0.0115 0.0010 0.0001 1.0000 0.8252 0.0746 0.0068 0.0006 1.0000 1.0000 0.4882 0.0442 0.0040 0.0004 1.0000 1.0000 0.2888 0.0262 0.0024 0.0002
0.0024 0.0287 0.3164 1.0000 1.0000 0.0004 0.0044 0.0484 0.5349 1.0000 0.0001 0.0007 0.0074 0.0817 0.9024 1.0000 0.0001 0.0011 0.0126 0.1389 1.0000 1.0000 0.0002 0.0019 0.0216 0.2406 1.0000 1.0000 0.0003 0.0035 0.0395 0.4465 1.0000 1.0000 0.0006 0.0070 0.0811 0.9374 1.0000 0.0001 0.0014 0.0162 0.1908 1.0000 1.0000 0.0003 0.0035 0.0419 0.4901 1.0000 1.0000 1.0000 0.4901 0.0419 0.0035 0.0003 1.0000 1.0000 0.1908 0.0162 0.0014 0.0001 1.0000 0.9374 0.0811 0.0070 0.0006 1.0000 1.0000 0.4465 0.0395 0.0035 0.0003 1.0000 1.0000 0.2406 0.0216 0.0019 0.0002 1.0000 1.0000 0.1389 0.0126 0.0011 0.0001 1.0000 0.9024 0.0817 0.0074 0.0007 0.0001 1.0000 0.5349 0.0484 0.0044 0.0004 1.0000 1.0000 0.3164 0.0287 0.0024
0.0288 0.3474 1.0000 1.0000 0.0004 0.0048 0.0531 0.5860 1.0000 0.0001 0.0007 0.0081 0.0897 0.9905 1.0000 0.0001 0.0012 0.0138 0.1522 1.0000 1.0000 0.0002 0.0021 0.0235 0.2606 1.0000 1.0000 0.0003 0.0037 0.0419 0.4709 1.0000 1.0000 0.0006 0.0072 0.0823 0.9445 1.0000 0.0001 0.0014 0.0158 0.1851 1.0000 1.0000 0.0003 0.0033 0.0397 0.4700 1.0000 1.0000 0.0003 1.0000 1.0000 0.4700 0.0397 0.0033 0.0003 1.0000 1.0000 0.1851 0.0158 0.0014 0.0001 1.0000 0.9445 0.0823 0.0072 0.0006 1.0000 1.0000 0.4709 0.0419 0.0037 0.0003 1.0000 1.0000 0.2606 0.0235 0.0021 0.0002 1.0000 1.0000 0.1522 0.0138 0.0012 0.0001 1.0000 0.9905 0.0897 0.0081 0.0007 0.0001 1.0000 0.5860 0.0531 0.0048 0.0004 1.0000 1.0000 0.3474 0.0288
0.3487 1.0000 1.0000 0.0005 0.0053 0.0581 0.6420 1.0000 0.0001 0.0008 0.0089 0.0983 1.0000 1.0000 0.0001 0.0014 0.0150 0.1664 1.0000 1.0000 0.0002 0.0023 0.0256 0.2839 1.0000 1.0000 0.0004 0.0040 0.0448 0.5014 1.0000 0.0001 0.0007 0.0075 0.0849 0.9663 1.0000 0.0001 0.0014 0.0157 0.1823 1.0000 1.0000 0.0003 0.0032 0.0377 0.4473 1.0000 1.0000 0.0006 0.0029 0.0006 1.0000 1.0000 0.4473 0.0377 0.0032 0.0003 1.0000 1.0000 0.1823 0.0157 0.0014 0.0001 1.0000 0.9663 0.0849 0.0075 0.0007 0.0001 1.0000 0.5014 0.0448 0.0040 0.0004 1.0000 1.0000 0.2839 0.0256 0.0023 0.0002 1.0000 1.0000 0.1664 0.0150 0.0014 0.0001 1.0000 1.0000 0.0983 0.0089 0.0008 0.0001 1.0000 0.6420 0.0581 0.0053 0.0005 1.0000 1.0000 0.3487
1.0000 1.0000 0.0005 0.0058 0.0637 0.7034 1.0000 0.0001 0.0009 0.0097 0.1076 1.0000 1.0000 0.0001 0.0015 0.0165 0.1820 1.0000 1.0000 0.0002 0.0025 0.0280 0.3099 1.0000 1.0000 0.0004 0.0044 0.0483 0.5380 1.0000 0.0001 0.0007 0.0079 0.0888 1.0000 1.0000 0.0001 0.0014 0.0158 0.1823 1.0000 1.0000 0.0003 0.0031 0.0363 0.4282 1.0000 1.0000 0.0006 0.0069 0.0330 0.0069 0.0006 1.0000 1.0000 0.4282 0.0363 0.0031 0.0003 1.0000 1.0000 0.1823 0.0158 0.0014 0.0001 1.0000 1.0000 0.0888 0.0079 0.0007 0.0001 1.0000 0.5380 0.0483 0.0044 0.0004 1.0000 1.0000 0.3099 0.0280 0.0025 0.0002 1.0000 1.0000 0.1820 0.0165 0.0015 0.0001 1.0000 1.0000 0.1076 0.0097 0.0009 0.0001 1.0000 0.7034 0.0637 0.0058 0.0005 1.0000 1.0000
1.0000 0.0006 0.0063 0.0698 0.7706 1.0000 0.0001 0.0010 0.0107 0.1179 1.0000 1.0000 0.0001 0.0016 0.0180 0.1993 1.0000 1.0000 0.0003 0.0028 0.0307 0.3389 1.0000 1.0000 0.0004 0.0047 0.0525 0.5827 1.0000 0.0001 0.0007 0.0084 0.0940 1.0000 1.0000 0.0001 0.0014 0.0162 0.1851 1.0000 1.0000 0.0003 0.0030 0.0355 0.4153 1.0000 1.0000 0.0006 0.0073 0.0778 0.3713 0.0778 0.0073 0.0006 1.0000 1.0000 0.4153 0.0355 0.0030 0.0003 1.0000 1.0000 0.1851 0.0162 0.0014 0.0001 1.0000 1.0000 0.0940 0.0084 0.0007 0.0001 1.0000 0.5827 0.0525 0.0047 0.0004 1.0000 1.0000 0.3389 0.0307 0.0028 0.0003 1.0000 1.0000 0.1993 0.0180 0.0016 0.0001 1.0000 1.0000 0.1179 0.0107 0.0010 0.0001 1.0000 0.7706 0.0698 0.0063 0.0006 1.0000
0.0006 0.0069 0.0764 0.8443 1.0000 0.0001 0.0011 0.0117 0.1292 1.0000 1.0000 0.0002 0.0018 0.0197 0.2180 1.0000 1.0000 0.0003 0.0030 0.0335 0.3713 1.0000 1.0000 0.0005 0.0052 0.0571 0.6335 1.0000 0.0001 0.0008 0.0090 0.1005 1.0000 1.0000 0.0001 0.0015 0.0168 0.1908 1.0000 1.0000 0.0003 0.0030 0.0353 0.4099 1.0000 1.0000 0.0006 0.0071 0.0825 0.8770 1.0000 0.8787 0.0826 0.0071 0.0006 1.0000 1.0000 0.4091 0.0353 0.0030 0.0003 1.0000 1.0000 0.1908 0.0168 0.0015 0.0001 1.0000 1.0000 0.1005 0.0090 0.0008 0.0001 1.0000 0.6335 0.0571 0.0052 0.0005 1.0000 1.0000 0.3713 0.0335 0.0030 0.0003 1.0000 1.0000 0.2180 0.0197 0.0018 0.0002 1.0000 1.0000 0.1292 0.0117 0.0011 0.0001 1.0000 0.8443 0.0764 0.0069 0.0006
0.0070 0.0837 0.9250 1.0000 0.0001 0.0012 0.0128 0.1416 1.0000 1.0000 0.0002 0.0020 0.0216 0.2388 1.0000 1.0000 0.0003 0.0033 0.0367 0.4060 1.0000 1.0000 0.0005 0.0056 0.0625 0.6915 1.0000 0.0001 0.0009 0.0097 0.1083 1.0000 1.0000 0.0001 0.0016 0.0177 0.1993 1.0000 1.0000 0.0003 0.0031 0.0355 0.4099 1.0000 1.0000 0.0006 0.0069 0.0819 0.9392 1.0000 1.0000 1.0000 0.9445 0.0817 0.0070 0.0006 1.0000 1.0000 0.4114 0.0355 0.0031 0.0003 1.0000 1.0000 0.1993 0.0177 0.0016 0.0001 1.0000 1.0000 0.1083 0.0097 0.0009 0.0001 1.0000 0.6915 0.0625 0.0056 0.0005 1.0000 1.0000 0.4060 0.0367 0.0033 0.0003 1.0000 1.0000 0.2388 0.0216 0.0020 0.0002 1.0000 1.0000 0.1416 0.0128 0.0012 0.0001 1.0000 0.9250 0.0837 0.0070
0.0842 1.0000 1.0000 0.0001 0.0013 0.0140 0.1551 1.0000 1.0000 0.0002 0.0021 0.0237 0.2616 1.0000 1.0000 0.0003 0.0036 0.0402 0.4439 1.0000 1.0000 0.0006 0.0062 0.0683 0.7561 1.0000 0.0001 0.0010 0.0106 0.1173 1.0000 1.0000 0.0002 0.0017 0.0188 0.2106 1.0000 1.0000 0.0003 0.0032 0.0363 0.4153 1.0000 1.0000 0.0006 0.0069 0.0799 0.9374 1.0000 0.0001 0.0005 0.0001 1.0000 0.9267 0.0802 0.0069 0.0006 1.0000 1.0000 0.4153 0.0363 0.0032 0.0003 1.0000 1.0000 0.2106 0.0188 0.0017 0.0002 1.0000 1.0000 0.1173 0.0106 0.0010 0.0001 1.0000 0.7561 0.0683 0.0062 0.0006 1.0000 1.0000 0.4439 0.0402 0.0036 0.0003 1.0000 1.0000 0.2616 0.0237 0.0021 0.0002 1.0000 1.0000 0.1551 0.0140 0.0013 0.0001 1.0000 1.0000 0.0842
1.0000 1.0000 0.0001 0.0014 0.0154 0.1699 1.0000 1.0000 0.0002 0.0023 0.0260 0.2867 1.0000 1.0000 0.0004 0.0040 0.0440 0.4864 1.0000 1.0000 0.0006 0.0068 0.0747 0.8268 1.0000 0.0001 0.0010 0.0115 0.1275 1.0000 1.0000 0.0002 0.0018 0.0201 0.2247 1.0000 1.0000 0.0003 0.0033 0.0377 0.4282 1.0000 1.0000 0.0006 0.0071 0.0809 0.9267 1.0000 0.0001 0.0012 0.0056 0.0012 0.0001 1.0000 0.9250 0.0796 0.0069 0.0006 1.0000 1.0000 0.4282 0.0377 0.0033 0.0003 1.0000 1.0000 0.2247 0.0201 0.0018 0.0002 1.0000 1.0000 0.1275 0.0115 0.0010 0.0001 1.0000 0.8268 0.0747 0.0068 0.0006 1.0000 1.0000 0.4864 0.0440 0.0040 0.0004 1.0000 1.0000 0.2867 0.0260 0.0023 0.0002 1.0000 1.0000 0.1699 0.0154 0.0014 0.0001 1.0000 1.0000
1.0000 0.0001 0.0015 0.0168 0.1858 1.0000 1.0000 0.0002 0.0026 0.0284 0.3141 1.0000 1.0000 0.0004 0.0044 0.0481 0.5308 1.0000 0.0001 0.0007 0.0074 0.0817 0.9024 1.0000 0.0001 0.0011 0.0126 0.1392 1.0000 1.0000 0.0002 0.0020 0.0217 0.2416 1.0000 1.0000 0.0003 0.0035 0.0397 0.4473 1.0000 1.0000 0.0006 0.0070 0.0814 0.9392 1.0000 0.0001 0.0013 0.0137 0.0654 0.0139 0.0013 0.0001 1.0000 0.9356 0.0808 0.0070 0.0006 1.0000 1.0000 0.4473 0.0397 0.0035 0.0003 1.0000 1.0000 0.2416 0.0217 0.0020 0.0002 1.0000 1.0000 0.1392 0.0126 0.0011 0.0001 1.0000 0.9024 0.0817 0.0074 0.0007 0.0001 1.0000 0.5308 0.0481 0.0044 0.0004 1.0000 1.0000 0.3141 0.0284 0.0026 0.0002 1.0000 1.0000 0.1858 0.0168 0.0015 0.0001 1.0000
0.0001 0.0017 0.0183 0.2024 1.0000 1.0000 0.0003 0.0028 0.0310 0.3421 1.0000 1.0000 0.0004 0.0047 0.0524 0.5783 1.0000 0.0001 0.0007 0.0080 0.0888 0.9830 1.0000 0.0001 0.0012 0.0137 0.1513 1.0000 1.0000 0.0002 0.0021 0.0234 0.2602 1.0000 1.0000 0.0003 0.0037 0.0419 0.4700 1.0000 1.0000 0.0006 0.0071 0.0830 0.9427 1.0000 0.0001 0.0013 0.0150 0.1575 0.7419 0.1602 0.0152 0.0013 0.0001 1.0000 0.9338 0.0822 0.0072 0.0006 1.0000 1.0000 0.4700 0.0419 0.0037 0.0003 1.0000 1.0000 0.2602 0.0234 0.0021 0.0002 1.0000 1.0000 0.1513 0.0137 0.0012 0.0001 1.0000 0.9830 0.0888 0.0080 0.0007 0.0001 1.0000 0.5783 0.0524 0.0047 0.0004 1.0000 1.0000 0.3421 0.0310 0.0028 0.0003 1.0000 1.0000 0.2024 0.0183 0.0017 0.0001
0.0016 0.0196 0.2167 1.0000 1.0000 0.0003 0.0030 0.0332 0.3664 1.0000 1.0000 0.0005 0.0051 0.0561 0.6192 1.0000 0.0001 0.0008 0.0086 0.0949 1.0000 1.0000 0.0001 0.0013 0.0146 0.1617 1.0000 1.0000 0.0002 0.0023 0.0249 0.2765 1.0000 1.0000 0.0004 0.0039 0.0438 0.4901 1.0000 1.0000 0.0006 0.0073 0.0826 0.9463 1.0000 0.0001 0.0013 0.0151 0.1699 1.0000 1.0000 1.0000 0.1712 0.0150 0.0013 0.0001 1.0000 0.9427 0.0826 0.0073 0.0006 1.0000 1.0000 0.4901 0.0438 0.0039 0.0004 1.0000 1.0000 0.2765 0.0249 0.0023 0.0002 1.0000 1.0000 0.1617 0.0146 0.0013 0.0001 1.0000 1.0000 0.0949 0.0086 0.0008 0.0001 1.0000 0.6192 0.0561 0.0051 0.0005 1.0000 1.0000 0.3664 0.0332 0.0030 0.0003 1.0000 1.0000 0.2167 0.0196 0.0016
0.0174 0.2114 1.0000 1.0000 0.0003 0.0029 0.0325 0.3588 1.0000 1.0000 0.0004 0.0050 0.0548 0.6053 1.0000 0.0001 0.0008 0.0084 0.0928 1.0000 1.0000 0.0001 0.0013 0.0143 0.1581 1.0000 1.0000 0.0002 0.0022 0.0243 0.2697 1.0000 1.0000 0.0003 0.0038 0.0422 0.4709 1.0000 1.0000 0.0006 0.0069 0.0778 0.8787 1.0000 0.0001 0.0012 0.0138 0.1584 1.0000 1.0000 0.0001 1.0000 1.0000 0.1584 0.0138 0.0012 0.0001 1.0000 0.8704 0.0778 0.0069 0.0006 1.0000 1.0000 0.4709 0.0422 0.0038 0.0003 1.0000 1.0000 0.2697 0.0243 0.0022 0.0002 1.0000 1.0000 0.1581 0.0143 0.0013 0.0001 1.0000 1.0000 0.0928 0.0084 0.0008 0.0001 1.0000 0.6053 0.0548 0.0050 0.0004 1.0000 1.0000 0.3588 0.0325 0.0029 0.0003 1.0000 1.0000 0.2114 0.0174
0.0872 1.0000 1.0000 0.0001 0.0013 0.0141 0.1563 1.0000 1.0000 0.0002 0.0022 0.0239 0.2641 1.0000 1.0000 0.0003 0.0037 0.0404 0.4473 1.0000 1.0000 0.0006 0.0062 0.0688 0.7604 1.0000 0.0001 0.0010 0.0106 0.1173 1.0000 1.0000 0.0001 0.0016 0.0183 0.2032 1.0000 1.0000 0.0003 0.0029 0.0330 0.3713 1.0000 1.0000 0.0005 0.0057 0.0653 0.7590 1.0000 0.0001 0.0004 0.0001 1.0000 0.7504 0.0654 0.0058 0.0005 1.0000 1.0000 0.3713 0.0330 0.0029 0.0003 1.0000 1.0000 0.2032 0.0183 0.0016 0.0001 1.0000 1.0000 0.1173 0.0106 0.0010 0.0001 1.0000 0.7604 0.0688 0.0062 0.0006 1.0000 1.0000 0.4473 0.0404 0.0037 0.0003 1.0000 1.0000 0.2641 0.0239 0.0022 0.0002 1.0000 1.0000 0.1563 0.0141 0.0013 0.0001 1.0000 1.0000 0.0872
0.0174 0.2114 1.0000 1.0000 0.0003 0.0029 0.0325 0.3588 1.0000 1.0000 0.0004 0.0050 0.0548 0.6053 1.0000 0.0001 0.0008 0.0084 0.0928 1.0000 1.0000 0.0001 0.0013 0.0143 0.1581 1.0000 1.0000 0.0002 0.0022 0.0243 0.2697 1.0000 1.0000 0.0003 0.0038 0.0422 0.4709 1.0000 1.0000 0.0006 0.0069 0.0778 0.8770 1.0000 0.0001 0.0012 0.0138 0.1581 1.0000 1.0000 0.0001 1.0000 1.0000 0.1599 0.0138 0.0012 0.0001 1.0000 0.8787 0.0778 0.0069 0.0006 1.0000 1.0000 0.4709 0.0422 0.0038 0.0003 1.0000 1.0000 0.2697 0.0243 0.0022 0.0002 1.0000 1.0000 0.1581 0.0143 0.0013 0.0001 1.0000 1.0000 0.0928 0.0084 0.0008 0.0001 1.0000 0.6053 0.0548 0.0050 0.0004 1.0000 1.0000 0.3588 0.0325 0.0029 0.0003 1.0000 1.0000 0.2114 0.0174
0.0016 0.0196 0.2167 1.0000 1.0000 0.0003 0.0030 0.0332 0.3664 1.0000 1.0000 0.0005 0.0051 0.0561 0.6192 1.0000 0.0001 0.0008 0.0086 0.0949 1.0000 1.0000 0.0001 0.0013 0.0146 0.1617 1.0000 1.0000 0.0002 0.0023 0.0249 0.2765 1.0000 1.0000 0.0004 0.0039 0.0438 0.4901 1.0000 1.0000 0.0006 0.0073 0.0825 0.9338 1.0000 0.0001 0.0013 0.0150 0.1702 1.0000 1.0000 1.0000 0.1680 0.0152 0.0013 0.0001 1.0000 0.9445 0.0815 0.0073 0.0006 1.0000 1.0000 0.4901 0.0438 0.0039 0.0004 1.0000 1.0000 0.2765 0.0249 0.0023 0.0002 1.0000 1.0000 0.1617 0.0146 0.0013 0.0001 1.0000 1.0000 0.0949 0.0086 0.0008 0.0001 1.0000 0.6192 0.0561 0.0051 0.0005 1.0000 1.0000 0.3664 0.0332 0.0030 0.0003 1.0000 1.0000 0.2167 0.0196 0.0016
0.0001 0.0017 0.0183 0.2024 1.0000 1.0000 0.0003 0.0028 0.0310 0.3421 1.0000 1.0000 0.0004 0.0047 0.0524 0.5783 1.0000 0.0001 0.0007 0.0080 0.0888 0.9830 1.0000 0.0001 0.0012 0.0137 0.1513 1.0000 1.0000 0.0002 0.0021 0.0234 0.2602 1.0000 1.0000 0.0003 0.0037 0.0419 0.4700 1.0000 1.0000 0.0006 0.0071 0.0803 0.9232 1.0000 0.0001 0.0013 0.0150 0.1572 0.7433 0.1566 0.0148 0.0013 0.0001 1.0000 0.9410 0.0820 0.0072 0.0006 1.0000 1.0000 0.4700 0.0419 0.0037 0.0003 1.0000 1.0000 0.2602 0.0234 0.0021 0.0002 1.0000 1.0000 0.1513 0.0137 0.0012 0.0001 1.0000 0.9830 0.0888 0.0080 0.0007 0.0001 1.0000 0.5783 0.0524 0.0047 0.0004 1.0000 1.0000 0.3421 0.0310 0.0028 0.0003 1.0000 1.0000 0.2024 0.0183 0.0017 0.0001
1.0000 0.0001 0.0015 0.0168 0.1858 1.0000 1.0000 0.0002 0.0026 0.0284 0.3141 1.0000 1.0000 0.0004 0.0044 0.0481 0.5308 1.0000 0.0001 0.0007 0.0074 0.0817 0.9024 1.0000 0.0001 0.0011 0.0126 0.1392 1.0000 1.0000 0.0002 0.0020 0.0217 0.2416 1.0000 1.0000 0.0003 0.0035 0.0397 0.4473 1.0000 1.0000 0.0006 0.0069 0.0797 0.9285 1.0000 0.0001 0.0013 0.0138 0.0652 0.0138 0.0013 0.0001 1.0000 0.9180 0.0800 0.0070 0.0006 1.0000 1.0000 0.4473 0.0397 0.0035 0.0003 1.0000 1.0000 0.2416 0.0217 0.0020 0.0002 1.0000 1.0000 0.1392 0.0126 0.0011 0.0001 1.0000 0.9024 0.0817 0.0074 0.0007 0.0001 1.0000 0.5308 0.0481 0.0044 0.0004 1.0000 1.0000 0.3141 0.0284 0.0026 0.0002 1.0000 1.0000 0.1858 0.0168 0.0015 0.0001 1.0000
1.0000 1.0000 0.0001 0.0014 0.0154 0.1699 1.0000 1.0000 0.0002 0.0023 0.0260 0.2867 1.0000 1.0000 0.0004 0.0040 0.0440 0.4864 1.0000 1.0000 0.0006 0.0068 0.0747 0.8268 1.0000 0.0001 0.0010 0.0115 0.1275 1.0000 1.0000 0.0002 0.0018 0.0201 0.2247 1.0000 1.0000 0.0003 0.0033 0.0377 0.4282 1.0000 1.0000 0.0006 0.0069 0.0797 0.9356 1.0000 0.0001 0.0012 0.0057 0.0012 0.0001 1.0000 0.9356 0.0794 0.0067 0.0006 1.0000 1.0000 0.4282 0.0377 0.0033 0.0003 1.0000 1.0000 0.2247 0.0201 0.0018 0.0002 1.0000 1.0000 0.1275 0.0115 0.0010 0.0001 1.0000 0.8268 0.0747 0.0068 0.0006 1.0000 1.0000 0.4864 0.0440 0.0040 0.0004 1.0000 1.0000 0.2867 0.0260 0.0023 0.0002 1.0000 1.0000 0.1699 0.0154 0.0014 0.0001 1.0000 1.0000
