14.5835 20.1093 -26.0029 -36.4809 -41.6402 -2.3540 26.6391 -14.5471 -31.3115 -39.6153 -38.7163 12.0617 29.2919 -23.8235 -35.3400 -41.3933 -11.6603 23.3381 -9.1235 -29.9541 -38.7474 -41.0403 8.5078 31.6731 -21.4205 -34.1172 -41.0031 -23.4154 19.9853 0.9352 -28.5498 -37.7644 -41.7832 4.4086 30.1828 -18.6760 -32.8459 -40.4520 -32.6853 16.1325 17.0865 -26.4231 -36.6871 -41.6784 -1.1598 27.1759 -15.1982 -31.4987 -39.7660 -39.5009 -0.4154 -39.5009 -39.7660 -31.4987 -15.1982 27.1759 -1.1598 -41.6784 -36.6871 -26.4231 17.0865 16.1325 -32.6853 -40.4520 -32.8459 -18.6760 30.1828 4.4086 -41.7832 -37.7644 -28.5498 0.9352 19.9853 -23.4154 -41.0031 -34.1172 -21.4205 31.6731 8.5078 -41.0403 -38.7474 -29.9541 -9.1235 23.3381 -11.6603 -41.3933 -35.3400 -23.8235 29.2919 12.0617 -38.7163 -39.6153 -31.3115 -14.5471 26.6391 -2.3540 -41.6402 -36.4809 -26.0029 20.1093 14.5835
20.1093 -28.1427 -39.0573 -43.5839 -2.4176 26.2709 -14.0667 -33.9831 -41.9786 -40.2180 11.9423 31.3211 -25.0431 -37.8932 -43.4880 -12.2820 22.9897 -7.4490 -32.6694 -41.1704 -42.6925 8.4428 32.2487 -22.1295 -36.7034 -43.2045 -24.4880 19.5377 5.1005 -31.1744 -40.2347 -43.5549 4.3425 30.0470 -18.8874 -35.4669 -42.7387 -34.0024 15.8641 21.7239 -28.3200 -39.1981 -43.6083 -1.3328 26.7819 -14.8242 -34.1836 -42.1094 -39.9643 10.7811 25.5106 10.7811 -39.9643 -42.1094 -34.1836 -14.8242 26.7819 -1.3328 -43.6083 -39.1981 -28.3200 21.7239 15.8641 -34.0024 -42.7387 -35.4669 -18.8874 30.0470 4.3425 -43.5549 -40.2347 -31.1744 5.1005 19.5377 -24.4880 -43.2045 -36.7034 -22.1295 32.2487 8.4428 -42.6925 -41.1704 -32.6694 -7.4490 22.9897 -12.2820 -43.4880 -37.8932 -25.0431 31.3211 11.9423 -40.2180 -41.9786 -33.9831 -14.0667 26.2709 -2.4176 -43.5839 -39.0573 -28.1427 20.1093
-26.0029 -39.0573 -43.5616 -3.7034 25.5691 -12.8464 -33.6631 -41.7743 -41.0555 11.0309 32.0443 -24.2802 -37.5769 -43.4229 -15.5678 22.0859 -4.8447 -32.3072 -40.9241 -43.0419 7.4047 31.8523 -21.2966 -36.3698 -43.0919 -27.4593 18.4533 9.7964 -30.4315 -39.9592 -43.5956 3.0105 29.2067 -17.8982 -35.1224 -42.5787 -35.8595 14.9064 25.0690 -27.5501 -38.8992 -43.5898 -3.3767 25.8590 -13.4761 -33.8363 -41.8978 -40.6570 11.1735 32.5122 -12.7589 32.5122 11.1735 -40.6570 -41.8978 -33.8363 -13.4761 25.8590 -3.3767 -43.5898 -38.8992 -27.5501 25.0690 14.9064 -35.8595 -42.5787 -35.1224 -17.8982 29.2067 3.0105 -43.5956 -39.9592 -30.4315 9.7964 18.4533 -27.4593 -43.0919 -36.3698 -21.2966 31.8523 7.4047 -43.0419 -40.9241 -32.3072 -4.8447 22.0859 -15.5678 -43.4229 -37.5769 -24.2802 32.0443 11.0309 -41.0555 -41.7743 -33.6631 -12.8464 25.5691 -3.7034 -43.5616 -39.0573 -26.0029
-36.4809 -43.5839 -3.7034 25.3064 -12.0383 -33.4265 -41.6022 -41.6819 10.1910 32.3741 -23.5339 -37.2647 -43.3490 -18.8862 21.2407 -1.7107 -31.9466 -40.6737 -43.3011 6.3297 31.2851 -20.4395 -36.0367 -42.9685 -30.1360 17.4533 14.5608 -29.6377 -39.6810 -43.6054 1.5546 28.3131 -16.8456 -34.7789 -42.4082 -37.4469 13.9939 27.6941 -26.7884 -38.5987 -43.5697 -5.7043 24.9639 -11.9539 -33.4866 -41.6865 -41.4080 10.5405 32.3587 -22.6720 -33.2992 -22.6720 32.3587 10.5405 -41.4080 -41.6865 -33.4866 -11.9539 24.9639 -5.7043 -43.5697 -38.5987 -26.7884 27.6941 13.9939 -37.4469 -42.4082 -34.7789 -16.8456 28.3131 1.5546 -43.6054 -39.6810 -29.6377 14.5608 17.4533 -30.1360 -42.9685 -36.0367 -20.4395 31.2851 6.3297 -43.3011 -40.6737 -31.9466 -1.7107 21.2407 -18.8862 -43.3490 -37.2647 -23.5339 32.3741 10.1910 -41.6819 -41.6022 -33.4265 -12.0383 25.3064 -3.7034 -43.5839 -36.4809
-41.6402 -2.4176 25.5691 -12.0383 -33.3380 -41.4986 -42.0617 9.4977 32.4230 -22.8421 -36.9691 -43.2663 -22.0561 20.3007 2.0037 -31.5864 -40.4176 -43.4726 5.1822 30.5899 -19.5403 -35.7001 -42.8346 -32.5155 16.4901 18.9937 -28.8553 -39.3977 -43.6050 -0.0790 27.3993 -15.6995 -34.4324 -42.2286 -38.7944 13.0910 29.6530 -26.0272 -38.2945 -43.5391 -8.3609 24.0807 -10.1951 -33.1319 -41.4679 -42.0458 9.6667 32.4344 -22.9147 -36.7474 -42.4321 -36.7474 -22.9147 32.4344 9.6667 -42.0458 -41.4679 -33.1319 -10.1951 24.0807 -8.3609 -43.5391 -38.2945 -26.0272 29.6530 13.0910 -38.7944 -42.2286 -34.4324 -15.6995 27.3993 -0.0790 -43.6050 -39.3977 -28.8553 18.9937 16.4901 -32.5155 -42.8346 -35.7001 -19.5403 30.5899 5.1822 -43.4726 -40.4176 -31.5864 2.0037 20.3007 -22.0561 -43.2663 -36.9691 -22.8421 32.4230 9.4977 -42.0617 -41.4986 -33.3380 -12.0383 25.5691 -2.4176 -41.6402
-2.3540 26.2709 -12.8464 -33.4265 -41.4986 -42.1878 9.0953 32.3477 -22.2876 -36.7142 -43.1815 -24.8646 19.3172 6.1069 -31.0307 -40.1573 -43.5669 3.9571 29.8064 -18.5969 -35.3603 -42.6875 -34.5842 15.5514 22.8106 -28.0830 -39.1055 -43.5992 -1.9318 26.4880 -14.4425 -34.0835 -42.0371 -39.9181 12.1860 31.0179 -25.2646 -37.9831 -43.4977 -11.3356 23.2070 -8.1374 -32.7748 -41.2368 -42.5532 8.7149 32.3228 -22.3082 -36.7153 -43.9701 -44.0606 -43.9701 -36.7153 -22.3082 32.3228 8.7149 -42.5532 -41.2368 -32.7748 -8.1374 23.2070 -11.3356 -43.4977 -37.9831 -25.2646 31.0179 12.1860 -39.9181 -42.0371 -34.0835 -14.4425 26.4880 -1.9318 -43.5992 -39.1055 -28.0830 22.8106 15.5514 -34.5842 -42.6875 -35.3603 -18.5969 29.8064 3.9571 -43.5669 -40.1573 -31.0307 6.1069 19.3172 -24.8646 -43.1815 -36.7142 -22.2876 32.3477 9.0953 -42.1878 -41.4986 -33.4265 -12.8464 26.2709 -2.3540
26.6391 -14.0667 -33.6631 -41.6022 -42.0617 9.0953 32.3005 -21.9752 -36.5376 -43.1062 -27.0705 18.4810 10.1474 -30.3164 -39.9025 -43.6001 2.6577 28.9675 -17.6112 -35.0231 -42.5282 -36.3572 14.6312 25.9351 -27.3212 -38.8093 -43.5843 -4.0426 25.5860 -13.0390 -33.7337 -41.8345 -40.8475 11.2751 31.8837 -24.5005 -37.6686 -43.4409 -14.5514 22.3435 -5.6792 -32.4170 -40.9978 -42.9453 7.7164 31.9875 -21.5324 -36.4475 -43.2156 -30.5738 7.5470 -30.5738 -43.2156 -36.4475 -21.5324 31.9875 7.7164 -42.9453 -40.9978 -32.4170 -5.6792 22.3435 -14.5514 -43.4409 -37.6686 -24.5005 31.8837 11.2751 -40.8475 -41.8345 -33.7337 -13.0390 25.5860 -4.0426 -43.5843 -38.8093 -27.3212 25.9351 14.6312 -36.3572 -42.5282 -35.0231 -17.6112 28.9675 2.6577 -43.6001 -39.9025 -30.3164 10.1474 18.4810 -27.0705 -43.1062 -36.5376 -21.9752 32.3005 9.0953 -42.0617 -41.6022 -33.6631 -14.0667 26.6391
-14.5471 -33.9831 -41.7743 -41.6819 9.4977 32.3477 -21.9752 -36.4752 -43.0619 -28.4788 17.8600 13.5351 -29.6966 -39.6694 -43.6026 1.3033 28.1224 -16.5794 -34.6892 -42.3596 -37.8574 13.7306 28.3436 -26.5593 -38.5073 -43.5615 -6.4709 24.6974 -11.4463 -33.3800 -41.6229 -41.6045 10.3492 32.3272 -23.7236 -37.3494 -43.3737 -17.9174 21.4927 -2.7048 -32.0554 -40.7515 -43.2330 6.6596 31.4707 -20.6938 -36.1305 -43.0251 -30.2185 15.6958 30.3796 15.6958 -30.2185 -43.0251 -36.1305 -20.6938 31.4707 6.6596 -43.2330 -40.7515 -32.0554 -2.7048 21.4927 -17.9174 -43.3737 -37.3494 -23.7236 32.3272 10.3492 -41.6045 -41.6229 -33.3800 -11.4463 24.6974 -6.4709 -43.5615 -38.5073 -26.5593 28.3436 13.7306 -37.8574 -42.3596 -34.6892 -16.5794 28.1224 1.3033 -43.6026 -39.6694 -29.6966 13.5351 17.8600 -28.4788 -43.0619 -36.4752 -21.9752 32.3477 9.4977 -41.6819 -41.7743 -33.9831 -14.5471
-31.3115 -41.9786 -41.0555 10.1910 32.4230 -22.2876 -36.5376 -43.0619 -28.9641 17.5280 15.7543 -29.2310 -39.4750 -43.5990 -0.0339 27.3380 -15.5357 -34.3680 -42.1832 -39.0913 12.8516 30.0871 -25.8080 -38.2020 -43.5284 -9.2231 23.8158 -9.6127 -33.0249 -41.3979 -42.2082 9.4015 32.4261 -22.9350 -37.0262 -43.2928 -21.2684 20.5495 0.8772 -31.6922 -40.4939 -43.4288 5.5353 30.8102 -19.8149 -35.7996 -42.8790 -32.0253 16.3280 24.5582 -20.1483 24.5582 16.3280 -32.0253 -42.8790 -35.7996 -19.8149 30.8102 5.5353 -43.4288 -40.4939 -31.6922 0.8772 20.5495 -21.2684 -43.2928 -37.0262 -22.9350 32.4261 9.4015 -42.2082 -41.3979 -33.0249 -9.6127 23.8158 -9.2231 -43.5284 -38.2020 -25.8080 30.0871 12.8516 -39.0913 -42.1832 -34.3680 -15.5357 27.3380 -0.0339 -43.5990 -39.4750 -29.2310 15.7543 17.5280 -28.9641 -43.0619 -36.5376 -22.2876 32.4230 10.1910 -41.0555 -41.9786 -31.3115
-39.6153 -40.2180 11.0309 32.3741 -22.8421 -36.7142 -43.1062 -28.4788 17.5280 16.5175 -28.9819 -39.3430 -43.5933 -1.2205 26.6716 -14.5440 -34.0751 -42.0123 -40.0782 12.0054 31.2623 -25.0723 -37.8983 -43.4816 -12.2509 22.9491 -7.4451 -32.6671 -41.1657 -42.6832 8.4259 32.2477 -22.1275 -36.7008 -43.1985 -24.4823 19.4978 5.1121 -31.1722 -40.2304 -43.5465 4.3299 30.0446 -18.8848 -35.4635 -42.7331 -34.0397 15.7287 23.0265 -27.1561 -35.4291 -27.1561 23.0265 15.7287 -34.0397 -42.7331 -35.4635 -18.8848 30.0446 4.3299 -43.5465 -40.2304 -31.1722 5.1121 19.4978 -24.4823 -43.1985 -36.7008 -22.1275 32.2477 8.4259 -42.6832 -41.1657 -32.6671 -7.4451 22.9491 -12.2509 -43.4816 -37.8983 -25.0723 31.2623 12.0054 -40.0782 -42.0123 -34.0751 -14.5440 26.6716 -1.2205 -43.5933 -39.3430 -28.9819 16.5175 17.5280 -28.4788 -43.1062 -36.7142 -22.8421 32.3741 11.0309 -40.2180 -39.6153
-38.7163 11.9423 32.0443 -23.5339 -36.9691 -43.1815 -27.0705 17.8600 15.7543 -28.9819 -39.2976 -43.5887 -2.0591 26.1786 -13.6779 -33.8256 -41.8539 -40.8372 11.2111 31.9668 -24.3574 -37.5981 -43.4235 -15.4413 22.1063 -4.8825 -32.3097 -40.9261 -43.0421 7.4047 31.8523 -21.2966 -36.3698 -43.0919 -27.4594 18.4533 9.7963 -30.4316 -39.9592 -43.5958 3.0106 29.2067 -17.8982 -35.1223 -42.5778 -35.8704 14.8801 25.3362 -27.3158 -38.6897 -43.9664 -38.6897 -27.3158 25.3362 14.8801 -35.8704 -42.5778 -35.1223 -17.8982 29.2067 3.0106 -43.5958 -39.9592 -30.4316 9.7963 18.4533 -27.4594 -43.0919 -36.3698 -21.2966 31.8523 7.4047 -43.0421 -40.9261 -32.3097 -4.8825 22.1063 -15.4413 -43.4235 -37.5981 -24.3574 31.9668 11.2111 -40.8372 -41.8539 -33.8256 -13.6779 26.1786 -2.0591 -43.5887 -39.2976 -28.9819 15.7543 17.8600 -27.0705 -43.1815 -36.9691 -23.5339 32.0443 11.9423 -38.7163
12.0617 31.3211 -24.2802 -37.2647 -43.2663 -24.8646 18.4810 13.5351 -29.2310 -39.3430 -43.5887 -2.3680 25.9179 -13.0714 -33.6416 -41.7233 -41.3798 10.5109 32.3124 -23.6922 -37.3114 -43.3570 -18.6120 21.2929 -1.8592 -31.9574 -40.6778 -43.2989 6.3332 31.2855 -20.4395 -36.0367 -42.9685 -30.1360 17.4533 14.5608 -29.6377 -39.6810 -43.6054 1.5546 28.3131 -16.8456 -34.7789 -42.4081 -37.4503 13.9873 27.7517 -26.7298 -38.5431 -44.4914 -38.2242 -44.4914 -38.5431 -26.7298 27.7517 13.9873 -37.4503 -42.4081 -34.7789 -16.8456 28.3131 1.5546 -43.6054 -39.6810 -29.6377 14.5608 17.4533 -30.1360 -42.9685 -36.0367 -20.4395 31.2855 6.3332 -43.2989 -40.6778 -31.9574 -1.8592 21.2929 -18.6120 -43.3570 -37.3114 -23.6922 32.3124 10.5109 -41.3798 -41.7233 -33.6416 -13.0714 25.9179 -2.3680 -43.5887 -39.3430 -29.2310 13.5351 18.4810 -24.8646 -43.2663 -37.2647 -24.2802 31.3211 12.0617
29.2919 -25.0431 -37.5769 -43.3490 -22.0561 19.3172 10.1474 -29.6966 -39.4750 -43.5933 -2.0591 25.9179 -12.8548 -33.5435 -41.6348 -41.7283 9.9519 32.4236 -23.1088 -37.0538 -43.2847 -21.5404 20.4220 1.6292 -31.6103 -40.4280 -43.4684 5.2098 30.5995 -19.5482 -35.7020 -42.8346 -32.5155 16.4901 18.9937 -28.8553 -39.3977 -43.6050 -0.0790 27.3993 -15.6995 -34.4324 -42.2286 -38.7949 13.0890 29.6645 -26.0116 -38.2762 -43.6348 -12.9557 12.4560 -12.9557 -43.6348 -38.2762 -26.0116 29.6645 13.0890 -38.7949 -42.2286 -34.4324 -15.6995 27.3993 -0.0790 -43.6050 -39.3977 -28.8553 18.9937 16.4901 -32.5155 -42.8346 -35.7020 -19.5482 30.5995 5.2098 -43.4684 -40.4280 -31.6103 1.6292 20.4220 -21.5404 -43.2847 -37.0538 -23.1088 32.4236 9.9519 -41.7283 -41.6348 -33.5435 -12.8548 25.9179 -2.0591 -43.5933 -39.4750 -29.6966 10.1474 19.3172 -22.0561 -43.3490 -37.5769 -25.0431 29.2919
-23.8235 -37.8932 -43.4229 -18.8862 20.3007 6.1069 -30.3164 -39.6694 -43.5990 -1.2205 26.1786 -13.0714 -33.5435 -41.6014 -41.8974 9.5868 32.4181 -22.6476 -36.8407 -43.2156 -24.0453 19.5386 5.3571 -31.1116 -40.1825 -43.5625 4.0244 29.8348 -18.6245 -35.3665 -42.6891 -34.5798 15.5522 22.8106 -28.0830 -39.1055 -43.5992 -1.9318 26.4880 -14.4425 -34.0835 -42.0371 -39.9181 12.1856 31.0205 -25.2606 -37.9779 -43.5173 -12.4093 20.9000 31.3373 20.9000 -12.4093 -43.5173 -37.9779 -25.2606 31.0205 12.1856 -39.9181 -42.0371 -34.0835 -14.4425 26.4880 -1.9318 -43.5992 -39.1055 -28.0830 22.8106 15.5522 -34.5798 -42.6891 -35.3665 -18.6245 29.8348 4.0244 -43.5625 -40.1825 -31.1116 5.3571 19.5386 -24.0453 -43.2156 -36.8407 -22.6476 32.4181 9.5868 -41.8974 -41.6014 -33.5435 -13.0714 26.1786 -1.2205 -43.5990 -39.6694 -30.3164 6.1069 20.3007 -18.8862 -43.4229 -37.8932 -23.8235
-35.3400 -43.4880 -15.5678 21.2407 2.0037 -31.0307 -39.9025 -43.6026 -0.0339 26.6716 -13.6779 -33.6416 -41.6348 -41.8974 9.4632 32.3888 -22.3488 -36.6864 -43.1569 -26.0187 18.7936 8.9436 -30.4822 -39.9474 -43.5975 2.7920 29.0322 -17.6652 -35.0362 -42.5316 -36.3299 14.6424 25.9117 -27.3229 -38.8093 -43.5843 -4.0426 25.5860 -13.0390 -33.7337 -41.8345 -40.8475 11.2751 31.8840 -24.4988 -37.6664 -43.4479 -14.8585 22.0342 0.1184 -25.6855 0.1184 22.0342 -14.8585 -43.4479 -37.6664 -24.4988 31.8840 11.2751 -40.8475 -41.8345 -33.7337 -13.0390 25.5860 -4.0426 -43.5843 -38.8093 -27.3229 25.9117 14.6424 -36.3299 -42.5316 -35.0362 -17.6652 29.0322 2.7920 -43.5975 -39.9474 -30.4822 8.9436 18.7936 -26.0187 -43.1569 -36.6864 -22.3488 32.3888 9.4632 -41.8974 -41.6348 -33.6416 -13.6779 26.6716 -0.0339 -43.6026 -39.9025 -31.0307 2.0037 21.2407 -15.5678 -43.4880 -35.3400
-41.3933 -12.2820 22.0859 -1.7107 -31.5864 -40.1573 -43.6001 1.3033 27.3380 -14.5440 -33.8256 -41.7233 -41.7283 9.5868 32.3888 -22.2441 -36.6058 -43.1159 -27.3564 18.2317 11.9435 -29.9309 -39.7377 -43.6021 1.5506 28.2444 -16.6937 -34.7160 -42.3689 -37.7957 13.7593 28.2892 -26.5736 -38.5105 -43.5602 -6.4687 24.6974 -11.4463 -33.3800 -41.6229 -41.6045 10.3492 32.3272 -23.7233 -37.3476 -43.3752 -18.0080 21.4117 -1.4947 -31.3933 -37.5156 -31.3933 -1.4947 21.4117 -18.0080 -43.3752 -37.3476 -23.7233 32.3272 10.3492 -41.6045 -41.6229 -33.3800 -11.4463 24.6974 -6.4687 -43.5602 -38.5105 -26.5736 28.2892 13.7593 -37.7957 -42.3689 -34.7160 -16.6937 28.2444 1.5506 -43.6021 -39.7377 -29.9309 11.9435 18.2317 -27.3564 -43.1159 -36.6058 -22.2441 32.3888 9.5868 -41.7283 -41.7233 -33.8256 -14.5440 27.3380 1.3033 -43.6001 -40.1573 -31.5864 -1.7107 22.0859 -12.2820 -41.3933
-11.6603 22.9897 -4.8447 -31.9466 -40.4176 -43.5669 2.6577 28.1224 -15.5357 -34.0751 -41.8539 -41.3798 9.9519 32.4181 -22.3488 -36.6058 -43.1018 -28.0237 17.8882 14.0541 -29.5069 -39.5662 -43.6003 0.3637 27.5171 -15.7384 -34.4149 -42.2051 -39.0007 12.9022 30.0156 -25.8366 -38.2098 -43.5266 -9.1907 23.8231 -9.6176 -33.0249 -41.3979 -42.2082 9.4015 32.4261 -22.9350 -37.0259 -43.2914 -21.2988 20.5205 1.2540 -31.5588 -40.5008 -45.1123 -40.5008 -31.5588 1.2540 20.5205 -21.2988 -43.2914 -37.0259 -22.9350 32.4261 9.4015 -42.2082 -41.3979 -33.0249 -9.6176 23.8231 -9.1907 -43.5266 -38.2098 -25.8366 30.0156 12.9022 -39.0007 -42.2051 -34.4149 -15.7384 27.5171 0.3637 -43.6003 -39.5662 -29.5069 14.0541 17.8882 -28.0237 -43.1018 -36.6058 -22.3488 32.4181 9.9519 -41.3798 -41.8539 -34.0751 -15.5357 28.1224 2.6577 -43.5669 -40.4176 -31.9466 -4.8447 22.9897 -11.6603
23.3381 -7.4490 -32.3072 -40.6737 -43.4726 3.9571 28.9675 -16.5794 -34.3680 -42.0123 -40.8372 10.5109 32.4236 -22.6476 -36.6864 -43.1159 -28.0237 17.7742 15.1241 -29.2420 -39.4416 -43.5964 -0.6819 26.9040 -14.8339 -34.1419 -42.0453 -39.9557 12.0910 31.1840 -25.1161 -37.9130 -43.4822 -12.1584 22.9693 -7.4771 -32.6708 -41.1652 -42.6828 8.4259 32.2477 -22.1275 -36.7008 -43.1982 -24.4970 19.4840 5.2376 -31.1291 -40.2105 -44.2662 -24.3133 -44.2662 -40.2105 -31.1291 5.2376 19.4840 -24.4970 -43.1982 -36.7008 -22.1275 32.2477 8.4259 -42.6828 -41.1652 -32.6708 -7.4771 22.9693 -12.1584 -43.4822 -37.9130 -25.1161 31.1840 12.0910 -39.9557 -42.0453 -34.1419 -14.8339 26.9040 -0.6819 -43.5964 -39.4416 -29.2420 15.1241 17.7742 -28.0237 -43.1159 -36.6864 -22.6476 32.4236 10.5109 -40.8372 -42.0123 -34.3680 -16.5794 28.9675 3.9571 -43.4726 -40.6737 -32.3072 -7.4490 23.3381
-9.1235 -32.6694 -40.9241 -43.3011 5.1822 29.8064 -17.6112 -34.6892 -42.1832 -40.0782 11.2111 32.3124 -23.1088 -36.8407 -43.1569 -27.3564 17.8882 15.1241 -29.1532 -39.3758 -43.5931 -1.4800 26.4429 -14.0496 -33.9110 -41.8996 -40.6782 11.3488 31.8901 -24.4351 -37.6252 -43.4283 -15.2655 22.1406 -4.9606 -32.3191 -40.9283 -43.0387 7.4133 31.8535 -21.2966 -36.3698 -43.0919 -27.4621 18.4492 9.8428 -30.4123 -39.9512 -43.5978 0.6467 17.1785 0.6467 -43.5978 -39.9512 -30.4123 9.8428 18.4492 -27.4621 -43.0919 -36.3698 -21.2966 31.8535 7.4133 -43.0387 -40.9283 -32.3191 -4.9606 22.1406 -15.2655 -43.4283 -37.6252 -24.4351 31.8901 11.3488 -40.6782 -41.8996 -33.9110 -14.0496 26.4429 -1.4800 -43.5931 -39.3758 -29.1532 15.1241 17.8882 -27.3564 -43.1569 -36.8407 -23.1088 32.3124 11.2111 -40.0782 -42.1832 -34.6892 -17.6112 29.8064 5.1822 -43.3011 -40.9241 -32.6694 -9.1235
-29.9541 -41.1704 -43.0419 6.3297 30.5899 -18.5969 -35.0231 -42.3596 -39.0913 12.0054 31.9668 -23.6922 -37.0538 -43.2156 -26.0187 18.2317 14.0541 -29.2420 -39.3758 -43.5921 -1.9061 26.1524 -13.4682 -33.7360 -41.7784 -41.2045 10.7006 32.2567 -23.8101 -37.3551 -43.3653 -18.3051 21.3519 -2.0309 -31.9718 -40.6860 -43.2926 6.3592 31.2941 -20.4441 -36.0372 -42.9688 -30.1360 17.4525 14.5841 -29.6319 -39.6774 -43.6068 0.9998 26.1972 18.0821 26.1972 0.9998 -43.6068 -39.6774 -29.6319 14.5841 17.4525 -30.1360 -42.9688 -36.0372 -20.4441 31.2941 6.3592 -43.2926 -40.6860 -31.9718 -2.0309 21.3519 -18.3051 -43.3653 -37.3551 -23.8101 32.2567 10.7006 -41.2045 -41.7784 -33.7360 -13.4682 26.1524 -1.9061 -43.5921 -39.3758 -29.2420 14.0541 18.2317 -26.0187 -43.2156 -37.0538 -23.6922 31.9668 12.0054 -39.0913 -42.3596 -35.0231 -18.5969 30.5899 6.3297 -43.0419 -41.1704 -29.9541
-38.7474 -42.6925 7.4047 31.2851 -19.5403 -35.3603 -42.5282 -37.8574 12.8516 31.2623 -24.3574 -37.3114 -43.2847 -24.0453 18.7936 11.9435 -29.5069 -39.4416 -43.5931 -1.9061 26.0510 -13.1540 -33.6236 -41.6908 -41.5630 10.1714 32.4043 -23.2635 -37.1126 -43.2993 -21.1097 20.5312 1.2770 -31.6354 -40.4421 -43.4617 5.2529 30.6201 -19.5651 -35.7066 -42.8364 -32.4961 16.4923 18.9982 -28.8528 -39.3937 -43.6066 -0.2347 27.0766 -13.3973 -29.0915 -13.3973 27.0766 -0.2347 -43.6066 -39.3937 -28.8528 18.9982 16.4923 -32.4961 -42.8364 -35.7066 -19.5651 30.6201 5.2529 -43.4617 -40.4421 -31.6354 1.2770 20.5312 -21.1097 -43.2993 -37.1126 -23.2635 32.4043 10.1714 -41.5630 -41.6908 -33.6236 -13.1540 26.0510 -1.9061 -43.5931 -39.4416 -29.5069 11.9435 18.7936 -24.0453 -43.2847 -37.3114 -24.3574 31.2623 12.8516 -37.8574 -42.5282 -35.3603 -19.5403 31.2851 7.4047 -42.6925 -38.7474
-41.0403 8.4428 31.8523 -20.4395 -35.7001 -42.6875 -36.3572 13.7306 30.0871 -25.0723 -37.5981 -43.3570 -21.5404 19.5386 8.9436 -29.9309 -39.5662 -43.5964 -1.4800 26.1524 -13.1540 -33.5845 -41.6455 -41.7685 9.7929 32.4292 -22.8205 -36.9079 -43.2372 -23.5404 19.6899 4.7910 -31.1799 -40.2049 -43.5575 4.0984 29.8736 -18.6587 -35.3770 -42.6940 -34.5408 15.5644 22.7901 -28.0838 -39.1045 -43.5986 -1.9848 26.4070 -13.9705 -33.5164 -39.5287 -33.5164 -13.9705 26.4070 -1.9848 -43.5986 -39.1045 -28.0838 22.7901 15.5644 -34.5408 -42.6940 -35.3770 -18.6587 29.8736 4.0984 -43.5575 -40.2049 -31.1799 4.7910 19.6899 -23.5404 -43.2372 -36.9079 -22.8205 32.4292 9.7929 -41.7685 -41.6455 -33.5845 -13.1540 26.1524 -1.4800 -43.5964 -39.5662 -29.9309 8.9436 19.5386 -21.5404 -43.3570 -37.5981 -25.0723 30.0871 13.7306 -36.3572 -42.6875 -35.7001 -20.4395 31.8523 8.4428 -41.0403
8.5078 32.2487 -21.2966 -36.0367 -42.8346 -34.5842 14.6312 28.3436 -25.8080 -37.8983 -43.4235 -18.6120 20.4220 5.3571 -30.4822 -39.7377 -43.6003 -0.6819 26.4429 -13.4682 -33.6236 -41.6455 -41.8347 9.5963 32.4111 -22.5054 -36.7523 -43.1810 -25.4585 18.9623 8.2163 -30.5919 -39.9819 -43.5954 2.9135 29.0957 -17.7298 -35.0531 -42.5394 -36.2790 14.6649 25.8580 -27.3329 -38.8128 -43.5849 -4.0594 25.5679 -12.9071 -33.6175 -42.1102 -45.6659 -42.1102 -33.6175 -12.9071 25.5679 -4.0594 -43.5849 -38.8128 -27.3329 25.8580 14.6649 -36.2790 -42.5394 -35.0531 -17.7298 29.0957 2.9135 -43.5954 -39.9819 -30.5919 8.2163 18.9623 -25.4585 -43.1810 -36.7523 -22.5054 32.4111 9.5963 -41.8347 -41.6455 -33.6236 -13.4682 26.4429 -0.6819 -43.6003 -39.7377 -30.4822 5.3571 20.4220 -18.6120 -43.4235 -37.8983 -25.8080 28.3436 14.6312 -34.5842 -42.8346 -36.0367 -21.2966 32.2487 8.5078
31.6731 -22.1295 -36.3698 -42.9685 -32.5155 15.5514 25.9351 -26.5593 -38.2020 -43.4816 -15.4413 21.2929 1.6292 -31.1116 -39.9474 -43.6021 0.3637 26.9040 -14.0496 -33.7360 -41.6908 -41.7685 9.5963 32.3992 -22.3431 -36.6537 -43.1375 -26.8348 18.4070 11.1612 -30.0487 -39.7801 -43.6018 1.7306 28.3354 -16.7935 -34.7427 -42.3805 -37.7247 13.7979 28.2153 -26.5933 -38.5187 -43.5620 -6.4342 24.6997 -11.4175 -33.3513 -41.6449 -42.5568 -6.0210 -42.5568 -41.6449 -33.3513 -11.4175 24.6997 -6.4342 -43.5620 -38.5187 -26.5933 28.2153 13.7979 -37.7247 -42.3805 -34.7427 -16.7935 28.3354 1.7306 -43.6018 -39.7801 -30.0487 11.1612 18.4070 -26.8348 -43.1375 -36.6537 -22.3431 32.3992 9.5963 -41.7685 -41.6908 -33.7360 -14.0496 26.9040 0.3637 -43.6021 -39.9474 -31.1116 1.6292 21.2929 -15.4413 -43.4816 -38.2020 -26.5593 25.9351 15.5514 -32.5155 -42.9685 -36.3698 -22.1295 31.6731
-21.4205 -36.7034 -43.0919 -30.1360 16.4901 22.8106 -27.3212 -38.5073 -43.5284 -12.2509 22.1063 -1.8592 -31.6103 -40.1825 -43.5975 1.5506 27.5171 -14.8339 -33.9110 -41.7784 -41.5630 9.7929 32.4111 -22.3431 -36.6195 -43.1156 -27.6723 18.0293 13.3374 -29.6239 -39.6084 -43.6004 0.5885 27.6343 -15.8712 -34.4500 -42.2209 -38.9030 12.9653 29.9351 -25.8699 -38.2231 -43.5287 -9.1206 23.8389 -9.6402 -33.0220 -41.4005 -42.3600 7.7274 22.4450 7.7274 -42.3600 -41.4005 -33.0220 -9.6402 23.8389 -9.1206 -43.5287 -38.2231 -25.8699 29.9351 12.9653 -38.9030 -42.2209 -34.4500 -15.8712 27.6343 0.5885 -43.6004 -39.6084 -29.6239 13.3374 18.0293 -27.6723 -43.1156 -36.6195 -22.3431 32.4111 9.7929 -41.5630 -41.7784 -33.9110 -14.8339 27.5171 1.5506 -43.5975 -40.1825 -31.6103 -1.8592 22.1063 -12.2509 -43.5284 -38.5073 -27.3212 22.8106 16.4901 -30.1360 -43.0919 -36.7034 -21.4205
-34.1172 -43.2045 -27.4593 17.4533 18.9937 -28.0830 -38.8093 -43.5615 -9.2231 22.9491 -4.8825 -31.9574 -40.4280 -43.5625 2.7920 28.2444 -15.7384 -34.1419 -41.8996 -41.2045 10.1714 32.4292 -22.5054 -36.6537 -43.1156 -27.9476 17.8360 14.6668 -29.3372 -39.4786 -43.5980 -0.4418 27.0300 -14.9969 -34.1819 -42.0661 -39.8409 12.1806 31.1013 -25.1687 -37.9310 -43.4868 -12.0441 22.9943 -7.5489 -32.6786 -41.1716 -42.7067 8.0634 31.5087 -5.6805 31.5087 8.0634 -42.7067 -41.1716 -32.6786 -7.5489 22.9943 -12.0441 -43.4868 -37.9310 -25.1687 31.1013 12.1806 -39.8409 -42.0661 -34.1819 -14.9969 27.0300 -0.4418 -43.5980 -39.4786 -29.3372 14.6668 17.8360 -27.9476 -43.1156 -36.6537 -22.5054 32.4292 10.1714 -41.2045 -41.8996 -34.1419 -15.7384 28.2444 2.7920 -43.5625 -40.4280 -31.9574 -4.8825 22.9491 -9.2231 -43.5615 -38.8093 -28.0830 18.9937 17.4533 -27.4593 -43.2045 -34.1172
-41.0031 -24.4880 18.4533 14.5608 -28.8553 -39.1055 -43.5843 -6.4709 23.8158 -7.4451 -32.3097 -40.6778 -43.4684 4.0244 29.0322 -16.6937 -34.4149 -42.0453 -40.6782 10.7006 32.4043 -22.8205 -36.7523 -43.1375 -27.6723 17.8360 15.1136 -29.1917 -39.3990 -43.5957 -1.2571 26.5537 -14.2224 -33.9536 -41.9242 -40.5760 11.4582 31.8202 -24.5036 -37.6480 -43.4333 -15.0857 22.1775 -5.0875 -32.3317 -40.9369 -43.0358 7.3454 31.7011 -19.8620 -32.0552 -19.8620 31.7011 7.3454 -43.0358 -40.9369 -32.3317 -5.0875 22.1775 -15.0857 -43.4333 -37.6480 -24.5036 31.8202 11.4582 -40.5760 -41.9242 -33.9536 -14.2224 26.5537 -1.2571 -43.5957 -39.3990 -29.1917 15.1136 17.8360 -27.6723 -43.1375 -36.7523 -22.8205 32.4043 10.7006 -40.6782 -42.0453 -34.4149 -16.6937 29.0322 4.0244 -43.4684 -40.6778 -32.3097 -7.4451 23.8158 -6.4709 -43.5843 -39.1055 -28.8553 14.5608 18.4533 -24.4880 -41.0031
-23.4154 19.5377 9.7964 -29.6377 -39.3977 -43.5992 -4.0426 24.6974 -9.6127 -32.6671 -40.9261 -43.2989 5.2098 29.8348 -17.6652 -34.7160 -42.2051 -39.9557 11.3488 32.2567 -23.2635 -36.9079 -43.1810 -26.8348 18.0293 14.6668 -29.1917 -39.3722 -43.5931 -1.7839 26.2282 -13.6155 -33.7751 -41.8043 -41.1213 10.8052 32.2168 -23.8946 -37.3846 -43.3727 -18.0861 21.4014 -2.2243 -31.9896 -40.6974 -43.2858 6.3715 31.2667 -20.1856 -35.5972 -41.4310 -35.5972 -20.1856 31.2667 6.3715 -43.2858 -40.6974 -31.9896 -2.2243 21.4014 -18.0861 -43.3727 -37.3846 -23.8946 32.2168 10.8052 -41.1213 -41.8043 -33.7751 -13.6155 26.2282 -1.7839 -43.5931 -39.3722 -29.1917 14.6668 18.0293 -26.8348 -43.1810 -36.9079 -23.2635 32.2567 11.3488 -39.9557 -42.2051 -34.7160 -17.6652 29.8348 5.2098 -43.2989 -40.9261 -32.6671 -9.6127 24.6974 -4.0426 -43.5992 -39.3977 -29.6377 9.7964 19.5377 -23.4154
19.9853 5.1005 -30.4315 -39.6810 -43.6050 -1.9318 25.5860 -11.4463 -33.0249 -41.1657 -43.0421 6.3332 30.5995 -18.6245 -35.0362 -42.3689 -39.0007 12.0910 31.8901 -23.8101 -37.1126 -43.2372 -25.4585 18.4070 13.3374 -29.3372 -39.3990 -43.5931 -1.9675 26.0601 -13.2264 -33.6499 -41.7131 -41.4931 10.2666 32.3899 -23.3458 -37.1457 -43.3091 -20.8515 20.6005 1.0144 -31.6593 -40.4580 -43.4550 5.2990 30.6386 -19.5318 -35.6264 -43.4181 -45.2804 -43.4181 -35.6264 -19.5318 30.6386 5.2990 -43.4550 -40.4580 -31.6593 1.0144 20.6005 -20.8515 -43.3091 -37.1457 -23.3458 32.3899 10.2666 -41.4931 -41.7131 -33.6499 -13.2264 26.0601 -1.9675 -43.5931 -39.3990 -29.3372 13.3374 18.4070 -25.4585 -43.2372 -37.1126 -23.8101 31.8901 12.0910 -39.0007 -42.3689 -35.0362 -18.6245 30.5995 6.3332 -43.0421 -41.1657 -33.0249 -11.4463 25.5860 -1.9318 -43.6050 -39.6810 -30.4315 5.1005 19.9853
0.9352 -31.1744 -39.9592 -43.6054 -0.0790 26.4880 -13.0390 -33.3800 -41.3979 -42.6832 7.4047 31.2855 -19.5482 -35.3665 -42.5316 -37.7957 12.9022 31.1840 -24.4351 -37.3551 -43.2993 -23.5404 18.9623 11.1612 -29.6239 -39.4786 -43.5957 -1.7839 26.0601 -13.0891 -33.5851 -41.6545 -41.7298 9.8687 32.4303 -22.8890 -36.9383 -43.2461 -23.2380 19.7860 4.4325 -31.2277 -40.2265 -43.5524 4.1721 29.9133 -18.6831 -35.3692 -42.7684 -36.9451 4.0873 -36.9451 -42.7684 -35.3692 -18.6831 29.9133 4.1721 -43.5524 -40.2265 -31.2277 4.4325 19.7860 -23.2380 -43.2461 -36.9383 -22.8890 32.4303 9.8687 -41.7298 -41.6545 -33.5851 -13.0891 26.0601 -1.7839 -43.5957 -39.4786 -29.6239 11.1612 18.9623 -23.5404 -43.2993 -37.3551 -24.4351 31.1840 12.9022 -37.7957 -42.5316 -35.3665 -19.5482 31.2855 7.4047 -42.6832 -41.3979 -33.3800 -13.0390 26.4880 -0.0790 -43.6054 -39.9592 -31.1744 0.9352
-28.5498 -40.2347 -43.5956 1.5546 27.3993 -14.4425 -33.7337 -41.6229 -42.2082 8.4259 31.8523 -20.4395 -35.7020 -42.6891 -36.3299 13.7593 30.0156 -25.1161 -37.6252 -43.3653 -21.1097 19.6899 8.2163 -30.0487 -39.6084 -43.5980 -1.2571 26.2282 -13.2264 -33.5851 -41.6343 -41.8466 9.6149 32.4160 -22.5566 -36.7762 -43.1904 -25.2078 19.0586 7.7613 -30.6660 -40.0078 -43.5932 3.0170 29.1543 -17.7800 -35.0651 -42.5584 -36.7064 12.9638 27.7478 12.9638 -36.7064 -42.5584 -35.0651 -17.7800 29.1543 3.0170 -43.5932 -40.0078 -30.6660 7.7613 19.0586 -25.2078 -43.1904 -36.7762 -22.5566 32.4160 9.6149 -41.8466 -41.6343 -33.5851 -13.2264 26.2282 -1.2571 -43.5980 -39.6084 -30.0487 8.2163 19.6899 -21.1097 -43.3653 -37.6252 -25.1161 30.0156 13.7593 -36.3299 -42.6891 -35.7020 -20.4395 31.8523 8.4259 -42.2082 -41.6229 -33.7337 -14.4425 27.3993 1.5546 -43.5956 -40.2347 -28.5498
-37.7644 -43.5549 3.0105 28.3131 -15.6995 -34.0835 -41.8345 -41.6045 9.4015 32.2477 -21.2966 -36.0367 -42.8346 -34.5798 14.6424 28.2892 -25.8366 -37.9130 -43.4283 -18.3051 20.5312 4.7910 -30.5919 -39.7801 -43.6004 -0.4418 26.5537 -13.6155 -33.6499 -41.6545 -41.8466 9.5260 32.3960 -22.3482 -36.6670 -43.1472 -26.6866 18.4710 10.7698 -30.1207 -39.8073 -43.6017 1.8613 28.4101 -16.8699 -34.7619 -42.3909 -37.7531 13.4728 31.0801 -16.4435 31.0801 13.4728 -37.7531 -42.3909 -34.7619 -16.8699 28.4101 1.8613 -43.6017 -39.8073 -30.1207 10.7698 18.4710 -26.6866 -43.1472 -36.6670 -22.3482 32.3960 9.5260 -41.8466 -41.6545 -33.6499 -13.6155 26.5537 -0.4418 -43.6004 -39.7801 -30.5919 4.7910 20.5312 -18.3051 -43.4283 -37.9130 -25.8366 28.2892 14.6424 -34.5798 -42.8346 -36.0367 -21.2966 32.2477 9.4015 -41.6045 -41.8345 -34.0835 -15.6995 28.3131 3.0105 -43.5549 -37.7644
-41.7832 4.3425 29.2067 -16.8456 -34.4324 -42.0371 -40.8475 10.3492 32.4261 -22.1275 -36.3698 -42.9685 -32.5155 15.5522 25.9117 -26.5736 -38.2098 -43.4822 -15.2655 21.3519 1.2770 -31.1799 -39.9819 -43.6018 0.5885 27.0300 -14.2224 -33.7751 -41.7131 -41.7298 9.6149 32.3960 -22.2739 -36.6091 -43.1196 -27.6356 18.0519 13.1395 -29.6724 -39.6312 -43.6010 0.7280 27.7142 -15.9712 -34.4739 -42.2336 -38.8508 12.9363 30.3645 -24.7304 -34.2614 -24.7304 30.3645 12.9363 -38.8508 -42.2336 -34.4739 -15.9712 27.7142 0.7280 -43.6010 -39.6312 -29.6724 13.1395 18.0519 -27.6356 -43.1196 -36.6091 -22.2739 32.3960 9.6149 -41.7298 -41.7131 -33.7751 -14.2224 27.0300 0.5885 -43.6018 -39.9819 -31.1799 1.2770 21.3519 -15.2655 -43.4822 -38.2098 -26.5736 25.9117 15.5522 -32.5155 -42.9685 -36.3698 -22.1275 32.4261 10.3492 -40.8475 -42.0371 -34.4324 -16.8456 29.2067 4.3425 -41.7832
4.4086 30.0470 -17.8982 -34.7789 -42.2286 -39.9181 11.2751 32.3272 -22.9350 -36.7008 -43.0919 -30.1360 16.4901 22.8106 -27.3229 -38.5105 -43.5266 -12.1584 22.1406 -2.0309 -31.6354 -40.2049 -43.5954 1.7306 27.6343 -14.9969 -33.9536 -41.8043 -41.4931 9.8687 32.4160 -22.3482 -36.6091 -43.1099 -28.1026 17.8037 14.6951 -29.3477 -39.4909 -43.5992 -0.3278 27.0989 -15.0987 -34.2127 -42.0808 -39.7769 12.2178 31.1201 -24.9914 -37.6525 -43.1698 -37.6525 -24.9914 31.1201 12.2178 -39.7769 -42.0808 -34.2127 -15.0987 27.0989 -0.3278 -43.5992 -39.4909 -29.3477 14.6951 17.8037 -28.1026 -43.1099 -36.6091 -22.3482 32.4160 9.8687 -41.4931 -41.8043 -33.9536 -14.9969 27.6343 1.7306 -43.5954 -40.2049 -31.6354 -2.0309 22.1406 -12.1584 -43.5266 -38.5105 -27.3229 22.8106 16.4901 -30.1360 -43.0919 -36.7008 -22.9350 32.3272 11.2751 -39.9181 -42.2286 -34.7789 -17.8982 30.0470 4.4086
30.1828 -18.8874 -35.1224 -42.4082 -38.7944 12.1860 31.8837 -23.7236 -37.0262 -43.1985 -27.4594 17.4533 18.9937 -28.0830 -38.8093 -43.5602 -9.1907 22.9693 -4.9606 -31.9718 -40.4421 -43.5575 2.9135 28.3354 -15.8712 -34.1819 -41.9242 -41.1213 10.2666 32.4303 -22.5566 -36.6670 -43.1196 -28.1026 17.7216 15.4591 -29.1538 -39.3960 -43.5968 -1.2161 26.5903 -14.2960 -33.9808 -41.9391 -40.5093 11.5129 31.7899 -24.5054 -37.6065 -44.2890 -42.0666 -44.2890 -37.6065 -24.5054 31.7899 11.5129 -40.5093 -41.9391 -33.9808 -14.2960 26.5903 -1.2161 -43.5968 -39.3960 -29.1538 15.4591 17.7216 -28.1026 -43.1196 -36.6670 -22.5566 32.4303 10.2666 -41.1213 -41.9242 -34.1819 -15.8712 28.3354 2.9135 -43.5575 -40.4421 -31.9718 -4.9606 22.9693 -9.1907 -43.5602 -38.8093 -28.0830 18.9937 17.4533 -27.4594 -43.1985 -37.0262 -23.7236 31.8837 12.1860 -38.7944 -42.4082 -35.1224 -18.8874 30.1828
-18.6760 -35.4669 -42.5787 -37.4469 13.0910 31.0179 -24.5005 -37.3494 -43.2928 -24.4823 18.4533 14.5608 -28.8553 -39.1055 -43.5843 -6.4687 23.8231 -7.4771 -32.3191 -40.6860 -43.4617 4.0984 29.0957 -16.7935 -34.4500 -42.0661 -40.5760 10.8052 32.3899 -22.8890 -36.7762 -43.1472 -27.6356 17.8037 15.4591 -29.0893 -39.3483 -43.5949 -1.8531 26.2155 -13.6256 -33.7849 -41.8135 -41.0703 10.8693 32.1929 -23.9316 -37.3918 -43.4770 -22.6428 10.0241 -22.6428 -43.4770 -37.3918 -23.9316 32.1929 10.8693 -41.0703 -41.8135 -33.7849 -13.6256 26.2155 -1.8531 -43.5949 -39.3483 -29.0893 15.4591 17.8037 -27.6356 -43.1472 -36.7762 -22.8890 32.3899 10.8052 -40.5760 -42.0661 -34.4500 -16.7935 29.0957 4.0984 -43.4617 -40.6860 -32.3191 -7.4771 23.8231 -6.4687 -43.5843 -39.1055 -28.8553 14.5608 18.4533 -24.4823 -43.2928 -37.3494 -24.5005 31.0179 13.0910 -37.4469 -42.5787 -35.4669 -18.6760
-32.8459 -42.7387 -35.8595 13.9939 29.6530 -25.2646 -37.6686 -43.3737 -21.2684 19.4978 9.7963 -29.6377 -39.3977 -43.5992 -4.0426 24.6974 -9.6176 -32.6708 -40.9283 -43.2926 5.2529 29.8736 -17.7298 -34.7427 -42.2209 -39.8409 11.4582 32.2168 -23.3458 -36.9383 -43.1904 -26.6866 18.0519 14.6951 -29.1538 -39.3483 -43.5942 -2.1824 25.9915 -13.1470 -33.6396 -41.7112 -41.4812 10.3070 32.3804 -23.3926 -37.1624 -43.3336 -21.6002 18.2524 31.8053 18.2524 -21.6002 -43.3336 -37.1624 -23.3926 32.3804 10.3070 -41.4812 -41.7112 -33.6396 -13.1470 25.9915 -2.1824 -43.5942 -39.3483 -29.1538 14.6951 18.0519 -26.6866 -43.1904 -36.9383 -23.3458 32.2168 11.4582 -39.8409 -42.2209 -34.7427 -17.7298 29.8736 5.2529 -43.2926 -40.9283 -32.6708 -9.6176 24.6974 -4.0426 -43.5992 -39.3977 -29.6377 9.7963 19.4978 -21.2684 -43.3737 -37.6686 -25.2646 29.6530 13.9939 -35.8595 -42.7387 -32.8459
-40.4520 -34.0024 14.9064 27.6941 -26.0272 -37.9831 -43.4409 -17.9174 20.5495 5.1121 -30.4316 -39.6810 -43.6050 -1.9318 25.5860 -11.4463 -33.0249 -41.1652 -43.0387 6.3592 30.6201 -18.6587 -35.0531 -42.3805 -38.9030 12.1806 31.8202 -23.8946 -37.1457 -43.2461 -25.2078 18.4710 13.1395 -29.3477 -39.3960 -43.5949 -2.1824 25.9170 -12.9002 -33.5520 -41.6400 -41.7581 9.8526 32.4305 -22.9200 -36.9545 -43.2577 -23.2439 19.3405 12.3122 -23.1674 12.3122 19.3405 -23.2439 -43.2577 -36.9545 -22.9200 32.4305 9.8526 -41.7581 -41.6400 -33.5520 -12.9002 25.9170 -2.1824 -43.5949 -39.3960 -29.3477 13.1395 18.4710 -25.2078 -43.2461 -37.1457 -23.8946 31.8202 12.1806 -38.9030 -42.3805 -35.0531 -18.6587 30.6201 6.3592 -43.0387 -41.1652 -33.0249 -11.4463 25.5860 -1.9318 -43.6050 -39.6810 -30.4316 5.1121 20.5495 -17.9174 -43.4409 -37.9831 -26.0272 27.6941 14.9064 -34.0024 -40.4520
-32.6853 15.8641 25.0690 -26.7884 -38.2945 -43.4977 -14.5514 21.4927 0.8772 -31.1722 -39.9592 -43.6054 -0.0790 26.4880 -13.0390 -33.3800 -41.3979 -42.6828 7.4133 31.2941 -19.5651 -35.3770 -42.5394 -37.7247 12.9653 31.1013 -24.5036 -37.3846 -43.3091 -23.2380 19.0586 10.7698 -29.6724 -39.4909 -43.5968 -1.8531 25.9915 -12.9002 -33.5227 -41.6039 -41.9134 9.5372 32.4108 -22.5367 -36.7776 -43.1944 -25.0984 19.0166 9.0027 -29.6040 -36.5614 -29.6040 9.0027 19.0166 -25.0984 -43.1944 -36.7776 -22.5367 32.4108 9.5372 -41.9134 -41.6039 -33.5227 -12.9002 25.9915 -1.8531 -43.5968 -39.4909 -29.6724 10.7698 19.0586 -23.2380 -43.3091 -37.3846 -24.5036 31.1013 12.9653 -37.7247 -42.5394 -35.3770 -19.5651 31.2941 7.4133 -42.6828 -41.3979 -33.3800 -13.0390 26.4880 -0.0790 -43.6054 -39.9592 -31.1722 0.8772 21.4927 -14.5514 -43.4977 -38.2945 -26.7884 25.0690 15.8641 -32.6853
16.1325 21.7239 -27.5501 -38.5987 -43.5391 -11.3356 22.3435 -2.7048 -31.6922 -40.2304 -43.5958 1.5546 27.3993 -14.4425 -33.7337 -41.6229 -42.2082 8.4259 31.8535 -20.4441 -35.7066 -42.6940 -36.2790 13.7979 29.9351 -25.1687 -37.6480 -43.3727 -20.8515 19.7860 7.7613 -30.1207 -39.6312 -43.5992 -1.2161 26.2155 -13.1470 -33.5520 -41.6039 -41.9632 9.3783 32.3771 -22.2686 -36.6432 -43.1416 -26.6769 18.4846 10.8871 -29.9565 -39.7477 -44.6563 -39.7477 -29.9565 10.8871 18.4846 -26.6769 -43.1416 -36.6432 -22.2686 32.3771 9.3783 -41.9632 -41.6039 -33.5520 -13.1470 26.2155 -1.2161 -43.5992 -39.6312 -30.1207 7.7613 19.7860 -20.8515 -43.3727 -37.6480 -25.1687 29.9351 13.7979 -36.2790 -42.6940 -35.7066 -20.4441 31.8535 8.4259 -42.2082 -41.6229 -33.7337 -14.4425 27.3993 1.5546 -43.5958 -40.2304 -31.6922 -2.7048 22.3435 -11.3356 -43.5391 -38.5987 -27.5501 21.7239 16.1325
17.0865 -28.3200 -38.8992 -43.5697 -8.3609 23.2070 -5.6792 -32.0554 -40.4939 -43.5465 3.0106 28.3131 -15.6995 -34.0835 -41.8345 -41.6045 9.4015 32.2477 -21.2966 -36.0372 -42.8364 -34.5408 14.6649 28.2153 -25.8699 -37.9310 -43.4333 -18.0861 20.6005 4.4325 -30.6660 -39.8073 -43.6010 -0.3278 26.5903 -13.6256 -33.6396 -41.6400 -41.9134 9.3783 32.3624 -22.1337 -36.5615 -43.1052 -27.8389 18.0200 13.1824 -29.6533 -39.6200 -44.4504 -31.0623 -44.4504 -39.6203 -29.6533 13.1824 18.0208 -27.8389 -43.1052 -36.5615 -22.1337 32.3624 9.3783 -41.9134 -41.6400 -33.6396 -13.6256 26.5903 -0.3278 -43.6010 -39.8073 -30.6660 4.4325 20.6005 -18.0861 -43.4333 -37.9310 -25.8699 28.2153 14.6649 -34.5408 -42.8364 -36.0372 -21.2966 32.2477 9.4015 -41.6045 -41.8345 -34.0835 -15.6995 28.3131 3.0106 -43.5465 -40.4939 -32.0554 -5.6792 23.2070 -8.3609 -43.5697 -38.8992 -28.3200 17.0865
-26.4231 -39.1981 -43.5898 -5.7043 24.0807 -8.1374 -32.4170 -40.7515 -43.4288 4.3299 29.2067 -16.8456 -34.4324 -42.0371 -40.8475 10.3492 32.4261 -22.1275 -36.3698 -42.9688 -32.4961 15.5644 25.8580 -26.5933 -38.2231 -43.4868 -15.0857 21.4014 1.0144 -31.2277 -40.0078 -43.6017 0.7280 27.0989 -14.2960 -33.7849 -41.7112 -41.7581 9.5372 32.3771 -22.1337 -36.5342 -43.0865 -28.5239 17.6900 15.0361 -29.3177 -39.4871 -43.6488 -3.0633 15.4174 -3.0516 -43.6480 -39.4868 -29.3186 15.0242 17.6944 -28.5200 -43.0870 -36.5345 -22.1337 32.3771 9.5372 -41.7581 -41.7112 -33.7849 -14.2960 27.0989 0.7280 -43.6017 -40.0078 -31.2277 1.0144 21.4014 -15.0857 -43.4868 -38.2231 -26.5933 25.8580 15.5644 -32.4961 -42.9688 -36.3698 -22.1275 32.4261 10.3492 -40.8475 -42.0371 -34.4324 -16.8456 29.2067 4.3299 -43.4288 -40.7515 -32.4170 -8.1374 24.0807 -5.7043 -43.5898 -39.1981 -26.4231
-36.6871 -43.6083 -3.3767 24.9639 -10.1951 -32.7748 -40.9978 -43.2330 5.5353 30.0446 -17.8982 -34.7789 -42.2286 -39.9181 11.2751 32.3272 -22.9350 -36.7008 -43.0919 -30.1360 16.4923 22.7901 -27.3329 -38.5187 -43.5287 -12.0441 22.1775 -2.2243 -31.6593 -40.2265 -43.5932 1.8613 27.7142 -15.0987 -33.9808 -41.8135 -41.4812 9.8526 32.4108 -22.2686 -36.5615 -43.0865 -28.7479 17.4964 16.2657 -29.0570 -39.3706 -43.6140 -1.8055 24.4496 24.7040 24.4685 -1.7576 -43.6041 -39.3734 -29.0675 16.1438 17.5396 -28.7262 -43.0875 -36.5618 -22.2686 32.4108 9.8526 -41.4812 -41.8135 -33.9808 -15.0987 27.7142 1.8613 -43.5932 -40.2265 -31.6593 -2.2243 22.1775 -12.0441 -43.5287 -38.5187 -27.3329 22.7901 16.4923 -30.1360 -43.0919 -36.7008 -22.9350 32.3272 11.2751 -39.9181 -42.2286 -34.7789 -17.8982 30.0446 5.5353 -43.2330 -40.9978 -32.7748 -10.1951 24.9639 -3.3767 -43.6083 -36.6871
-41.6784 -1.3328 25.8590 -11.9539 -33.1319 -41.2368 -42.9453 6.6596 30.8102 -18.8848 -35.1223 -42.4081 -38.7949 12.1856 31.8840 -23.7233 -37.0259 -43.1982 -27.4621 17.4525 18.9982 -28.0838 -38.8128 -43.5620 -9.1206 22.9943 -5.0875 -31.9896 -40.4580 -43.5524 3.0170 28.4101 -15.9712 -34.2127 -41.9391 -41.0703 10.3070 32.4305 -22.5367 -36.6432 -43.1052 -28.5238 17.4986 17.2639 -28.7883 -39.3061 -43.5813 -2.4274 25.9578 -10.8955 -28.0667 -11.2222 25.9370 -1.9752 -43.5684 -39.2537 -28.9561 16.1610 17.4402 -28.5012 -43.1060 -36.6432 -22.5367 32.4305 10.3070 -41.0703 -41.9391 -34.2127 -15.9712 28.4101 3.0170 -43.5524 -40.4580 -31.9896 -5.0875 22.9943 -9.1206 -43.5620 -38.8128 -28.0838 18.9982 17.4525 -27.4621 -43.1982 -37.0259 -23.7233 31.8840 12.1856 -38.7949 -42.4081 -35.1223 -18.8848 30.8102 6.6596 -42.9453 -41.2368 -33.1319 -11.9539 25.8590 -1.3328 -41.6784
-1.1598 26.7819 -13.4761 -33.4866 -41.4679 -42.5532 7.7164 31.4707 -19.8149 -35.4635 -42.5778 -37.4503 13.0890 31.0205 -24.4988 -37.3476 -43.2914 -24.4970 18.4492 14.5841 -28.8528 -39.1045 -43.5849 -6.4342 23.8389 -7.5489 -32.3317 -40.6974 -43.4550 4.1721 29.1543 -16.8699 -34.4739 -42.0808 -40.5093 10.8693 32.3804 -22.9200 -36.7776 -43.1416 -27.8389 17.6922 16.1876 -28.9267 -39.2673 -43.7474 -2.7075 25.6647 -12.3326 -33.0861 -39.0775 -33.1445 -12.5242 25.8357 -2.0437 -43.7136 -39.2550 -28.8603 16.4982 17.6925 -27.8343 -43.1418 -36.7776 -22.9200 32.3804 10.8693 -40.5093 -42.0808 -34.4739 -16.8699 29.1543 4.1721 -43.4550 -40.6974 -32.3317 -7.5489 23.8389 -6.4342 -43.5849 -39.1045 -28.8528 14.5841 18.4492 -24.4970 -43.2914 -37.3476 -24.4988 31.0205 13.0890 -37.4503 -42.5778 -35.4635 -19.8149 31.4707 7.7164 -42.5532 -41.4679 -33.4866 -13.4761 26.7819 -1.1598
27.1759 -14.8242 -33.8363 -41.6865 -42.0458 8.7149 31.9875 -20.6938 -35.7996 -42.7331 -35.8704 13.9873 29.6645 -25.2606 -37.6664 -43.3752 -21.2988 19.4840 9.8428 -29.6319 -39.3937 -43.5986 -4.0594 24.6997 -9.6402 -32.6786 -40.9369 -43.2858 5.2990 29.9133 -17.7800 -34.7619 -42.2336 -39.7769 11.5129 32.1929 -23.3926 -36.9545 -43.1944 -26.6769 18.0200 15.0323 -29.0662 -39.3410 -43.6529 -2.8559 25.6908 -12.3985 -33.3839 -41.8871 -45.6147 -41.8690 -33.4266 -12.4401 25.5795 -2.6491 -43.5890 -39.3326 -29.0742 14.9669 18.0234 -26.6768 -43.1944 -36.9545 -23.3926 32.1929 11.5129 -39.7769 -42.2336 -34.7619 -17.7800 29.9133 5.2990 -43.2858 -40.9369 -32.6786 -9.6402 24.6997 -4.0594 -43.5986 -39.3937 -29.6319 9.8428 19.4840 -21.2988 -43.3752 -37.6664 -25.2606 29.6645 13.9873 -35.8704 -42.7331 -35.7996 -20.6938 31.9875 8.7149 -42.0458 -41.6865 -33.8363 -14.8242 27.1759
