22.7138 -9.3798 -30.0304 -38.7961 -40.9394 8.7813 31.6669 -21.6121 -34.2147 -41.0362 -22.5152 20.2766 -0.1524 -28.6633 -37.8455 -41.7651 4.7691 30.3807 -18.9129 -32.9480 -40.5012 -32.0973 16.4187 15.8270 -26.5963 -36.7750 -41.6936 -0.6273 27.4412 -15.5447 -31.6377 -39.8056 -37.8116 12.8927 27.7309 -24.3755 -35.6272 -41.4642 -9.0282 24.1407 -10.7138 -30.2873 -38.9688 -40.6534 9.3922 31.5742 -22.0073 -34.3927 -41.1905 -25.4788 9.3463 -25.4788 -41.1905 -34.3927 -22.0073 31.5742 9.3922 -40.6534 -38.9688 -30.2873 -10.7138 24.1407 -9.0282 -41.4642 -35.6272 -24.3755 27.7309 12.8927 -37.8116 -39.8056 -31.6377 -15.5447 27.4412 -0.6273 -41.6936 -36.7750 -26.5963 15.8270 16.4187 -32.0973 -40.5012 -32.9480 -18.9129 30.3807 4.7691 -41.7651 -37.8455 -28.6633 -0.1524 20.2766 -22.5152 -41.0362 -34.2147 -21.6121 31.6669 8.7813 -40.9394 -38.7961 -30.0304 -9.3798 22.7138
-9.3798 -32.9146 -41.2499 -42.5253 8.7925 32.3322 -22.3801 -36.8021 -43.2286 -23.5389 19.8614 3.7603 -31.3492 -40.3126 -43.5282 4.7068 30.2815 -19.1681 -35.5664 -42.7813 -33.3942 16.1367 20.6117 -28.5454 -39.2829 -43.6097 -0.7878 27.0476 -15.2112 -34.2947 -42.1566 -39.2823 12.7467 30.2683 -25.7226 -38.1715 -43.5279 -9.5195 23.7660 -9.4122 -32.9908 -41.3787 -42.2724 9.3195 32.4197 -22.8478 -36.9884 -43.3097 -22.7669 18.0021 31.7662 18.0021 -22.7669 -43.3097 -36.9884 -22.8478 32.4197 9.3195 -42.2724 -41.3787 -32.9908 -9.4122 23.7660 -9.5195 -43.5279 -38.1715 -25.7226 30.2683 12.7467 -39.2823 -42.1566 -34.2947 -15.2112 27.0476 -0.7878 -43.6097 -39.2829 -28.5454 20.6117 16.1367 -33.3942 -42.7813 -35.5664 -19.1681 30.2815 4.7068 -43.5282 -40.3126 -31.3492 3.7603 19.8614 -23.5389 -43.2286 -36.8021 -22.3801 32.3322 8.7925 -42.5253 -41.2499 -32.9146 -9.3798
-30.0304 -41.2499 -42.6764 8.1798 32.1013 -21.6872 -36.5002 -43.1217 -26.4750 18.7962 8.2721 -30.6810 -40.0421 -43.5871 3.4099 29.4586 -18.1957 -35.2227 -42.6240 -35.3395 15.1769 24.1699 -27.7734 -38.9875 -43.5942 -2.7528 26.1220 -13.8938 -33.9420 -41.9562 -40.3167 11.8188 31.4263 -24.9556 -37.8573 -43.4759 -12.6142 22.8561 -7.1963 -32.6301 -41.1411 -42.7254 8.3226 32.2158 -22.0395 -36.6619 -43.1926 -25.0676 18.8393 14.2471 -22.8383 14.2471 18.8393 -25.0676 -43.1926 -36.6619 -22.0395 32.2158 8.3226 -42.7254 -41.1411 -32.6301 -7.1963 22.8561 -12.6142 -43.4759 -37.8573 -24.9556 31.4263 11.8188 -40.3167 -41.9562 -33.9420 -13.8938 26.1220 -2.7528 -43.5942 -38.9875 -27.7734 24.1699 15.1769 -35.3395 -42.6240 -35.2227 -18.1957 29.4586 3.4099 -43.5871 -40.0421 -30.6810 8.2721 18.7962 -26.4750 -43.1217 -36.5002 -21.6872 32.1013 8.1798 -42.6764 -41.2499 -30.0304
-38.7961 -42.5253 8.1798 31.9795 -21.2578 -36.2753 -43.0217 -28.8811 17.8799 12.7555 -29.9150 -39.7727 -43.6042 2.0143 28.5865 -17.1644 -34.8792 -42.4595 -37.0086 14.2619 26.9923 -27.0098 -38.6874 -43.5775 -4.9924 25.2249 -12.4216 -33.5899 -41.7495 -41.1726 10.9023 32.1089 -24.1849 -37.5396 -43.4171 -15.9140 21.9977 -4.5469 -32.2700 -40.8986 -43.0732 7.2965 31.8009 -21.2087 -36.3341 -43.0793 -27.8238 18.2273 12.0502 -29.1865 -36.3890 -29.1865 12.0502 18.2273 -27.8238 -43.0793 -36.3341 -21.2087 31.8009 7.2965 -43.0732 -40.8986 -32.2700 -4.5469 21.9977 -15.9140 -43.4171 -37.5396 -24.1849 32.1089 10.9023 -41.1726 -41.7495 -33.5899 -12.4216 25.2249 -4.9924 -43.5775 -38.6874 -27.0098 26.9923 14.2619 -37.0086 -42.4595 -34.8792 -17.1644 28.5865 2.0143 -43.6042 -39.7727 -29.9150 12.7555 17.8799 -28.8811 -43.0217 -36.2753 -21.2578 31.9795 8.1798 -42.5253 -38.7961
-40.9394 8.7925 32.1013 -21.2578 -36.1900 -42.9561 -30.4734 17.1660 16.5359 -29.2286 -39.5149 -43.6027 0.5231 27.7044 -16.0710 -34.5383 -42.2834 -38.4174 13.3561 29.1415 -26.2523 -38.3837 -43.5484 -7.5423 24.3374 -10.7371 -33.2370 -41.5323 -41.8662 9.9698 32.4049 -23.4072 -37.2193 -43.3420 -19.2788 21.1320 -1.3322 -31.9090 -40.6474 -43.3226 6.2148 31.2186 -20.3486 -36.0025 -42.9575 -30.4349 17.3191 15.4576 -29.3211 -39.5335 -44.5481 -39.5335 -29.3211 15.4576 17.3191 -30.4349 -42.9575 -36.0025 -20.3486 31.2186 6.2148 -43.3226 -40.6474 -31.9090 -1.3322 21.1320 -19.2788 -43.3420 -37.2193 -23.4072 32.4049 9.9698 -41.8662 -41.5323 -33.2370 -10.7371 24.3374 -7.5423 -43.5484 -38.3837 -26.2523 29.1415 13.3561 -38.4174 -42.2834 -34.5383 -16.0710 27.7044 0.5231 -43.6027 -39.5149 -29.2286 16.5359 17.1660 -30.4734 -42.9561 -36.1900 -21.2578 32.1013 8.7925 -40.9394
8.7813 32.3322 -21.6872 -36.2753 -42.9561 -31.0268 16.7680 19.0052 -28.6928 -39.2896 -43.5967 -1.0286 26.8673 -14.9306 -34.2048 -42.0989 -39.5865 12.4610 30.6688 -25.4911 -38.0749 -43.5100 -10.4289 23.4634 -8.7741 -32.8803 -41.3067 -42.4168 9.0106 32.3842 -22.6106 -36.8946 -43.2560 -22.5933 20.1430 2.5294 -31.5208 -40.3896 -43.4858 5.0583 30.5122 -19.4450 -35.6652 -42.8221 -32.7561 16.3768 19.5310 -28.7152 -39.3249 -44.4938 -33.0809 -44.4938 -39.3249 -28.7152 19.5310 16.3768 -32.7561 -42.8221 -35.6652 -19.4450 30.5122 5.0583 -43.4858 -40.3896 -31.5208 2.5294 20.1430 -22.5933 -43.2560 -36.8946 -22.6106 32.3842 9.0106 -42.4168 -41.3067 -32.8803 -8.7741 23.4634 -10.4289 -43.5100 -38.0749 -25.4911 30.6688 12.4610 -39.5865 -42.0989 -34.2048 -14.9306 26.8673 -1.0286 -43.5967 -39.2896 -28.6928 19.0052 16.7680 -31.0268 -42.9561 -36.2753 -21.6872 32.3322 8.7813
31.6669 -22.3801 -36.5002 -43.0217 -30.4734 16.7680 19.8450 -28.3926 -39.1308 -43.5860 -2.4734 26.1327 -13.7918 -33.8918 -41.9126 -40.5263 11.5879 31.6540 -24.7364 -37.7640 -43.4593 -13.5855 22.5965 -6.4526 -32.5221 -41.0685 -42.8408 8.0160 32.1107 -21.7954 -36.5663 -43.1563 -25.7167 19.0693 6.9663 -30.9092 -40.1212 -43.5735 3.8074 29.7127 -18.4942 -35.3254 -42.6715 -34.7809 15.4483 23.2193 -27.9853 -39.0631 -43.6665 -5.5535 14.5603 -5.5535 -43.6665 -39.0631 -27.9853 23.2193 15.4483 -34.7809 -42.6715 -35.3254 -18.4942 29.7127 3.8074 -43.5735 -40.1212 -30.9092 6.9663 19.0693 -25.7167 -43.1563 -36.5663 -21.7954 32.1107 8.0160 -42.8408 -41.0685 -32.5221 -6.4526 22.5965 -13.5855 -43.4593 -37.7640 -24.7364 31.6540 11.5879 -40.5263 -41.9126 -33.8918 -13.7918 26.1327 -2.4734 -43.5860 -39.1308 -28.3926 19.8450 16.7680 -30.4734 -43.0217 -36.5002 -22.3801 31.6669
-21.6121 -36.8021 -43.1217 -28.8811 17.1660 19.0052 -28.3926 -39.0732 -43.5769 -3.5336 25.5768 -12.7569 -33.6184 -41.7366 -41.2521 10.7539 32.1996 -24.0009 -37.4572 -43.3954 -16.8646 21.7478 -3.6608 -32.1615 -40.8238 -43.1583 6.9779 31.6391 -20.9532 -36.2361 -43.0431 -28.5807 18.0451 11.7414 -30.1096 -39.8475 -43.6029 2.4413 28.8475 -17.4810 -34.9843 -42.5105 -36.5343 14.5356 26.2328 -27.2302 -38.7741 -43.5989 -5.0985 23.2036 27.8901 23.2036 -5.0985 -43.5989 -38.7741 -27.2302 26.2328 14.5356 -36.5343 -42.5105 -34.9843 -17.4810 28.8475 2.4413 -43.6029 -39.8475 -30.1096 11.7414 18.0451 -28.5807 -43.0431 -36.2361 -20.9532 31.6391 6.9779 -43.1583 -40.8238 -32.1615 -3.6608 21.7478 -16.8646 -43.3954 -37.4572 -24.0009 32.1996 10.7539 -41.2521 -41.7366 -33.6184 -12.7569 25.5768 -3.5336 -43.5769 -39.0732 -28.3926 19.0052 17.1660 -28.8811 -43.1217 -36.8021 -21.6121
-34.2147 -43.2286 -26.4750 17.8799 16.5359 -28.6928 -39.1308 -43.5769 -3.9322 25.2768 -12.0073 -33.4086 -41.5864 -41.7779 9.9945 32.4119 -23.2984 -37.1587 -43.3213 -20.1003 20.8770 -0.3322 -31.8029 -40.5724 -43.3802 5.8745 31.0180 -20.0780 -35.9006 -42.9178 -31.1430 17.0599 16.4107 -29.3199 -39.5666 -43.6058 0.9166 27.9454 -16.3906 -34.6388 -42.3388 -38.0243 13.6279 28.5620 -26.4756 -38.4735 -43.5631 -6.9668 24.2844 -7.6996 -27.2474 -7.6996 24.2844 -6.9668 -43.5631 -38.4735 -26.4756 28.5620 13.6279 -38.0243 -42.3388 -34.6388 -16.3906 27.9454 0.9166 -43.6058 -39.5666 -29.3199 16.4107 17.0599 -31.1430 -42.9178 -35.9006 -20.0780 31.0180 5.8745 -43.3802 -40.5724 -31.8029 -0.3322 20.8770 -20.1003 -43.3213 -37.1587 -23.2984 32.4119 9.9945 -41.7779 -41.5864 -33.4086 -12.0073 25.2768 -3.9322 -43.5769 -39.1308 -28.6928 16.5359 17.8799 -26.4750 -43.2286 -34.2147
-41.0362 -23.5389 18.7962 12.7555 -29.2286 -39.2896 -43.5860 -3.5336 25.2768 -11.7305 -33.2943 -41.4835 -42.1177 9.3682 32.4097 -22.6680 -36.8846 -43.2404 -23.1049 19.9263 3.5120 -31.3765 -40.3157 -43.5180 4.7033 30.2845 -19.1653 -35.5633 -42.7760 -33.3862 16.1057 20.6211 -28.5430 -39.2793 -43.6030 -0.7979 27.0293 -15.2073 -34.2918 -42.1519 -39.2727 12.7232 30.2717 -25.7200 -38.1684 -43.5246 -9.6005 23.6481 -8.6577 -32.3667 -38.4453 -32.3667 -8.6577 23.6481 -9.6005 -43.5246 -38.1684 -25.7200 30.2717 12.7232 -39.2727 -42.1519 -34.2918 -15.2073 27.0293 -0.7979 -43.6030 -39.2793 -28.5430 20.6211 16.1057 -33.3862 -42.7760 -35.5633 -19.1653 30.2845 4.7033 -43.5180 -40.3157 -31.3765 3.5120 19.9263 -23.1049 -43.2404 -36.8846 -22.6680 32.4097 9.3682 -42.1177 -41.4835 -33.2943 -11.7305 25.2768 -3.5336 -43.5860 -39.2896 -29.2286 12.7555 18.7962 -23.5389 -41.0362
-22.5152 19.8614 8.2721 -29.9150 -39.5149 -43.5967 -2.4734 25.5768 -12.0073 -33.2943 -41.4452 -42.2821 8.9489 32.3162 -22.1556 -36.6510 -43.1611 -25.6749 19.0016 7.6105 -30.7597 -40.0598 -43.5852 3.4607 29.4798 -18.2076 -35.2259 -42.6225 -35.3394 15.1769 24.1698 -27.7734 -38.9875 -43.5944 -2.7527 26.1225 -13.8939 -33.9420 -41.9563 -40.3167 11.8188 31.4262 -24.9557 -37.8572 -43.4776 -12.6470 22.8347 -6.9834 -32.5039 -41.2640 -45.4541 -41.2640 -32.5039 -6.9834 22.8347 -12.6470 -43.4776 -37.8572 -24.9557 31.4262 11.8188 -40.3167 -41.9563 -33.9420 -13.8939 26.1225 -2.7527 -43.5944 -38.9875 -27.7734 24.1698 15.1769 -35.3394 -42.6225 -35.2259 -18.2076 29.4798 3.4607 -43.5852 -40.0598 -30.7597 7.6105 19.0016 -25.6749 -43.1611 -36.6510 -22.1556 32.3162 8.9489 -42.2821 -41.4452 -33.2943 -12.0073 25.5768 -2.4734 -43.5967 -39.5149 -29.9150 8.2721 19.8614 -22.5152
20.2766 3.7603 -30.6810 -39.7727 -43.6027 -1.0286 26.1327 -12.7569 -33.4086 -41.4835 -42.2821 8.8027 32.2362 -21.8136 -36.4776 -43.0910 -27.6899 18.2233 11.4950 -30.0734 -39.8141 -43.6030 2.1470 28.6405 -17.2105 -34.8900 -42.4603 -36.9963 14.2668 26.9917 -27.0098 -38.6874 -43.5775 -4.9924 25.2249 -12.4216 -33.5899 -41.7495 -41.1726 10.9023 32.1089 -24.1849 -37.5396 -43.4171 -15.9186 21.9888 -4.4719 -32.2390 -40.8976 -43.7994 -15.4431 -43.7994 -40.8976 -32.2390 -4.4719 21.9888 -15.9186 -43.4171 -37.5396 -24.1849 32.1089 10.9023 -41.1726 -41.7495 -33.5899 -12.4216 25.2249 -4.9924 -43.5775 -38.6874 -27.0098 26.9917 14.2668 -36.9963 -42.4603 -34.8900 -17.2105 28.6405 2.1470 -43.6030 -39.8141 -30.0734 11.4950 18.2233 -27.6899 -43.0910 -36.4776 -21.8136 32.2362 8.8027 -42.2821 -41.4835 -33.4086 -12.7569 26.1327 -1.0286 -43.6027 -39.7727 -30.6810 3.7603 20.2766
-0.1524 -31.3492 -40.0421 -43.6042 0.5231 26.8673 -13.7918 -33.6184 -41.5864 -42.1177 8.9489 32.2362 -21.6936 -36.3853 -43.0409 -29.0708 17.6301 14.6874 -29.4871 -39.5904 -43.6020 0.7906 27.8161 -16.1783 -34.5615 -42.2909 -38.3767 13.3775 29.1190 -26.2558 -38.3834 -43.5484 -7.5423 24.3374 -10.7371 -33.2370 -41.5323 -41.8662 9.9698 32.4049 -23.4072 -37.2193 -43.3420 -19.2791 21.1307 -1.2952 -31.8998 -40.6438 -43.3710 4.2965 19.6113 4.2965 -43.3710 -40.6438 -31.8998 -1.2952 21.1307 -19.2791 -43.3420 -37.2193 -23.4072 32.4049 9.9698 -41.8662 -41.5323 -33.2370 -10.7371 24.3374 -7.5423 -43.5484 -38.3834 -26.2558 29.1190 13.3775 -38.3767 -42.2909 -34.5615 -16.1783 27.8161 0.7906 -43.6020 -39.5904 -29.4871 14.6874 17.6301 -29.0708 -43.0409 -36.3853 -21.6936 32.2362 8.9489 -42.1177 -41.5864 -33.6184 -13.7918 26.8673 0.5231 -43.6042 -40.0421 -31.3492 -0.1524
-28.6633 -40.3126 -43.5871 2.0143 27.7044 -14.9306 -33.8918 -41.7366 -41.7779 9.3682 32.3162 -21.8136 -36.3853 -43.0223 -29.7698 17.2583 16.8942 -29.0359 -39.4006 -43.5978 -0.5454 27.0605 -15.1381 -34.2488 -42.1163 -39.5121 12.5124 30.6176 -25.5102 -38.0796 -43.5099 -10.4098 23.4636 -8.7741 -32.8803 -41.3067 -42.4168 9.0106 32.3842 -22.6106 -36.8946 -43.2560 -22.5933 20.1429 2.5359 -31.5176 -40.3865 -43.4925 4.6162 28.9268 5.9738 28.9268 4.6162 -43.4925 -40.3865 -31.5176 2.5359 20.1429 -22.5933 -43.2560 -36.8946 -22.6106 32.3842 9.0106 -42.4168 -41.3067 -32.8803 -8.7741 23.4636 -10.4098 -43.5099 -38.0796 -25.5102 30.6176 12.5124 -39.5121 -42.1163 -34.2488 -15.1381 27.0605 -0.5454 -43.5978 -39.4006 -29.0359 16.8942 17.2583 -29.7698 -43.0223 -36.3853 -21.8136 32.3162 9.3682 -41.7779 -41.7366 -33.8918 -14.9306 27.7044 2.0143 -43.5871 -40.3126 -28.6633
-37.8455 -43.5282 3.4099 28.5865 -16.0710 -34.2048 -41.9126 -41.2521 9.9945 32.4097 -22.1556 -36.4776 -43.0409 -29.7698 17.1302 18.0067 -28.7524 -39.2621 -43.5919 -1.7491 26.4146 -14.1425 -33.9644 -41.9461 -40.4101 11.6822 31.5906 -24.7818 -37.7773 -43.4620 -13.5234 22.6066 -6.4666 -32.5225 -41.0685 -42.8408 8.0160 32.1107 -21.7954 -36.5663 -43.1563 -25.7167 19.0693 6.9668 -30.9087 -40.1203 -43.5743 3.6930 29.4220 -16.7013 -30.6533 -16.7013 29.4220 3.6930 -43.5743 -40.1203 -30.9087 6.9668 19.0693 -25.7167 -43.1563 -36.5663 -21.7954 32.1107 8.0160 -42.8408 -41.0685 -32.5225 -6.4666 22.6066 -13.5234 -43.4620 -37.7773 -24.7818 31.5906 11.6822 -40.4101 -41.9461 -33.9644 -14.1425 26.4146 -1.7491 -43.5919 -39.2621 -28.7524 18.0067 17.1302 -29.7698 -43.0409 -36.4776 -22.1556 32.4097 9.9945 -41.2521 -41.9126 -34.2048 -16.0710 28.5865 3.4099 -43.5282 -37.8455
-41.7651 4.7068 29.4586 -17.1644 -34.5383 -42.0989 -40.5263 10.7539 32.4119 -22.6680 -36.6510 -43.0910 -29.0708 17.2583 18.0067 -28.6541 -39.1901 -43.5872 -2.6720 25.9177 -13.2578 -33.7214 -41.7902 -41.0977 10.9074 32.1419 -24.0847 -37.4813 -43.3998 -16.7406 21.7719 -3.7255 -32.1682 -40.8255 -43.1564 6.9782 31.6391 -20.9532 -36.2361 -43.0431 -28.5807 18.0451 11.7414 -30.1095 -39.8482 -43.6031 2.4046 28.7737 -17.1157 -34.4631 -40.4084 -34.4631 -17.1157 28.7737 2.4046 -43.6031 -39.8482 -30.1095 11.7414 18.0451 -28.5807 -43.0431 -36.2361 -20.9532 31.6391 6.9782 -43.1564 -40.8255 -32.1682 -3.7255 21.7719 -16.7406 -43.3998 -37.4813 -24.0847 32.1419 10.9074 -41.0977 -41.7902 -33.7214 -13.2578 25.9177 -2.6720 -43.5872 -39.1901 -28.6541 18.0067 17.2583 -29.0708 -43.0910 -36.6510 -22.6680 32.4119 10.7539 -40.5263 -42.0989 -34.5383 -17.1644 29.4586 4.7068 -41.7651
4.7691 30.2815 -18.1957 -34.8792 -42.2834 -39.5865 11.5879 32.1996 -23.2984 -36.8846 -43.1611 -27.6899 17.6301 16.8942 -28.7524 -39.1901 -43.5859 -3.1673 25.6050 -12.5807 -33.5320 -41.6562 -41.5977 10.2175 32.3841 -23.4329 -37.2013 -43.3294 -19.8593 20.9341 -0.4876 -31.8168 -40.5801 -43.3764 5.8877 31.0212 -20.0792 -35.9006 -42.9178 -31.1430 17.0599 16.4107 -29.3199 -39.5665 -43.6059 0.9028 27.9227 -16.2959 -34.5305 -42.7461 -45.6487 -42.7461 -34.5305 -16.2959 27.9227 0.9028 -43.6059 -39.5665 -29.3199 16.4107 17.0599 -31.1430 -42.9178 -35.9006 -20.0792 31.0212 5.8877 -43.3764 -40.5801 -31.8168 -0.4876 20.9341 -19.8593 -43.3294 -37.2013 -23.4329 32.3841 10.2175 -41.5977 -41.6562 -33.5320 -12.5807 25.6050 -3.1673 -43.5859 -39.1901 -28.7524 16.8942 17.6301 -27.6899 -43.1611 -36.8846 -23.2984 32.1996 11.5879 -39.5865 -42.2834 -34.8792 -18.1957 30.2815 4.7691
30.3807 -19.1681 -35.2227 -42.4595 -38.4174 12.4610 31.6540 -24.0009 -37.1587 -43.2404 -25.6749 18.2233 14.6874 -29.0359 -39.2621 -43.5872 -3.1673 25.4992 -12.2234 -33.4122 -41.5596 -41.9316 9.6494 32.4284 -22.8526 -36.9480 -43.2566 -22.6926 20.0372 3.1826 -31.4172 -40.3300 -43.5140 4.7369 30.2994 -19.1782 -35.5660 -42.7781 -33.3857 16.1057 20.6211 -28.5430 -39.2793 -43.6030 -0.8001 27.0214 -15.1764 -34.2638 -42.1980 -40.7131 -0.5432 -40.7131 -42.1980 -34.2638 -15.1764 27.0214 -0.8001 -43.6030 -39.2793 -28.5430 20.6211 16.1057 -33.3857 -42.7781 -35.5660 -19.1782 30.2994 4.7369 -43.5140 -40.3300 -31.4172 3.1826 20.0372 -22.6926 -43.2566 -36.9480 -22.8526 32.4284 9.6494 -41.9316 -41.5596 -33.4122 -12.2234 25.4992 -3.1673 -43.5872 -39.2621 -29.0359 14.6874 18.2233 -25.6749 -43.2404 -37.1587 -24.0009 31.6540 12.4610 -38.4174 -42.4595 -35.2227 -19.1681 30.3807
-18.9129 -35.5664 -42.6240 -37.0086 13.3561 30.6688 -24.7364 -37.4572 -43.3213 -23.1049 19.0016 11.4950 -29.4871 -39.4006 -43.5919 -2.6720 25.6050 -12.2234 -33.3722 -41.5115 -42.1230 9.2402 32.3756 -22.3786 -36.7321 -43.1835 -25.1143 19.1647 7.0098 -30.8475 -40.0828 -43.5825 3.5239 29.5134 -18.2397 -35.2344 -42.6272 -35.3184 15.1824 24.1647 -27.7734 -38.9875 -43.5944 -2.7532 26.1214 -13.8821 -33.9340 -41.9634 -40.6084 10.1617 24.7847 10.1617 -40.6084 -41.9634 -33.9340 -13.8821 26.1214 -2.7532 -43.5944 -38.9875 -27.7734 24.1647 15.1824 -35.3184 -42.6272 -35.2344 -18.2397 29.5134 3.5239 -43.5825 -40.0828 -30.8475 7.0098 19.1647 -25.1143 -43.1835 -36.7321 -22.3786 32.3756 9.2402 -42.1230 -41.5115 -33.3722 -12.2234 25.6050 -2.6720 -43.5919 -39.4006 -29.4871 11.4950 19.0016 -23.1049 -43.3213 -37.4572 -24.7364 30.6688 13.3561 -37.0086 -42.6240 -35.5664 -18.9129
-32.9480 -42.7813 -35.3395 14.2619 29.1415 -25.4911 -37.7640 -43.3954 -20.1003 19.9263 7.6105 -30.0734 -39.5904 -43.5978 -1.7491 25.9177 -12.5807 -33.4122 -41.5115 -42.1845 9.0248 32.3077 -22.0371 -36.5663 -43.1200 -27.0399 18.4311 10.6305 -30.2005 -39.8498 -43.6021 2.2704 28.7006 -17.2651 -34.9058 -42.4668 -36.9545 14.2861 26.9565 -27.0168 -38.6898 -43.5776 -4.9924 25.2247 -12.4198 -33.5877 -41.7491 -41.2345 10.5321 32.5042 -11.5043 32.5042 10.5321 -41.2345 -41.7491 -33.5877 -12.4198 25.2247 -4.9924 -43.5776 -38.6898 -27.0168 26.9565 14.2861 -36.9545 -42.4668 -34.9058 -17.2651 28.7006 2.2704 -43.6021 -39.8498 -30.2005 10.6305 18.4311 -27.0399 -43.1200 -36.5663 -22.0371 32.3077 9.0248 -42.1845 -41.5115 -33.4122 -12.5807 25.9177 -1.7491 -43.5978 -39.5904 -30.0734 7.6105 19.9263 -20.1003 -43.3954 -37.7640 -25.4911 29.1415 14.2619 -35.3395 -42.7813 -32.9480
-40.5012 -33.3942 15.1769 26.9923 -26.2523 -38.0749 -43.4593 -16.8646 20.8770 3.5120 -30.7597 -39.8141 -43.6020 -0.5454 26.4146 -13.2578 -33.5320 -41.5596 -42.1230 9.0248 32.2784 -21.8586 -36.4630 -43.0724 -28.4291 17.8582 13.6730 -29.6468 -39.6394 -43.6019 0.9927 27.9118 -16.2743 -34.5862 -42.3012 -38.3161 13.4135 29.0625 -26.2752 -38.3897 -43.5489 -7.5291 24.3387 -10.7367 -33.2361 -41.5315 -41.8799 9.8777 32.4469 -22.0960 -33.0277 -22.0960 32.4469 9.8777 -41.8799 -41.5315 -33.2361 -10.7367 24.3387 -7.5291 -43.5489 -38.3897 -26.2752 29.0625 13.4135 -38.3161 -42.3012 -34.5862 -16.2743 27.9118 0.9927 -43.6019 -39.6394 -29.6468 13.6730 17.8582 -28.4291 -43.0724 -36.4630 -21.8586 32.2784 9.0248 -42.1230 -41.5596 -33.5320 -13.2578 26.4146 -0.5454 -43.6020 -39.8141 -30.7597 3.5120 20.8770 -16.8646 -43.4593 -38.0749 -26.2523 26.9923 15.1769 -33.3942 -40.5012
-32.0973 16.1367 24.1699 -27.0098 -38.3837 -43.5100 -13.5855 21.7478 -0.3322 -31.3765 -40.0598 -43.6030 0.7906 27.0605 -14.1425 -33.7214 -41.6562 -41.9316 9.2402 32.3077 -21.8586 -36.4281 -43.0459 -29.2613 17.4681 15.9028 -29.2079 -39.4598 -43.5989 -0.2607 27.1885 -15.2908 -34.2853 -42.1342 -39.4320 12.5641 30.5562 -25.5424 -38.0881 -43.5101 -10.3570 23.4760 -8.7933 -32.8823 -41.3060 -42.4193 8.9853 32.3733 -22.3460 -36.4997 -42.2219 -36.4997 -22.3460 32.3733 8.9853 -42.4193 -41.3060 -32.8823 -8.7933 23.4760 -10.3570 -43.5101 -38.0881 -25.5424 30.5562 12.5641 -39.4320 -42.1342 -34.2853 -15.2908 27.1885 -0.2607 -43.5989 -39.4598 -29.2079 15.9028 17.4681 -29.2613 -43.0459 -36.4281 -21.8586 32.3077 9.2402 -41.9316 -41.6562 -33.7214 -14.1425 27.0605 0.7906 -43.6030 -40.0598 -31.3765 -0.3322 21.7478 -13.5855 -43.5100 -38.3837 -27.0098 24.1699 16.1367 -32.0973
16.4187 20.6117 -27.7734 -38.6874 -43.5484 -10.4289 22.5965 -3.6608 -31.8029 -40.3157 -43.5852 2.1470 27.8161 -15.1381 -33.9644 -41.7902 -41.5977 9.6494 32.3756 -22.0371 -36.4630 -43.0459 -29.5334 17.2665 17.2477 -28.9026 -39.3208 -43.5950 -1.3956 26.5640 -14.3449 -34.0117 -41.9712 -40.3207 11.7525 31.5344 -24.8275 -37.7906 -43.4616 -13.4165 22.6326 -6.5288 -32.5291 -41.0714 -42.8396 8.0127 32.1038 -21.7282 -36.4792 -43.8630 -44.4204 -43.8630 -36.4792 -21.7282 32.1038 8.0127 -42.8396 -41.0714 -32.5291 -6.5288 22.6326 -13.4165 -43.4616 -37.7906 -24.8275 31.5344 11.7525 -40.3207 -41.9712 -34.0117 -14.3449 26.5640 -1.3956 -43.5950 -39.3208 -28.9026 17.2477 17.2665 -29.5334 -43.0459 -36.4630 -22.0371 32.3756 9.6494 -41.5977 -41.7902 -33.9644 -15.1381 27.8161 2.1470 -43.5852 -40.3157 -31.8029 -3.6608 22.5965 -10.4289 -43.5484 -38.6874 -27.7734 20.6117 16.4187
15.8270 -28.5454 -38.9875 -43.5775 -7.5423 23.4634 -6.4526 -32.1615 -40.5724 -43.5180 3.4607 28.6405 -16.1783 -34.2488 -41.9461 -41.0977 10.2175 32.4284 -22.3786 -36.5663 -43.0724 -29.2613 17.2665 17.6932 -28.7452 -39.2359 -43.5912 -2.3095 26.0734 -13.4981 -33.7731 -41.8206 -40.9976 11.0067 32.0983 -24.1467 -37.5052 -43.4037 -16.5684 21.8126 -3.8361 -32.1774 -40.8312 -43.1519 6.9933 31.6434 -20.9418 -36.2120 -43.1270 -32.2135 6.8634 -32.2135 -43.1270 -36.2120 -20.9418 31.6434 6.9933 -43.1519 -40.8312 -32.1774 -3.8361 21.8126 -16.5684 -43.4037 -37.5052 -24.1467 32.0983 11.0067 -40.9976 -41.8206 -33.7731 -13.4981 26.0734 -2.3095 -43.5912 -39.2359 -28.7452 17.6932 17.2665 -29.2613 -43.0724 -36.5663 -22.3786 32.4284 10.2175 -41.0977 -41.9461 -34.2488 -16.1783 28.6405 3.4607 -43.5180 -40.5724 -32.1615 -6.4526 23.4634 -7.5423 -43.5775 -38.9875 -28.5454 15.8270
-26.5963 -39.2829 -43.5942 -4.9924 24.3374 -8.7741 -32.5221 -40.8238 -43.3802 4.7033 29.4798 -17.2105 -34.5615 -42.1163 -40.4101 10.9074 32.3841 -22.8526 -36.7321 -43.1200 -28.4291 17.4681 17.2477 -28.7452 -39.2090 -43.5888 -2.9081 25.7347 -12.8214 -33.5840 -41.6922 -41.4981 10.3428 32.3614 -23.5181 -37.2354 -43.3385 -19.6030 20.9995 -0.6769 -31.8327 -40.5877 -43.3708 5.9193 31.0351 -20.0925 -35.8997 -42.9320 -31.8951 15.1008 29.8686 15.1008 -31.8951 -42.9320 -35.8997 -20.0925 31.0351 5.9193 -43.3708 -40.5877 -31.8327 -0.6769 20.9995 -19.6030 -43.3385 -37.2354 -23.5181 32.3614 10.3428 -41.4981 -41.6922 -33.5840 -12.8214 25.7347 -2.9081 -43.5888 -39.2090 -28.7452 17.2477 17.4681 -28.4291 -43.1200 -36.7321 -22.8526 32.3841 10.9074 -40.4101 -42.1163 -34.5615 -17.2105 29.4798 4.7033 -43.3802 -40.8238 -32.5221 -8.7741 24.3374 -4.9924 -43.5942 -39.2829 -26.5963
-36.7750 -43.6097 -2.7528 25.2249 -10.7371 -32.8803 -41.0685 -43.1583 5.8745 30.2845 -18.2076 -34.8900 -42.2909 -39.5121 11.6822 32.1419 -23.4329 -36.9480 -43.1835 -27.0399 17.8582 15.9028 -28.9026 -39.2359 -43.5888 -3.1181 25.5599 -12.3822 -33.4554 -41.5930 -41.8479 9.7778 32.4302 -22.9538 -36.9872 -43.2669 -22.3542 20.1310 2.8684 -31.4550 -40.3431 -43.5090 4.7892 30.3228 -19.2012 -35.5737 -42.7823 -33.5175 15.6990 26.5322 -19.4012 26.5322 15.6990 -33.5175 -42.7823 -35.5737 -19.2012 30.3228 4.7892 -43.5090 -40.3431 -31.4550 2.8684 20.1310 -22.3542 -43.2669 -36.9872 -22.9538 32.4302 9.7778 -41.8479 -41.5930 -33.4554 -12.3822 25.5599 -3.1181 -43.5888 -39.2359 -28.9026 15.9028 17.8582 -27.0399 -43.1835 -36.9480 -23.4329 32.1419 11.6822 -39.5121 -42.2909 -34.8900 -18.2076 30.2845 5.8745 -43.1583 -41.0685 -32.8803 -10.7371 25.2249 -2.7528 -43.6097 -36.7750
-41.6936 -0.7878 26.1220 -12.4216 -33.2370 -41.3067 -42.8408 6.9779 31.0180 -19.1653 -35.2259 -42.4603 -38.3767 12.5124 31.5906 -24.0847 -37.2013 -43.2566 -25.1143 18.4311 13.6730 -29.2079 -39.3208 -43.5912 -2.9081 25.5599 -12.2334 -33.3894 -41.5307 -42.0655 9.3502 32.3946 -22.4788 -36.7724 -43.1967 -24.7503 19.2782 6.5513 -30.9103 -40.1029 -43.5798 3.6019 29.5536 -18.2794 -35.2442 -42.6315 -35.2980 15.1144 25.1692 -26.6354 -35.1812 -26.6354 25.1692 15.1144 -35.2980 -42.6315 -35.2442 -18.2794 29.5536 3.6019 -43.5798 -40.1029 -30.9103 6.5513 19.2782 -24.7503 -43.1967 -36.7724 -22.4788 32.3946 9.3502 -42.0655 -41.5307 -33.3894 -12.2334 25.5599 -2.9081 -43.5912 -39.3208 -29.2079 13.6730 18.4311 -25.1143 -43.2566 -37.2013 -24.0847 31.5906 12.5124 -38.3767 -42.4603 -35.2259 -19.1653 31.0180 6.9779 -42.8408 -41.3067 -33.2370 -12.4216 26.1220 -0.7878 -41.6936
-0.6273 27.0476 -13.8938 -33.5899 -41.5323 -42.4168 8.0160 31.6391 -20.0780 -35.5633 -42.6225 -36.9963 13.3775 30.6176 -24.7818 -37.4813 -43.3294 -22.6926 19.1647 10.6305 -29.6468 -39.4598 -43.5950 -2.3095 25.7347 -12.3822 -33.3894 -41.5101 -42.1690 9.0861 32.3286 -22.1192 -36.6033 -43.1349 -26.6969 18.5478 10.0844 -30.2783 -39.8753 -43.6013 2.3615 28.7541 -17.3261 -34.9192 -42.4737 -36.9013 14.2955 27.0755 -26.8137 -38.4699 -43.8061 -38.4699 -26.8137 27.0755 14.2955 -36.9013 -42.4737 -34.9192 -17.3261 28.7541 2.3615 -43.6013 -39.8753 -30.2783 10.0844 18.5478 -26.6969 -43.1349 -36.6033 -22.1192 32.3286 9.0861 -42.1690 -41.5101 -33.3894 -12.3822 25.7347 -2.3095 -43.5950 -39.4598 -29.6468 10.6305 19.1647 -22.6926 -43.3294 -37.4813 -24.7818 30.6176 13.3775 -36.9963 -42.6225 -35.5633 -20.0780 31.6391 8.0160 -42.4168 -41.5323 -33.5899 -13.8938 27.0476 -0.6273
27.4412 -15.2112 -33.9420 -41.7495 -41.8662 9.0106 32.1107 -20.9532 -35.9006 -42.7760 -35.3394 14.2668 29.1190 -25.5102 -37.7773 -43.3998 -19.8593 20.0372 7.0098 -30.2005 -39.6394 -43.5989 -1.3956 26.0734 -12.8214 -33.4554 -41.5307 -42.1690 8.9954 32.2830 -21.8942 -36.4872 -43.0852 -28.1315 17.9662 13.1567 -29.7278 -39.6689 -43.6022 1.1170 27.9750 -16.3525 -34.6057 -42.3115 -38.2590 13.4467 29.0210 -26.2470 -38.3447 -44.4637 -39.2172 -44.4637 -38.3447 -26.2470 29.0210 13.4467 -38.2590 -42.3115 -34.6057 -16.3525 27.9750 1.1170 -43.6022 -39.6689 -29.7278 13.1567 17.9662 -28.1315 -43.0852 -36.4872 -21.8942 32.2830 8.9954 -42.1690 -41.5307 -33.4554 -12.8214 26.0734 -1.3956 -43.5989 -39.6394 -30.2005 7.0098 20.0372 -19.8593 -43.3998 -37.7773 -25.5102 29.1190 14.2668 -35.3394 -42.7760 -35.9006 -20.9532 32.1107 9.0106 -41.8662 -41.7495 -33.9420 -15.2112 27.4412
-15.5447 -34.2947 -41.9562 -41.1726 9.9698 32.3842 -21.7954 -36.2361 -42.9178 -33.3862 15.1769 26.9917 -26.2558 -38.0796 -43.4620 -16.7406 20.9341 3.1826 -30.8475 -39.8498 -43.6019 -0.2607 26.5640 -13.4981 -33.5840 -41.5930 -42.0655 9.0861 32.2830 -21.8174 -36.4258 -43.0538 -29.0838 17.5458 15.4859 -29.2802 -39.4885 -43.6001 -0.0989 27.2661 -15.3907 -34.3116 -42.1469 -39.3606 12.6123 30.4976 -25.5644 -38.0888 -43.6095 -14.9985 11.9494 -14.9985 -43.6095 -38.0888 -25.5644 30.4976 12.6123 -39.3606 -42.1469 -34.3116 -15.3907 27.2661 -0.0989 -43.6001 -39.4885 -29.2802 15.4859 17.5458 -29.0838 -43.0538 -36.4258 -21.8174 32.2830 9.0861 -42.0655 -41.5930 -33.5840 -13.4981 26.5640 -0.2607 -43.6019 -39.8498 -30.8475 3.1826 20.9341 -16.7406 -43.4620 -38.0796 -26.2558 26.9917 15.1769 -33.3862 -42.9178 -36.2361 -21.7954 32.3842 9.9698 -41.1726 -41.9562 -34.2947 -15.5447
-31.6377 -42.1566 -40.3167 10.9023 32.4049 -22.6106 -36.5663 -43.0431 -31.1430 16.1057 24.1698 -27.0098 -38.3834 -43.5099 -13.5234 21.7719 -0.4876 -31.4172 -40.0828 -43.6021 0.9927 27.1885 -14.3449 -33.7731 -41.6922 -41.8479 9.3502 32.3286 -21.8942 -36.4258 -43.0428 -29.5683 17.2846 17.0297 -28.9519 -39.3449 -43.5961 -1.2404 26.6442 -14.4640 -34.0442 -41.9880 -40.2346 11.8239 31.4802 -24.8681 -37.8058 -43.4838 -14.3187 20.3765 31.6664 20.3765 -14.3187 -43.4838 -37.8058 -24.8681 31.4802 11.8239 -40.2346 -41.9880 -34.0442 -14.4640 26.6442 -1.2404 -43.5961 -39.3449 -28.9519 17.0297 17.2846 -29.5683 -43.0428 -36.4258 -21.8942 32.3286 9.3502 -41.8479 -41.6922 -33.7731 -14.3449 27.1885 0.9927 -43.6021 -40.0828 -31.4172 -0.4876 21.7719 -13.5234 -43.5099 -38.3834 -27.0098 24.1698 16.1057 -31.1430 -43.0431 -36.5663 -22.6106 32.4049 10.9023 -40.3167 -42.1566 -31.6377
-39.8056 -39.2823 11.8188 32.1089 -23.4072 -36.8946 -43.1563 -28.5807 17.0599 20.6211 -27.7734 -38.6874 -43.5484 -10.4098 22.6066 -3.7255 -31.8168 -40.3300 -43.5825 2.2704 27.9118 -15.2908 -34.0117 -41.8206 -41.4981 9.7778 32.3946 -22.1192 -36.4872 -43.0538 -29.5683 17.1957 17.8194 -28.7503 -39.2472 -43.5923 -2.1990 26.1333 -13.6070 -33.8051 -41.8406 -40.9180 11.0946 32.0561 -24.2015 -37.5245 -43.4106 -16.6287 21.5556 2.4012 -25.3105 2.4012 21.5556 -16.6287 -43.4106 -37.5245 -24.2015 32.0561 11.0946 -40.9180 -41.8406 -33.8051 -13.6070 26.1333 -2.1990 -43.5923 -39.2472 -28.7503 17.8194 17.1957 -29.5683 -43.0538 -36.4872 -22.1192 32.3946 9.7778 -41.4981 -41.8206 -34.0117 -15.2908 27.9118 2.2704 -43.5825 -40.3300 -31.8168 -3.7255 22.6066 -10.4098 -43.5484 -38.6874 -27.7734 20.6211 17.0599 -28.5807 -43.1563 -36.8946 -23.4072 32.1089 11.8188 -39.2823 -39.8056
-37.8116 12.7467 31.4263 -24.1849 -37.2193 -43.2560 -25.7167 18.0451 16.4107 -28.5430 -38.9875 -43.5775 -7.5423 23.4636 -6.4666 -32.1682 -40.5801 -43.5140 3.5239 28.7006 -16.2743 -34.2853 -41.9712 -40.9976 10.3428 32.4302 -22.4788 -36.6033 -43.0852 -29.0838 17.2846 17.8194 -28.6831 -39.1966 -43.5890 -2.8810 25.7606 -12.8876 -33.6053 -41.7084 -41.4405 10.4250 32.3414 -23.5827 -37.2589 -43.3429 -19.4521 20.9870 0.3642 -31.1799 -37.3203 -31.1799 0.3642 20.9870 -19.4521 -43.3429 -37.2589 -23.5827 32.3414 10.4250 -41.4405 -41.7084 -33.6053 -12.8876 25.7606 -2.8810 -43.5890 -39.1966 -28.6831 17.8194 17.2846 -29.0838 -43.0852 -36.6033 -22.4788 32.4302 10.3428 -40.9976 -41.9712 -34.2853 -16.2743 28.7006 3.5239 -43.5140 -40.5801 -32.1682 -6.4666 23.4636 -7.5423 -43.5775 -38.9875 -28.5430 16.4107 18.0451 -25.7167 -43.2560 -37.2193 -24.1849 31.4263 12.7467 -37.8116
12.8927 30.2683 -24.9556 -37.5396 -43.3420 -22.5933 19.0693 11.7414 -29.3199 -39.2793 -43.5944 -4.9924 24.3374 -8.7741 -32.5225 -40.8255 -43.3764 4.7369 29.5134 -17.2651 -34.5862 -42.1342 -40.3207 11.0067 32.3614 -22.9538 -36.7724 -43.1349 -28.1315 17.5458 17.0297 -28.7503 -39.1966 -43.5874 -3.2442 25.5378 -12.3775 -33.4591 -41.6017 -41.8199 9.8356 32.4294 -23.0169 -37.0149 -43.2764 -22.1481 20.1807 2.8889 -31.3527 -40.3524 -45.0266 -40.3524 -31.3527 2.8889 20.1807 -22.1481 -43.2764 -37.0149 -23.0169 32.4294 9.8356 -41.8199 -41.6017 -33.4591 -12.3775 25.5378 -3.2442 -43.5874 -39.1966 -28.7503 17.0297 17.5458 -28.1315 -43.1349 -36.7724 -22.9538 32.3614 11.0067 -40.3207 -42.1342 -34.5862 -17.2651 29.5134 4.7369 -43.3764 -40.8255 -32.5225 -8.7741 24.3374 -4.9924 -43.5944 -39.2793 -29.3199 11.7414 19.0693 -22.5933 -43.3420 -37.5396 -24.9556 30.2683 12.8927
27.7309 -25.7226 -37.8573 -43.4171 -19.2788 20.1430 6.9663 -30.1096 -39.5666 -43.6030 -2.7527 25.2249 -10.7371 -32.8803 -41.0685 -43.1564 5.8877 30.2994 -18.2397 -34.9058 -42.3012 -39.4320 11.7525 32.0983 -23.5181 -36.9872 -43.1967 -26.6969 17.9662 15.4859 -28.9519 -39.2472 -43.5890 -3.2442 25.4637 -12.1139 -33.3712 -41.5287 -42.0683 9.3644 32.3992 -22.5204 -36.7965 -43.2073 -24.5210 19.3452 6.3048 -30.9228 -40.1038 -44.3130 -25.7143 -44.3130 -40.1038 -30.9228 6.3048 19.3452 -24.5210 -43.2073 -36.7965 -22.5204 32.3992 9.3644 -42.0683 -41.5287 -33.3712 -12.1139 25.4637 -3.2442 -43.5890 -39.2472 -28.9519 15.4859 17.9662 -26.6969 -43.1967 -36.9872 -23.5181 32.0983 11.7525 -39.4320 -42.3012 -34.9058 -18.2397 30.2994 5.8877 -43.1564 -41.0685 -32.8803 -10.7371 25.2249 -2.7527 -43.6030 -39.5666 -30.1096 6.9663 20.1430 -19.2788 -43.4171 -37.8573 -25.7226 27.7309
-24.3755 -38.1715 -43.4759 -15.9140 21.1320 2.5294 -30.9092 -39.8475 -43.6058 -0.7979 26.1225 -12.4216 -33.2370 -41.3067 -42.8408 6.9782 31.0212 -19.1782 -35.2344 -42.4668 -38.3161 12.5641 31.5344 -24.1467 -37.2354 -43.2669 -24.7503 18.5478 13.1567 -29.2802 -39.3449 -43.5923 -2.8810 25.5378 -12.1139 -33.3419 -41.4918 -42.2060 9.0438 32.3245 -22.1215 -36.6135 -43.1419 -26.5139 18.6150 9.7881 -30.3237 -39.8891 -43.6077 0.0903 16.8723 0.0903 -43.6077 -39.8891 -30.3237 9.7881 18.6150 -26.5139 -43.1419 -36.6135 -22.1215 32.3245 9.0438 -42.2060 -41.4918 -33.3419 -12.1139 25.5378 -2.8810 -43.5923 -39.3449 -29.2802 13.1567 18.5478 -24.7503 -43.2669 -37.2354 -24.1467 31.5344 12.5641 -38.3161 -42.4668 -35.2344 -19.1782 31.0212 6.9782 -42.8408 -41.3067 -33.2370 -12.4216 26.1225 -0.7979 -43.6058 -39.8475 -30.9092 2.5294 21.1320 -15.9140 -43.4759 -38.1715 -24.3755
-35.6272 -43.5279 -12.6142 21.9977 -1.3322 -31.5208 -40.1212 -43.6029 0.9166 27.0293 -13.8939 -33.5899 -41.5323 -42.4168 8.0160 31.6391 -20.0792 -35.5660 -42.6272 -36.9545 13.4135 30.5562 -24.8275 -37.5052 -43.3385 -22.3542 19.2782 10.0844 -29.7278 -39.4885 -43.5961 -2.1990 25.7606 -12.3775 -33.3712 -41.4918 -42.2501 8.8821 32.2602 -21.8496 -36.4770 -43.0880 -28.0961 18.0005 12.9005 -29.7759 -39.6864 -43.6043 0.7297 25.9568 19.1635 25.9568 0.7297 -43.6043 -39.6864 -29.7759 12.9005 18.0005 -28.0961 -43.0880 -36.4770 -21.8496 32.2602 8.8821 -42.2501 -41.4918 -33.3712 -12.3775 25.7606 -2.1990 -43.5961 -39.4885 -29.7278 10.0844 19.2782 -22.3542 -43.3385 -37.5052 -24.8275 30.5562 13.4135 -36.9545 -42.6272 -35.5660 -20.0792 31.6391 8.0160 -42.4168 -41.5323 -33.5899 -13.8939 27.0293 0.9166 -43.6029 -40.1212 -31.5208 -1.3322 21.9977 -12.6142 -43.5279 -35.6272
-41.4642 -9.5195 22.8561 -4.5469 -31.9090 -40.3896 -43.5735 2.4413 27.9454 -15.2073 -33.9420 -41.7495 -41.8662 9.0106 32.1107 -20.9532 -35.9006 -42.7781 -35.3184 14.2861 29.0625 -25.5424 -37.7906 -43.4037 -19.6030 20.1310 6.5513 -30.2783 -39.6689 -43.6001 -1.2404 26.1333 -12.8876 -33.4591 -41.5287 -42.2060 8.8821 32.2356 -21.7126 -36.3949 -43.0494 -29.2142 17.5189 15.4583 -29.3060 -39.5042 -43.6015 -0.0922 27.0457 -13.2223 -28.9733 -13.2223 27.0457 -0.0922 -43.6015 -39.5042 -29.3060 15.4583 17.5189 -29.2142 -43.0494 -36.3949 -21.7126 32.2356 8.8821 -42.2060 -41.5287 -33.4591 -12.8876 26.1333 -1.2404 -43.6001 -39.6689 -30.2783 6.5513 20.1310 -19.6030 -43.4037 -37.7906 -25.5424 29.0625 14.2861 -35.3184 -42.7781 -35.9006 -20.9532 32.1107 9.0106 -41.8662 -41.7495 -33.9420 -15.2073 27.9454 2.4413 -43.5735 -40.3896 -31.9090 -4.5469 22.8561 -9.5195 -41.4642
-9.0282 23.7660 -7.1963 -32.2700 -40.6474 -43.4858 3.8074 28.8475 -16.3906 -34.2918 -41.9563 -41.1726 9.9698 32.3842 -21.7954 -36.2361 -42.9178 -33.3857 15.1824 26.9565 -26.2752 -38.0881 -43.4616 -16.5684 20.9995 2.8684 -30.9103 -39.8753 -43.6022 -0.0989 26.6442 -13.6070 -33.6053 -41.6017 -42.0683 9.0438 32.2602 -21.7126 -36.3674 -43.0295 -29.8611 17.1950 17.3105 -28.9290 -39.3479 -43.5973 -1.1679 26.6393 -14.1376 -33.5210 -39.5090 -33.5210 -14.1376 26.6393 -1.1679 -43.5973 -39.3479 -28.9290 17.3105 17.1950 -29.8611 -43.0295 -36.3674 -21.7126 32.2602 9.0438 -42.0683 -41.6017 -33.6053 -13.6070 26.6442 -0.0989 -43.6022 -39.8753 -30.9103 2.8684 20.9995 -16.5684 -43.4616 -38.0881 -26.2752 26.9565 15.1824 -33.3857 -42.9178 -36.2361 -21.7954 32.3842 9.9698 -41.1726 -41.9563 -34.2918 -16.3906 28.8475 3.8074 -43.4858 -40.6474 -32.2700 -7.1963 23.7660 -9.0282
24.1407 -9.4122 -32.6301 -40.8986 -43.3226 5.0583 29.7127 -17.4810 -34.6388 -42.1519 -40.3167 10.9023 32.4049 -22.6106 -36.5663 -43.0431 -31.1430 16.1057 24.1647 -27.0168 -38.3897 -43.5101 -13.4165 21.8126 -0.6769 -31.4550 -40.1029 -43.6013 1.1170 27.2661 -14.4640 -33.8051 -41.7084 -41.8199 9.3644 32.3245 -21.8496 -36.3949 -43.0295 -30.0725 17.0344 18.3826 -28.6725 -39.2287 -43.5934 -2.1998 26.1514 -13.5870 -33.7240 -42.1406 -45.6573 -42.1406 -33.7240 -13.5870 26.1514 -2.1998 -43.5934 -39.2287 -28.6725 18.3826 17.0344 -30.0725 -43.0295 -36.3949 -21.8496 32.3245 9.3644 -41.8199 -41.7084 -33.8051 -14.4640 27.2661 1.1170 -43.6013 -40.1029 -31.4550 -0.6769 21.8126 -13.4165 -43.5101 -38.3897 -27.0168 24.1647 16.1057 -31.1430 -43.0431 -36.5663 -22.6106 32.4049 10.9023 -40.3167 -42.1519 -34.6388 -17.4810 29.7127 5.0583 -43.3226 -40.8986 -32.6301 -9.4122 24.1407
-10.7138 -32.9908 -41.1411 -43.0732 6.2148 30.5122 -18.4942 -34.9843 -42.3388 -39.2727 11.8188 32.1089 -23.4072 -36.8946 -43.1563 -28.5807 17.0599 20.6211 -27.7734 -38.6898 -43.5489 -10.3570 22.6326 -3.8361 -31.8327 -40.3431 -43.5798 2.3615 27.9750 -15.3907 -34.0442 -41.8406 -41.4405 9.8356 32.3992 -22.1215 -36.4770 -43.0494 -29.8611 17.0344 18.7320 -28.5446 -39.1563 -43.5895 -3.0357 25.7314 -12.8768 -33.5960 -41.7509 -42.3577 -5.3019 -42.3577 -41.7509 -33.5960 -12.8768 25.7314 -3.0357 -43.5895 -39.1563 -28.5446 18.7320 17.0344 -29.8611 -43.0494 -36.4770 -22.1215 32.3992 9.8356 -41.4405 -41.8406 -34.0442 -15.3907 27.9750 2.3615 -43.5798 -40.3431 -31.8327 -3.8361 22.6326 -10.3570 -43.5489 -38.6898 -27.7734 20.6211 17.0599 -28.5807 -43.1563 -36.8946 -23.4072 32.1089 11.8188 -39.2727 -42.3388 -34.9843 -18.4942 30.5122 6.2148 -43.0732 -41.1411 -32.9908 -10.7138
-30.2873 -41.3787 -42.7254 7.2965 31.2186 -19.4450 -35.3254 -42.5105 -38.0243 12.7232 31.4262 -24.1849 -37.2193 -43.2560 -25.7167 18.0451 16.4107 -28.5430 -38.9875 -43.5776 -7.5291 23.4760 -6.5288 -32.1774 -40.5877 -43.5090 3.6019 28.7541 -16.3525 -34.3116 -41.9880 -40.9180 10.4250 32.4294 -22.5204 -36.6135 -43.0880 -29.2142 17.1950 18.3826 -28.5446 -39.1321 -43.5873 -3.5725 25.4359 -12.2604 -33.4456 -41.6107 -41.9622 8.2951 22.9021 8.2968 -41.9617 -41.6110 -33.4459 -12.2617 25.4363 -3.5732 -43.5873 -39.1321 -28.5446 18.3826 17.1950 -29.2142 -43.0880 -36.6135 -22.5204 32.4294 10.4250 -40.9180 -41.9880 -34.3116 -16.3525 28.7541 3.6019 -43.5090 -40.5877 -32.1774 -6.5288 23.4760 -7.5291 -43.5776 -38.9875 -28.5430 16.4107 18.0451 -25.7167 -43.2560 -37.2193 -24.1849 31.4262 12.7232 -38.0243 -42.5105 -35.3254 -19.4450 31.2186 7.2965 -42.7254 -41.3787 -30.2873
-38.9688 -42.2724 8.3226 31.8009 -20.3486 -35.6652 -42.6715 -36.5343 13.6279 30.2717 -24.9557 -37.5396 -43.3420 -22.5933 19.0693 11.7414 -29.3199 -39.2793 -43.5944 -4.9924 24.3387 -8.7933 -32.5291 -40.8312 -43.3708 4.7892 29.5536 -17.3261 -34.6057 -42.1469 -40.2346 11.0946 32.3414 -23.0169 -36.7965 -43.1419 -28.0961 17.5189 17.3105 -28.6725 -39.1563 -43.5873 -3.7551 25.2837 -11.8578 -33.3302 -41.5175 -42.1104 9.0429 31.9504 -7.6148 31.9547 9.0598 -42.1130 -41.5107 -33.3358 -11.8649 25.2874 -3.7490 -43.5873 -39.1563 -28.6725 17.3105 17.5189 -28.0961 -43.1419 -36.7965 -23.0169 32.3414 11.0946 -40.2346 -42.1469 -34.6057 -17.3261 29.5536 4.7892 -43.3708 -40.8312 -32.5291 -8.7933 24.3387 -4.9924 -43.5944 -39.2793 -29.3199 11.7414 19.0693 -22.5933 -43.3420 -37.5396 -24.9557 30.2717 13.6279 -36.5343 -42.6715 -35.6652 -20.3486 31.8009 8.3226 -42.2724 -38.9688
-40.6534 9.3195 32.2158 -21.2087 -36.0025 -42.8221 -34.7809 14.5356 28.5620 -25.7200 -37.8572 -43.4171 -19.2791 20.1429 6.9668 -30.1095 -39.5665 -43.6030 -2.7532 25.2247 -10.7367 -32.8823 -41.0714 -43.1519 5.9193 30.3228 -18.2794 -34.9192 -42.3115 -39.3606 11.8239 32.0561 -23.5827 -37.0149 -43.2073 -26.5139 18.0005 15.4583 -28.9290 -39.2287 -43.5895 -3.5725 25.2840 -11.8518 -33.2775 -41.4302 -42.3334 8.7726 32.2319 -20.7395 -32.4671 -20.8418 32.2731 8.9719 -42.3907 -41.4205 -33.2886 -11.9232 25.3640 -3.5652 -43.5895 -39.2287 -28.9290 15.4583 18.0005 -26.5139 -43.2073 -37.0149 -23.5827 32.0561 11.8239 -39.3606 -42.3115 -34.9192 -18.2794 30.3228 5.9193 -43.1519 -41.0714 -32.8823 -10.7367 25.2247 -2.7532 -43.6030 -39.5665 -30.1095 6.9668 20.1429 -19.2791 -43.4171 -37.8572 -25.7200 28.5620 14.5356 -34.7809 -42.8221 -36.0025 -21.2087 32.2158 9.3195 -40.6534
9.3922 32.4197 -22.0395 -36.3341 -42.9575 -32.7561 15.4483 26.2328 -26.4756 -38.1684 -43.4776 -15.9186 21.1307 2.5359 -30.9087 -39.8482 -43.6059 -0.8001 26.1214 -12.4198 -33.2361 -41.3060 -42.8396 6.9933 31.0351 -19.2012 -35.2442 -42.4737 -38.2590 12.6123 31.4802 -24.2015 -37.2589 -43.2764 -24.5210 18.6150 12.9005 -29.3060 -39.3479 -43.5934 -3.0357 25.4362 -11.8685 -33.3171 -41.4343 -42.4243 8.7024 32.1883 -21.5058 -36.0610 -41.8414 -36.1206 -21.6010 32.1877 8.6328 -42.3601 -41.3463 -33.2244 -11.8332 25.4367 -3.0350 -43.5934 -39.3479 -29.3060 12.9005 18.6150 -24.5210 -43.2764 -37.2589 -24.2015 31.4802 12.6123 -38.2590 -42.4737 -35.2442 -19.2012 31.0351 6.9933 -42.8396 -41.3060 -33.2361 -12.4198 26.1214 -0.8001 -43.6059 -39.8482 -30.9087 2.5359 21.1307 -15.9186 -43.4776 -38.1684 -26.4756 26.2328 15.4483 -32.7561 -42.9575 -36.3341 -22.0395 32.4197 9.3922
31.5742 -22.8478 -36.6619 -43.0793 -30.4349 16.3768 23.2193 -27.2302 -38.4735 -43.5246 -12.6470 21.9888 -1.2952 -31.5176 -40.1203 -43.6031 0.9028 27.0214 -13.8821 -33.5877 -41.5315 -42.4193 8.0127 31.6434 -20.0925 -35.5737 -42.6315 -36.9013 13.4467 30.4976 -24.8681 -37.5245 -43.3429 -22.1481 19.3452 9.7881 -29.7759 -39.5042 -43.5973 -2.1998 25.7314 -12.2611 -33.3334 -41.4421 -42.3176 8.4079 32.0856 -21.5648 -36.2570 -43.7012 -44.8581 -43.7612 -36.2980 -21.5556 32.1868 8.8047 -42.3901 -41.4176 -33.2817 -12.2507 25.7314 -2.1998 -43.5973 -39.5042 -29.7759 9.7881 19.3452 -22.1481 -43.3429 -37.5245 -24.8681 30.4976 13.4467 -36.9013 -42.6315 -35.5737 -20.0925 31.6434 8.0127 -42.4193 -41.5315 -33.5877 -13.8821 27.0214 0.9028 -43.6031 -40.1203 -31.5176 -1.2952 21.9888 -12.6470 -43.5246 -38.4735 -27.2302 23.2193 16.3768 -30.4349 -43.0793 -36.6619 -22.8478 31.5742
