-0.1148 -0.1076 -0.0451 -0.0086 0.0302 0.1015 0.0572 -0.1402 -0.2025 -0.2164 -0.1875 -0.1029 -0.0453 -0.0084 0.0304 0.1022 0.0559 -0.1410 -0.2026 -0.2164 -0.1872 -0.1025 -0.0451 -0.0082 0.0307 0.1028 0.0547 -0.1417 -0.2027 -0.2164 -0.1869 -0.1020 -0.0449 -0.0081 0.0309 0.1035 0.0535 -0.1425 -0.2029 -0.2164 -0.1866 -0.1016 -0.0447 -0.0079 0.0311 0.1041 0.0523 -0.1433 -0.2042 -0.2163 -0.2076 -0.2163 -0.2042 -0.1433 0.0523 0.1041 0.0311 -0.0079 -0.0447 -0.1016 -0.1866 -0.2164 -0.2029 -0.1425 0.0535 0.1035 0.0309 -0.0081 -0.0449 -0.1020 -0.1869 -0.2164 -0.2027 -0.1417 0.0547 0.1028 0.0307 -0.0082 -0.0451 -0.1025 -0.1872 -0.2164 -0.2026 -0.1410 0.0559 0.1022 0.0304 -0.0084 -0.0453 -0.1029 -0.1875 -0.2164 -0.2025 -0.1402 0.0572 0.1015 0.0302 -0.0086 -0.0451 -0.1076 -0.1148
-0.1076 -0.0264 0.0133 0.0479 0.1234 0.0773 -0.2247 -0.3334 -0.3288 -0.2654 -0.1146 -0.0276 0.0140 0.0482 0.1245 0.0753 -0.2267 -0.3335 -0.3287 -0.2648 -0.1138 -0.0273 0.0142 0.0484 0.1253 0.0737 -0.2285 -0.3335 -0.3285 -0.2643 -0.1130 -0.0271 0.0144 0.0486 0.1260 0.0720 -0.2302 -0.3336 -0.3284 -0.2637 -0.1124 -0.0268 0.0145 0.0488 0.1268 0.0703 -0.2319 -0.3336 -0.3255 -0.2614 -0.1876 -0.2614 -0.3255 -0.3336 -0.2319 0.0703 0.1268 0.0488 0.0145 -0.0268 -0.1124 -0.2637 -0.3284 -0.3336 -0.2302 0.0720 0.1260 0.0486 0.0144 -0.0271 -0.1130 -0.2643 -0.3285 -0.3335 -0.2285 0.0737 0.1253 0.0484 0.0142 -0.0273 -0.1138 -0.2648 -0.3287 -0.3335 -0.2267 0.0753 0.1245 0.0482 0.0140 -0.0276 -0.1146 -0.2654 -0.3288 -0.3334 -0.2247 0.0773 0.1234 0.0479 0.0133 -0.0264 -0.1076
-0.0451 0.0133 0.0472 0.1246 0.0742 -0.2283 -0.3337 -0.3285 -0.2628 -0.1099 -0.0274 0.0106 0.0479 0.1263 0.0713 -0.2309 -0.3338 -0.3284 -0.2622 -0.1092 -0.0272 0.0107 0.0481 0.1271 0.0697 -0.2326 -0.3338 -0.3282 -0.2617 -0.1084 -0.0269 0.0108 0.0484 0.1279 0.0679 -0.2344 -0.3339 -0.3281 -0.2611 -0.1078 -0.0267 0.0110 0.0486 0.1288 0.0663 -0.2362 -0.3339 -0.3279 -0.2546 -0.0998 -0.0422 -0.0998 -0.2546 -0.3279 -0.3339 -0.2362 0.0663 0.1288 0.0486 0.0110 -0.0267 -0.1078 -0.2611 -0.3281 -0.3339 -0.2344 0.0679 0.1279 0.0484 0.0108 -0.0269 -0.1084 -0.2617 -0.3282 -0.3338 -0.2326 0.0697 0.1271 0.0481 0.0107 -0.0272 -0.1092 -0.2622 -0.3284 -0.3338 -0.2309 0.0713 0.1263 0.0479 0.0106 -0.0274 -0.1099 -0.2628 -0.3285 -0.3337 -0.2283 0.0742 0.1246 0.0472 0.0133 -0.0451
-0.0086 0.0479 0.1246 0.0728 -0.2309 -0.3338 -0.3282 -0.2619 -0.1086 -0.0268 0.0113 0.0485 0.1282 0.0674 -0.2350 -0.3339 -0.3281 -0.2611 -0.1078 -0.0265 0.0115 0.0487 0.1290 0.0657 -0.2368 -0.3340 -0.3279 -0.2605 -0.1071 -0.0263 0.0116 0.0490 0.1299 0.0639 -0.2386 -0.3340 -0.3278 -0.2599 -0.1064 -0.0260 0.0118 0.0492 0.1307 0.0622 -0.2404 -0.3341 -0.3277 -0.2595 -0.1016 -0.0200 0.0062 -0.0200 -0.1016 -0.2595 -0.3277 -0.3341 -0.2404 0.0622 0.1307 0.0492 0.0118 -0.0260 -0.1064 -0.2599 -0.3278 -0.3340 -0.2386 0.0639 0.1299 0.0490 0.0116 -0.0263 -0.1071 -0.2605 -0.3279 -0.3340 -0.2368 0.0657 0.1290 0.0487 0.0115 -0.0265 -0.1078 -0.2611 -0.3281 -0.3339 -0.2350 0.0674 0.1282 0.0485 0.0113 -0.0268 -0.1086 -0.2619 -0.3282 -0.3338 -0.2309 0.0728 0.1246 0.0479 -0.0086
0.0302 0.1234 0.0742 -0.2309 -0.3338 -0.3281 -0.2609 -0.1071 -0.0263 0.0116 0.0490 0.1301 0.0634 -0.2392 -0.3340 -0.3277 -0.2597 -0.1061 -0.0260 0.0118 0.0493 0.1310 0.0616 -0.2410 -0.3341 -0.3276 -0.2591 -0.1054 -0.0257 0.0119 0.0495 0.1319 0.0599 -0.2429 -0.3341 -0.3274 -0.2586 -0.1047 -0.0255 0.0121 0.0498 0.1327 0.0581 -0.2448 -0.3342 -0.3273 -0.2581 -0.1043 -0.0252 0.0157 0.0400 0.0157 -0.0252 -0.1043 -0.2581 -0.3273 -0.3342 -0.2448 0.0581 0.1327 0.0498 0.0121 -0.0255 -0.1047 -0.2586 -0.3274 -0.3341 -0.2429 0.0599 0.1319 0.0495 0.0119 -0.0257 -0.1054 -0.2591 -0.3276 -0.3341 -0.2410 0.0616 0.1310 0.0493 0.0118 -0.0260 -0.1061 -0.2597 -0.3277 -0.3340 -0.2392 0.0634 0.1301 0.0490 0.0116 -0.0263 -0.1071 -0.2609 -0.3281 -0.3338 -0.2309 0.0742 0.1234 0.0302
0.1015 0.0773 -0.2283 -0.3338 -0.3281 -0.2604 -0.1062 -0.0258 0.0119 0.0495 0.1320 0.0593 -0.2435 -0.3341 -0.3274 -0.2584 -0.1045 -0.0254 0.0121 0.0499 0.1330 0.0576 -0.2454 -0.3342 -0.3272 -0.2578 -0.1038 -0.0252 0.0123 0.0501 0.1339 0.0558 -0.2473 -0.3342 -0.3271 -0.2572 -0.1031 -0.0249 0.0124 0.0504 0.1348 0.0540 -0.2492 -0.3343 -0.3269 -0.2566 -0.1025 -0.0248 0.0127 0.0537 0.0913 0.0537 0.0127 -0.0248 -0.1025 -0.2566 -0.3269 -0.3343 -0.2492 0.0540 0.1348 0.0504 0.0124 -0.0249 -0.1031 -0.2572 -0.3271 -0.3342 -0.2473 0.0558 0.1339 0.0501 0.0123 -0.0252 -0.1038 -0.2578 -0.3272 -0.3342 -0.2454 0.0576 0.1330 0.0499 0.0121 -0.0254 -0.1045 -0.2584 -0.3274 -0.3341 -0.2435 0.0593 0.1320 0.0495 0.0119 -0.0258 -0.1062 -0.2604 -0.3281 -0.3338 -0.2283 0.0773 0.1015
0.0572 -0.2247 -0.3337 -0.3282 -0.2609 -0.1062 -0.0256 0.0121 0.0499 0.1336 0.0558 -0.2476 -0.3343 -0.3270 -0.2570 -0.1029 -0.0248 0.0125 0.0504 0.1351 0.0535 -0.2498 -0.3343 -0.3269 -0.2564 -0.1022 -0.0246 0.0126 0.0507 0.1361 0.0517 -0.2517 -0.3344 -0.3267 -0.2558 -0.1015 -0.0244 0.0128 0.0509 0.1370 0.0499 -0.2537 -0.3344 -0.3266 -0.2552 -0.1008 -0.0241 0.0128 0.0514 0.1248 0.1331 0.1248 0.0514 0.0128 -0.0241 -0.1008 -0.2552 -0.3266 -0.3344 -0.2537 0.0499 0.1370 0.0509 0.0128 -0.0244 -0.1015 -0.2558 -0.3267 -0.3344 -0.2517 0.0517 0.1361 0.0507 0.0126 -0.0246 -0.1022 -0.2564 -0.3269 -0.3343 -0.2498 0.0535 0.1351 0.0504 0.0125 -0.0248 -0.1029 -0.2570 -0.3270 -0.3343 -0.2476 0.0558 0.1336 0.0499 0.0121 -0.0256 -0.1062 -0.2609 -0.3282 -0.3337 -0.2247 0.0572
-0.1402 -0.3334 -0.3285 -0.2619 -0.1071 -0.0258 0.0121 0.0501 0.1347 0.0532 -0.2511 -0.3344 -0.3267 -0.2556 -0.1013 -0.0243 0.0128 0.0510 0.1373 0.0493 -0.2543 -0.3344 -0.3265 -0.2550 -0.1006 -0.0240 0.0130 0.0513 0.1383 0.0475 -0.2563 -0.3345 -0.3264 -0.2544 -0.0999 -0.0238 0.0131 0.0515 0.1392 0.0458 -0.2583 -0.3345 -0.3262 -0.2537 -0.0992 -0.0236 0.0133 0.0517 0.1428 0.0369 -0.1783 0.0369 0.1428 0.0517 0.0133 -0.0236 -0.0992 -0.2537 -0.3262 -0.3345 -0.2583 0.0458 0.1392 0.0515 0.0131 -0.0238 -0.0999 -0.2544 -0.3264 -0.3345 -0.2563 0.0475 0.1383 0.0513 0.0130 -0.0240 -0.1006 -0.2550 -0.3265 -0.3344 -0.2543 0.0493 0.1373 0.0510 0.0128 -0.0243 -0.1013 -0.2556 -0.3267 -0.3344 -0.2511 0.0532 0.1347 0.0501 0.0121 -0.0258 -0.1071 -0.2619 -0.3285 -0.3334 -0.1402
-0.2025 -0.3288 -0.2628 -0.1086 -0.0263 0.0119 0.0499 0.1347 0.0520 -0.2533 -0.3344 -0.3264 -0.2544 -0.0998 -0.0237 0.0132 0.0516 0.1396 0.0452 -0.2589 -0.3345 -0.3262 -0.2535 -0.0990 -0.0235 0.0133 0.0519 0.1405 0.0434 -0.2609 -0.3346 -0.3260 -0.2529 -0.0984 -0.0233 0.0135 0.0521 0.1415 0.0416 -0.2630 -0.3346 -0.3258 -0.2523 -0.0977 -0.0230 0.0136 0.0524 0.1435 0.0355 -0.2726 -0.3302 -0.2726 0.0355 0.1435 0.0524 0.0136 -0.0230 -0.0977 -0.2523 -0.3258 -0.3346 -0.2630 0.0416 0.1415 0.0521 0.0135 -0.0233 -0.0984 -0.2529 -0.3260 -0.3346 -0.2609 0.0434 0.1405 0.0519 0.0133 -0.0235 -0.0990 -0.2535 -0.3262 -0.3345 -0.2589 0.0452 0.1396 0.0516 0.0132 -0.0237 -0.0998 -0.2544 -0.3264 -0.3344 -0.2533 0.0520 0.1347 0.0499 0.0119 -0.0263 -0.1086 -0.2628 -0.3288 -0.2025
-0.2164 -0.2654 -0.1099 -0.0268 0.0116 0.0495 0.1336 0.0532 -0.2533 -0.3345 -0.3262 -0.2534 -0.0986 -0.0233 0.0135 0.0522 0.1419 0.0410 -0.2636 -0.3346 -0.3258 -0.2521 -0.0975 -0.0229 0.0137 0.0525 0.1429 0.0392 -0.2657 -0.3347 -0.3256 -0.2515 -0.0968 -0.0227 0.0138 0.0527 0.1439 0.0374 -0.2678 -0.3347 -0.3255 -0.2508 -0.0962 -0.0225 0.0140 0.0530 0.1450 0.0357 -0.2728 -0.3364 -0.3395 -0.3364 -0.2728 0.0357 0.1450 0.0530 0.0140 -0.0225 -0.0962 -0.2508 -0.3255 -0.3347 -0.2678 0.0374 0.1439 0.0527 0.0138 -0.0227 -0.0968 -0.2515 -0.3256 -0.3347 -0.2657 0.0392 0.1429 0.0525 0.0137 -0.0229 -0.0975 -0.2521 -0.3258 -0.3346 -0.2636 0.0410 0.1419 0.0522 0.0135 -0.0233 -0.0986 -0.2534 -0.3262 -0.3345 -0.2533 0.0532 0.1336 0.0495 0.0116 -0.0268 -0.1099 -0.2654 -0.2164
-0.1875 -0.1146 -0.0274 0.0113 0.0490 0.1320 0.0558 -0.2511 -0.3344 -0.3262 -0.2530 -0.0978 -0.0229 0.0138 0.0527 0.1441 0.0368 -0.2685 -0.3347 -0.3254 -0.2506 -0.0959 -0.0224 0.0140 0.0531 0.1454 0.0350 -0.2706 -0.3348 -0.3252 -0.2500 -0.0953 -0.0222 0.0142 0.0533 0.1464 0.0332 -0.2727 -0.3348 -0.3251 -0.2494 -0.0947 -0.0219 0.0143 0.0536 0.1475 0.0315 -0.2748 -0.3344 -0.3260 -0.3028 -0.3260 -0.3344 -0.2748 0.0315 0.1475 0.0536 0.0143 -0.0219 -0.0947 -0.2494 -0.3251 -0.3348 -0.2727 0.0332 0.1464 0.0533 0.0142 -0.0222 -0.0953 -0.2500 -0.3252 -0.3348 -0.2706 0.0350 0.1454 0.0531 0.0140 -0.0224 -0.0959 -0.2506 -0.3254 -0.3347 -0.2685 0.0368 0.1441 0.0527 0.0138 -0.0229 -0.0978 -0.2530 -0.3262 -0.3344 -0.2511 0.0558 0.1320 0.0490 0.0113 -0.0274 -0.1146 -0.1875
-0.1029 -0.0276 0.0106 0.0485 0.1301 0.0593 -0.2476 -0.3344 -0.3264 -0.2534 -0.0978 -0.0228 0.0139 0.0531 0.1461 0.0332 -0.2730 -0.3348 -0.3250 -0.2492 -0.0944 -0.0219 0.0143 0.0537 0.1479 0.0308 -0.2755 -0.3349 -0.3248 -0.2485 -0.0938 -0.0216 0.0145 0.0539 0.1490 0.0291 -0.2777 -0.3349 -0.3247 -0.2479 -0.0932 -0.0214 0.0146 0.0542 0.1502 0.0273 -0.2799 -0.3349 -0.3217 -0.2448 -0.1647 -0.2448 -0.3217 -0.3349 -0.2799 0.0273 0.1502 0.0542 0.0146 -0.0214 -0.0932 -0.2479 -0.3247 -0.3349 -0.2777 0.0291 0.1490 0.0539 0.0145 -0.0216 -0.0938 -0.2485 -0.3248 -0.3349 -0.2755 0.0308 0.1479 0.0537 0.0143 -0.0219 -0.0944 -0.2492 -0.3250 -0.3348 -0.2730 0.0332 0.1461 0.0531 0.0139 -0.0228 -0.0978 -0.2534 -0.3264 -0.3344 -0.2476 0.0593 0.1301 0.0485 0.0106 -0.0276 -0.1029
-0.0453 0.0140 0.0479 0.1282 0.0634 -0.2435 -0.3343 -0.3267 -0.2544 -0.0986 -0.0229 0.0139 0.0533 0.1473 0.0306 -0.2770 -0.3349 -0.3246 -0.2477 -0.0930 -0.0213 0.0147 0.0543 0.1506 0.0267 -0.2806 -0.3350 -0.3244 -0.2470 -0.0923 -0.0211 0.0148 0.0545 0.1517 0.0249 -0.2829 -0.3350 -0.3243 -0.2464 -0.0917 -0.0209 0.0150 0.0548 0.1529 0.0231 -0.2851 -0.3351 -0.3241 -0.2393 -0.0843 -0.0336 -0.0843 -0.2393 -0.3241 -0.3351 -0.2851 0.0231 0.1529 0.0548 0.0150 -0.0209 -0.0917 -0.2464 -0.3243 -0.3350 -0.2829 0.0249 0.1517 0.0545 0.0148 -0.0211 -0.0923 -0.2470 -0.3244 -0.3350 -0.2806 0.0267 0.1506 0.0543 0.0147 -0.0213 -0.0930 -0.2477 -0.3246 -0.3349 -0.2770 0.0306 0.1473 0.0533 0.0139 -0.0229 -0.0986 -0.2544 -0.3267 -0.3343 -0.2435 0.0634 0.1282 0.0479 0.0140 -0.0453
-0.0084 0.0482 0.1263 0.0674 -0.2392 -0.3341 -0.3270 -0.2556 -0.0998 -0.0233 0.0138 0.0531 0.1473 0.0294 -0.2795 -0.3350 -0.3243 -0.2464 -0.0916 -0.0208 0.0150 0.0549 0.1533 0.0225 -0.2859 -0.3351 -0.3240 -0.2455 -0.0909 -0.0206 0.0152 0.0551 0.1545 0.0207 -0.2881 -0.3351 -0.3239 -0.2449 -0.0902 -0.0203 0.0153 0.0554 0.1558 0.0189 -0.2904 -0.3352 -0.3237 -0.2443 -0.0866 -0.0147 0.0095 -0.0147 -0.0866 -0.2443 -0.3237 -0.3352 -0.2904 0.0189 0.1558 0.0554 0.0153 -0.0203 -0.0902 -0.2449 -0.3239 -0.3351 -0.2881 0.0207 0.1545 0.0551 0.0152 -0.0206 -0.0909 -0.2455 -0.3240 -0.3351 -0.2859 0.0225 0.1533 0.0549 0.0150 -0.0208 -0.0916 -0.2464 -0.3243 -0.3350 -0.2795 0.0294 0.1473 0.0531 0.0138 -0.0233 -0.0998 -0.2556 -0.3270 -0.3341 -0.2392 0.0674 0.1263 0.0482 -0.0084
0.0304 0.1245 0.0713 -0.2350 -0.3340 -0.3274 -0.2570 -0.1013 -0.0237 0.0135 0.0527 0.1461 0.0306 -0.2795 -0.3350 -0.3241 -0.2454 -0.0904 -0.0203 0.0154 0.0555 0.1562 0.0184 -0.2912 -0.3352 -0.3236 -0.2440 -0.0894 -0.0200 0.0155 0.0557 0.1574 0.0166 -0.2935 -0.3352 -0.3234 -0.2433 -0.0888 -0.0198 0.0157 0.0560 0.1587 0.0148 -0.2959 -0.3352 -0.3232 -0.2428 -0.0885 -0.0195 0.0192 0.0452 0.0192 -0.0195 -0.0885 -0.2428 -0.3232 -0.3352 -0.2959 0.0148 0.1587 0.0560 0.0157 -0.0198 -0.0888 -0.2433 -0.3234 -0.3352 -0.2935 0.0166 0.1574 0.0557 0.0155 -0.0200 -0.0894 -0.2440 -0.3236 -0.3352 -0.2912 0.0184 0.1562 0.0555 0.0154 -0.0203 -0.0904 -0.2454 -0.3241 -0.3350 -0.2795 0.0306 0.1461 0.0527 0.0135 -0.0237 -0.1013 -0.2570 -0.3274 -0.3340 -0.2350 0.0713 0.1245 0.0304
0.1022 0.0753 -0.2309 -0.3339 -0.3277 -0.2584 -0.1029 -0.0243 0.0132 0.0522 0.1441 0.0332 -0.2770 -0.3350 -0.3241 -0.2450 -0.0897 -0.0200 0.0156 0.0560 0.1589 0.0142 -0.2967 -0.3352 -0.3232 -0.2424 -0.0880 -0.0195 0.0159 0.0564 0.1605 0.0125 -0.2991 -0.3353 -0.3230 -0.2418 -0.0874 -0.0193 0.0160 0.0566 0.1618 0.0107 -0.3015 -0.3353 -0.3228 -0.2411 -0.0869 -0.0192 0.0163 0.0597 0.0996 0.0597 0.0163 -0.0192 -0.0869 -0.2411 -0.3228 -0.3353 -0.3015 0.0107 0.1618 0.0566 0.0160 -0.0193 -0.0874 -0.2418 -0.3230 -0.3353 -0.2991 0.0125 0.1605 0.0564 0.0159 -0.0195 -0.0880 -0.2424 -0.3232 -0.3352 -0.2967 0.0142 0.1589 0.0560 0.0156 -0.0200 -0.0897 -0.2450 -0.3241 -0.3350 -0.2770 0.0332 0.1441 0.0522 0.0132 -0.0243 -0.1029 -0.2584 -0.3277 -0.3339 -0.2309 0.0753 0.1022
0.0559 -0.2267 -0.3338 -0.3281 -0.2597 -0.1045 -0.0248 0.0128 0.0516 0.1419 0.0368 -0.2730 -0.3349 -0.3243 -0.2454 -0.0897 -0.0199 0.0158 0.0564 0.1614 0.0107 -0.3019 -0.3353 -0.3227 -0.2409 -0.0866 -0.0190 0.0162 0.0570 0.1636 0.0084 -0.3047 -0.3354 -0.3225 -0.2402 -0.0860 -0.0188 0.0164 0.0572 0.1650 0.0066 -0.3072 -0.3354 -0.3224 -0.2395 -0.0854 -0.0185 0.0164 0.0578 0.1408 0.1170 0.1408 0.0578 0.0164 -0.0185 -0.0854 -0.2395 -0.3224 -0.3354 -0.3072 0.0066 0.1650 0.0572 0.0164 -0.0188 -0.0860 -0.2402 -0.3225 -0.3354 -0.3047 0.0084 0.1636 0.0570 0.0162 -0.0190 -0.0866 -0.2409 -0.3227 -0.3353 -0.3019 0.0107 0.1614 0.0564 0.0158 -0.0199 -0.0897 -0.2454 -0.3243 -0.3349 -0.2730 0.0368 0.1419 0.0516 0.0128 -0.0248 -0.1045 -0.2597 -0.3281 -0.3338 -0.2267 0.0559
-0.1410 -0.3335 -0.3284 -0.2611 -0.1061 -0.0254 0.0125 0.0510 0.1396 0.0410 -0.2685 -0.3348 -0.3246 -0.2464 -0.0904 -0.0200 0.0158 0.0566 0.1629 0.0081 -0.3064 -0.3354 -0.3223 -0.2393 -0.0852 -0.0185 0.0166 0.0576 0.1667 0.0043 -0.3106 -0.3354 -0.3221 -0.2386 -0.0846 -0.0182 0.0167 0.0579 0.1675 0.0026 -0.3131 -0.3355 -0.3219 -0.2379 -0.0841 -0.0180 0.0169 0.0581 0.1681 -0.0059 -0.2304 -0.0059 0.1681 0.0581 0.0169 -0.0180 -0.0841 -0.2379 -0.3219 -0.3355 -0.3131 0.0026 0.1675 0.0579 0.0167 -0.0182 -0.0846 -0.2386 -0.3221 -0.3354 -0.3106 0.0043 0.1667 0.0576 0.0166 -0.0185 -0.0852 -0.2393 -0.3223 -0.3354 -0.3064 0.0081 0.1629 0.0566 0.0158 -0.0200 -0.0904 -0.2464 -0.3246 -0.3348 -0.2685 0.0410 0.1396 0.0510 0.0125 -0.0254 -0.1061 -0.2611 -0.3284 -0.3335 -0.1410
-0.2026 -0.3287 -0.2622 -0.1078 -0.0260 0.0121 0.0504 0.1373 0.0452 -0.2636 -0.3347 -0.3250 -0.2477 -0.0916 -0.0203 0.0156 0.0564 0.1629 0.0069 -0.3093 -0.3354 -0.3220 -0.2379 -0.0840 -0.0180 0.0169 0.0582 0.1684 0.0003 -0.3161 -0.3355 -0.3216 -0.2370 -0.0833 -0.0177 0.0171 0.0585 0.1685 -0.0015 -0.3175 -0.3355 -0.3214 -0.2363 -0.0827 -0.0175 0.0172 0.0588 0.1687 -0.0071 -0.3204 -0.3326 -0.3204 -0.0071 0.1687 0.0588 0.0172 -0.0175 -0.0827 -0.2363 -0.3214 -0.3355 -0.3175 -0.0015 0.1685 0.0585 0.0171 -0.0177 -0.0833 -0.2370 -0.3216 -0.3355 -0.3161 0.0003 0.1684 0.0582 0.0169 -0.0180 -0.0840 -0.2379 -0.3220 -0.3354 -0.3093 0.0069 0.1629 0.0564 0.0156 -0.0203 -0.0916 -0.2477 -0.3250 -0.3347 -0.2636 0.0452 0.1373 0.0504 0.0121 -0.0260 -0.1078 -0.2622 -0.3287 -0.2026
-0.2164 -0.2648 -0.1092 -0.0265 0.0118 0.0499 0.1351 0.0493 -0.2589 -0.3346 -0.3254 -0.2492 -0.0930 -0.0208 0.0154 0.0560 0.1614 0.0081 -0.3093 -0.3355 -0.3217 -0.2369 -0.0829 -0.0175 0.0172 0.0589 0.1687 -0.0038 -0.3189 -0.3356 -0.3212 -0.2354 -0.0820 -0.0172 0.0174 0.0591 0.1688 -0.0055 -0.3190 -0.3356 -0.3210 -0.2347 -0.0814 -0.0170 0.0175 0.0594 0.1690 -0.0071 -0.3197 -0.3373 -0.3384 -0.3373 -0.3197 -0.0071 0.1690 0.0594 0.0175 -0.0170 -0.0814 -0.2347 -0.3210 -0.3356 -0.3190 -0.0055 0.1688 0.0591 0.0174 -0.0172 -0.0820 -0.2354 -0.3212 -0.3356 -0.3189 -0.0038 0.1687 0.0589 0.0172 -0.0175 -0.0829 -0.2369 -0.3217 -0.3355 -0.3093 0.0081 0.1614 0.0560 0.0154 -0.0208 -0.0930 -0.2492 -0.3254 -0.3346 -0.2589 0.0493 0.1351 0.0499 0.0118 -0.0265 -0.1092 -0.2648 -0.2164
-0.1872 -0.1138 -0.0272 0.0115 0.0493 0.1330 0.0535 -0.2543 -0.3345 -0.3258 -0.2506 -0.0944 -0.0213 0.0150 0.0555 0.1589 0.0107 -0.3064 -0.3354 -0.3217 -0.2364 -0.0823 -0.0172 0.0175 0.0594 0.1690 -0.0077 -0.3192 -0.3356 -0.3207 -0.2338 -0.0807 -0.0167 0.0177 0.0598 0.1691 -0.0094 -0.3193 -0.3357 -0.3205 -0.2331 -0.0801 -0.0165 0.0179 0.0601 0.1693 -0.0110 -0.3194 -0.3350 -0.3212 -0.2928 -0.3212 -0.3350 -0.3194 -0.0110 0.1693 0.0601 0.0179 -0.0165 -0.0801 -0.2331 -0.3205 -0.3357 -0.3193 -0.0094 0.1691 0.0598 0.0177 -0.0167 -0.0807 -0.2338 -0.3207 -0.3356 -0.3192 -0.0077 0.1690 0.0594 0.0175 -0.0172 -0.0823 -0.2364 -0.3217 -0.3354 -0.3064 0.0107 0.1589 0.0555 0.0150 -0.0213 -0.0944 -0.2506 -0.3258 -0.3345 -0.2543 0.0535 0.1330 0.0493 0.0115 -0.0272 -0.1138 -0.1872
-0.1025 -0.0273 0.0107 0.0487 0.1310 0.0576 -0.2498 -0.3344 -0.3262 -0.2521 -0.0959 -0.0219 0.0147 0.0549 0.1562 0.0142 -0.3019 -0.3354 -0.3220 -0.2369 -0.0823 -0.0170 0.0177 0.0598 0.1692 -0.0111 -0.3194 -0.3357 -0.3202 -0.2321 -0.0794 -0.0162 0.0181 0.0604 0.1694 -0.0133 -0.3196 -0.3357 -0.3200 -0.2314 -0.0788 -0.0160 0.0182 0.0607 0.1695 -0.0150 -0.3197 -0.3357 -0.3166 -0.2275 -0.1425 -0.2275 -0.3166 -0.3357 -0.3197 -0.0150 0.1695 0.0607 0.0182 -0.0160 -0.0788 -0.2314 -0.3200 -0.3357 -0.3196 -0.0133 0.1694 0.0604 0.0181 -0.0162 -0.0794 -0.2321 -0.3202 -0.3357 -0.3194 -0.0111 0.1692 0.0598 0.0177 -0.0170 -0.0823 -0.2369 -0.3220 -0.3354 -0.3019 0.0142 0.1562 0.0549 0.0147 -0.0219 -0.0959 -0.2521 -0.3262 -0.3344 -0.2498 0.0576 0.1310 0.0487 0.0107 -0.0273 -0.1025
-0.0451 0.0142 0.0481 0.1290 0.0616 -0.2454 -0.3343 -0.3265 -0.2535 -0.0975 -0.0224 0.0143 0.0543 0.1533 0.0184 -0.2967 -0.3353 -0.3223 -0.2379 -0.0829 -0.0172 0.0177 0.0600 0.1694 -0.0136 -0.3197 -0.3357 -0.3197 -0.2305 -0.0781 -0.0157 0.0184 0.0611 0.1697 -0.0172 -0.3199 -0.3358 -0.3195 -0.2298 -0.0776 -0.0155 0.0186 0.0613 0.1698 -0.0188 -0.3200 -0.3358 -0.3192 -0.2223 -0.0705 -0.0257 -0.0705 -0.2223 -0.3192 -0.3358 -0.3200 -0.0188 0.1698 0.0613 0.0186 -0.0155 -0.0776 -0.2298 -0.3195 -0.3358 -0.3199 -0.0172 0.1697 0.0611 0.0184 -0.0157 -0.0781 -0.2305 -0.3197 -0.3357 -0.3197 -0.0136 0.1694 0.0600 0.0177 -0.0172 -0.0829 -0.2379 -0.3223 -0.3353 -0.2967 0.0184 0.1533 0.0543 0.0143 -0.0224 -0.0975 -0.2535 -0.3265 -0.3343 -0.2454 0.0616 0.1290 0.0481 0.0142 -0.0451
-0.0082 0.0484 0.1271 0.0657 -0.2410 -0.3342 -0.3269 -0.2550 -0.0990 -0.0229 0.0140 0.0537 0.1506 0.0225 -0.2912 -0.3352 -0.3227 -0.2393 -0.0840 -0.0175 0.0175 0.0598 0.1694 -0.0147 -0.3198 -0.3358 -0.3193 -0.2290 -0.0770 -0.0152 0.0188 0.0617 0.1699 -0.0210 -0.3201 -0.3358 -0.3190 -0.2281 -0.0763 -0.0150 0.0189 0.0620 0.1700 -0.0227 -0.3203 -0.3358 -0.3188 -0.2275 -0.0737 -0.0097 0.0128 -0.0097 -0.0737 -0.2275 -0.3188 -0.3358 -0.3203 -0.0227 0.1700 0.0620 0.0189 -0.0150 -0.0763 -0.2281 -0.3190 -0.3358 -0.3201 -0.0210 0.1699 0.0617 0.0188 -0.0152 -0.0770 -0.2290 -0.3194 -0.3358 -0.3198 -0.0147 0.1694 0.0598 0.0175 -0.0175 -0.0840 -0.2393 -0.3227 -0.3352 -0.2912 0.0225 0.1506 0.0537 0.0140 -0.0229 -0.0990 -0.2550 -0.3269 -0.3342 -0.2410 0.0657 0.1271 0.0484 -0.0082
0.0307 0.1253 0.0697 -0.2368 -0.3341 -0.3272 -0.2564 -0.1006 -0.0235 0.0137 0.0531 0.1479 0.0267 -0.2859 -0.3352 -0.3232 -0.2409 -0.0852 -0.0180 0.0172 0.0594 0.1692 -0.0136 -0.3198 -0.3358 -0.3191 -0.2279 -0.0760 -0.0148 0.0191 0.0624 0.1701 -0.0248 -0.3204 -0.3359 -0.3184 -0.2264 -0.0751 -0.0145 0.0193 0.0627 0.1702 -0.0264 -0.3205 -0.3359 -0.3182 -0.2258 -0.0748 -0.0142 0.0228 0.0507 0.0228 -0.0142 -0.0748 -0.2258 -0.3182 -0.3359 -0.3205 -0.0264 0.1702 0.0627 0.0193 -0.0145 -0.0751 -0.2264 -0.3184 -0.3359 -0.3204 -0.0248 0.1701 0.0624 0.0191 -0.0148 -0.0761 -0.2281 -0.3192 -0.3358 -0.3198 -0.0136 0.1692 0.0594 0.0172 -0.0180 -0.0852 -0.2409 -0.3232 -0.3352 -0.2859 0.0267 0.1479 0.0531 0.0137 -0.0235 -0.1006 -0.2564 -0.3272 -0.3341 -0.2368 0.0697 0.1253 0.0307
0.1028 0.0737 -0.2326 -0.3340 -0.3276 -0.2578 -0.1022 -0.0240 0.0133 0.0525 0.1454 0.0308 -0.2806 -0.3351 -0.3236 -0.2424 -0.0866 -0.0185 0.0169 0.0589 0.1690 -0.0111 -0.3197 -0.3358 -0.3192 -0.2276 -0.0755 -0.0145 0.0194 0.0629 0.1703 -0.0286 -0.3207 -0.3359 -0.3179 -0.2247 -0.0739 -0.0140 0.0196 0.0633 0.1703 -0.0302 -0.3208 -0.3359 -0.3177 -0.2239 -0.0735 -0.0140 0.0199 0.0659 0.1091 0.0659 0.0199 -0.0140 -0.0735 -0.2239 -0.3177 -0.3359 -0.3208 -0.0302 0.1703 0.0633 0.0196 -0.0140 -0.0739 -0.2247 -0.3179 -0.3359 -0.3207 -0.0286 0.1703 0.0629 0.0194 -0.0145 -0.0756 -0.2277 -0.3192 -0.3358 -0.3197 -0.0111 0.1690 0.0589 0.0169 -0.0185 -0.0866 -0.2424 -0.3236 -0.3351 -0.2806 0.0308 0.1454 0.0525 0.0133 -0.0240 -0.1022 -0.2578 -0.3276 -0.3340 -0.2326 0.0737 0.1028
0.0547 -0.2285 -0.3338 -0.3279 -0.2591 -0.1038 -0.0246 0.0130 0.0519 0.1429 0.0350 -0.2755 -0.3350 -0.3240 -0.2440 -0.0880 -0.0190 0.0166 0.0582 0.1687 -0.0077 -0.3194 -0.3357 -0.3194 -0.2280 -0.0756 -0.0144 0.0195 0.0633 0.1704 -0.0317 -0.3210 -0.3359 -0.3174 -0.2229 -0.0728 -0.0135 0.0200 0.0640 0.1705 -0.0338 -0.3211 -0.3359 -0.3171 -0.2222 -0.0723 -0.0133 0.0201 0.0646 0.1475 0.0913 0.1475 0.0646 0.0201 -0.0133 -0.0723 -0.2222 -0.3171 -0.3359 -0.3211 -0.0338 0.1705 0.0640 0.0200 -0.0135 -0.0728 -0.2229 -0.3174 -0.3359 -0.3210 -0.0317 0.1704 0.0633 0.0195 -0.0144 -0.0756 -0.2281 -0.3194 -0.3357 -0.3194 -0.0077 0.1687 0.0582 0.0166 -0.0190 -0.0880 -0.2440 -0.3240 -0.3350 -0.2755 0.0350 0.1429 0.0519 0.0130 -0.0246 -0.1038 -0.2591 -0.3279 -0.3338 -0.2285 0.0547
-0.1417 -0.3335 -0.3282 -0.2605 -0.1054 -0.0252 0.0126 0.0513 0.1405 0.0392 -0.2706 -0.3349 -0.3244 -0.2455 -0.0894 -0.0195 0.0162 0.0576 0.1684 -0.0038 -0.3192 -0.3357 -0.3197 -0.2290 -0.0761 -0.0145 0.0195 0.0635 0.1704 -0.0338 -0.3212 -0.3360 -0.3169 -0.2212 -0.0716 -0.0130 0.0203 0.0647 0.1706 -0.0375 -0.3214 -0.3360 -0.3166 -0.2205 -0.0711 -0.0128 0.0205 0.0650 0.1701 -0.0450 -0.2532 -0.0450 0.1701 0.0650 0.0205 -0.0128 -0.0711 -0.2205 -0.3166 -0.3360 -0.3214 -0.0375 0.1706 0.0647 0.0203 -0.0130 -0.0716 -0.2212 -0.3169 -0.3360 -0.3212 -0.0338 0.1704 0.0635 0.0195 -0.0145 -0.0761 -0.2290 -0.3197 -0.3357 -0.3192 -0.0038 0.1684 0.0576 0.0162 -0.0195 -0.0894 -0.2455 -0.3244 -0.3349 -0.2706 0.0392 0.1405 0.0513 0.0126 -0.0252 -0.1054 -0.2605 -0.3282 -0.3335 -0.1417
-0.2027 -0.3285 -0.2617 -0.1071 -0.0257 0.0123 0.0507 0.1383 0.0434 -0.2657 -0.3348 -0.3248 -0.2470 -0.0909 -0.0200 0.0159 0.0570 0.1667 0.0003 -0.3189 -0.3356 -0.3202 -0.2305 -0.0770 -0.0148 0.0194 0.0633 0.1704 -0.0346 -0.3213 -0.3360 -0.3165 -0.2197 -0.0705 -0.0126 0.0207 0.0654 0.1706 -0.0411 -0.3217 -0.3360 -0.3160 -0.2187 -0.0700 -0.0124 0.0208 0.0657 0.1707 -0.0459 -0.3234 -0.3348 -0.3234 -0.0459 0.1707 0.0657 0.0208 -0.0124 -0.0700 -0.2187 -0.3160 -0.3360 -0.3217 -0.0411 0.1706 0.0654 0.0207 -0.0126 -0.0705 -0.2197 -0.3165 -0.3360 -0.3213 -0.0346 0.1704 0.0633 0.0194 -0.0148 -0.0770 -0.2305 -0.3202 -0.3356 -0.3189 0.0003 0.1667 0.0570 0.0159 -0.0200 -0.0909 -0.2470 -0.3248 -0.3348 -0.2657 0.0434 0.1383 0.0507 0.0123 -0.0257 -0.1071 -0.2617 -0.3285 -0.2027
-0.2164 -0.2643 -0.1084 -0.0263 0.0119 0.0501 0.1361 0.0475 -0.2609 -0.3347 -0.3252 -0.2485 -0.0923 -0.0206 0.0155 0.0564 0.1636 0.0043 -0.3161 -0.3356 -0.3207 -0.2321 -0.0781 -0.0152 0.0191 0.0629 0.1704 -0.0338 -0.3213 -0.3360 -0.3162 -0.2187 -0.0697 -0.0122 0.0210 0.0660 0.1707 -0.0446 -0.3219 -0.3360 -0.3154 -0.2169 -0.0689 -0.0119 0.0212 0.0663 0.1707 -0.0461 -0.3225 -0.3376 -0.3366 -0.3376 -0.3225 -0.0461 0.1707 0.0663 0.0212 -0.0119 -0.0689 -0.2169 -0.3154 -0.3360 -0.3219 -0.0446 0.1707 0.0660 0.0210 -0.0122 -0.0697 -0.2187 -0.3162 -0.3360 -0.3213 -0.0338 0.1704 0.0629 0.0191 -0.0152 -0.0781 -0.2321 -0.3207 -0.3356 -0.3161 0.0043 0.1636 0.0564 0.0155 -0.0206 -0.0923 -0.2485 -0.3252 -0.3347 -0.2609 0.0475 0.1361 0.0501 0.0119 -0.0263 -0.1084 -0.2643 -0.2164
-0.1869 -0.1130 -0.0269 0.0116 0.0495 0.1339 0.0517 -0.2563 -0.3346 -0.3256 -0.2500 -0.0938 -0.0211 0.0152 0.0557 0.1605 0.0084 -0.3106 -0.3355 -0.3212 -0.2338 -0.0794 -0.0157 0.0188 0.0624 0.1703 -0.0317 -0.3212 -0.3360 -0.3162 -0.2183 -0.0693 -0.0119 0.0213 0.0666 0.1707 -0.0482 -0.3222 -0.3360 -0.3148 -0.2151 -0.0678 -0.0114 0.0216 0.0670 0.1707 -0.0496 -0.3223 -0.3351 -0.3153 -0.2811 -0.3153 -0.3351 -0.3223 -0.0496 0.1707 0.0670 0.0216 -0.0114 -0.0678 -0.2151 -0.3148 -0.3360 -0.3222 -0.0482 0.1707 0.0666 0.0213 -0.0119 -0.0693 -0.2183 -0.3162 -0.3360 -0.3212 -0.0317 0.1703 0.0624 0.0188 -0.0157 -0.0794 -0.2338 -0.3212 -0.3355 -0.3106 0.0084 0.1605 0.0557 0.0152 -0.0211 -0.0938 -0.2500 -0.3256 -0.3346 -0.2563 0.0517 0.1339 0.0495 0.0116 -0.0269 -0.1130 -0.1869
-0.1020 -0.0271 0.0108 0.0490 0.1319 0.0558 -0.2517 -0.3345 -0.3260 -0.2515 -0.0953 -0.0216 0.0148 0.0551 0.1574 0.0125 -0.3047 -0.3354 -0.3216 -0.2354 -0.0807 -0.0162 0.0184 0.0617 0.1701 -0.0286 -0.3210 -0.3360 -0.3165 -0.2187 -0.0693 -0.0118 0.0214 0.0670 0.1707 -0.0511 -0.3225 -0.3361 -0.3142 -0.2134 -0.0667 -0.0109 0.0219 0.0677 0.1706 -0.0531 -0.3226 -0.3360 -0.3104 -0.2085 -0.1211 -0.2085 -0.3104 -0.3360 -0.3226 -0.0531 0.1706 0.0677 0.0219 -0.0109 -0.0667 -0.2134 -0.3142 -0.3361 -0.3225 -0.0511 0.1707 0.0670 0.0214 -0.0118 -0.0693 -0.2187 -0.3165 -0.3360 -0.3210 -0.0286 0.1701 0.0617 0.0184 -0.0162 -0.0807 -0.2354 -0.3216 -0.3354 -0.3047 0.0125 0.1574 0.0551 0.0148 -0.0216 -0.0953 -0.2515 -0.3260 -0.3345 -0.2517 0.0558 0.1319 0.0490 0.0108 -0.0271 -0.1020
-0.0449 0.0144 0.0484 0.1299 0.0599 -0.2473 -0.3344 -0.3264 -0.2529 -0.0968 -0.0222 0.0145 0.0545 0.1545 0.0166 -0.2991 -0.3354 -0.3221 -0.2370 -0.0820 -0.0167 0.0181 0.0611 0.1699 -0.0248 -0.3207 -0.3359 -0.3169 -0.2197 -0.0697 -0.0119 0.0214 0.0672 0.1707 -0.0531 -0.3226 -0.3361 -0.3137 -0.2115 -0.0657 -0.0105 0.0223 0.0685 0.1705 -0.0565 -0.3229 -0.3361 -0.3134 -0.2039 -0.0589 -0.0188 -0.0589 -0.2039 -0.3134 -0.3361 -0.3229 -0.0565 0.1705 0.0685 0.0223 -0.0105 -0.0657 -0.2115 -0.3137 -0.3361 -0.3226 -0.0531 0.1707 0.0672 0.0214 -0.0119 -0.0697 -0.2197 -0.3169 -0.3359 -0.3207 -0.0248 0.1699 0.0611 0.0181 -0.0167 -0.0820 -0.2370 -0.3221 -0.3354 -0.2991 0.0166 0.1545 0.0545 0.0145 -0.0222 -0.0968 -0.2529 -0.3264 -0.3344 -0.2473 0.0599 0.1299 0.0484 0.0144 -0.0449
-0.0081 0.0486 0.1279 0.0639 -0.2429 -0.3342 -0.3267 -0.2544 -0.0984 -0.0227 0.0142 0.0539 0.1517 0.0207 -0.2935 -0.3353 -0.3225 -0.2386 -0.0833 -0.0172 0.0177 0.0604 0.1697 -0.0210 -0.3204 -0.3359 -0.3174 -0.2212 -0.0705 -0.0122 0.0213 0.0670 0.1707 -0.0539 -0.3228 -0.3361 -0.3132 -0.2100 -0.0647 -0.0100 0.0226 0.0692 0.1704 -0.0599 -0.3231 -0.3361 -0.3128 -0.2091 -0.0629 -0.0050 0.0162 -0.0050 -0.0629 -0.2091 -0.3128 -0.3361 -0.3231 -0.0599 0.1704 0.0692 0.0226 -0.0100 -0.0647 -0.2100 -0.3132 -0.3361 -0.3228 -0.0539 0.1707 0.0670 0.0213 -0.0122 -0.0705 -0.2212 -0.3174 -0.3359 -0.3204 -0.0210 0.1697 0.0604 0.0177 -0.0172 -0.0833 -0.2386 -0.3225 -0.3353 -0.2935 0.0207 0.1517 0.0539 0.0142 -0.0227 -0.0984 -0.2544 -0.3267 -0.3342 -0.2429 0.0639 0.1279 0.0486 -0.0081
0.0309 0.1260 0.0679 -0.2386 -0.3341 -0.3271 -0.2558 -0.0999 -0.0233 0.0138 0.0533 0.1490 0.0249 -0.2881 -0.3352 -0.3230 -0.2402 -0.0846 -0.0177 0.0174 0.0598 0.1694 -0.0172 -0.3201 -0.3359 -0.3179 -0.2229 -0.0716 -0.0126 0.0210 0.0666 0.1707 -0.0531 -0.3228 -0.3361 -0.3130 -0.2089 -0.0640 -0.0096 0.0230 0.0699 0.1703 -0.0633 -0.3234 -0.3361 -0.3121 -0.2073 -0.0634 -0.0093 0.0265 0.0563 0.0265 -0.0093 -0.0634 -0.2073 -0.3121 -0.3361 -0.3234 -0.0633 0.1703 0.0699 0.0230 -0.0096 -0.0640 -0.2089 -0.3130 -0.3361 -0.3228 -0.0531 0.1707 0.0666 0.0210 -0.0126 -0.0716 -0.2229 -0.3179 -0.3359 -0.3201 -0.0172 0.1694 0.0598 0.0174 -0.0177 -0.0846 -0.2402 -0.3230 -0.3352 -0.2881 0.0249 0.1490 0.0533 0.0138 -0.0233 -0.0999 -0.2558 -0.3271 -0.3341 -0.2386 0.0679 0.1260 0.0309
0.1035 0.0720 -0.2344 -0.3340 -0.3274 -0.2572 -0.1015 -0.0238 0.0135 0.0527 0.1464 0.0291 -0.2829 -0.3351 -0.3234 -0.2418 -0.0860 -0.0182 0.0171 0.0591 0.1691 -0.0133 -0.3199 -0.3358 -0.3184 -0.2247 -0.0728 -0.0130 0.0207 0.0660 0.1707 -0.0511 -0.3226 -0.3361 -0.3130 -0.2085 -0.0635 -0.0093 0.0233 0.0705 0.1701 -0.0666 -0.3236 -0.3361 -0.3115 -0.2052 -0.0622 -0.0090 0.0237 0.0726 0.1204 0.0726 0.0237 -0.0090 -0.0622 -0.2052 -0.3115 -0.3361 -0.3236 -0.0666 0.1701 0.0705 0.0233 -0.0093 -0.0635 -0.2085 -0.3130 -0.3361 -0.3226 -0.0511 0.1707 0.0660 0.0207 -0.0130 -0.0728 -0.2247 -0.3184 -0.3358 -0.3199 -0.0133 0.1691 0.0591 0.0171 -0.0182 -0.0860 -0.2418 -0.3234 -0.3351 -0.2829 0.0291 0.1464 0.0527 0.0135 -0.0238 -0.1015 -0.2572 -0.3274 -0.3340 -0.2344 0.0720 0.1035
0.0535 -0.2302 -0.3339 -0.3278 -0.2586 -0.1031 -0.0244 0.0131 0.0521 0.1439 0.0332 -0.2777 -0.3350 -0.3239 -0.2433 -0.0874 -0.0188 0.0167 0.0585 0.1688 -0.0094 -0.3196 -0.3358 -0.3190 -0.2264 -0.0739 -0.0135 0.0203 0.0654 0.1707 -0.0482 -0.3225 -0.3361 -0.3132 -0.2089 -0.0635 -0.0092 0.0234 0.0709 0.1699 -0.0694 -0.3239 -0.3360 -0.3108 -0.2034 -0.0612 -0.0084 0.0238 0.0721 0.1534 0.0559 0.1534 0.0721 0.0238 -0.0084 -0.0612 -0.2034 -0.3108 -0.3360 -0.3239 -0.0694 0.1699 0.0709 0.0234 -0.0092 -0.0635 -0.2089 -0.3132 -0.3361 -0.3225 -0.0482 0.1707 0.0654 0.0203 -0.0135 -0.0739 -0.2264 -0.3190 -0.3358 -0.3196 -0.0094 0.1688 0.0585 0.0167 -0.0188 -0.0874 -0.2433 -0.3239 -0.3350 -0.2777 0.0332 0.1439 0.0521 0.0131 -0.0244 -0.1031 -0.2586 -0.3278 -0.3339 -0.2302 0.0535
-0.1425 -0.3336 -0.3281 -0.2599 -0.1047 -0.0249 0.0128 0.0515 0.1415 0.0374 -0.2727 -0.3349 -0.3243 -0.2449 -0.0888 -0.0193 0.0164 0.0579 0.1685 -0.0055 -0.3193 -0.3357 -0.3195 -0.2281 -0.0751 -0.0140 0.0200 0.0647 0.1706 -0.0446 -0.3222 -0.3361 -0.3137 -0.2100 -0.0640 -0.0093 0.0234 0.0711 0.1698 -0.0713 -0.3241 -0.3360 -0.3102 -0.2015 -0.0603 -0.0080 0.0243 0.0725 0.1684 -0.0798 -0.2789 -0.0798 0.1684 0.0725 0.0243 -0.0080 -0.0603 -0.2015 -0.3102 -0.3360 -0.3241 -0.0713 0.1698 0.0711 0.0234 -0.0093 -0.0640 -0.2100 -0.3137 -0.3361 -0.3222 -0.0446 0.1706 0.0647 0.0200 -0.0140 -0.0751 -0.2281 -0.3195 -0.3357 -0.3193 -0.0055 0.1685 0.0579 0.0164 -0.0193 -0.0888 -0.2449 -0.3243 -0.3349 -0.2727 0.0374 0.1415 0.0515 0.0128 -0.0249 -0.1047 -0.2599 -0.3281 -0.3336 -0.1425
-0.2029 -0.3284 -0.2611 -0.1064 -0.0255 0.0124 0.0509 0.1392 0.0416 -0.2678 -0.3348 -0.3247 -0.2464 -0.0902 -0.0198 0.0160 0.0572 0.1675 -0.0015 -0.3190 -0.3357 -0.3200 -0.2298 -0.0763 -0.0145 0.0196 0.0640 0.1706 -0.0411 -0.3219 -0.3360 -0.3142 -0.2115 -0.0647 -0.0096 0.0233 0.0709 0.1698 -0.0720 -0.3242 -0.3360 -0.3097 -0.1999 -0.0594 -0.0075 0.0247 0.0732 0.1691 -0.0805 -0.3261 -0.3366 -0.3261 -0.0805 0.1691 0.0732 0.0247 -0.0075 -0.0594 -0.1999 -0.3097 -0.3360 -0.3242 -0.0720 0.1698 0.0709 0.0233 -0.0096 -0.0647 -0.2115 -0.3142 -0.3360 -0.3219 -0.0411 0.1706 0.0640 0.0196 -0.0145 -0.0763 -0.2298 -0.3200 -0.3357 -0.3190 -0.0015 0.1675 0.0572 0.0160 -0.0198 -0.0902 -0.2464 -0.3247 -0.3348 -0.2678 0.0416 0.1392 0.0509 0.0124 -0.0255 -0.1064 -0.2611 -0.3284 -0.2029
-0.2164 -0.2637 -0.1078 -0.0260 0.0121 0.0504 0.1370 0.0458 -0.2630 -0.3347 -0.3251 -0.2479 -0.0917 -0.0203 0.0157 0.0566 0.1650 0.0026 -0.3175 -0.3356 -0.3205 -0.2314 -0.0776 -0.0150 0.0193 0.0633 0.1705 -0.0375 -0.3217 -0.3360 -0.3148 -0.2134 -0.0657 -0.0100 0.0230 0.0705 0.1699 -0.0713 -0.3242 -0.3360 -0.3094 -0.1988 -0.0587 -0.0071 0.0250 0.0739 0.1687 -0.0809 -0.3251 -0.3375 -0.3340 -0.3375 -0.3251 -0.0809 0.1687 0.0739 0.0250 -0.0071 -0.0587 -0.1988 -0.3094 -0.3360 -0.3242 -0.0713 0.1699 0.0705 0.0230 -0.0100 -0.0657 -0.2134 -0.3148 -0.3360 -0.3217 -0.0375 0.1705 0.0633 0.0193 -0.0150 -0.0776 -0.2314 -0.3205 -0.3356 -0.3175 0.0026 0.1650 0.0566 0.0157 -0.0203 -0.0917 -0.2479 -0.3251 -0.3347 -0.2630 0.0458 0.1370 0.0504 0.0121 -0.0260 -0.1078 -0.2637 -0.2164
-0.1866 -0.1124 -0.0267 0.0118 0.0498 0.1348 0.0499 -0.2583 -0.3346 -0.3255 -0.2494 -0.0932 -0.0209 0.0153 0.0560 0.1618 0.0066 -0.3131 -0.3355 -0.3210 -0.2331 -0.0788 -0.0155 0.0189 0.0627 0.1703 -0.0338 -0.3214 -0.3360 -0.3154 -0.2151 -0.0667 -0.0105 0.0226 0.0699 0.1701 -0.0694 -0.3241 -0.3360 -0.3094 -0.1984 -0.0583 -0.0069 0.0253 0.0746 0.1682 -0.0840 -0.3250 -0.3348 -0.3082 -0.2675 -0.3082 -0.3348 -0.3250 -0.0840 0.1682 0.0746 0.0253 -0.0069 -0.0583 -0.1984 -0.3094 -0.3360 -0.3241 -0.0694 0.1701 0.0699 0.0226 -0.0105 -0.0667 -0.2151 -0.3154 -0.3360 -0.3214 -0.0338 0.1703 0.0627 0.0189 -0.0155 -0.0788 -0.2331 -0.3210 -0.3355 -0.3131 0.0066 0.1618 0.0560 0.0153 -0.0209 -0.0932 -0.2494 -0.3255 -0.3346 -0.2583 0.0499 0.1348 0.0498 0.0118 -0.0267 -0.1124 -0.1866
-0.1016 -0.0268 0.0110 0.0492 0.1327 0.0540 -0.2537 -0.3345 -0.3258 -0.2508 -0.0947 -0.0214 0.0150 0.0554 0.1587 0.0107 -0.3072 -0.3355 -0.3214 -0.2347 -0.0801 -0.0160 0.0186 0.0620 0.1702 -0.0302 -0.3211 -0.3360 -0.3160 -0.2169 -0.0678 -0.0109 0.0223 0.0692 0.1703 -0.0666 -0.3239 -0.3360 -0.3097 -0.1988 -0.0583 -0.0068 0.0255 0.0750 0.1679 -0.0868 -0.3253 -0.3359 -0.3031 -0.1882 -0.1015 -0.1882 -0.3031 -0.3359 -0.3253 -0.0868 0.1679 0.0750 0.0255 -0.0068 -0.0583 -0.1988 -0.3097 -0.3360 -0.3239 -0.0666 0.1703 0.0692 0.0223 -0.0109 -0.0678 -0.2169 -0.3160 -0.3360 -0.3211 -0.0302 0.1702 0.0620 0.0186 -0.0160 -0.0801 -0.2347 -0.3214 -0.3355 -0.3072 0.0107 0.1587 0.0554 0.0150 -0.0214 -0.0947 -0.2508 -0.3258 -0.3345 -0.2537 0.0540 0.1327 0.0492 0.0110 -0.0268 -0.1016
-0.0447 0.0145 0.0486 0.1307 0.0581 -0.2492 -0.3344 -0.3262 -0.2523 -0.0962 -0.0219 0.0146 0.0548 0.1558 0.0148 -0.3015 -0.3354 -0.3219 -0.2363 -0.0814 -0.0165 0.0182 0.0613 0.1700 -0.0264 -0.3208 -0.3359 -0.3166 -0.2187 -0.0689 -0.0114 0.0219 0.0685 0.1704 -0.0633 -0.3236 -0.3360 -0.3102 -0.1999 -0.0587 -0.0069 0.0255 0.0752 0.1676 -0.0885 -0.3254 -0.3359 -0.3064 -0.1845 -0.0493 -0.0128 -0.0493 -0.1845 -0.3064 -0.3359 -0.3254 -0.0885 0.1676 0.0752 0.0255 -0.0069 -0.0587 -0.1999 -0.3102 -0.3360 -0.3236 -0.0633 0.1704 0.0685 0.0219 -0.0114 -0.0689 -0.2187 -0.3166 -0.3359 -0.3208 -0.0264 0.1700 0.0613 0.0182 -0.0165 -0.0814 -0.2363 -0.3219 -0.3354 -0.3015 0.0148 0.1558 0.0548 0.0146 -0.0219 -0.0962 -0.2523 -0.3262 -0.3344 -0.2492 0.0581 0.1307 0.0486 0.0145 -0.0447
-0.0079 0.0488 0.1288 0.0622 -0.2448 -0.3343 -0.3266 -0.2537 -0.0977 -0.0225 0.0143 0.0542 0.1529 0.0189 -0.2959 -0.3353 -0.3224 -0.2379 -0.0827 -0.0170 0.0179 0.0607 0.1698 -0.0227 -0.3205 -0.3359 -0.3171 -0.2205 -0.0700 -0.0119 0.0216 0.0677 0.1705 -0.0599 -0.3234 -0.3361 -0.3108 -0.2015 -0.0594 -0.0071 0.0253 0.0750 0.1676 -0.0892 -0.3255 -0.3358 -0.3059 -0.1899 -0.0541 -0.0006 0.0199 -0.0006 -0.0541 -0.1899 -0.3059 -0.3358 -0.3255 -0.0892 0.1676 0.0750 0.0253 -0.0071 -0.0594 -0.2015 -0.3108 -0.3361 -0.3234 -0.0599 0.1705 0.0677 0.0216 -0.0119 -0.0700 -0.2205 -0.3171 -0.3359 -0.3205 -0.0227 0.1698 0.0607 0.0179 -0.0170 -0.0827 -0.2379 -0.3224 -0.3353 -0.2959 0.0189 0.1529 0.0542 0.0143 -0.0225 -0.0977 -0.2537 -0.3266 -0.3343 -0.2448 0.0622 0.1288 0.0488 -0.0079
0.0311 0.1268 0.0663 -0.2404 -0.3342 -0.3269 -0.2552 -0.0992 -0.0230 0.0140 0.0536 0.1502 0.0231 -0.2904 -0.3352 -0.3228 -0.2395 -0.0841 -0.0175 0.0175 0.0601 0.1695 -0.0188 -0.3203 -0.3359 -0.3177 -0.2222 -0.0711 -0.0124 0.0212 0.0670 0.1706 -0.0565 -0.3231 -0.3361 -0.3115 -0.2034 -0.0603 -0.0075 0.0250 0.0746 0.1679 -0.0885 -0.3255 -0.3358 -0.3055 -0.1886 -0.0542 -0.0047 0.0306 0.0620 0.0306 -0.0047 -0.0542 -0.1887 -0.3055 -0.3358 -0.3255 -0.0885 0.1679 0.0746 0.0250 -0.0075 -0.0603 -0.2034 -0.3115 -0.3361 -0.3231 -0.0565 0.1706 0.0670 0.0212 -0.0124 -0.0711 -0.2222 -0.3177 -0.3359 -0.3203 -0.0188 0.1695 0.0601 0.0175 -0.0175 -0.0841 -0.2395 -0.3228 -0.3352 -0.2904 0.0231 0.1502 0.0536 0.0140 -0.0230 -0.0992 -0.2552 -0.3269 -0.3342 -0.2404 0.0663 0.1268 0.0311
0.1041 0.0703 -0.2362 -0.3341 -0.3273 -0.2566 -0.1008 -0.0236 0.0136 0.0530 0.1475 0.0273 -0.2851 -0.3352 -0.3232 -0.2411 -0.0854 -0.0180 0.0172 0.0594 0.1693 -0.0150 -0.3200 -0.3358 -0.3182 -0.2239 -0.0723 -0.0128 0.0208 0.0663 0.1707 -0.0531 -0.3229 -0.3361 -0.3121 -0.2052 -0.0612 -0.0080 0.0247 0.0739 0.1682 -0.0868 -0.3254 -0.3358 -0.3055 -0.1880 -0.0536 -0.0047 0.0276 0.0794 0.1338 0.0794 0.0276 -0.0046 -0.0536 -0.1880 -0.3055 -0.3358 -0.3254 -0.0868 0.1682 0.0739 0.0247 -0.0080 -0.0612 -0.2052 -0.3121 -0.3361 -0.3229 -0.0531 0.1707 0.0663 0.0208 -0.0128 -0.0723 -0.2239 -0.3182 -0.3358 -0.3200 -0.0150 0.1693 0.0594 0.0172 -0.0180 -0.0854 -0.2411 -0.3232 -0.3352 -0.2851 0.0273 0.1475 0.0530 0.0136 -0.0236 -0.1008 -0.2566 -0.3273 -0.3341 -0.2362 0.0703 0.1041
0.0522 -0.2320 -0.3339 -0.3276 -0.2580 -0.1024 -0.0241 0.0133 0.0524 0.1450 0.0314 -0.2799 -0.3351 -0.3237 -0.2427 -0.0868 -0.0185 0.0169 0.0588 0.1690 -0.0111 -0.3197 -0.3358 -0.3187 -0.2256 -0.0734 -0.0133 0.0205 0.0657 0.1707 -0.0497 -0.3226 -0.3361 -0.3128 -0.2071 -0.0622 -0.0084 0.0243 0.0732 0.1686 -0.0841 -0.3253 -0.3358 -0.3059 -0.1884 -0.0536 -0.0044 0.0276 0.0797 0.1578 0.0166 0.1579 0.0797 0.0276 -0.0044 -0.0536 -0.1887 -0.3059 -0.3359 -0.3253 -0.0840 0.1687 0.0732 0.0243 -0.0084 -0.0622 -0.2073 -0.3128 -0.3361 -0.3226 -0.0496 0.1707 0.0657 0.0205 -0.0133 -0.0735 -0.2258 -0.3188 -0.3358 -0.3197 -0.0110 0.1690 0.0588 0.0169 -0.0185 -0.0869 -0.2428 -0.3237 -0.3351 -0.2799 0.0315 0.1450 0.0524 0.0133 -0.0241 -0.1025 -0.2581 -0.3277 -0.3339 -0.2319 0.0523
-0.1433 -0.3336 -0.3279 -0.2594 -0.1040 -0.0247 0.0129 0.0518 0.1426 0.0356 -0.2748 -0.3350 -0.3241 -0.2442 -0.0882 -0.0191 0.0165 0.0581 0.1687 -0.0072 -0.3194 -0.3357 -0.3193 -0.2273 -0.0746 -0.0138 0.0201 0.0650 0.1707 -0.0462 -0.3223 -0.3361 -0.3134 -0.2089 -0.0632 -0.0089 0.0239 0.0724 0.1690 -0.0809 -0.3250 -0.3359 -0.3064 -0.1895 -0.0540 -0.0045 0.0277 0.0795 0.1627 -0.1088 -0.3066 -0.1089 0.1628 0.0795 0.0276 -0.0046 -0.0542 -0.1899 -0.3064 -0.3359 -0.3250 -0.0809 0.1691 0.0725 0.0238 -0.0090 -0.0634 -0.2091 -0.3134 -0.3360 -0.3223 -0.0461 0.1707 0.0650 0.0201 -0.0140 -0.0748 -0.2275 -0.3192 -0.3357 -0.3194 -0.0071 0.1687 0.0581 0.0164 -0.0192 -0.0885 -0.2443 -0.3241 -0.3349 -0.2748 0.0357 0.1435 0.0517 0.0128 -0.0248 -0.1043 -0.2595 -0.3279 -0.3336 -0.1433
-0.2030 -0.3282 -0.2606 -0.1056 -0.0252 0.0126 0.0512 0.1402 0.0398 -0.2699 -0.3349 -0.3245 -0.2457 -0.0896 -0.0196 0.0162 0.0575 0.1683 -0.0032 -0.3191 -0.3357 -0.3198 -0.2290 -0.0758 -0.0143 0.0198 0.0643 0.1706 -0.0426 -0.3220 -0.3360 -0.3140 -0.2108 -0.0642 -0.0093 0.0235 0.0717 0.1694 -0.0777 -0.3248 -0.3359 -0.3071 -0.1912 -0.0546 -0.0048 0.0275 0.0793 0.1641 -0.1072 -0.3283 -0.3376 -0.3285 -0.1097 0.1628 0.0797 0.0276 -0.0047 -0.0541 -0.1845 -0.3031 -0.3348 -0.3251 -0.0805 0.1684 0.0721 0.0237 -0.0093 -0.0629 -0.2039 -0.3104 -0.3351 -0.3225 -0.0459 0.1701 0.0646 0.0199 -0.0142 -0.0737 -0.2223 -0.3166 -0.3350 -0.3197 -0.0071 0.1681 0.0578 0.0163 -0.0195 -0.0866 -0.2393 -0.3217 -0.3344 -0.2728 0.0355 0.1428 0.0514 0.0127 -0.0252 -0.1016 -0.2546 -0.3255 -0.2042
-0.2164 -0.2632 -0.1070 -0.0258 0.0122 0.0506 0.1379 0.0440 -0.2650 -0.3348 -0.3249 -0.2472 -0.0911 -0.0201 0.0158 0.0569 0.1665 0.0008 -0.3188 -0.3356 -0.3203 -0.2307 -0.0770 -0.0148 0.0194 0.0636 0.1705 -0.0390 -0.3218 -0.3360 -0.3146 -0.2126 -0.0652 -0.0098 0.0232 0.0709 0.1697 -0.0745 -0.3245 -0.3360 -0.3078 -0.1931 -0.0554 -0.0051 0.0272 0.0789 0.1643 -0.1044 -0.3269 -0.3353 -0.3322 -0.3431 -0.3287 -0.1092 0.1581 0.0795 0.0306 -0.0006 -0.0493 -0.1882 -0.3082 -0.3375 -0.3261 -0.0798 0.1534 0.0726 0.0265 -0.0050 -0.0589 -0.2085 -0.3153 -0.3376 -0.3234 -0.0450 0.1475 0.0659 0.0228 -0.0097 -0.0705 -0.2275 -0.3212 -0.3373 -0.3204 -0.0059 0.1408 0.0597 0.0192 -0.0147 -0.0843 -0.2448 -0.3260 -0.3364 -0.2726 0.0369 0.1248 0.0537 0.0157 -0.0200 -0.0998 -0.2614 -0.2163
-0.1863 -0.1116 -0.0265 0.0119 0.0500 0.1357 0.0481 -0.2603 -0.3347 -0.3253 -0.2487 -0.0925 -0.0206 0.0155 0.0563 0.1632 0.0049 -0.3157 -0.3356 -0.3208 -0.2324 -0.0783 -0.0153 0.0191 0.0629 0.1704 -0.0354 -0.3215 -0.3360 -0.3152 -0.2144 -0.0662 -0.0103 0.0228 0.0702 0.1700 -0.0713 -0.3243 -0.3360 -0.3085 -0.1950 -0.0562 -0.0056 0.0268 0.0782 0.1648 -0.1032 -0.3266 -0.3323 -0.3004 -0.3167 -0.3314 -0.3396 -0.3075 0.0158 0.1340 0.0620 0.0199 -0.0128 -0.1015 -0.2675 -0.3340 -0.3366 -0.2789 0.0559 0.1204 0.0563 0.0162 -0.0188 -0.1211 -0.2811 -0.3366 -0.3348 -0.2532 0.0913 0.1091 0.0507 0.0128 -0.0257 -0.1425 -0.2928 -0.3384 -0.3326 -0.2304 0.1170 0.0996 0.0452 0.0095 -0.0336 -0.1647 -0.3028 -0.3395 -0.3302 -0.1783 0.1331 0.0913 0.0400 0.0062 -0.0422 -0.1876 -0.2076
