-0.0195 0.0483 0.1397 -0.0120 -0.1797 -0.2090 -0.2142 -0.1674 -0.0811 -0.0351 0.0022 0.0444 0.1396 -0.0132 -0.1799 -0.2091 -0.2141 -0.1670 -0.0807 -0.0349 0.0024 0.0447 0.1396 -0.0143 -0.1801 -0.2092 -0.2140 -0.1666 -0.0804 -0.0347 0.0026 0.0450 0.1396 -0.0154 -0.1802 -0.2093 -0.2139 -0.1662 -0.0800 -0.0346 0.0027 0.0453 0.1396 -0.0166 -0.1804 -0.2094 -0.2139 -0.1657 -0.0760 -0.0292 -0.0011 -0.0292 -0.0760 -0.1657 -0.2139 -0.2094 -0.1804 -0.0166 0.1396 0.0453 0.0027 -0.0346 -0.0800 -0.1662 -0.2139 -0.2093 -0.1802 -0.0154 0.1396 0.0450 0.0026 -0.0347 -0.0804 -0.1666 -0.2140 -0.2092 -0.1801 -0.0143 0.1396 0.0447 0.0024 -0.0349 -0.0807 -0.1670 -0.2141 -0.2091 -0.1799 -0.0132 0.1396 0.0444 0.0022 -0.0351 -0.0811 -0.1674 -0.2142 -0.2090 -0.1797 -0.0120 0.1397 0.0483 -0.0195
0.0483 0.1697 -0.0202 -0.3200 -0.3357 -0.3191 -0.2299 -0.0785 -0.0136 0.0228 0.0620 0.1700 -0.0226 -0.3201 -0.3357 -0.3188 -0.2292 -0.0780 -0.0134 0.0229 0.0623 0.1700 -0.0242 -0.3203 -0.3357 -0.3186 -0.2284 -0.0775 -0.0131 0.0231 0.0625 0.1701 -0.0258 -0.3204 -0.3357 -0.3184 -0.2277 -0.0769 -0.0129 0.0233 0.0628 0.1702 -0.0275 -0.3205 -0.3357 -0.3182 -0.2272 -0.0767 -0.0125 0.0267 0.0517 0.0267 -0.0125 -0.0767 -0.2272 -0.3182 -0.3357 -0.3205 -0.0275 0.1702 0.0628 0.0233 -0.0129 -0.0769 -0.2277 -0.3184 -0.3357 -0.3204 -0.0258 0.1701 0.0625 0.0231 -0.0131 -0.0775 -0.2284 -0.3186 -0.3357 -0.3203 -0.0242 0.1700 0.0623 0.0229 -0.0134 -0.0780 -0.2292 -0.3188 -0.3357 -0.3201 -0.0226 0.1700 0.0620 0.0228 -0.0136 -0.0785 -0.2299 -0.3191 -0.3357 -0.3200 -0.0202 0.1697 0.0483
0.1397 -0.0202 -0.3202 -0.3359 -0.3186 -0.2265 -0.0751 -0.0148 0.0190 0.0627 0.1702 -0.0264 -0.3206 -0.3359 -0.3181 -0.2255 -0.0744 -0.0145 0.0191 0.0630 0.1702 -0.0281 -0.3207 -0.3359 -0.3179 -0.2246 -0.0739 -0.0143 0.0193 0.0632 0.1703 -0.0296 -0.3208 -0.3359 -0.3177 -0.2240 -0.0734 -0.0141 0.0194 0.0635 0.1704 -0.0313 -0.3209 -0.3359 -0.3175 -0.2231 -0.0730 -0.0140 0.0197 0.0662 0.1097 0.0662 0.0197 -0.0140 -0.0730 -0.2231 -0.3175 -0.3359 -0.3209 -0.0313 0.1704 0.0635 0.0194 -0.0141 -0.0734 -0.2240 -0.3177 -0.3359 -0.3208 -0.0296 0.1703 0.0632 0.0193 -0.0143 -0.0739 -0.2246 -0.3179 -0.3359 -0.3207 -0.0281 0.1702 0.0630 0.0191 -0.0145 -0.0744 -0.2255 -0.3181 -0.3359 -0.3206 -0.0264 0.1702 0.0627 0.0190 -0.0148 -0.0751 -0.2265 -0.3186 -0.3359 -0.3202 -0.0202 0.1397
-0.0120 -0.3200 -0.3359 -0.3185 -0.2258 -0.0744 -0.0141 0.0197 0.0633 0.1703 -0.0299 -0.3208 -0.3359 -0.3177 -0.2239 -0.0734 -0.0138 0.0198 0.0636 0.1704 -0.0318 -0.3210 -0.3359 -0.3174 -0.2232 -0.0729 -0.0136 0.0200 0.0639 0.1704 -0.0333 -0.3211 -0.3359 -0.3172 -0.2224 -0.0724 -0.0134 0.0201 0.0642 0.1705 -0.0349 -0.3212 -0.3360 -0.3170 -0.2217 -0.0719 -0.0132 0.0202 0.0648 0.1477 0.0902 0.1477 0.0648 0.0202 -0.0132 -0.0719 -0.2217 -0.3170 -0.3360 -0.3212 -0.0349 0.1705 0.0642 0.0201 -0.0134 -0.0724 -0.2224 -0.3172 -0.3359 -0.3211 -0.0333 0.1704 0.0639 0.0200 -0.0136 -0.0729 -0.2232 -0.3174 -0.3359 -0.3210 -0.0318 0.1704 0.0636 0.0198 -0.0138 -0.0734 -0.2239 -0.3177 -0.3359 -0.3208 -0.0299 0.1703 0.0633 0.0197 -0.0141 -0.0744 -0.2258 -0.3185 -0.3359 -0.3200 -0.0120
-0.1797 -0.3357 -0.3186 -0.2258 -0.0740 -0.0138 0.0199 0.0639 0.1704 -0.0333 -0.3211 -0.3359 -0.3171 -0.2222 -0.0722 -0.0133 0.0201 0.0643 0.1705 -0.0354 -0.3212 -0.3360 -0.3169 -0.2214 -0.0717 -0.0131 0.0203 0.0646 0.1706 -0.0370 -0.3213 -0.3360 -0.3167 -0.2207 -0.0713 -0.0129 0.0204 0.0649 0.1706 -0.0385 -0.3215 -0.3360 -0.3164 -0.2199 -0.0708 -0.0127 0.0206 0.0652 0.1701 -0.0460 -0.2542 -0.0460 0.1701 0.0652 0.0206 -0.0127 -0.0708 -0.2199 -0.3164 -0.3360 -0.3215 -0.0385 0.1706 0.0649 0.0204 -0.0129 -0.0713 -0.2207 -0.3167 -0.3360 -0.3213 -0.0370 0.1706 0.0646 0.0203 -0.0131 -0.0717 -0.2214 -0.3169 -0.3360 -0.3212 -0.0354 0.1705 0.0643 0.0201 -0.0133 -0.0722 -0.2222 -0.3171 -0.3359 -0.3211 -0.0333 0.1704 0.0639 0.0199 -0.0138 -0.0740 -0.2258 -0.3186 -0.3357 -0.1797
-0.2090 -0.3191 -0.2265 -0.0744 -0.0138 0.0200 0.0642 0.1705 -0.0367 -0.3213 -0.3360 -0.3166 -0.2205 -0.0711 -0.0128 0.0205 0.0650 0.1706 -0.0390 -0.3215 -0.3360 -0.3163 -0.2197 -0.0706 -0.0126 0.0206 0.0653 0.1706 -0.0406 -0.3216 -0.3360 -0.3161 -0.2190 -0.0701 -0.0124 0.0208 0.0656 0.1707 -0.0421 -0.3217 -0.3360 -0.3158 -0.2182 -0.0697 -0.0122 0.0209 0.0658 0.1707 -0.0469 -0.3234 -0.3348 -0.3234 -0.0469 0.1707 0.0658 0.0209 -0.0122 -0.0697 -0.2182 -0.3158 -0.3360 -0.3217 -0.0421 0.1707 0.0656 0.0208 -0.0124 -0.0701 -0.2190 -0.3161 -0.3360 -0.3216 -0.0406 0.1706 0.0653 0.0206 -0.0126 -0.0706 -0.2197 -0.3163 -0.3360 -0.3215 -0.0390 0.1706 0.0650 0.0205 -0.0128 -0.0711 -0.2205 -0.3166 -0.3360 -0.3213 -0.0367 0.1705 0.0642 0.0200 -0.0138 -0.0744 -0.2265 -0.3191 -0.2090
-0.2142 -0.2299 -0.0751 -0.0141 0.0199 0.0642 0.1706 -0.0387 -0.3215 -0.3360 -0.3161 -0.2188 -0.0700 -0.0124 0.0208 0.0657 0.1707 -0.0426 -0.3218 -0.3360 -0.3158 -0.2179 -0.0695 -0.0122 0.0210 0.0659 0.1707 -0.0441 -0.3219 -0.3360 -0.3155 -0.2172 -0.0690 -0.0119 0.0211 0.0662 0.1707 -0.0457 -0.3220 -0.3360 -0.3153 -0.2164 -0.0686 -0.0117 0.0213 0.0665 0.1707 -0.0471 -0.3226 -0.3376 -0.3365 -0.3376 -0.3226 -0.0471 0.1707 0.0665 0.0213 -0.0117 -0.0686 -0.2164 -0.3153 -0.3360 -0.3220 -0.0457 0.1707 0.0662 0.0211 -0.0119 -0.0690 -0.2172 -0.3155 -0.3360 -0.3219 -0.0441 0.1707 0.0659 0.0210 -0.0122 -0.0695 -0.2179 -0.3158 -0.3360 -0.3218 -0.0426 0.1707 0.0657 0.0208 -0.0124 -0.0700 -0.2188 -0.3161 -0.3360 -0.3215 -0.0387 0.1706 0.0642 0.0199 -0.0141 -0.0751 -0.2299 -0.2142
-0.1674 -0.0785 -0.0148 0.0197 0.0639 0.1705 -0.0387 -0.3216 -0.3360 -0.3157 -0.2174 -0.0690 -0.0119 0.0212 0.0663 0.1707 -0.0462 -0.3220 -0.3360 -0.3152 -0.2162 -0.0684 -0.0117 0.0214 0.0666 0.1707 -0.0477 -0.3222 -0.3360 -0.3149 -0.2154 -0.0679 -0.0115 0.0215 0.0669 0.1707 -0.0492 -0.3223 -0.3360 -0.3147 -0.2146 -0.0675 -0.0113 0.0217 0.0672 0.1707 -0.0506 -0.3223 -0.3351 -0.3151 -0.2807 -0.3151 -0.3351 -0.3223 -0.0506 0.1707 0.0672 0.0217 -0.0113 -0.0675 -0.2146 -0.3147 -0.3360 -0.3223 -0.0492 0.1707 0.0669 0.0215 -0.0115 -0.0679 -0.2154 -0.3149 -0.3360 -0.3222 -0.0477 0.1707 0.0666 0.0214 -0.0117 -0.0684 -0.2162 -0.3152 -0.3360 -0.3220 -0.0462 0.1707 0.0663 0.0212 -0.0119 -0.0690 -0.2174 -0.3157 -0.3360 -0.3216 -0.0387 0.1705 0.0639 0.0197 -0.0148 -0.0785 -0.1674
-0.0811 -0.0136 0.0190 0.0633 0.1704 -0.0367 -0.3215 -0.3360 -0.3156 -0.2166 -0.0683 -0.0115 0.0215 0.0670 0.1707 -0.0497 -0.3223 -0.3360 -0.3146 -0.2144 -0.0673 -0.0112 0.0217 0.0673 0.1707 -0.0511 -0.3224 -0.3361 -0.3143 -0.2136 -0.0669 -0.0110 0.0219 0.0676 0.1706 -0.0526 -0.3225 -0.3361 -0.3141 -0.2128 -0.0664 -0.0108 0.0220 0.0679 0.1706 -0.0541 -0.3227 -0.3360 -0.3102 -0.2079 -0.1206 -0.2079 -0.3102 -0.3360 -0.3227 -0.0541 0.1706 0.0679 0.0220 -0.0108 -0.0664 -0.2128 -0.3141 -0.3361 -0.3225 -0.0526 0.1706 0.0676 0.0219 -0.0110 -0.0669 -0.2136 -0.3143 -0.3361 -0.3224 -0.0511 0.1707 0.0673 0.0217 -0.0112 -0.0673 -0.2144 -0.3146 -0.3360 -0.3223 -0.0497 0.1707 0.0670 0.0215 -0.0115 -0.0683 -0.2166 -0.3156 -0.3360 -0.3215 -0.0367 0.1704 0.0633 0.0190 -0.0136 -0.0811
-0.0351 0.0228 0.0627 0.1703 -0.0333 -0.3213 -0.3360 -0.3157 -0.2166 -0.0680 -0.0113 0.0217 0.0675 0.1706 -0.0529 -0.3226 -0.3361 -0.3140 -0.2126 -0.0662 -0.0107 0.0221 0.0680 0.1706 -0.0546 -0.3227 -0.3361 -0.3137 -0.2118 -0.0658 -0.0105 0.0222 0.0683 0.1706 -0.0561 -0.3228 -0.3361 -0.3135 -0.2110 -0.0654 -0.0103 0.0224 0.0687 0.1705 -0.0575 -0.3229 -0.3361 -0.3132 -0.2034 -0.0587 -0.0186 -0.0587 -0.2034 -0.3132 -0.3361 -0.3229 -0.0575 0.1705 0.0687 0.0224 -0.0103 -0.0654 -0.2110 -0.3135 -0.3361 -0.3228 -0.0561 0.1706 0.0683 0.0222 -0.0105 -0.0658 -0.2118 -0.3137 -0.3361 -0.3227 -0.0546 0.1706 0.0680 0.0221 -0.0107 -0.0662 -0.2126 -0.3140 -0.3361 -0.3226 -0.0529 0.1706 0.0675 0.0217 -0.0113 -0.0680 -0.2166 -0.3157 -0.3360 -0.3213 -0.0333 0.1703 0.0627 0.0228 -0.0351
0.0022 0.0620 0.1702 -0.0299 -0.3211 -0.3360 -0.3161 -0.2174 -0.0683 -0.0113 0.0218 0.0679 0.1706 -0.0556 -0.3228 -0.3361 -0.3134 -0.2108 -0.0652 -0.0103 0.0224 0.0688 0.1705 -0.0580 -0.3230 -0.3361 -0.3131 -0.2100 -0.0648 -0.0101 0.0226 0.0691 0.1704 -0.0594 -0.3231 -0.3361 -0.3128 -0.2092 -0.0643 -0.0099 0.0228 0.0694 0.1704 -0.0609 -0.3232 -0.3361 -0.3127 -0.2086 -0.0626 -0.0049 0.0163 -0.0049 -0.0626 -0.2086 -0.3127 -0.3361 -0.3232 -0.0609 0.1704 0.0694 0.0228 -0.0099 -0.0643 -0.2092 -0.3128 -0.3361 -0.3231 -0.0594 0.1704 0.0691 0.0226 -0.0101 -0.0648 -0.2100 -0.3131 -0.3361 -0.3230 -0.0580 0.1705 0.0688 0.0224 -0.0103 -0.0652 -0.2108 -0.3134 -0.3361 -0.3228 -0.0556 0.1706 0.0679 0.0218 -0.0113 -0.0683 -0.2174 -0.3161 -0.3360 -0.3211 -0.0299 0.1702 0.0620 0.0022
0.0444 0.1700 -0.0264 -0.3208 -0.3359 -0.3166 -0.2188 -0.0690 -0.0115 0.0217 0.0679 0.1706 -0.0573 -0.3230 -0.3361 -0.3128 -0.2091 -0.0642 -0.0098 0.0228 0.0695 0.1704 -0.0614 -0.3232 -0.3361 -0.3125 -0.2081 -0.0637 -0.0096 0.0230 0.0698 0.1703 -0.0628 -0.3233 -0.3361 -0.3122 -0.2074 -0.0633 -0.0094 0.0231 0.0701 0.1702 -0.0642 -0.3235 -0.3361 -0.3119 -0.2067 -0.0631 -0.0091 0.0266 0.0564 0.0266 -0.0091 -0.0631 -0.2067 -0.3119 -0.3361 -0.3235 -0.0642 0.1702 0.0701 0.0231 -0.0094 -0.0633 -0.2074 -0.3122 -0.3361 -0.3233 -0.0628 0.1703 0.0698 0.0230 -0.0096 -0.0637 -0.2081 -0.3125 -0.3361 -0.3232 -0.0614 0.1704 0.0695 0.0228 -0.0098 -0.0642 -0.2091 -0.3128 -0.3361 -0.3230 -0.0573 0.1706 0.0679 0.0217 -0.0115 -0.0690 -0.2188 -0.3166 -0.3359 -0.3208 -0.0264 0.1700 0.0444
0.1396 -0.0226 -0.3206 -0.3359 -0.3171 -0.2205 -0.0700 -0.0119 0.0215 0.0675 0.1706 -0.0573 -0.3231 -0.3361 -0.3124 -0.2076 -0.0633 -0.0094 0.0232 0.0702 0.1702 -0.0647 -0.3235 -0.3361 -0.3118 -0.2063 -0.0627 -0.0091 0.0233 0.0705 0.1701 -0.0661 -0.3236 -0.3361 -0.3116 -0.2055 -0.0623 -0.0089 0.0235 0.0708 0.1700 -0.0675 -0.3237 -0.3360 -0.3113 -0.2047 -0.0619 -0.0089 0.0238 0.0728 0.1208 0.0728 0.0238 -0.0089 -0.0619 -0.2047 -0.3113 -0.3360 -0.3237 -0.0675 0.1700 0.0708 0.0235 -0.0089 -0.0623 -0.2055 -0.3116 -0.3361 -0.3236 -0.0661 0.1701 0.0705 0.0233 -0.0091 -0.0627 -0.2063 -0.3118 -0.3361 -0.3235 -0.0647 0.1702 0.0702 0.0232 -0.0094 -0.0633 -0.2076 -0.3124 -0.3361 -0.3231 -0.0573 0.1706 0.0675 0.0215 -0.0119 -0.0700 -0.2205 -0.3171 -0.3359 -0.3206 -0.0226 0.1396
-0.0132 -0.3201 -0.3359 -0.3177 -0.2222 -0.0711 -0.0124 0.0212 0.0670 0.1706 -0.0556 -0.3230 -0.3361 -0.3123 -0.2067 -0.0627 -0.0090 0.0235 0.0709 0.1700 -0.0680 -0.3238 -0.3360 -0.3112 -0.2045 -0.0618 -0.0087 0.0237 0.0712 0.1699 -0.0694 -0.3239 -0.3360 -0.3109 -0.2037 -0.0613 -0.0085 0.0239 0.0716 0.1697 -0.0708 -0.3240 -0.3360 -0.3106 -0.2029 -0.0609 -0.0083 0.0239 0.0723 0.1535 0.0549 0.1535 0.0723 0.0239 -0.0083 -0.0609 -0.2029 -0.3106 -0.3360 -0.3240 -0.0708 0.1697 0.0716 0.0239 -0.0085 -0.0613 -0.2037 -0.3109 -0.3360 -0.3239 -0.0694 0.1699 0.0712 0.0237 -0.0087 -0.0618 -0.2045 -0.3112 -0.3360 -0.3238 -0.0680 0.1700 0.0709 0.0235 -0.0090 -0.0627 -0.2067 -0.3123 -0.3361 -0.3230 -0.0556 0.1706 0.0670 0.0212 -0.0124 -0.0711 -0.2222 -0.3177 -0.3359 -0.3201 -0.0132
-0.1799 -0.3357 -0.3181 -0.2239 -0.0722 -0.0128 0.0208 0.0663 0.1707 -0.0529 -0.3228 -0.3361 -0.3124 -0.2067 -0.0624 -0.0088 0.0237 0.0715 0.1697 -0.0710 -0.3240 -0.3360 -0.3105 -0.2026 -0.0608 -0.0082 0.0241 0.0720 0.1696 -0.0727 -0.3241 -0.3360 -0.3102 -0.2018 -0.0604 -0.0080 0.0242 0.0723 0.1694 -0.0741 -0.3242 -0.3360 -0.3100 -0.2010 -0.0600 -0.0078 0.0244 0.0727 0.1683 -0.0807 -0.2796 -0.0807 0.1683 0.0727 0.0244 -0.0078 -0.0600 -0.2010 -0.3100 -0.3360 -0.3242 -0.0741 0.1694 0.0723 0.0242 -0.0080 -0.0604 -0.2018 -0.3102 -0.3360 -0.3241 -0.0727 0.1696 0.0720 0.0241 -0.0082 -0.0608 -0.2026 -0.3105 -0.3360 -0.3240 -0.0710 0.1697 0.0715 0.0237 -0.0088 -0.0624 -0.2067 -0.3124 -0.3361 -0.3228 -0.0529 0.1707 0.0663 0.0208 -0.0128 -0.0722 -0.2239 -0.3181 -0.3357 -0.1799
-0.2091 -0.3188 -0.2255 -0.0734 -0.0133 0.0205 0.0657 0.1707 -0.0497 -0.3226 -0.3361 -0.3128 -0.2076 -0.0627 -0.0088 0.0238 0.0718 0.1696 -0.0736 -0.3242 -0.3360 -0.3099 -0.2007 -0.0599 -0.0078 0.0245 0.0727 0.1693 -0.0759 -0.3244 -0.3360 -0.3096 -0.1999 -0.0595 -0.0076 0.0246 0.0731 0.1691 -0.0773 -0.3245 -0.3360 -0.3093 -0.1991 -0.0591 -0.0074 0.0248 0.0734 0.1690 -0.0814 -0.3262 -0.3367 -0.3262 -0.0814 0.1690 0.0734 0.0248 -0.0074 -0.0591 -0.1991 -0.3093 -0.3360 -0.3245 -0.0773 0.1691 0.0731 0.0246 -0.0076 -0.0595 -0.1999 -0.3096 -0.3360 -0.3244 -0.0759 0.1693 0.0727 0.0245 -0.0078 -0.0599 -0.2007 -0.3099 -0.3360 -0.3242 -0.0736 0.1696 0.0718 0.0238 -0.0088 -0.0627 -0.2076 -0.3128 -0.3361 -0.3226 -0.0497 0.1707 0.0657 0.0205 -0.0133 -0.0734 -0.2255 -0.3188 -0.2091
-0.2141 -0.2292 -0.0744 -0.0138 0.0201 0.0650 0.1707 -0.0462 -0.3223 -0.3361 -0.3134 -0.2091 -0.0633 -0.0090 0.0237 0.0718 0.1695 -0.0752 -0.3244 -0.3360 -0.3093 -0.1990 -0.0589 -0.0073 0.0248 0.0735 0.1689 -0.0791 -0.3246 -0.3360 -0.3089 -0.1980 -0.0585 -0.0071 0.0250 0.0738 0.1687 -0.0805 -0.3247 -0.3360 -0.3086 -0.1972 -0.0581 -0.0070 0.0252 0.0742 0.1685 -0.0818 -0.3252 -0.3375 -0.3339 -0.3375 -0.3252 -0.0818 0.1685 0.0742 0.0252 -0.0070 -0.0581 -0.1972 -0.3086 -0.3360 -0.3247 -0.0805 0.1687 0.0738 0.0250 -0.0071 -0.0585 -0.1980 -0.3089 -0.3360 -0.3246 -0.0791 0.1689 0.0735 0.0248 -0.0073 -0.0589 -0.1990 -0.3093 -0.3360 -0.3244 -0.0752 0.1695 0.0718 0.0237 -0.0090 -0.0633 -0.2091 -0.3134 -0.3361 -0.3223 -0.0462 0.1707 0.0650 0.0201 -0.0138 -0.0744 -0.2292 -0.2141
-0.1670 -0.0780 -0.0145 0.0198 0.0643 0.1706 -0.0426 -0.3220 -0.3360 -0.3140 -0.2108 -0.0642 -0.0094 0.0235 0.0715 0.1696 -0.0752 -0.3245 -0.3360 -0.3088 -0.1975 -0.0581 -0.0069 0.0252 0.0743 0.1685 -0.0823 -0.3249 -0.3359 -0.3082 -0.1961 -0.0576 -0.0067 0.0254 0.0746 0.1683 -0.0836 -0.3250 -0.3359 -0.3079 -0.1953 -0.0572 -0.0065 0.0256 0.0749 0.1681 -0.0849 -0.3250 -0.3348 -0.3080 -0.2671 -0.3080 -0.3348 -0.3250 -0.0849 0.1681 0.0749 0.0256 -0.0065 -0.0572 -0.1953 -0.3079 -0.3359 -0.3250 -0.0836 0.1683 0.0746 0.0254 -0.0067 -0.0576 -0.1961 -0.3082 -0.3359 -0.3249 -0.0823 0.1685 0.0743 0.0252 -0.0069 -0.0581 -0.1975 -0.3088 -0.3360 -0.3245 -0.0752 0.1696 0.0715 0.0235 -0.0094 -0.0642 -0.2108 -0.3140 -0.3360 -0.3220 -0.0426 0.1706 0.0643 0.0198 -0.0145 -0.0780 -0.1670
-0.0807 -0.0134 0.0191 0.0636 0.1705 -0.0390 -0.3218 -0.3360 -0.3146 -0.2126 -0.0652 -0.0098 0.0232 0.0709 0.1697 -0.0736 -0.3244 -0.3360 -0.3086 -0.1965 -0.0576 -0.0066 0.0256 0.0750 0.1680 -0.0854 -0.3251 -0.3359 -0.3075 -0.1942 -0.0567 -0.0063 0.0258 0.0754 0.1678 -0.0868 -0.3252 -0.3359 -0.3072 -0.1934 -0.0564 -0.0061 0.0260 0.0757 0.1675 -0.0881 -0.3253 -0.3358 -0.3028 -0.1876 -0.1010 -0.1876 -0.3028 -0.3358 -0.3253 -0.0881 0.1675 0.0757 0.0260 -0.0061 -0.0564 -0.1934 -0.3072 -0.3359 -0.3252 -0.0868 0.1678 0.0754 0.0258 -0.0063 -0.0567 -0.1942 -0.3075 -0.3359 -0.3251 -0.0854 0.1680 0.0750 0.0256 -0.0066 -0.0576 -0.1965 -0.3086 -0.3360 -0.3244 -0.0736 0.1697 0.0709 0.0232 -0.0098 -0.0652 -0.2126 -0.3146 -0.3360 -0.3218 -0.0390 0.1705 0.0636 0.0191 -0.0134 -0.0807
-0.0349 0.0229 0.0630 0.1704 -0.0354 -0.3215 -0.3360 -0.3152 -0.2144 -0.0662 -0.0103 0.0228 0.0702 0.1700 -0.0710 -0.3242 -0.3360 -0.3088 -0.1965 -0.0573 -0.0064 0.0258 0.0756 0.1675 -0.0883 -0.3254 -0.3359 -0.3067 -0.1923 -0.0559 -0.0058 0.0262 0.0762 0.1672 -0.0899 -0.3255 -0.3358 -0.3064 -0.1915 -0.0555 -0.0056 0.0264 0.0765 0.1670 -0.0912 -0.3256 -0.3359 -0.3061 -0.1838 -0.0491 -0.0127 -0.0491 -0.1838 -0.3061 -0.3359 -0.3256 -0.0912 0.1670 0.0765 0.0264 -0.0056 -0.0555 -0.1915 -0.3064 -0.3358 -0.3255 -0.0899 0.1672 0.0762 0.0262 -0.0058 -0.0559 -0.1923 -0.3067 -0.3359 -0.3254 -0.0883 0.1675 0.0756 0.0258 -0.0064 -0.0573 -0.1965 -0.3088 -0.3360 -0.3242 -0.0710 0.1700 0.0702 0.0228 -0.0103 -0.0662 -0.2144 -0.3152 -0.3360 -0.3215 -0.0354 0.1704 0.0630 0.0229 -0.0349
0.0024 0.0623 0.1702 -0.0318 -0.3212 -0.3360 -0.3158 -0.2162 -0.0673 -0.0107 0.0224 0.0695 0.1702 -0.0680 -0.3240 -0.3360 -0.3093 -0.1975 -0.0576 -0.0064 0.0259 0.0760 0.1672 -0.0908 -0.3256 -0.3358 -0.3060 -0.1904 -0.0550 -0.0054 0.0266 0.0770 0.1666 -0.0930 -0.3257 -0.3358 -0.3057 -0.1895 -0.0547 -0.0052 0.0268 0.0773 0.1663 -0.0943 -0.3258 -0.3358 -0.3055 -0.1889 -0.0538 -0.0005 0.0200 -0.0005 -0.0538 -0.1889 -0.3055 -0.3358 -0.3258 -0.0943 0.1663 0.0773 0.0268 -0.0052 -0.0547 -0.1895 -0.3057 -0.3358 -0.3257 -0.0930 0.1666 0.0770 0.0266 -0.0054 -0.0550 -0.1904 -0.3060 -0.3358 -0.3256 -0.0908 0.1672 0.0760 0.0259 -0.0064 -0.0576 -0.1975 -0.3093 -0.3360 -0.3240 -0.0680 0.1702 0.0695 0.0224 -0.0107 -0.0673 -0.2162 -0.3158 -0.3360 -0.3212 -0.0318 0.1702 0.0623 0.0024
0.0447 0.1700 -0.0281 -0.3210 -0.3360 -0.3163 -0.2179 -0.0684 -0.0112 0.0221 0.0688 0.1704 -0.0647 -0.3238 -0.3360 -0.3099 -0.1990 -0.0581 -0.0066 0.0258 0.0760 0.1670 -0.0923 -0.3257 -0.3358 -0.3054 -0.1886 -0.0542 -0.0050 0.0270 0.0778 0.1659 -0.0961 -0.3260 -0.3357 -0.3049 -0.1876 -0.0538 -0.0048 0.0272 0.0781 0.1656 -0.0974 -0.3261 -0.3357 -0.3046 -0.1869 -0.0537 -0.0045 0.0308 0.0622 0.0308 -0.0045 -0.0537 -0.1869 -0.3046 -0.3357 -0.3261 -0.0974 0.1656 0.0781 0.0272 -0.0048 -0.0538 -0.1876 -0.3049 -0.3357 -0.3260 -0.0961 0.1659 0.0778 0.0270 -0.0050 -0.0542 -0.1886 -0.3053 -0.3358 -0.3257 -0.0923 0.1670 0.0760 0.0258 -0.0066 -0.0581 -0.1990 -0.3099 -0.3360 -0.3238 -0.0647 0.1704 0.0688 0.0221 -0.0112 -0.0684 -0.2179 -0.3163 -0.3360 -0.3210 -0.0281 0.1700 0.0447
0.1396 -0.0242 -0.3207 -0.3359 -0.3169 -0.2197 -0.0695 -0.0117 0.0217 0.0680 0.1705 -0.0614 -0.3235 -0.3360 -0.3105 -0.2007 -0.0589 -0.0069 0.0256 0.0756 0.1672 -0.0923 -0.3258 -0.3358 -0.3049 -0.1870 -0.0535 -0.0046 0.0274 0.0786 0.1652 -0.0991 -0.3262 -0.3357 -0.3042 -0.1857 -0.0530 -0.0043 0.0276 0.0789 0.1649 -0.1004 -0.3263 -0.3357 -0.3039 -0.1848 -0.0527 -0.0043 0.0279 0.0800 0.1350 0.0800 0.0279 -0.0043 -0.0527 -0.1848 -0.3039 -0.3357 -0.3263 -0.1004 0.1649 0.0789 0.0276 -0.0043 -0.0530 -0.1857 -0.3042 -0.3357 -0.3262 -0.0991 0.1652 0.0786 0.0274 -0.0046 -0.0535 -0.1871 -0.3049 -0.3358 -0.3258 -0.0923 0.1672 0.0756 0.0256 -0.0069 -0.0589 -0.2007 -0.3105 -0.3360 -0.3235 -0.0614 0.1705 0.0680 0.0217 -0.0117 -0.0695 -0.2197 -0.3169 -0.3359 -0.3207 -0.0242 0.1396
-0.0143 -0.3203 -0.3359 -0.3174 -0.2214 -0.0706 -0.0122 0.0214 0.0673 0.1706 -0.0580 -0.3232 -0.3361 -0.3112 -0.2026 -0.0599 -0.0073 0.0252 0.0750 0.1675 -0.0908 -0.3257 -0.3358 -0.3047 -0.1861 -0.0529 -0.0042 0.0278 0.0793 0.1645 -0.1022 -0.3264 -0.3356 -0.3034 -0.1837 -0.0522 -0.0039 0.0280 0.0798 0.1641 -0.1035 -0.3266 -0.3356 -0.3031 -0.1829 -0.0519 -0.0037 0.0281 0.0807 0.1580 0.0128 0.1580 0.0807 0.0281 -0.0037 -0.0519 -0.1829 -0.3031 -0.3356 -0.3266 -0.1035 0.1641 0.0798 0.0280 -0.0039 -0.0522 -0.1837 -0.3034 -0.3356 -0.3264 -0.1022 0.1645 0.0793 0.0278 -0.0042 -0.0530 -0.1863 -0.3048 -0.3358 -0.3257 -0.0908 0.1675 0.0750 0.0252 -0.0073 -0.0599 -0.2026 -0.3112 -0.3361 -0.3232 -0.0580 0.1706 0.0673 0.0214 -0.0122 -0.0706 -0.2214 -0.3174 -0.3359 -0.3203 -0.0143
-0.1801 -0.3357 -0.3179 -0.2232 -0.0717 -0.0126 0.0210 0.0666 0.1707 -0.0546 -0.3230 -0.3361 -0.3118 -0.2045 -0.0608 -0.0078 0.0248 0.0743 0.1680 -0.0883 -0.3256 -0.3358 -0.3049 -0.1861 -0.0527 -0.0040 0.0281 0.0800 0.1637 -0.1050 -0.3267 -0.3356 -0.3026 -0.1818 -0.0514 -0.0035 0.0284 0.0806 0.1632 -0.1065 -0.3268 -0.3355 -0.3023 -0.1809 -0.0511 -0.0033 0.0286 0.0811 0.1612 -0.1127 -0.3093 -0.1127 0.1612 0.0811 0.0286 -0.0033 -0.0511 -0.1809 -0.3023 -0.3355 -0.3268 -0.1065 0.1632 0.0806 0.0284 -0.0035 -0.0514 -0.1818 -0.3026 -0.3356 -0.3267 -0.1050 0.1637 0.0799 0.0280 -0.0041 -0.0528 -0.1863 -0.3049 -0.3358 -0.3256 -0.0883 0.1680 0.0743 0.0248 -0.0078 -0.0608 -0.2045 -0.3118 -0.3361 -0.3230 -0.0546 0.1707 0.0666 0.0210 -0.0126 -0.0717 -0.2232 -0.3179 -0.3357 -0.1801
-0.2092 -0.3186 -0.2246 -0.0729 -0.0131 0.0206 0.0659 0.1707 -0.0511 -0.3227 -0.3361 -0.3125 -0.2063 -0.0618 -0.0082 0.0245 0.0735 0.1685 -0.0854 -0.3254 -0.3358 -0.3054 -0.1870 -0.0529 -0.0040 0.0281 0.0803 0.1632 -0.1072 -0.3269 -0.3355 -0.3018 -0.1798 -0.0507 -0.0031 0.0289 0.0814 0.1623 -0.1095 -0.3270 -0.3354 -0.3015 -0.1790 -0.0503 -0.0029 0.0291 0.0818 0.1619 -0.1132 -0.3287 -0.3381 -0.3287 -0.1132 0.1619 0.0818 0.0291 -0.0029 -0.0503 -0.1790 -0.3015 -0.3354 -0.3270 -0.1095 0.1623 0.0814 0.0289 -0.0031 -0.0507 -0.1798 -0.3018 -0.3355 -0.3269 -0.1072 0.1632 0.0803 0.0281 -0.0041 -0.0530 -0.1871 -0.3053 -0.3358 -0.3254 -0.0854 0.1685 0.0735 0.0245 -0.0082 -0.0618 -0.2063 -0.3125 -0.3361 -0.3227 -0.0511 0.1707 0.0659 0.0206 -0.0131 -0.0729 -0.2246 -0.3186 -0.2092
-0.2140 -0.2284 -0.0739 -0.0136 0.0203 0.0653 0.1707 -0.0477 -0.3224 -0.3361 -0.3131 -0.2081 -0.0627 -0.0087 0.0241 0.0727 0.1689 -0.0823 -0.3251 -0.3359 -0.3060 -0.1886 -0.0535 -0.0042 0.0280 0.0803 0.1630 -0.1085 -0.3270 -0.3354 -0.3011 -0.1780 -0.0499 -0.0026 0.0293 0.0823 0.1613 -0.1125 -0.3272 -0.3354 -0.3007 -0.1770 -0.0496 -0.0025 0.0295 0.0827 0.1609 -0.1138 -0.3275 -0.3369 -0.3304 -0.3369 -0.3275 -0.1138 0.1609 0.0827 0.0295 -0.0025 -0.0496 -0.1770 -0.3007 -0.3354 -0.3272 -0.1125 0.1613 0.0823 0.0293 -0.0026 -0.0499 -0.1780 -0.3011 -0.3354 -0.3270 -0.1085 0.1630 0.0803 0.0280 -0.0042 -0.0535 -0.1886 -0.3060 -0.3359 -0.3251 -0.0823 0.1689 0.0727 0.0241 -0.0087 -0.0627 -0.2081 -0.3131 -0.3361 -0.3224 -0.0477 0.1707 0.0653 0.0203 -0.0136 -0.0739 -0.2284 -0.2140
-0.1666 -0.0775 -0.0143 0.0200 0.0646 0.1706 -0.0441 -0.3222 -0.3361 -0.3137 -0.2100 -0.0637 -0.0091 0.0237 0.0720 0.1693 -0.0791 -0.3249 -0.3359 -0.3067 -0.1904 -0.0542 -0.0046 0.0278 0.0799 0.1632 -0.1085 -0.3271 -0.3354 -0.3007 -0.1766 -0.0493 -0.0023 0.0298 0.0832 0.1602 -0.1156 -0.3275 -0.3353 -0.2998 -0.1750 -0.0489 -0.0021 0.0299 0.0836 0.1598 -0.1168 -0.3275 -0.3338 -0.2995 -0.2516 -0.2995 -0.3338 -0.3275 -0.1168 0.1598 0.0836 0.0299 -0.0021 -0.0489 -0.1750 -0.2998 -0.3353 -0.3275 -0.1156 0.1602 0.0832 0.0298 -0.0023 -0.0493 -0.1766 -0.3007 -0.3354 -0.3271 -0.1085 0.1632 0.0799 0.0278 -0.0046 -0.0542 -0.1904 -0.3067 -0.3359 -0.3249 -0.0791 0.1693 0.0720 0.0237 -0.0091 -0.0637 -0.2100 -0.3137 -0.3361 -0.3222 -0.0441 0.1706 0.0646 0.0200 -0.0143 -0.0775 -0.1666
-0.0804 -0.0131 0.0193 0.0639 0.1706 -0.0406 -0.3219 -0.3360 -0.3143 -0.2118 -0.0648 -0.0096 0.0233 0.0712 0.1696 -0.0759 -0.3246 -0.3359 -0.3075 -0.1923 -0.0550 -0.0050 0.0274 0.0793 0.1637 -0.1072 -0.3270 -0.3354 -0.3005 -0.1757 -0.0489 -0.0020 0.0301 0.0840 0.1591 -0.1186 -0.3277 -0.3352 -0.2990 -0.1730 -0.0481 -0.0016 0.0304 0.0844 0.1586 -0.1198 -0.3278 -0.3351 -0.2941 -0.1664 -0.0838 -0.1664 -0.2941 -0.3351 -0.3278 -0.1198 0.1586 0.0844 0.0304 -0.0016 -0.0481 -0.1730 -0.2990 -0.3352 -0.3277 -0.1186 0.1591 0.0840 0.0301 -0.0020 -0.0489 -0.1757 -0.3005 -0.3354 -0.3270 -0.1072 0.1637 0.0793 0.0274 -0.0050 -0.0550 -0.1923 -0.3075 -0.3359 -0.3246 -0.0759 0.1696 0.0712 0.0233 -0.0096 -0.0648 -0.2118 -0.3143 -0.3360 -0.3219 -0.0406 0.1706 0.0639 0.0193 -0.0131 -0.0804
-0.0347 0.0231 0.0632 0.1704 -0.0370 -0.3216 -0.3360 -0.3149 -0.2136 -0.0658 -0.0101 0.0230 0.0705 0.1699 -0.0727 -0.3244 -0.3360 -0.3082 -0.1942 -0.0559 -0.0054 0.0270 0.0786 0.1645 -0.1050 -0.3269 -0.3354 -0.3007 -0.1757 -0.0487 -0.0018 0.0304 0.0846 0.1581 -0.1213 -0.3279 -0.3351 -0.2981 -0.1711 -0.0474 -0.0012 0.0309 0.0854 0.1574 -0.1228 -0.3280 -0.3351 -0.2978 -0.1636 -0.0411 -0.0075 -0.0411 -0.1636 -0.2978 -0.3351 -0.3280 -0.1228 0.1574 0.0854 0.0309 -0.0012 -0.0474 -0.1711 -0.2981 -0.3351 -0.3279 -0.1213 0.1581 0.0846 0.0304 -0.0018 -0.0487 -0.1757 -0.3007 -0.3354 -0.3269 -0.1050 0.1645 0.0786 0.0270 -0.0054 -0.0559 -0.1942 -0.3082 -0.3360 -0.3244 -0.0727 0.1699 0.0705 0.0230 -0.0101 -0.0658 -0.2136 -0.3149 -0.3360 -0.3216 -0.0370 0.1704 0.0632 0.0231 -0.0347
0.0026 0.0625 0.1703 -0.0333 -0.3213 -0.3360 -0.3155 -0.2154 -0.0669 -0.0105 0.0226 0.0698 0.1701 -0.0694 -0.3241 -0.3360 -0.3089 -0.1961 -0.0567 -0.0058 0.0266 0.0778 0.1652 -0.1022 -0.3267 -0.3355 -0.3011 -0.1766 -0.0489 -0.0018 0.0305 0.0850 0.1574 -0.1235 -0.3281 -0.3350 -0.2973 -0.1691 -0.0467 -0.0008 0.0313 0.0863 0.1560 -0.1258 -0.3282 -0.3349 -0.2970 -0.1685 -0.0464 0.0036 0.0242 0.0036 -0.0464 -0.1685 -0.2970 -0.3349 -0.3282 -0.1258 0.1560 0.0863 0.0313 -0.0008 -0.0467 -0.1691 -0.2973 -0.3350 -0.3281 -0.1235 0.1574 0.0850 0.0305 -0.0018 -0.0489 -0.1766 -0.3011 -0.3355 -0.3267 -0.1022 0.1652 0.0778 0.0266 -0.0058 -0.0567 -0.1961 -0.3089 -0.3360 -0.3241 -0.0694 0.1701 0.0698 0.0226 -0.0105 -0.0669 -0.2154 -0.3155 -0.3360 -0.3213 -0.0333 0.1703 0.0625 0.0026
0.0450 0.1701 -0.0296 -0.3211 -0.3360 -0.3161 -0.2172 -0.0679 -0.0110 0.0222 0.0691 0.1703 -0.0661 -0.3239 -0.3360 -0.3096 -0.1980 -0.0576 -0.0063 0.0262 0.0770 0.1659 -0.0991 -0.3264 -0.3356 -0.3018 -0.1780 -0.0493 -0.0020 0.0304 0.0850 0.1571 -0.1248 -0.3282 -0.3349 -0.2965 -0.1673 -0.0461 -0.0004 0.0318 0.0872 0.1546 -0.1288 -0.3285 -0.3348 -0.2960 -0.1664 -0.0460 -0.0002 0.0357 0.0683 0.0357 -0.0002 -0.0460 -0.1664 -0.2960 -0.3348 -0.3285 -0.1288 0.1546 0.0872 0.0318 -0.0004 -0.0461 -0.1673 -0.2965 -0.3349 -0.3282 -0.1248 0.1571 0.0850 0.0304 -0.0020 -0.0493 -0.1780 -0.3018 -0.3356 -0.3264 -0.0991 0.1659 0.0770 0.0262 -0.0063 -0.0576 -0.1980 -0.3096 -0.3360 -0.3239 -0.0661 0.1703 0.0691 0.0222 -0.0110 -0.0679 -0.2172 -0.3161 -0.3360 -0.3211 -0.0296 0.1701 0.0450
0.1396 -0.0258 -0.3208 -0.3359 -0.3167 -0.2190 -0.0690 -0.0115 0.0219 0.0683 0.1704 -0.0628 -0.3236 -0.3360 -0.3102 -0.1999 -0.0585 -0.0067 0.0258 0.0762 0.1666 -0.0961 -0.3262 -0.3356 -0.3026 -0.1798 -0.0499 -0.0023 0.0301 0.0846 0.1574 -0.1248 -0.3283 -0.3349 -0.2960 -0.1658 -0.0455 -0.0000 0.0323 0.0881 0.1532 -0.1318 -0.3287 -0.3347 -0.2951 -0.1643 -0.0451 0.0000 0.0327 0.0879 0.1424 0.0879 0.0327 0.0000 -0.0451 -0.1643 -0.2951 -0.3347 -0.3287 -0.1318 0.1532 0.0881 0.0323 -0.0000 -0.0455 -0.1658 -0.2960 -0.3349 -0.3283 -0.1248 0.1574 0.0846 0.0301 -0.0023 -0.0499 -0.1798 -0.3026 -0.3356 -0.3262 -0.0961 0.1666 0.0762 0.0258 -0.0067 -0.0585 -0.1999 -0.3102 -0.3360 -0.3236 -0.0628 0.1704 0.0683 0.0219 -0.0115 -0.0690 -0.2190 -0.3167 -0.3359 -0.3208 -0.0258 0.1396
-0.0154 -0.3204 -0.3359 -0.3172 -0.2207 -0.0701 -0.0119 0.0215 0.0676 0.1706 -0.0594 -0.3233 -0.3361 -0.3109 -0.2018 -0.0595 -0.0071 0.0254 0.0754 0.1672 -0.0930 -0.3260 -0.3357 -0.3034 -0.1818 -0.0507 -0.0026 0.0298 0.0840 0.1581 -0.1235 -0.3282 -0.3349 -0.2958 -0.1650 -0.0451 0.0002 0.0327 0.0890 0.1516 -0.1349 -0.3289 -0.3346 -0.2942 -0.1623 -0.0445 0.0006 0.0329 0.0903 0.1479 -0.0309 0.1479 0.0903 0.0329 0.0006 -0.0445 -0.1623 -0.2942 -0.3346 -0.3289 -0.1349 0.1516 0.0890 0.0327 0.0002 -0.0451 -0.1650 -0.2958 -0.3349 -0.3282 -0.1235 0.1581 0.0840 0.0298 -0.0026 -0.0507 -0.1818 -0.3034 -0.3357 -0.3260 -0.0930 0.1672 0.0754 0.0254 -0.0071 -0.0595 -0.2018 -0.3109 -0.3361 -0.3233 -0.0594 0.1706 0.0676 0.0215 -0.0119 -0.0701 -0.2207 -0.3172 -0.3359 -0.3204 -0.0154
-0.1802 -0.3357 -0.3177 -0.2224 -0.0713 -0.0124 0.0211 0.0669 0.1706 -0.0561 -0.3231 -0.3361 -0.3116 -0.2037 -0.0604 -0.0076 0.0250 0.0746 0.1678 -0.0899 -0.3257 -0.3357 -0.3042 -0.1837 -0.0514 -0.0031 0.0293 0.0832 0.1591 -0.1213 -0.3281 -0.3349 -0.2960 -0.1650 -0.0450 0.0004 0.0330 0.0897 0.1502 -0.1377 -0.3291 -0.3344 -0.2933 -0.1603 -0.0438 0.0010 0.0335 0.0907 0.1469 -0.1441 -0.3207 -0.1441 0.1469 0.0907 0.0335 0.0010 -0.0438 -0.1603 -0.2933 -0.3344 -0.3291 -0.1377 0.1502 0.0897 0.0330 0.0004 -0.0450 -0.1650 -0.2960 -0.3349 -0.3281 -0.1213 0.1591 0.0832 0.0293 -0.0031 -0.0514 -0.1837 -0.3042 -0.3357 -0.3257 -0.0899 0.1678 0.0746 0.0250 -0.0076 -0.0604 -0.2037 -0.3116 -0.3361 -0.3231 -0.0561 0.1706 0.0669 0.0211 -0.0124 -0.0713 -0.2224 -0.3177 -0.3357 -0.1802
-0.2093 -0.3184 -0.2240 -0.0724 -0.0129 0.0208 0.0662 0.1707 -0.0526 -0.3228 -0.3361 -0.3122 -0.2055 -0.0613 -0.0080 0.0246 0.0738 0.1683 -0.0868 -0.3255 -0.3358 -0.3049 -0.1857 -0.0522 -0.0035 0.0289 0.0823 0.1602 -0.1186 -0.3279 -0.3350 -0.2965 -0.1658 -0.0451 0.0004 0.0331 0.0902 0.1493 -0.1398 -0.3293 -0.3343 -0.2923 -0.1584 -0.0432 0.0014 0.0340 0.0915 0.1476 -0.1444 -0.3310 -0.3392 -0.3310 -0.1444 0.1476 0.0915 0.0340 0.0014 -0.0432 -0.1584 -0.2923 -0.3343 -0.3293 -0.1398 0.1493 0.0902 0.0331 0.0004 -0.0451 -0.1658 -0.2965 -0.3350 -0.3279 -0.1186 0.1602 0.0823 0.0289 -0.0035 -0.0522 -0.1857 -0.3049 -0.3358 -0.3255 -0.0868 0.1683 0.0738 0.0246 -0.0080 -0.0613 -0.2055 -0.3122 -0.3361 -0.3228 -0.0526 0.1707 0.0662 0.0208 -0.0129 -0.0724 -0.2240 -0.3184 -0.2093
-0.2139 -0.2277 -0.0734 -0.0134 0.0204 0.0656 0.1707 -0.0492 -0.3225 -0.3361 -0.3128 -0.2074 -0.0623 -0.0085 0.0242 0.0731 0.1687 -0.0836 -0.3252 -0.3358 -0.3057 -0.1876 -0.0530 -0.0039 0.0284 0.0814 0.1613 -0.1156 -0.3277 -0.3351 -0.2973 -0.1673 -0.0455 0.0002 0.0330 0.0902 0.1489 -0.1411 -0.3294 -0.3342 -0.2915 -0.1565 -0.0425 0.0017 0.0345 0.0925 0.1457 -0.1452 -0.3296 -0.3356 -0.3260 -0.3356 -0.3296 -0.1452 0.1457 0.0925 0.0345 0.0017 -0.0425 -0.1565 -0.2915 -0.3342 -0.3294 -0.1411 0.1489 0.0902 0.0330 0.0002 -0.0455 -0.1673 -0.2973 -0.3351 -0.3277 -0.1156 0.1613 0.0814 0.0284 -0.0039 -0.0530 -0.1876 -0.3057 -0.3358 -0.3252 -0.0836 0.1687 0.0731 0.0242 -0.0085 -0.0623 -0.2074 -0.3128 -0.3361 -0.3225 -0.0492 0.1707 0.0656 0.0204 -0.0134 -0.0734 -0.2277 -0.2139
-0.1662 -0.0769 -0.0141 0.0201 0.0649 0.1707 -0.0457 -0.3223 -0.3361 -0.3135 -0.2092 -0.0633 -0.0089 0.0239 0.0723 0.1691 -0.0805 -0.3250 -0.3359 -0.3064 -0.1895 -0.0538 -0.0043 0.0280 0.0806 0.1623 -0.1125 -0.3275 -0.3352 -0.2981 -0.1691 -0.0461 -0.0000 0.0327 0.0897 0.1493 -0.1411 -0.3294 -0.3342 -0.2909 -0.1551 -0.0419 0.0021 0.0350 0.0936 0.1438 -0.1483 -0.3297 -0.3323 -0.2898 -0.2343 -0.2898 -0.3323 -0.3297 -0.1483 0.1438 0.0936 0.0350 0.0021 -0.0419 -0.1551 -0.2909 -0.3342 -0.3294 -0.1411 0.1493 0.0897 0.0327 -0.0000 -0.0461 -0.1691 -0.2981 -0.3352 -0.3275 -0.1125 0.1623 0.0806 0.0280 -0.0043 -0.0538 -0.1895 -0.3064 -0.3359 -0.3250 -0.0805 0.1691 0.0723 0.0239 -0.0089 -0.0633 -0.2092 -0.3135 -0.3361 -0.3223 -0.0457 0.1707 0.0649 0.0201 -0.0141 -0.0769 -0.1662
-0.0800 -0.0129 0.0194 0.0642 0.1706 -0.0421 -0.3220 -0.3360 -0.3141 -0.2110 -0.0643 -0.0094 0.0235 0.0716 0.1694 -0.0773 -0.3247 -0.3359 -0.3072 -0.1915 -0.0547 -0.0048 0.0276 0.0798 0.1632 -0.1095 -0.3272 -0.3353 -0.2990 -0.1711 -0.0467 -0.0004 0.0323 0.0890 0.1502 -0.1398 -0.3294 -0.3342 -0.2907 -0.1543 -0.0416 0.0024 0.0355 0.0945 0.1418 -0.1514 -0.3300 -0.3337 -0.2846 -0.1462 -0.0695 -0.1457 -0.2849 -0.3340 -0.3300 -0.1514 0.1418 0.0945 0.0355 0.0024 -0.0416 -0.1543 -0.2907 -0.3342 -0.3294 -0.1398 0.1502 0.0890 0.0323 -0.0004 -0.0467 -0.1711 -0.2990 -0.3353 -0.3272 -0.1095 0.1632 0.0798 0.0276 -0.0048 -0.0547 -0.1915 -0.3072 -0.3359 -0.3247 -0.0773 0.1694 0.0716 0.0235 -0.0094 -0.0643 -0.2110 -0.3141 -0.3360 -0.3220 -0.0421 0.1706 0.0642 0.0194 -0.0129 -0.0800
-0.0346 0.0233 0.0635 0.1705 -0.0385 -0.3217 -0.3360 -0.3147 -0.2128 -0.0654 -0.0099 0.0231 0.0708 0.1697 -0.0741 -0.3245 -0.3360 -0.3079 -0.1934 -0.0555 -0.0052 0.0272 0.0789 0.1641 -0.1065 -0.3270 -0.3354 -0.2998 -0.1730 -0.0474 -0.0008 0.0318 0.0881 0.1516 -0.1377 -0.3293 -0.3342 -0.2909 -0.1543 -0.0414 0.0026 0.0358 0.0953 0.1400 -0.1542 -0.3302 -0.3336 -0.2891 -0.1456 -0.0346 -0.0028 -0.0340 -0.1391 -0.2891 -0.3342 -0.3302 -0.1543 0.1399 0.0953 0.0358 0.0026 -0.0414 -0.1543 -0.2909 -0.3342 -0.3293 -0.1377 0.1516 0.0881 0.0318 -0.0008 -0.0474 -0.1730 -0.2998 -0.3354 -0.3270 -0.1065 0.1641 0.0789 0.0272 -0.0052 -0.0555 -0.1934 -0.3079 -0.3360 -0.3245 -0.0741 0.1697 0.0708 0.0231 -0.0099 -0.0654 -0.2128 -0.3147 -0.3360 -0.3217 -0.0385 0.1705 0.0635 0.0233 -0.0346
0.0027 0.0628 0.1704 -0.0349 -0.3215 -0.3360 -0.3153 -0.2146 -0.0664 -0.0103 0.0228 0.0701 0.1700 -0.0708 -0.3242 -0.3360 -0.3086 -0.1953 -0.0564 -0.0056 0.0268 0.0781 0.1649 -0.1035 -0.3268 -0.3354 -0.3007 -0.1750 -0.0481 -0.0012 0.0313 0.0872 0.1532 -0.1349 -0.3291 -0.3343 -0.2915 -0.1551 -0.0416 0.0026 0.0359 0.0958 0.1387 -0.1565 -0.3304 -0.3334 -0.2884 -0.1507 -0.0407 0.0108 0.0340 0.0134 -0.0343 -0.1299 -0.2864 -0.3342 -0.3304 -0.1565 0.1387 0.0958 0.0359 0.0026 -0.0416 -0.1551 -0.2915 -0.3343 -0.3291 -0.1349 0.1532 0.0872 0.0313 -0.0012 -0.0481 -0.1750 -0.3007 -0.3354 -0.3268 -0.1035 0.1649 0.0781 0.0268 -0.0056 -0.0564 -0.1953 -0.3086 -0.3360 -0.3242 -0.0708 0.1700 0.0701 0.0228 -0.0103 -0.0664 -0.2146 -0.3153 -0.3360 -0.3215 -0.0349 0.1704 0.0628 0.0027
0.0453 0.1702 -0.0313 -0.3212 -0.3360 -0.3158 -0.2164 -0.0675 -0.0108 0.0224 0.0694 0.1702 -0.0675 -0.3240 -0.3360 -0.3093 -0.1972 -0.0572 -0.0061 0.0264 0.0773 0.1656 -0.1004 -0.3266 -0.3355 -0.3015 -0.1770 -0.0489 -0.0016 0.0309 0.0863 0.1546 -0.1318 -0.3289 -0.3344 -0.2923 -0.1565 -0.0419 0.0024 0.0358 0.0958 0.1383 -0.1578 -0.3305 -0.3333 -0.2871 -0.1491 -0.0405 0.0116 0.0417 0.0451 0.0255 0.0068 -0.0254 -0.1170 -0.2822 -0.3341 -0.3305 -0.1578 0.1382 0.0958 0.0358 0.0024 -0.0419 -0.1565 -0.2923 -0.3344 -0.3289 -0.1318 0.1546 0.0863 0.0309 -0.0016 -0.0489 -0.1770 -0.3015 -0.3355 -0.3266 -0.1004 0.1656 0.0773 0.0264 -0.0061 -0.0572 -0.1972 -0.3093 -0.3360 -0.3240 -0.0675 0.1702 0.0694 0.0224 -0.0108 -0.0675 -0.2164 -0.3158 -0.3360 -0.3212 -0.0313 0.1702 0.0453
0.1396 -0.0275 -0.3209 -0.3360 -0.3164 -0.2182 -0.0686 -0.0113 0.0220 0.0687 0.1704 -0.0642 -0.3237 -0.3360 -0.3100 -0.1991 -0.0581 -0.0065 0.0260 0.0765 0.1663 -0.0974 -0.3263 -0.3356 -0.3023 -0.1790 -0.0496 -0.0021 0.0304 0.0854 0.1560 -0.1288 -0.3287 -0.3346 -0.2933 -0.1584 -0.0425 0.0021 0.0355 0.0953 0.1387 -0.1578 -0.3305 -0.3332 -0.2858 -0.1471 -0.0399 0.0106 0.0407 0.0174 -0.0304 -0.0557 -0.0318 -0.0094 -0.0245 -0.1115 -0.2811 -0.3340 -0.3305 -0.1578 0.1387 0.0953 0.0355 0.0021 -0.0425 -0.1584 -0.2933 -0.3346 -0.3287 -0.1288 0.1560 0.0854 0.0304 -0.0021 -0.0496 -0.1790 -0.3023 -0.3356 -0.3263 -0.0974 0.1663 0.0765 0.0260 -0.0065 -0.0581 -0.1991 -0.3100 -0.3360 -0.3237 -0.0642 0.1704 0.0687 0.0220 -0.0113 -0.0686 -0.2182 -0.3164 -0.3360 -0.3209 -0.0275 0.1396
-0.0166 -0.3205 -0.3359 -0.3170 -0.2199 -0.0697 -0.0117 0.0217 0.0679 0.1705 -0.0609 -0.3235 -0.3360 -0.3106 -0.2010 -0.0591 -0.0070 0.0256 0.0757 0.1670 -0.0943 -0.3261 -0.3357 -0.3031 -0.1809 -0.0503 -0.0025 0.0299 0.0844 0.1574 -0.1258 -0.3285 -0.3347 -0.2942 -0.1603 -0.0432 0.0017 0.0350 0.0945 0.1400 -0.1565 -0.3305 -0.3332 -0.2852 -0.1452 -0.0393 0.0069 0.0443 0.0285 -0.0683 -0.1926 -0.2634 -0.2328 -0.1425 -0.0485 -0.0234 -0.1118 -0.2839 -0.3339 -0.3305 -0.1565 0.1400 0.0945 0.0350 0.0017 -0.0432 -0.1603 -0.2942 -0.3347 -0.3285 -0.1258 0.1574 0.0844 0.0299 -0.0025 -0.0503 -0.1809 -0.3031 -0.3357 -0.3261 -0.0943 0.1670 0.0757 0.0256 -0.0070 -0.0591 -0.2010 -0.3106 -0.3360 -0.3235 -0.0609 0.1705 0.0679 0.0217 -0.0117 -0.0697 -0.2199 -0.3170 -0.3359 -0.3205 -0.0166
-0.1804 -0.3357 -0.3175 -0.2217 -0.0708 -0.0122 0.0213 0.0672 0.1706 -0.0575 -0.3232 -0.3361 -0.3113 -0.2029 -0.0600 -0.0074 0.0252 0.0749 0.1675 -0.0912 -0.3258 -0.3357 -0.3039 -0.1829 -0.0511 -0.0029 0.0295 0.0836 0.1586 -0.1228 -0.3282 -0.3348 -0.2951 -0.1623 -0.0438 0.0014 0.0345 0.0936 0.1418 -0.1542 -0.3304 -0.3333 -0.2854 -0.1441 -0.0385 0.0043 0.0456 0.0631 -0.0055 -0.1633 -0.3095 -0.2848 -0.3256 -0.3135 -0.1613 -0.0254 -0.0223 -0.1214 -0.2866 -0.3337 -0.3304 -0.1543 0.1418 0.0936 0.0345 0.0014 -0.0438 -0.1623 -0.2951 -0.3348 -0.3282 -0.1228 0.1586 0.0836 0.0295 -0.0029 -0.0511 -0.1829 -0.3039 -0.3357 -0.3258 -0.0912 0.1675 0.0749 0.0252 -0.0074 -0.0600 -0.2029 -0.3113 -0.3361 -0.3232 -0.0575 0.1706 0.0672 0.0213 -0.0122 -0.0708 -0.2217 -0.3175 -0.3357 -0.1804
-0.2094 -0.3182 -0.2231 -0.0719 -0.0127 0.0209 0.0665 0.1707 -0.0541 -0.3229 -0.3361 -0.3119 -0.2047 -0.0609 -0.0078 0.0248 0.0742 0.1681 -0.0881 -0.3256 -0.3358 -0.3046 -0.1848 -0.0519 -0.0033 0.0291 0.0827 0.1598 -0.1198 -0.3280 -0.3349 -0.2960 -0.1643 -0.0445 0.0010 0.0340 0.0925 0.1438 -0.1514 -0.3302 -0.3335 -0.2861 -0.1445 -0.0382 0.0041 0.0402 0.0901 0.0633 -0.0289 -0.1829 -0.2676 0.0481 -0.1590 -0.3262 -0.2805 -0.0776 0.0039 -0.0302 -0.1375 -0.2875 -0.3336 -0.3302 -0.1514 0.1438 0.0925 0.0340 0.0010 -0.0445 -0.1643 -0.2960 -0.3349 -0.3280 -0.1198 0.1598 0.0827 0.0291 -0.0033 -0.0519 -0.1848 -0.3046 -0.3358 -0.3256 -0.0881 0.1681 0.0742 0.0248 -0.0078 -0.0609 -0.2047 -0.3119 -0.3361 -0.3229 -0.0541 0.1707 0.0665 0.0209 -0.0127 -0.0719 -0.2231 -0.3182 -0.2094
-0.2139 -0.2269 -0.0729 -0.0132 0.0206 0.0658 0.1707 -0.0507 -0.3227 -0.3361 -0.3126 -0.2066 -0.0619 -0.0083 0.0244 0.0734 0.1685 -0.0850 -0.3253 -0.3358 -0.3054 -0.1868 -0.0527 -0.0037 0.0286 0.0818 0.1609 -0.1168 -0.3278 -0.3350 -0.2969 -0.1663 -0.0451 0.0006 0.0335 0.0915 0.1457 -0.1483 -0.3300 -0.3336 -0.2870 -0.1458 -0.0385 0.0043 0.0383 0.0984 0.1469 0.0812 0.0064 -0.0712 -0.1246 0.0311 0.1586 -0.1981 -0.3084 -0.1372 0.0110 0.0140 -0.0384 -0.1471 -0.2878 -0.3337 -0.3300 -0.1483 0.1457 0.0915 0.0335 0.0006 -0.0451 -0.1664 -0.2970 -0.3351 -0.3278 -0.1168 0.1609 0.0818 0.0286 -0.0037 -0.0527 -0.1869 -0.3055 -0.3359 -0.3253 -0.0849 0.1685 0.0734 0.0244 -0.0083 -0.0619 -0.2067 -0.3127 -0.3361 -0.3227 -0.0506 0.1707 0.0658 0.0206 -0.0132 -0.0730 -0.2272 -0.2139
-0.1658 -0.0764 -0.0139 0.0203 0.0652 0.1707 -0.0472 -0.3224 -0.3361 -0.3132 -0.2084 -0.0629 -0.0088 0.0240 0.0726 0.1689 -0.0818 -0.3251 -0.3359 -0.3061 -0.1887 -0.0535 -0.0042 0.0282 0.0810 0.1619 -0.1138 -0.3276 -0.3351 -0.2978 -0.1682 -0.0458 0.0002 0.0330 0.0905 0.1475 -0.1452 -0.3298 -0.3338 -0.2880 -0.1476 -0.0390 0.0042 0.0381 0.1022 0.1223 -0.0203 0.1719 0.0584 0.0216 -0.0091 0.0675 0.1041 -0.2534 -0.3049 -0.1356 0.0145 0.0381 0.0078 -0.0400 -0.1490 -0.2881 -0.3337 -0.3297 -0.1452 0.1476 0.0907 0.0329 0.0000 -0.0460 -0.1685 -0.2978 -0.3351 -0.3275 -0.1138 0.1619 0.0811 0.0281 -0.0043 -0.0537 -0.1889 -0.3061 -0.3358 -0.3250 -0.0818 0.1690 0.0727 0.0239 -0.0089 -0.0631 -0.2086 -0.3132 -0.3360 -0.3223 -0.0471 0.1707 0.0652 0.0202 -0.0140 -0.0767 -0.1657
-0.0797 -0.0127 0.0196 0.0645 0.1706 -0.0436 -0.3221 -0.3361 -0.3138 -0.2102 -0.0639 -0.0092 0.0237 0.0719 0.1693 -0.0786 -0.3248 -0.3359 -0.3069 -0.1906 -0.0543 -0.0046 0.0278 0.0801 0.1628 -0.1108 -0.3273 -0.3352 -0.2986 -0.1702 -0.0465 -0.0002 0.0325 0.0895 0.1493 -0.1422 -0.3296 -0.3340 -0.2890 -0.1497 -0.0397 0.0039 0.0378 0.1008 0.1229 -0.1775 -0.3157 -0.0922 0.1527 0.1284 0.1119 0.1669 -0.1396 -0.3271 -0.2846 -0.0944 0.0219 0.0682 0.0431 0.0037 -0.0399 -0.1439 -0.2841 -0.3323 -0.3296 -0.1444 0.1469 0.0903 0.0327 -0.0002 -0.0464 -0.1636 -0.2941 -0.3338 -0.3275 -0.1132 0.1612 0.0807 0.0279 -0.0045 -0.0538 -0.1838 -0.3028 -0.3348 -0.3252 -0.0814 0.1683 0.0723 0.0238 -0.0091 -0.0626 -0.2034 -0.3102 -0.3351 -0.3226 -0.0469 0.1701 0.0648 0.0197 -0.0125 -0.0760
-0.0344 0.0234 0.0638 0.1705 -0.0401 -0.3219 -0.3360 -0.3144 -0.2121 -0.0649 -0.0097 0.0233 0.0711 0.1696 -0.0754 -0.3246 -0.3359 -0.3076 -0.1926 -0.0551 -0.0050 0.0274 0.0793 0.1637 -0.1078 -0.3271 -0.3353 -0.2995 -0.1722 -0.0471 -0.0006 0.0320 0.0886 0.1509 -0.1392 -0.3294 -0.3341 -0.2900 -0.1516 -0.0403 0.0035 0.0373 0.0994 0.1297 -0.1739 -0.3332 -0.3355 -0.3257 -0.2146 -0.1403 -0.1080 -0.1941 -0.3254 -0.3249 -0.2262 -0.0472 0.0337 0.0993 0.0946 0.0411 0.0073 -0.0340 -0.1452 -0.2896 -0.3356 -0.3310 -0.1441 0.1479 0.0879 0.0357 0.0036 -0.0411 -0.1664 -0.2995 -0.3369 -0.3287 -0.1127 0.1580 0.0800 0.0308 -0.0005 -0.0491 -0.1876 -0.3080 -0.3375 -0.3262 -0.0807 0.1535 0.0728 0.0266 -0.0049 -0.0587 -0.2079 -0.3151 -0.3376 -0.3234 -0.0460 0.1477 0.0662 0.0267 -0.0292
0.0029 0.0631 0.1704 -0.0365 -0.3216 -0.3360 -0.3150 -0.2139 -0.0659 -0.0101 0.0229 0.0704 0.1699 -0.0722 -0.3243 -0.3360 -0.3083 -0.1945 -0.0560 -0.0054 0.0269 0.0785 0.1646 -0.1048 -0.3269 -0.3354 -0.3003 -0.1742 -0.0478 -0.0011 0.0315 0.0876 0.1525 -0.1361 -0.3292 -0.3342 -0.2909 -0.1536 -0.0409 0.0031 0.0368 0.0983 0.1320 -0.1680 -0.3313 -0.3342 -0.3136 -0.3040 -0.3200 -0.3239 -0.3242 -0.3230 -0.3110 -0.2536 -0.1023 -0.0123 0.0537 0.1181 0.1218 0.0748 0.0284 -0.0028 -0.0690 -0.2341 -0.3260 -0.3392 -0.3207 -0.0309 0.1424 0.0683 0.0242 -0.0075 -0.0838 -0.2516 -0.3304 -0.3381 -0.3093 0.0128 0.1350 0.0622 0.0200 -0.0127 -0.1010 -0.2671 -0.3339 -0.3367 -0.2796 0.0549 0.1208 0.0564 0.0163 -0.0186 -0.1206 -0.2807 -0.3365 -0.3348 -0.2542 0.0902 0.1097 0.0517 -0.0011
