1.0000 0.0010 0.0028 0.0087 0.0274 0.0862 0.2708 0.8507 1.0000 1.0000 1.0000 0.0009 0.0028 0.0088 0.0276 0.0867 0.2723 0.8556 1.0000 1.0000 1.0000 0.0009 0.0028 0.0088 0.0277 0.0872 0.2739 0.8605 1.0000 1.0000 1.0000 0.0009 0.0028 0.0089 0.0279 0.0877 0.2754 0.8654 1.0000 1.0000 1.0000 0.0009 0.0028 0.0089 0.0281 0.0882 0.2770 0.8671 1.0000 1.0000 1.0000 1.0000 1.0000 0.8671 0.2770 0.0882 0.0281 0.0089 0.0028 0.0009 1.0000 1.0000 1.0000 0.8654 0.2754 0.0877 0.0279 0.0089 0.0028 0.0009 1.0000 1.0000 1.0000 0.8605 0.2739 0.0872 0.0277 0.0088 0.0028 0.0009 1.0000 1.0000 1.0000 0.8556 0.2723 0.0867 0.0276 0.0088 0.0028 0.0009 1.0000 1.0000 1.0000 0.8507 0.2708 0.0862 0.0274 0.0087 0.0028 0.0010 1.0000
0.0010 0.0062 0.0175 0.0561 0.1758 0.5514 1.0000 1.0000 1.0000 1.0000 0.0018 0.0057 0.0179 0.0563 0.1768 0.5556 1.0000 1.0000 1.0000 1.0000 0.0018 0.0057 0.0180 0.0566 0.1778 0.5588 1.0000 1.0000 1.0000 1.0000 0.0018 0.0058 0.0181 0.0569 0.1789 0.5620 1.0000 1.0000 1.0000 1.0000 0.0018 0.0058 0.0182 0.0573 0.1799 0.5652 1.0000 1.0000 1.0000 1.0000 0.0015 1.0000 1.0000 1.0000 1.0000 0.5652 0.1799 0.0573 0.0182 0.0058 0.0018 1.0000 1.0000 1.0000 1.0000 0.5620 0.1789 0.0569 0.0181 0.0058 0.0018 1.0000 1.0000 1.0000 1.0000 0.5588 0.1778 0.0566 0.0180 0.0057 0.0018 1.0000 1.0000 1.0000 1.0000 0.5556 0.1768 0.0563 0.0179 0.0057 0.0018 1.0000 1.0000 1.0000 1.0000 0.5514 0.1758 0.0561 0.0175 0.0062 0.0010
0.0028 0.0175 0.0507 0.1620 0.5081 1.0000 1.0000 1.0000 1.0000 0.0017 0.0053 0.0166 0.0520 0.1636 0.5130 1.0000 1.0000 1.0000 1.0000 0.0017 0.0053 0.0166 0.0524 0.1642 0.5169 1.0000 1.0000 1.0000 1.0000 0.0017 0.0053 0.0168 0.0526 0.1654 0.5189 1.0000 1.0000 1.0000 1.0000 0.0017 0.0054 0.0169 0.0529 0.1664 0.5218 1.0000 1.0000 1.0000 1.0000 0.0020 0.0045 0.0020 1.0000 1.0000 1.0000 1.0000 0.5218 0.1664 0.0529 0.0169 0.0054 0.0017 1.0000 1.0000 1.0000 1.0000 0.5189 0.1654 0.0526 0.0168 0.0053 0.0017 1.0000 1.0000 1.0000 1.0000 0.5169 0.1642 0.0524 0.0166 0.0053 0.0017 1.0000 1.0000 1.0000 1.0000 0.5130 0.1636 0.0520 0.0166 0.0053 0.0017 1.0000 1.0000 1.0000 1.0000 0.5081 0.1620 0.0507 0.0175 0.0028
0.0087 0.0561 0.1620 0.5189 1.0000 1.0000 1.0000 1.0000 0.0017 0.0054 0.0170 0.0534 0.1677 0.5268 1.0000 1.0000 1.0000 1.0000 0.0017 0.0054 0.0171 0.0537 0.1686 0.5298 1.0000 1.0000 1.0000 1.0000 0.0017 0.0055 0.0172 0.0540 0.1696 0.5329 1.0000 1.0000 1.0000 1.0000 0.0017 0.0055 0.0173 0.0543 0.1706 0.5359 1.0000 1.0000 1.0000 1.0000 0.0018 0.0064 0.0143 0.0064 0.0018 1.0000 1.0000 1.0000 1.0000 0.5359 0.1706 0.0543 0.0173 0.0055 0.0017 1.0000 1.0000 1.0000 1.0000 0.5329 0.1696 0.0540 0.0172 0.0055 0.0017 1.0000 1.0000 1.0000 1.0000 0.5298 0.1686 0.0537 0.0171 0.0054 0.0017 1.0000 1.0000 1.0000 1.0000 0.5268 0.1677 0.0534 0.0170 0.0054 0.0017 1.0000 1.0000 1.0000 1.0000 0.5189 0.1620 0.0561 0.0087
0.0274 0.1758 0.5081 1.0000 1.0000 1.0000 1.0000 0.0017 0.0055 0.0172 0.0540 0.1696 0.5329 1.0000 1.0000 1.0000 1.0000 0.0017 0.0055 0.0173 0.0543 0.1706 0.5359 1.0000 1.0000 1.0000 1.0000 0.0018 0.0055 0.0174 0.0546 0.1715 0.5390 1.0000 1.0000 1.0000 1.0000 0.0018 0.0056 0.0175 0.0549 0.1725 0.5421 1.0000 1.0000 1.0000 1.0000 0.0018 0.0056 0.0203 0.0453 0.0203 0.0056 0.0018 1.0000 1.0000 1.0000 1.0000 0.5421 0.1725 0.0549 0.0175 0.0056 0.0018 1.0000 1.0000 1.0000 1.0000 0.5390 0.1715 0.0546 0.0174 0.0055 0.0018 1.0000 1.0000 1.0000 1.0000 0.5359 0.1706 0.0543 0.0173 0.0055 0.0017 1.0000 1.0000 1.0000 1.0000 0.5329 0.1696 0.0540 0.0172 0.0055 0.0017 1.0000 1.0000 1.0000 1.0000 0.5081 0.1758 0.0274
0.0862 0.5514 1.0000 1.0000 1.0000 1.0000 0.0017 0.0055 0.0174 0.0547 0.1719 0.5400 1.0000 1.0000 1.0000 1.0000 0.0018 0.0056 0.0175 0.0550 0.1728 0.5431 1.0000 1.0000 1.0000 1.0000 0.0018 0.0056 0.0176 0.0553 0.1738 0.5462 1.0000 1.0000 1.0000 1.0000 0.0018 0.0056 0.0177 0.0556 0.1748 0.5493 1.0000 1.0000 1.0000 1.0000 0.0018 0.0056 0.0179 0.0647 0.1443 0.0647 0.0179 0.0056 0.0018 1.0000 1.0000 1.0000 1.0000 0.5493 0.1748 0.0556 0.0177 0.0056 0.0018 1.0000 1.0000 1.0000 1.0000 0.5462 0.1738 0.0553 0.0176 0.0056 0.0018 1.0000 1.0000 1.0000 1.0000 0.5431 0.1728 0.0550 0.0175 0.0056 0.0018 1.0000 1.0000 1.0000 1.0000 0.5400 0.1719 0.0547 0.0174 0.0055 0.0017 1.0000 1.0000 1.0000 1.0000 0.5514 0.0862
0.2708 1.0000 1.0000 1.0000 1.0000 0.0017 0.0055 0.0175 0.0551 0.1735 0.5462 1.0000 1.0000 1.0000 1.0000 0.0018 0.0056 0.0177 0.0557 0.1752 0.5504 1.0000 1.0000 1.0000 1.0000 0.0018 0.0057 0.0178 0.0561 0.1762 0.5535 1.0000 1.0000 1.0000 1.0000 0.0018 0.0057 0.0179 0.0564 0.1772 0.5567 1.0000 1.0000 1.0000 1.0000 0.0018 0.0057 0.0180 0.0569 0.2059 0.4594 0.2059 0.0569 0.0180 0.0057 0.0018 1.0000 1.0000 1.0000 1.0000 0.5567 0.1772 0.0564 0.0179 0.0057 0.0018 1.0000 1.0000 1.0000 1.0000 0.5535 0.1762 0.0561 0.0178 0.0057 0.0018 1.0000 1.0000 1.0000 1.0000 0.5504 0.1752 0.0557 0.0177 0.0056 0.0018 1.0000 1.0000 1.0000 1.0000 0.5462 0.1735 0.0551 0.0175 0.0055 0.0017 1.0000 1.0000 1.0000 1.0000 0.2708
0.8507 1.0000 1.0000 1.0000 0.0017 0.0055 0.0175 0.0552 0.1748 0.5514 1.0000 1.0000 1.0000 1.0000 0.0018 0.0057 0.0180 0.0565 0.1775 0.5577 1.0000 1.0000 1.0000 1.0000 0.0018 0.0058 0.0181 0.0568 0.1785 0.5609 1.0000 1.0000 1.0000 1.0000 0.0018 0.0058 0.0182 0.0571 0.1795 0.5641 1.0000 1.0000 1.0000 1.0000 0.0019 0.0058 0.0183 0.0573 0.1813 0.6556 1.0000 0.6556 0.1813 0.0573 0.0183 0.0058 0.0019 1.0000 1.0000 1.0000 1.0000 0.5641 0.1795 0.0571 0.0182 0.0058 0.0018 1.0000 1.0000 1.0000 1.0000 0.5609 0.1785 0.0568 0.0181 0.0058 0.0018 1.0000 1.0000 1.0000 1.0000 0.5577 0.1775 0.0565 0.0180 0.0057 0.0018 1.0000 1.0000 1.0000 1.0000 0.5514 0.1748 0.0552 0.0175 0.0055 0.0017 1.0000 1.0000 1.0000 0.8507
1.0000 1.0000 1.0000 0.0017 0.0055 0.0174 0.0551 0.1748 0.5535 1.0000 1.0000 1.0000 1.0000 0.0018 0.0058 0.0182 0.0573 0.1799 0.5652 1.0000 1.0000 1.0000 1.0000 0.0019 0.0058 0.0183 0.0576 0.1809 0.5685 1.0000 1.0000 1.0000 1.0000 0.0019 0.0059 0.0184 0.0579 0.1820 0.5717 1.0000 1.0000 1.0000 1.0000 0.0019 0.0059 0.0185 0.0582 0.1823 0.5772 1.0000 1.0000 1.0000 0.5772 0.1823 0.0582 0.0185 0.0059 0.0019 1.0000 1.0000 1.0000 1.0000 0.5717 0.1820 0.0579 0.0184 0.0059 0.0019 1.0000 1.0000 1.0000 1.0000 0.5685 0.1809 0.0576 0.0183 0.0058 0.0019 1.0000 1.0000 1.0000 1.0000 0.5652 0.1799 0.0573 0.0182 0.0058 0.0018 1.0000 1.0000 1.0000 1.0000 0.5535 0.1748 0.0551 0.0174 0.0055 0.0017 1.0000 1.0000 1.0000
1.0000 1.0000 0.0017 0.0054 0.0172 0.0547 0.1735 0.5514 1.0000 1.0000 1.0000 1.0000 0.0019 0.0059 0.0185 0.0580 0.1823 0.5728 1.0000 1.0000 1.0000 1.0000 0.0019 0.0059 0.0186 0.0583 0.1833 0.5761 1.0000 1.0000 1.0000 1.0000 0.0019 0.0059 0.0187 0.0587 0.1844 0.5794 1.0000 1.0000 1.0000 1.0000 0.0019 0.0060 0.0188 0.0590 0.1854 0.5805 1.0000 1.0000 1.0000 1.0000 1.0000 0.5805 0.1854 0.0590 0.0188 0.0060 0.0019 1.0000 1.0000 1.0000 1.0000 0.5794 0.1844 0.0587 0.0187 0.0059 0.0019 1.0000 1.0000 1.0000 1.0000 0.5761 0.1833 0.0583 0.0186 0.0059 0.0019 1.0000 1.0000 1.0000 1.0000 0.5728 0.1823 0.0580 0.0185 0.0059 0.0019 1.0000 1.0000 1.0000 1.0000 0.5514 0.1735 0.0547 0.0172 0.0054 0.0017 1.0000 1.0000
1.0000 0.0018 0.0053 0.0170 0.0540 0.1719 0.5462 1.0000 1.0000 1.0000 1.0000 0.0019 0.0059 0.0186 0.0587 0.1847 0.5805 1.0000 1.0000 1.0000 1.0000 0.0019 0.0060 0.0188 0.0591 0.1858 0.5838 1.0000 1.0000 1.0000 1.0000 0.0019 0.0060 0.0189 0.0595 0.1869 0.5871 1.0000 1.0000 1.0000 1.0000 0.0019 0.0061 0.0190 0.0598 0.1879 0.5905 1.0000 1.0000 1.0000 1.0000 1.0000 1.0000 1.0000 0.5905 0.1879 0.0598 0.0190 0.0061 0.0019 1.0000 1.0000 1.0000 1.0000 0.5871 0.1869 0.0595 0.0189 0.0060 0.0019 1.0000 1.0000 1.0000 1.0000 0.5838 0.1858 0.0591 0.0188 0.0060 0.0019 1.0000 1.0000 1.0000 1.0000 0.5805 0.1847 0.0587 0.0186 0.0059 0.0019 1.0000 1.0000 1.0000 1.0000 0.5462 0.1719 0.0540 0.0170 0.0053 0.0018 1.0000
0.0009 0.0057 0.0166 0.0534 0.1696 0.5400 1.0000 1.0000 1.0000 1.0000 0.0019 0.0059 0.0188 0.0592 0.1865 0.5871 1.0000 1.0000 1.0000 1.0000 0.0019 0.0061 0.0191 0.0599 0.1883 0.5916 1.0000 1.0000 1.0000 0.0006 0.0019 0.0061 0.0192 0.0603 0.1894 0.5950 1.0000 1.0000 1.0000 0.0006 0.0020 0.0061 0.0193 0.0606 0.1904 0.5984 1.0000 1.0000 1.0000 0.0007 0.0016 0.0007 1.0000 1.0000 1.0000 0.5984 0.1904 0.0606 0.0193 0.0061 0.0020 0.0006 1.0000 1.0000 1.0000 0.5950 0.1894 0.0603 0.0192 0.0061 0.0019 0.0006 1.0000 1.0000 1.0000 0.5916 0.1883 0.0599 0.0191 0.0061 0.0019 1.0000 1.0000 1.0000 1.0000 0.5871 0.1865 0.0592 0.0188 0.0059 0.0019 1.0000 1.0000 1.0000 1.0000 0.5400 0.1696 0.0534 0.0166 0.0057 0.0009
0.0028 0.0179 0.0520 0.1677 0.5329 1.0000 1.0000 1.0000 1.0000 0.0019 0.0059 0.0188 0.0595 0.1879 0.5927 1.0000 1.0000 1.0000 0.0006 0.0020 0.0062 0.0193 0.0607 0.1908 0.5995 1.0000 1.0000 1.0000 0.0006 0.0020 0.0062 0.0194 0.0611 0.1919 0.6030 1.0000 1.0000 1.0000 0.0006 0.0020 0.0062 0.0195 0.0614 0.1930 0.6064 1.0000 1.0000 1.0000 0.0006 0.0023 0.0051 0.0023 0.0006 1.0000 1.0000 1.0000 0.6064 0.1930 0.0614 0.0195 0.0062 0.0020 0.0006 1.0000 1.0000 1.0000 0.6030 0.1919 0.0611 0.0194 0.0062 0.0020 0.0006 1.0000 1.0000 1.0000 0.5995 0.1908 0.0607 0.0193 0.0062 0.0020 0.0006 1.0000 1.0000 1.0000 0.5927 0.1879 0.0595 0.0188 0.0059 0.0019 1.0000 1.0000 1.0000 1.0000 0.5329 0.1677 0.0520 0.0179 0.0028
0.0088 0.0563 0.1636 0.5268 1.0000 1.0000 1.0000 1.0000 0.0018 0.0059 0.0186 0.0592 0.1879 0.5950 1.0000 1.0000 1.0000 0.0006 0.0020 0.0062 0.0196 0.0615 0.1934 0.6076 1.0000 1.0000 1.0000 0.0006 0.0020 0.0063 0.0197 0.0619 0.1945 0.6111 1.0000 1.0000 1.0000 0.0006 0.0020 0.0063 0.0198 0.0622 0.1956 0.6146 1.0000 1.0000 1.0000 0.0006 0.0020 0.0073 0.0163 0.0073 0.0020 0.0006 1.0000 1.0000 1.0000 0.6146 0.1956 0.0622 0.0198 0.0063 0.0020 0.0006 1.0000 1.0000 1.0000 0.6111 0.1945 0.0619 0.0197 0.0063 0.0020 0.0006 1.0000 1.0000 1.0000 0.6076 0.1934 0.0615 0.0196 0.0062 0.0020 0.0006 1.0000 1.0000 1.0000 0.5950 0.1879 0.0592 0.0186 0.0059 0.0018 1.0000 1.0000 1.0000 1.0000 0.5268 0.1636 0.0563 0.0088
0.0276 0.1768 0.5130 1.0000 1.0000 1.0000 1.0000 0.0018 0.0058 0.0185 0.0587 0.1865 0.5927 1.0000 1.0000 1.0000 0.0006 0.0020 0.0063 0.0198 0.0624 0.1960 0.6157 1.0000 1.0000 1.0000 0.0006 0.0020 0.0064 0.0200 0.0627 0.1971 0.6192 1.0000 1.0000 1.0000 0.0006 0.0020 0.0064 0.0201 0.0631 0.1982 0.6228 1.0000 1.0000 1.0000 0.0007 0.0020 0.0065 0.0233 0.0521 0.0233 0.0065 0.0020 0.0007 1.0000 1.0000 1.0000 0.6228 0.1982 0.0631 0.0201 0.0064 0.0020 0.0006 1.0000 1.0000 1.0000 0.6192 0.1971 0.0627 0.0200 0.0064 0.0020 0.0006 1.0000 1.0000 1.0000 0.6157 0.1960 0.0624 0.0198 0.0063 0.0020 0.0006 1.0000 1.0000 1.0000 0.5927 0.1865 0.0587 0.0185 0.0058 0.0018 1.0000 1.0000 1.0000 1.0000 0.5130 0.1768 0.0276
0.0867 0.5556 1.0000 1.0000 1.0000 1.0000 0.0018 0.0057 0.0182 0.0580 0.1847 0.5871 1.0000 1.0000 1.0000 0.0006 0.0020 0.0064 0.0200 0.0631 0.1986 0.6240 1.0000 1.0000 1.0000 0.0007 0.0020 0.0064 0.0202 0.0636 0.1997 0.6275 1.0000 1.0000 1.0000 0.0007 0.0021 0.0065 0.0203 0.0639 0.2009 0.6311 1.0000 1.0000 1.0000 0.0007 0.0021 0.0065 0.0205 0.0743 0.1658 0.0743 0.0205 0.0065 0.0021 0.0007 1.0000 1.0000 1.0000 0.6311 0.2009 0.0639 0.0203 0.0065 0.0021 0.0007 1.0000 1.0000 1.0000 0.6275 0.1997 0.0636 0.0202 0.0064 0.0020 0.0007 1.0000 1.0000 1.0000 0.6240 0.1986 0.0631 0.0200 0.0064 0.0020 0.0006 1.0000 1.0000 1.0000 0.5871 0.1847 0.0580 0.0182 0.0057 0.0018 1.0000 1.0000 1.0000 1.0000 0.5556 0.0867
0.2723 1.0000 1.0000 1.0000 1.0000 0.0018 0.0056 0.0180 0.0573 0.1823 0.5805 1.0000 1.0000 1.0000 0.0006 0.0020 0.0064 0.0202 0.0637 0.2005 0.6311 1.0000 1.0000 1.0000 0.0007 0.0021 0.0065 0.0205 0.0644 0.2024 0.6360 1.0000 1.0000 1.0000 0.0007 0.0021 0.0066 0.0206 0.0648 0.2036 0.6396 1.0000 1.0000 1.0000 0.0007 0.0021 0.0066 0.0207 0.0654 0.2366 0.5278 0.2366 0.0654 0.0207 0.0066 0.0021 0.0007 1.0000 1.0000 1.0000 0.6396 0.2036 0.0648 0.0206 0.0066 0.0021 0.0007 1.0000 1.0000 1.0000 0.6360 0.2024 0.0644 0.0205 0.0065 0.0021 0.0007 1.0000 1.0000 1.0000 0.6311 0.2005 0.0637 0.0202 0.0064 0.0020 0.0006 1.0000 1.0000 1.0000 0.5805 0.1823 0.0573 0.0180 0.0056 0.0018 1.0000 1.0000 1.0000 1.0000 0.2723
0.8556 1.0000 1.0000 1.0000 0.0017 0.0056 0.0177 0.0565 0.1799 0.5728 1.0000 1.0000 1.0000 0.0006 0.0020 0.0064 0.0202 0.0639 0.2020 0.6372 1.0000 1.0000 1.0000 0.0007 0.0021 0.0066 0.0208 0.0653 0.2051 0.6445 1.0000 1.0000 1.0000 0.0007 0.0021 0.0066 0.0209 0.0657 0.2063 0.6482 1.0000 1.0000 1.0000 0.0007 0.0021 0.0067 0.0210 0.0658 0.2083 0.7532 1.0000 0.7532 0.2083 0.0658 0.0210 0.0067 0.0021 0.0007 1.0000 1.0000 1.0000 0.6482 0.2063 0.0657 0.0209 0.0066 0.0021 0.0007 1.0000 1.0000 1.0000 0.6445 0.2051 0.0653 0.0208 0.0066 0.0021 0.0007 1.0000 1.0000 1.0000 0.6372 0.2020 0.0639 0.0202 0.0064 0.0020 0.0006 1.0000 1.0000 1.0000 0.5728 0.1799 0.0565 0.0177 0.0056 0.0017 1.0000 1.0000 1.0000 0.8556
1.0000 1.0000 1.0000 0.0017 0.0055 0.0175 0.0557 0.1775 0.5652 1.0000 1.0000 1.0000 0.0006 0.0020 0.0063 0.0200 0.0637 0.2020 0.6396 1.0000 1.0000 1.0000 0.0007 0.0021 0.0067 0.0211 0.0662 0.2079 0.6531 1.0000 1.0000 1.0000 0.0007 0.0021 0.0067 0.0212 0.0665 0.2090 0.6569 1.0000 1.0000 1.0000 0.0007 0.0022 0.0068 0.0213 0.0669 0.2094 0.6631 1.0000 1.0000 1.0000 0.6631 0.2094 0.0669 0.0213 0.0068 0.0022 0.0007 1.0000 1.0000 1.0000 0.6569 0.2090 0.0665 0.0212 0.0067 0.0021 0.0007 1.0000 1.0000 1.0000 0.6531 0.2079 0.0662 0.0211 0.0067 0.0021 0.0007 1.0000 1.0000 1.0000 0.6396 0.2020 0.0637 0.0200 0.0063 0.0020 0.0006 1.0000 1.0000 1.0000 0.5652 0.1775 0.0557 0.0175 0.0055 0.0017 1.0000 1.0000 1.0000
1.0000 1.0000 0.0017 0.0054 0.0173 0.0550 0.1752 0.5577 1.0000 1.0000 1.0000 1.0000 0.0020 0.0062 0.0198 0.0631 0.2005 0.6372 1.0000 1.0000 1.0000 0.0007 0.0022 0.0068 0.0213 0.0670 0.2106 0.6619 1.0000 1.0000 1.0000 0.0007 0.0022 0.0068 0.0215 0.0674 0.2119 0.6657 1.0000 1.0000 1.0000 0.0007 0.0022 0.0069 0.0216 0.0678 0.2131 0.6669 1.0000 1.0000 1.0000 1.0000 1.0000 0.6669 0.2131 0.0678 0.0216 0.0069 0.0022 0.0007 1.0000 1.0000 1.0000 0.6657 0.2119 0.0674 0.0215 0.0068 0.0022 0.0007 1.0000 1.0000 1.0000 0.6619 0.2106 0.0670 0.0213 0.0068 0.0022 0.0007 1.0000 1.0000 1.0000 0.6372 0.2005 0.0631 0.0198 0.0062 0.0020 1.0000 1.0000 1.0000 1.0000 0.5577 0.1752 0.0550 0.0173 0.0054 0.0017 1.0000 1.0000
1.0000 0.0018 0.0053 0.0171 0.0543 0.1728 0.5504 1.0000 1.0000 1.0000 1.0000 0.0019 0.0062 0.0196 0.0624 0.1986 0.6311 1.0000 1.0000 1.0000 0.0007 0.0022 0.0068 0.0215 0.0678 0.2135 0.6707 1.0000 1.0000 1.0000 0.0007 0.0022 0.0069 0.0217 0.0683 0.2147 0.6746 1.0000 1.0000 1.0000 0.0007 0.0022 0.0070 0.0219 0.0687 0.2159 0.6784 1.0000 1.0000 1.0000 1.0000 1.0000 1.0000 1.0000 0.6784 0.2159 0.0687 0.0219 0.0070 0.0022 0.0007 1.0000 1.0000 1.0000 0.6746 0.2147 0.0683 0.0217 0.0069 0.0022 0.0007 1.0000 1.0000 1.0000 0.6707 0.2135 0.0678 0.0215 0.0068 0.0022 0.0007 1.0000 1.0000 1.0000 0.6311 0.1986 0.0624 0.0196 0.0062 0.0019 1.0000 1.0000 1.0000 1.0000 0.5504 0.1728 0.0543 0.0171 0.0053 0.0018 1.0000
0.0009 0.0057 0.0166 0.0537 0.1706 0.5431 1.0000 1.0000 1.0000 1.0000 0.0019 0.0061 0.0193 0.0615 0.1960 0.6240 1.0000 1.0000 1.0000 0.0007 0.0022 0.0069 0.0217 0.0685 0.2155 0.6784 1.0000 1.0000 1.0000 0.0007 0.0022 0.0070 0.0220 0.0692 0.2176 0.6836 1.0000 1.0000 1.0000 0.0007 0.0022 0.0071 0.0222 0.0696 0.2188 0.6875 1.0000 1.0000 1.0000 0.0008 0.0019 0.0008 1.0000 1.0000 1.0000 0.6875 0.2188 0.0696 0.0222 0.0071 0.0022 0.0007 1.0000 1.0000 1.0000 0.6836 0.2176 0.0692 0.0220 0.0070 0.0022 0.0007 1.0000 1.0000 1.0000 0.6784 0.2155 0.0685 0.0217 0.0069 0.0022 0.0007 1.0000 1.0000 1.0000 0.6240 0.1960 0.0615 0.0193 0.0061 0.0019 1.0000 1.0000 1.0000 1.0000 0.5431 0.1706 0.0537 0.0166 0.0057 0.0009
0.0028 0.0180 0.0524 0.1686 0.5359 1.0000 1.0000 1.0000 1.0000 0.0019 0.0060 0.0191 0.0607 0.1934 0.6157 1.0000 1.0000 1.0000 0.0007 0.0022 0.0068 0.0217 0.0687 0.2172 0.6849 1.0000 1.0000 1.0000 0.0007 0.0023 0.0071 0.0223 0.0702 0.2205 0.6928 1.0000 1.0000 1.0000 0.0007 0.0023 0.0071 0.0225 0.0706 0.2217 0.6967 1.0000 1.0000 1.0000 0.0007 0.0026 0.0059 0.0026 0.0007 1.0000 1.0000 1.0000 0.6967 0.2217 0.0706 0.0225 0.0071 0.0023 0.0007 1.0000 1.0000 1.0000 0.6928 0.2205 0.0702 0.0223 0.0071 0.0023 0.0007 1.0000 1.0000 1.0000 0.6849 0.2172 0.0687 0.0217 0.0068 0.0022 0.0007 1.0000 1.0000 1.0000 0.6157 0.1934 0.0607 0.0191 0.0060 0.0019 1.0000 1.0000 1.0000 1.0000 0.5359 0.1686 0.0524 0.0180 0.0028
0.0088 0.0566 0.1642 0.5298 1.0000 1.0000 1.0000 1.0000 0.0019 0.0059 0.0188 0.0599 0.1908 0.6076 1.0000 1.0000 1.0000 0.0007 0.0021 0.0068 0.0215 0.0685 0.2172 0.6875 1.0000 1.0000 1.0000 0.0007 0.0023 0.0072 0.0226 0.0711 0.2234 0.7021 1.0000 1.0000 1.0000 0.0007 0.0023 0.0072 0.0228 0.0715 0.2247 0.7061 1.0000 1.0000 1.0000 0.0007 0.0023 0.0084 0.0188 0.0084 0.0023 0.0007 1.0000 1.0000 1.0000 0.7061 0.2247 0.0715 0.0228 0.0072 0.0023 0.0007 1.0000 1.0000 1.0000 0.7021 0.2234 0.0711 0.0226 0.0072 0.0023 0.0007 1.0000 1.0000 1.0000 0.6875 0.2172 0.0685 0.0215 0.0068 0.0021 0.0007 1.0000 1.0000 1.0000 0.6076 0.1908 0.0599 0.0188 0.0059 0.0019 1.0000 1.0000 1.0000 1.0000 0.5298 0.1642 0.0566 0.0088
0.0277 0.1778 0.5169 1.0000 1.0000 1.0000 1.0000 0.0018 0.0058 0.0186 0.0591 0.1883 0.5995 1.0000 1.0000 1.0000 0.0007 0.0021 0.0067 0.0213 0.0678 0.2155 0.6849 1.0000 1.0000 1.0000 0.0007 0.0023 0.0073 0.0229 0.0721 0.2264 0.7115 1.0000 1.0000 1.0000 0.0007 0.0023 0.0073 0.0231 0.0725 0.2277 0.7155 1.0000 1.0000 1.0000 0.0007 0.0023 0.0074 0.0268 0.0598 0.0268 0.0074 0.0023 0.0007 1.0000 1.0000 1.0000 0.7155 0.2277 0.0725 0.0231 0.0073 0.0023 0.0007 1.0000 1.0000 1.0000 0.7115 0.2264 0.0721 0.0229 0.0073 0.0023 0.0007 1.0000 1.0000 1.0000 0.6849 0.2155 0.0678 0.0213 0.0067 0.0021 0.0007 1.0000 1.0000 1.0000 0.5995 0.1883 0.0591 0.0186 0.0058 0.0018 1.0000 1.0000 1.0000 1.0000 0.5169 0.1778 0.0277
0.0872 0.5588 1.0000 1.0000 1.0000 1.0000 0.0018 0.0058 0.0183 0.0583 0.1858 0.5916 1.0000 1.0000 1.0000 0.0007 0.0021 0.0066 0.0211 0.0670 0.2135 0.6784 1.0000 1.0000 1.0000 0.0007 0.0023 0.0073 0.0232 0.0729 0.2295 0.7210 1.0000 1.0000 1.0000 0.0008 0.0024 0.0074 0.0234 0.0734 0.2308 0.7251 1.0000 1.0000 1.0000 0.0008 0.0024 0.0075 0.0236 0.0854 0.1904 0.0854 0.0236 0.0075 0.0024 0.0008 1.0000 1.0000 1.0000 0.7251 0.2308 0.0734 0.0234 0.0074 0.0024 0.0008 1.0000 1.0000 1.0000 0.7210 0.2295 0.0729 0.0232 0.0073 0.0023 0.0007 1.0000 1.0000 1.0000 0.6784 0.2135 0.0670 0.0211 0.0066 0.0021 0.0007 1.0000 1.0000 1.0000 0.5916 0.1858 0.0583 0.0183 0.0058 0.0018 1.0000 1.0000 1.0000 1.0000 0.5588 0.0872
0.2739 1.0000 1.0000 1.0000 1.0000 0.0018 0.0057 0.0181 0.0576 0.1833 0.5838 1.0000 1.0000 1.0000 0.0006 0.0020 0.0065 0.0208 0.0662 0.2106 0.6707 1.0000 1.0000 1.0000 0.0007 0.0023 0.0074 0.0233 0.0734 0.2317 0.7293 1.0000 1.0000 1.0000 0.0008 0.0024 0.0075 0.0237 0.0744 0.2339 0.7348 1.0000 1.0000 1.0000 0.0008 0.0024 0.0076 0.0237 0.0751 0.2718 0.6064 0.2718 0.0751 0.0237 0.0076 0.0024 0.0008 1.0000 1.0000 1.0000 0.7348 0.2339 0.0744 0.0237 0.0075 0.0024 0.0008 1.0000 1.0000 1.0000 0.7293 0.2317 0.0734 0.0233 0.0074 0.0023 0.0007 1.0000 1.0000 1.0000 0.6707 0.2106 0.0662 0.0208 0.0065 0.0020 0.0006 1.0000 1.0000 1.0000 0.5838 0.1833 0.0576 0.0181 0.0057 0.0018 1.0000 1.0000 1.0000 1.0000 0.2739
0.8605 1.0000 1.0000 1.0000 0.0018 0.0056 0.0178 0.0568 0.1809 0.5761 1.0000 1.0000 1.0000 0.0006 0.0020 0.0064 0.0205 0.0653 0.2079 0.6619 1.0000 1.0000 1.0000 0.0007 0.0023 0.0073 0.0233 0.0737 0.2330 0.7348 1.0000 1.0000 1.0000 0.0008 0.0024 0.0076 0.0240 0.0754 0.2370 0.7447 1.0000 1.0000 1.0000 0.0008 0.0024 0.0077 0.0241 0.0756 0.2393 0.8654 1.0000 0.8654 0.2393 0.0756 0.0241 0.0077 0.0024 0.0008 1.0000 1.0000 1.0000 0.7447 0.2370 0.0754 0.0240 0.0076 0.0024 0.0008 1.0000 1.0000 1.0000 0.7348 0.2330 0.0737 0.0233 0.0073 0.0023 0.0007 1.0000 1.0000 1.0000 0.6619 0.2079 0.0653 0.0205 0.0064 0.0020 0.0006 1.0000 1.0000 1.0000 0.5761 0.1809 0.0568 0.0178 0.0056 0.0018 1.0000 1.0000 1.0000 0.8605
1.0000 1.0000 1.0000 0.0017 0.0055 0.0176 0.0561 0.1785 0.5685 1.0000 1.0000 1.0000 0.0006 0.0020 0.0064 0.0202 0.0644 0.2051 0.6531 1.0000 1.0000 1.0000 0.0007 0.0023 0.0073 0.0232 0.0734 0.2330 0.7376 1.0000 1.0000 1.0000 0.0008 0.0025 0.0077 0.0243 0.0764 0.2402 0.7547 1.0000 1.0000 1.0000 0.0008 0.0025 0.0078 0.0245 0.0769 0.2406 0.7619 1.0000 1.0000 1.0000 0.7619 0.2406 0.0769 0.0245 0.0078 0.0025 0.0008 1.0000 1.0000 1.0000 0.7547 0.2402 0.0764 0.0243 0.0077 0.0025 0.0008 1.0000 1.0000 1.0000 0.7376 0.2330 0.0734 0.0232 0.0073 0.0023 0.0007 1.0000 1.0000 1.0000 0.6531 0.2051 0.0644 0.0202 0.0064 0.0020 0.0006 1.0000 1.0000 1.0000 0.5685 0.1785 0.0561 0.0176 0.0055 0.0017 1.0000 1.0000 1.0000
1.0000 1.0000 0.0017 0.0055 0.0174 0.0553 0.1762 0.5609 1.0000 1.0000 1.0000 0.0006 0.0020 0.0063 0.0200 0.0636 0.2024 0.6445 1.0000 1.0000 1.0000 0.0007 0.0023 0.0072 0.0229 0.0729 0.2317 0.7348 1.0000 1.0000 1.0000 0.0008 0.0025 0.0078 0.0247 0.0775 0.2434 0.7648 1.0000 1.0000 1.0000 0.0008 0.0025 0.0079 0.0248 0.0779 0.2448 0.7662 1.0000 1.0000 1.0000 1.0000 1.0000 0.7662 0.2448 0.0779 0.0248 0.0079 0.0025 0.0008 1.0000 1.0000 1.0000 0.7648 0.2434 0.0775 0.0247 0.0078 0.0025 0.0008 1.0000 1.0000 1.0000 0.7348 0.2317 0.0729 0.0229 0.0072 0.0023 0.0007 1.0000 1.0000 1.0000 0.6445 0.2024 0.0636 0.0200 0.0063 0.0020 0.0006 1.0000 1.0000 1.0000 0.5609 0.1762 0.0553 0.0174 0.0055 0.0017 1.0000 1.0000
1.0000 0.0018 0.0053 0.0172 0.0546 0.1738 0.5535 1.0000 1.0000 1.0000 1.0000 0.0019 0.0062 0.0197 0.0627 0.1997 0.6360 1.0000 1.0000 1.0000 0.0007 0.0022 0.0071 0.0226 0.0721 0.2295 0.7293 1.0000 1.0000 1.0000 0.0008 0.0025 0.0079 0.0249 0.0784 0.2467 0.7750 1.0000 1.0000 1.0000 0.0008 0.0025 0.0080 0.0251 0.0790 0.2481 0.7795 1.0000 1.0000 1.0000 1.0000 1.0000 1.0000 1.0000 0.7795 0.2481 0.0790 0.0251 0.0080 0.0025 0.0008 1.0000 1.0000 1.0000 0.7750 0.2467 0.0784 0.0249 0.0079 0.0025 0.0008 1.0000 1.0000 1.0000 0.7293 0.2295 0.0721 0.0226 0.0071 0.0022 0.0007 1.0000 1.0000 1.0000 0.6360 0.1997 0.0627 0.0197 0.0062 0.0019 1.0000 1.0000 1.0000 1.0000 0.5535 0.1738 0.0546 0.0172 0.0053 0.0018 1.0000
0.0009 0.0058 0.0168 0.0540 0.1715 0.5462 1.0000 1.0000 1.0000 1.0000 0.0019 0.0061 0.0194 0.0619 0.1971 0.6275 1.0000 1.0000 1.0000 0.0007 0.0022 0.0070 0.0223 0.0711 0.2264 0.7210 1.0000 1.0000 1.0000 0.0008 0.0025 0.0079 0.0250 0.0790 0.2490 0.7839 1.0000 1.0000 1.0000 0.0008 0.0026 0.0081 0.0255 0.0800 0.2514 0.7899 1.0000 1.0000 1.0000 0.0010 0.0021 0.0010 1.0000 1.0000 1.0000 0.7899 0.2514 0.0800 0.0255 0.0081 0.0026 0.0008 1.0000 1.0000 1.0000 0.7839 0.2490 0.0790 0.0250 0.0079 0.0025 0.0008 1.0000 1.0000 1.0000 0.7210 0.2264 0.0711 0.0223 0.0070 0.0022 0.0007 1.0000 1.0000 1.0000 0.6275 0.1971 0.0619 0.0194 0.0061 0.0019 1.0000 1.0000 1.0000 1.0000 0.5462 0.1715 0.0540 0.0168 0.0058 0.0009
0.0028 0.0181 0.0526 0.1696 0.5390 1.0000 1.0000 1.0000 1.0000 0.0019 0.0060 0.0192 0.0611 0.1945 0.6192 1.0000 1.0000 1.0000 0.0007 0.0022 0.0069 0.0220 0.0702 0.2234 0.7115 1.0000 1.0000 1.0000 0.0008 0.0025 0.0079 0.0250 0.0793 0.2504 0.7899 1.0000 1.0000 1.0000 0.0008 0.0026 0.0082 0.0258 0.0811 0.2548 0.8005 1.0000 1.0000 1.0000 0.0008 0.0030 0.0068 0.0030 0.0008 1.0000 1.0000 1.0000 0.8005 0.2548 0.0811 0.0258 0.0082 0.0026 0.0008 1.0000 1.0000 1.0000 0.7899 0.2504 0.0793 0.0250 0.0079 0.0025 0.0008 1.0000 1.0000 1.0000 0.7115 0.2234 0.0702 0.0220 0.0069 0.0022 0.0007 1.0000 1.0000 1.0000 0.6192 0.1945 0.0611 0.0192 0.0060 0.0019 1.0000 1.0000 1.0000 1.0000 0.5390 0.1696 0.0526 0.0181 0.0028
0.0089 0.0569 0.1654 0.5329 1.0000 1.0000 1.0000 1.0000 0.0019 0.0059 0.0189 0.0603 0.1919 0.6111 1.0000 1.0000 1.0000 0.0007 0.0021 0.0068 0.0217 0.0692 0.2205 0.7021 1.0000 1.0000 1.0000 0.0008 0.0025 0.0078 0.0249 0.0790 0.2504 0.7929 1.0000 1.0000 1.0000 0.0008 0.0026 0.0083 0.0262 0.0822 0.2582 0.8112 1.0000 1.0000 1.0000 0.0008 0.0027 0.0097 0.0216 0.0097 0.0027 0.0008 1.0000 1.0000 1.0000 0.8112 0.2582 0.0822 0.0262 0.0083 0.0026 0.0008 1.0000 1.0000 1.0000 0.7929 0.2504 0.0790 0.0249 0.0078 0.0025 0.0008 1.0000 1.0000 1.0000 0.7021 0.2205 0.0692 0.0217 0.0068 0.0021 0.0007 1.0000 1.0000 1.0000 0.6111 0.1919 0.0603 0.0189 0.0059 0.0019 1.0000 1.0000 1.0000 1.0000 0.5329 0.1654 0.0569 0.0089
0.0279 0.1789 0.5189 1.0000 1.0000 1.0000 1.0000 0.0018 0.0059 0.0187 0.0595 0.1894 0.6030 1.0000 1.0000 1.0000 0.0007 0.0021 0.0067 0.0215 0.0683 0.2176 0.6928 1.0000 1.0000 1.0000 0.0008 0.0024 0.0077 0.0247 0.0784 0.2490 0.7899 1.0000 1.0000 1.0000 0.0008 0.0027 0.0084 0.0265 0.0833 0.2616 0.8221 1.0000 1.0000 1.0000 0.0009 0.0027 0.0085 0.0308 0.0687 0.0308 0.0085 0.0027 0.0009 1.0000 1.0000 1.0000 0.8221 0.2616 0.0833 0.0265 0.0084 0.0027 0.0008 1.0000 1.0000 1.0000 0.7899 0.2490 0.0784 0.0247 0.0077 0.0024 0.0008 1.0000 1.0000 1.0000 0.6928 0.2176 0.0683 0.0215 0.0067 0.0021 0.0007 1.0000 1.0000 1.0000 0.6030 0.1894 0.0595 0.0187 0.0059 0.0018 1.0000 1.0000 1.0000 1.0000 0.5189 0.1789 0.0279
0.0877 0.5620 1.0000 1.0000 1.0000 1.0000 0.0018 0.0058 0.0184 0.0587 0.1869 0.5950 1.0000 1.0000 1.0000 0.0007 0.0021 0.0066 0.0212 0.0674 0.2147 0.6836 1.0000 1.0000 1.0000 0.0008 0.0024 0.0076 0.0243 0.0775 0.2467 0.7839 1.0000 1.0000 1.0000 0.0009 0.0027 0.0085 0.0268 0.0842 0.2651 0.8331 1.0000 1.0000 1.0000 0.0009 0.0027 0.0086 0.0271 0.0981 0.2188 0.0981 0.0271 0.0086 0.0027 0.0009 1.0000 1.0000 1.0000 0.8331 0.2651 0.0842 0.0268 0.0085 0.0027 0.0009 1.0000 1.0000 1.0000 0.7839 0.2467 0.0775 0.0243 0.0076 0.0024 0.0008 1.0000 1.0000 1.0000 0.6836 0.2147 0.0674 0.0212 0.0066 0.0021 0.0007 1.0000 1.0000 1.0000 0.5950 0.1869 0.0587 0.0184 0.0058 0.0018 1.0000 1.0000 1.0000 1.0000 0.5620 0.0877
0.2754 1.0000 1.0000 1.0000 1.0000 0.0018 0.0057 0.0182 0.0579 0.1844 0.5871 1.0000 1.0000 1.0000 0.0006 0.0021 0.0066 0.0209 0.0665 0.2119 0.6746 1.0000 1.0000 1.0000 0.0007 0.0024 0.0075 0.0240 0.0764 0.2434 0.7750 1.0000 1.0000 1.0000 0.0008 0.0027 0.0085 0.0269 0.0849 0.2677 0.8427 1.0000 1.0000 1.0000 0.0009 0.0028 0.0087 0.0273 0.0863 0.3123 0.6967 0.3123 0.0863 0.0273 0.0087 0.0028 0.0009 1.0000 1.0000 1.0000 0.8427 0.2677 0.0849 0.0269 0.0085 0.0027 0.0008 1.0000 1.0000 1.0000 0.7750 0.2434 0.0764 0.0240 0.0075 0.0024 0.0007 1.0000 1.0000 1.0000 0.6746 0.2119 0.0665 0.0209 0.0066 0.0021 0.0006 1.0000 1.0000 1.0000 0.5871 0.1844 0.0579 0.0182 0.0057 0.0018 1.0000 1.0000 1.0000 1.0000 0.2754
0.8654 1.0000 1.0000 1.0000 0.0018 0.0056 0.0179 0.0571 0.1820 0.5794 1.0000 1.0000 1.0000 0.0006 0.0020 0.0065 0.0206 0.0657 0.2090 0.6657 1.0000 1.0000 1.0000 0.0007 0.0023 0.0074 0.0237 0.0754 0.2402 0.7648 1.0000 1.0000 1.0000 0.0008 0.0027 0.0085 0.0269 0.0852 0.2692 0.8491 1.0000 1.0000 1.0000 0.0009 0.0028 0.0088 0.0277 0.0868 0.2749 0.9943 1.0000 0.9943 0.2749 0.0868 0.0277 0.0088 0.0028 0.0009 1.0000 1.0000 1.0000 0.8491 0.2692 0.0852 0.0269 0.0085 0.0027 0.0008 1.0000 1.0000 1.0000 0.7648 0.2402 0.0754 0.0237 0.0074 0.0023 0.0007 1.0000 1.0000 1.0000 0.6657 0.2090 0.0657 0.0206 0.0065 0.0020 0.0006 1.0000 1.0000 1.0000 0.5794 0.1820 0.0571 0.0179 0.0056 0.0018 1.0000 1.0000 1.0000 0.8654
1.0000 1.0000 1.0000 0.0017 0.0056 0.0177 0.0564 0.1795 0.5717 1.0000 1.0000 1.0000 0.0006 0.0020 0.0064 0.0203 0.0648 0.2063 0.6569 1.0000 1.0000 1.0000 0.0007 0.0023 0.0073 0.0234 0.0744 0.2370 0.7547 1.0000 1.0000 1.0000 0.0008 0.0026 0.0084 0.0268 0.0849 0.2692 0.8524 1.0000 1.0000 1.0000 0.0009 0.0028 0.0089 0.0281 0.0883 0.2765 0.8754 1.0000 1.0000 1.0000 0.8754 0.2765 0.0883 0.0281 0.0089 0.0028 0.0009 1.0000 1.0000 1.0000 0.8524 0.2692 0.0849 0.0268 0.0084 0.0026 0.0008 1.0000 1.0000 1.0000 0.7547 0.2370 0.0744 0.0234 0.0073 0.0023 0.0007 1.0000 1.0000 1.0000 0.6569 0.2063 0.0648 0.0203 0.0064 0.0020 0.0006 1.0000 1.0000 1.0000 0.5717 0.1795 0.0564 0.0177 0.0056 0.0017 1.0000 1.0000 1.0000
1.0000 1.0000 0.0017 0.0055 0.0175 0.0556 0.1772 0.5641 1.0000 1.0000 1.0000 0.0006 0.0020 0.0063 0.0201 0.0639 0.2036 0.6482 1.0000 1.0000 1.0000 0.0007 0.0023 0.0072 0.0231 0.0734 0.2339 0.7447 1.0000 1.0000 1.0000 0.0008 0.0026 0.0083 0.0265 0.0842 0.2677 0.8491 1.0000 1.0000 1.0000 0.0009 0.0029 0.0090 0.0285 0.0895 0.2813 0.8804 1.0000 1.0000 1.0000 1.0000 1.0000 0.8804 0.2813 0.0895 0.0285 0.0090 0.0029 0.0009 1.0000 1.0000 1.0000 0.8491 0.2677 0.0842 0.0265 0.0083 0.0026 0.0008 1.0000 1.0000 1.0000 0.7447 0.2339 0.0734 0.0231 0.0072 0.0023 0.0007 1.0000 1.0000 1.0000 0.6482 0.2036 0.0639 0.0201 0.0063 0.0020 0.0006 1.0000 1.0000 1.0000 0.5641 0.1772 0.0556 0.0175 0.0055 0.0017 1.0000 1.0000
1.0000 0.0018 0.0054 0.0173 0.0549 0.1748 0.5567 1.0000 1.0000 1.0000 1.0000 0.0020 0.0062 0.0198 0.0631 0.2009 0.6396 1.0000 1.0000 1.0000 0.0007 0.0022 0.0071 0.0228 0.0725 0.2308 0.7348 1.0000 1.0000 1.0000 0.0008 0.0026 0.0082 0.0262 0.0833 0.2651 0.8427 1.0000 1.0000 1.0000 0.0009 0.0029 0.0091 0.0288 0.0905 0.2850 0.8956 1.0000 1.0000 1.0000 1.0000 1.0000 1.0000 1.0000 0.8956 0.2850 0.0905 0.0288 0.0091 0.0029 0.0009 1.0000 1.0000 1.0000 0.8427 0.2651 0.0833 0.0262 0.0082 0.0026 0.0008 1.0000 1.0000 1.0000 0.7348 0.2308 0.0725 0.0228 0.0071 0.0022 0.0007 1.0000 1.0000 1.0000 0.6396 0.2009 0.0631 0.0198 0.0062 0.0020 1.0000 1.0000 1.0000 1.0000 0.5567 0.1748 0.0549 0.0173 0.0054 0.0018 1.0000
0.0009 0.0058 0.0169 0.0543 0.1725 0.5493 1.0000 1.0000 1.0000 1.0000 0.0019 0.0061 0.0195 0.0622 0.1982 0.6311 1.0000 1.0000 1.0000 0.0007 0.0022 0.0071 0.0225 0.0715 0.2277 0.7251 1.0000 1.0000 1.0000 0.0008 0.0025 0.0081 0.0258 0.0822 0.2616 0.8331 1.0000 1.0000 1.0000 0.0009 0.0029 0.0092 0.0289 0.0912 0.2877 0.9058 1.0000 1.0000 1.0000 0.0011 0.0024 0.0011 1.0000 1.0000 1.0000 0.9058 0.2877 0.0912 0.0289 0.0092 0.0029 0.0009 1.0000 1.0000 1.0000 0.8331 0.2616 0.0822 0.0258 0.0081 0.0025 0.0008 1.0000 1.0000 1.0000 0.7251 0.2277 0.0715 0.0225 0.0071 0.0022 0.0007 1.0000 1.0000 1.0000 0.6311 0.1982 0.0622 0.0195 0.0061 0.0019 1.0000 1.0000 1.0000 1.0000 0.5493 0.1725 0.0543 0.0169 0.0058 0.0009
0.0028 0.0182 0.0529 0.1706 0.5421 1.0000 1.0000 1.0000 1.0000 0.0019 0.0061 0.0193 0.0614 0.1956 0.6228 1.0000 1.0000 1.0000 0.0007 0.0022 0.0070 0.0222 0.0706 0.2247 0.7155 1.0000 1.0000 1.0000 0.0008 0.0025 0.0080 0.0255 0.0811 0.2582 0.8221 1.0000 1.0000 1.0000 0.0009 0.0029 0.0091 0.0289 0.0916 0.2894 0.9128 1.0000 1.0000 1.0000 0.0010 0.0035 0.0078 0.0035 0.0010 1.0000 1.0000 1.0000 0.9128 0.2894 0.0916 0.0289 0.0091 0.0029 0.0009 1.0000 1.0000 1.0000 0.8221 0.2582 0.0811 0.0255 0.0080 0.0025 0.0008 1.0000 1.0000 1.0000 0.7155 0.2247 0.0706 0.0222 0.0070 0.0022 0.0007 1.0000 1.0000 1.0000 0.6228 0.1956 0.0614 0.0193 0.0061 0.0019 1.0000 1.0000 1.0000 1.0000 0.5421 0.1706 0.0529 0.0182 0.0028
0.0089 0.0573 0.1664 0.5359 1.0000 1.0000 1.0000 1.0000 0.0019 0.0060 0.0190 0.0606 0.1930 0.6146 1.0000 1.0000 1.0000 0.0007 0.0022 0.0069 0.0219 0.0696 0.2217 0.7061 1.0000 1.0000 1.0000 0.0008 0.0025 0.0079 0.0251 0.0800 0.2548 0.8112 1.0000 1.0000 1.0000 0.0009 0.0028 0.0090 0.0288 0.0912 0.2894 0.9162 1.0000 1.0000 1.0000 0.0010 0.0031 0.0111 0.0247 0.0111 0.0031 0.0010 1.0000 1.0000 1.0000 0.9162 0.2894 0.0912 0.0288 0.0090 0.0028 0.0009 1.0000 1.0000 1.0000 0.8112 0.2548 0.0800 0.0251 0.0079 0.0025 0.0008 1.0000 1.0000 1.0000 0.7061 0.2217 0.0696 0.0219 0.0069 0.0022 0.0007 1.0000 1.0000 1.0000 0.6146 0.1930 0.0606 0.0190 0.0060 0.0019 1.0000 1.0000 1.0000 1.0000 0.5359 0.1664 0.0573 0.0089
0.0281 0.1799 0.5218 1.0000 1.0000 1.0000 1.0000 0.0019 0.0059 0.0188 0.0598 0.1904 0.6064 1.0000 1.0000 1.0000 0.0007 0.0021 0.0068 0.0216 0.0687 0.2188 0.6967 1.0000 1.0000 1.0000 0.0008 0.0024 0.0078 0.0248 0.0790 0.2514 0.8005 1.0000 1.0000 1.0000 0.0009 0.0028 0.0089 0.0285 0.0905 0.2877 0.9128 1.0000 1.0000 1.0000 0.0010 0.0031 0.0097 0.0353 0.0788 0.0353 0.0097 0.0031 0.0010 1.0000 1.0000 1.0000 0.9128 0.2877 0.0905 0.0285 0.0089 0.0028 0.0009 1.0000 1.0000 1.0000 0.8005 0.2514 0.0790 0.0248 0.0078 0.0024 0.0008 1.0000 1.0000 1.0000 0.6967 0.2188 0.0687 0.0216 0.0068 0.0021 0.0007 1.0000 1.0000 1.0000 0.6064 0.1904 0.0598 0.0188 0.0059 0.0019 1.0000 1.0000 1.0000 1.0000 0.5218 0.1799 0.0281
0.0882 0.5652 1.0000 1.0000 1.0000 1.0000 0.0018 0.0058 0.0185 0.0590 0.1879 0.5984 1.0000 1.0000 1.0000 0.0007 0.0021 0.0067 0.0213 0.0678 0.2159 0.6875 1.0000 1.0000 1.0000 0.0008 0.0024 0.0077 0.0245 0.0779 0.2481 0.7899 1.0000 1.0000 1.0000 0.0009 0.0028 0.0088 0.0281 0.0895 0.2850 0.9058 1.0000 1.0000 1.0000 0.0010 0.0031 0.0098 0.0310 0.1120 0.2500 0.1120 0.0309 0.0098 0.0031 0.0010 1.0000 1.0000 1.0000 0.9058 0.2850 0.0895 0.0281 0.0088 0.0028 0.0009 1.0000 1.0000 1.0000 0.7899 0.2481 0.0779 0.0245 0.0077 0.0024 0.0008 1.0000 1.0000 1.0000 0.6875 0.2159 0.0678 0.0213 0.0067 0.0021 0.0007 1.0000 1.0000 1.0000 0.5984 0.1879 0.0590 0.0185 0.0058 0.0018 1.0000 1.0000 1.0000 1.0000 0.5652 0.0882
0.2770 1.0000 1.0000 1.0000 1.0000 0.0018 0.0057 0.0183 0.0582 0.1854 0.5905 1.0000 1.0000 1.0000 0.0007 0.0021 0.0066 0.0210 0.0669 0.2131 0.6784 1.0000 1.0000 1.0000 0.0007 0.0024 0.0076 0.0241 0.0769 0.2448 0.7795 1.0000 1.0000 1.0000 0.0009 0.0027 0.0087 0.0277 0.0883 0.2813 0.8956 1.0000 1.0000 1.0000 0.0010 0.0031 0.0098 0.0309 0.0981 0.3561 0.7944 0.3561 0.0981 0.0309 0.0099 0.0031 0.0010 1.0000 1.0000 1.0000 0.8956 0.2813 0.0883 0.0277 0.0087 0.0027 0.0009 1.0000 1.0000 1.0000 0.7795 0.2448 0.0769 0.0241 0.0076 0.0024 0.0007 1.0000 1.0000 1.0000 0.6784 0.2131 0.0669 0.0210 0.0066 0.0021 0.0007 1.0000 1.0000 1.0000 0.5905 0.1854 0.0582 0.0183 0.0057 0.0018 1.0000 1.0000 1.0000 1.0000 0.2770
0.8704 1.0000 1.0000 1.0000 0.0018 0.0057 0.0180 0.0575 0.1830 0.5827 1.0000 1.0000 1.0000 0.0006 0.0020 0.0065 0.0207 0.0660 0.2102 0.6695 1.0000 1.0000 1.0000 0.0007 0.0023 0.0075 0.0238 0.0759 0.2416 0.7692 1.0000 1.0000 1.0000 0.0008 0.0027 0.0086 0.0274 0.0872 0.2775 0.8837 1.0000 1.0000 1.0000 0.0010 0.0031 0.0098 0.0311 0.0979 0.3111 1.0000 1.0000 1.0000 0.3093 0.0973 0.0309 0.0098 0.0031 0.0010 1.0000 1.0000 1.0000 0.8804 0.2765 0.0868 0.0273 0.0086 0.0027 0.0008 1.0000 1.0000 1.0000 0.7662 0.2406 0.0756 0.0237 0.0075 0.0023 0.0007 1.0000 1.0000 1.0000 0.6669 0.2094 0.0658 0.0207 0.0065 0.0020 0.0006 1.0000 1.0000 1.0000 0.5805 0.1823 0.0573 0.0180 0.0056 0.0018 1.0000 1.0000 1.0000 0.8671
1.0000 1.0000 1.0000 0.0018 0.0056 0.0178 0.0567 0.1806 0.5750 1.0000 1.0000 1.0000 0.0006 0.0020 0.0064 0.0205 0.0652 0.2075 0.6606 1.0000 1.0000 1.0000 0.0007 0.0023 0.0074 0.0235 0.0749 0.2384 0.7590 1.0000 1.0000 1.0000 0.0008 0.0027 0.0085 0.0270 0.0860 0.2739 0.8720 1.0000 1.0000 1.0000 0.0010 0.0031 0.0097 0.0309 0.0981 0.3093 0.9830 1.0000 1.0000 1.0000 0.9830 0.3087 0.0983 0.0310 0.0097 0.0031 0.0010 1.0000 1.0000 1.0000 0.8754 0.2749 0.0863 0.0271 0.0085 0.0027 0.0008 1.0000 1.0000 1.0000 0.7619 0.2393 0.0751 0.0236 0.0074 0.0023 0.0007 1.0000 1.0000 1.0000 0.6631 0.2083 0.0654 0.0205 0.0065 0.0020 0.0006 1.0000 1.0000 1.0000 0.5772 0.1813 0.0569 0.0179 0.0056 0.0018 1.0000 1.0000 1.0000
1.0000 1.0000 0.0017 0.0055 0.0176 0.0560 0.1782 0.5674 1.0000 1.0000 1.0000 0.0006 0.0020 0.0063 0.0202 0.0643 0.2047 0.6519 1.0000 1.0000 1.0000 0.0007 0.0023 0.0073 0.0232 0.0739 0.2352 0.7490 1.0000 1.0000 1.0000 0.0008 0.0026 0.0084 0.0267 0.0849 0.2702 0.8605 1.0000 1.0000 1.0000 0.0009 0.0030 0.0096 0.0306 0.0975 0.3093 0.9774 1.0000 1.0000 1.0000 1.0000 1.0000 1.0000 0.3554 0.1122 0.0353 0.0111 0.0035 0.0011 1.0000 1.0000 1.0000 0.9943 0.3123 0.0981 0.0308 0.0097 0.0030 0.0010 1.0000 1.0000 1.0000 0.8654 0.2718 0.0854 0.0268 0.0084 0.0026 0.0008 1.0000 1.0000 1.0000 0.7532 0.2366 0.0743 0.0233 0.0073 0.0023 0.0007 1.0000 1.0000 1.0000 0.6556 0.2059 0.0647 0.0203 0.0064 0.0020 1.0000 1.0000
1.0000 0.0019 0.0054 0.0174 0.0552 0.1758 0.5599 1.0000 1.0000 1.0000 1.0000 0.0020 0.0063 0.0199 0.0634 0.2020 0.6433 1.0000 1.0000 1.0000 0.0007 0.0023 0.0072 0.0229 0.0729 0.2321 0.7391 1.0000 1.0000 1.0000 0.0008 0.0026 0.0083 0.0263 0.0837 0.2667 0.8491 1.0000 1.0000 1.0000 0.0009 0.0030 0.0095 0.0302 0.0962 0.3064 0.9756 1.0000 1.0000 1.0000 1.0000 1.0000 1.0000 1.0000 0.7944 0.2500 0.0787 0.0247 0.0078 0.0024 1.0000 1.0000 1.0000 1.0000 0.6967 0.2188 0.0687 0.0216 0.0068 0.0021 1.0000 1.0000 1.0000 1.0000 0.6064 0.1904 0.0598 0.0188 0.0059 0.0019 1.0000 1.0000 1.0000 1.0000 0.5278 0.1658 0.0521 0.0163 0.0051 0.0016 1.0000 1.0000 1.0000 1.0000 0.4594 0.1443 0.0453 0.0143 0.0045 0.0015 1.0000
0.0009 0.0058 0.0169 0.0546 0.1735 0.5525 1.0000 1.0000 1.0000 1.0000 0.0019 0.0062 0.0197 0.0626 0.1993 0.6347 1.0000 1.0000 1.0000 0.0007 0.0022 0.0071 0.0226 0.0719 0.2290 0.7293 1.0000 1.0000 1.0000 0.0008 0.0026 0.0082 0.0260 0.0826 0.2631 0.8379 1.0000 1.0000 1.0000 0.0009 0.0029 0.0094 0.0298 0.0949 0.3023 0.9645 1.0000 1.0000 1.0000 0.0013 1.0000 1.0000 1.0000 1.0000 0.3567 0.1118 0.0353 0.0111 0.0035 0.0011 1.0000 1.0000 1.0000 0.9943 0.3123 0.0981 0.0308 0.0097 0.0030 0.0010 1.0000 1.0000 1.0000 0.8654 0.2718 0.0854 0.0268 0.0084 0.0026 0.0008 1.0000 1.0000 1.0000 0.7532 0.2366 0.0743 0.0233 0.0073 0.0023 0.0007 1.0000 1.0000 1.0000 0.6556 0.2059 0.0647 0.0203 0.0064 0.0020 1.0000 1.0000
0.0028 0.0182 0.0530 0.1709 0.5431 1.0000 1.0000 1.0000 1.0000 0.0019 0.0061 0.0193 0.0615 0.1960 0.6240 1.0000 1.0000 1.0000 0.0007 0.0022 0.0070 0.0222 0.0707 0.2251 0.7169 1.0000 1.0000 1.0000 0.0008 0.0025 0.0080 0.0255 0.0812 0.2587 0.8237 1.0000 1.0000 1.0000 0.0009 0.0029 0.0092 0.0293 0.0933 0.2972 0.9463 1.0000 1.0000 1.0000 0.0011 0.0035 0.0046 0.1569 0.9481 0.3588 0.0973 0.0309 0.0097 0.0031 0.0010 1.0000 1.0000 1.0000 0.8754 0.2749 0.0863 0.0271 0.0085 0.0027 0.0008 1.0000 1.0000 1.0000 0.7619 0.2393 0.0751 0.0236 0.0074 0.0023 0.0007 1.0000 1.0000 1.0000 0.6631 0.2083 0.0654 0.0205 0.0065 0.0020 0.0006 1.0000 1.0000 1.0000 0.5772 0.1813 0.0569 0.0179 0.0056 0.0018 1.0000 1.0000 1.0000
0.0091 0.0578 0.1680 0.5410 1.0000 1.0000 1.0000 1.0000 0.0019 0.0060 0.0192 0.0612 0.1948 0.6204 1.0000 1.0000 1.0000 0.0007 0.0022 0.0069 0.0221 0.0703 0.2239 0.7128 1.0000 1.0000 1.0000 0.0008 0.0025 0.0080 0.0254 0.0808 0.2572 0.8190 1.0000 1.0000 1.0000 0.0009 0.0029 0.0092 0.0291 0.0928 0.2955 0.9410 1.0000 1.0000 1.0000 0.0010 0.0034 0.0104 0.0187 0.3012 0.4414 0.0988 0.0304 0.0097 0.0031 0.0010 1.0000 1.0000 1.0000 0.8804 0.2765 0.0868 0.0273 0.0086 0.0027 0.0008 1.0000 1.0000 1.0000 0.7662 0.2406 0.0756 0.0237 0.0075 0.0023 0.0007 1.0000 1.0000 1.0000 0.6669 0.2094 0.0658 0.0207 0.0065 0.0020 0.0006 1.0000 1.0000 1.0000 0.5805 0.1823 0.0573 0.0180 0.0056 0.0018 1.0000 1.0000 1.0000 0.8671
0.0329 0.2106 0.6087 1.0000 1.0000 1.0000 1.0000 0.0022 0.0069 0.0218 0.0695 0.2213 0.7047 1.0000 1.0000 1.0000 0.0008 0.0025 0.0079 0.0251 0.0799 0.2543 0.8097 1.0000 1.0000 1.0000 0.0009 0.0028 0.0090 0.0288 0.0918 0.2922 0.9303 1.0000 1.0000 1.0000 0.0010 0.0033 0.0104 0.0331 0.1054 0.3363 1.0000 1.0000 1.0000 1.0000 0.0012 0.0038 0.0121 0.0377 0.1309 0.3657 0.1140 0.0302 0.0098 0.0031 0.0010 1.0000 1.0000 1.0000 0.8956 0.2813 0.0883 0.0277 0.0087 0.0027 0.0009 1.0000 1.0000 1.0000 0.7795 0.2448 0.0769 0.0241 0.0076 0.0024 0.0007 1.0000 1.0000 1.0000 0.6784 0.2131 0.0669 0.0210 0.0066 0.0021 0.0007 1.0000 1.0000 1.0000 0.5905 0.1854 0.0582 0.0183 0.0057 0.0018 1.0000 1.0000 1.0000 1.0000 0.2770
0.0782 0.4727 1.0000 1.0000 1.0000 1.0000 0.0015 0.0048 0.0153 0.0486 0.1548 0.4929 1.0000 1.0000 1.0000 1.0000 0.0017 0.0055 0.0175 0.0559 0.1778 0.5663 1.0000 1.0000 1.0000 1.0000 0.0020 0.0063 0.0202 0.0642 0.2043 0.6506 1.0000 1.0000 1.0000 1.0000 0.0023 0.0073 0.0231 0.0736 0.2343 0.7433 1.0000 1.0000 1.0000 0.0008 0.0026 0.0082 0.0260 0.0875 0.2434 0.1345 0.0304 0.0097 0.0031 0.0010 1.0000 1.0000 1.0000 0.9058 0.2850 0.0895 0.0281 0.0088 0.0028 0.0009 1.0000 1.0000 1.0000 0.7899 0.2481 0.0779 0.0245 0.0077 0.0024 0.0008 1.0000 1.0000 1.0000 0.6875 0.2159 0.0678 0.0213 0.0067 0.0021 0.0007 1.0000 1.0000 1.0000 0.5984 0.1879 0.0590 0.0185 0.0058 0.0018 1.0000 1.0000 1.0000 1.0000 0.5652 0.0882
