-0.0936 -0.2101 -0.2121 -0.1570 -0.0730 -0.0306 0.0069 0.0517 0.1378 -0.0403 -0.1844 -0.2114 -0.2118 -0.1566 -0.0727 -0.0305 0.0071 0.0520 0.1376 -0.0414 -0.1846 -0.2115 -0.2117 -0.1561 -0.0724 -0.0303 0.0073 0.0523 0.1375 -0.0424 -0.1847 -0.2116 -0.2116 -0.1557 -0.0721 -0.0301 0.0074 0.0526 0.1373 -0.0434 -0.1849 -0.2116 -0.2114 -0.1552 -0.0718 -0.0299 0.0076 0.0530 0.1360 -0.0499 -0.1668 -0.0499 0.1360 0.0530 0.0076 -0.0299 -0.0718 -0.1552 -0.2114 -0.2116 -0.1849 -0.0434 0.1373 0.0526 0.0074 -0.0301 -0.0721 -0.1557 -0.2116 -0.2116 -0.1847 -0.0424 0.1375 0.0523 0.0073 -0.0303 -0.0724 -0.1561 -0.2117 -0.2115 -0.1846 -0.0414 0.1376 0.0520 0.0071 -0.0305 -0.0727 -0.1566 -0.2118 -0.2114 -0.1844 -0.0403 0.1378 0.0517 0.0069 -0.0306 -0.0730 -0.1570 -0.2121 -0.2101 -0.0936
-0.2101 -0.3143 -0.2114 -0.0663 -0.0080 0.0266 0.0693 0.1704 -0.0606 -0.3230 -0.3359 -0.3128 -0.2105 -0.0658 -0.0078 0.0268 0.0697 0.1703 -0.0623 -0.3232 -0.3359 -0.3125 -0.2098 -0.0653 -0.0076 0.0270 0.0700 0.1702 -0.0637 -0.3233 -0.3359 -0.3123 -0.2089 -0.0649 -0.0074 0.0271 0.0703 0.1701 -0.0651 -0.3234 -0.3359 -0.3119 -0.2082 -0.0644 -0.0072 0.0273 0.0706 0.1701 -0.0701 -0.3254 -0.3370 -0.3254 -0.0701 0.1701 0.0706 0.0273 -0.0072 -0.0644 -0.2082 -0.3119 -0.3359 -0.3234 -0.0651 0.1701 0.0703 0.0271 -0.0074 -0.0649 -0.2089 -0.3123 -0.3359 -0.3233 -0.0637 0.1702 0.0700 0.0270 -0.0076 -0.0653 -0.2098 -0.3125 -0.3359 -0.3232 -0.0623 0.1703 0.0697 0.0268 -0.0078 -0.0658 -0.2105 -0.3128 -0.3359 -0.3230 -0.0606 0.1704 0.0693 0.0266 -0.0080 -0.0663 -0.2114 -0.3143 -0.2101
-0.2121 -0.2114 -0.0638 -0.0098 0.0228 0.0699 0.1702 -0.0638 -0.3234 -0.3360 -0.3119 -0.2062 -0.0628 -0.0095 0.0230 0.0704 0.1701 -0.0657 -0.3236 -0.3361 -0.3116 -0.2056 -0.0623 -0.0093 0.0232 0.0707 0.1700 -0.0671 -0.3237 -0.3360 -0.3113 -0.2047 -0.0619 -0.0091 0.0234 0.0710 0.1699 -0.0685 -0.3238 -0.3360 -0.3110 -0.2040 -0.0615 -0.0089 0.0235 0.0714 0.1698 -0.0698 -0.3243 -0.3376 -0.3347 -0.3376 -0.3243 -0.0698 0.1698 0.0714 0.0235 -0.0089 -0.0615 -0.2040 -0.3110 -0.3360 -0.3238 -0.0685 0.1699 0.0710 0.0234 -0.0091 -0.0619 -0.2047 -0.3113 -0.3360 -0.3237 -0.0671 0.1700 0.0707 0.0232 -0.0093 -0.0623 -0.2056 -0.3116 -0.3361 -0.3236 -0.0657 0.1701 0.0704 0.0230 -0.0095 -0.0628 -0.2062 -0.3119 -0.3360 -0.3234 -0.0638 0.1702 0.0699 0.0228 -0.0098 -0.0638 -0.2114 -0.2121
-0.1570 -0.0663 -0.0098 0.0232 0.0704 0.1701 -0.0668 -0.3237 -0.3360 -0.3113 -0.2047 -0.0619 -0.0087 0.0237 0.0711 0.1699 -0.0690 -0.3238 -0.3360 -0.3110 -0.2039 -0.0615 -0.0085 0.0238 0.0715 0.1698 -0.0704 -0.3239 -0.3360 -0.3107 -0.2031 -0.0611 -0.0083 0.0240 0.0718 0.1697 -0.0717 -0.3241 -0.3360 -0.3104 -0.2023 -0.0607 -0.0081 0.0242 0.0721 0.1695 -0.0731 -0.3241 -0.3349 -0.3107 -0.2721 -0.3107 -0.3349 -0.3241 -0.0731 0.1695 0.0721 0.0242 -0.0081 -0.0607 -0.2023 -0.3104 -0.3360 -0.3241 -0.0717 0.1697 0.0718 0.0240 -0.0083 -0.0611 -0.2031 -0.3107 -0.3360 -0.3239 -0.0704 0.1698 0.0715 0.0238 -0.0085 -0.0615 -0.2039 -0.3110 -0.3360 -0.3238 -0.0690 0.1699 0.0711 0.0237 -0.0087 -0.0619 -0.2047 -0.3113 -0.3360 -0.3237 -0.0668 0.1701 0.0704 0.0232 -0.0098 -0.0663 -0.1570
-0.0730 -0.0080 0.0228 0.0704 0.1700 -0.0687 -0.3239 -0.3360 -0.3107 -0.2029 -0.0609 -0.0083 0.0240 0.0719 0.1696 -0.0722 -0.3241 -0.3360 -0.3103 -0.2020 -0.0605 -0.0081 0.0242 0.0722 0.1695 -0.0736 -0.3242 -0.3360 -0.3100 -0.2012 -0.0601 -0.0079 0.0243 0.0725 0.1693 -0.0750 -0.3243 -0.3360 -0.3098 -0.2004 -0.0597 -0.0077 0.0245 0.0728 0.1692 -0.0764 -0.3244 -0.3360 -0.3057 -0.1949 -0.1077 -0.1949 -0.3057 -0.3360 -0.3244 -0.0764 0.1692 0.0728 0.0245 -0.0077 -0.0597 -0.2004 -0.3098 -0.3360 -0.3243 -0.0750 0.1693 0.0725 0.0243 -0.0079 -0.0601 -0.2012 -0.3100 -0.3360 -0.3242 -0.0736 0.1695 0.0722 0.0242 -0.0081 -0.0605 -0.2020 -0.3103 -0.3360 -0.3241 -0.0722 0.1696 0.0719 0.0240 -0.0083 -0.0609 -0.2029 -0.3107 -0.3360 -0.3239 -0.0687 0.1700 0.0704 0.0228 -0.0080 -0.0730
-0.0306 0.0266 0.0699 0.1701 -0.0687 -0.3240 -0.3360 -0.3102 -0.2014 -0.0600 -0.0078 0.0244 0.0726 0.1693 -0.0754 -0.3243 -0.3360 -0.3097 -0.2002 -0.0596 -0.0077 0.0246 0.0730 0.1691 -0.0768 -0.3245 -0.3360 -0.3094 -0.1994 -0.0592 -0.0075 0.0247 0.0733 0.1690 -0.0782 -0.3246 -0.3360 -0.3091 -0.1986 -0.0588 -0.0073 0.0249 0.0736 0.1688 -0.0796 -0.3247 -0.3360 -0.3088 -0.1909 -0.0523 -0.0147 -0.0523 -0.1909 -0.3088 -0.3360 -0.3247 -0.0796 0.1688 0.0736 0.0249 -0.0073 -0.0588 -0.1986 -0.3091 -0.3360 -0.3246 -0.0782 0.1690 0.0733 0.0247 -0.0075 -0.0592 -0.1994 -0.3094 -0.3360 -0.3245 -0.0768 0.1691 0.0730 0.0246 -0.0077 -0.0596 -0.2002 -0.3097 -0.3360 -0.3243 -0.0754 0.1693 0.0726 0.0244 -0.0078 -0.0600 -0.2014 -0.3102 -0.3360 -0.3240 -0.0687 0.1701 0.0699 0.0266 -0.0306
0.0069 0.0693 0.1702 -0.0668 -0.3239 -0.3360 -0.3100 -0.2005 -0.0594 -0.0075 0.0247 0.0733 0.1689 -0.0786 -0.3246 -0.3360 -0.3090 -0.1983 -0.0587 -0.0072 0.0250 0.0737 0.1688 -0.0800 -0.3247 -0.3360 -0.3087 -0.1975 -0.0583 -0.0070 0.0251 0.0740 0.1686 -0.0814 -0.3248 -0.3360 -0.3084 -0.1967 -0.0579 -0.0068 0.0253 0.0744 0.1684 -0.0827 -0.3249 -0.3359 -0.3082 -0.1960 -0.0567 -0.0020 0.0187 -0.0020 -0.0567 -0.1960 -0.3082 -0.3359 -0.3249 -0.0827 0.1684 0.0744 0.0253 -0.0068 -0.0579 -0.1967 -0.3084 -0.3360 -0.3248 -0.0814 0.1686 0.0740 0.0251 -0.0070 -0.0583 -0.1975 -0.3087 -0.3360 -0.3247 -0.0800 0.1688 0.0737 0.0250 -0.0072 -0.0587 -0.1983 -0.3090 -0.3360 -0.3246 -0.0786 0.1689 0.0733 0.0247 -0.0075 -0.0594 -0.2005 -0.3100 -0.3360 -0.3239 -0.0668 0.1702 0.0693 0.0069
0.0517 0.1704 -0.0638 -0.3237 -0.3360 -0.3102 -0.2005 -0.0592 -0.0073 0.0250 0.0739 0.1686 -0.0816 -0.3248 -0.3359 -0.3083 -0.1964 -0.0578 -0.0068 0.0253 0.0745 0.1683 -0.0832 -0.3250 -0.3359 -0.3080 -0.1956 -0.0574 -0.0066 0.0255 0.0748 0.1681 -0.0845 -0.3251 -0.3359 -0.3077 -0.1948 -0.0570 -0.0064 0.0257 0.0751 0.1679 -0.0859 -0.3252 -0.3359 -0.3074 -0.1941 -0.0568 -0.0061 0.0293 0.0601 0.0293 -0.0061 -0.0568 -0.1941 -0.3074 -0.3359 -0.3252 -0.0859 0.1679 0.0751 0.0257 -0.0064 -0.0570 -0.1948 -0.3077 -0.3359 -0.3251 -0.0845 0.1681 0.0748 0.0255 -0.0066 -0.0574 -0.1956 -0.3080 -0.3359 -0.3250 -0.0832 0.1683 0.0745 0.0253 -0.0068 -0.0578 -0.1964 -0.3083 -0.3359 -0.3248 -0.0816 0.1686 0.0739 0.0250 -0.0073 -0.0592 -0.2005 -0.3102 -0.3360 -0.3237 -0.0638 0.1704 0.0517
0.1378 -0.0606 -0.3234 -0.3360 -0.3107 -0.2014 -0.0594 -0.0073 0.0251 0.0743 0.1683 -0.0841 -0.3251 -0.3359 -0.3076 -0.1945 -0.0569 -0.0063 0.0257 0.0753 0.1678 -0.0863 -0.3252 -0.3359 -0.3073 -0.1937 -0.0565 -0.0061 0.0259 0.0756 0.1676 -0.0877 -0.3253 -0.3359 -0.3070 -0.1928 -0.0561 -0.0059 0.0261 0.0759 0.1674 -0.0890 -0.3254 -0.3359 -0.3066 -0.1920 -0.0558 -0.0059 0.0264 0.0773 0.1295 0.0773 0.0264 -0.0059 -0.0558 -0.1920 -0.3066 -0.3359 -0.3254 -0.0890 0.1674 0.0759 0.0261 -0.0059 -0.0561 -0.1928 -0.3070 -0.3359 -0.3253 -0.0877 0.1676 0.0756 0.0259 -0.0061 -0.0565 -0.1937 -0.3073 -0.3359 -0.3252 -0.0863 0.1678 0.0753 0.0257 -0.0063 -0.0569 -0.1945 -0.3076 -0.3359 -0.3251 -0.0841 0.1683 0.0743 0.0251 -0.0073 -0.0594 -0.2014 -0.3107 -0.3360 -0.3234 -0.0606 0.1378
-0.0403 -0.3230 -0.3360 -0.3113 -0.2029 -0.0600 -0.0075 0.0250 0.0743 0.1682 -0.0856 -0.3252 -0.3359 -0.3070 -0.1927 -0.0560 -0.0059 0.0261 0.0760 0.1673 -0.0894 -0.3255 -0.3359 -0.3065 -0.1917 -0.0556 -0.0057 0.0263 0.0764 0.1670 -0.0908 -0.3256 -0.3358 -0.3062 -0.1909 -0.0553 -0.0055 0.0265 0.0767 0.1668 -0.0921 -0.3257 -0.3358 -0.3059 -0.1901 -0.0549 -0.0053 0.0266 0.0776 0.1566 0.0282 0.1566 0.0776 0.0266 -0.0053 -0.0549 -0.1901 -0.3059 -0.3358 -0.3257 -0.0921 0.1668 0.0767 0.0265 -0.0055 -0.0553 -0.1909 -0.3062 -0.3358 -0.3256 -0.0908 0.1670 0.0764 0.0263 -0.0057 -0.0556 -0.1917 -0.3065 -0.3359 -0.3255 -0.0894 0.1673 0.0760 0.0261 -0.0059 -0.0560 -0.1927 -0.3070 -0.3359 -0.3252 -0.0856 0.1682 0.0743 0.0250 -0.0075 -0.0600 -0.2029 -0.3113 -0.3360 -0.3230 -0.0403
-0.1844 -0.3359 -0.3119 -0.2047 -0.0609 -0.0078 0.0247 0.0739 0.1683 -0.0856 -0.3253 -0.3359 -0.3065 -0.1912 -0.0553 -0.0055 0.0265 0.0768 0.1667 -0.0925 -0.3257 -0.3358 -0.3058 -0.1898 -0.0548 -0.0053 0.0267 0.0772 0.1664 -0.0939 -0.3258 -0.3358 -0.3055 -0.1890 -0.0544 -0.0051 0.0269 0.0775 0.1661 -0.0952 -0.3259 -0.3358 -0.3052 -0.1882 -0.0541 -0.0049 0.0271 0.0780 0.1645 -0.1015 -0.2982 -0.1015 0.1645 0.0780 0.0271 -0.0049 -0.0541 -0.1882 -0.3052 -0.3358 -0.3259 -0.0952 0.1661 0.0775 0.0269 -0.0051 -0.0544 -0.1890 -0.3055 -0.3358 -0.3258 -0.0939 0.1664 0.0772 0.0267 -0.0053 -0.0548 -0.1898 -0.3058 -0.3358 -0.3257 -0.0925 0.1667 0.0768 0.0265 -0.0055 -0.0553 -0.1912 -0.3065 -0.3359 -0.3253 -0.0856 0.1683 0.0739 0.0247 -0.0078 -0.0609 -0.2047 -0.3119 -0.3359 -0.1844
-0.2114 -0.3128 -0.2062 -0.0619 -0.0083 0.0244 0.0733 0.1686 -0.0841 -0.3252 -0.3359 -0.3063 -0.1902 -0.0547 -0.0051 0.0269 0.0776 0.1660 -0.0956 -0.3259 -0.3358 -0.3051 -0.1879 -0.0539 -0.0048 0.0271 0.0780 0.1657 -0.0969 -0.3260 -0.3357 -0.3047 -0.1870 -0.0536 -0.0046 0.0273 0.0783 0.1654 -0.0983 -0.3261 -0.3357 -0.3044 -0.1862 -0.0532 -0.0045 0.0275 0.0787 0.1652 -0.1021 -0.3279 -0.3376 -0.3279 -0.1021 0.1652 0.0787 0.0275 -0.0045 -0.0532 -0.1862 -0.3044 -0.3357 -0.3261 -0.0983 0.1654 0.0783 0.0273 -0.0046 -0.0536 -0.1870 -0.3047 -0.3357 -0.3260 -0.0969 0.1657 0.0780 0.0271 -0.0048 -0.0539 -0.1879 -0.3051 -0.3358 -0.3259 -0.0956 0.1660 0.0776 0.0269 -0.0051 -0.0547 -0.1902 -0.3063 -0.3359 -0.3252 -0.0841 0.1686 0.0733 0.0244 -0.0083 -0.0619 -0.2062 -0.3128 -0.2114
-0.2118 -0.2105 -0.0628 -0.0087 0.0240 0.0726 0.1689 -0.0816 -0.3251 -0.3359 -0.3065 -0.1902 -0.0545 -0.0049 0.0271 0.0782 0.1654 -0.0985 -0.3262 -0.3357 -0.3043 -0.1859 -0.0531 -0.0044 0.0275 0.0788 0.1650 -0.1000 -0.3263 -0.3357 -0.3040 -0.1851 -0.0528 -0.0042 0.0277 0.0792 0.1647 -0.1013 -0.3264 -0.3356 -0.3036 -0.1843 -0.0524 -0.0040 0.0279 0.0795 0.1644 -0.1026 -0.3267 -0.3372 -0.3318 -0.3372 -0.3267 -0.1026 0.1644 0.0795 0.0279 -0.0040 -0.0524 -0.1843 -0.3036 -0.3356 -0.3264 -0.1013 0.1647 0.0792 0.0277 -0.0042 -0.0528 -0.1851 -0.3040 -0.3357 -0.3263 -0.1000 0.1650 0.0788 0.0275 -0.0044 -0.0531 -0.1859 -0.3043 -0.3357 -0.3262 -0.0985 0.1654 0.0782 0.0271 -0.0049 -0.0545 -0.1902 -0.3065 -0.3359 -0.3251 -0.0816 0.1689 0.0726 0.0240 -0.0087 -0.0628 -0.2105 -0.2118
-0.1566 -0.0658 -0.0095 0.0237 0.0719 0.1693 -0.0786 -0.3248 -0.3359 -0.3070 -0.1912 -0.0547 -0.0049 0.0273 0.0786 0.1650 -0.1009 -0.3264 -0.3356 -0.3035 -0.1840 -0.0523 -0.0040 0.0280 0.0796 0.1642 -0.1030 -0.3265 -0.3356 -0.3032 -0.1832 -0.0520 -0.0038 0.0281 0.0800 0.1639 -0.1043 -0.3266 -0.3356 -0.3028 -0.1823 -0.0516 -0.0036 0.0283 0.0804 0.1635 -0.1056 -0.3267 -0.3342 -0.3027 -0.2573 -0.3027 -0.3342 -0.3267 -0.1056 0.1635 0.0804 0.0283 -0.0036 -0.0516 -0.1823 -0.3028 -0.3356 -0.3266 -0.1043 0.1639 0.0800 0.0281 -0.0038 -0.0520 -0.1832 -0.3032 -0.3356 -0.3265 -0.1030 0.1642 0.0796 0.0280 -0.0040 -0.0523 -0.1840 -0.3035 -0.3356 -0.3264 -0.1009 0.1650 0.0786 0.0273 -0.0049 -0.0547 -0.1912 -0.3070 -0.3359 -0.3248 -0.0786 0.1693 0.0719 0.0237 -0.0095 -0.0658 -0.1566
-0.0727 -0.0078 0.0230 0.0711 0.1696 -0.0754 -0.3246 -0.3359 -0.3076 -0.1927 -0.0553 -0.0051 0.0271 0.0786 0.1647 -0.1024 -0.3265 -0.3356 -0.3028 -0.1822 -0.0515 -0.0035 0.0284 0.0805 0.1634 -0.1061 -0.3268 -0.3355 -0.3024 -0.1812 -0.0512 -0.0034 0.0286 0.0808 0.1630 -0.1074 -0.3269 -0.3355 -0.3020 -0.1804 -0.0509 -0.0032 0.0287 0.0812 0.1626 -0.1087 -0.3269 -0.3354 -0.2974 -0.1740 -0.0896 -0.1740 -0.2974 -0.3354 -0.3269 -0.1087 0.1626 0.0812 0.0287 -0.0032 -0.0509 -0.1804 -0.3020 -0.3355 -0.3269 -0.1074 0.1630 0.0808 0.0286 -0.0034 -0.0512 -0.1812 -0.3024 -0.3355 -0.3268 -0.1061 0.1634 0.0805 0.0284 -0.0035 -0.0515 -0.1822 -0.3028 -0.3356 -0.3265 -0.1024 0.1647 0.0786 0.0271 -0.0051 -0.0553 -0.1927 -0.3076 -0.3359 -0.3246 -0.0754 0.1696 0.0711 0.0230 -0.0078 -0.0727
-0.0305 0.0268 0.0704 0.1699 -0.0722 -0.3243 -0.3360 -0.3083 -0.1945 -0.0560 -0.0055 0.0269 0.0782 0.1650 -0.1024 -0.3266 -0.3355 -0.3023 -0.1806 -0.0509 -0.0032 0.0288 0.0813 0.1624 -0.1091 -0.3270 -0.3355 -0.3016 -0.1792 -0.0504 -0.0029 0.0290 0.0817 0.1620 -0.1104 -0.3271 -0.3354 -0.3012 -0.1784 -0.0501 -0.0028 0.0292 0.0821 0.1616 -0.1117 -0.3272 -0.3354 -0.3009 -0.1708 -0.0438 -0.0092 -0.0438 -0.1708 -0.3009 -0.3354 -0.3272 -0.1117 0.1616 0.0821 0.0292 -0.0028 -0.0501 -0.1784 -0.3012 -0.3354 -0.3271 -0.1104 0.1620 0.0817 0.0290 -0.0029 -0.0504 -0.1792 -0.3016 -0.3355 -0.3270 -0.1091 0.1624 0.0813 0.0288 -0.0032 -0.0509 -0.1806 -0.3023 -0.3355 -0.3266 -0.1024 0.1650 0.0782 0.0269 -0.0055 -0.0560 -0.1945 -0.3083 -0.3360 -0.3243 -0.0722 0.1699 0.0704 0.0268 -0.0305
0.0071 0.0697 0.1701 -0.0690 -0.3241 -0.3360 -0.3090 -0.1964 -0.0569 -0.0059 0.0265 0.0776 0.1654 -0.1009 -0.3265 -0.3355 -0.3021 -0.1797 -0.0504 -0.0028 0.0292 0.0821 0.1615 -0.1121 -0.3272 -0.3354 -0.3008 -0.1773 -0.0497 -0.0025 0.0294 0.0826 0.1610 -0.1134 -0.3273 -0.3353 -0.3004 -0.1764 -0.0494 -0.0023 0.0296 0.0829 0.1605 -0.1147 -0.3274 -0.3353 -0.3002 -0.1758 -0.0489 0.0022 0.0227 0.0022 -0.0489 -0.1758 -0.3002 -0.3353 -0.3274 -0.1147 0.1605 0.0829 0.0296 -0.0023 -0.0494 -0.1764 -0.3004 -0.3353 -0.3273 -0.1134 0.1610 0.0826 0.0294 -0.0025 -0.0497 -0.1773 -0.3008 -0.3354 -0.3272 -0.1121 0.1615 0.0821 0.0292 -0.0028 -0.0504 -0.1797 -0.3021 -0.3355 -0.3265 -0.1009 0.1654 0.0776 0.0265 -0.0059 -0.0569 -0.1964 -0.3090 -0.3360 -0.3241 -0.0690 0.1701 0.0697 0.0071
0.0520 0.1703 -0.0657 -0.3238 -0.3360 -0.3097 -0.1983 -0.0578 -0.0063 0.0261 0.0768 0.1660 -0.0985 -0.3264 -0.3356 -0.3023 -0.1797 -0.0502 -0.0026 0.0295 0.0828 0.1606 -0.1149 -0.3274 -0.3353 -0.2999 -0.1753 -0.0490 -0.0021 0.0299 0.0834 0.1599 -0.1164 -0.3275 -0.3352 -0.2996 -0.1745 -0.0486 -0.0019 0.0301 0.0838 0.1594 -0.1177 -0.3276 -0.3352 -0.2992 -0.1738 -0.0485 -0.0017 0.0339 0.0661 0.0339 -0.0017 -0.0485 -0.1738 -0.2992 -0.3352 -0.3276 -0.1177 0.1594 0.0838 0.0301 -0.0019 -0.0486 -0.1745 -0.2996 -0.3352 -0.3275 -0.1164 0.1599 0.0834 0.0299 -0.0021 -0.0490 -0.1753 -0.2999 -0.3353 -0.3274 -0.1149 0.1606 0.0828 0.0295 -0.0026 -0.0502 -0.1797 -0.3023 -0.3356 -0.3264 -0.0985 0.1660 0.0768 0.0261 -0.0063 -0.0578 -0.1983 -0.3097 -0.3360 -0.3238 -0.0657 0.1703 0.0520
0.1376 -0.0623 -0.3236 -0.3360 -0.3103 -0.2002 -0.0587 -0.0068 0.0257 0.0760 0.1667 -0.0956 -0.3262 -0.3356 -0.3028 -0.1806 -0.0504 -0.0026 0.0296 0.0832 0.1598 -0.1173 -0.3276 -0.3352 -0.2991 -0.1733 -0.0482 -0.0017 0.0303 0.0843 0.1588 -0.1194 -0.3278 -0.3352 -0.2987 -0.1725 -0.0479 -0.0015 0.0305 0.0847 0.1582 -0.1207 -0.3279 -0.3351 -0.2984 -0.1716 -0.0476 -0.0015 0.0309 0.0850 0.1412 0.0850 0.0309 -0.0015 -0.0476 -0.1716 -0.2984 -0.3351 -0.3279 -0.1207 0.1582 0.0847 0.0305 -0.0015 -0.0479 -0.1725 -0.2987 -0.3352 -0.3278 -0.1194 0.1588 0.0843 0.0303 -0.0017 -0.0482 -0.1733 -0.2991 -0.3352 -0.3276 -0.1173 0.1598 0.0832 0.0296 -0.0026 -0.0504 -0.1806 -0.3028 -0.3356 -0.3262 -0.0956 0.1667 0.0760 0.0257 -0.0068 -0.0587 -0.2002 -0.3103 -0.3360 -0.3236 -0.0623 0.1376
-0.0414 -0.3232 -0.3361 -0.3110 -0.2020 -0.0596 -0.0072 0.0253 0.0753 0.1673 -0.0925 -0.3259 -0.3357 -0.3035 -0.1822 -0.0509 -0.0028 0.0295 0.0832 0.1595 -0.1188 -0.3278 -0.3351 -0.2984 -0.1715 -0.0475 -0.0013 0.0308 0.0852 0.1575 -0.1224 -0.3280 -0.3351 -0.2979 -0.1705 -0.0472 -0.0011 0.0310 0.0856 0.1570 -0.1237 -0.3281 -0.3350 -0.2975 -0.1697 -0.0469 -0.0009 0.0311 0.0867 0.1539 -0.0154 0.1539 0.0867 0.0311 -0.0009 -0.0469 -0.1697 -0.2975 -0.3350 -0.3281 -0.1237 0.1570 0.0856 0.0310 -0.0011 -0.0472 -0.1705 -0.2979 -0.3351 -0.3280 -0.1224 0.1575 0.0852 0.0308 -0.0013 -0.0475 -0.1715 -0.2984 -0.3351 -0.3278 -0.1188 0.1595 0.0832 0.0295 -0.0028 -0.0509 -0.1822 -0.3035 -0.3357 -0.3259 -0.0925 0.1673 0.0753 0.0253 -0.0072 -0.0596 -0.2020 -0.3110 -0.3361 -0.3232 -0.0414
-0.1846 -0.3359 -0.3116 -0.2039 -0.0605 -0.0077 0.0250 0.0745 0.1678 -0.0894 -0.3257 -0.3358 -0.3043 -0.1840 -0.0515 -0.0032 0.0292 0.0828 0.1598 -0.1188 -0.3278 -0.3351 -0.2978 -0.1699 -0.0469 -0.0009 0.0313 0.0861 0.1562 -0.1254 -0.3282 -0.3349 -0.2970 -0.1685 -0.0465 -0.0007 0.0315 0.0865 0.1556 -0.1267 -0.3283 -0.3349 -0.2966 -0.1677 -0.0463 -0.0005 0.0317 0.0871 0.1529 -0.1328 -0.3195 -0.1328 0.1529 0.0871 0.0317 -0.0005 -0.0463 -0.1677 -0.2966 -0.3349 -0.3283 -0.1267 0.1556 0.0865 0.0315 -0.0007 -0.0465 -0.1685 -0.2970 -0.3349 -0.3282 -0.1254 0.1562 0.0861 0.0313 -0.0009 -0.0469 -0.1699 -0.2978 -0.3351 -0.3278 -0.1188 0.1598 0.0828 0.0292 -0.0032 -0.0515 -0.1840 -0.3043 -0.3358 -0.3257 -0.0894 0.1678 0.0745 0.0250 -0.0077 -0.0605 -0.2039 -0.3116 -0.3359 -0.1846
-0.2115 -0.3125 -0.2056 -0.0615 -0.0081 0.0246 0.0737 0.1683 -0.0863 -0.3255 -0.3358 -0.3051 -0.1859 -0.0523 -0.0035 0.0288 0.0821 0.1606 -0.1173 -0.3278 -0.3351 -0.2976 -0.1690 -0.0465 -0.0006 0.0317 0.0870 0.1549 -0.1284 -0.3284 -0.3348 -0.2961 -0.1665 -0.0459 -0.0003 0.0320 0.0875 0.1542 -0.1297 -0.3285 -0.3348 -0.2957 -0.1657 -0.0456 -0.0001 0.0322 0.0879 0.1537 -0.1333 -0.3302 -0.3389 -0.3302 -0.1333 0.1537 0.0879 0.0322 -0.0001 -0.0456 -0.1657 -0.2957 -0.3348 -0.3285 -0.1297 0.1542 0.0875 0.0320 -0.0003 -0.0459 -0.1665 -0.2961 -0.3348 -0.3284 -0.1284 0.1549 0.0870 0.0317 -0.0006 -0.0465 -0.1690 -0.2976 -0.3351 -0.3278 -0.1173 0.1606 0.0821 0.0288 -0.0035 -0.0523 -0.1859 -0.3051 -0.3358 -0.3255 -0.0863 0.1683 0.0737 0.0246 -0.0081 -0.0615 -0.2056 -0.3125 -0.2115
-0.2117 -0.2098 -0.0623 -0.0085 0.0242 0.0730 0.1688 -0.0832 -0.3252 -0.3359 -0.3058 -0.1879 -0.0531 -0.0040 0.0284 0.0813 0.1615 -0.1149 -0.3276 -0.3351 -0.2978 -0.1690 -0.0463 -0.0004 0.0320 0.0877 0.1536 -0.1312 -0.3286 -0.3347 -0.2952 -0.1646 -0.0452 0.0001 0.0325 0.0884 0.1527 -0.1327 -0.3287 -0.3347 -0.2948 -0.1637 -0.0449 0.0003 0.0327 0.0888 0.1521 -0.1339 -0.3289 -0.3361 -0.3277 -0.3361 -0.3289 -0.1339 0.1521 0.0888 0.0327 0.0003 -0.0449 -0.1637 -0.2948 -0.3347 -0.3287 -0.1327 0.1527 0.0884 0.0325 0.0001 -0.0452 -0.1646 -0.2952 -0.3347 -0.3286 -0.1312 0.1536 0.0877 0.0320 -0.0004 -0.0463 -0.1690 -0.2978 -0.3351 -0.3276 -0.1149 0.1615 0.0813 0.0284 -0.0040 -0.0531 -0.1879 -0.3058 -0.3359 -0.3252 -0.0832 0.1688 0.0730 0.0242 -0.0085 -0.0623 -0.2098 -0.2117
-0.1561 -0.0653 -0.0093 0.0238 0.0722 0.1691 -0.0800 -0.3250 -0.3359 -0.3065 -0.1898 -0.0539 -0.0044 0.0280 0.0805 0.1624 -0.1121 -0.3274 -0.3352 -0.2984 -0.1699 -0.0465 -0.0004 0.0321 0.0882 0.1526 -0.1336 -0.3288 -0.3346 -0.2943 -0.1626 -0.0446 0.0005 0.0330 0.0894 0.1512 -0.1357 -0.3289 -0.3345 -0.2939 -0.1617 -0.0443 0.0007 0.0332 0.0898 0.1505 -0.1370 -0.3290 -0.3329 -0.2933 -0.2406 -0.2933 -0.3329 -0.3290 -0.1370 0.1505 0.0898 0.0332 0.0007 -0.0443 -0.1617 -0.2939 -0.3345 -0.3289 -0.1357 0.1512 0.0894 0.0330 0.0005 -0.0446 -0.1626 -0.2943 -0.3346 -0.3288 -0.1333 0.1527 0.0881 0.0322 -0.0004 -0.0465 -0.1699 -0.2984 -0.3352 -0.3274 -0.1121 0.1624 0.0805 0.0280 -0.0044 -0.0539 -0.1898 -0.3065 -0.3359 -0.3250 -0.0800 0.1691 0.0722 0.0238 -0.0093 -0.0653 -0.1561
-0.0724 -0.0076 0.0232 0.0715 0.1695 -0.0768 -0.3247 -0.3359 -0.3073 -0.1917 -0.0548 -0.0048 0.0275 0.0796 0.1634 -0.1091 -0.3272 -0.3353 -0.2991 -0.1715 -0.0469 -0.0006 0.0320 0.0882 0.1522 -0.1351 -0.3290 -0.3345 -0.2935 -0.1608 -0.0439 0.0009 0.0335 0.0904 0.1495 -0.1387 -0.3292 -0.3344 -0.2930 -0.1598 -0.0436 0.0011 0.0337 0.0908 0.1488 -0.1400 -0.3292 -0.3343 -0.2878 -0.1527 -0.0740 -0.1527 -0.2878 -0.3343 -0.3292 -0.1400 0.1488 0.0908 0.0337 0.0011 -0.0436 -0.1598 -0.2930 -0.3344 -0.3292 -0.1387 0.1495 0.0904 0.0335 0.0009 -0.0439 -0.1608 -0.2935 -0.3345 -0.3289 -0.1346 0.1524 0.0881 0.0320 -0.0006 -0.0469 -0.1715 -0.2991 -0.3353 -0.3272 -0.1091 0.1634 0.0796 0.0275 -0.0048 -0.0548 -0.1917 -0.3073 -0.3359 -0.3247 -0.0768 0.1695 0.0715 0.0232 -0.0076 -0.0724
-0.0303 0.0270 0.0707 0.1698 -0.0736 -0.3245 -0.3360 -0.3080 -0.1937 -0.0556 -0.0053 0.0271 0.0788 0.1642 -0.1061 -0.3270 -0.3354 -0.2999 -0.1733 -0.0475 -0.0009 0.0317 0.0877 0.1526 -0.1351 -0.3290 -0.3345 -0.2930 -0.1593 -0.0433 0.0013 0.0340 0.0914 0.1478 -0.1418 -0.3294 -0.3343 -0.2920 -0.1578 -0.0430 0.0015 0.0342 0.0918 0.1470 -0.1431 -0.3294 -0.3342 -0.2917 -0.1507 -0.0364 -0.0044 -0.0364 -0.1507 -0.2917 -0.3342 -0.3294 -0.1431 0.1470 0.0918 0.0342 0.0015 -0.0430 -0.1578 -0.2920 -0.3343 -0.3294 -0.1418 0.1478 0.0914 0.0340 0.0013 -0.0433 -0.1593 -0.2930 -0.3345 -0.3290 -0.1346 0.1527 0.0877 0.0317 -0.0009 -0.0475 -0.1733 -0.2999 -0.3354 -0.3270 -0.1061 0.1642 0.0788 0.0271 -0.0053 -0.0556 -0.1937 -0.3080 -0.3360 -0.3245 -0.0736 0.1698 0.0707 0.0270 -0.0303
0.0073 0.0700 0.1700 -0.0704 -0.3242 -0.3360 -0.3087 -0.1956 -0.0565 -0.0057 0.0267 0.0780 0.1650 -0.1030 -0.3268 -0.3355 -0.3008 -0.1753 -0.0482 -0.0013 0.0313 0.0870 0.1536 -0.1336 -0.3289 -0.3345 -0.2928 -0.1585 -0.0430 0.0016 0.0344 0.0923 0.1460 -0.1448 -0.3296 -0.3341 -0.2911 -0.1558 -0.0423 0.0019 0.0347 0.0928 0.1451 -0.1461 -0.3297 -0.3341 -0.2908 -0.1552 -0.0420 0.0061 0.0270 0.0061 -0.0420 -0.1552 -0.2908 -0.3341 -0.3297 -0.1461 0.1451 0.0928 0.0347 0.0019 -0.0423 -0.1558 -0.2911 -0.3341 -0.3296 -0.1448 0.1460 0.0923 0.0344 0.0016 -0.0430 -0.1585 -0.2928 -0.3345 -0.3289 -0.1333 0.1536 0.0870 0.0313 -0.0013 -0.0482 -0.1753 -0.3008 -0.3355 -0.3268 -0.1030 0.1650 0.0780 0.0267 -0.0057 -0.0565 -0.1956 -0.3087 -0.3360 -0.3242 -0.0704 0.1700 0.0700 0.0073
0.0523 0.1702 -0.0671 -0.3239 -0.3360 -0.3094 -0.1975 -0.0574 -0.0061 0.0263 0.0772 0.1657 -0.1000 -0.3265 -0.3355 -0.3016 -0.1773 -0.0490 -0.0017 0.0308 0.0861 0.1549 -0.1312 -0.3288 -0.3345 -0.2930 -0.1585 -0.0428 0.0017 0.0347 0.0930 0.1443 -0.1476 -0.3298 -0.3340 -0.2901 -0.1539 -0.0417 0.0023 0.0352 0.0939 0.1432 -0.1492 -0.3299 -0.3339 -0.2897 -0.1532 -0.0416 0.0025 0.0390 0.0724 0.0390 0.0025 -0.0416 -0.1532 -0.2897 -0.3339 -0.3299 -0.1492 0.1432 0.0939 0.0352 0.0023 -0.0417 -0.1539 -0.2901 -0.3340 -0.3298 -0.1476 0.1443 0.0930 0.0347 0.0017 -0.0428 -0.1585 -0.2930 -0.3345 -0.3288 -0.1312 0.1549 0.0861 0.0308 -0.0017 -0.0490 -0.1773 -0.3016 -0.3355 -0.3265 -0.1000 0.1657 0.0772 0.0263 -0.0061 -0.0574 -0.1975 -0.3094 -0.3360 -0.3239 -0.0671 0.1702 0.0523
0.1375 -0.0637 -0.3237 -0.3360 -0.3100 -0.1994 -0.0583 -0.0066 0.0259 0.0764 0.1664 -0.0969 -0.3263 -0.3356 -0.3024 -0.1792 -0.0497 -0.0021 0.0303 0.0852 0.1562 -0.1284 -0.3286 -0.3346 -0.2935 -0.1593 -0.0430 0.0017 0.0348 0.0935 0.1432 -0.1498 -0.3299 -0.3338 -0.2891 -0.1519 -0.0410 0.0026 0.0357 0.0949 0.1412 -0.1523 -0.3300 -0.3337 -0.2887 -0.1511 -0.0408 0.0027 0.0361 0.0935 0.1439 0.0935 0.0361 0.0027 -0.0408 -0.1511 -0.2887 -0.3337 -0.3300 -0.1523 0.1412 0.0949 0.0357 0.0026 -0.0410 -0.1519 -0.2891 -0.3338 -0.3299 -0.1498 0.1432 0.0935 0.0348 0.0017 -0.0430 -0.1593 -0.2935 -0.3346 -0.3286 -0.1284 0.1562 0.0852 0.0303 -0.0021 -0.0497 -0.1792 -0.3024 -0.3356 -0.3263 -0.0969 0.1664 0.0764 0.0259 -0.0066 -0.0583 -0.1994 -0.3100 -0.3360 -0.3237 -0.0637 0.1375
-0.0424 -0.3233 -0.3360 -0.3107 -0.2012 -0.0592 -0.0070 0.0255 0.0756 0.1670 -0.0939 -0.3260 -0.3357 -0.3032 -0.1812 -0.0504 -0.0025 0.0299 0.0843 0.1575 -0.1254 -0.3284 -0.3347 -0.2943 -0.1608 -0.0433 0.0016 0.0347 0.0935 0.1428 -0.1511 -0.3300 -0.3337 -0.2883 -0.1501 -0.0404 0.0030 0.0362 0.0960 0.1390 -0.1553 -0.3302 -0.3336 -0.2877 -0.1491 -0.0401 0.0032 0.0364 0.0974 0.1340 -0.0585 0.1340 0.0974 0.0364 0.0032 -0.0401 -0.1491 -0.2877 -0.3336 -0.3302 -0.1553 0.1390 0.0960 0.0362 0.0030 -0.0404 -0.1501 -0.2883 -0.3337 -0.3300 -0.1511 0.1428 0.0935 0.0347 0.0016 -0.0433 -0.1608 -0.2943 -0.3347 -0.3284 -0.1254 0.1575 0.0843 0.0299 -0.0025 -0.0504 -0.1812 -0.3032 -0.3357 -0.3260 -0.0939 0.1670 0.0756 0.0255 -0.0070 -0.0592 -0.2012 -0.3107 -0.3360 -0.3233 -0.0424
-0.1847 -0.3359 -0.3113 -0.2031 -0.0601 -0.0075 0.0251 0.0748 0.1676 -0.0908 -0.3258 -0.3357 -0.3040 -0.1832 -0.0512 -0.0029 0.0294 0.0834 0.1588 -0.1224 -0.3282 -0.3348 -0.2952 -0.1626 -0.0439 0.0013 0.0344 0.0930 0.1432 -0.1511 -0.3301 -0.3336 -0.2877 -0.1487 -0.0398 0.0034 0.0367 0.0971 0.1368 -0.1585 -0.3304 -0.3334 -0.2867 -0.1471 -0.0395 0.0036 0.0370 0.0978 0.1329 -0.1648 -0.3227 -0.1648 0.1329 0.0978 0.0370 0.0036 -0.0395 -0.1471 -0.2867 -0.3334 -0.3304 -0.1585 0.1368 0.0971 0.0367 0.0034 -0.0398 -0.1487 -0.2877 -0.3336 -0.3301 -0.1511 0.1432 0.0930 0.0344 0.0013 -0.0439 -0.1626 -0.2952 -0.3348 -0.3282 -0.1224 0.1588 0.0834 0.0294 -0.0029 -0.0512 -0.1832 -0.3040 -0.3357 -0.3258 -0.0908 0.1676 0.0748 0.0251 -0.0075 -0.0601 -0.2031 -0.3113 -0.3359 -0.1847
-0.2116 -0.3123 -0.2047 -0.0611 -0.0079 0.0247 0.0740 0.1681 -0.0877 -0.3256 -0.3358 -0.3047 -0.1851 -0.0520 -0.0034 0.0290 0.0826 0.1599 -0.1194 -0.3280 -0.3349 -0.2961 -0.1646 -0.0446 0.0009 0.0340 0.0923 0.1443 -0.1498 -0.3300 -0.3336 -0.2875 -0.1478 -0.0395 0.0037 0.0372 0.0981 0.1345 -0.1616 -0.3306 -0.3332 -0.2856 -0.1452 -0.0388 0.0040 0.0375 0.0987 0.1336 -0.1652 -0.3323 -0.3397 -0.3323 -0.1652 0.1336 0.0987 0.0375 0.0040 -0.0388 -0.1452 -0.2856 -0.3332 -0.3306 -0.1616 0.1345 0.0981 0.0372 0.0037 -0.0395 -0.1478 -0.2875 -0.3336 -0.3300 -0.1498 0.1443 0.0923 0.0340 0.0009 -0.0446 -0.1646 -0.2961 -0.3349 -0.3280 -0.1194 0.1599 0.0826 0.0290 -0.0034 -0.0520 -0.1851 -0.3047 -0.3358 -0.3256 -0.0877 0.1681 0.0740 0.0247 -0.0079 -0.0611 -0.2047 -0.3123 -0.2116
-0.2116 -0.2089 -0.0619 -0.0083 0.0243 0.0733 0.1686 -0.0845 -0.3253 -0.3358 -0.3055 -0.1870 -0.0528 -0.0038 0.0286 0.0817 0.1610 -0.1164 -0.3278 -0.3351 -0.2970 -0.1665 -0.0452 0.0005 0.0335 0.0914 0.1460 -0.1476 -0.3299 -0.3337 -0.2877 -0.1478 -0.0393 0.0038 0.0375 0.0990 0.1325 -0.1645 -0.3308 -0.3331 -0.2846 -0.1433 -0.0382 0.0043 0.0380 0.0999 0.1311 -0.1661 -0.3309 -0.3344 -0.3226 -0.3344 -0.3309 -0.1661 0.1311 0.0999 0.0380 0.0043 -0.0382 -0.1433 -0.2846 -0.3331 -0.3308 -0.1645 0.1325 0.0990 0.0375 0.0038 -0.0393 -0.1478 -0.2877 -0.3337 -0.3299 -0.1476 0.1460 0.0914 0.0335 0.0005 -0.0452 -0.1665 -0.2970 -0.3351 -0.3278 -0.1164 0.1610 0.0817 0.0286 -0.0038 -0.0528 -0.1870 -0.3055 -0.3358 -0.3253 -0.0845 0.1686 0.0733 0.0243 -0.0083 -0.0619 -0.2089 -0.2116
-0.1557 -0.0649 -0.0091 0.0240 0.0725 0.1690 -0.0814 -0.3251 -0.3359 -0.3062 -0.1890 -0.0536 -0.0042 0.0281 0.0808 0.1620 -0.1134 -0.3275 -0.3352 -0.2979 -0.1685 -0.0459 0.0001 0.0330 0.0904 0.1478 -0.1448 -0.3298 -0.3338 -0.2883 -0.1487 -0.0395 0.0038 0.0376 0.0994 0.1310 -0.1668 -0.3310 -0.3329 -0.2835 -0.1413 -0.0376 0.0047 0.0385 0.1010 0.1285 -0.1693 -0.3310 -0.3309 -0.2824 -0.2218 -0.2824 -0.3309 -0.3310 -0.1693 0.1285 0.1010 0.0385 0.0047 -0.0376 -0.1413 -0.2835 -0.3329 -0.3310 -0.1668 0.1310 0.0994 0.0376 0.0038 -0.0395 -0.1487 -0.2883 -0.3338 -0.3298 -0.1448 0.1478 0.0904 0.0330 0.0001 -0.0459 -0.1685 -0.2979 -0.3352 -0.3275 -0.1134 0.1620 0.0808 0.0281 -0.0042 -0.0536 -0.1890 -0.3062 -0.3359 -0.3251 -0.0814 0.1690 0.0725 0.0240 -0.0091 -0.0649 -0.1557
-0.0721 -0.0074 0.0234 0.0718 0.1693 -0.0782 -0.3248 -0.3359 -0.3070 -0.1909 -0.0544 -0.0046 0.0277 0.0800 0.1630 -0.1104 -0.3273 -0.3352 -0.2987 -0.1705 -0.0465 -0.0003 0.0325 0.0894 0.1495 -0.1418 -0.3296 -0.3340 -0.2891 -0.1501 -0.0398 0.0037 0.0375 0.0994 0.1305 -0.1682 -0.3311 -0.3327 -0.2826 -0.1396 -0.0370 0.0051 0.0391 0.1022 0.1259 -0.1726 -0.3313 -0.3325 -0.2768 -0.1319 -0.0608 -0.1319 -0.2768 -0.3325 -0.3313 -0.1726 0.1259 0.1022 0.0391 0.0051 -0.0370 -0.1396 -0.2826 -0.3327 -0.3311 -0.1682 0.1305 0.0994 0.0375 0.0037 -0.0398 -0.1501 -0.2891 -0.3340 -0.3296 -0.1418 0.1495 0.0894 0.0325 -0.0003 -0.0465 -0.1705 -0.2987 -0.3352 -0.3273 -0.1104 0.1630 0.0800 0.0277 -0.0046 -0.0544 -0.1909 -0.3070 -0.3359 -0.3248 -0.0782 0.1693 0.0718 0.0234 -0.0074 -0.0721
-0.0301 0.0271 0.0710 0.1697 -0.0750 -0.3246 -0.3360 -0.3077 -0.1928 -0.0553 -0.0051 0.0273 0.0792 0.1639 -0.1074 -0.3271 -0.3353 -0.2996 -0.1725 -0.0472 -0.0007 0.0320 0.0884 0.1512 -0.1387 -0.3294 -0.3341 -0.2901 -0.1519 -0.0404 0.0034 0.0372 0.0990 0.1310 -0.1682 -0.3311 -0.3327 -0.2820 -0.1382 -0.0364 0.0054 0.0396 0.1035 0.1232 -0.1758 -0.3314 -0.3324 -0.2809 -0.1311 -0.0298 -0.0001 -0.0298 -0.1311 -0.2809 -0.3324 -0.3314 -0.1758 0.1232 0.1035 0.0396 0.0054 -0.0364 -0.1382 -0.2820 -0.3327 -0.3311 -0.1682 0.1310 0.0990 0.0372 0.0034 -0.0404 -0.1519 -0.2901 -0.3341 -0.3294 -0.1387 0.1512 0.0884 0.0320 -0.0007 -0.0472 -0.1725 -0.2996 -0.3353 -0.3271 -0.1074 0.1639 0.0792 0.0273 -0.0051 -0.0553 -0.1928 -0.3077 -0.3360 -0.3246 -0.0750 0.1697 0.0710 0.0271 -0.0301
0.0074 0.0703 0.1699 -0.0717 -0.3243 -0.3360 -0.3084 -0.1948 -0.0561 -0.0055 0.0269 0.0783 0.1647 -0.1043 -0.3269 -0.3354 -0.3004 -0.1745 -0.0479 -0.0011 0.0315 0.0875 0.1527 -0.1357 -0.3292 -0.3343 -0.2911 -0.1539 -0.0410 0.0030 0.0367 0.0981 0.1325 -0.1668 -0.3311 -0.3327 -0.2818 -0.1374 -0.0361 0.0057 0.0400 0.1046 0.1203 -0.1791 -0.3316 -0.3322 -0.2799 -0.1351 -0.0354 0.0098 0.0316 0.0098 -0.0354 -0.1351 -0.2799 -0.3322 -0.3316 -0.1791 0.1203 0.1046 0.0400 0.0057 -0.0361 -0.1374 -0.2818 -0.3327 -0.3311 -0.1668 0.1325 0.0981 0.0367 0.0030 -0.0410 -0.1539 -0.2911 -0.3343 -0.3292 -0.1357 0.1527 0.0875 0.0315 -0.0011 -0.0479 -0.1745 -0.3004 -0.3354 -0.3269 -0.1043 0.1647 0.0783 0.0269 -0.0055 -0.0561 -0.1948 -0.3084 -0.3360 -0.3243 -0.0717 0.1699 0.0703 0.0074
0.0526 0.1701 -0.0685 -0.3241 -0.3360 -0.3091 -0.1967 -0.0570 -0.0059 0.0265 0.0775 0.1654 -0.1013 -0.3266 -0.3355 -0.3012 -0.1764 -0.0486 -0.0015 0.0310 0.0865 0.1542 -0.1327 -0.3289 -0.3344 -0.2920 -0.1558 -0.0417 0.0026 0.0362 0.0971 0.1345 -0.1645 -0.3310 -0.3327 -0.2820 -0.1374 -0.0359 0.0059 0.0403 0.1056 0.1178 -0.1822 -0.3318 -0.3319 -0.2787 -0.1331 -0.0350 0.0064 0.0443 0.0790 0.0443 0.0064 -0.0350 -0.1331 -0.2787 -0.3319 -0.3318 -0.1822 0.1178 0.1056 0.0403 0.0059 -0.0359 -0.1374 -0.2820 -0.3327 -0.3310 -0.1645 0.1345 0.0971 0.0362 0.0026 -0.0417 -0.1558 -0.2920 -0.3344 -0.3289 -0.1327 0.1542 0.0865 0.0310 -0.0015 -0.0486 -0.1764 -0.3012 -0.3355 -0.3266 -0.1013 0.1654 0.0775 0.0265 -0.0059 -0.0570 -0.1967 -0.3091 -0.3360 -0.3241 -0.0685 0.1701 0.0526
0.1373 -0.0651 -0.3238 -0.3360 -0.3098 -0.1986 -0.0579 -0.0064 0.0261 0.0767 0.1661 -0.0983 -0.3264 -0.3356 -0.3020 -0.1784 -0.0494 -0.0019 0.0305 0.0856 0.1556 -0.1297 -0.3287 -0.3345 -0.2930 -0.1578 -0.0423 0.0023 0.0357 0.0960 0.1368 -0.1616 -0.3308 -0.3329 -0.2826 -0.1382 -0.0361 0.0059 0.0405 0.1061 0.1162 -0.1846 -0.3319 -0.3317 -0.2775 -0.1310 -0.0342 0.0066 0.0416 0.1033 0.1438 0.1033 0.0416 0.0066 -0.0342 -0.1310 -0.2775 -0.3317 -0.3319 -0.1846 0.1162 0.1061 0.0405 0.0059 -0.0361 -0.1382 -0.2826 -0.3329 -0.3308 -0.1616 0.1368 0.0960 0.0357 0.0023 -0.0423 -0.1578 -0.2930 -0.3345 -0.3287 -0.1297 0.1556 0.0856 0.0305 -0.0019 -0.0494 -0.1784 -0.3020 -0.3356 -0.3264 -0.0983 0.1661 0.0767 0.0261 -0.0064 -0.0579 -0.1986 -0.3098 -0.3360 -0.3238 -0.0651 0.1373
-0.0434 -0.3234 -0.3360 -0.3104 -0.2004 -0.0588 -0.0068 0.0257 0.0759 0.1668 -0.0952 -0.3261 -0.3356 -0.3028 -0.1804 -0.0501 -0.0023 0.0301 0.0847 0.1570 -0.1267 -0.3285 -0.3347 -0.2939 -0.1598 -0.0430 0.0019 0.0352 0.0949 0.1390 -0.1585 -0.3306 -0.3331 -0.2835 -0.1396 -0.0364 0.0057 0.0403 0.1061 0.1155 -0.1861 -0.3320 -0.3316 -0.2765 -0.1293 -0.0336 0.0071 0.0419 0.1106 0.1043 -0.1008 0.1043 0.1106 0.0419 0.0071 -0.0336 -0.1293 -0.2765 -0.3316 -0.3320 -0.1861 0.1155 0.1061 0.0403 0.0057 -0.0364 -0.1396 -0.2835 -0.3331 -0.3306 -0.1585 0.1390 0.0949 0.0352 0.0019 -0.0430 -0.1598 -0.2939 -0.3347 -0.3285 -0.1267 0.1570 0.0847 0.0301 -0.0023 -0.0501 -0.1804 -0.3028 -0.3356 -0.3261 -0.0952 0.1668 0.0759 0.0257 -0.0068 -0.0588 -0.2004 -0.3104 -0.3360 -0.3234 -0.0434
-0.1849 -0.3359 -0.3110 -0.2023 -0.0597 -0.0073 0.0253 0.0751 0.1674 -0.0921 -0.3259 -0.3357 -0.3036 -0.1823 -0.0509 -0.0028 0.0296 0.0838 0.1582 -0.1237 -0.3283 -0.3348 -0.2948 -0.1617 -0.0436 0.0015 0.0347 0.0939 0.1412 -0.1553 -0.3304 -0.3332 -0.2846 -0.1413 -0.0370 0.0054 0.0400 0.1056 0.1162 -0.1861 -0.3321 -0.3315 -0.2759 -0.1280 -0.0331 0.0074 0.0425 0.1111 0.1030 -0.1998 -0.3257 -0.1998 0.1030 0.1111 0.0425 0.0074 -0.0331 -0.1280 -0.2759 -0.3315 -0.3321 -0.1861 0.1162 0.1056 0.0400 0.0054 -0.0370 -0.1413 -0.2846 -0.3332 -0.3304 -0.1553 0.1412 0.0939 0.0347 0.0015 -0.0436 -0.1617 -0.2948 -0.3348 -0.3283 -0.1237 0.1582 0.0838 0.0296 -0.0028 -0.0509 -0.1823 -0.3036 -0.3357 -0.3259 -0.0921 0.1674 0.0751 0.0253 -0.0073 -0.0597 -0.2023 -0.3110 -0.3359 -0.1849
-0.2116 -0.3119 -0.2040 -0.0607 -0.0077 0.0249 0.0744 0.1679 -0.0890 -0.3257 -0.3358 -0.3044 -0.1843 -0.0516 -0.0032 0.0292 0.0829 0.1594 -0.1207 -0.3281 -0.3349 -0.2957 -0.1637 -0.0443 0.0011 0.0342 0.0928 0.1432 -0.1523 -0.3302 -0.3334 -0.2856 -0.1433 -0.0376 0.0051 0.0396 0.1046 0.1178 -0.1846 -0.3320 -0.3315 -0.2756 -0.1272 -0.0328 0.0077 0.0430 0.1120 0.1036 -0.2000 -0.3342 -0.3401 -0.3342 -0.2000 0.1036 0.1120 0.0430 0.0077 -0.0328 -0.1272 -0.2756 -0.3315 -0.3320 -0.1846 0.1178 0.1046 0.0396 0.0051 -0.0376 -0.1433 -0.2856 -0.3334 -0.3302 -0.1523 0.1432 0.0928 0.0342 0.0011 -0.0443 -0.1637 -0.2957 -0.3349 -0.3281 -0.1207 0.1594 0.0829 0.0292 -0.0032 -0.0516 -0.1843 -0.3044 -0.3358 -0.3257 -0.0890 0.1679 0.0744 0.0249 -0.0077 -0.0607 -0.2040 -0.3119 -0.2116
-0.2114 -0.2082 -0.0615 -0.0081 0.0245 0.0736 0.1684 -0.0859 -0.3254 -0.3358 -0.3052 -0.1862 -0.0524 -0.0036 0.0287 0.0821 0.1605 -0.1177 -0.3279 -0.3350 -0.2966 -0.1657 -0.0449 0.0007 0.0337 0.0918 0.1451 -0.1492 -0.3300 -0.3336 -0.2867 -0.1452 -0.0382 0.0047 0.0391 0.1035 0.1203 -0.1822 -0.3319 -0.3316 -0.2759 -0.1272 -0.0326 0.0078 0.0433 0.1130 0.1006 -0.2010 -0.3325 -0.3320 -0.3163 -0.3320 -0.3325 -0.2010 0.1006 0.1130 0.0433 0.0078 -0.0326 -0.1272 -0.2759 -0.3316 -0.3319 -0.1822 0.1203 0.1035 0.0391 0.0047 -0.0382 -0.1452 -0.2867 -0.3336 -0.3300 -0.1492 0.1451 0.0918 0.0337 0.0007 -0.0449 -0.1657 -0.2966 -0.3350 -0.3279 -0.1177 0.1605 0.0821 0.0287 -0.0036 -0.0524 -0.1862 -0.3052 -0.3358 -0.3254 -0.0859 0.1684 0.0736 0.0245 -0.0081 -0.0615 -0.2082 -0.2114
-0.1552 -0.0644 -0.0089 0.0242 0.0728 0.1688 -0.0827 -0.3252 -0.3359 -0.3059 -0.1882 -0.0532 -0.0040 0.0283 0.0812 0.1616 -0.1147 -0.3276 -0.3351 -0.2975 -0.1677 -0.0456 0.0003 0.0332 0.0908 0.1470 -0.1461 -0.3299 -0.3337 -0.2877 -0.1471 -0.0388 0.0043 0.0385 0.1022 0.1232 -0.1791 -0.3318 -0.3317 -0.2765 -0.1280 -0.0328 0.0078 0.0434 0.1137 0.0986 -0.2036 -0.3327 -0.3282 -0.2700 -0.2016 -0.2700 -0.3282 -0.3327 -0.2036 0.0986 0.1137 0.0434 0.0078 -0.0328 -0.1280 -0.2765 -0.3317 -0.3318 -0.1791 0.1232 0.1022 0.0385 0.0043 -0.0388 -0.1471 -0.2877 -0.3337 -0.3299 -0.1461 0.1470 0.0908 0.0332 0.0003 -0.0456 -0.1677 -0.2975 -0.3351 -0.3276 -0.1147 0.1616 0.0812 0.0283 -0.0040 -0.0532 -0.1882 -0.3059 -0.3359 -0.3252 -0.0827 0.1688 0.0728 0.0242 -0.0089 -0.0644 -0.1552
-0.0718 -0.0072 0.0235 0.0721 0.1692 -0.0796 -0.3249 -0.3359 -0.3066 -0.1901 -0.0541 -0.0045 0.0279 0.0804 0.1626 -0.1117 -0.3274 -0.3352 -0.2984 -0.1697 -0.0463 -0.0001 0.0327 0.0898 0.1488 -0.1431 -0.3297 -0.3339 -0.2887 -0.1491 -0.0395 0.0040 0.0380 0.1010 0.1259 -0.1758 -0.3316 -0.3319 -0.2775 -0.1293 -0.0331 0.0077 0.0433 0.1137 0.0978 -0.2052 -0.3329 -0.3302 -0.2645 -0.1128 -0.0497 -0.1128 -0.2646 -0.3301 -0.3329 -0.2052 0.0978 0.1137 0.0433 0.0077 -0.0331 -0.1293 -0.2775 -0.3319 -0.3316 -0.1758 0.1259 0.1010 0.0380 0.0040 -0.0395 -0.1491 -0.2887 -0.3339 -0.3297 -0.1431 0.1488 0.0898 0.0327 -0.0001 -0.0463 -0.1697 -0.2984 -0.3352 -0.3274 -0.1117 0.1626 0.0804 0.0279 -0.0045 -0.0541 -0.1901 -0.3066 -0.3359 -0.3249 -0.0796 0.1692 0.0721 0.0235 -0.0072 -0.0718
-0.0299 0.0273 0.0714 0.1695 -0.0764 -0.3247 -0.3359 -0.3074 -0.1920 -0.0549 -0.0049 0.0275 0.0795 0.1635 -0.1087 -0.3272 -0.3353 -0.2992 -0.1716 -0.0469 -0.0005 0.0322 0.0888 0.1505 -0.1400 -0.3294 -0.3341 -0.2897 -0.1511 -0.0401 0.0036 0.0375 0.0999 0.1285 -0.1726 -0.3314 -0.3322 -0.2787 -0.1310 -0.0336 0.0074 0.0430 0.1130 0.0986 -0.2052 -0.3329 -0.3301 -0.2695 -0.1137 -0.0241 0.0036 -0.0241 -0.1137 -0.2696 -0.3301 -0.3329 -0.2052 0.0986 0.1130 0.0430 0.0074 -0.0336 -0.1310 -0.2787 -0.3322 -0.3314 -0.1726 0.1285 0.0999 0.0375 0.0036 -0.0401 -0.1511 -0.2897 -0.3341 -0.3294 -0.1400 0.1505 0.0888 0.0322 -0.0005 -0.0469 -0.1716 -0.2992 -0.3353 -0.3272 -0.1087 0.1635 0.0795 0.0275 -0.0049 -0.0549 -0.1920 -0.3074 -0.3359 -0.3247 -0.0764 0.1695 0.0714 0.0273 -0.0299
0.0076 0.0706 0.1698 -0.0731 -0.3244 -0.3360 -0.3081 -0.1939 -0.0557 -0.0053 0.0271 0.0787 0.1643 -0.1056 -0.3270 -0.3354 -0.3001 -0.1736 -0.0476 -0.0009 0.0317 0.0879 0.1521 -0.1370 -0.3292 -0.3342 -0.2907 -0.1530 -0.0408 0.0032 0.0370 0.0987 0.1310 -0.1693 -0.3313 -0.3324 -0.2798 -0.1329 -0.0342 0.0071 0.0425 0.1120 0.1005 -0.2036 -0.3329 -0.3300 -0.2692 -0.1179 -0.0296 0.0132 0.0363 0.0132 -0.0296 -0.1180 -0.2694 -0.3301 -0.3329 -0.2036 0.1006 0.1120 0.0425 0.0071 -0.0342 -0.1331 -0.2799 -0.3324 -0.3313 -0.1693 0.1311 0.0987 0.0370 0.0032 -0.0408 -0.1532 -0.2908 -0.3342 -0.3292 -0.1370 0.1521 0.0879 0.0317 -0.0009 -0.0476 -0.1738 -0.3002 -0.3354 -0.3269 -0.1056 0.1644 0.0787 0.0271 -0.0053 -0.0558 -0.1941 -0.3082 -0.3360 -0.3244 -0.0731 0.1698 0.0706 0.0076
0.0529 0.1700 -0.0699 -0.3242 -0.3360 -0.3088 -0.1958 -0.0566 -0.0058 0.0267 0.0779 0.1651 -0.1026 -0.3267 -0.3355 -0.3009 -0.1756 -0.0483 -0.0013 0.0312 0.0869 0.1536 -0.1340 -0.3290 -0.3343 -0.2916 -0.1550 -0.0414 0.0028 0.0364 0.0976 0.1335 -0.1661 -0.3311 -0.3326 -0.2809 -0.1348 -0.0348 0.0067 0.0419 0.1107 0.1034 -0.2010 -0.3328 -0.3302 -0.2693 -0.1176 -0.0297 0.0098 0.0493 0.0856 0.0493 0.0097 -0.0299 -0.1180 -0.2695 -0.3302 -0.3327 -0.2010 0.1036 0.1111 0.0419 0.0066 -0.0350 -0.1351 -0.2809 -0.3325 -0.3310 -0.1661 0.1336 0.0978 0.0364 0.0027 -0.0416 -0.1552 -0.2917 -0.3343 -0.3290 -0.1339 0.1537 0.0871 0.0311 -0.0015 -0.0485 -0.1758 -0.3009 -0.3354 -0.3267 -0.1026 0.1652 0.0780 0.0266 -0.0059 -0.0568 -0.1960 -0.3088 -0.3360 -0.3241 -0.0698 0.1701 0.0530
0.1371 -0.0665 -0.3239 -0.3360 -0.3095 -0.1977 -0.0575 -0.0062 0.0262 0.0771 0.1658 -0.0996 -0.3265 -0.3355 -0.3017 -0.1775 -0.0491 -0.0018 0.0307 0.0860 0.1551 -0.1310 -0.3288 -0.3345 -0.2926 -0.1570 -0.0420 0.0024 0.0359 0.0965 0.1358 -0.1630 -0.3309 -0.3328 -0.2820 -0.1367 -0.0355 0.0064 0.0414 0.1093 0.1068 -0.1977 -0.3327 -0.3304 -0.2700 -0.1181 -0.0295 0.0096 0.0464 0.1136 0.1396 0.1135 0.0466 0.0096 -0.0295 -0.1136 -0.2645 -0.3282 -0.3325 -0.2000 0.1030 0.1106 0.0416 0.0064 -0.0354 -0.1311 -0.2768 -0.3309 -0.3309 -0.1652 0.1329 0.0974 0.0361 0.0025 -0.0420 -0.1507 -0.2878 -0.3329 -0.3289 -0.1333 0.1529 0.0867 0.0309 -0.0017 -0.0489 -0.1708 -0.2974 -0.3342 -0.3267 -0.1021 0.1645 0.0776 0.0264 -0.0061 -0.0567 -0.1909 -0.3057 -0.3349 -0.3243 -0.0701 0.1360
-0.0444 -0.3235 -0.3360 -0.3101 -0.1996 -0.0584 -0.0066 0.0259 0.0763 0.1665 -0.0965 -0.3262 -0.3356 -0.3025 -0.1795 -0.0498 -0.0022 0.0303 0.0851 0.1564 -0.1280 -0.3286 -0.3346 -0.2935 -0.1589 -0.0427 0.0020 0.0354 0.0954 0.1381 -0.1598 -0.3307 -0.3330 -0.2831 -0.1386 -0.0361 0.0060 0.0409 0.1079 0.1100 -0.1942 -0.3325 -0.3306 -0.2711 -0.1194 -0.0299 0.0096 0.0461 0.1241 0.0701 -0.1407 0.0725 0.1131 0.0492 0.0132 -0.0240 -0.1128 -0.2700 -0.3320 -0.3342 -0.1998 0.1043 0.1033 0.0443 0.0098 -0.0298 -0.1319 -0.2824 -0.3344 -0.3323 -0.1648 0.1340 0.0935 0.0390 0.0061 -0.0364 -0.1527 -0.2933 -0.3361 -0.3302 -0.1328 0.1539 0.0850 0.0339 0.0022 -0.0438 -0.1740 -0.3027 -0.3372 -0.3279 -0.1015 0.1566 0.0773 0.0293 -0.0020 -0.0523 -0.1949 -0.3107 -0.3376 -0.3254 -0.0499
-0.1851 -0.3359 -0.3107 -0.2015 -0.0593 -0.0071 0.0255 0.0755 0.1671 -0.0934 -0.3260 -0.3357 -0.3033 -0.1815 -0.0505 -0.0026 0.0298 0.0842 0.1577 -0.1250 -0.3284 -0.3347 -0.2944 -0.1609 -0.0433 0.0016 0.0349 0.0943 0.1403 -0.1567 -0.3305 -0.3332 -0.2841 -0.1405 -0.0367 0.0056 0.0403 0.1066 0.1131 -0.1907 -0.3324 -0.3309 -0.2723 -0.1211 -0.0304 0.0094 0.0459 0.1221 0.0732 -0.2336 -0.3225 -0.0417 0.1434 0.0854 0.0363 0.0036 -0.0497 -0.2016 -0.3163 -0.3401 -0.3257 -0.1008 0.1438 0.0790 0.0316 -0.0001 -0.0608 -0.2218 -0.3226 -0.3397 -0.3227 -0.0585 0.1439 0.0724 0.0270 -0.0044 -0.0740 -0.2406 -0.3277 -0.3389 -0.3195 -0.0154 0.1412 0.0661 0.0227 -0.0092 -0.0896 -0.2573 -0.3318 -0.3376 -0.2982 0.0282 0.1295 0.0601 0.0187 -0.0147 -0.1077 -0.2721 -0.3347 -0.3370 -0.1668
