0.0078 0.0525 0.1499 0.4763 1.0000 1.0000 1.0000 0.0005 0.0016 0.0049 0.0154 0.0484 0.1522 0.4781 1.0000 1.0000 1.0000 0.0005 0.0016 0.0049 0.0155 0.0487 0.1530 0.4809 1.0000 1.0000 1.0000 0.0005 0.0016 0.0050 0.0156 0.0490 0.1539 0.4836 1.0000 1.0000 1.0000 0.0005 0.0016 0.0050 0.0157 0.0493 0.1548 0.4864 1.0000 1.0000 1.0000 0.0005 0.0016 0.0059 0.0139 0.0059 0.0016 0.0005 1.0000 1.0000 1.0000 0.4864 0.1548 0.0493 0.0157 0.0050 0.0016 0.0005 1.0000 1.0000 1.0000 0.4836 0.1539 0.0490 0.0156 0.0050 0.0016 0.0005 1.0000 1.0000 1.0000 0.4809 0.1530 0.0487 0.0155 0.0049 0.0016 0.0005 1.0000 1.0000 1.0000 0.4781 0.1522 0.0484 0.0154 0.0049 0.0016 0.0005 1.0000 1.0000 1.0000 0.4763 0.1499 0.0525 0.0078
0.0525 0.3389 0.9536 1.0000 1.0000 1.0000 0.0010 0.0032 0.0100 0.0314 0.0988 0.3105 0.9756 1.0000 1.0000 1.0000 0.0010 0.0032 0.0101 0.0316 0.0994 0.3123 0.9812 1.0000 1.0000 1.0000 0.0010 0.0032 0.0101 0.0318 0.0999 0.3141 0.9868 1.0000 1.0000 1.0000 0.0010 0.0032 0.0102 0.0320 0.1005 0.3158 0.9924 1.0000 1.0000 1.0000 0.0010 0.0032 0.0103 0.0374 0.0844 0.0374 0.0103 0.0032 0.0010 1.0000 1.0000 1.0000 0.9924 0.3158 0.1005 0.0320 0.0102 0.0032 0.0010 1.0000 1.0000 1.0000 0.9868 0.3141 0.0999 0.0318 0.0101 0.0032 0.0010 1.0000 1.0000 1.0000 0.9812 0.3123 0.0994 0.0316 0.0101 0.0032 0.0010 1.0000 1.0000 1.0000 0.9756 0.3105 0.0988 0.0314 0.0100 0.0032 0.0010 1.0000 1.0000 1.0000 0.9536 0.3389 0.0525
0.1499 0.9536 1.0000 1.0000 1.0000 0.0009 0.0029 0.0092 0.0290 0.0912 0.2872 0.9007 1.0000 1.0000 1.0000 0.0009 0.0030 0.0093 0.0292 0.0919 0.2883 0.9076 1.0000 1.0000 1.0000 0.0009 0.0030 0.0093 0.0294 0.0923 0.2905 0.9110 1.0000 1.0000 1.0000 0.0010 0.0030 0.0094 0.0295 0.0930 0.2916 0.9180 1.0000 1.0000 1.0000 0.0010 0.0030 0.0094 0.0298 0.1081 0.2425 0.1081 0.0298 0.0094 0.0030 0.0010 1.0000 1.0000 1.0000 0.9180 0.2916 0.0930 0.0295 0.0094 0.0030 0.0010 1.0000 1.0000 1.0000 0.9110 0.2905 0.0923 0.0294 0.0093 0.0030 0.0009 1.0000 1.0000 1.0000 0.9076 0.2883 0.0919 0.0292 0.0093 0.0030 0.0009 1.0000 1.0000 1.0000 0.9007 0.2872 0.0912 0.0290 0.0092 0.0029 0.0009 1.0000 1.0000 1.0000 0.9536 0.1499
0.4763 1.0000 1.0000 1.0000 0.0010 0.0030 0.0095 0.0298 0.0935 0.2938 0.9250 1.0000 1.0000 1.0000 0.0010 0.0030 0.0095 0.0300 0.0942 0.2961 0.9303 1.0000 1.0000 1.0000 0.0010 0.0031 0.0096 0.0302 0.0948 0.2978 0.9356 1.0000 1.0000 1.0000 0.0010 0.0031 0.0097 0.0303 0.0953 0.2995 0.9410 1.0000 1.0000 1.0000 0.0010 0.0031 0.0097 0.0304 0.0960 0.3480 0.7780 0.3480 0.0960 0.0304 0.0097 0.0031 0.0010 1.0000 1.0000 1.0000 0.9410 0.2995 0.0953 0.0303 0.0097 0.0031 0.0010 1.0000 1.0000 1.0000 0.9356 0.2978 0.0948 0.0302 0.0096 0.0031 0.0010 1.0000 1.0000 1.0000 0.9303 0.2961 0.0942 0.0300 0.0095 0.0030 0.0010 1.0000 1.0000 1.0000 0.9250 0.2938 0.0935 0.0298 0.0095 0.0030 0.0010 1.0000 1.0000 1.0000 0.4763
1.0000 1.0000 1.0000 0.0010 0.0030 0.0095 0.0300 0.0946 0.2972 0.9356 1.0000 1.0000 1.0000 0.0010 0.0031 0.0097 0.0303 0.0953 0.2995 0.9410 1.0000 1.0000 1.0000 0.0010 0.0031 0.0097 0.0305 0.0959 0.3012 0.9463 1.0000 1.0000 1.0000 0.0010 0.0031 0.0098 0.0307 0.0964 0.3029 0.9518 1.0000 1.0000 1.0000 0.0010 0.0031 0.0098 0.0309 0.0966 0.3058 1.0000 1.0000 1.0000 0.3058 0.0966 0.0309 0.0098 0.0031 0.0010 1.0000 1.0000 1.0000 0.9518 0.3029 0.0964 0.0307 0.0098 0.0031 0.0010 1.0000 1.0000 1.0000 0.9463 0.3012 0.0959 0.0305 0.0097 0.0031 0.0010 1.0000 1.0000 1.0000 0.9410 0.2995 0.0953 0.0303 0.0097 0.0031 0.0010 1.0000 1.0000 1.0000 0.9356 0.2972 0.0946 0.0300 0.0095 0.0030 0.0010 1.0000 1.0000 1.0000
1.0000 1.0000 0.0009 0.0030 0.0095 0.0302 0.0953 0.3006 0.9463 1.0000 1.0000 1.0000 0.0010 0.0031 0.0098 0.0307 0.0966 0.3035 0.9536 1.0000 1.0000 1.0000 0.0010 0.0031 0.0098 0.0309 0.0971 0.3052 0.9590 1.0000 1.0000 1.0000 0.0010 0.0031 0.0099 0.0311 0.0977 0.3070 0.9645 1.0000 1.0000 1.0000 0.0010 0.0032 0.0100 0.0313 0.0983 0.3075 0.9737 1.0000 1.0000 1.0000 0.9737 0.3075 0.0983 0.0313 0.0100 0.0032 0.0010 1.0000 1.0000 1.0000 0.9645 0.3070 0.0977 0.0311 0.0099 0.0031 0.0010 1.0000 1.0000 1.0000 0.9590 0.3052 0.0971 0.0309 0.0098 0.0031 0.0010 1.0000 1.0000 1.0000 0.9536 0.3035 0.0966 0.0307 0.0098 0.0031 0.0010 1.0000 1.0000 1.0000 0.9463 0.3006 0.0953 0.0302 0.0095 0.0030 0.0009 1.0000 1.0000
1.0000 0.0010 0.0029 0.0095 0.0300 0.0953 0.3018 0.9536 1.0000 1.0000 1.0000 0.0010 0.0032 0.0099 0.0312 0.0979 0.3075 0.9663 1.0000 1.0000 1.0000 0.0010 0.0032 0.0100 0.0313 0.0984 0.3093 0.9719 1.0000 1.0000 1.0000 0.0010 0.0032 0.0100 0.0315 0.0990 0.3111 0.9774 1.0000 1.0000 1.0000 0.0010 0.0032 0.0101 0.0317 0.0996 0.3129 0.9793 1.0000 1.0000 1.0000 1.0000 1.0000 0.9793 0.3129 0.0996 0.0317 0.0101 0.0032 0.0010 1.0000 1.0000 1.0000 0.9774 0.3111 0.0990 0.0315 0.0100 0.0032 0.0010 1.0000 1.0000 1.0000 0.9719 0.3093 0.0984 0.0313 0.0100 0.0032 0.0010 1.0000 1.0000 1.0000 0.9663 0.3075 0.0979 0.0312 0.0099 0.0032 0.0010 1.0000 1.0000 1.0000 0.9536 0.3018 0.0953 0.0300 0.0095 0.0029 0.0010 1.0000
0.0005 0.0032 0.0092 0.0298 0.0946 0.3006 0.9536 1.0000 1.0000 1.0000 0.0010 0.0032 0.0100 0.0316 0.0992 0.3117 0.9793 1.0000 1.0000 1.0000 0.0010 0.0032 0.0101 0.0317 0.0998 0.3135 0.9849 1.0000 1.0000 1.0000 0.0010 0.0032 0.0102 0.0319 0.1003 0.3152 0.9905 1.0000 1.0000 1.0000 0.0010 0.0033 0.0102 0.0321 0.1009 0.3171 0.9962 1.0000 1.0000 1.0000 0.0009 1.0000 1.0000 1.0000 0.9962 0.3171 0.1009 0.0321 0.0102 0.0033 0.0010 1.0000 1.0000 1.0000 0.9905 0.3152 0.1003 0.0319 0.0102 0.0032 0.0010 1.0000 1.0000 1.0000 0.9849 0.3135 0.0998 0.0317 0.0101 0.0032 0.0010 1.0000 1.0000 1.0000 0.9793 0.3117 0.0992 0.0316 0.0100 0.0032 0.0010 1.0000 1.0000 1.0000 0.9536 0.3006 0.0946 0.0298 0.0092 0.0032 0.0005
0.0016 0.0100 0.0290 0.0935 0.2972 0.9463 1.0000 1.0000 1.0000 0.0010 0.0032 0.0101 0.0319 0.1005 0.3158 0.9924 1.0000 1.0000 1.0000 0.0010 0.0033 0.0102 0.0322 0.1011 0.3177 0.9981 1.0000 1.0000 1.0000 0.0010 0.0033 0.0103 0.0324 0.1017 0.3195 1.0000 1.0000 1.0000 1.0000 0.0010 0.0033 0.0104 0.0325 0.1023 0.3213 1.0000 1.0000 1.0000 1.0000 0.0012 0.0027 0.0012 1.0000 1.0000 1.0000 1.0000 0.3213 0.1023 0.0325 0.0104 0.0033 0.0010 1.0000 1.0000 1.0000 1.0000 0.3195 0.1017 0.0324 0.0103 0.0033 0.0010 1.0000 1.0000 1.0000 0.9981 0.3177 0.1011 0.0322 0.0102 0.0033 0.0010 1.0000 1.0000 1.0000 0.9924 0.3158 0.1005 0.0319 0.0101 0.0032 0.0010 1.0000 1.0000 1.0000 0.9463 0.2972 0.0935 0.0290 0.0100 0.0016
0.0049 0.0314 0.0912 0.2938 0.9356 1.0000 1.0000 1.0000 0.0010 0.0032 0.0102 0.0322 0.1015 0.3195 1.0000 1.0000 1.0000 1.0000 0.0011 0.0033 0.0104 0.0326 0.1025 0.3219 1.0000 1.0000 1.0000 1.0000 0.0011 0.0033 0.0104 0.0328 0.1030 0.3238 1.0000 1.0000 1.0000 1.0000 0.0011 0.0033 0.0105 0.0330 0.1036 0.3256 1.0000 1.0000 1.0000 1.0000 0.0011 0.0039 0.0087 0.0039 0.0011 1.0000 1.0000 1.0000 1.0000 0.3256 0.1036 0.0330 0.0105 0.0033 0.0011 1.0000 1.0000 1.0000 1.0000 0.3238 0.1030 0.0328 0.0104 0.0033 0.0011 1.0000 1.0000 1.0000 1.0000 0.3219 0.1025 0.0326 0.0104 0.0033 0.0011 1.0000 1.0000 1.0000 1.0000 0.3195 0.1015 0.0322 0.0102 0.0032 0.0010 1.0000 1.0000 1.0000 0.9356 0.2938 0.0912 0.0314 0.0049
0.0154 0.0988 0.2872 0.9250 1.0000 1.0000 1.0000 0.0010 0.0032 0.0102 0.0324 0.1023 0.3225 1.0000 1.0000 1.0000 1.0000 0.0011 0.0033 0.0105 0.0330 0.1038 0.3262 1.0000 1.0000 1.0000 1.0000 0.0011 0.0034 0.0106 0.0332 0.1044 0.3281 1.0000 1.0000 1.0000 1.0000 0.0011 0.0034 0.0106 0.0334 0.1050 0.3300 1.0000 1.0000 1.0000 1.0000 0.0011 0.0034 0.0124 0.0276 0.0124 0.0034 0.0011 1.0000 1.0000 1.0000 1.0000 0.3300 0.1050 0.0334 0.0106 0.0034 0.0011 1.0000 1.0000 1.0000 1.0000 0.3281 0.1044 0.0332 0.0106 0.0034 0.0011 1.0000 1.0000 1.0000 1.0000 0.3262 0.1038 0.0330 0.0105 0.0033 0.0011 1.0000 1.0000 1.0000 1.0000 0.3225 0.1023 0.0324 0.0102 0.0032 0.0010 1.0000 1.0000 1.0000 0.9250 0.2872 0.0988 0.0154
0.0484 0.3105 0.9007 1.0000 1.0000 1.0000 0.0010 0.0032 0.0101 0.0322 0.1023 0.3238 1.0000 1.0000 1.0000 1.0000 0.0011 0.0034 0.0107 0.0335 0.1052 0.3306 1.0000 1.0000 1.0000 1.0000 0.0011 0.0034 0.0107 0.0337 0.1058 0.3325 1.0000 1.0000 1.0000 1.0000 0.0011 0.0034 0.0108 0.0339 0.1064 0.3344 1.0000 1.0000 1.0000 1.0000 0.0011 0.0034 0.0109 0.0394 0.0878 0.0394 0.0109 0.0034 0.0011 1.0000 1.0000 1.0000 1.0000 0.3344 0.1064 0.0339 0.0108 0.0034 0.0011 1.0000 1.0000 1.0000 1.0000 0.3325 0.1058 0.0337 0.0107 0.0034 0.0011 1.0000 1.0000 1.0000 1.0000 0.3306 0.1052 0.0335 0.0107 0.0034 0.0011 1.0000 1.0000 1.0000 1.0000 0.3238 0.1023 0.0322 0.0101 0.0032 0.0010 1.0000 1.0000 1.0000 0.9007 0.3105 0.0484
0.1522 0.9756 1.0000 1.0000 1.0000 0.0010 0.0032 0.0100 0.0319 0.1015 0.3225 1.0000 1.0000 1.0000 1.0000 0.0011 0.0034 0.0108 0.0339 0.1066 0.3350 1.0000 1.0000 1.0000 1.0000 0.0011 0.0035 0.0109 0.0341 0.1072 0.3369 1.0000 1.0000 1.0000 1.0000 0.0011 0.0035 0.0109 0.0343 0.1078 0.3389 1.0000 1.0000 1.0000 1.0000 0.0011 0.0035 0.0109 0.0347 0.1253 0.2797 0.1253 0.0347 0.0109 0.0035 0.0011 1.0000 1.0000 1.0000 1.0000 0.3389 0.1078 0.0343 0.0109 0.0035 0.0011 1.0000 1.0000 1.0000 1.0000 0.3369 0.1072 0.0341 0.0109 0.0035 0.0011 1.0000 1.0000 1.0000 1.0000 0.3350 0.1066 0.0339 0.0108 0.0034 0.0011 1.0000 1.0000 1.0000 1.0000 0.3225 0.1015 0.0319 0.0100 0.0032 0.0010 1.0000 1.0000 1.0000 0.9756 0.1522
0.4781 1.0000 1.0000 1.0000 0.0010 0.0031 0.0099 0.0316 0.1005 0.3195 1.0000 1.0000 1.0000 1.0000 0.0011 0.0035 0.0109 0.0343 0.1081 0.3395 1.0000 1.0000 1.0000 1.0000 0.0011 0.0035 0.0110 0.0346 0.1087 0.3415 1.0000 1.0000 1.0000 1.0000 0.0011 0.0035 0.0111 0.0348 0.1093 0.3434 1.0000 1.0000 1.0000 1.0000 0.0011 0.0035 0.0111 0.0349 0.1103 0.3991 0.8905 0.3991 0.1103 0.0349 0.0111 0.0035 0.0011 1.0000 1.0000 1.0000 1.0000 0.3434 0.1093 0.0348 0.0111 0.0035 0.0011 1.0000 1.0000 1.0000 1.0000 0.3415 0.1087 0.0346 0.0110 0.0035 0.0011 1.0000 1.0000 1.0000 1.0000 0.3395 0.1081 0.0343 0.0109 0.0035 0.0011 1.0000 1.0000 1.0000 1.0000 0.3195 0.1005 0.0316 0.0099 0.0031 0.0010 1.0000 1.0000 1.0000 0.4781
1.0000 1.0000 1.0000 0.0010 0.0031 0.0098 0.0312 0.0992 0.3158 1.0000 1.0000 1.0000 1.0000 0.0011 0.0035 0.0110 0.0347 0.1091 0.3434 1.0000 1.0000 1.0000 1.0000 0.0011 0.0036 0.0112 0.0350 0.1101 0.3460 1.0000 1.0000 1.0000 1.0000 0.0011 0.0036 0.0112 0.0353 0.1108 0.3480 1.0000 1.0000 1.0000 1.0000 0.0011 0.0036 0.0113 0.0355 0.1110 0.3513 1.0000 1.0000 1.0000 0.3513 0.1110 0.0355 0.0113 0.0036 0.0011 1.0000 1.0000 1.0000 1.0000 0.3480 0.1108 0.0353 0.0112 0.0036 0.0011 1.0000 1.0000 1.0000 1.0000 0.3460 0.1101 0.0350 0.0112 0.0036 0.0011 1.0000 1.0000 1.0000 1.0000 0.3434 0.1091 0.0347 0.0110 0.0035 0.0011 1.0000 1.0000 1.0000 1.0000 0.3158 0.0992 0.0312 0.0098 0.0031 0.0010 1.0000 1.0000 1.0000
1.0000 1.0000 0.0009 0.0030 0.0097 0.0307 0.0979 0.3117 0.9924 1.0000 1.0000 1.0000 0.0011 0.0035 0.0110 0.0348 0.1099 0.3467 1.0000 1.0000 1.0000 1.0000 0.0011 0.0036 0.0113 0.0355 0.1116 0.3507 1.0000 1.0000 1.0000 1.0000 0.0012 0.0036 0.0114 0.0357 0.1122 0.3527 1.0000 1.0000 1.0000 1.0000 0.0012 0.0036 0.0114 0.0359 0.1129 0.3534 1.0000 1.0000 1.0000 1.0000 1.0000 0.3534 0.1129 0.0359 0.0114 0.0036 0.0012 1.0000 1.0000 1.0000 1.0000 0.3527 0.1122 0.0357 0.0114 0.0036 0.0012 1.0000 1.0000 1.0000 1.0000 0.3507 0.1116 0.0355 0.0113 0.0036 0.0011 1.0000 1.0000 1.0000 1.0000 0.3467 0.1099 0.0348 0.0110 0.0035 0.0011 1.0000 1.0000 1.0000 0.9924 0.3117 0.0979 0.0307 0.0097 0.0030 0.0009 1.0000 1.0000
1.0000 0.0010 0.0030 0.0095 0.0303 0.0966 0.3075 0.9793 1.0000 1.0000 1.0000 0.0011 0.0034 0.0109 0.0347 0.1099 0.3480 1.0000 1.0000 1.0000 1.0000 0.0012 0.0036 0.0115 0.0360 0.1131 0.3554 1.0000 1.0000 1.0000 1.0000 0.0012 0.0037 0.0115 0.0362 0.1137 0.3574 1.0000 1.0000 1.0000 1.0000 0.0012 0.0037 0.0116 0.0364 0.1144 0.3595 1.0000 1.0000 1.0000 1.0000 1.0000 1.0000 1.0000 0.3595 0.1144 0.0364 0.0116 0.0037 0.0012 1.0000 1.0000 1.0000 1.0000 0.3574 0.1137 0.0362 0.0115 0.0037 0.0012 1.0000 1.0000 1.0000 1.0000 0.3554 0.1131 0.0360 0.0115 0.0036 0.0012 1.0000 1.0000 1.0000 1.0000 0.3480 0.1099 0.0347 0.0109 0.0034 0.0011 1.0000 1.0000 1.0000 0.9793 0.3075 0.0966 0.0303 0.0095 0.0030 0.0010 1.0000
0.0005 0.0032 0.0093 0.0300 0.0953 0.3035 0.9663 1.0000 1.0000 1.0000 0.0011 0.0034 0.0108 0.0343 0.1091 0.3467 1.0000 1.0000 1.0000 1.0000 0.0012 0.0037 0.0116 0.0365 0.1146 0.3601 1.0000 1.0000 1.0000 1.0000 0.0012 0.0037 0.0117 0.0367 0.1153 0.3622 1.0000 1.0000 1.0000 1.0000 0.0012 0.0037 0.0117 0.0369 0.1159 0.3643 1.0000 1.0000 1.0000 1.0000 0.0010 1.0000 1.0000 1.0000 1.0000 0.3643 0.1159 0.0369 0.0117 0.0037 0.0012 1.0000 1.0000 1.0000 1.0000 0.3622 0.1153 0.0367 0.0117 0.0037 0.0012 1.0000 1.0000 1.0000 1.0000 0.3601 0.1146 0.0365 0.0116 0.0037 0.0012 1.0000 1.0000 1.0000 1.0000 0.3467 0.1091 0.0343 0.0108 0.0034 0.0011 1.0000 1.0000 1.0000 0.9663 0.3035 0.0953 0.0300 0.0093 0.0032 0.0005
0.0016 0.0101 0.0292 0.0942 0.2995 0.9536 1.0000 1.0000 1.0000 0.0011 0.0033 0.0107 0.0339 0.1081 0.3434 1.0000 1.0000 1.0000 1.0000 0.0012 0.0037 0.0117 0.0369 0.1162 0.3650 1.0000 1.0000 1.0000 1.0000 0.0012 0.0038 0.0118 0.0372 0.1168 0.3671 1.0000 1.0000 1.0000 1.0000 0.0012 0.0038 0.0119 0.0374 0.1175 0.3692 1.0000 1.0000 1.0000 1.0000 0.0014 0.0031 0.0014 1.0000 1.0000 1.0000 1.0000 0.3692 0.1175 0.0374 0.0119 0.0038 0.0012 1.0000 1.0000 1.0000 1.0000 0.3671 0.1168 0.0372 0.0118 0.0038 0.0012 1.0000 1.0000 1.0000 1.0000 0.3650 0.1162 0.0369 0.0117 0.0037 0.0012 1.0000 1.0000 1.0000 1.0000 0.3434 0.1081 0.0339 0.0107 0.0033 0.0011 1.0000 1.0000 1.0000 0.9536 0.2995 0.0942 0.0292 0.0101 0.0016
0.0049 0.0316 0.0919 0.2961 0.9410 1.0000 1.0000 1.0000 0.0010 0.0033 0.0105 0.0335 0.1066 0.3395 1.0000 1.0000 1.0000 1.0000 0.0012 0.0037 0.0118 0.0372 0.1173 0.3692 1.0000 1.0000 1.0000 1.0000 0.0012 0.0038 0.0120 0.0377 0.1184 0.3720 1.0000 1.0000 1.0000 1.0000 0.0012 0.0038 0.0121 0.0379 0.1191 0.3741 1.0000 1.0000 1.0000 1.0000 0.0012 0.0045 0.0100 0.0045 0.0012 1.0000 1.0000 1.0000 1.0000 0.3741 0.1191 0.0379 0.0121 0.0038 0.0012 1.0000 1.0000 1.0000 1.0000 0.3720 0.1184 0.0377 0.0120 0.0038 0.0012 1.0000 1.0000 1.0000 1.0000 0.3692 0.1173 0.0372 0.0118 0.0037 0.0012 1.0000 1.0000 1.0000 1.0000 0.3395 0.1066 0.0335 0.0105 0.0033 0.0010 1.0000 1.0000 1.0000 0.9410 0.2961 0.0919 0.0316 0.0049
0.0155 0.0994 0.2883 0.9303 1.0000 1.0000 1.0000 0.0010 0.0033 0.0104 0.0330 0.1052 0.3350 1.0000 1.0000 1.0000 1.0000 0.0012 0.0037 0.0118 0.0374 0.1182 0.3727 1.0000 1.0000 1.0000 1.0000 0.0012 0.0039 0.0122 0.0382 0.1200 0.3770 1.0000 1.0000 1.0000 1.0000 0.0012 0.0039 0.0122 0.0384 0.1207 0.3791 1.0000 1.0000 1.0000 1.0000 0.0012 0.0039 0.0142 0.0317 0.0142 0.0039 0.0012 1.0000 1.0000 1.0000 1.0000 0.3791 0.1207 0.0384 0.0122 0.0039 0.0012 1.0000 1.0000 1.0000 1.0000 0.3770 0.1200 0.0382 0.0122 0.0039 0.0012 1.0000 1.0000 1.0000 1.0000 0.3727 0.1182 0.0374 0.0118 0.0037 0.0012 1.0000 1.0000 1.0000 1.0000 0.3350 0.1052 0.0330 0.0104 0.0033 0.0010 1.0000 1.0000 1.0000 0.9303 0.2883 0.0994 0.0155
0.0487 0.3123 0.9076 1.0000 1.0000 1.0000 0.0010 0.0032 0.0102 0.0326 0.1038 0.3306 1.0000 1.0000 1.0000 1.0000 0.0012 0.0037 0.0117 0.0372 0.1182 0.3741 1.0000 1.0000 1.0000 1.0000 0.0012 0.0039 0.0123 0.0387 0.1216 0.3820 1.0000 1.0000 1.0000 1.0000 0.0013 0.0039 0.0124 0.0389 0.1223 0.3842 1.0000 1.0000 1.0000 1.0000 0.0013 0.0039 0.0125 0.0452 0.1009 0.0452 0.0125 0.0039 0.0013 1.0000 1.0000 1.0000 1.0000 0.3842 0.1223 0.0389 0.0124 0.0039 0.0013 1.0000 1.0000 1.0000 1.0000 0.3820 0.1216 0.0387 0.0123 0.0039 0.0012 1.0000 1.0000 1.0000 1.0000 0.3741 0.1182 0.0372 0.0117 0.0037 0.0012 1.0000 1.0000 1.0000 1.0000 0.3306 0.1038 0.0326 0.0102 0.0032 0.0010 1.0000 1.0000 1.0000 0.9076 0.3123 0.0487
0.1530 0.9812 1.0000 1.0000 1.0000 0.0010 0.0032 0.0101 0.0322 0.1025 0.3262 1.0000 1.0000 1.0000 1.0000 0.0011 0.0036 0.0116 0.0369 0.1173 0.3727 1.0000 1.0000 1.0000 1.0000 0.0013 0.0040 0.0125 0.0392 0.1232 0.3871 1.0000 1.0000 1.0000 1.0000 0.0013 0.0040 0.0126 0.0394 0.1239 0.3893 1.0000 1.0000 1.0000 1.0000 0.0013 0.0040 0.0126 0.0398 0.1440 0.3213 0.1440 0.0398 0.0126 0.0040 0.0013 1.0000 1.0000 1.0000 1.0000 0.3893 0.1239 0.0394 0.0126 0.0040 0.0013 1.0000 1.0000 1.0000 1.0000 0.3871 0.1232 0.0392 0.0125 0.0040 0.0013 1.0000 1.0000 1.0000 1.0000 0.3727 0.1173 0.0369 0.0116 0.0036 0.0011 1.0000 1.0000 1.0000 1.0000 0.3262 0.1025 0.0322 0.0101 0.0032 0.0010 1.0000 1.0000 1.0000 0.9812 0.1530
0.4809 1.0000 1.0000 1.0000 0.0010 0.0031 0.0100 0.0317 0.1011 0.3219 1.0000 1.0000 1.0000 1.0000 0.0011 0.0036 0.0115 0.0365 0.1162 0.3692 1.0000 1.0000 1.0000 1.0000 0.0013 0.0040 0.0126 0.0397 0.1249 0.3923 1.0000 1.0000 1.0000 1.0000 0.0013 0.0040 0.0127 0.0400 0.1256 0.3946 1.0000 1.0000 1.0000 1.0000 0.0013 0.0041 0.0128 0.0400 0.1268 0.4585 1.0000 0.4585 0.1268 0.0400 0.0128 0.0041 0.0013 1.0000 1.0000 1.0000 1.0000 0.3946 0.1256 0.0400 0.0127 0.0040 0.0013 1.0000 1.0000 1.0000 1.0000 0.3923 0.1249 0.0397 0.0126 0.0040 0.0013 1.0000 1.0000 1.0000 1.0000 0.3692 0.1162 0.0365 0.0115 0.0036 0.0011 1.0000 1.0000 1.0000 1.0000 0.3219 0.1011 0.0317 0.0100 0.0031 0.0010 1.0000 1.0000 1.0000 0.4809
1.0000 1.0000 1.0000 0.0010 0.0031 0.0098 0.0313 0.0998 0.3177 1.0000 1.0000 1.0000 1.0000 0.0011 0.0036 0.0113 0.0360 0.1146 0.3650 1.0000 1.0000 1.0000 1.0000 0.0013 0.0040 0.0127 0.0400 0.1263 0.3968 1.0000 1.0000 1.0000 1.0000 0.0013 0.0041 0.0129 0.0405 0.1273 0.3998 1.0000 1.0000 1.0000 1.0000 0.0013 0.0041 0.0130 0.0407 0.1275 0.4037 1.0000 1.0000 1.0000 0.4037 0.1275 0.0407 0.0130 0.0041 0.0013 1.0000 1.0000 1.0000 1.0000 0.3998 0.1273 0.0405 0.0129 0.0041 0.0013 1.0000 1.0000 1.0000 1.0000 0.3968 0.1261 0.0400 0.0127 0.0040 0.0013 1.0000 1.0000 1.0000 1.0000 0.3650 0.1146 0.0360 0.0113 0.0036 0.0011 1.0000 1.0000 1.0000 1.0000 0.3177 0.0998 0.0313 0.0098 0.0031 0.0010 1.0000 1.0000 1.0000
1.0000 1.0000 0.0009 0.0031 0.0097 0.0309 0.0984 0.3135 0.9981 1.0000 1.0000 1.0000 0.0011 0.0035 0.0112 0.0355 0.1131 0.3601 1.0000 1.0000 1.0000 1.0000 0.0013 0.0040 0.0127 0.0401 0.1270 0.3998 1.0000 1.0000 1.0000 1.0000 0.0013 0.0042 0.0131 0.0410 0.1290 0.4052 1.0000 1.0000 1.0000 1.0000 0.0013 0.0042 0.0131 0.0413 0.1297 0.4060 1.0000 1.0000 1.0000 1.0000 1.0000 0.4060 0.1297 0.0413 0.0131 0.0042 0.0013 1.0000 1.0000 1.0000 1.0000 0.4052 0.1290 0.0410 0.0131 0.0042 0.0013 1.0000 1.0000 1.0000 1.0000 0.3998 0.1268 0.0401 0.0127 0.0040 0.0013 1.0000 1.0000 1.0000 1.0000 0.3601 0.1131 0.0355 0.0112 0.0035 0.0011 1.0000 1.0000 1.0000 0.9981 0.3135 0.0984 0.0309 0.0097 0.0031 0.0009 1.0000 1.0000
1.0000 0.0010 0.0030 0.0096 0.0305 0.0971 0.3093 0.9849 1.0000 1.0000 1.0000 0.0011 0.0035 0.0110 0.0350 0.1116 0.3554 1.0000 1.0000 1.0000 1.0000 0.0012 0.0040 0.0126 0.0400 0.1268 0.4014 1.0000 1.0000 1.0000 1.0000 0.0013 0.0042 0.0132 0.0416 0.1307 0.4106 1.0000 1.0000 1.0000 1.0000 0.0013 0.0042 0.0133 0.0418 0.1314 0.4130 1.0000 1.0000 1.0000 1.0000 1.0000 1.0000 1.0000 0.4130 0.1314 0.0418 0.0133 0.0042 0.0013 1.0000 1.0000 1.0000 1.0000 0.4106 0.1307 0.0416 0.0132 0.0042 0.0013 1.0000 1.0000 1.0000 1.0000 0.4014 0.1268 0.0400 0.0126 0.0040 0.0012 1.0000 1.0000 1.0000 1.0000 0.3554 0.1116 0.0350 0.0110 0.0035 0.0011 1.0000 1.0000 1.0000 0.9849 0.3093 0.0971 0.0305 0.0096 0.0030 0.0010 1.0000
0.0005 0.0032 0.0093 0.0302 0.0959 0.3052 0.9719 1.0000 1.0000 1.0000 0.0011 0.0034 0.0109 0.0346 0.1101 0.3507 1.0000 1.0000 1.0000 1.0000 0.0012 0.0039 0.0125 0.0397 0.1261 0.3998 1.0000 1.0000 1.0000 1.0000 0.0014 0.0043 0.0134 0.0422 0.1324 0.4161 1.0000 1.0000 1.0000 1.0000 0.0014 0.0043 0.0135 0.0424 0.1332 0.4185 1.0000 1.0000 1.0000 1.0000 0.0011 1.0000 1.0000 1.0000 1.0000 0.4185 0.1332 0.0424 0.0135 0.0043 0.0014 1.0000 1.0000 1.0000 1.0000 0.4161 0.1324 0.0422 0.0134 0.0043 0.0014 1.0000 1.0000 1.0000 1.0000 0.3998 0.1261 0.0397 0.0125 0.0039 0.0012 1.0000 1.0000 1.0000 1.0000 0.3507 0.1101 0.0346 0.0109 0.0034 0.0011 1.0000 1.0000 1.0000 0.9719 0.3052 0.0959 0.0302 0.0093 0.0032 0.0005
0.0016 0.0101 0.0294 0.0948 0.3012 0.9590 1.0000 1.0000 1.0000 0.0011 0.0034 0.0107 0.0341 0.1087 0.3460 1.0000 1.0000 1.0000 1.0000 0.0012 0.0039 0.0123 0.0392 0.1249 0.3968 1.0000 1.0000 1.0000 1.0000 0.0014 0.0043 0.0135 0.0426 0.1342 0.4217 1.0000 1.0000 1.0000 1.0000 0.0014 0.0044 0.0137 0.0430 0.1350 0.4241 1.0000 1.0000 1.0000 1.0000 0.0016 0.0036 0.0016 1.0000 1.0000 1.0000 1.0000 0.4241 0.1350 0.0430 0.0137 0.0044 0.0014 1.0000 1.0000 1.0000 1.0000 0.4217 0.1342 0.0426 0.0135 0.0043 0.0014 1.0000 1.0000 1.0000 1.0000 0.3968 0.1249 0.0392 0.0123 0.0039 0.0012 1.0000 1.0000 1.0000 1.0000 0.3460 0.1087 0.0341 0.0107 0.0034 0.0011 1.0000 1.0000 1.0000 0.9590 0.3012 0.0948 0.0294 0.0101 0.0016
0.0050 0.0318 0.0923 0.2978 0.9463 1.0000 1.0000 1.0000 0.0010 0.0033 0.0106 0.0337 0.1072 0.3415 1.0000 1.0000 1.0000 1.0000 0.0012 0.0038 0.0122 0.0387 0.1232 0.3923 1.0000 1.0000 1.0000 1.0000 0.0014 0.0043 0.0136 0.0430 0.1355 0.4266 1.0000 1.0000 1.0000 1.0000 0.0014 0.0044 0.0139 0.0435 0.1368 0.4298 1.0000 1.0000 1.0000 1.0000 0.0014 0.0051 0.0114 0.0051 0.0014 1.0000 1.0000 1.0000 1.0000 0.4298 0.1368 0.0435 0.0139 0.0044 0.0014 1.0000 1.0000 1.0000 1.0000 0.4266 0.1355 0.0430 0.0136 0.0043 0.0014 1.0000 1.0000 1.0000 1.0000 0.3923 0.1232 0.0387 0.0122 0.0038 0.0012 1.0000 1.0000 1.0000 1.0000 0.3415 0.1072 0.0337 0.0106 0.0033 0.0010 1.0000 1.0000 1.0000 0.9463 0.2978 0.0923 0.0318 0.0050
0.0156 0.0999 0.2905 0.9356 1.0000 1.0000 1.0000 0.0010 0.0033 0.0104 0.0332 0.1058 0.3369 1.0000 1.0000 1.0000 1.0000 0.0012 0.0038 0.0120 0.0382 0.1216 0.3871 1.0000 1.0000 1.0000 1.0000 0.0014 0.0043 0.0136 0.0431 0.1363 0.4298 1.0000 1.0000 1.0000 1.0000 0.0014 0.0045 0.0140 0.0441 0.1386 0.4356 1.0000 1.0000 1.0000 1.0000 0.0014 0.0045 0.0163 0.0364 0.0163 0.0045 0.0014 1.0000 1.0000 1.0000 1.0000 0.4356 0.1386 0.0441 0.0140 0.0045 0.0014 1.0000 1.0000 1.0000 1.0000 0.4298 0.1363 0.0431 0.0136 0.0043 0.0014 1.0000 1.0000 1.0000 1.0000 0.3871 0.1216 0.0382 0.0120 0.0038 0.0012 1.0000 1.0000 1.0000 1.0000 0.3369 0.1058 0.0332 0.0104 0.0033 0.0010 1.0000 1.0000 1.0000 0.9356 0.2905 0.0999 0.0156
0.0490 0.3141 0.9110 1.0000 1.0000 1.0000 0.0010 0.0032 0.0103 0.0328 0.1044 0.3325 1.0000 1.0000 1.0000 1.0000 0.0012 0.0037 0.0118 0.0377 0.1200 0.3820 1.0000 1.0000 1.0000 1.0000 0.0013 0.0043 0.0135 0.0430 0.1363 0.4315 1.0000 1.0000 1.0000 1.0000 0.0014 0.0045 0.0142 0.0447 0.1405 0.4414 1.0000 1.0000 1.0000 1.0000 0.0014 0.0045 0.0144 0.0520 0.1159 0.0520 0.0144 0.0045 0.0014 1.0000 1.0000 1.0000 1.0000 0.4414 0.1405 0.0447 0.0142 0.0045 0.0014 1.0000 1.0000 1.0000 1.0000 0.4315 0.1363 0.0430 0.0135 0.0043 0.0013 1.0000 1.0000 1.0000 1.0000 0.3820 0.1200 0.0377 0.0118 0.0037 0.0012 1.0000 1.0000 1.0000 1.0000 0.3325 0.1044 0.0328 0.0103 0.0032 0.0010 1.0000 1.0000 1.0000 0.9110 0.3141 0.0490
0.1539 0.9868 1.0000 1.0000 1.0000 0.0010 0.0032 0.0102 0.0324 0.1030 0.3281 1.0000 1.0000 1.0000 1.0000 0.0012 0.0037 0.0117 0.0372 0.1184 0.3770 1.0000 1.0000 1.0000 1.0000 0.0013 0.0042 0.0134 0.0426 0.1355 0.4298 1.0000 1.0000 1.0000 1.0000 0.0015 0.0046 0.0144 0.0453 0.1424 0.4473 1.0000 1.0000 1.0000 1.0000 0.0015 0.0046 0.0144 0.0457 0.1654 0.3692 0.1654 0.0457 0.0144 0.0046 0.0015 1.0000 1.0000 1.0000 1.0000 0.4473 0.1424 0.0453 0.0144 0.0046 0.0015 1.0000 1.0000 1.0000 1.0000 0.4298 0.1355 0.0426 0.0134 0.0042 0.0013 1.0000 1.0000 1.0000 1.0000 0.3770 0.1184 0.0372 0.0117 0.0037 0.0012 1.0000 1.0000 1.0000 1.0000 0.3281 0.1030 0.0324 0.0102 0.0032 0.0010 1.0000 1.0000 1.0000 0.9868 0.1539
0.4836 1.0000 1.0000 1.0000 0.0010 0.0031 0.0100 0.0319 0.1017 0.3238 1.0000 1.0000 1.0000 1.0000 0.0011 0.0036 0.0115 0.0367 0.1168 0.3720 1.0000 1.0000 1.0000 1.0000 0.0013 0.0042 0.0132 0.0422 0.1342 0.4266 1.0000 1.0000 1.0000 1.0000 0.0015 0.0046 0.0146 0.0458 0.1443 0.4533 1.0000 1.0000 1.0000 1.0000 0.0015 0.0047 0.0147 0.0460 0.1457 0.5268 1.0000 0.5268 0.1457 0.0460 0.0147 0.0047 0.0015 1.0000 1.0000 1.0000 1.0000 0.4533 0.1443 0.0458 0.0146 0.0046 0.0015 1.0000 1.0000 1.0000 1.0000 0.4266 0.1342 0.0422 0.0132 0.0042 0.0013 1.0000 1.0000 1.0000 1.0000 0.3720 0.1168 0.0367 0.0115 0.0036 0.0011 1.0000 1.0000 1.0000 1.0000 0.3238 0.1017 0.0319 0.0100 0.0031 0.0010 1.0000 1.0000 1.0000 0.4836
1.0000 1.0000 1.0000 0.0010 0.0031 0.0099 0.0315 0.1003 0.3195 1.0000 1.0000 1.0000 1.0000 0.0011 0.0036 0.0114 0.0362 0.1153 0.3671 1.0000 1.0000 1.0000 1.0000 0.0013 0.0041 0.0131 0.0416 0.1324 0.4217 1.0000 1.0000 1.0000 1.0000 0.0015 0.0046 0.0146 0.0462 0.1457 0.4585 1.0000 1.0000 1.0000 1.0000 0.0015 0.0047 0.0149 0.0468 0.1465 0.4638 1.0000 1.0000 1.0000 0.4638 0.1465 0.0468 0.0149 0.0047 0.0015 1.0000 1.0000 1.0000 1.0000 0.4585 0.1457 0.0462 0.0146 0.0046 0.0015 1.0000 1.0000 1.0000 1.0000 0.4217 0.1324 0.0416 0.0131 0.0041 0.0013 1.0000 1.0000 1.0000 1.0000 0.3671 0.1153 0.0362 0.0114 0.0036 0.0011 1.0000 1.0000 1.0000 1.0000 0.3195 0.1003 0.0315 0.0099 0.0031 0.0010 1.0000 1.0000 1.0000
1.0000 1.0000 0.0010 0.0031 0.0098 0.0311 0.0990 0.3152 1.0000 1.0000 1.0000 1.0000 0.0011 0.0035 0.0112 0.0357 0.1137 0.3622 1.0000 1.0000 1.0000 1.0000 0.0013 0.0040 0.0129 0.0410 0.1307 0.4161 1.0000 1.0000 1.0000 1.0000 0.0015 0.0046 0.0146 0.0464 0.1465 0.4620 1.0000 1.0000 1.0000 1.0000 0.0015 0.0048 0.0151 0.0474 0.1490 0.4664 1.0000 1.0000 1.0000 1.0000 1.0000 0.4664 0.1490 0.0474 0.0151 0.0048 0.0015 1.0000 1.0000 1.0000 1.0000 0.4620 0.1465 0.0464 0.0146 0.0046 0.0015 1.0000 1.0000 1.0000 1.0000 0.4161 0.1307 0.0410 0.0129 0.0040 0.0013 1.0000 1.0000 1.0000 1.0000 0.3622 0.1137 0.0357 0.0112 0.0035 0.0011 1.0000 1.0000 1.0000 1.0000 0.3152 0.0990 0.0311 0.0098 0.0031 0.0010 1.0000 1.0000
1.0000 0.0010 0.0030 0.0097 0.0307 0.0977 0.3111 0.9905 1.0000 1.0000 1.0000 0.0011 0.0035 0.0111 0.0353 0.1122 0.3574 1.0000 1.0000 1.0000 1.0000 0.0013 0.0040 0.0127 0.0405 0.1290 0.4106 1.0000 1.0000 1.0000 1.0000 0.0014 0.0046 0.0146 0.0462 0.1465 0.4638 1.0000 1.0000 1.0000 1.0000 0.0015 0.0049 0.0153 0.0481 0.1510 0.4745 1.0000 1.0000 1.0000 1.0000 1.0000 1.0000 1.0000 0.4745 0.1510 0.0481 0.0153 0.0049 0.0015 1.0000 1.0000 1.0000 1.0000 0.4638 0.1465 0.0462 0.0146 0.0046 0.0014 1.0000 1.0000 1.0000 1.0000 0.4106 0.1290 0.0405 0.0127 0.0040 0.0013 1.0000 1.0000 1.0000 1.0000 0.3574 0.1122 0.0353 0.0111 0.0035 0.0011 1.0000 1.0000 1.0000 0.9905 0.3111 0.0977 0.0307 0.0097 0.0030 0.0010 1.0000
0.0005 0.0032 0.0094 0.0303 0.0964 0.3070 0.9774 1.0000 1.0000 1.0000 0.0011 0.0034 0.0109 0.0348 0.1108 0.3527 1.0000 1.0000 1.0000 1.0000 0.0012 0.0039 0.0126 0.0400 0.1273 0.4052 1.0000 1.0000 1.0000 1.0000 0.0014 0.0045 0.0144 0.0458 0.1457 0.4620 1.0000 1.0000 1.0000 1.0000 0.0016 0.0049 0.0155 0.0487 0.1530 0.4809 1.0000 1.0000 1.0000 1.0000 0.0013 1.0000 1.0000 1.0000 1.0000 0.4809 0.1530 0.0487 0.0155 0.0049 0.0016 1.0000 1.0000 1.0000 1.0000 0.4620 0.1457 0.0458 0.0144 0.0045 0.0014 1.0000 1.0000 1.0000 1.0000 0.4052 0.1273 0.0400 0.0126 0.0039 0.0012 1.0000 1.0000 1.0000 1.0000 0.3527 0.1108 0.0348 0.0109 0.0034 0.0011 1.0000 1.0000 1.0000 0.9774 0.3070 0.0964 0.0303 0.0094 0.0032 0.0005
0.0016 0.0102 0.0295 0.0953 0.3029 0.9645 1.0000 1.0000 1.0000 0.0011 0.0034 0.0108 0.0343 0.1093 0.3480 1.0000 1.0000 1.0000 1.0000 0.0012 0.0039 0.0124 0.0394 0.1256 0.3998 1.0000 1.0000 1.0000 1.0000 0.0014 0.0045 0.0142 0.0453 0.1443 0.4585 1.0000 1.0000 1.0000 1.0000 0.0016 0.0050 0.0156 0.0493 0.1551 0.4873 1.0000 1.0000 1.0000 1.0000 0.0018 0.0041 0.0018 1.0000 1.0000 1.0000 1.0000 0.4873 0.1551 0.0493 0.0156 0.0050 0.0016 1.0000 1.0000 1.0000 1.0000 0.4585 0.1443 0.0453 0.0142 0.0045 0.0014 1.0000 1.0000 1.0000 1.0000 0.3998 0.1256 0.0394 0.0124 0.0039 0.0012 1.0000 1.0000 1.0000 1.0000 0.3480 0.1093 0.0343 0.0108 0.0034 0.0011 1.0000 1.0000 1.0000 0.9645 0.3029 0.0953 0.0295 0.0102 0.0016
0.0050 0.0320 0.0930 0.2995 0.9518 1.0000 1.0000 1.0000 0.0010 0.0033 0.0106 0.0339 0.1078 0.3434 1.0000 1.0000 1.0000 1.0000 0.0012 0.0038 0.0122 0.0389 0.1239 0.3946 1.0000 1.0000 1.0000 1.0000 0.0014 0.0044 0.0140 0.0447 0.1424 0.4533 1.0000 1.0000 1.0000 1.0000 0.0016 0.0050 0.0157 0.0496 0.1566 0.4929 1.0000 1.0000 1.0000 1.0000 0.0016 0.0059 0.0131 0.0059 0.0016 1.0000 1.0000 1.0000 1.0000 0.4929 0.1566 0.0496 0.0157 0.0050 0.0016 1.0000 1.0000 1.0000 1.0000 0.4533 0.1424 0.0447 0.0140 0.0044 0.0014 1.0000 1.0000 1.0000 1.0000 0.3946 0.1239 0.0389 0.0122 0.0038 0.0012 1.0000 1.0000 1.0000 1.0000 0.3434 0.1078 0.0339 0.0106 0.0033 0.0010 1.0000 1.0000 1.0000 0.9518 0.2995 0.0930 0.0320 0.0050
0.0157 0.1005 0.2916 0.9410 1.0000 1.0000 1.0000 0.0010 0.0033 0.0105 0.0334 0.1064 0.3389 1.0000 1.0000 1.0000 1.0000 0.0012 0.0038 0.0121 0.0384 0.1223 0.3893 1.0000 1.0000 1.0000 1.0000 0.0014 0.0044 0.0139 0.0441 0.1405 0.4473 1.0000 1.0000 1.0000 1.0000 0.0016 0.0050 0.0157 0.0498 0.1575 0.4967 1.0000 1.0000 1.0000 1.0000 0.0016 0.0052 0.0187 0.0418 0.0187 0.0052 0.0016 1.0000 1.0000 1.0000 1.0000 0.4967 0.1575 0.0498 0.0157 0.0050 0.0016 1.0000 1.0000 1.0000 1.0000 0.4473 0.1405 0.0441 0.0139 0.0044 0.0014 1.0000 1.0000 1.0000 1.0000 0.3893 0.1223 0.0384 0.0121 0.0038 0.0012 1.0000 1.0000 1.0000 1.0000 0.3389 0.1064 0.0334 0.0105 0.0033 0.0010 1.0000 1.0000 1.0000 0.9410 0.2916 0.1005 0.0157
0.0493 0.3158 0.9180 1.0000 1.0000 1.0000 0.0010 0.0033 0.0104 0.0330 0.1050 0.3344 1.0000 1.0000 1.0000 1.0000 0.0012 0.0037 0.0119 0.0379 0.1207 0.3842 1.0000 1.0000 1.0000 1.0000 0.0013 0.0043 0.0137 0.0435 0.1386 0.4414 1.0000 1.0000 1.0000 1.0000 0.0015 0.0049 0.0156 0.0496 0.1575 0.4985 1.0000 1.0000 1.0000 1.0000 0.0017 0.0052 0.0165 0.0597 0.1332 0.0597 0.0165 0.0052 0.0017 1.0000 1.0000 1.0000 1.0000 0.4985 0.1575 0.0496 0.0156 0.0049 0.0015 1.0000 1.0000 1.0000 1.0000 0.4414 0.1386 0.0435 0.0137 0.0043 0.0013 1.0000 1.0000 1.0000 1.0000 0.3842 0.1207 0.0379 0.0119 0.0037 0.0012 1.0000 1.0000 1.0000 1.0000 0.3344 0.1050 0.0330 0.0104 0.0033 0.0010 1.0000 1.0000 1.0000 0.9180 0.3158 0.0493
0.1548 0.9924 1.0000 1.0000 1.0000 0.0010 0.0032 0.0102 0.0325 0.1036 0.3300 1.0000 1.0000 1.0000 1.0000 0.0012 0.0037 0.0117 0.0374 0.1191 0.3791 1.0000 1.0000 1.0000 1.0000 0.0013 0.0042 0.0135 0.0430 0.1368 0.4356 1.0000 1.0000 1.0000 1.0000 0.0015 0.0049 0.0155 0.0493 0.1566 0.4967 1.0000 1.0000 1.0000 1.0000 0.0017 0.0053 0.0166 0.0525 0.1901 0.4241 0.1901 0.0525 0.0166 0.0053 0.0017 1.0000 1.0000 1.0000 1.0000 0.4967 0.1566 0.0493 0.0155 0.0049 0.0015 1.0000 1.0000 1.0000 1.0000 0.4356 0.1368 0.0430 0.0135 0.0042 0.0013 1.0000 1.0000 1.0000 1.0000 0.3791 0.1191 0.0374 0.0117 0.0037 0.0012 1.0000 1.0000 1.0000 1.0000 0.3300 0.1036 0.0325 0.0102 0.0032 0.0010 1.0000 1.0000 1.0000 0.9924 0.1548
0.4864 1.0000 1.0000 1.0000 0.0010 0.0032 0.0101 0.0321 0.1023 0.3256 1.0000 1.0000 1.0000 1.0000 0.0011 0.0036 0.0116 0.0369 0.1175 0.3741 1.0000 1.0000 1.0000 1.0000 0.0013 0.0042 0.0133 0.0424 0.1350 0.4298 1.0000 1.0000 1.0000 1.0000 0.0015 0.0048 0.0153 0.0487 0.1551 0.4929 1.0000 1.0000 1.0000 1.0000 0.0017 0.0053 0.0168 0.0528 0.1670 0.6053 1.0000 0.6053 0.1670 0.0528 0.0168 0.0053 0.0017 1.0000 1.0000 1.0000 1.0000 0.4929 0.1551 0.0487 0.0153 0.0048 0.0015 1.0000 1.0000 1.0000 1.0000 0.4298 0.1350 0.0424 0.0133 0.0042 0.0013 1.0000 1.0000 1.0000 1.0000 0.3741 0.1175 0.0369 0.0116 0.0036 0.0011 1.0000 1.0000 1.0000 1.0000 0.3256 0.1023 0.0321 0.0101 0.0032 0.0010 1.0000 1.0000 1.0000 0.4864
1.0000 1.0000 1.0000 0.0010 0.0031 0.0100 0.0317 0.1009 0.3213 1.0000 1.0000 1.0000 1.0000 0.0011 0.0036 0.0114 0.0364 0.1159 0.3692 1.0000 1.0000 1.0000 1.0000 0.0013 0.0041 0.0131 0.0418 0.1332 0.4241 1.0000 1.0000 1.0000 1.0000 0.0015 0.0047 0.0151 0.0481 0.1530 0.4873 1.0000 1.0000 1.0000 1.0000 0.0017 0.0054 0.0169 0.0535 0.1673 0.5308 1.0000 1.0000 1.0000 0.5308 0.1673 0.0535 0.0169 0.0054 0.0017 1.0000 1.0000 1.0000 1.0000 0.4873 0.1530 0.0481 0.0151 0.0047 0.0015 1.0000 1.0000 1.0000 1.0000 0.4241 0.1332 0.0418 0.0131 0.0041 0.0013 1.0000 1.0000 1.0000 1.0000 0.3692 0.1159 0.0364 0.0114 0.0036 0.0011 1.0000 1.0000 1.0000 1.0000 0.3213 0.1009 0.0317 0.0100 0.0031 0.0010 1.0000 1.0000 1.0000
1.0000 1.0000 0.0010 0.0031 0.0098 0.0313 0.0996 0.3171 1.0000 1.0000 1.0000 1.0000 0.0011 0.0035 0.0113 0.0359 0.1144 0.3643 1.0000 1.0000 1.0000 1.0000 0.0013 0.0041 0.0130 0.0413 0.1314 0.4185 1.0000 1.0000 1.0000 1.0000 0.0015 0.0047 0.0149 0.0474 0.1510 0.4809 1.0000 1.0000 1.0000 1.0000 0.0017 0.0053 0.0169 0.0536 0.1693 0.5318 1.0000 1.0000 1.0000 1.0000 1.0000 0.5329 0.1693 0.0536 0.0169 0.0053 0.0017 1.0000 1.0000 1.0000 1.0000 0.4809 0.1510 0.0474 0.0149 0.0047 0.0015 1.0000 1.0000 1.0000 1.0000 0.4185 0.1314 0.0413 0.0130 0.0041 0.0013 1.0000 1.0000 1.0000 1.0000 0.3643 0.1144 0.0359 0.0113 0.0035 0.0011 1.0000 1.0000 1.0000 1.0000 0.3171 0.0996 0.0313 0.0098 0.0031 0.0010 1.0000 1.0000
1.0000 0.0010 0.0030 0.0097 0.0309 0.0983 0.3129 0.9962 1.0000 1.0000 1.0000 0.0011 0.0035 0.0111 0.0355 0.1129 0.3595 1.0000 1.0000 1.0000 1.0000 0.0013 0.0040 0.0128 0.0407 0.1297 0.4130 1.0000 1.0000 1.0000 1.0000 0.0014 0.0046 0.0147 0.0468 0.1490 0.4745 1.0000 1.0000 1.0000 1.0000 0.0017 0.0053 0.0168 0.0534 0.1693 0.5359 1.0000 1.0000 1.0000 1.0000 1.0000 1.0000 1.0000 0.5369 0.1693 0.0535 0.0168 0.0053 0.0017 1.0000 1.0000 1.0000 1.0000 0.4745 0.1490 0.0468 0.0147 0.0046 0.0014 1.0000 1.0000 1.0000 1.0000 0.4130 0.1297 0.0407 0.0128 0.0040 0.0013 1.0000 1.0000 1.0000 1.0000 0.3595 0.1129 0.0355 0.0111 0.0035 0.0011 1.0000 1.0000 1.0000 0.9962 0.3129 0.0983 0.0309 0.0097 0.0030 0.0010 1.0000
0.0005 0.0033 0.0095 0.0305 0.0970 0.3087 0.9830 1.0000 1.0000 1.0000 0.0011 0.0035 0.0110 0.0350 0.1114 0.3547 1.0000 1.0000 1.0000 1.0000 0.0012 0.0040 0.0126 0.0402 0.1280 0.4075 1.0000 1.0000 1.0000 1.0000 0.0014 0.0046 0.0145 0.0462 0.1470 0.4682 1.0000 1.0000 1.0000 1.0000 0.0016 0.0052 0.0167 0.0530 0.1683 0.5349 1.0000 1.0000 1.0000 1.0000 0.0015 1.0000 1.0000 1.0000 1.0000 0.5318 0.1673 0.0528 0.0166 0.0052 0.0016 1.0000 1.0000 1.0000 1.0000 0.4664 0.1465 0.0460 0.0144 0.0045 0.0014 1.0000 1.0000 1.0000 1.0000 0.4060 0.1275 0.0400 0.0126 0.0039 0.0012 1.0000 1.0000 1.0000 1.0000 0.3534 0.1110 0.0349 0.0109 0.0034 0.0011 1.0000 1.0000 1.0000 0.9793 0.3075 0.0966 0.0304 0.0094 0.0032 0.0005
0.0016 0.0102 0.0297 0.0959 0.3046 0.9700 1.0000 1.0000 1.0000 0.0011 0.0034 0.0108 0.0345 0.1099 0.3500 1.0000 1.0000 1.0000 1.0000 0.0012 0.0039 0.0125 0.0397 0.1263 0.4021 1.0000 1.0000 1.0000 1.0000 0.0014 0.0045 0.0143 0.0456 0.1451 0.4620 1.0000 1.0000 1.0000 1.0000 0.0016 0.0052 0.0164 0.0524 0.1667 0.5298 1.0000 1.0000 1.0000 1.0000 0.0021 0.0047 0.0021 1.0000 1.0000 1.0000 1.0000 0.5308 0.1670 0.0525 0.0165 0.0052 0.0016 1.0000 1.0000 1.0000 1.0000 0.4638 0.1457 0.0457 0.0144 0.0045 0.0014 1.0000 1.0000 1.0000 1.0000 0.4037 0.1268 0.0398 0.0125 0.0039 0.0012 1.0000 1.0000 1.0000 1.0000 0.3513 0.1103 0.0347 0.0109 0.0034 0.0011 1.0000 1.0000 1.0000 0.9737 0.3058 0.0960 0.0298 0.0103 0.0016
0.0050 0.0322 0.0935 0.3012 0.9572 1.0000 1.0000 1.0000 0.0011 0.0034 0.0107 0.0341 0.1085 0.3454 1.0000 1.0000 1.0000 1.0000 0.0012 0.0039 0.0123 0.0391 0.1246 0.3968 1.0000 1.0000 1.0000 1.0000 0.0014 0.0044 0.0141 0.0450 0.1432 0.4559 1.0000 1.0000 1.0000 1.0000 0.0016 0.0051 0.0162 0.0517 0.1645 0.5238 1.0000 1.0000 1.0000 1.0000 0.0018 0.0066 0.0158 0.0080 0.0022 1.0000 1.0000 1.0000 1.0000 0.6053 0.1901 0.0597 0.0187 0.0059 0.0018 1.0000 1.0000 1.0000 1.0000 0.5268 0.1654 0.0520 0.0163 0.0051 0.0016 1.0000 1.0000 1.0000 1.0000 0.4585 0.1440 0.0452 0.0142 0.0045 0.0014 1.0000 1.0000 1.0000 1.0000 0.3991 0.1253 0.0394 0.0124 0.0039 0.0012 1.0000 1.0000 1.0000 1.0000 0.3480 0.1081 0.0374 0.0059
0.0158 0.1011 0.2933 0.9463 1.0000 1.0000 1.0000 0.0010 0.0033 0.0106 0.0336 0.1070 0.3408 1.0000 1.0000 1.0000 1.0000 0.0012 0.0038 0.0121 0.0386 0.1230 0.3916 1.0000 1.0000 1.0000 1.0000 0.0014 0.0044 0.0139 0.0444 0.1413 0.4499 1.0000 1.0000 1.0000 1.0000 0.0016 0.0050 0.0160 0.0510 0.1623 0.5169 1.0000 1.0000 1.0000 1.0000 0.0018 0.0057 0.0235 0.0445 0.0111 0.0047 0.0015 1.0000 1.0000 1.0000 1.0000 0.4241 0.1332 0.0418 0.0131 0.0041 0.0013 1.0000 1.0000 1.0000 1.0000 0.3692 0.1159 0.0364 0.0114 0.0036 0.0011 1.0000 1.0000 1.0000 1.0000 0.3213 0.1009 0.0317 0.0100 0.0031 0.0010 1.0000 1.0000 1.0000 0.8905 0.2797 0.0878 0.0276 0.0087 0.0027 0.0009 1.0000 1.0000 1.0000 0.7780 0.2425 0.0844 0.0139
0.0495 0.3177 0.9232 1.0000 1.0000 1.0000 0.0010 0.0033 0.0104 0.0332 0.1056 0.3363 1.0000 1.0000 1.0000 1.0000 0.0012 0.0038 0.0120 0.0381 0.1213 0.3864 1.0000 1.0000 1.0000 1.0000 0.0014 0.0043 0.0138 0.0438 0.1394 0.4439 1.0000 1.0000 1.0000 1.0000 0.0016 0.0050 0.0158 0.0503 0.1602 0.5101 1.0000 1.0000 1.0000 1.0000 0.0018 0.0056 0.0190 0.0719 0.0232 0.0015 0.0020 1.0000 1.0000 1.0000 1.0000 0.6041 0.1901 0.0597 0.0187 0.0059 0.0018 1.0000 1.0000 1.0000 1.0000 0.5268 0.1654 0.0520 0.0163 0.0051 0.0016 1.0000 1.0000 1.0000 1.0000 0.4585 0.1440 0.0452 0.0142 0.0045 0.0014 1.0000 1.0000 1.0000 1.0000 0.3991 0.1253 0.0394 0.0124 0.0039 0.0012 1.0000 1.0000 1.0000 1.0000 0.3480 0.1081 0.0374 0.0059
0.1551 0.9924 1.0000 1.0000 1.0000 0.0010 0.0032 0.0102 0.0326 0.1038 0.3306 1.0000 1.0000 1.0000 1.0000 0.0012 0.0037 0.0118 0.0375 0.1193 0.3798 1.0000 1.0000 1.0000 1.0000 0.0013 0.0042 0.0135 0.0430 0.1371 0.4364 1.0000 1.0000 1.0000 1.0000 0.0015 0.0049 0.0155 0.0495 0.1575 0.5014 1.0000 1.0000 1.0000 1.0000 0.0018 0.0056 0.0177 0.0587 0.1897 0.2495 1.0000 1.0000 1.0000 1.0000 1.0000 0.5308 0.1673 0.0525 0.0165 0.0052 0.0016 1.0000 1.0000 1.0000 1.0000 0.4638 0.1457 0.0457 0.0144 0.0045 0.0014 1.0000 1.0000 1.0000 1.0000 0.4037 0.1268 0.0398 0.0125 0.0039 0.0012 1.0000 1.0000 1.0000 1.0000 0.3513 0.1103 0.0347 0.0109 0.0034 0.0011 1.0000 1.0000 1.0000 0.9737 0.3058 0.0960 0.0298 0.0103 0.0016
0.4957 1.0000 1.0000 1.0000 0.0010 0.0032 0.0102 0.0324 0.1032 0.3287 1.0000 1.0000 1.0000 1.0000 0.0012 0.0037 0.0117 0.0372 0.1186 0.3777 1.0000 1.0000 1.0000 1.0000 0.0013 0.0042 0.0134 0.0428 0.1363 0.4339 1.0000 1.0000 1.0000 1.0000 0.0015 0.0048 0.0154 0.0492 0.1566 0.4985 1.0000 1.0000 1.0000 1.0000 0.0017 0.0056 0.0177 0.0564 0.1840 0.5674 1.0000 1.0000 1.0000 1.0000 1.0000 0.5308 0.1680 0.0528 0.0166 0.0052 0.0016 1.0000 1.0000 1.0000 1.0000 0.4664 0.1465 0.0460 0.0144 0.0045 0.0014 1.0000 1.0000 1.0000 1.0000 0.4060 0.1275 0.0400 0.0126 0.0039 0.0012 1.0000 1.0000 1.0000 1.0000 0.3534 0.1110 0.0349 0.0109 0.0034 0.0011 1.0000 1.0000 1.0000 0.9793 0.3075 0.0966 0.0304 0.0094 0.0032 0.0005
1.0000 1.0000 1.0000 0.0011 0.0036 0.0116 0.0368 0.1173 0.3734 1.0000 1.0000 1.0000 1.0000 0.0013 0.0042 0.0133 0.0423 0.1347 0.4290 1.0000 1.0000 1.0000 1.0000 0.0015 0.0048 0.0153 0.0486 0.1548 0.4929 1.0000 1.0000 1.0000 1.0000 0.0017 0.0055 0.0175 0.0559 0.1778 0.5663 1.0000 1.0000 1.0000 1.0000 0.0020 0.0063 0.0202 0.0644 0.2055 0.6581 1.0000 1.0000 1.0000 1.0000 1.0000 0.5339 0.1696 0.0535 0.0168 0.0053 0.0017 1.0000 1.0000 1.0000 1.0000 0.4745 0.1490 0.0468 0.0147 0.0046 0.0014 1.0000 1.0000 1.0000 1.0000 0.4130 0.1297 0.0407 0.0128 0.0040 0.0013 1.0000 1.0000 1.0000 1.0000 0.3595 0.1129 0.0355 0.0111 0.0035 0.0011 1.0000 1.0000 1.0000 0.9962 0.3129 0.0983 0.0309 0.0097 0.0030 0.0010 1.0000
1.0000 1.0000 0.0008 0.0025 0.0081 0.0258 0.0820 0.2611 0.8315 1.0000 1.0000 1.0000 0.0009 0.0029 0.0093 0.0296 0.0942 0.3000 0.9554 1.0000 1.0000 1.0000 0.0011 0.0034 0.0107 0.0340 0.1083 0.3447 1.0000 1.0000 1.0000 1.0000 0.0012 0.0039 0.0123 0.0391 0.1244 0.3961 1.0000 1.0000 1.0000 1.0000 0.0014 0.0044 0.0139 0.0442 0.1402 0.4439 1.0000 1.0000 1.0000 1.0000 1.0000 0.5258 0.1699 0.0537 0.0169 0.0053 0.0017 1.0000 1.0000 1.0000 1.0000 0.4809 0.1510 0.0474 0.0149 0.0047 0.0015 1.0000 1.0000 1.0000 1.0000 0.4185 0.1314 0.0413 0.0130 0.0041 0.0013 1.0000 1.0000 1.0000 1.0000 0.3643 0.1144 0.0359 0.0113 0.0035 0.0011 1.0000 1.0000 1.0000 1.0000 0.3171 0.0996 0.0313 0.0098 0.0031 0.0010 1.0000 1.0000
