-0.1954 -0.3042 -0.3799 -0.0410 0.2354 -0.1420 -0.2698 -0.3572 -0.3141 0.1478 0.0505 -0.2325 -0.3267 -0.3849 0.0588 0.2778 -0.1848 -0.2929 -0.3735 -0.1385 0.2052 -0.1085 -0.2576 -0.3473 -0.3571 0.1182 0.1922 -0.2171 -0.3154 -0.3845 0.0175 0.2616 -0.1648 -0.2809 -0.3655 -0.2454 0.1752 -0.0516 -0.2451 -0.3368 -0.3778 0.0886 0.2653 -0.2010 -0.3037 -0.3796 -0.0469 0.2322 -0.1354 -0.2605 -0.3190 -0.2605 -0.1354 0.2322 -0.0469 -0.3796 -0.3037 -0.2010 0.2653 0.0886 -0.3778 -0.3368 -0.2451 -0.0516 0.1752 -0.2454 -0.3655 -0.2809 -0.1648 0.2616 0.0175 -0.3845 -0.3154 -0.2171 0.1922 0.1182 -0.3571 -0.3473 -0.2576 -0.1085 0.2052 -0.1385 -0.3735 -0.2929 -0.1848 0.2778 0.0588 -0.3849 -0.3267 -0.2325 0.0505 0.1478 -0.3141 -0.3572 -0.2698 -0.1420 0.2354 -0.0410 -0.3799 -0.3042 -0.1954
-0.3042 -0.3864 -0.0416 0.2341 -0.1417 -0.2774 -0.3641 -0.3194 0.1465 0.0681 -0.2396 -0.3339 -0.3906 0.0579 0.2794 -0.1873 -0.3003 -0.3799 -0.1434 0.2035 -0.1055 -0.2653 -0.3543 -0.3624 0.1173 0.2071 -0.2225 -0.3226 -0.3905 0.0161 0.2606 -0.1659 -0.2885 -0.3722 -0.2510 0.1738 -0.0433 -0.2530 -0.3439 -0.3833 0.0878 0.2717 -0.2048 -0.3111 -0.3858 -0.0492 0.2313 -0.1383 -0.2746 -0.3594 -0.3973 -0.3594 -0.2746 -0.1383 0.2313 -0.0492 -0.3858 -0.3111 -0.2048 0.2717 0.0878 -0.3833 -0.3439 -0.2530 -0.0433 0.1738 -0.2510 -0.3722 -0.2885 -0.1659 0.2606 0.0161 -0.3905 -0.3226 -0.2225 0.2071 0.1173 -0.3624 -0.3543 -0.2653 -0.1055 0.2035 -0.1434 -0.3799 -0.3003 -0.1873 0.2794 0.0579 -0.3906 -0.3339 -0.2396 0.0681 0.1465 -0.3194 -0.3641 -0.2774 -0.1417 0.2341 -0.0416 -0.3864 -0.3042
-0.3799 -0.0416 0.2328 -0.1397 -0.2764 -0.3631 -0.3250 0.1434 0.0843 -0.2378 -0.3327 -0.3909 0.0539 0.2784 -0.1851 -0.2990 -0.3792 -0.1560 0.2001 -0.1004 -0.2640 -0.3532 -0.3656 0.1141 0.2180 -0.2206 -0.3214 -0.3901 0.0105 0.2577 -0.1633 -0.2871 -0.3713 -0.2608 0.1707 -0.0334 -0.2517 -0.3427 -0.3847 0.0845 0.2746 -0.2028 -0.3098 -0.3852 -0.0587 0.2281 -0.1357 -0.2747 -0.3613 -0.3574 0.0186 -0.3574 -0.3613 -0.2747 -0.1357 0.2281 -0.0587 -0.3852 -0.3098 -0.2028 0.2746 0.0845 -0.3847 -0.3427 -0.2517 -0.0334 0.1707 -0.2608 -0.3713 -0.2871 -0.1633 0.2577 0.0105 -0.3901 -0.3214 -0.2206 0.2180 0.1141 -0.3656 -0.3532 -0.2640 -0.1004 0.2001 -0.1560 -0.3792 -0.2990 -0.1851 0.2784 0.0539 -0.3909 -0.3327 -0.2378 0.0843 0.1434 -0.3250 -0.3631 -0.2764 -0.1397 0.2328 -0.0416 -0.3799
-0.0410 0.2341 -0.1397 -0.2760 -0.3626 -0.3290 0.1409 0.0990 -0.2361 -0.3316 -0.3911 0.0500 0.2770 -0.1829 -0.2977 -0.3784 -0.1686 0.1968 -0.0951 -0.2626 -0.3521 -0.3685 0.1109 0.2279 -0.2187 -0.3201 -0.3897 0.0046 0.2547 -0.1606 -0.2858 -0.3703 -0.2702 0.1675 -0.0227 -0.2503 -0.3416 -0.3859 0.0811 0.2769 -0.2007 -0.3085 -0.3845 -0.0687 0.2248 -0.1323 -0.2737 -0.3610 -0.3424 0.1169 0.2553 0.1169 -0.3424 -0.3610 -0.2737 -0.1323 0.2248 -0.0687 -0.3845 -0.3085 -0.2007 0.2769 0.0811 -0.3859 -0.3416 -0.2503 -0.0227 0.1675 -0.2702 -0.3703 -0.2858 -0.1606 0.2547 0.0046 -0.3897 -0.3201 -0.2187 0.2279 0.1109 -0.3685 -0.3521 -0.2626 -0.0951 0.1968 -0.1686 -0.3784 -0.2977 -0.1829 0.2770 0.0500 -0.3911 -0.3316 -0.2361 0.0990 0.1409 -0.3290 -0.3626 -0.2760 -0.1397 0.2341 -0.0410
0.2354 -0.1417 -0.2764 -0.3626 -0.3306 0.1394 0.1094 -0.2347 -0.3305 -0.3912 0.0463 0.2755 -0.1808 -0.2965 -0.3776 -0.1810 0.1936 -0.0893 -0.2613 -0.3510 -0.3712 0.1077 0.2368 -0.2167 -0.3189 -0.3892 -0.0017 0.2516 -0.1579 -0.2845 -0.3694 -0.2792 0.1644 -0.0110 -0.2489 -0.3404 -0.3869 0.0776 0.2786 -0.1987 -0.3073 -0.3839 -0.0792 0.2214 -0.1287 -0.2725 -0.3601 -0.3419 0.1294 0.2172 -0.1631 0.2172 0.1294 -0.3419 -0.3601 -0.2725 -0.1287 0.2214 -0.0792 -0.3839 -0.3073 -0.1987 0.2786 0.0776 -0.3869 -0.3404 -0.2489 -0.0110 0.1644 -0.2792 -0.3694 -0.2845 -0.1579 0.2516 -0.0017 -0.3892 -0.3189 -0.2167 0.2368 0.1077 -0.3712 -0.3510 -0.2613 -0.0893 0.1936 -0.1810 -0.3776 -0.2965 -0.1808 0.2755 0.0463 -0.3912 -0.3305 -0.2347 0.1094 0.1394 -0.3306 -0.3626 -0.2764 -0.1417 0.2354
-0.1420 -0.2774 -0.3631 -0.3290 0.1394 0.1131 -0.2339 -0.3299 -0.3913 0.0430 0.2739 -0.1788 -0.2953 -0.3768 -0.1926 0.1904 -0.0832 -0.2600 -0.3499 -0.3737 0.1045 0.2447 -0.2148 -0.3176 -0.3887 -0.0083 0.2484 -0.1551 -0.2832 -0.3684 -0.2876 0.1611 0.0016 -0.2475 -0.3392 -0.3879 0.0741 0.2798 -0.1966 -0.3060 -0.3832 -0.0903 0.2181 -0.1248 -0.2712 -0.3591 -0.3454 0.1301 0.1687 -0.2196 -0.2848 -0.2196 0.1687 0.1301 -0.3454 -0.3591 -0.2712 -0.1248 0.2181 -0.0903 -0.3832 -0.3060 -0.1966 0.2798 0.0741 -0.3879 -0.3392 -0.2475 0.0016 0.1611 -0.2876 -0.3684 -0.2832 -0.1551 0.2484 -0.0083 -0.3887 -0.3176 -0.2148 0.2447 0.1045 -0.3737 -0.3499 -0.2600 -0.0832 0.1904 -0.1926 -0.3768 -0.2953 -0.1788 0.2739 0.0430 -0.3913 -0.3299 -0.2339 0.1131 0.1394 -0.3290 -0.3631 -0.2774 -0.1420
-0.2698 -0.3641 -0.3250 0.1409 0.1094 -0.2339 -0.3296 -0.3913 0.0407 0.2726 -0.1771 -0.2943 -0.3761 -0.2031 0.1875 -0.0770 -0.2587 -0.3487 -0.3759 0.1013 0.2517 -0.2129 -0.3164 -0.3882 -0.0152 0.2452 -0.1522 -0.2819 -0.3675 -0.2956 0.1577 0.0153 -0.2459 -0.3380 -0.3887 0.0706 0.2804 -0.1946 -0.3047 -0.3825 -0.1018 0.2147 -0.1208 -0.2698 -0.3580 -0.3496 0.1278 0.1669 -0.2264 -0.3204 -0.3740 -0.3204 -0.2264 0.1669 0.1278 -0.3496 -0.3580 -0.2698 -0.1208 0.2147 -0.1018 -0.3825 -0.3047 -0.1946 0.2804 0.0706 -0.3887 -0.3380 -0.2459 0.0153 0.1577 -0.2956 -0.3675 -0.2819 -0.1522 0.2452 -0.0152 -0.3882 -0.3164 -0.2129 0.2517 0.1013 -0.3759 -0.3487 -0.2587 -0.0770 0.1875 -0.2031 -0.3761 -0.2943 -0.1771 0.2726 0.0407 -0.3913 -0.3296 -0.2339 0.1094 0.1409 -0.3250 -0.3641 -0.2698
-0.3572 -0.3194 0.1434 0.0990 -0.2347 -0.3299 -0.3913 0.0399 0.2719 -0.1760 -0.2935 -0.3754 -0.2121 0.1848 -0.0711 -0.2575 -0.3477 -0.3779 0.0982 0.2577 -0.2110 -0.3151 -0.3877 -0.0227 0.2419 -0.1493 -0.2806 -0.3665 -0.3032 0.1544 0.0299 -0.2441 -0.3368 -0.3894 0.0669 0.2806 -0.1925 -0.3034 -0.3818 -0.1137 0.2114 -0.1166 -0.2685 -0.3570 -0.3537 0.1248 0.1774 -0.2264 -0.3242 -0.3915 -0.2937 -0.3915 -0.3242 -0.2264 0.1774 0.1248 -0.3537 -0.3570 -0.2685 -0.1166 0.2114 -0.1137 -0.3818 -0.3034 -0.1925 0.2806 0.0669 -0.3894 -0.3368 -0.2441 0.0299 0.1544 -0.3032 -0.3665 -0.2806 -0.1493 0.2419 -0.0227 -0.3877 -0.3151 -0.2110 0.2577 0.0982 -0.3779 -0.3477 -0.2575 -0.0711 0.1848 -0.2121 -0.3754 -0.2935 -0.1760 0.2719 0.0399 -0.3913 -0.3299 -0.2347 0.0990 0.1434 -0.3194 -0.3572
-0.3141 0.1465 0.0843 -0.2361 -0.3305 -0.3913 0.0407 0.2719 -0.1756 -0.2931 -0.3750 -0.2190 0.1826 -0.0655 -0.2564 -0.3467 -0.3795 0.0953 0.2627 -0.2091 -0.3139 -0.3871 -0.0305 0.2386 -0.1462 -0.2793 -0.3655 -0.3103 0.1511 0.0453 -0.2422 -0.3356 -0.3899 0.0632 0.2804 -0.1903 -0.3021 -0.3810 -0.1259 0.2081 -0.1121 -0.2672 -0.3559 -0.3575 0.1217 0.1901 -0.2250 -0.3241 -0.3904 -0.0131 0.1516 -0.0131 -0.3904 -0.3241 -0.2250 0.1901 0.1217 -0.3575 -0.3559 -0.2672 -0.1121 0.2081 -0.1259 -0.3810 -0.3021 -0.1903 0.2804 0.0632 -0.3899 -0.3356 -0.2422 0.0453 0.1511 -0.3103 -0.3655 -0.2793 -0.1462 0.2386 -0.0305 -0.3871 -0.3139 -0.2091 0.2627 0.0953 -0.3795 -0.3467 -0.2564 -0.0655 0.1826 -0.2190 -0.3750 -0.2931 -0.1756 0.2719 0.0407 -0.3913 -0.3305 -0.2361 0.0843 0.1465 -0.3141
0.1478 0.0681 -0.2378 -0.3316 -0.3912 0.0430 0.2726 -0.1760 -0.2931 -0.3749 -0.2226 0.1812 -0.0611 -0.2555 -0.3459 -0.3809 0.0926 0.2666 -0.2073 -0.3127 -0.3865 -0.0387 0.2353 -0.1431 -0.2780 -0.3645 -0.3169 0.1478 0.0615 -0.2403 -0.3344 -0.3904 0.0594 0.2798 -0.1882 -0.3008 -0.3803 -0.1384 0.2047 -0.1075 -0.2658 -0.3548 -0.3611 0.1185 0.2024 -0.2232 -0.3231 -0.3905 0.0103 0.2418 0.0497 0.2418 0.0103 -0.3905 -0.3231 -0.2232 0.2024 0.1185 -0.3611 -0.3548 -0.2658 -0.1075 0.2047 -0.1384 -0.3803 -0.3008 -0.1882 0.2798 0.0594 -0.3904 -0.3344 -0.2403 0.0615 0.1478 -0.3169 -0.3645 -0.2780 -0.1431 0.2353 -0.0387 -0.3865 -0.3127 -0.2073 0.2666 0.0926 -0.3809 -0.3459 -0.2555 -0.0611 0.1812 -0.2226 -0.3749 -0.2931 -0.1760 0.2726 0.0430 -0.3912 -0.3316 -0.2378 0.0681 0.1478
0.0505 -0.2396 -0.3327 -0.3911 0.0463 0.2739 -0.1771 -0.2935 -0.3750 -0.2226 0.1807 -0.0587 -0.2549 -0.3452 -0.3819 0.0904 0.2696 -0.2057 -0.3116 -0.3860 -0.0466 0.2322 -0.1399 -0.2767 -0.3634 -0.3232 0.1445 0.0782 -0.2385 -0.3332 -0.3908 0.0555 0.2788 -0.1860 -0.2995 -0.3795 -0.1510 0.2014 -0.1025 -0.2645 -0.3537 -0.3643 0.1153 0.2138 -0.2213 -0.3219 -0.3902 0.0110 0.2546 -0.1469 -0.2404 -0.1469 0.2546 0.0110 -0.3902 -0.3219 -0.2213 0.2138 0.1153 -0.3643 -0.3537 -0.2645 -0.1025 0.2014 -0.1510 -0.3795 -0.2995 -0.1860 0.2788 0.0555 -0.3908 -0.3332 -0.2385 0.0782 0.1445 -0.3232 -0.3634 -0.2767 -0.1399 0.2322 -0.0466 -0.3860 -0.3116 -0.2057 0.2696 0.0904 -0.3819 -0.3452 -0.2549 -0.0587 0.1807 -0.2226 -0.3750 -0.2935 -0.1771 0.2739 0.0463 -0.3911 -0.3327 -0.2396 0.0505
-0.2325 -0.3339 -0.3909 0.0500 0.2755 -0.1788 -0.2943 -0.3754 -0.2190 0.1812 -0.0587 -0.2547 -0.3449 -0.3826 0.0886 0.2716 -0.2044 -0.3107 -0.3855 -0.0543 0.2293 -0.1369 -0.2755 -0.3625 -0.3289 0.1413 0.0951 -0.2366 -0.3320 -0.3910 0.0515 0.2776 -0.1838 -0.2983 -0.3787 -0.1635 0.1981 -0.0973 -0.2632 -0.3526 -0.3674 0.1122 0.2241 -0.2194 -0.3206 -0.3898 0.0067 0.2549 -0.1579 -0.2785 -0.3358 -0.2785 -0.1579 0.2549 0.0067 -0.3898 -0.3206 -0.2194 0.2241 0.1122 -0.3674 -0.3526 -0.2632 -0.0973 0.1981 -0.1635 -0.3787 -0.2983 -0.1838 0.2776 0.0515 -0.3910 -0.3320 -0.2366 0.0951 0.1413 -0.3289 -0.3625 -0.2755 -0.1369 0.2293 -0.0543 -0.3855 -0.3107 -0.2044 0.2716 0.0886 -0.3826 -0.3449 -0.2547 -0.0587 0.1812 -0.2190 -0.3754 -0.2943 -0.1788 0.2755 0.0500 -0.3909 -0.3339 -0.2325
-0.3267 -0.3906 0.0539 0.2770 -0.1808 -0.2953 -0.3761 -0.2121 0.1826 -0.0611 -0.2549 -0.3449 -0.3828 0.0877 0.2729 -0.2034 -0.3099 -0.3851 -0.0615 0.2267 -0.1341 -0.2743 -0.3616 -0.3339 0.1382 0.1116 -0.2347 -0.3307 -0.3912 0.0474 0.2760 -0.1816 -0.2970 -0.3779 -0.1761 0.1949 -0.0917 -0.2618 -0.3514 -0.3702 0.1090 0.2334 -0.2175 -0.3194 -0.3894 0.0008 0.2526 -0.1582 -0.2833 -0.3666 -0.3967 -0.3666 -0.2833 -0.1582 0.2526 0.0008 -0.3894 -0.3194 -0.2175 0.2334 0.1090 -0.3702 -0.3514 -0.2618 -0.0917 0.1949 -0.1761 -0.3779 -0.2970 -0.1816 0.2760 0.0474 -0.3912 -0.3307 -0.2347 0.1116 0.1382 -0.3339 -0.3616 -0.2743 -0.1341 0.2267 -0.0615 -0.3851 -0.3099 -0.2034 0.2729 0.0877 -0.3828 -0.3449 -0.2549 -0.0611 0.1826 -0.2121 -0.3761 -0.2953 -0.1808 0.2770 0.0539 -0.3906 -0.3267
-0.3849 0.0579 0.2784 -0.1829 -0.2965 -0.3768 -0.2031 0.1848 -0.0655 -0.2555 -0.3452 -0.3826 0.0877 0.2733 -0.2028 -0.3094 -0.3848 -0.0672 0.2246 -0.1316 -0.2734 -0.3607 -0.3382 0.1355 0.1266 -0.2330 -0.3295 -0.3913 0.0431 0.2742 -0.1793 -0.2957 -0.3770 -0.1884 0.1916 -0.0857 -0.2605 -0.3503 -0.3727 0.1058 0.2417 -0.2156 -0.3181 -0.3889 -0.0056 0.2496 -0.1561 -0.2834 -0.3680 -0.3268 0.0487 -0.3268 -0.3680 -0.2834 -0.1561 0.2496 -0.0056 -0.3889 -0.3181 -0.2156 0.2417 0.1058 -0.3727 -0.3503 -0.2605 -0.0857 0.1916 -0.1884 -0.3770 -0.2957 -0.1793 0.2742 0.0431 -0.3913 -0.3295 -0.2330 0.1266 0.1355 -0.3382 -0.3607 -0.2734 -0.1316 0.2246 -0.0672 -0.3848 -0.3094 -0.2028 0.2733 0.0877 -0.3826 -0.3452 -0.2555 -0.0655 0.1848 -0.2031 -0.3768 -0.2965 -0.1829 0.2784 0.0579 -0.3849
0.0588 0.2794 -0.1851 -0.2977 -0.3776 -0.1926 0.1875 -0.0711 -0.2564 -0.3459 -0.3819 0.0886 0.2729 -0.2028 -0.3093 -0.3846 -0.0708 0.2231 -0.1296 -0.2725 -0.3600 -0.3419 0.1330 0.1395 -0.2314 -0.3284 -0.3913 0.0389 0.2722 -0.1770 -0.2944 -0.3762 -0.2005 0.1884 -0.0793 -0.2592 -0.3492 -0.3751 0.1026 0.2490 -0.2137 -0.3169 -0.3884 -0.0124 0.2465 -0.1534 -0.2824 -0.3677 -0.3032 0.1371 0.2721 0.1371 -0.3032 -0.3677 -0.2824 -0.1534 0.2465 -0.0124 -0.3884 -0.3169 -0.2137 0.2490 0.1026 -0.3751 -0.3492 -0.2592 -0.0793 0.1884 -0.2005 -0.3762 -0.2944 -0.1770 0.2722 0.0389 -0.3913 -0.3284 -0.2314 0.1395 0.1330 -0.3419 -0.3600 -0.2725 -0.1296 0.2231 -0.0708 -0.3846 -0.3093 -0.2028 0.2729 0.0886 -0.3819 -0.3459 -0.2564 -0.0711 0.1875 -0.1926 -0.3776 -0.2977 -0.1851 0.2794 0.0588
0.2778 -0.1873 -0.2990 -0.3784 -0.1810 0.1904 -0.0770 -0.2575 -0.3467 -0.3809 0.0904 0.2716 -0.2034 -0.3094 -0.3846 -0.0721 0.2223 -0.1283 -0.2719 -0.3595 -0.3447 0.1309 0.1509 -0.2300 -0.3275 -0.3913 0.0349 0.2702 -0.1747 -0.2931 -0.3753 -0.2123 0.1851 -0.0724 -0.2578 -0.3480 -0.3772 0.0994 0.2554 -0.2117 -0.3156 -0.3879 -0.0196 0.2432 -0.1505 -0.2811 -0.3668 -0.3025 0.1504 0.1270 -0.1804 0.1270 0.1504 -0.3025 -0.3668 -0.2811 -0.1505 0.2432 -0.0196 -0.3879 -0.3156 -0.2117 0.2554 0.0994 -0.3772 -0.3480 -0.2578 -0.0724 0.1851 -0.2123 -0.3753 -0.2931 -0.1747 0.2702 0.0349 -0.3913 -0.3275 -0.2300 0.1509 0.1309 -0.3447 -0.3595 -0.2719 -0.1283 0.2223 -0.0721 -0.3846 -0.3094 -0.2034 0.2716 0.0904 -0.3809 -0.3467 -0.2575 -0.0770 0.1904 -0.1810 -0.3784 -0.2990 -0.1873 0.2778
-0.1848 -0.3003 -0.3792 -0.1686 0.1936 -0.0832 -0.2587 -0.3477 -0.3795 0.0926 0.2696 -0.2044 -0.3099 -0.3848 -0.0708 0.2223 -0.1278 -0.2716 -0.3591 -0.3466 0.1293 0.1599 -0.2288 -0.3266 -0.3912 0.0311 0.2682 -0.1727 -0.2919 -0.3745 -0.2234 0.1819 -0.0651 -0.2565 -0.3469 -0.3791 0.0962 0.2610 -0.2098 -0.3143 -0.3873 -0.0273 0.2399 -0.1475 -0.2798 -0.3659 -0.3079 0.1512 0.0621 -0.2321 -0.2937 -0.2321 0.0621 0.1512 -0.3079 -0.3659 -0.2798 -0.1475 0.2399 -0.0273 -0.3873 -0.3143 -0.2098 0.2610 0.0962 -0.3791 -0.3469 -0.2565 -0.0651 0.1819 -0.2234 -0.3745 -0.2919 -0.1727 0.2682 0.0311 -0.3912 -0.3266 -0.2288 0.1599 0.1293 -0.3466 -0.3591 -0.2716 -0.1278 0.2223 -0.0708 -0.3848 -0.3099 -0.2044 0.2696 0.0926 -0.3795 -0.3477 -0.2587 -0.0832 0.1936 -0.1686 -0.3792 -0.3003 -0.1848
-0.2929 -0.3799 -0.1560 0.1968 -0.0893 -0.2600 -0.3487 -0.3779 0.0953 0.2666 -0.2057 -0.3107 -0.3851 -0.0672 0.2231 -0.1283 -0.2716 -0.3589 -0.3477 0.1283 0.1658 -0.2278 -0.3259 -0.3911 0.0277 0.2664 -0.1708 -0.2909 -0.3738 -0.2334 0.1789 -0.0573 -0.2551 -0.3457 -0.3809 0.0929 0.2658 -0.2078 -0.3131 -0.3867 -0.0355 0.2366 -0.1443 -0.2785 -0.3649 -0.3143 0.1489 0.0601 -0.2386 -0.3288 -0.3807 -0.3288 -0.2386 0.0601 0.1489 -0.3143 -0.3649 -0.2785 -0.1443 0.2366 -0.0355 -0.3867 -0.3131 -0.2078 0.2658 0.0929 -0.3809 -0.3457 -0.2551 -0.0573 0.1789 -0.2334 -0.3738 -0.2909 -0.1708 0.2664 0.0277 -0.3911 -0.3259 -0.2278 0.1658 0.1283 -0.3477 -0.3589 -0.2716 -0.1283 0.2231 -0.0672 -0.3851 -0.3107 -0.2057 0.2666 0.0953 -0.3779 -0.3487 -0.2600 -0.0893 0.1968 -0.1560 -0.3799 -0.2929
-0.3735 -0.1434 0.2001 -0.0951 -0.2613 -0.3499 -0.3759 0.0982 0.2627 -0.2073 -0.3116 -0.3855 -0.0615 0.2246 -0.1296 -0.2719 -0.3591 -0.3477 0.1279 0.1690 -0.2273 -0.3254 -0.3910 0.0249 0.2647 -0.1691 -0.2900 -0.3731 -0.2420 0.1762 -0.0495 -0.2539 -0.3446 -0.3825 0.0896 0.2698 -0.2058 -0.3118 -0.3861 -0.0442 0.2333 -0.1411 -0.2772 -0.3639 -0.3207 0.1458 0.0724 -0.2387 -0.3323 -0.3929 -0.2304 -0.3929 -0.3323 -0.2387 0.0724 0.1458 -0.3207 -0.3639 -0.2772 -0.1411 0.2333 -0.0442 -0.3861 -0.3118 -0.2058 0.2698 0.0896 -0.3825 -0.3446 -0.2539 -0.0495 0.1762 -0.2420 -0.3731 -0.2900 -0.1691 0.2647 0.0249 -0.3910 -0.3254 -0.2273 0.1690 0.1279 -0.3477 -0.3591 -0.2719 -0.1296 0.2246 -0.0615 -0.3855 -0.3116 -0.2073 0.2627 0.0982 -0.3759 -0.3499 -0.2613 -0.0951 0.2001 -0.1434 -0.3735
-0.1385 0.2035 -0.1004 -0.2626 -0.3510 -0.3737 0.1013 0.2577 -0.2091 -0.3127 -0.3860 -0.0543 0.2267 -0.1316 -0.2725 -0.3595 -0.3466 0.1283 0.1690 -0.2271 -0.3251 -0.3909 0.0228 0.2633 -0.1677 -0.2891 -0.3725 -0.2492 0.1738 -0.0422 -0.2528 -0.3436 -0.3838 0.0865 0.2730 -0.2039 -0.3105 -0.3855 -0.0534 0.2300 -0.1378 -0.2759 -0.3628 -0.3268 0.1425 0.0884 -0.2373 -0.3322 -0.3912 0.0256 0.1725 0.0256 -0.3912 -0.3322 -0.2373 0.0884 0.1425 -0.3268 -0.3628 -0.2759 -0.1378 0.2300 -0.0534 -0.3855 -0.3105 -0.2039 0.2730 0.0865 -0.3838 -0.3436 -0.2528 -0.0422 0.1738 -0.2492 -0.3725 -0.2891 -0.1677 0.2633 0.0228 -0.3909 -0.3251 -0.2271 0.1690 0.1283 -0.3466 -0.3595 -0.2725 -0.1316 0.2267 -0.0543 -0.3860 -0.3127 -0.2091 0.2577 0.1013 -0.3737 -0.3510 -0.2626 -0.1004 0.2035 -0.1385
0.2052 -0.1055 -0.2640 -0.3521 -0.3712 0.1045 0.2517 -0.2110 -0.3139 -0.3865 -0.0466 0.2293 -0.1341 -0.2734 -0.3600 -0.3447 0.1293 0.1658 -0.2273 -0.3251 -0.3909 0.0218 0.2625 -0.1666 -0.2885 -0.3720 -0.2554 0.1718 -0.0353 -0.2517 -0.3427 -0.3849 0.0836 0.2754 -0.2020 -0.3093 -0.3849 -0.0631 0.2266 -0.1343 -0.2745 -0.3618 -0.3324 0.1393 0.1053 -0.2355 -0.3312 -0.3912 0.0429 0.2628 -0.0367 0.2628 0.0429 -0.3912 -0.3312 -0.2355 0.1053 0.1393 -0.3324 -0.3618 -0.2745 -0.1343 0.2266 -0.0631 -0.3849 -0.3093 -0.2020 0.2754 0.0836 -0.3849 -0.3427 -0.2517 -0.0353 0.1718 -0.2554 -0.3720 -0.2885 -0.1666 0.2625 0.0218 -0.3909 -0.3251 -0.2273 0.1658 0.1293 -0.3447 -0.3600 -0.2734 -0.1341 0.2293 -0.0466 -0.3865 -0.3139 -0.2110 0.2517 0.1045 -0.3712 -0.3521 -0.2640 -0.1055 0.2052
-0.1085 -0.2653 -0.3532 -0.3685 0.1077 0.2447 -0.2129 -0.3151 -0.3871 -0.0387 0.2322 -0.1369 -0.2743 -0.3607 -0.3419 0.1309 0.1599 -0.2278 -0.3254 -0.3909 0.0218 0.2622 -0.1661 -0.2881 -0.3716 -0.2603 0.1701 -0.0290 -0.2508 -0.3418 -0.3858 0.0810 0.2771 -0.2002 -0.3081 -0.3843 -0.0731 0.2233 -0.1307 -0.2732 -0.3607 -0.3377 0.1361 0.1220 -0.2336 -0.3300 -0.3913 0.0434 0.2722 -0.1654 -0.2504 -0.1654 0.2722 0.0434 -0.3913 -0.3300 -0.2336 0.1220 0.1361 -0.3377 -0.3607 -0.2732 -0.1307 0.2233 -0.0731 -0.3843 -0.3081 -0.2002 0.2771 0.0810 -0.3858 -0.3418 -0.2508 -0.0290 0.1701 -0.2603 -0.3716 -0.2881 -0.1661 0.2622 0.0218 -0.3909 -0.3254 -0.2278 0.1599 0.1309 -0.3419 -0.3607 -0.2743 -0.1369 0.2322 -0.0387 -0.3871 -0.3151 -0.2129 0.2447 0.1077 -0.3685 -0.3532 -0.2653 -0.1085
-0.2576 -0.3543 -0.3656 0.1109 0.2368 -0.2148 -0.3164 -0.3877 -0.0305 0.2353 -0.1399 -0.2755 -0.3616 -0.3382 0.1330 0.1509 -0.2288 -0.3259 -0.3910 0.0228 0.2625 -0.1661 -0.2879 -0.3714 -0.2632 0.1688 -0.0239 -0.2501 -0.3411 -0.3865 0.0786 0.2784 -0.1987 -0.3071 -0.3837 -0.0828 0.2201 -0.1271 -0.2719 -0.3597 -0.3426 0.1329 0.1383 -0.2318 -0.3288 -0.3913 0.0402 0.2724 -0.1746 -0.2872 -0.3442 -0.2872 -0.1746 0.2724 0.0402 -0.3913 -0.3288 -0.2318 0.1383 0.1329 -0.3426 -0.3597 -0.2719 -0.1271 0.2201 -0.0828 -0.3837 -0.3071 -0.1987 0.2784 0.0786 -0.3865 -0.3411 -0.2501 -0.0239 0.1688 -0.2632 -0.3714 -0.2879 -0.1661 0.2625 0.0228 -0.3910 -0.3259 -0.2288 0.1509 0.1330 -0.3382 -0.3616 -0.2755 -0.1399 0.2353 -0.0305 -0.3877 -0.3164 -0.2148 0.2368 0.1109 -0.3656 -0.3543 -0.2576
-0.3473 -0.3624 0.1141 0.2279 -0.2167 -0.3176 -0.3882 -0.0227 0.2386 -0.1431 -0.2767 -0.3625 -0.3339 0.1355 0.1395 -0.2300 -0.3266 -0.3911 0.0249 0.2633 -0.1666 -0.2881 -0.3714 -0.2641 0.1682 -0.0205 -0.2496 -0.3406 -0.3870 0.0765 0.2792 -0.1973 -0.3062 -0.3832 -0.0917 0.2173 -0.1236 -0.2707 -0.3587 -0.3471 0.1297 0.1540 -0.2299 -0.3275 -0.3913 0.0359 0.2707 -0.1748 -0.2919 -0.3733 -0.3921 -0.3733 -0.2919 -0.1748 0.2707 0.0359 -0.3913 -0.3275 -0.2299 0.1540 0.1297 -0.3471 -0.3587 -0.2707 -0.1236 0.2173 -0.0917 -0.3832 -0.3062 -0.1973 0.2792 0.0765 -0.3870 -0.3406 -0.2496 -0.0205 0.1682 -0.2641 -0.3714 -0.2881 -0.1666 0.2633 0.0249 -0.3911 -0.3266 -0.2300 0.1395 0.1355 -0.3339 -0.3625 -0.2767 -0.1431 0.2386 -0.0227 -0.3882 -0.3176 -0.2167 0.2279 0.1141 -0.3624 -0.3473
-0.3571 0.1173 0.2180 -0.2187 -0.3189 -0.3887 -0.0152 0.2419 -0.1462 -0.2780 -0.3634 -0.3289 0.1382 0.1266 -0.2314 -0.3275 -0.3912 0.0277 0.2647 -0.1677 -0.2885 -0.3716 -0.2632 0.1682 -0.0194 -0.2493 -0.3402 -0.3874 0.0749 0.2798 -0.1961 -0.3054 -0.3827 -0.0998 0.2148 -0.1203 -0.2696 -0.3577 -0.3510 0.1267 0.1685 -0.2280 -0.3263 -0.3912 0.0312 0.2685 -0.1730 -0.2919 -0.3742 -0.2798 0.0731 -0.2798 -0.3742 -0.2919 -0.1730 0.2685 0.0312 -0.3912 -0.3263 -0.2280 0.1685 0.1267 -0.3510 -0.3577 -0.2696 -0.1203 0.2148 -0.0998 -0.3827 -0.3054 -0.1961 0.2798 0.0749 -0.3874 -0.3402 -0.2493 -0.0194 0.1682 -0.2632 -0.3716 -0.2885 -0.1677 0.2647 0.0277 -0.3912 -0.3275 -0.2314 0.1266 0.1382 -0.3289 -0.3634 -0.2780 -0.1462 0.2419 -0.0152 -0.3887 -0.3189 -0.2187 0.2180 0.1173 -0.3571
0.1182 0.2071 -0.2206 -0.3201 -0.3892 -0.0083 0.2452 -0.1493 -0.2793 -0.3645 -0.3232 0.1413 0.1116 -0.2330 -0.3284 -0.3913 0.0311 0.2664 -0.1691 -0.2891 -0.3720 -0.2603 0.1688 -0.0205 -0.2493 -0.3401 -0.3876 0.0738 0.2801 -0.1951 -0.3047 -0.3823 -0.1068 0.2126 -0.1174 -0.2686 -0.3569 -0.3543 0.1240 0.1811 -0.2262 -0.3251 -0.3910 0.0263 0.2659 -0.1707 -0.2909 -0.3738 -0.2455 0.1578 0.2793 0.1578 -0.2455 -0.3738 -0.2909 -0.1707 0.2659 0.0263 -0.3910 -0.3251 -0.2262 0.1811 0.1240 -0.3543 -0.3569 -0.2686 -0.1174 0.2126 -0.1068 -0.3823 -0.3047 -0.1951 0.2801 0.0738 -0.3876 -0.3401 -0.2493 -0.0205 0.1688 -0.2603 -0.3720 -0.2891 -0.1691 0.2664 0.0311 -0.3913 -0.3284 -0.2330 0.1116 0.1413 -0.3232 -0.3645 -0.2793 -0.1493 0.2452 -0.0083 -0.3892 -0.3201 -0.2206 0.2071 0.1182
0.1922 -0.2225 -0.3214 -0.3897 -0.0017 0.2484 -0.1522 -0.2806 -0.3655 -0.3169 0.1445 0.0951 -0.2347 -0.3295 -0.3913 0.0349 0.2682 -0.1708 -0.2900 -0.3725 -0.2554 0.1701 -0.0239 -0.2496 -0.3402 -0.3876 0.0734 0.2802 -0.1945 -0.3042 -0.3820 -0.1131 0.2107 -0.1148 -0.2677 -0.3561 -0.3571 0.1216 0.1916 -0.2246 -0.3240 -0.3908 0.0213 0.2633 -0.1683 -0.2897 -0.3730 -0.2444 0.1720 0.0201 -0.1961 0.0201 0.1720 -0.2444 -0.3730 -0.2897 -0.1683 0.2633 0.0213 -0.3908 -0.3240 -0.2246 0.1916 0.1216 -0.3571 -0.3561 -0.2677 -0.1148 0.2107 -0.1131 -0.3820 -0.3042 -0.1945 0.2802 0.0734 -0.3876 -0.3402 -0.2496 -0.0239 0.1701 -0.2554 -0.3725 -0.2900 -0.1708 0.2682 0.0349 -0.3913 -0.3295 -0.2347 0.0951 0.1445 -0.3169 -0.3655 -0.2806 -0.1522 0.2484 -0.0017 -0.3897 -0.3214 -0.2225 0.1922
-0.2171 -0.3226 -0.3901 0.0046 0.2516 -0.1551 -0.2819 -0.3665 -0.3103 0.1478 0.0782 -0.2366 -0.3307 -0.3913 0.0389 0.2702 -0.1727 -0.2909 -0.3731 -0.2492 0.1718 -0.0290 -0.2501 -0.3406 -0.3874 0.0738 0.2802 -0.1943 -0.3039 -0.3818 -0.1179 0.2093 -0.1125 -0.2670 -0.3555 -0.3595 0.1194 0.2006 -0.2232 -0.3230 -0.3905 0.0165 0.2606 -0.1658 -0.2884 -0.3721 -0.2520 0.1727 -0.0283 -0.2439 -0.3025 -0.2439 -0.0283 0.1727 -0.2520 -0.3721 -0.2884 -0.1658 0.2606 0.0165 -0.3905 -0.3230 -0.2232 0.2006 0.1194 -0.3595 -0.3555 -0.2670 -0.1125 0.2093 -0.1179 -0.3818 -0.3039 -0.1943 0.2802 0.0738 -0.3874 -0.3406 -0.2501 -0.0290 0.1718 -0.2492 -0.3731 -0.2909 -0.1727 0.2702 0.0389 -0.3913 -0.3307 -0.2366 0.0782 0.1478 -0.3103 -0.3665 -0.2819 -0.1551 0.2516 0.0046 -0.3901 -0.3226 -0.2171
-0.3154 -0.3905 0.0105 0.2547 -0.1579 -0.2832 -0.3675 -0.3032 0.1511 0.0615 -0.2385 -0.3320 -0.3912 0.0431 0.2722 -0.1747 -0.2919 -0.3738 -0.2420 0.1738 -0.0353 -0.2508 -0.3411 -0.3870 0.0749 0.2801 -0.1945 -0.3039 -0.3817 -0.1203 0.2083 -0.1108 -0.2664 -0.3549 -0.3614 0.1175 0.2081 -0.2219 -0.3221 -0.3902 0.0121 0.2581 -0.1635 -0.2872 -0.3712 -0.2611 0.1703 -0.0296 -0.2496 -0.3371 -0.3867 -0.3371 -0.2496 -0.0296 0.1703 -0.2611 -0.3712 -0.2872 -0.1635 0.2581 0.0121 -0.3902 -0.3221 -0.2219 0.2081 0.1175 -0.3614 -0.3549 -0.2664 -0.1108 0.2083 -0.1203 -0.3817 -0.3039 -0.1945 0.2801 0.0749 -0.3870 -0.3411 -0.2508 -0.0353 0.1738 -0.2420 -0.3738 -0.2919 -0.1747 0.2722 0.0431 -0.3912 -0.3320 -0.2385 0.0615 0.1511 -0.3032 -0.3675 -0.2832 -0.1579 0.2547 0.0105 -0.3905 -0.3154
-0.3845 0.0161 0.2577 -0.1606 -0.2845 -0.3684 -0.2956 0.1544 0.0453 -0.2403 -0.3332 -0.3910 0.0474 0.2742 -0.1770 -0.2931 -0.3745 -0.2334 0.1762 -0.0422 -0.2517 -0.3418 -0.3865 0.0765 0.2798 -0.1951 -0.3042 -0.3818 -0.1203 0.2079 -0.1099 -0.2660 -0.3545 -0.3629 0.1159 0.2142 -0.2208 -0.3213 -0.3900 0.0080 0.2559 -0.1613 -0.2860 -0.3704 -0.2697 0.1675 -0.0218 -0.2498 -0.3402 -0.3913 -0.1506 -0.3913 -0.3402 -0.2498 -0.0218 0.1675 -0.2697 -0.3704 -0.2860 -0.1613 0.2559 0.0080 -0.3900 -0.3213 -0.2208 0.2142 0.1159 -0.3629 -0.3545 -0.2660 -0.1099 0.2079 -0.1203 -0.3818 -0.3042 -0.1951 0.2798 0.0765 -0.3865 -0.3418 -0.2517 -0.0422 0.1762 -0.2334 -0.3745 -0.2931 -0.1770 0.2742 0.0474 -0.3910 -0.3332 -0.2403 0.0453 0.1544 -0.2956 -0.3684 -0.2845 -0.1606 0.2577 0.0161 -0.3845
0.0175 0.2606 -0.1633 -0.2858 -0.3694 -0.2876 0.1577 0.0299 -0.2422 -0.3344 -0.3908 0.0515 0.2760 -0.1793 -0.2944 -0.3753 -0.2234 0.1789 -0.0495 -0.2528 -0.3427 -0.3858 0.0786 0.2792 -0.1961 -0.3047 -0.3820 -0.1179 0.2083 -0.1099 -0.2659 -0.3543 -0.3638 0.1147 0.2190 -0.2199 -0.3206 -0.3898 0.0044 0.2539 -0.1595 -0.2851 -0.3696 -0.2773 0.1648 -0.0118 -0.2489 -0.3401 -0.3882 0.0545 0.1938 0.0545 -0.3882 -0.3401 -0.2489 -0.0118 0.1648 -0.2773 -0.3696 -0.2851 -0.1595 0.2539 0.0044 -0.3898 -0.3206 -0.2199 0.2190 0.1147 -0.3638 -0.3543 -0.2659 -0.1099 0.2083 -0.1179 -0.3820 -0.3047 -0.1961 0.2792 0.0786 -0.3858 -0.3427 -0.2528 -0.0495 0.1789 -0.2234 -0.3753 -0.2944 -0.1793 0.2760 0.0515 -0.3908 -0.3344 -0.2422 0.0299 0.1577 -0.2876 -0.3694 -0.2858 -0.1633 0.2606 0.0175
0.2616 -0.1659 -0.2871 -0.3703 -0.2792 0.1611 0.0153 -0.2441 -0.3356 -0.3904 0.0555 0.2776 -0.1816 -0.2957 -0.3762 -0.2123 0.1819 -0.0573 -0.2539 -0.3436 -0.3849 0.0810 0.2784 -0.1973 -0.3054 -0.3823 -0.1131 0.2093 -0.1108 -0.2660 -0.3543 -0.3642 0.1141 0.2220 -0.2191 -0.3201 -0.3895 0.0012 0.2522 -0.1578 -0.2842 -0.3690 -0.2838 0.1622 -0.0017 -0.2478 -0.3392 -0.3881 0.0688 0.2774 -0.0887 0.2774 0.0688 -0.3881 -0.3392 -0.2478 -0.0017 0.1622 -0.2838 -0.3690 -0.2842 -0.1578 0.2522 0.0012 -0.3895 -0.3201 -0.2191 0.2220 0.1141 -0.3642 -0.3543 -0.2660 -0.1108 0.2093 -0.1131 -0.3823 -0.3054 -0.1973 0.2784 0.0810 -0.3849 -0.3436 -0.2539 -0.0573 0.1819 -0.2123 -0.3762 -0.2957 -0.1816 0.2776 0.0555 -0.3904 -0.3356 -0.2441 0.0153 0.1611 -0.2792 -0.3703 -0.2871 -0.1659 0.2616
-0.1648 -0.2885 -0.3713 -0.2702 0.1644 0.0016 -0.2459 -0.3368 -0.3899 0.0594 0.2788 -0.1838 -0.2970 -0.3770 -0.2005 0.1851 -0.0651 -0.2551 -0.3446 -0.3838 0.0836 0.2771 -0.1987 -0.3062 -0.3827 -0.1068 0.2107 -0.1125 -0.2664 -0.3545 -0.3638 0.1141 0.2230 -0.2188 -0.3197 -0.3893 -0.0016 0.2507 -0.1564 -0.2835 -0.3684 -0.2892 0.1599 0.0082 -0.2466 -0.3383 -0.3886 0.0697 0.2807 -0.1815 -0.2596 -0.1815 0.2807 0.0697 -0.3886 -0.3383 -0.2466 0.0082 0.1599 -0.2892 -0.3684 -0.2835 -0.1564 0.2507 -0.0016 -0.3893 -0.3197 -0.2188 0.2230 0.1141 -0.3638 -0.3545 -0.2664 -0.1125 0.2107 -0.1068 -0.3827 -0.3062 -0.1987 0.2771 0.0836 -0.3838 -0.3446 -0.2551 -0.0651 0.1851 -0.2005 -0.3770 -0.2970 -0.1838 0.2788 0.0594 -0.3899 -0.3368 -0.2459 0.0016 0.1644 -0.2702 -0.3713 -0.2885 -0.1648
-0.2809 -0.3722 -0.2608 0.1675 -0.0110 -0.2475 -0.3380 -0.3894 0.0632 0.2798 -0.1860 -0.2983 -0.3779 -0.1884 0.1884 -0.0724 -0.2565 -0.3457 -0.3825 0.0865 0.2754 -0.2002 -0.3071 -0.3832 -0.0998 0.2126 -0.1148 -0.2670 -0.3549 -0.3629 0.1147 0.2220 -0.2188 -0.3196 -0.3893 -0.0035 0.2495 -0.1553 -0.2829 -0.3679 -0.2936 0.1579 0.0173 -0.2453 -0.3375 -0.3891 0.0677 0.2806 -0.1898 -0.2961 -0.3526 -0.2961 -0.1898 0.2806 0.0677 -0.3891 -0.3375 -0.2453 0.0173 0.1579 -0.2936 -0.3679 -0.2829 -0.1553 0.2495 -0.0035 -0.3893 -0.3196 -0.2188 0.2220 0.1147 -0.3629 -0.3549 -0.2670 -0.1148 0.2126 -0.0998 -0.3832 -0.3071 -0.2002 0.2754 0.0865 -0.3825 -0.3457 -0.2565 -0.0724 0.1884 -0.1884 -0.3779 -0.2983 -0.1860 0.2798 0.0632 -0.3894 -0.3380 -0.2475 -0.0110 0.1675 -0.2608 -0.3722 -0.2809
-0.3655 -0.2510 0.1707 -0.0227 -0.2489 -0.3392 -0.3887 0.0669 0.2804 -0.1882 -0.2995 -0.3787 -0.1761 0.1916 -0.0793 -0.2578 -0.3469 -0.3809 0.0896 0.2730 -0.2020 -0.3081 -0.3837 -0.0917 0.2148 -0.1174 -0.2677 -0.3555 -0.3614 0.1159 0.2190 -0.2191 -0.3197 -0.3893 -0.0042 0.2489 -0.1544 -0.2824 -0.3675 -0.2971 0.1562 0.0253 -0.2442 -0.3367 -0.3895 0.0653 0.2805 -0.1903 -0.3007 -0.3796 -0.3812 -0.3796 -0.3007 -0.1903 0.2805 0.0653 -0.3895 -0.3367 -0.2442 0.0253 0.1562 -0.2971 -0.3675 -0.2824 -0.1544 0.2489 -0.0042 -0.3893 -0.3197 -0.2191 0.2190 0.1159 -0.3614 -0.3555 -0.2677 -0.1174 0.2148 -0.0917 -0.3837 -0.3081 -0.2020 0.2730 0.0896 -0.3809 -0.3469 -0.2578 -0.0793 0.1916 -0.1761 -0.3787 -0.2995 -0.1882 0.2804 0.0669 -0.3887 -0.3392 -0.2489 -0.0227 0.1707 -0.2510 -0.3655
-0.2454 0.1738 -0.0334 -0.2503 -0.3404 -0.3879 0.0706 0.2806 -0.1903 -0.3008 -0.3795 -0.1635 0.1949 -0.0857 -0.2592 -0.3480 -0.3791 0.0929 0.2698 -0.2039 -0.3093 -0.3843 -0.0828 0.2173 -0.1203 -0.2686 -0.3561 -0.3595 0.1175 0.2142 -0.2199 -0.3201 -0.3893 -0.0035 0.2489 -0.1541 -0.2822 -0.3673 -0.2998 0.1548 0.0320 -0.2433 -0.3360 -0.3899 0.0630 0.2803 -0.1893 -0.3010 -0.3799 -0.2100 0.0953 -0.2100 -0.3799 -0.3010 -0.1893 0.2803 0.0630 -0.3899 -0.3360 -0.2433 0.0320 0.1548 -0.2998 -0.3673 -0.2822 -0.1541 0.2489 -0.0035 -0.3893 -0.3201 -0.2199 0.2142 0.1175 -0.3595 -0.3561 -0.2686 -0.1203 0.2173 -0.0828 -0.3843 -0.3093 -0.2039 0.2698 0.0929 -0.3791 -0.3480 -0.2592 -0.0857 0.1949 -0.1635 -0.3795 -0.3008 -0.1903 0.2806 0.0706 -0.3879 -0.3404 -0.2503 -0.0334 0.1738 -0.2454
0.1752 -0.0433 -0.2517 -0.3416 -0.3869 0.0741 0.2804 -0.1925 -0.3021 -0.3803 -0.1510 0.1981 -0.0917 -0.2605 -0.3492 -0.3772 0.0962 0.2658 -0.2058 -0.3105 -0.3849 -0.0731 0.2201 -0.1236 -0.2696 -0.3569 -0.3571 0.1194 0.2081 -0.2208 -0.3206 -0.3895 -0.0016 0.2495 -0.1544 -0.2822 -0.3672 -0.3012 0.1539 0.0374 -0.2425 -0.3355 -0.3901 0.0610 0.2799 -0.1881 -0.3005 -0.3798 -0.1633 0.1800 0.2663 0.1800 -0.1633 -0.3798 -0.3005 -0.1881 0.2799 0.0610 -0.3901 -0.3355 -0.2425 0.0374 0.1539 -0.3012 -0.3672 -0.2822 -0.1544 0.2495 -0.0016 -0.3895 -0.3206 -0.2208 0.2081 0.1194 -0.3571 -0.3569 -0.2696 -0.1236 0.2201 -0.0731 -0.3849 -0.3105 -0.2058 0.2658 0.0962 -0.3772 -0.3492 -0.2605 -0.0917 0.1981 -0.1510 -0.3803 -0.3021 -0.1925 0.2804 0.0741 -0.3869 -0.3416 -0.2517 -0.0433 0.1752
-0.0516 -0.2530 -0.3427 -0.3859 0.0776 0.2798 -0.1946 -0.3034 -0.3810 -0.1384 0.2014 -0.0973 -0.2618 -0.3503 -0.3751 0.0994 0.2610 -0.2078 -0.3118 -0.3855 -0.0631 0.2233 -0.1271 -0.2707 -0.3577 -0.3543 0.1216 0.2006 -0.2219 -0.3213 -0.3898 0.0012 0.2507 -0.1553 -0.2824 -0.3673 -0.3012 0.1536 0.0405 -0.2420 -0.3351 -0.3903 0.0592 0.2795 -0.1870 -0.2998 -0.3794 -0.1579 0.1954 -0.0591 -0.2097 -0.0591 0.1954 -0.1579 -0.3794 -0.2998 -0.1870 0.2795 0.0592 -0.3903 -0.3351 -0.2420 0.0405 0.1536 -0.3012 -0.3673 -0.2824 -0.1553 0.2507 0.0012 -0.3898 -0.3213 -0.2219 0.2006 0.1216 -0.3543 -0.3577 -0.2707 -0.1271 0.2233 -0.0631 -0.3855 -0.3118 -0.2078 0.2610 0.0994 -0.3751 -0.3503 -0.2618 -0.0973 0.2014 -0.1384 -0.3810 -0.3034 -0.1946 0.2798 0.0776 -0.3859 -0.3427 -0.2530 -0.0516
-0.2451 -0.3439 -0.3847 0.0811 0.2786 -0.1966 -0.3047 -0.3818 -0.1259 0.2047 -0.1025 -0.2632 -0.3514 -0.3727 0.1026 0.2554 -0.2098 -0.3131 -0.3861 -0.0534 0.2266 -0.1307 -0.2719 -0.3587 -0.3510 0.1240 0.1916 -0.2232 -0.3221 -0.3900 0.0044 0.2522 -0.1564 -0.2829 -0.3675 -0.2998 0.1539 0.0405 -0.2418 -0.3348 -0.3904 0.0579 0.2791 -0.1860 -0.2992 -0.3791 -0.1616 0.1970 -0.0879 -0.2543 -0.3122 -0.2543 -0.0879 0.1970 -0.1616 -0.3791 -0.2992 -0.1860 0.2791 0.0579 -0.3904 -0.3348 -0.2418 0.0405 0.1539 -0.2998 -0.3675 -0.2829 -0.1564 0.2522 0.0044 -0.3900 -0.3221 -0.2232 0.1916 0.1240 -0.3510 -0.3587 -0.2719 -0.1307 0.2266 -0.0534 -0.3861 -0.3131 -0.2098 0.2554 0.1026 -0.3727 -0.3514 -0.2632 -0.1025 0.2047 -0.1259 -0.3818 -0.3047 -0.1966 0.2786 0.0811 -0.3847 -0.3439 -0.2451
-0.3368 -0.3833 0.0845 0.2769 -0.1987 -0.3060 -0.3825 -0.1137 0.2081 -0.1075 -0.2645 -0.3526 -0.3702 0.1058 0.2490 -0.2117 -0.3143 -0.3867 -0.0442 0.2300 -0.1343 -0.2732 -0.3597 -0.3471 0.1267 0.1811 -0.2246 -0.3230 -0.3902 0.0080 0.2539 -0.1578 -0.2835 -0.3679 -0.2971 0.1548 0.0374 -0.2420 -0.3348 -0.3905 0.0571 0.2788 -0.1853 -0.2987 -0.3787 -0.1667 0.1962 -0.0911 -0.2600 -0.3463 -0.3922 -0.3463 -0.2600 -0.0911 0.1962 -0.1667 -0.3787 -0.2987 -0.1853 0.2788 0.0571 -0.3905 -0.3348 -0.2420 0.0374 0.1548 -0.2971 -0.3679 -0.2835 -0.1578 0.2539 0.0080 -0.3902 -0.3230 -0.2246 0.1811 0.1267 -0.3471 -0.3597 -0.2732 -0.1343 0.2300 -0.0442 -0.3867 -0.3143 -0.2117 0.2490 0.1058 -0.3702 -0.3526 -0.2645 -0.1075 0.2081 -0.1137 -0.3825 -0.3060 -0.1987 0.2769 0.0845 -0.3833 -0.3368
-0.3778 0.0878 0.2746 -0.2007 -0.3073 -0.3832 -0.1018 0.2114 -0.1121 -0.2658 -0.3537 -0.3674 0.1090 0.2417 -0.2137 -0.3156 -0.3873 -0.0355 0.2333 -0.1378 -0.2745 -0.3607 -0.3426 0.1297 0.1685 -0.2262 -0.3240 -0.3905 0.0121 0.2559 -0.1595 -0.2842 -0.3684 -0.2936 0.1562 0.0320 -0.2425 -0.3351 -0.3904 0.0571 0.2787 -0.1848 -0.2983 -0.3784 -0.1713 0.1951 -0.0899 -0.2607 -0.3495 -0.3839 -0.0616 -0.3839 -0.3495 -0.2607 -0.0899 0.1951 -0.1713 -0.3784 -0.2983 -0.1848 0.2787 0.0571 -0.3904 -0.3351 -0.2425 0.0320 0.1562 -0.2936 -0.3684 -0.2842 -0.1595 0.2559 0.0121 -0.3905 -0.3240 -0.2262 0.1685 0.1297 -0.3426 -0.3607 -0.2745 -0.1378 0.2333 -0.0355 -0.3873 -0.3156 -0.2137 0.2417 0.1090 -0.3674 -0.3537 -0.2658 -0.1121 0.2114 -0.1018 -0.3832 -0.3073 -0.2007 0.2746 0.0878 -0.3778
0.0886 0.2717 -0.2028 -0.3085 -0.3839 -0.0903 0.2147 -0.1166 -0.2672 -0.3548 -0.3643 0.1122 0.2334 -0.2156 -0.3169 -0.3879 -0.0273 0.2366 -0.1411 -0.2759 -0.3618 -0.3377 0.1329 0.1540 -0.2280 -0.3251 -0.3908 0.0165 0.2581 -0.1613 -0.2851 -0.3690 -0.2892 0.1579 0.0253 -0.2433 -0.3355 -0.3903 0.0579 0.2788 -0.1848 -0.2982 -0.3783 -0.1747 0.1941 -0.0881 -0.2605 -0.3498 -0.3769 0.0832 0.2202 0.0832 -0.3769 -0.3498 -0.2605 -0.0881 0.1941 -0.1747 -0.3783 -0.2982 -0.1848 0.2788 0.0579 -0.3903 -0.3355 -0.2433 0.0253 0.1579 -0.2892 -0.3690 -0.2851 -0.1613 0.2581 0.0165 -0.3908 -0.3251 -0.2280 0.1540 0.1329 -0.3377 -0.3618 -0.2759 -0.1411 0.2366 -0.0273 -0.3879 -0.3169 -0.2156 0.2334 0.1122 -0.3643 -0.3548 -0.2672 -0.1166 0.2147 -0.0903 -0.3839 -0.3085 -0.2028 0.2717 0.0886
0.2653 -0.2048 -0.3098 -0.3845 -0.0792 0.2181 -0.1208 -0.2685 -0.3559 -0.3611 0.1153 0.2241 -0.2175 -0.3181 -0.3884 -0.0196 0.2399 -0.1443 -0.2772 -0.3628 -0.3324 0.1361 0.1383 -0.2299 -0.3263 -0.3910 0.0213 0.2606 -0.1635 -0.2860 -0.3696 -0.2838 0.1599 0.0173 -0.2442 -0.3360 -0.3901 0.0592 0.2791 -0.1853 -0.2983 -0.3783 -0.1760 0.1934 -0.0867 -0.2602 -0.3496 -0.3755 0.0972 0.2774 -0.1284 0.2774 0.0972 -0.3755 -0.3496 -0.2602 -0.0867 0.1934 -0.1760 -0.3783 -0.2983 -0.1853 0.2791 0.0592 -0.3901 -0.3360 -0.2442 0.0173 0.1599 -0.2838 -0.3696 -0.2860 -0.1635 0.2606 0.0213 -0.3910 -0.3263 -0.2299 0.1383 0.1361 -0.3324 -0.3628 -0.2772 -0.1443 0.2399 -0.0196 -0.3884 -0.3181 -0.2175 0.2241 0.1153 -0.3611 -0.3559 -0.2685 -0.1208 0.2181 -0.0792 -0.3845 -0.3098 -0.2048 0.2653
-0.2010 -0.3111 -0.3852 -0.0687 0.2214 -0.1248 -0.2698 -0.3570 -0.3575 0.1185 0.2138 -0.2194 -0.3194 -0.3889 -0.0124 0.2432 -0.1475 -0.2785 -0.3639 -0.3268 0.1393 0.1220 -0.2318 -0.3275 -0.3912 0.0263 0.2633 -0.1658 -0.2872 -0.3704 -0.2773 0.1622 0.0082 -0.2453 -0.3367 -0.3899 0.0610 0.2795 -0.1860 -0.2987 -0.3784 -0.1747 0.1934 -0.0860 -0.2600 -0.3494 -0.3756 0.0998 0.2625 -0.1997 -0.2710 -0.1997 0.2625 0.0998 -0.3756 -0.3494 -0.2600 -0.0860 0.1934 -0.1747 -0.3784 -0.2987 -0.1860 0.2795 0.0610 -0.3899 -0.3367 -0.2453 0.0082 0.1622 -0.2773 -0.3704 -0.2872 -0.1658 0.2633 0.0263 -0.3912 -0.3275 -0.2318 0.1220 0.1393 -0.3268 -0.3639 -0.2785 -0.1475 0.2432 -0.0124 -0.3889 -0.3194 -0.2194 0.2138 0.1185 -0.3575 -0.3570 -0.2698 -0.1248 0.2214 -0.0687 -0.3852 -0.3111 -0.2010
-0.3037 -0.3858 -0.0587 0.2248 -0.1287 -0.2712 -0.3580 -0.3537 0.1217 0.2024 -0.2213 -0.3206 -0.3894 -0.0056 0.2465 -0.1505 -0.2798 -0.3649 -0.3207 0.1425 0.1053 -0.2336 -0.3288 -0.3913 0.0312 0.2659 -0.1683 -0.2884 -0.3712 -0.2697 0.1648 -0.0017 -0.2466 -0.3375 -0.3895 0.0630 0.2799 -0.1870 -0.2992 -0.3787 -0.1713 0.1941 -0.0867 -0.2600 -0.3493 -0.3758 0.1000 0.2583 -0.2081 -0.3076 -0.3629 -0.3076 -0.2081 0.2583 0.1000 -0.3758 -0.3493 -0.2600 -0.0867 0.1941 -0.1713 -0.3787 -0.2992 -0.1870 0.2799 0.0630 -0.3895 -0.3375 -0.2466 -0.0017 0.1648 -0.2697 -0.3712 -0.2884 -0.1683 0.2659 0.0312 -0.3913 -0.3288 -0.2336 0.1053 0.1425 -0.3207 -0.3649 -0.2798 -0.1505 0.2465 -0.0056 -0.3894 -0.3206 -0.2213 0.2024 0.1217 -0.3537 -0.3580 -0.2712 -0.1287 0.2248 -0.0587 -0.3858 -0.3037
-0.3796 -0.0492 0.2281 -0.1323 -0.2725 -0.3591 -0.3496 0.1248 0.1901 -0.2232 -0.3219 -0.3898 0.0008 0.2496 -0.1534 -0.2811 -0.3659 -0.3143 0.1458 0.0884 -0.2355 -0.3300 -0.3913 0.0359 0.2685 -0.1707 -0.2897 -0.3721 -0.2611 0.1675 -0.0118 -0.2478 -0.3383 -0.3891 0.0653 0.2803 -0.1881 -0.2998 -0.3791 -0.1667 0.1951 -0.0881 -0.2602 -0.3494 -0.3758 0.0999 0.2577 -0.2097 -0.3126 -0.3865 -0.3524 -0.3865 -0.3126 -0.2097 0.2577 0.0999 -0.3758 -0.3494 -0.2602 -0.0881 0.1951 -0.1667 -0.3791 -0.2998 -0.1881 0.2803 0.0653 -0.3891 -0.3383 -0.2478 -0.0118 0.1675 -0.2611 -0.3721 -0.2897 -0.1707 0.2685 0.0359 -0.3913 -0.3300 -0.2355 0.0884 0.1458 -0.3143 -0.3659 -0.2811 -0.1534 0.2496 0.0008 -0.3898 -0.3219 -0.2232 0.1901 0.1248 -0.3496 -0.3591 -0.2725 -0.1323 0.2281 -0.0492 -0.3796
-0.0469 0.2313 -0.1357 -0.2737 -0.3601 -0.3454 0.1278 0.1774 -0.2250 -0.3231 -0.3902 0.0067 0.2526 -0.1561 -0.2824 -0.3668 -0.3079 0.1489 0.0724 -0.2373 -0.3312 -0.3913 0.0402 0.2707 -0.1730 -0.2909 -0.3730 -0.2520 0.1703 -0.0218 -0.2489 -0.3392 -0.3886 0.0677 0.2805 -0.1893 -0.3005 -0.3794 -0.1616 0.1962 -0.0899 -0.2605 -0.3496 -0.3756 0.1000 0.2577 -0.2099 -0.3135 -0.3864 -0.0967 0.1232 -0.0967 -0.3864 -0.3135 -0.2099 0.2577 0.1000 -0.3756 -0.3496 -0.2605 -0.0899 0.1962 -0.1616 -0.3794 -0.3005 -0.1893 0.2805 0.0677 -0.3886 -0.3392 -0.2489 -0.0218 0.1703 -0.2520 -0.3730 -0.2909 -0.1730 0.2707 0.0402 -0.3913 -0.3312 -0.2373 0.0724 0.1489 -0.3079 -0.3668 -0.2824 -0.1561 0.2526 0.0067 -0.3902 -0.3231 -0.2250 0.1774 0.1278 -0.3454 -0.3601 -0.2737 -0.1357 0.2313 -0.0469
0.2322 -0.1383 -0.2747 -0.3610 -0.3419 0.1301 0.1669 -0.2264 -0.3241 -0.3905 0.0110 0.2549 -0.1582 -0.2834 -0.3677 -0.3025 0.1512 0.0601 -0.2387 -0.3322 -0.3912 0.0434 0.2724 -0.1748 -0.2919 -0.3738 -0.2444 0.1727 -0.0296 -0.2498 -0.3401 -0.3881 0.0697 0.2806 -0.1903 -0.3010 -0.3798 -0.1579 0.1970 -0.0911 -0.2607 -0.3498 -0.3755 0.0998 0.2583 -0.2097 -0.3135 -0.3866 -0.0532 0.2109 0.1919 0.2109 -0.0532 -0.3866 -0.3135 -0.2097 0.2583 0.0998 -0.3755 -0.3498 -0.2607 -0.0911 0.1970 -0.1579 -0.3798 -0.3010 -0.1903 0.2806 0.0697 -0.3881 -0.3401 -0.2498 -0.0296 0.1727 -0.2444 -0.3738 -0.2919 -0.1748 0.2724 0.0434 -0.3912 -0.3322 -0.2387 0.0601 0.1512 -0.3025 -0.3677 -0.2834 -0.1582 0.2549 0.0110 -0.3905 -0.3241 -0.2264 0.1669 0.1301 -0.3419 -0.3610 -0.2747 -0.1383 0.2322
-0.1354 -0.2746 -0.3613 -0.3424 0.1294 0.1687 -0.2264 -0.3242 -0.3904 0.0103 0.2546 -0.1579 -0.2833 -0.3680 -0.3032 0.1504 0.0621 -0.2386 -0.3323 -0.3912 0.0429 0.2722 -0.1746 -0.2919 -0.3742 -0.2455 0.1720 -0.0283 -0.2496 -0.3402 -0.3882 0.0688 0.2807 -0.1898 -0.3007 -0.3799 -0.1633 0.1954 -0.0879 -0.2600 -0.3495 -0.3769 0.0972 0.2625 -0.2081 -0.3126 -0.3864 -0.0532 0.2247 -0.1116 -0.2244 -0.1116 0.2247 -0.0532 -0.3864 -0.3126 -0.2081 0.2625 0.0972 -0.3769 -0.3495 -0.2600 -0.0879 0.1954 -0.1633 -0.3799 -0.3007 -0.1898 0.2807 0.0688 -0.3882 -0.3402 -0.2496 -0.0283 0.1720 -0.2455 -0.3742 -0.2919 -0.1746 0.2722 0.0429 -0.3912 -0.3323 -0.2386 0.0621 0.1504 -0.3032 -0.3680 -0.2833 -0.1579 0.2546 0.0103 -0.3904 -0.3242 -0.2264 0.1687 0.1294 -0.3424 -0.3613 -0.2746 -0.1354
-0.2605 -0.3594 -0.3574 0.1169 0.2172 -0.2196 -0.3204 -0.3915 -0.0131 0.2418 -0.1469 -0.2785 -0.3666 -0.3268 0.1371 0.1270 -0.2321 -0.3288 -0.3929 0.0256 0.2628 -0.1654 -0.2872 -0.3733 -0.2798 0.1578 0.0201 -0.2439 -0.3371 -0.3913 0.0545 0.2774 -0.1815 -0.2961 -0.3796 -0.2100 0.1800 -0.0591 -0.2543 -0.3463 -0.3839 0.0832 0.2774 -0.1997 -0.3076 -0.3865 -0.0968 0.2109 -0.1116 -0.2601 -0.3187 -0.2601 -0.1116 0.2109 -0.0967 -0.3865 -0.3076 -0.1997 0.2774 0.0832 -0.3839 -0.3463 -0.2543 -0.0591 0.1800 -0.2100 -0.3796 -0.2961 -0.1815 0.2774 0.0545 -0.3913 -0.3371 -0.2439 0.0201 0.1578 -0.2798 -0.3733 -0.2872 -0.1654 0.2628 0.0256 -0.3929 -0.3288 -0.2321 0.1270 0.1371 -0.3268 -0.3666 -0.2785 -0.1469 0.2418 -0.0131 -0.3915 -0.3204 -0.2196 0.2172 0.1169 -0.3574 -0.3594 -0.2605
-0.3190 -0.3973 0.0186 0.2553 -0.1631 -0.2848 -0.3740 -0.2937 0.1516 0.0497 -0.2404 -0.3358 -0.3967 0.0487 0.2721 -0.1804 -0.2937 -0.3807 -0.2304 0.1725 -0.0367 -0.2504 -0.3442 -0.3921 0.0731 0.2793 -0.1961 -0.3025 -0.3867 -0.1506 0.1938 -0.0887 -0.2596 -0.3526 -0.3812 0.0953 0.2663 -0.2097 -0.3122 -0.3922 -0.0616 0.2202 -0.1284 -0.2710 -0.3629 -0.3524 0.1232 0.1919 -0.2244 -0.3187 -0.3761 -0.3187 -0.2244 0.1919 0.1232 -0.3524 -0.3629 -0.2710 -0.1284 0.2202 -0.0616 -0.3922 -0.3122 -0.2097 0.2663 0.0953 -0.3812 -0.3526 -0.2596 -0.0887 0.1938 -0.1506 -0.3867 -0.3025 -0.1961 0.2793 0.0731 -0.3921 -0.3442 -0.2504 -0.0367 0.1725 -0.2304 -0.3807 -0.2937 -0.1804 0.2721 0.0487 -0.3967 -0.3358 -0.2404 0.0497 0.1516 -0.2937 -0.3740 -0.2848 -0.1631 0.2553 0.0186 -0.3973 -0.3190
