0.1547 0.1483 0.2255 0.4291 0.4861 0.1966 0.1399 0.1856 0.3350 0.5167 0.3332 0.1416 0.1594 0.2621 0.4895 0.4417 0.1580 0.1444 0.2103 0.3956 0.5012 0.2392 0.1392 0.1752 0.3073 0.5164 0.3763 0.1450 0.1531 0.2422 0.4604 0.4672 0.1720 0.1415 0.1966 0.3629 0.5116 0.2890 0.1398 0.1663 0.2825 0.5077 0.4132 0.1504 0.1480 0.2246 0.4266 0.4879 0.2052 0.1387 0.1526 0.1387 0.2052 0.4879 0.4266 0.2246 0.1480 0.1504 0.4132 0.5077 0.2825 0.1663 0.1398 0.2890 0.5116 0.3629 0.1966 0.1415 0.1720 0.4672 0.4604 0.2422 0.1531 0.1450 0.3763 0.5164 0.3073 0.1752 0.1392 0.2392 0.5012 0.3956 0.2103 0.1444 0.1580 0.4417 0.4895 0.2621 0.1594 0.1416 0.3332 0.5167 0.3350 0.1856 0.1399 0.1966 0.4861 0.4291 0.2255 0.1483 0.1547
0.1483 0.2237 0.4289 0.4872 0.1968 0.1357 0.1826 0.3331 0.5175 0.3362 0.1374 0.1560 0.2596 0.4891 0.4436 0.1549 0.1406 0.2075 0.3941 0.5024 0.2416 0.1350 0.1721 0.3052 0.5169 0.3790 0.1410 0.1496 0.2396 0.4596 0.4688 0.1701 0.1375 0.1937 0.3612 0.5126 0.2920 0.1356 0.1630 0.2802 0.5078 0.4155 0.1468 0.1443 0.2219 0.4257 0.4888 0.2012 0.1353 0.1737 0.2406 0.1737 0.1353 0.2012 0.4888 0.4257 0.2219 0.1443 0.1468 0.4155 0.5078 0.2802 0.1630 0.1356 0.2920 0.5126 0.3612 0.1937 0.1375 0.1701 0.4688 0.4596 0.2396 0.1496 0.1410 0.3790 0.5169 0.3052 0.1721 0.1350 0.2416 0.5024 0.3941 0.2075 0.1406 0.1549 0.4436 0.4891 0.2596 0.1560 0.1374 0.3362 0.5175 0.3331 0.1826 0.1357 0.1968 0.4872 0.4289 0.2237 0.1483
0.2255 0.4289 0.4879 0.1993 0.1356 0.1815 0.3302 0.5177 0.3410 0.1377 0.1553 0.2573 0.4863 0.4467 0.1562 0.1402 0.2059 0.3904 0.5037 0.2470 0.1350 0.1710 0.3023 0.5164 0.3833 0.1415 0.1489 0.2376 0.4560 0.4713 0.1724 0.1372 0.1923 0.3577 0.5134 0.2974 0.1358 0.1621 0.2776 0.5061 0.4191 0.1476 0.1439 0.2201 0.4219 0.4905 0.2045 0.1354 0.1786 0.3087 0.4605 0.3087 0.1786 0.1354 0.2045 0.4905 0.4219 0.2201 0.1439 0.1476 0.4191 0.5061 0.2776 0.1621 0.1358 0.2974 0.5134 0.3577 0.1923 0.1372 0.1724 0.4713 0.4560 0.2376 0.1489 0.1415 0.3833 0.5164 0.3023 0.1710 0.1350 0.2470 0.5037 0.3904 0.2059 0.1402 0.1562 0.4467 0.4863 0.2573 0.1553 0.1377 0.3410 0.5177 0.3302 0.1815 0.1356 0.1993 0.4879 0.4289 0.2255
0.4291 0.4872 0.1993 0.1355 0.1809 0.3280 0.5179 0.3452 0.1380 0.1545 0.2552 0.4834 0.4495 0.1575 0.1398 0.2043 0.3868 0.5050 0.2525 0.1350 0.1700 0.2995 0.5158 0.3875 0.1421 0.1483 0.2356 0.4523 0.4736 0.1750 0.1370 0.1909 0.3543 0.5142 0.3028 0.1359 0.1613 0.2751 0.5043 0.4226 0.1484 0.1434 0.2183 0.4181 0.4923 0.2089 0.1353 0.1788 0.3200 0.5164 0.4700 0.5164 0.3200 0.1788 0.1353 0.2089 0.4923 0.4181 0.2183 0.1434 0.1484 0.4226 0.5043 0.2751 0.1613 0.1359 0.3028 0.5142 0.3543 0.1909 0.1370 0.1750 0.4736 0.4523 0.2356 0.1483 0.1421 0.3875 0.5158 0.2995 0.1700 0.1350 0.2525 0.5050 0.3868 0.2043 0.1398 0.1575 0.4495 0.4834 0.2552 0.1545 0.1380 0.3452 0.5179 0.3280 0.1809 0.1355 0.1993 0.4872 0.4291
0.4861 0.1968 0.1356 0.1809 0.3272 0.5180 0.3482 0.1383 0.1539 0.2532 0.4807 0.4522 0.1588 0.1395 0.2028 0.3831 0.5063 0.2580 0.1350 0.1689 0.2967 0.5151 0.3917 0.1426 0.1477 0.2336 0.4487 0.4759 0.1777 0.1367 0.1896 0.3509 0.5148 0.3082 0.1361 0.1604 0.2726 0.5023 0.4261 0.1493 0.1429 0.2166 0.4144 0.4941 0.2136 0.1352 0.1780 0.3203 0.5178 0.3826 0.1740 0.3826 0.5178 0.3203 0.1780 0.1352 0.2136 0.4941 0.4144 0.2166 0.1429 0.1493 0.4261 0.5023 0.2726 0.1604 0.1361 0.3082 0.5148 0.3509 0.1896 0.1367 0.1777 0.4759 0.4487 0.2336 0.1477 0.1426 0.3917 0.5151 0.2967 0.1689 0.1350 0.2580 0.5063 0.3831 0.2028 0.1395 0.1588 0.4522 0.4807 0.2532 0.1539 0.1383 0.3482 0.5180 0.3272 0.1809 0.1356 0.1968 0.4861
0.1966 0.1357 0.1815 0.3280 0.5180 0.3493 0.1384 0.1535 0.2517 0.4783 0.4546 0.1601 0.1391 0.2014 0.3797 0.5074 0.2635 0.1351 0.1679 0.2939 0.5142 0.3957 0.1432 0.1471 0.2316 0.4450 0.4782 0.1807 0.1365 0.1882 0.3475 0.5155 0.3135 0.1363 0.1595 0.2701 0.5002 0.4295 0.1502 0.1424 0.2148 0.4106 0.4957 0.2185 0.1351 0.1769 0.3181 0.5180 0.3657 0.1414 0.1357 0.1414 0.3657 0.5180 0.3181 0.1769 0.1351 0.2185 0.4957 0.4106 0.2148 0.1424 0.1502 0.4295 0.5002 0.2701 0.1595 0.1363 0.3135 0.5155 0.3475 0.1882 0.1365 0.1807 0.4782 0.4450 0.2316 0.1471 0.1432 0.3957 0.5142 0.2939 0.1679 0.1351 0.2635 0.5074 0.3797 0.2014 0.1391 0.1601 0.4546 0.4783 0.2517 0.1535 0.1384 0.3493 0.5180 0.3280 0.1815 0.1357 0.1966
0.1399 0.1826 0.3302 0.5179 0.3482 0.1384 0.1534 0.2509 0.4766 0.4564 0.1613 0.1389 0.2001 0.3765 0.5084 0.2688 0.1351 0.1670 0.2912 0.5132 0.3997 0.1438 0.1466 0.2297 0.4413 0.4803 0.1840 0.1363 0.1869 0.3442 0.5160 0.3188 0.1365 0.1587 0.2677 0.4979 0.4328 0.1512 0.1420 0.2131 0.4068 0.4973 0.2236 0.1351 0.1758 0.3152 0.5179 0.3652 0.1400 0.1471 0.1866 0.1471 0.1400 0.3652 0.5179 0.3152 0.1758 0.1351 0.2236 0.4973 0.4068 0.2131 0.1420 0.1512 0.4328 0.4979 0.2677 0.1587 0.1365 0.3188 0.5160 0.3442 0.1869 0.1363 0.1840 0.4803 0.4413 0.2297 0.1466 0.1438 0.3997 0.5132 0.2912 0.1670 0.1351 0.2688 0.5084 0.3765 0.2001 0.1389 0.1613 0.4564 0.4766 0.2509 0.1534 0.1384 0.3482 0.5179 0.3302 0.1826 0.1399
0.1856 0.3331 0.5177 0.3452 0.1383 0.1535 0.2509 0.4760 0.4573 0.1621 0.1387 0.1991 0.3738 0.5093 0.2735 0.1352 0.1661 0.2887 0.5122 0.4036 0.1445 0.1460 0.2278 0.4375 0.4824 0.1874 0.1361 0.1856 0.3409 0.5165 0.3240 0.1368 0.1579 0.2653 0.4955 0.4361 0.1522 0.1416 0.2114 0.4031 0.4989 0.2288 0.1350 0.1747 0.3122 0.5177 0.3686 0.1400 0.1500 0.2314 0.3443 0.2314 0.1500 0.1400 0.3686 0.5177 0.3122 0.1747 0.1350 0.2288 0.4989 0.4031 0.2114 0.1416 0.1522 0.4361 0.4955 0.2653 0.1579 0.1368 0.3240 0.5165 0.3409 0.1856 0.1361 0.1874 0.4824 0.4375 0.2278 0.1460 0.1445 0.4036 0.5122 0.2887 0.1661 0.1352 0.2735 0.5093 0.3738 0.1991 0.1387 0.1621 0.4573 0.4760 0.2509 0.1535 0.1383 0.3452 0.5177 0.3331 0.1856
0.3350 0.5175 0.3410 0.1380 0.1539 0.2517 0.4766 0.4573 0.1623 0.1386 0.1984 0.3716 0.5100 0.2776 0.1353 0.1653 0.2863 0.5111 0.4073 0.1452 0.1455 0.2259 0.4338 0.4845 0.1911 0.1359 0.1843 0.3376 0.5170 0.3291 0.1370 0.1571 0.2629 0.4929 0.4393 0.1533 0.1411 0.2098 0.3993 0.5004 0.2341 0.1350 0.1736 0.3093 0.5175 0.3729 0.1404 0.1502 0.2394 0.4420 0.5153 0.4420 0.2394 0.1502 0.1404 0.3729 0.5175 0.3093 0.1736 0.1350 0.2341 0.5004 0.3993 0.2098 0.1411 0.1533 0.4393 0.4929 0.2629 0.1571 0.1370 0.3291 0.5170 0.3376 0.1843 0.1359 0.1911 0.4845 0.4338 0.2259 0.1455 0.1452 0.4073 0.5111 0.2863 0.1653 0.1353 0.2776 0.5100 0.3716 0.1984 0.1386 0.1623 0.4573 0.4766 0.2517 0.1539 0.1380 0.3410 0.5175 0.3350
0.5167 0.3362 0.1377 0.1545 0.2532 0.4783 0.4564 0.1621 0.1386 0.1981 0.3705 0.5105 0.2807 0.1354 0.1646 0.2843 0.5100 0.4105 0.1458 0.1450 0.2241 0.4301 0.4865 0.1950 0.1357 0.1831 0.3344 0.5173 0.3342 0.1373 0.1563 0.2606 0.4902 0.4424 0.1544 0.1407 0.2082 0.3956 0.5018 0.2394 0.1350 0.1725 0.3064 0.5171 0.3773 0.1408 0.1498 0.2398 0.4558 0.4814 0.3289 0.4814 0.4558 0.2398 0.1498 0.1408 0.3773 0.5171 0.3064 0.1725 0.1350 0.2394 0.5018 0.3956 0.2082 0.1407 0.1544 0.4424 0.4902 0.2606 0.1563 0.1373 0.3342 0.5173 0.3344 0.1831 0.1357 0.1950 0.4865 0.4301 0.2241 0.1450 0.1458 0.4105 0.5100 0.2843 0.1646 0.1354 0.2807 0.5105 0.3705 0.1981 0.1386 0.1621 0.4564 0.4783 0.2532 0.1545 0.1377 0.3362 0.5167
0.3332 0.1374 0.1553 0.2552 0.4807 0.4546 0.1613 0.1387 0.1984 0.3705 0.5106 0.2824 0.1354 0.1641 0.2827 0.5090 0.4132 0.1464 0.1446 0.2225 0.4267 0.4883 0.1991 0.1356 0.1819 0.3312 0.5176 0.3392 0.1376 0.1555 0.2582 0.4874 0.4454 0.1557 0.1403 0.2065 0.3919 0.5032 0.2448 0.1350 0.1714 0.3035 0.5166 0.3816 0.1413 0.1492 0.2383 0.4563 0.4736 0.1902 0.1359 0.1902 0.4736 0.4563 0.2383 0.1492 0.1413 0.3816 0.5166 0.3035 0.1714 0.1350 0.2448 0.5032 0.3919 0.2065 0.1403 0.1557 0.4454 0.4874 0.2582 0.1555 0.1376 0.3392 0.5176 0.3312 0.1819 0.1356 0.1991 0.4883 0.4267 0.2225 0.1446 0.1464 0.4132 0.5090 0.2827 0.1641 0.1354 0.2824 0.5106 0.3705 0.1984 0.1387 0.1613 0.4546 0.4807 0.2552 0.1553 0.1374 0.3332
0.1416 0.1560 0.2573 0.4834 0.4522 0.1601 0.1389 0.1991 0.3716 0.5105 0.2824 0.1354 0.1638 0.2816 0.5082 0.4154 0.1469 0.1442 0.2211 0.4236 0.4899 0.2030 0.1355 0.1807 0.3281 0.5178 0.3441 0.1379 0.1548 0.2560 0.4845 0.4484 0.1570 0.1400 0.2050 0.3882 0.5045 0.2503 0.1350 0.1704 0.3006 0.5160 0.3858 0.1419 0.1486 0.2363 0.4536 0.4734 0.1777 0.1352 0.1541 0.1352 0.1777 0.4734 0.4536 0.2363 0.1486 0.1419 0.3858 0.5160 0.3006 0.1704 0.1350 0.2503 0.5045 0.3882 0.2050 0.1400 0.1570 0.4484 0.4845 0.2560 0.1548 0.1379 0.3441 0.5178 0.3281 0.1807 0.1355 0.2030 0.4899 0.4236 0.2211 0.1442 0.1469 0.4154 0.5082 0.2816 0.1638 0.1354 0.2824 0.5105 0.3716 0.1991 0.1389 0.1601 0.4522 0.4834 0.2573 0.1560 0.1416
0.1594 0.2596 0.4863 0.4495 0.1588 0.1391 0.2001 0.3738 0.5100 0.2807 0.1354 0.1638 0.2812 0.5077 0.4169 0.1473 0.1439 0.2199 0.4208 0.4913 0.2066 0.1354 0.1797 0.3253 0.5180 0.3489 0.1383 0.1540 0.2537 0.4815 0.4513 0.1583 0.1396 0.2034 0.3846 0.5058 0.2558 0.1350 0.1693 0.2978 0.5154 0.3900 0.1424 0.1480 0.2344 0.4501 0.4751 0.1775 0.1364 0.1813 0.2548 0.1813 0.1364 0.1775 0.4751 0.4501 0.2344 0.1480 0.1424 0.3900 0.5154 0.2978 0.1693 0.1350 0.2558 0.5058 0.3846 0.2034 0.1396 0.1583 0.4513 0.4815 0.2537 0.1540 0.1383 0.3489 0.5180 0.3253 0.1797 0.1354 0.2066 0.4913 0.4208 0.2199 0.1439 0.1473 0.4169 0.5077 0.2812 0.1638 0.1354 0.2807 0.5100 0.3738 0.2001 0.1391 0.1588 0.4495 0.4863 0.2596 0.1594
0.2621 0.4891 0.4467 0.1575 0.1395 0.2014 0.3765 0.5093 0.2776 0.1354 0.1641 0.2816 0.5077 0.4174 0.1475 0.1437 0.2190 0.4187 0.4924 0.2098 0.1353 0.1787 0.3227 0.5181 0.3532 0.1386 0.1533 0.2515 0.4784 0.4542 0.1598 0.1392 0.2018 0.3809 0.5070 0.2613 0.1351 0.1683 0.2950 0.5146 0.3941 0.1430 0.1474 0.2324 0.4465 0.4773 0.1797 0.1365 0.1867 0.3287 0.4821 0.3287 0.1867 0.1365 0.1797 0.4773 0.4465 0.2324 0.1474 0.1430 0.3941 0.5146 0.2950 0.1683 0.1351 0.2613 0.5070 0.3809 0.2018 0.1392 0.1598 0.4542 0.4784 0.2515 0.1533 0.1386 0.3532 0.5181 0.3227 0.1787 0.1353 0.2098 0.4924 0.4187 0.2190 0.1437 0.1475 0.4174 0.5077 0.2816 0.1641 0.1354 0.2776 0.5093 0.3765 0.2014 0.1395 0.1575 0.4467 0.4891 0.2621
0.4895 0.4436 0.1562 0.1398 0.2028 0.3797 0.5084 0.2735 0.1353 0.1646 0.2827 0.5082 0.4169 0.1475 0.1436 0.2186 0.4173 0.4932 0.2125 0.1352 0.1779 0.3204 0.5181 0.3570 0.1389 0.1527 0.2495 0.4753 0.4569 0.1614 0.1389 0.2003 0.3773 0.5081 0.2669 0.1351 0.1673 0.2923 0.5136 0.3981 0.1436 0.1468 0.2304 0.4428 0.4795 0.1827 0.1363 0.1870 0.3407 0.5173 0.4532 0.5173 0.3407 0.1870 0.1363 0.1827 0.4795 0.4428 0.2304 0.1468 0.1436 0.3981 0.5136 0.2923 0.1673 0.1351 0.2669 0.5081 0.3773 0.2003 0.1389 0.1614 0.4569 0.4753 0.2495 0.1527 0.1389 0.3570 0.5181 0.3204 0.1779 0.1352 0.2125 0.4932 0.4173 0.2186 0.1436 0.1475 0.4169 0.5082 0.2827 0.1646 0.1353 0.2735 0.5084 0.3797 0.2028 0.1398 0.1562 0.4436 0.4895
0.4417 0.1549 0.1402 0.2043 0.3831 0.5074 0.2688 0.1352 0.1653 0.2843 0.5090 0.4154 0.1473 0.1437 0.2186 0.4169 0.4936 0.2141 0.1352 0.1773 0.3186 0.5180 0.3603 0.1392 0.1521 0.2477 0.4724 0.4594 0.1629 0.1386 0.1988 0.3737 0.5092 0.2724 0.1352 0.1664 0.2896 0.5126 0.4021 0.1442 0.1462 0.2285 0.4390 0.4816 0.1860 0.1362 0.1860 0.3412 0.5168 0.3530 0.1600 0.3530 0.5168 0.3412 0.1860 0.1362 0.1860 0.4816 0.4390 0.2285 0.1462 0.1442 0.4021 0.5126 0.2896 0.1664 0.1352 0.2724 0.5092 0.3737 0.1988 0.1386 0.1629 0.4594 0.4724 0.2477 0.1521 0.1392 0.3603 0.5180 0.3186 0.1773 0.1352 0.2141 0.4936 0.4169 0.2186 0.1437 0.1473 0.4154 0.5090 0.2843 0.1653 0.1352 0.2688 0.5074 0.3831 0.2043 0.1402 0.1549 0.4417
0.1580 0.1406 0.2059 0.3868 0.5063 0.2635 0.1351 0.1661 0.2863 0.5100 0.4132 0.1469 0.1439 0.2190 0.4173 0.4936 0.2148 0.1352 0.1769 0.3173 0.5180 0.3631 0.1395 0.1517 0.2460 0.4697 0.4616 0.1645 0.1383 0.1974 0.3702 0.5102 0.2779 0.1353 0.1654 0.2869 0.5114 0.4060 0.1449 0.1457 0.2266 0.4353 0.4837 0.1896 0.1360 0.1848 0.3387 0.5169 0.3343 0.1384 0.1375 0.1384 0.3343 0.5169 0.3387 0.1848 0.1360 0.1896 0.4837 0.4353 0.2266 0.1457 0.1449 0.4060 0.5114 0.2869 0.1654 0.1353 0.2779 0.5102 0.3702 0.1974 0.1383 0.1645 0.4616 0.4697 0.2460 0.1517 0.1395 0.3631 0.5180 0.3173 0.1769 0.1352 0.2148 0.4936 0.4173 0.2190 0.1439 0.1469 0.4132 0.5100 0.2863 0.1661 0.1351 0.2635 0.5063 0.3868 0.2059 0.1406 0.1580
0.1444 0.2075 0.3904 0.5050 0.2580 0.1351 0.1670 0.2887 0.5111 0.4105 0.1464 0.1442 0.2199 0.4187 0.4932 0.2141 0.1352 0.1768 0.3166 0.5180 0.3649 0.1397 0.1513 0.2447 0.4674 0.4635 0.1659 0.1380 0.1962 0.3670 0.5112 0.2833 0.1354 0.1645 0.2843 0.5101 0.4098 0.1456 0.1452 0.2247 0.4315 0.4857 0.1934 0.1358 0.1836 0.3357 0.5172 0.3337 0.1375 0.1513 0.1958 0.1513 0.1375 0.3337 0.5172 0.3357 0.1836 0.1358 0.1934 0.4857 0.4315 0.2247 0.1452 0.1456 0.4098 0.5101 0.2843 0.1645 0.1354 0.2833 0.5112 0.3670 0.1962 0.1380 0.1659 0.4635 0.4674 0.2447 0.1513 0.1397 0.3649 0.5180 0.3166 0.1768 0.1352 0.2141 0.4932 0.4187 0.2199 0.1442 0.1464 0.4105 0.5111 0.2887 0.1670 0.1351 0.2580 0.5050 0.3904 0.2075 0.1444
0.2103 0.3941 0.5037 0.2525 0.1350 0.1679 0.2912 0.5122 0.4073 0.1458 0.1446 0.2211 0.4208 0.4924 0.2125 0.1352 0.1769 0.3166 0.5179 0.3659 0.1398 0.1510 0.2436 0.4654 0.4652 0.1673 0.1378 0.1951 0.3642 0.5119 0.2882 0.1355 0.1636 0.2817 0.5087 0.4135 0.1463 0.1446 0.2229 0.4278 0.4876 0.1975 0.1356 0.1823 0.3325 0.5175 0.3375 0.1376 0.1546 0.2449 0.3670 0.2449 0.1546 0.1376 0.3375 0.5175 0.3325 0.1823 0.1356 0.1975 0.4876 0.4278 0.2229 0.1446 0.1463 0.4135 0.5087 0.2817 0.1636 0.1355 0.2882 0.5119 0.3642 0.1951 0.1378 0.1673 0.4652 0.4654 0.2436 0.1510 0.1398 0.3659 0.5179 0.3166 0.1769 0.1352 0.2125 0.4924 0.4208 0.2211 0.1446 0.1458 0.4073 0.5122 0.2912 0.1679 0.1350 0.2525 0.5037 0.3941 0.2103
0.3956 0.5024 0.2470 0.1350 0.1689 0.2939 0.5132 0.4036 0.1452 0.1450 0.2225 0.4236 0.4913 0.2098 0.1352 0.1773 0.3173 0.5180 0.3659 0.1399 0.1509 0.2430 0.4640 0.4665 0.1685 0.1376 0.1942 0.3618 0.5126 0.2926 0.1356 0.1628 0.2794 0.5072 0.4170 0.1471 0.1441 0.2211 0.4240 0.4895 0.2018 0.1355 0.1811 0.3293 0.5178 0.3422 0.1378 0.1548 0.2535 0.4656 0.5107 0.4656 0.2535 0.1548 0.1378 0.3422 0.5178 0.3293 0.1811 0.1355 0.2018 0.4895 0.4240 0.2211 0.1441 0.1471 0.4170 0.5072 0.2794 0.1628 0.1356 0.2926 0.5126 0.3618 0.1942 0.1376 0.1685 0.4665 0.4640 0.2430 0.1509 0.1399 0.3659 0.5180 0.3173 0.1773 0.1352 0.2098 0.4913 0.4236 0.2225 0.1450 0.1452 0.4036 0.5132 0.2939 0.1689 0.1350 0.2470 0.5024 0.3956
0.5012 0.2416 0.1350 0.1700 0.2967 0.5142 0.3997 0.1445 0.1455 0.2241 0.4267 0.4899 0.2066 0.1353 0.1779 0.3186 0.5180 0.3649 0.1398 0.1509 0.2428 0.4633 0.4672 0.1694 0.1375 0.1934 0.3596 0.5131 0.2964 0.1357 0.1621 0.2773 0.5057 0.4203 0.1479 0.1436 0.2193 0.4202 0.4913 0.2063 0.1354 0.1799 0.3261 0.5179 0.3470 0.1381 0.1543 0.2539 0.4781 0.4665 0.2944 0.4665 0.4781 0.2539 0.1543 0.1381 0.3470 0.5179 0.3261 0.1799 0.1354 0.2063 0.4913 0.4202 0.2193 0.1436 0.1479 0.4203 0.5057 0.2773 0.1621 0.1357 0.2964 0.5131 0.3596 0.1934 0.1375 0.1694 0.4672 0.4633 0.2428 0.1509 0.1398 0.3649 0.5180 0.3186 0.1779 0.1353 0.2066 0.4899 0.4267 0.2241 0.1455 0.1445 0.3997 0.5142 0.2967 0.1700 0.1350 0.2416 0.5012
0.2392 0.1350 0.1710 0.2995 0.5151 0.3957 0.1438 0.1460 0.2259 0.4301 0.4883 0.2030 0.1354 0.1787 0.3204 0.5180 0.3631 0.1397 0.1510 0.2430 0.4633 0.4675 0.1698 0.1374 0.1928 0.3579 0.5136 0.2997 0.1359 0.1615 0.2754 0.5043 0.4231 0.1486 0.1432 0.2176 0.4165 0.4931 0.2110 0.1353 0.1787 0.3230 0.5180 0.3519 0.1385 0.1536 0.2522 0.4786 0.4570 0.1703 0.1346 0.1703 0.4570 0.4786 0.2522 0.1536 0.1385 0.3519 0.5180 0.3230 0.1787 0.1353 0.2110 0.4931 0.4165 0.2176 0.1432 0.1486 0.4231 0.5043 0.2754 0.1615 0.1359 0.2997 0.5136 0.3579 0.1928 0.1374 0.1698 0.4675 0.4633 0.2430 0.1510 0.1397 0.3631 0.5180 0.3204 0.1787 0.1354 0.2030 0.4883 0.4301 0.2259 0.1460 0.1438 0.3957 0.5151 0.2995 0.1710 0.1350 0.2392
0.1392 0.1721 0.3023 0.5158 0.3917 0.1432 0.1466 0.2278 0.4338 0.4865 0.1991 0.1355 0.1797 0.3227 0.5181 0.3603 0.1395 0.1513 0.2436 0.4640 0.4672 0.1698 0.1374 0.1925 0.3569 0.5139 0.3023 0.1360 0.1609 0.2738 0.5029 0.4256 0.1493 0.1428 0.2161 0.4131 0.4947 0.2157 0.1352 0.1776 0.3199 0.5181 0.3566 0.1389 0.1529 0.2501 0.4762 0.4567 0.1630 0.1366 0.1594 0.1366 0.1630 0.4567 0.4762 0.2501 0.1529 0.1389 0.3566 0.5181 0.3199 0.1776 0.1352 0.2157 0.4947 0.4131 0.2161 0.1428 0.1493 0.4256 0.5029 0.2738 0.1609 0.1360 0.3023 0.5139 0.3569 0.1925 0.1374 0.1698 0.4672 0.4640 0.2436 0.1513 0.1395 0.3603 0.5181 0.3227 0.1797 0.1355 0.1991 0.4865 0.4338 0.2278 0.1466 0.1432 0.3917 0.5158 0.3023 0.1721 0.1392
0.1752 0.3052 0.5164 0.3875 0.1426 0.1471 0.2297 0.4375 0.4845 0.1950 0.1356 0.1807 0.3253 0.5181 0.3570 0.1392 0.1517 0.2447 0.4654 0.4665 0.1694 0.1374 0.1925 0.3565 0.5140 0.3039 0.1360 0.1605 0.2724 0.5017 0.4278 0.1499 0.1425 0.2148 0.4101 0.4961 0.2201 0.1351 0.1765 0.3170 0.5180 0.3613 0.1393 0.1522 0.2480 0.4731 0.4588 0.1629 0.1381 0.1898 0.2706 0.1898 0.1381 0.1629 0.4588 0.4731 0.2480 0.1522 0.1393 0.3613 0.5180 0.3170 0.1765 0.1351 0.2201 0.4961 0.4101 0.2148 0.1425 0.1499 0.4278 0.5017 0.2724 0.1605 0.1360 0.3039 0.5140 0.3565 0.1925 0.1374 0.1694 0.4665 0.4654 0.2447 0.1517 0.1392 0.3570 0.5181 0.3253 0.1807 0.1356 0.1950 0.4845 0.4375 0.2297 0.1471 0.1426 0.3875 0.5164 0.3052 0.1752
0.3073 0.5169 0.3833 0.1421 0.1477 0.2316 0.4413 0.4824 0.1911 0.1357 0.1819 0.3281 0.5180 0.3532 0.1389 0.1521 0.2460 0.4674 0.4652 0.1685 0.1375 0.1928 0.3569 0.5140 0.3044 0.1361 0.1603 0.2714 0.5006 0.4297 0.1505 0.1422 0.2137 0.4075 0.4973 0.2242 0.1351 0.1755 0.3143 0.5179 0.3658 0.1397 0.1515 0.2458 0.4698 0.4613 0.1642 0.1382 0.1957 0.3501 0.4994 0.3501 0.1957 0.1382 0.1642 0.4613 0.4698 0.2458 0.1515 0.1397 0.3658 0.5179 0.3143 0.1755 0.1351 0.2242 0.4973 0.4075 0.2137 0.1422 0.1505 0.4297 0.5006 0.2714 0.1603 0.1361 0.3044 0.5140 0.3569 0.1928 0.1375 0.1685 0.4652 0.4674 0.2460 0.1521 0.1389 0.3532 0.5180 0.3281 0.1819 0.1357 0.1911 0.4824 0.4413 0.2316 0.1477 0.1421 0.3833 0.5169 0.3073
0.5164 0.3790 0.1415 0.1483 0.2336 0.4450 0.4803 0.1874 0.1359 0.1831 0.3312 0.5178 0.3489 0.1386 0.1527 0.2477 0.4697 0.4635 0.1673 0.1376 0.1934 0.3579 0.5139 0.3039 0.1361 0.1602 0.2709 0.5000 0.4310 0.1509 0.1420 0.2128 0.4052 0.4983 0.2278 0.1350 0.1746 0.3118 0.5177 0.3698 0.1401 0.1508 0.2437 0.4664 0.4639 0.1660 0.1380 0.1960 0.3629 0.5149 0.4335 0.5149 0.3629 0.1960 0.1380 0.1660 0.4639 0.4664 0.2437 0.1508 0.1401 0.3698 0.5177 0.3118 0.1746 0.1350 0.2278 0.4983 0.4052 0.2128 0.1420 0.1509 0.4310 0.5000 0.2709 0.1602 0.1361 0.3039 0.5139 0.3579 0.1934 0.1376 0.1673 0.4635 0.4697 0.2477 0.1527 0.1386 0.3489 0.5178 0.3312 0.1831 0.1359 0.1874 0.4803 0.4450 0.2336 0.1483 0.1415 0.3790 0.5164
0.3763 0.1410 0.1489 0.2356 0.4487 0.4782 0.1840 0.1361 0.1843 0.3344 0.5176 0.3441 0.1383 0.1533 0.2495 0.4724 0.4616 0.1659 0.1378 0.1942 0.3596 0.5136 0.3023 0.1360 0.1603 0.2709 0.4998 0.4317 0.1512 0.1418 0.2120 0.4033 0.4992 0.2310 0.1350 0.1738 0.3096 0.5175 0.3734 0.1405 0.1503 0.2417 0.4630 0.4665 0.1680 0.1378 0.1950 0.3634 0.5128 0.3202 0.1511 0.3202 0.5128 0.3634 0.1950 0.1378 0.1680 0.4665 0.4630 0.2417 0.1503 0.1405 0.3734 0.5175 0.3096 0.1738 0.1350 0.2310 0.4992 0.4033 0.2120 0.1418 0.1512 0.4317 0.4998 0.2709 0.1603 0.1360 0.3023 0.5136 0.3596 0.1942 0.1378 0.1659 0.4616 0.4724 0.2495 0.1533 0.1383 0.3441 0.5176 0.3344 0.1843 0.1361 0.1840 0.4782 0.4487 0.2356 0.1489 0.1410 0.3763
0.1450 0.1496 0.2376 0.4523 0.4759 0.1807 0.1363 0.1856 0.3376 0.5173 0.3392 0.1379 0.1540 0.2515 0.4753 0.4594 0.1645 0.1380 0.1951 0.3618 0.5131 0.2997 0.1360 0.1605 0.2714 0.5000 0.4317 0.1513 0.1417 0.2115 0.4018 0.4999 0.2336 0.1350 0.1732 0.3077 0.5172 0.3766 0.1408 0.1497 0.2399 0.4598 0.4688 0.1701 0.1375 0.1936 0.3608 0.5129 0.3000 0.1363 0.1398 0.1363 0.3000 0.5129 0.3608 0.1936 0.1375 0.1701 0.4688 0.4598 0.2399 0.1497 0.1408 0.3766 0.5172 0.3077 0.1732 0.1350 0.2336 0.4999 0.4018 0.2115 0.1417 0.1513 0.4317 0.5000 0.2714 0.1605 0.1360 0.2997 0.5131 0.3618 0.1951 0.1380 0.1645 0.4594 0.4753 0.2515 0.1540 0.1379 0.3392 0.5173 0.3376 0.1856 0.1363 0.1807 0.4759 0.4523 0.2376 0.1496 0.1450
0.1531 0.2396 0.4560 0.4736 0.1777 0.1365 0.1869 0.3409 0.5170 0.3342 0.1376 0.1548 0.2537 0.4784 0.4569 0.1629 0.1383 0.1962 0.3642 0.5126 0.2964 0.1359 0.1609 0.2724 0.5006 0.4310 0.1512 0.1417 0.2113 0.4010 0.5003 0.2356 0.1350 0.1726 0.3061 0.5170 0.3794 0.1412 0.1493 0.2384 0.4570 0.4709 0.1723 0.1372 0.1923 0.3576 0.5135 0.2994 0.1359 0.1561 0.2059 0.1561 0.1359 0.2994 0.5135 0.3576 0.1923 0.1372 0.1723 0.4709 0.4570 0.2384 0.1493 0.1412 0.3794 0.5170 0.3061 0.1726 0.1350 0.2356 0.5003 0.4010 0.2113 0.1417 0.1512 0.4310 0.5006 0.2724 0.1609 0.1359 0.2964 0.5126 0.3642 0.1962 0.1383 0.1629 0.4569 0.4784 0.2537 0.1548 0.1376 0.3342 0.5170 0.3409 0.1869 0.1365 0.1777 0.4736 0.4560 0.2396 0.1531
0.2422 0.4596 0.4713 0.1750 0.1367 0.1882 0.3442 0.5165 0.3291 0.1373 0.1555 0.2560 0.4815 0.4542 0.1614 0.1386 0.1974 0.3670 0.5119 0.2926 0.1357 0.1615 0.2738 0.5017 0.4297 0.1509 0.1418 0.2115 0.4010 0.5005 0.2367 0.1350 0.1722 0.3048 0.5167 0.3818 0.1415 0.1489 0.2371 0.4544 0.4727 0.1743 0.1370 0.1910 0.3545 0.5142 0.3033 0.1360 0.1598 0.2596 0.3909 0.2596 0.1598 0.1360 0.3033 0.5142 0.3545 0.1910 0.1370 0.1743 0.4727 0.4544 0.2371 0.1489 0.1415 0.3818 0.5167 0.3048 0.1722 0.1350 0.2367 0.5005 0.4010 0.2115 0.1418 0.1509 0.4297 0.5017 0.2738 0.1615 0.1357 0.2926 0.5119 0.3670 0.1974 0.1386 0.1614 0.4542 0.4815 0.2560 0.1555 0.1373 0.3291 0.5165 0.3442 0.1882 0.1367 0.1750 0.4713 0.4596 0.2422
0.4604 0.4688 0.1724 0.1370 0.1896 0.3475 0.5160 0.3240 0.1370 0.1563 0.2582 0.4845 0.4513 0.1598 0.1389 0.1988 0.3702 0.5112 0.2882 0.1356 0.1621 0.2754 0.5029 0.4278 0.1505 0.1420 0.2120 0.4018 0.5003 0.2367 0.1350 0.1720 0.3039 0.5165 0.3837 0.1417 0.1486 0.2359 0.4522 0.4742 0.1761 0.1368 0.1899 0.3516 0.5148 0.3078 0.1361 0.1601 0.2689 0.4865 0.5036 0.4865 0.2689 0.1601 0.1361 0.3078 0.5148 0.3516 0.1899 0.1368 0.1761 0.4742 0.4522 0.2359 0.1486 0.1417 0.3837 0.5165 0.3039 0.1720 0.1350 0.2367 0.5003 0.4018 0.2120 0.1420 0.1505 0.4278 0.5029 0.2754 0.1621 0.1356 0.2882 0.5112 0.3702 0.1988 0.1389 0.1598 0.4513 0.4845 0.2582 0.1563 0.1370 0.3240 0.5160 0.3475 0.1896 0.1370 0.1724 0.4688 0.4604
0.4672 0.1701 0.1372 0.1909 0.3509 0.5155 0.3188 0.1368 0.1571 0.2606 0.4874 0.4484 0.1583 0.1392 0.2003 0.3737 0.5102 0.2833 0.1355 0.1628 0.2773 0.5043 0.4256 0.1499 0.1422 0.2128 0.4033 0.4999 0.2356 0.1350 0.1720 0.3037 0.5164 0.3850 0.1419 0.1483 0.2349 0.4503 0.4755 0.1778 0.1367 0.1890 0.3491 0.5153 0.3122 0.1363 0.1596 0.2694 0.4967 0.4488 0.2581 0.4488 0.4967 0.2694 0.1596 0.1363 0.3122 0.5153 0.3491 0.1890 0.1367 0.1778 0.4755 0.4503 0.2349 0.1483 0.1419 0.3850 0.5164 0.3037 0.1720 0.1350 0.2356 0.4999 0.4033 0.2128 0.1422 0.1499 0.4256 0.5043 0.2773 0.1628 0.1355 0.2833 0.5102 0.3737 0.2003 0.1392 0.1583 0.4484 0.4874 0.2606 0.1571 0.1368 0.3188 0.5155 0.3509 0.1909 0.1372 0.1701 0.4672
0.1720 0.1375 0.1923 0.3543 0.5148 0.3135 0.1365 0.1579 0.2629 0.4902 0.4454 0.1570 0.1396 0.2018 0.3773 0.5092 0.2779 0.1354 0.1636 0.2794 0.5057 0.4231 0.1493 0.1425 0.2137 0.4052 0.4992 0.2336 0.1350 0.1722 0.3039 0.5164 0.3854 0.1420 0.1481 0.2342 0.4487 0.4765 0.1793 0.1365 0.1882 0.3469 0.5157 0.3161 0.1365 0.1589 0.2679 0.4973 0.4373 0.1582 0.1340 0.1582 0.4373 0.4973 0.2679 0.1589 0.1365 0.3161 0.5157 0.3469 0.1882 0.1365 0.1793 0.4765 0.4487 0.2342 0.1481 0.1420 0.3854 0.5164 0.3039 0.1722 0.1350 0.2336 0.4992 0.4052 0.2137 0.1425 0.1493 0.4231 0.5057 0.2794 0.1636 0.1354 0.2779 0.5092 0.3773 0.2018 0.1396 0.1570 0.4454 0.4902 0.2629 0.1579 0.1365 0.3135 0.5148 0.3543 0.1923 0.1375 0.1720
0.1415 0.1937 0.3577 0.5142 0.3082 0.1363 0.1587 0.2653 0.4929 0.4424 0.1557 0.1400 0.2034 0.3809 0.5081 0.2724 0.1353 0.1645 0.2817 0.5072 0.4203 0.1486 0.1428 0.2148 0.4075 0.4983 0.2310 0.1350 0.1726 0.3048 0.5165 0.3850 0.1420 0.1481 0.2338 0.4476 0.4774 0.1806 0.1364 0.1875 0.3450 0.5160 0.3195 0.1366 0.1583 0.2663 0.4960 0.4366 0.1535 0.1386 0.1655 0.1386 0.1535 0.4366 0.4960 0.2663 0.1583 0.1366 0.3195 0.5160 0.3450 0.1875 0.1364 0.1806 0.4774 0.4476 0.2338 0.1481 0.1420 0.3850 0.5165 0.3048 0.1726 0.1350 0.2310 0.4983 0.4075 0.2148 0.1428 0.1486 0.4203 0.5072 0.2817 0.1645 0.1353 0.2724 0.5081 0.3809 0.2034 0.1400 0.1557 0.4424 0.4929 0.2653 0.1587 0.1363 0.3082 0.5142 0.3577 0.1937 0.1415
0.1966 0.3612 0.5134 0.3028 0.1361 0.1595 0.2677 0.4955 0.4393 0.1544 0.1403 0.2050 0.3846 0.5070 0.2669 0.1352 0.1654 0.2843 0.5087 0.4170 0.1479 0.1432 0.2161 0.4101 0.4973 0.2278 0.1350 0.1732 0.3061 0.5167 0.3837 0.1419 0.1481 0.2338 0.4472 0.4778 0.1815 0.1364 0.1870 0.3436 0.5163 0.3224 0.1368 0.1578 0.2647 0.4944 0.4382 0.1533 0.1405 0.1995 0.2882 0.1995 0.1405 0.1533 0.4382 0.4944 0.2647 0.1578 0.1368 0.3224 0.5163 0.3436 0.1870 0.1364 0.1815 0.4778 0.4472 0.2338 0.1481 0.1419 0.3837 0.5167 0.3061 0.1732 0.1350 0.2278 0.4973 0.4101 0.2161 0.1432 0.1479 0.4170 0.5087 0.2843 0.1654 0.1352 0.2669 0.5070 0.3846 0.2050 0.1403 0.1544 0.4393 0.4955 0.2677 0.1595 0.1361 0.3028 0.5134 0.3612 0.1966
0.3629 0.5126 0.2974 0.1359 0.1604 0.2701 0.4979 0.4361 0.1533 0.1407 0.2065 0.3882 0.5058 0.2613 0.1351 0.1664 0.2869 0.5101 0.4135 0.1471 0.1436 0.2176 0.4131 0.4961 0.2242 0.1350 0.1738 0.3077 0.5170 0.3818 0.1417 0.1483 0.2342 0.4476 0.4778 0.1818 0.1363 0.1867 0.3424 0.5165 0.3247 0.1369 0.1574 0.2632 0.4928 0.4401 0.1538 0.1407 0.2062 0.3740 0.5109 0.3740 0.2062 0.1407 0.1538 0.4401 0.4928 0.2632 0.1574 0.1369 0.3247 0.5165 0.3424 0.1867 0.1363 0.1818 0.4778 0.4476 0.2342 0.1483 0.1417 0.3818 0.5170 0.3077 0.1738 0.1350 0.2242 0.4961 0.4131 0.2176 0.1436 0.1471 0.4135 0.5101 0.2869 0.1664 0.1351 0.2613 0.5058 0.3882 0.2065 0.1407 0.1533 0.4361 0.4979 0.2701 0.1604 0.1359 0.2974 0.5126 0.3629
0.5116 0.2920 0.1358 0.1613 0.2726 0.5002 0.4328 0.1522 0.1411 0.2082 0.3919 0.5045 0.2558 0.1351 0.1673 0.2896 0.5114 0.4098 0.1463 0.1441 0.2193 0.4165 0.4947 0.2201 0.1351 0.1746 0.3096 0.5172 0.3794 0.1415 0.1486 0.2349 0.4487 0.4774 0.1815 0.1363 0.1865 0.3417 0.5166 0.3265 0.1370 0.1570 0.2620 0.4914 0.4418 0.1545 0.1406 0.2069 0.3882 0.5093 0.4093 0.5093 0.3882 0.2069 0.1406 0.1545 0.4418 0.4914 0.2620 0.1570 0.1370 0.3265 0.5166 0.3417 0.1865 0.1363 0.1815 0.4774 0.4487 0.2349 0.1486 0.1415 0.3794 0.5172 0.3096 0.1746 0.1351 0.2201 0.4947 0.4165 0.2193 0.1441 0.1463 0.4098 0.5114 0.2896 0.1673 0.1351 0.2558 0.5045 0.3919 0.2082 0.1411 0.1522 0.4328 0.5002 0.2726 0.1613 0.1358 0.2920 0.5116
0.2890 0.1356 0.1621 0.2751 0.5023 0.4295 0.1512 0.1416 0.2098 0.3956 0.5032 0.2503 0.1350 0.1683 0.2923 0.5126 0.4060 0.1456 0.1446 0.2211 0.4202 0.4931 0.2157 0.1351 0.1755 0.3118 0.5175 0.3766 0.1412 0.1489 0.2359 0.4503 0.4765 0.1806 0.1364 0.1867 0.3417 0.5167 0.3275 0.1371 0.1567 0.2611 0.4901 0.4434 0.1551 0.1404 0.2064 0.3898 0.5054 0.2819 0.1447 0.2819 0.5054 0.3898 0.2064 0.1404 0.1551 0.4434 0.4901 0.2611 0.1567 0.1371 0.3275 0.5167 0.3417 0.1867 0.1364 0.1806 0.4765 0.4503 0.2359 0.1489 0.1412 0.3766 0.5175 0.3118 0.1755 0.1351 0.2157 0.4931 0.4202 0.2211 0.1446 0.1456 0.4060 0.5126 0.2923 0.1683 0.1350 0.2503 0.5032 0.3956 0.2098 0.1416 0.1512 0.4295 0.5023 0.2751 0.1621 0.1356 0.2890
0.1398 0.1630 0.2776 0.5043 0.4261 0.1502 0.1420 0.2114 0.3993 0.5018 0.2448 0.1350 0.1693 0.2950 0.5136 0.4021 0.1449 0.1452 0.2229 0.4240 0.4913 0.2110 0.1352 0.1765 0.3143 0.5177 0.3734 0.1408 0.1493 0.2371 0.4522 0.4755 0.1793 0.1364 0.1870 0.3424 0.5166 0.3275 0.1371 0.1566 0.2605 0.4892 0.4446 0.1557 0.1402 0.2057 0.3888 0.5049 0.2592 0.1349 0.1430 0.1349 0.2592 0.5049 0.3888 0.2057 0.1402 0.1557 0.4446 0.4892 0.2605 0.1566 0.1371 0.3275 0.5166 0.3424 0.1870 0.1364 0.1793 0.4755 0.4522 0.2371 0.1493 0.1408 0.3734 0.5177 0.3143 0.1765 0.1352 0.2110 0.4913 0.4240 0.2229 0.1452 0.1449 0.4021 0.5136 0.2950 0.1693 0.1350 0.2448 0.5018 0.3993 0.2114 0.1420 0.1502 0.4261 0.5043 0.2776 0.1630 0.1398
0.1663 0.2802 0.5061 0.4226 0.1493 0.1424 0.2131 0.4031 0.5004 0.2394 0.1350 0.1704 0.2978 0.5146 0.3981 0.1442 0.1457 0.2247 0.4278 0.4895 0.2063 0.1353 0.1776 0.3170 0.5179 0.3698 0.1405 0.1497 0.2384 0.4544 0.4742 0.1778 0.1365 0.1875 0.3436 0.5165 0.3265 0.1371 0.1566 0.2602 0.4886 0.4454 0.1561 0.1401 0.2050 0.3873 0.5053 0.2563 0.1350 0.1625 0.2186 0.1625 0.1350 0.2563 0.5053 0.3873 0.2050 0.1401 0.1561 0.4454 0.4886 0.2602 0.1566 0.1371 0.3265 0.5165 0.3436 0.1875 0.1365 0.1778 0.4742 0.4544 0.2384 0.1497 0.1405 0.3698 0.5179 0.3170 0.1776 0.1353 0.2063 0.4895 0.4278 0.2247 0.1457 0.1442 0.3981 0.5146 0.2978 0.1704 0.1350 0.2394 0.5004 0.4031 0.2131 0.1424 0.1493 0.4226 0.5061 0.2802 0.1663
0.2825 0.5078 0.4191 0.1484 0.1429 0.2148 0.4068 0.4989 0.2341 0.1350 0.1714 0.3006 0.5154 0.3941 0.1436 0.1462 0.2266 0.4315 0.4876 0.2018 0.1354 0.1787 0.3199 0.5180 0.3658 0.1401 0.1503 0.2399 0.4570 0.4727 0.1761 0.1367 0.1882 0.3450 0.5163 0.3247 0.1370 0.1567 0.2605 0.4886 0.4457 0.1564 0.1400 0.2045 0.3860 0.5057 0.2574 0.1350 0.1670 0.2786 0.4197 0.2786 0.1670 0.1350 0.2574 0.5057 0.3860 0.2045 0.1400 0.1564 0.4457 0.4886 0.2605 0.1567 0.1370 0.3247 0.5163 0.3450 0.1882 0.1367 0.1761 0.4727 0.4570 0.2399 0.1503 0.1401 0.3658 0.5180 0.3199 0.1787 0.1354 0.2018 0.4876 0.4315 0.2266 0.1462 0.1436 0.3941 0.5154 0.3006 0.1714 0.1350 0.2341 0.4989 0.4068 0.2148 0.1429 0.1484 0.4191 0.5078 0.2825
0.5077 0.4155 0.1476 0.1434 0.2166 0.4106 0.4973 0.2288 0.1350 0.1725 0.3035 0.5160 0.3900 0.1430 0.1468 0.2285 0.4353 0.4857 0.1975 0.1355 0.1799 0.3230 0.5181 0.3613 0.1397 0.1508 0.2417 0.4598 0.4709 0.1743 0.1368 0.1890 0.3469 0.5160 0.3224 0.1369 0.1570 0.2611 0.4892 0.4454 0.1564 0.1399 0.2042 0.3850 0.5061 0.2591 0.1350 0.1678 0.2898 0.5052 0.4918 0.5052 0.2898 0.1678 0.1350 0.2591 0.5061 0.3850 0.2042 0.1399 0.1564 0.4454 0.4892 0.2611 0.1570 0.1369 0.3224 0.5160 0.3469 0.1890 0.1368 0.1743 0.4709 0.4598 0.2417 0.1508 0.1397 0.3613 0.5181 0.3230 0.1799 0.1355 0.1975 0.4857 0.4353 0.2285 0.1468 0.1430 0.3900 0.5160 0.3035 0.1725 0.1350 0.2288 0.4973 0.4106 0.2166 0.1434 0.1476 0.4155 0.5077
0.4132 0.1468 0.1439 0.2183 0.4144 0.4957 0.2236 0.1350 0.1736 0.3064 0.5166 0.3858 0.1424 0.1474 0.2304 0.4390 0.4837 0.1934 0.1356 0.1811 0.3261 0.5180 0.3566 0.1393 0.1515 0.2437 0.4630 0.4688 0.1723 0.1370 0.1899 0.3491 0.5157 0.3195 0.1368 0.1574 0.2620 0.4901 0.4446 0.1561 0.1400 0.2042 0.3846 0.5063 0.2605 0.1351 0.1677 0.2917 0.5117 0.4226 0.2148 0.4226 0.5117 0.2917 0.1677 0.1351 0.2605 0.5063 0.3846 0.2042 0.1400 0.1561 0.4446 0.4901 0.2620 0.1574 0.1368 0.3195 0.5157 0.3491 0.1899 0.1370 0.1723 0.4688 0.4630 0.2437 0.1515 0.1393 0.3566 0.5180 0.3261 0.1811 0.1356 0.1934 0.4837 0.4390 0.2304 0.1474 0.1424 0.3858 0.5166 0.3064 0.1736 0.1350 0.2236 0.4957 0.4144 0.2183 0.1439 0.1468 0.4132
0.1504 0.1443 0.2201 0.4181 0.4941 0.2185 0.1351 0.1747 0.3093 0.5171 0.3816 0.1419 0.1480 0.2324 0.4428 0.4816 0.1896 0.1358 0.1823 0.3293 0.5179 0.3519 0.1389 0.1522 0.2458 0.4664 0.4665 0.1701 0.1372 0.1910 0.3516 0.5153 0.3161 0.1366 0.1578 0.2632 0.4914 0.4434 0.1557 0.1401 0.2045 0.3850 0.5063 0.2610 0.1351 0.1675 0.2916 0.5127 0.4070 0.1486 0.1342 0.1486 0.4070 0.5127 0.2916 0.1675 0.1351 0.2610 0.5063 0.3850 0.2045 0.1401 0.1557 0.4434 0.4914 0.2632 0.1578 0.1366 0.3161 0.5153 0.3516 0.1910 0.1372 0.1701 0.4665 0.4664 0.2458 0.1522 0.1389 0.3519 0.5179 0.3293 0.1823 0.1358 0.1896 0.4816 0.4428 0.2324 0.1480 0.1419 0.3816 0.5171 0.3093 0.1747 0.1351 0.2185 0.4941 0.4181 0.2201 0.1443 0.1504
0.1480 0.2219 0.4219 0.4923 0.2136 0.1351 0.1758 0.3122 0.5175 0.3773 0.1413 0.1486 0.2344 0.4465 0.4795 0.1860 0.1360 0.1836 0.3325 0.5178 0.3470 0.1385 0.1529 0.2480 0.4698 0.4639 0.1680 0.1375 0.1923 0.3545 0.5148 0.3122 0.1365 0.1583 0.2647 0.4928 0.4418 0.1551 0.1402 0.2050 0.3860 0.5061 0.2605 0.1351 0.1675 0.2914 0.5128 0.4040 0.1454 0.1421 0.1745 0.1421 0.1454 0.4040 0.5128 0.2914 0.1675 0.1351 0.2605 0.5061 0.3860 0.2050 0.1402 0.1551 0.4418 0.4928 0.2647 0.1583 0.1365 0.3122 0.5148 0.3545 0.1923 0.1375 0.1680 0.4639 0.4698 0.2480 0.1529 0.1385 0.3470 0.5178 0.3325 0.1836 0.1360 0.1860 0.4795 0.4465 0.2344 0.1486 0.1413 0.3773 0.5175 0.3122 0.1758 0.1351 0.2136 0.4923 0.4219 0.2219 0.1480
0.2246 0.4257 0.4905 0.2089 0.1352 0.1769 0.3152 0.5177 0.3729 0.1408 0.1492 0.2363 0.4501 0.4773 0.1827 0.1362 0.1848 0.3357 0.5175 0.3422 0.1381 0.1536 0.2501 0.4731 0.4613 0.1660 0.1378 0.1936 0.3576 0.5142 0.3078 0.1363 0.1589 0.2663 0.4944 0.4401 0.1545 0.1404 0.2057 0.3873 0.5057 0.2591 0.1351 0.1675 0.2914 0.5128 0.4036 0.1449 0.1447 0.2141 0.3138 0.2141 0.1447 0.1449 0.4036 0.5128 0.2914 0.1675 0.1351 0.2591 0.5057 0.3873 0.2057 0.1404 0.1545 0.4401 0.4944 0.2663 0.1589 0.1363 0.3078 0.5142 0.3576 0.1936 0.1378 0.1660 0.4613 0.4731 0.2501 0.1536 0.1381 0.3422 0.5175 0.3357 0.1848 0.1362 0.1827 0.4773 0.4501 0.2363 0.1492 0.1408 0.3729 0.5177 0.3152 0.1769 0.1352 0.2089 0.4905 0.4257 0.2246
0.4266 0.4888 0.2045 0.1353 0.1780 0.3181 0.5179 0.3686 0.1404 0.1498 0.2383 0.4536 0.4751 0.1797 0.1363 0.1860 0.3387 0.5172 0.3375 0.1378 0.1543 0.2522 0.4762 0.4588 0.1642 0.1380 0.1950 0.3608 0.5135 0.3033 0.1361 0.1596 0.2679 0.4960 0.4382 0.1538 0.1406 0.2064 0.3888 0.5053 0.2574 0.1350 0.1677 0.2916 0.5128 0.4036 0.1449 0.1453 0.2224 0.4080 0.5168 0.4080 0.2224 0.1453 0.1449 0.4036 0.5128 0.2916 0.1677 0.1350 0.2574 0.5053 0.3888 0.2064 0.1406 0.1538 0.4382 0.4960 0.2679 0.1596 0.1361 0.3033 0.5135 0.3608 0.1950 0.1380 0.1642 0.4588 0.4762 0.2522 0.1543 0.1378 0.3375 0.5172 0.3387 0.1860 0.1363 0.1797 0.4751 0.4536 0.2383 0.1498 0.1404 0.3686 0.5179 0.3181 0.1780 0.1353 0.2045 0.4888 0.4266
0.4879 0.2012 0.1354 0.1788 0.3203 0.5180 0.3652 0.1400 0.1502 0.2398 0.4563 0.4734 0.1775 0.1365 0.1870 0.3412 0.5169 0.3337 0.1376 0.1548 0.2539 0.4786 0.4567 0.1629 0.1382 0.1960 0.3634 0.5129 0.2994 0.1360 0.1601 0.2694 0.4973 0.4366 0.1533 0.1407 0.2069 0.3898 0.5049 0.2563 0.1350 0.1678 0.2917 0.5127 0.4040 0.1449 0.1453 0.2239 0.4239 0.4974 0.3719 0.4974 0.4239 0.2239 0.1453 0.1449 0.4040 0.5127 0.2917 0.1678 0.1350 0.2563 0.5049 0.3898 0.2069 0.1407 0.1533 0.4366 0.4973 0.2694 0.1601 0.1360 0.2994 0.5129 0.3634 0.1960 0.1382 0.1629 0.4567 0.4786 0.2539 0.1548 0.1376 0.3337 0.5169 0.3412 0.1870 0.1365 0.1775 0.4734 0.4563 0.2398 0.1502 0.1400 0.3652 0.5180 0.3203 0.1788 0.1354 0.2012 0.4879
0.2052 0.1353 0.1786 0.3200 0.5178 0.3657 0.1400 0.1500 0.2394 0.4558 0.4736 0.1777 0.1364 0.1867 0.3407 0.5168 0.3343 0.1375 0.1546 0.2535 0.4781 0.4570 0.1630 0.1381 0.1957 0.3629 0.5128 0.3000 0.1359 0.1598 0.2689 0.4967 0.4373 0.1535 0.1405 0.2062 0.3882 0.5054 0.2592 0.1350 0.1670 0.2898 0.5117 0.4070 0.1454 0.1447 0.2224 0.4239 0.4921 0.2346 0.1394 0.2346 0.4921 0.4239 0.2224 0.1447 0.1454 0.4070 0.5117 0.2898 0.1670 0.1350 0.2592 0.5054 0.3882 0.2062 0.1405 0.1535 0.4373 0.4967 0.2689 0.1598 0.1359 0.3000 0.5128 0.3629 0.1957 0.1381 0.1630 0.4570 0.4781 0.2535 0.1546 0.1375 0.3343 0.5168 0.3407 0.1867 0.1364 0.1777 0.4736 0.4558 0.2394 0.1500 0.1400 0.3657 0.5178 0.3200 0.1786 0.1353 0.2052
0.1387 0.1737 0.3087 0.5164 0.3826 0.1414 0.1471 0.2314 0.4420 0.4814 0.1902 0.1352 0.1813 0.3287 0.5173 0.3530 0.1384 0.1513 0.2449 0.4656 0.4665 0.1703 0.1366 0.1898 0.3501 0.5149 0.3202 0.1363 0.1561 0.2596 0.4865 0.4488 0.1582 0.1386 0.1995 0.3740 0.5093 0.2819 0.1349 0.1625 0.2786 0.5052 0.4226 0.1486 0.1421 0.2141 0.4080 0.4974 0.2346 0.1340 0.1444 0.1340 0.2346 0.4974 0.4080 0.2141 0.1421 0.1486 0.4226 0.5052 0.2786 0.1625 0.1349 0.2819 0.5093 0.3740 0.1995 0.1386 0.1582 0.4488 0.4865 0.2596 0.1561 0.1363 0.3202 0.5149 0.3501 0.1898 0.1366 0.1703 0.4665 0.4656 0.2449 0.1513 0.1384 0.3530 0.5173 0.3287 0.1813 0.1352 0.1902 0.4814 0.4420 0.2314 0.1471 0.1414 0.3826 0.5164 0.3087 0.1737 0.1387
0.1526 0.2406 0.4605 0.4700 0.1740 0.1357 0.1866 0.3443 0.5153 0.3289 0.1359 0.1541 0.2548 0.4821 0.4532 0.1600 0.1375 0.1958 0.3670 0.5107 0.2944 0.1346 0.1594 0.2706 0.4994 0.4335 0.1511 0.1398 0.2059 0.3909 0.5036 0.2581 0.1340 0.1655 0.2882 0.5109 0.4093 0.1447 0.1430 0.2186 0.4197 0.4918 0.2148 0.1342 0.1745 0.3138 0.5168 0.3719 0.1394 0.1444 0.1810 0.1444 0.1394 0.3719 0.5168 0.3138 0.1745 0.1342 0.2148 0.4918 0.4197 0.2186 0.1430 0.1447 0.4093 0.5109 0.2882 0.1655 0.1340 0.2581 0.5036 0.3909 0.2059 0.1398 0.1511 0.4335 0.4994 0.2706 0.1594 0.1346 0.2944 0.5107 0.3670 0.1958 0.1375 0.1600 0.4532 0.4821 0.2548 0.1541 0.1359 0.3289 0.5153 0.3443 0.1866 0.1357 0.1740 0.4700 0.4605 0.2406 0.1526
0.1387 0.1737 0.3087 0.5164 0.3826 0.1414 0.1471 0.2314 0.4420 0.4814 0.1902 0.1352 0.1813 0.3287 0.5173 0.3530 0.1384 0.1513 0.2449 0.4656 0.4665 0.1703 0.1366 0.1898 0.3501 0.5149 0.3202 0.1363 0.1561 0.2596 0.4865 0.4488 0.1582 0.1386 0.1995 0.3740 0.5093 0.2819 0.1349 0.1625 0.2786 0.5052 0.4226 0.1486 0.1421 0.2141 0.4080 0.4974 0.2346 0.1340 0.1444 0.1340 0.2346 0.4974 0.4080 0.2141 0.1421 0.1486 0.4226 0.5052 0.2786 0.1625 0.1349 0.2819 0.5093 0.3740 0.1995 0.1386 0.1582 0.4488 0.4865 0.2596 0.1561 0.1363 0.3202 0.5149 0.3501 0.1898 0.1366 0.1703 0.4665 0.4656 0.2449 0.1513 0.1384 0.3530 0.5173 0.3287 0.1813 0.1352 0.1902 0.4814 0.4420 0.2314 0.1471 0.1414 0.3826 0.5164 0.3087 0.1737 0.1387
0.2052 0.1353 0.1786 0.3200 0.5178 0.3657 0.1400 0.1500 0.2394 0.4558 0.4736 0.1777 0.1364 0.1867 0.3407 0.5168 0.3343 0.1375 0.1546 0.2535 0.4781 0.4570 0.1630 0.1381 0.1957 0.3629 0.5128 0.3000 0.1359 0.1598 0.2689 0.4967 0.4373 0.1535 0.1405 0.2062 0.3882 0.5054 0.2592 0.1350 0.1670 0.2898 0.5117 0.4070 0.1454 0.1447 0.2224 0.4239 0.4921 0.2346 0.1394 0.2346 0.4921 0.4239 0.2224 0.1447 0.1454 0.4070 0.5117 0.2898 0.1670 0.1350 0.2592 0.5054 0.3882 0.2062 0.1405 0.1535 0.4373 0.4967 0.2689 0.1598 0.1359 0.3000 0.5128 0.3629 0.1957 0.1381 0.1630 0.4570 0.4781 0.2535 0.1546 0.1375 0.3343 0.5168 0.3407 0.1867 0.1364 0.1777 0.4736 0.4558 0.2394 0.1500 0.1400 0.3657 0.5178 0.3200 0.1786 0.1353 0.2052
0.4879 0.2012 0.1354 0.1788 0.3203 0.5180 0.3652 0.1400 0.1502 0.2398 0.4563 0.4734 0.1775 0.1365 0.1870 0.3412 0.5169 0.3337 0.1376 0.1548 0.2539 0.4786 0.4567 0.1629 0.1382 0.1960 0.3634 0.5129 0.2994 0.1360 0.1601 0.2694 0.4973 0.4366 0.1533 0.1407 0.2069 0.3898 0.5049 0.2563 0.1350 0.1678 0.2917 0.5127 0.4040 0.1449 0.1453 0.2239 0.4239 0.4974 0.3719 0.4974 0.4239 0.2239 0.1453 0.1449 0.4040 0.5127 0.2917 0.1678 0.1350 0.2563 0.5049 0.3898 0.2069 0.1407 0.1533 0.4366 0.4973 0.2694 0.1601 0.1360 0.2994 0.5129 0.3634 0.1960 0.1382 0.1629 0.4567 0.4786 0.2539 0.1548 0.1376 0.3337 0.5169 0.3412 0.1870 0.1365 0.1775 0.4734 0.4563 0.2398 0.1502 0.1400 0.3652 0.5180 0.3203 0.1788 0.1354 0.2012 0.4879
0.4266 0.4888 0.2045 0.1353 0.1780 0.3181 0.5179 0.3686 0.1404 0.1498 0.2383 0.4536 0.4751 0.1797 0.1363 0.1860 0.3387 0.5172 0.3375 0.1378 0.1543 0.2522 0.4762 0.4588 0.1642 0.1380 0.1950 0.3608 0.5135 0.3033 0.1361 0.1596 0.2679 0.4960 0.4382 0.1538 0.1406 0.2064 0.3888 0.5053 0.2574 0.1350 0.1677 0.2916 0.5128 0.4036 0.1449 0.1453 0.2224 0.4080 0.5168 0.4080 0.2224 0.1453 0.1449 0.4036 0.5128 0.2916 0.1677 0.1350 0.2574 0.5053 0.3888 0.2064 0.1406 0.1538 0.4382 0.4960 0.2679 0.1596 0.1361 0.3033 0.5135 0.3608 0.1950 0.1380 0.1642 0.4588 0.4762 0.2522 0.1543 0.1378 0.3375 0.5172 0.3387 0.1860 0.1363 0.1797 0.4751 0.4536 0.2383 0.1498 0.1404 0.3686 0.5179 0.3181 0.1780 0.1353 0.2045 0.4888 0.4266
0.2246 0.4257 0.4905 0.2089 0.1352 0.1769 0.3152 0.5177 0.3729 0.1408 0.1492 0.2363 0.4501 0.4773 0.1827 0.1362 0.1848 0.3357 0.5175 0.3422 0.1381 0.1536 0.2501 0.4731 0.4613 0.1660 0.1378 0.1936 0.3576 0.5142 0.3078 0.1363 0.1589 0.2663 0.4944 0.4401 0.1545 0.1404 0.2057 0.3873 0.5057 0.2591 0.1351 0.1675 0.2914 0.5128 0.4036 0.1449 0.1447 0.2141 0.3138 0.2141 0.1447 0.1449 0.4036 0.5128 0.2914 0.1675 0.1351 0.2591 0.5057 0.3873 0.2057 0.1404 0.1545 0.4401 0.4944 0.2663 0.1589 0.1363 0.3078 0.5142 0.3576 0.1936 0.1378 0.1660 0.4613 0.4731 0.2501 0.1536 0.1381 0.3422 0.5175 0.3357 0.1848 0.1362 0.1827 0.4773 0.4501 0.2363 0.1492 0.1408 0.3729 0.5177 0.3152 0.1769 0.1352 0.2089 0.4905 0.4257 0.2246
