0.4172 0.1507 0.1479 0.2243 0.4263 0.4876 0.1996 0.1398 0.1847 0.3325 0.5169 0.3372 0.1418 0.1588 0.2602 0.4873 0.4441 0.1589 0.1441 0.2091 0.3927 0.5023 0.2435 0.1392 0.1744 0.3050 0.5160 0.3798 0.1453 0.1526 0.2406 0.4576 0.4692 0.1737 0.1413 0.1955 0.3602 0.5123 0.2933 0.1400 0.1656 0.2805 0.5064 0.4161 0.1510 0.1477 0.2230 0.4225 0.4915 0.2329 0.1433 0.2329 0.4915 0.4225 0.2230 0.1477 0.1510 0.4161 0.5064 0.2805 0.1656 0.1400 0.2933 0.5123 0.3602 0.1955 0.1413 0.1737 0.4692 0.4576 0.2406 0.1526 0.1453 0.3798 0.5160 0.3050 0.1744 0.1392 0.2435 0.5023 0.3927 0.2091 0.1441 0.1589 0.4441 0.4873 0.2602 0.1588 0.1418 0.3372 0.5169 0.3325 0.1847 0.1398 0.1996 0.4876 0.4263 0.2243 0.1479 0.1507 0.4172
0.1507 0.1445 0.2220 0.4256 0.4888 0.2001 0.1356 0.1816 0.3306 0.5177 0.3401 0.1377 0.1554 0.2578 0.4869 0.4461 0.1559 0.1403 0.2062 0.3912 0.5035 0.2459 0.1350 0.1712 0.3029 0.5165 0.3824 0.1414 0.1491 0.2380 0.4567 0.4708 0.1720 0.1373 0.1926 0.3584 0.5133 0.2963 0.1357 0.1623 0.2782 0.5065 0.4184 0.1474 0.1439 0.2204 0.4224 0.4908 0.2102 0.1344 0.1483 0.1344 0.2102 0.4908 0.4224 0.2204 0.1439 0.1474 0.4184 0.5065 0.2782 0.1623 0.1357 0.2963 0.5133 0.3584 0.1926 0.1373 0.1720 0.4708 0.4567 0.2380 0.1491 0.1414 0.3824 0.5165 0.3029 0.1712 0.1350 0.2459 0.5035 0.3912 0.2062 0.1403 0.1559 0.4461 0.4869 0.2578 0.1554 0.1377 0.3401 0.5177 0.3306 0.1816 0.1356 0.2001 0.4888 0.4256 0.2220 0.1445 0.1507
0.1479 0.2220 0.4242 0.4899 0.2035 0.1355 0.1805 0.3276 0.5179 0.3449 0.1380 0.1546 0.2555 0.4839 0.4490 0.1572 0.1399 0.2046 0.3875 0.5048 0.2514 0.1350 0.1702 0.3001 0.5159 0.3867 0.1420 0.1484 0.2360 0.4531 0.4732 0.1745 0.1370 0.1912 0.3550 0.5140 0.3018 0.1359 0.1614 0.2756 0.5047 0.4219 0.1482 0.1435 0.2187 0.4189 0.4921 0.2096 0.1351 0.1715 0.2364 0.1715 0.1351 0.2096 0.4921 0.4189 0.2187 0.1435 0.1482 0.4219 0.5047 0.2756 0.1614 0.1359 0.3018 0.5140 0.3550 0.1912 0.1370 0.1745 0.4732 0.4531 0.2360 0.1484 0.1420 0.3867 0.5159 0.3001 0.1702 0.1350 0.2514 0.5048 0.3875 0.2046 0.1399 0.1572 0.4490 0.4839 0.2555 0.1546 0.1380 0.3449 0.5179 0.3276 0.1805 0.1355 0.2035 0.4899 0.4242 0.2220 0.1479
0.2243 0.4256 0.4899 0.2050 0.1354 0.1797 0.3251 0.5180 0.3494 0.1383 0.1539 0.2533 0.4809 0.4519 0.1586 0.1395 0.2031 0.3838 0.5060 0.2569 0.1350 0.1691 0.2973 0.5152 0.3908 0.1425 0.1478 0.2340 0.4494 0.4755 0.1772 0.1368 0.1898 0.3516 0.5147 0.3071 0.1361 0.1606 0.2731 0.5027 0.4254 0.1491 0.1430 0.2169 0.4151 0.4937 0.2130 0.1352 0.1764 0.3030 0.4534 0.3030 0.1764 0.1352 0.2130 0.4937 0.4151 0.2169 0.1430 0.1491 0.4254 0.5027 0.2731 0.1606 0.1361 0.3071 0.5147 0.3516 0.1898 0.1368 0.1772 0.4755 0.4494 0.2340 0.1478 0.1425 0.3908 0.5152 0.2973 0.1691 0.1350 0.2569 0.5060 0.3838 0.2031 0.1395 0.1586 0.4519 0.4809 0.2533 0.1539 0.1383 0.3494 0.5180 0.3251 0.1797 0.1354 0.2050 0.4899 0.4256 0.2243
0.4263 0.4888 0.2035 0.1354 0.1794 0.3237 0.5181 0.3529 0.1386 0.1533 0.2513 0.4780 0.4546 0.1601 0.1392 0.2016 0.3802 0.5072 0.2624 0.1351 0.1681 0.2945 0.5144 0.3949 0.1431 0.1473 0.2320 0.4457 0.4777 0.1801 0.1365 0.1885 0.3482 0.5154 0.3125 0.1363 0.1597 0.2706 0.5006 0.4288 0.1500 0.1425 0.2152 0.4113 0.4954 0.2176 0.1351 0.1767 0.3142 0.5154 0.4745 0.5154 0.3142 0.1767 0.1351 0.2176 0.4954 0.4113 0.2152 0.1425 0.1500 0.4288 0.5006 0.2706 0.1597 0.1363 0.3125 0.5154 0.3482 0.1885 0.1365 0.1801 0.4777 0.4457 0.2320 0.1473 0.1431 0.3949 0.5144 0.2945 0.1681 0.1351 0.2624 0.5072 0.3802 0.2016 0.1392 0.1601 0.4546 0.4780 0.2513 0.1533 0.1386 0.3529 0.5181 0.3237 0.1794 0.1354 0.2035 0.4888 0.4263
0.4876 0.2001 0.1355 0.1797 0.3237 0.5181 0.3548 0.1388 0.1528 0.2496 0.4753 0.4570 0.1615 0.1389 0.2001 0.3767 0.5083 0.2680 0.1351 0.1671 0.2918 0.5134 0.3989 0.1437 0.1467 0.2300 0.4420 0.4799 0.1833 0.1363 0.1872 0.3449 0.5159 0.3177 0.1365 0.1589 0.2682 0.4984 0.4322 0.1510 0.1421 0.2135 0.4076 0.4970 0.2226 0.1351 0.1759 0.3146 0.5175 0.3907 0.1797 0.3907 0.5175 0.3146 0.1759 0.1351 0.2226 0.4970 0.4076 0.2135 0.1421 0.1510 0.4322 0.4984 0.2682 0.1589 0.1365 0.3177 0.5159 0.3449 0.1872 0.1363 0.1833 0.4799 0.4420 0.2300 0.1467 0.1437 0.3989 0.5134 0.2918 0.1671 0.1351 0.2680 0.5083 0.3767 0.2001 0.1389 0.1615 0.4570 0.4753 0.2496 0.1528 0.1388 0.3548 0.5181 0.3237 0.1797 0.1355 0.2001 0.4876
0.1996 0.1356 0.1805 0.3251 0.5181 0.3548 0.1389 0.1526 0.2485 0.4732 0.4590 0.1628 0.1386 0.1988 0.3734 0.5094 0.2733 0.1352 0.1662 0.2890 0.5124 0.4029 0.1444 0.1461 0.2281 0.4383 0.4820 0.1867 0.1361 0.1859 0.3415 0.5164 0.3229 0.1367 0.1581 0.2658 0.4960 0.4354 0.1520 0.1416 0.2118 0.4038 0.4986 0.2277 0.1350 0.1749 0.3126 0.5177 0.3744 0.1426 0.1353 0.1426 0.3744 0.5177 0.3126 0.1749 0.1350 0.2277 0.4986 0.4038 0.2118 0.1416 0.1520 0.4354 0.4960 0.2658 0.1581 0.1367 0.3229 0.5164 0.3415 0.1859 0.1361 0.1867 0.4820 0.4383 0.2281 0.1461 0.1444 0.4029 0.5124 0.2890 0.1662 0.1352 0.2733 0.5094 0.3734 0.1988 0.1386 0.1628 0.4590 0.4732 0.2485 0.1526 0.1389 0.3548 0.5181 0.3251 0.1805 0.1356 0.1996
0.1398 0.1816 0.3276 0.5180 0.3529 0.1388 0.1526 0.2481 0.4722 0.4603 0.1639 0.1384 0.1977 0.3705 0.5102 0.2783 0.1353 0.1653 0.2864 0.5112 0.4067 0.1450 0.1456 0.2262 0.4345 0.4841 0.1904 0.1359 0.1846 0.3383 0.5169 0.3281 0.1370 0.1573 0.2634 0.4934 0.4386 0.1531 0.1412 0.2101 0.4001 0.5001 0.2330 0.1350 0.1738 0.3098 0.5175 0.3737 0.1409 0.1460 0.1840 0.1460 0.1409 0.3737 0.5175 0.3098 0.1738 0.1350 0.2330 0.5001 0.4001 0.2101 0.1412 0.1531 0.4386 0.4934 0.2634 0.1573 0.1370 0.3281 0.5169 0.3383 0.1846 0.1359 0.1904 0.4841 0.4345 0.2262 0.1456 0.1450 0.4067 0.5112 0.2864 0.1653 0.1353 0.2783 0.5102 0.3705 0.1977 0.1384 0.1639 0.4603 0.4722 0.2481 0.1526 0.1388 0.3529 0.5180 0.3276 0.1816 0.1398
0.1847 0.3306 0.5179 0.3494 0.1386 0.1528 0.2485 0.4722 0.4607 0.1645 0.1382 0.1968 0.3681 0.5110 0.2827 0.1354 0.1645 0.2841 0.5099 0.4104 0.1457 0.1450 0.2244 0.4308 0.4861 0.1942 0.1358 0.1833 0.3350 0.5173 0.3332 0.1373 0.1565 0.2610 0.4908 0.4418 0.1542 0.1408 0.2085 0.3964 0.5015 0.2383 0.1350 0.1727 0.3070 0.5172 0.3768 0.1409 0.1488 0.2276 0.3377 0.2276 0.1488 0.1409 0.3768 0.5172 0.3070 0.1727 0.1350 0.2383 0.5015 0.3964 0.2085 0.1408 0.1542 0.4418 0.4908 0.2610 0.1565 0.1373 0.3332 0.5173 0.3350 0.1833 0.1358 0.1942 0.4861 0.4308 0.2244 0.1450 0.1457 0.4104 0.5099 0.2841 0.1645 0.1354 0.2827 0.5110 0.3681 0.1968 0.1382 0.1645 0.4607 0.4722 0.2485 0.1528 0.1386 0.3494 0.5179 0.3306 0.1847
0.3325 0.5177 0.3449 0.1383 0.1533 0.2496 0.4732 0.4603 0.1645 0.1382 0.1963 0.3665 0.5115 0.2863 0.1355 0.1637 0.2819 0.5087 0.4137 0.1464 0.1446 0.2226 0.4270 0.4880 0.1984 0.1356 0.1821 0.3318 0.5176 0.3382 0.1376 0.1557 0.2587 0.4880 0.4448 0.1554 0.1404 0.2069 0.3926 0.5029 0.2437 0.1350 0.1716 0.3041 0.5167 0.3808 0.1413 0.1490 0.2355 0.4347 0.5161 0.4347 0.2355 0.1490 0.1413 0.3808 0.5167 0.3041 0.1716 0.1350 0.2437 0.5029 0.3926 0.2069 0.1404 0.1554 0.4448 0.4880 0.2587 0.1557 0.1376 0.3382 0.5176 0.3318 0.1821 0.1356 0.1984 0.4880 0.4270 0.2226 0.1446 0.1464 0.4137 0.5087 0.2819 0.1637 0.1355 0.2863 0.5115 0.3665 0.1963 0.1382 0.1645 0.4603 0.4732 0.2496 0.1533 0.1383 0.3449 0.5177 0.3325
0.5169 0.3401 0.1380 0.1539 0.2513 0.4753 0.4590 0.1639 0.1382 0.1963 0.3660 0.5118 0.2886 0.1356 0.1632 0.2801 0.5075 0.4166 0.1471 0.1441 0.2210 0.4235 0.4898 0.2026 0.1355 0.1809 0.3286 0.5178 0.3431 0.1379 0.1549 0.2564 0.4851 0.4478 0.1567 0.1400 0.2053 0.3890 0.5043 0.2492 0.1350 0.1706 0.3012 0.5162 0.3850 0.1418 0.1486 0.2358 0.4486 0.4854 0.3390 0.4854 0.4486 0.2358 0.1486 0.1418 0.3850 0.5162 0.3012 0.1706 0.1350 0.2492 0.5043 0.3890 0.2053 0.1400 0.1567 0.4478 0.4851 0.2564 0.1549 0.1379 0.3431 0.5178 0.3286 0.1809 0.1355 0.2026 0.4898 0.4235 0.2210 0.1441 0.1471 0.4166 0.5075 0.2801 0.1632 0.1356 0.2886 0.5118 0.3660 0.1963 0.1382 0.1639 0.4590 0.4753 0.2513 0.1539 0.1380 0.3401 0.5169
0.3372 0.1377 0.1546 0.2533 0.4780 0.4570 0.1628 0.1384 0.1968 0.3665 0.5118 0.2894 0.1356 0.1628 0.2788 0.5065 0.4190 0.1477 0.1437 0.2195 0.4202 0.4915 0.2067 0.1354 0.1797 0.3255 0.5180 0.3480 0.1382 0.1542 0.2541 0.4821 0.4508 0.1580 0.1397 0.2037 0.3853 0.5055 0.2547 0.1350 0.1696 0.2984 0.5155 0.3892 0.1423 0.1481 0.2345 0.4492 0.4781 0.1982 0.1365 0.1982 0.4781 0.4492 0.2345 0.1481 0.1423 0.3892 0.5155 0.2984 0.1696 0.1350 0.2547 0.5055 0.3853 0.2037 0.1397 0.1580 0.4508 0.4821 0.2541 0.1542 0.1382 0.3480 0.5180 0.3255 0.1797 0.1354 0.2067 0.4915 0.4202 0.2195 0.1437 0.1477 0.4190 0.5065 0.2788 0.1628 0.1356 0.2894 0.5118 0.3665 0.1968 0.1384 0.1628 0.4570 0.4780 0.2533 0.1546 0.1377 0.3372
0.1418 0.1554 0.2555 0.4809 0.4546 0.1615 0.1386 0.1977 0.3681 0.5115 0.2886 0.1356 0.1627 0.2780 0.5058 0.4208 0.1482 0.1434 0.2182 0.4173 0.4929 0.2107 0.1353 0.1786 0.3226 0.5181 0.3528 0.1386 0.1535 0.2519 0.4790 0.4536 0.1595 0.1393 0.2022 0.3816 0.5068 0.2602 0.1350 0.1685 0.2956 0.5147 0.3933 0.1429 0.1475 0.2327 0.4467 0.4778 0.1838 0.1349 0.1526 0.1349 0.1838 0.4778 0.4467 0.2327 0.1475 0.1429 0.3933 0.5147 0.2956 0.1685 0.1350 0.2602 0.5068 0.3816 0.2022 0.1393 0.1595 0.4536 0.4790 0.2519 0.1535 0.1386 0.3528 0.5181 0.3226 0.1786 0.1353 0.2107 0.4929 0.4173 0.2182 0.1434 0.1482 0.4208 0.5058 0.2780 0.1627 0.1356 0.2886 0.5115 0.3681 0.1977 0.1386 0.1615 0.4546 0.4809 0.2555 0.1554 0.1418
0.1588 0.2578 0.4839 0.4519 0.1601 0.1389 0.1988 0.3705 0.5110 0.2863 0.1356 0.1628 0.2780 0.5055 0.4218 0.1485 0.1432 0.2172 0.4149 0.4941 0.2143 0.1352 0.1777 0.3200 0.5181 0.3573 0.1389 0.1528 0.2497 0.4758 0.4564 0.1610 0.1390 0.2006 0.3780 0.5079 0.2658 0.1351 0.1675 0.2928 0.5138 0.3973 0.1435 0.1469 0.2308 0.4434 0.4793 0.1834 0.1360 0.1789 0.2502 0.1789 0.1360 0.1834 0.4793 0.4434 0.2308 0.1469 0.1435 0.3973 0.5138 0.2928 0.1675 0.1351 0.2658 0.5079 0.3780 0.2006 0.1390 0.1610 0.4564 0.4758 0.2497 0.1528 0.1389 0.3573 0.5181 0.3200 0.1777 0.1352 0.2143 0.4941 0.4149 0.2172 0.1432 0.1485 0.4218 0.5055 0.2780 0.1628 0.1356 0.2863 0.5110 0.3705 0.1988 0.1389 0.1601 0.4519 0.4839 0.2578 0.1588
0.2602 0.4869 0.4490 0.1586 0.1392 0.2001 0.3734 0.5102 0.2827 0.1355 0.1632 0.2788 0.5058 0.4218 0.1486 0.1431 0.2166 0.4132 0.4950 0.2174 0.1352 0.1768 0.3176 0.5180 0.3612 0.1393 0.1521 0.2477 0.4726 0.4592 0.1627 0.1386 0.1991 0.3744 0.5090 0.2713 0.1352 0.1666 0.2901 0.5128 0.4013 0.1441 0.1463 0.2289 0.4398 0.4813 0.1858 0.1361 0.1842 0.3224 0.4757 0.3224 0.1842 0.1361 0.1858 0.4813 0.4398 0.2289 0.1463 0.1441 0.4013 0.5128 0.2901 0.1666 0.1352 0.2713 0.5090 0.3744 0.1991 0.1386 0.1627 0.4592 0.4726 0.2477 0.1521 0.1393 0.3612 0.5180 0.3176 0.1768 0.1352 0.2174 0.4950 0.4132 0.2166 0.1431 0.1486 0.4218 0.5058 0.2788 0.1632 0.1355 0.2827 0.5102 0.3734 0.2001 0.1392 0.1586 0.4490 0.4869 0.2602
0.4873 0.4461 0.1572 0.1395 0.2016 0.3767 0.5094 0.2783 0.1354 0.1637 0.2801 0.5065 0.4208 0.1485 0.1431 0.2163 0.4123 0.4956 0.2196 0.1351 0.1761 0.3156 0.5179 0.3647 0.1396 0.1515 0.2458 0.4695 0.4617 0.1644 0.1383 0.1976 0.3709 0.5100 0.2768 0.1353 0.1656 0.2874 0.5117 0.4052 0.1448 0.1458 0.2270 0.4360 0.4833 0.1890 0.1360 0.1845 0.3343 0.5174 0.4587 0.5174 0.3343 0.1845 0.1360 0.1890 0.4833 0.4360 0.2270 0.1458 0.1448 0.4052 0.5117 0.2874 0.1656 0.1353 0.2768 0.5100 0.3709 0.1976 0.1383 0.1644 0.4617 0.4695 0.2458 0.1515 0.1396 0.3647 0.5179 0.3156 0.1761 0.1351 0.2196 0.4956 0.4123 0.2163 0.1431 0.1485 0.4208 0.5065 0.2801 0.1637 0.1354 0.2783 0.5094 0.3767 0.2016 0.1395 0.1572 0.4461 0.4873
0.4441 0.1559 0.1399 0.2031 0.3802 0.5083 0.2733 0.1353 0.1645 0.2819 0.5075 0.4190 0.1482 0.1432 0.2166 0.4123 0.4958 0.2208 0.1351 0.1757 0.3141 0.5178 0.3677 0.1399 0.1510 0.2441 0.4667 0.4639 0.1661 0.1380 0.1962 0.3673 0.5110 0.2824 0.1354 0.1647 0.2848 0.5104 0.4090 0.1455 0.1453 0.2251 0.4323 0.4853 0.1927 0.1358 0.1836 0.3348 0.5175 0.3624 0.1636 0.3624 0.5175 0.3348 0.1836 0.1358 0.1927 0.4853 0.4323 0.2251 0.1453 0.1455 0.4090 0.5104 0.2848 0.1647 0.1354 0.2824 0.5110 0.3673 0.1962 0.1380 0.1661 0.4639 0.4667 0.2441 0.1510 0.1399 0.3677 0.5178 0.3141 0.1757 0.1351 0.2208 0.4958 0.4123 0.2166 0.1432 0.1482 0.4190 0.5075 0.2819 0.1645 0.1353 0.2733 0.5083 0.3802 0.2031 0.1399 0.1559 0.4441
0.1589 0.1403 0.2046 0.3838 0.5072 0.2680 0.1352 0.1653 0.2841 0.5087 0.4166 0.1477 0.1434 0.2172 0.4132 0.4956 0.2208 0.1351 0.1754 0.3131 0.5177 0.3699 0.1402 0.1506 0.2426 0.4642 0.4659 0.1677 0.1378 0.1949 0.3640 0.5119 0.2877 0.1355 0.1637 0.2822 0.5090 0.4127 0.1462 0.1447 0.2233 0.4285 0.4872 0.1967 0.1357 0.1825 0.3326 0.5175 0.3441 0.1392 0.1369 0.1392 0.3441 0.5175 0.3326 0.1825 0.1357 0.1967 0.4872 0.4285 0.2233 0.1447 0.1462 0.4127 0.5090 0.2822 0.1637 0.1355 0.2877 0.5119 0.3640 0.1949 0.1378 0.1677 0.4659 0.4642 0.2426 0.1506 0.1402 0.3699 0.5177 0.3131 0.1754 0.1351 0.2208 0.4956 0.4132 0.2172 0.1434 0.1477 0.4166 0.5087 0.2841 0.1653 0.1352 0.2680 0.5072 0.3838 0.2046 0.1403 0.1589
0.1441 0.2062 0.3875 0.5060 0.2624 0.1351 0.1662 0.2864 0.5099 0.4137 0.1471 0.1437 0.2182 0.4149 0.4950 0.2196 0.1351 0.1754 0.3128 0.5177 0.3713 0.1404 0.1503 0.2414 0.4619 0.4676 0.1693 0.1375 0.1938 0.3610 0.5127 0.2928 0.1356 0.1628 0.2796 0.5074 0.4164 0.1470 0.1442 0.2214 0.4247 0.4891 0.2009 0.1355 0.1813 0.3298 0.5177 0.3434 0.1381 0.1499 0.1928 0.1499 0.1381 0.3434 0.5177 0.3298 0.1813 0.1355 0.2009 0.4891 0.4247 0.2214 0.1442 0.1470 0.4164 0.5074 0.2796 0.1628 0.1356 0.2928 0.5127 0.3610 0.1938 0.1375 0.1693 0.4676 0.4619 0.2414 0.1503 0.1404 0.3713 0.5177 0.3128 0.1754 0.1351 0.2196 0.4950 0.4149 0.2182 0.1437 0.1471 0.4137 0.5099 0.2864 0.1662 0.1351 0.2624 0.5060 0.3875 0.2062 0.1441
0.2091 0.3912 0.5048 0.2569 0.1351 0.1671 0.2890 0.5112 0.4104 0.1464 0.1441 0.2195 0.4173 0.4941 0.2174 0.1351 0.1757 0.3131 0.5177 0.3717 0.1404 0.1501 0.2406 0.4601 0.4691 0.1708 0.1374 0.1928 0.3584 0.5133 0.2974 0.1358 0.1620 0.2772 0.5057 0.4200 0.1478 0.1437 0.2197 0.4210 0.4910 0.2054 0.1354 0.1801 0.3267 0.5179 0.3467 0.1382 0.1531 0.2405 0.3597 0.2405 0.1531 0.1382 0.3467 0.5179 0.3267 0.1801 0.1354 0.2054 0.4910 0.4210 0.2197 0.1437 0.1478 0.4200 0.5057 0.2772 0.1620 0.1358 0.2974 0.5133 0.3584 0.1928 0.1374 0.1708 0.4691 0.4601 0.2406 0.1501 0.1404 0.3717 0.5177 0.3131 0.1757 0.1351 0.2174 0.4941 0.4173 0.2195 0.1441 0.1464 0.4104 0.5112 0.2890 0.1671 0.1351 0.2569 0.5048 0.3912 0.2091
0.3927 0.5035 0.2514 0.1350 0.1681 0.2918 0.5124 0.4067 0.1457 0.1446 0.2210 0.4202 0.4929 0.2143 0.1352 0.1761 0.3141 0.5177 0.3713 0.1404 0.1500 0.2401 0.4590 0.4700 0.1719 0.1372 0.1920 0.3562 0.5139 0.3014 0.1359 0.1613 0.2750 0.5040 0.4233 0.1486 0.1432 0.2179 0.4172 0.4928 0.2100 0.1353 0.1790 0.3236 0.5180 0.3511 0.1385 0.1534 0.2491 0.4585 0.5125 0.4585 0.2491 0.1534 0.1385 0.3511 0.5180 0.3236 0.1790 0.1353 0.2100 0.4928 0.4172 0.2179 0.1432 0.1486 0.4233 0.5040 0.2750 0.1613 0.1359 0.3014 0.5139 0.3562 0.1920 0.1372 0.1719 0.4700 0.4590 0.2401 0.1500 0.1404 0.3713 0.5177 0.3141 0.1761 0.1352 0.2143 0.4929 0.4202 0.2210 0.1446 0.1457 0.4067 0.5124 0.2918 0.1681 0.1350 0.2514 0.5035 0.3927
0.5023 0.2459 0.1350 0.1691 0.2945 0.5134 0.4029 0.1450 0.1450 0.2226 0.4235 0.4915 0.2107 0.1352 0.1768 0.3156 0.5178 0.3699 0.1404 0.1501 0.2401 0.4587 0.4705 0.1727 0.1371 0.1913 0.3543 0.5143 0.3049 0.1360 0.1607 0.2731 0.5025 0.4263 0.1494 0.1428 0.2162 0.4134 0.4945 0.2148 0.1352 0.1778 0.3206 0.5181 0.3557 0.1388 0.1529 0.2495 0.4716 0.4714 0.3056 0.4714 0.4716 0.2495 0.1529 0.1388 0.3557 0.5181 0.3206 0.1778 0.1352 0.2148 0.4945 0.4134 0.2162 0.1428 0.1494 0.4263 0.5025 0.2731 0.1607 0.1360 0.3049 0.5143 0.3543 0.1913 0.1371 0.1727 0.4705 0.4587 0.2401 0.1501 0.1404 0.3699 0.5178 0.3156 0.1768 0.1352 0.2107 0.4915 0.4235 0.2226 0.1450 0.1450 0.4029 0.5134 0.2945 0.1691 0.1350 0.2459 0.5023
0.2435 0.1350 0.1702 0.2973 0.5144 0.3989 0.1444 0.1456 0.2244 0.4270 0.4898 0.2067 0.1353 0.1777 0.3176 0.5179 0.3677 0.1402 0.1503 0.2406 0.4590 0.4705 0.1729 0.1370 0.1909 0.3530 0.5146 0.3079 0.1361 0.1601 0.2713 0.5010 0.4288 0.1501 0.1424 0.2146 0.4099 0.4961 0.2197 0.1351 0.1766 0.3175 0.5180 0.3603 0.1392 0.1523 0.2481 0.4723 0.4624 0.1755 0.1349 0.1755 0.4624 0.4723 0.2481 0.1523 0.1392 0.3603 0.5180 0.3175 0.1766 0.1351 0.2197 0.4961 0.4099 0.2146 0.1424 0.1501 0.4288 0.5010 0.2713 0.1601 0.1361 0.3079 0.5146 0.3530 0.1909 0.1370 0.1729 0.4705 0.4590 0.2406 0.1503 0.1402 0.3677 0.5179 0.3176 0.1777 0.1353 0.2067 0.4898 0.4270 0.2244 0.1456 0.1444 0.3989 0.5144 0.2973 0.1702 0.1350 0.2435
0.1392 0.1712 0.3001 0.5152 0.3949 0.1437 0.1461 0.2262 0.4308 0.4880 0.2026 0.1354 0.1786 0.3200 0.5180 0.3647 0.1399 0.1506 0.2414 0.4601 0.4700 0.1727 0.1370 0.1907 0.3523 0.5148 0.3100 0.1362 0.1596 0.2699 0.4995 0.4311 0.1508 0.1421 0.2133 0.4067 0.4975 0.2244 0.1351 0.1755 0.3145 0.5179 0.3650 0.1396 0.1516 0.2461 0.4700 0.4620 0.1667 0.1361 0.1576 0.1361 0.1667 0.4620 0.4700 0.2461 0.1516 0.1396 0.3650 0.5179 0.3145 0.1755 0.1351 0.2244 0.4975 0.4067 0.2133 0.1421 0.1508 0.4311 0.4995 0.2699 0.1596 0.1362 0.3100 0.5148 0.3523 0.1907 0.1370 0.1727 0.4700 0.4601 0.2414 0.1506 0.1399 0.3647 0.5180 0.3200 0.1786 0.1354 0.2026 0.4880 0.4308 0.2262 0.1461 0.1437 0.3949 0.5152 0.3001 0.1712 0.1392
0.1744 0.3029 0.5159 0.3908 0.1431 0.1467 0.2281 0.4345 0.4861 0.1984 0.1355 0.1797 0.3226 0.5181 0.3612 0.1396 0.1510 0.2426 0.4619 0.4691 0.1719 0.1371 0.1909 0.3523 0.5149 0.3111 0.1363 0.1593 0.2687 0.4983 0.4331 0.1514 0.1418 0.2121 0.4039 0.4988 0.2287 0.1350 0.1745 0.3117 0.5177 0.3695 0.1400 0.1510 0.2441 0.4669 0.4638 0.1665 0.1375 0.1870 0.2654 0.1870 0.1375 0.1665 0.4638 0.4669 0.2441 0.1510 0.1400 0.3695 0.5177 0.3117 0.1745 0.1350 0.2287 0.4988 0.4039 0.2121 0.1418 0.1514 0.4331 0.4983 0.2687 0.1593 0.1363 0.3111 0.5149 0.3523 0.1909 0.1371 0.1719 0.4691 0.4619 0.2426 0.1510 0.1396 0.3612 0.5181 0.3226 0.1797 0.1355 0.1984 0.4861 0.4345 0.2281 0.1467 0.1431 0.3908 0.5159 0.3029 0.1744
0.3050 0.5165 0.3867 0.1425 0.1473 0.2300 0.4383 0.4841 0.1942 0.1356 0.1809 0.3255 0.5181 0.3573 0.1393 0.1515 0.2441 0.4642 0.4676 0.1708 0.1372 0.1913 0.3530 0.5148 0.3111 0.1363 0.1591 0.2680 0.4973 0.4346 0.1520 0.1415 0.2111 0.4014 0.4998 0.2327 0.1350 0.1736 0.3092 0.5174 0.3737 0.1405 0.1503 0.2420 0.4636 0.4661 0.1679 0.1376 0.1928 0.3433 0.4945 0.3433 0.1928 0.1376 0.1679 0.4661 0.4636 0.2420 0.1503 0.1405 0.3737 0.5174 0.3092 0.1736 0.1350 0.2327 0.4998 0.4014 0.2111 0.1415 0.1520 0.4346 0.4973 0.2680 0.1591 0.1363 0.3111 0.5148 0.3530 0.1913 0.1372 0.1708 0.4676 0.4642 0.2441 0.1515 0.1393 0.3573 0.5181 0.3255 0.1809 0.1356 0.1942 0.4841 0.4383 0.2300 0.1473 0.1425 0.3867 0.5165 0.3050
0.5160 0.3824 0.1420 0.1478 0.2320 0.4420 0.4820 0.1904 0.1358 0.1821 0.3286 0.5180 0.3528 0.1389 0.1521 0.2458 0.4667 0.4659 0.1693 0.1374 0.1920 0.3543 0.5146 0.3100 0.1363 0.1591 0.2677 0.4969 0.4356 0.1524 0.1413 0.2102 0.3994 0.5007 0.2361 0.1350 0.1728 0.3069 0.5171 0.3774 0.1409 0.1497 0.2400 0.4601 0.4685 0.1698 0.1375 0.1932 0.3560 0.5159 0.4401 0.5159 0.3560 0.1932 0.1375 0.1698 0.4685 0.4601 0.2400 0.1497 0.1409 0.3774 0.5171 0.3069 0.1728 0.1350 0.2361 0.5007 0.3994 0.2102 0.1413 0.1524 0.4356 0.4969 0.2677 0.1591 0.1363 0.3100 0.5146 0.3543 0.1920 0.1374 0.1693 0.4659 0.4667 0.2458 0.1521 0.1389 0.3528 0.5180 0.3286 0.1821 0.1358 0.1904 0.4820 0.4420 0.2320 0.1478 0.1420 0.3824 0.5160
0.3798 0.1414 0.1484 0.2340 0.4457 0.4799 0.1867 0.1359 0.1833 0.3318 0.5178 0.3480 0.1386 0.1528 0.2477 0.4695 0.4639 0.1677 0.1375 0.1928 0.3562 0.5143 0.3079 0.1362 0.1593 0.2680 0.4969 0.4359 0.1526 0.1412 0.2096 0.3977 0.5014 0.2391 0.1350 0.1721 0.3049 0.5168 0.3807 0.1413 0.1492 0.2381 0.4567 0.4708 0.1721 0.1372 0.1923 0.3566 0.5143 0.3308 0.1536 0.3308 0.5143 0.3566 0.1923 0.1372 0.1721 0.4708 0.4567 0.2381 0.1492 0.1413 0.3807 0.5168 0.3049 0.1721 0.1350 0.2391 0.5014 0.3977 0.2096 0.1412 0.1526 0.4359 0.4969 0.2680 0.1593 0.1362 0.3079 0.5143 0.3562 0.1928 0.1375 0.1677 0.4639 0.4695 0.2477 0.1528 0.1386 0.3480 0.5178 0.3318 0.1833 0.1359 0.1867 0.4799 0.4457 0.2340 0.1484 0.1414 0.3798
0.1453 0.1491 0.2360 0.4494 0.4777 0.1833 0.1361 0.1846 0.3350 0.5176 0.3431 0.1382 0.1535 0.2497 0.4726 0.4617 0.1661 0.1378 0.1938 0.3584 0.5139 0.3049 0.1361 0.1596 0.2687 0.4973 0.4356 0.1526 0.1412 0.2092 0.3966 0.5020 0.2415 0.1350 0.1715 0.3032 0.5165 0.3836 0.1417 0.1487 0.2365 0.4536 0.4730 0.1744 0.1370 0.1911 0.3543 0.5143 0.3108 0.1369 0.1390 0.1369 0.3108 0.5143 0.3543 0.1911 0.1370 0.1744 0.4730 0.4536 0.2365 0.1487 0.1417 0.3836 0.5165 0.3032 0.1715 0.1350 0.2415 0.5020 0.3966 0.2092 0.1412 0.1526 0.4356 0.4973 0.2687 0.1596 0.1361 0.3049 0.5139 0.3584 0.1938 0.1378 0.1661 0.4617 0.4726 0.2497 0.1535 0.1382 0.3431 0.5176 0.3350 0.1846 0.1361 0.1833 0.4777 0.4494 0.2360 0.1491 0.1453
0.1526 0.2380 0.4531 0.4755 0.1801 0.1363 0.1859 0.3383 0.5173 0.3382 0.1379 0.1542 0.2519 0.4758 0.4592 0.1644 0.1380 0.1949 0.3610 0.5133 0.3014 0.1360 0.1601 0.2699 0.4983 0.4346 0.1524 0.1412 0.2092 0.3962 0.5022 0.2431 0.1350 0.1711 0.3017 0.5162 0.3861 0.1420 0.1483 0.2351 0.4509 0.4748 0.1767 0.1368 0.1899 0.3515 0.5148 0.3097 0.1363 0.1546 0.2025 0.1546 0.1363 0.3097 0.5148 0.3515 0.1899 0.1368 0.1767 0.4748 0.4509 0.2351 0.1483 0.1420 0.3861 0.5162 0.3017 0.1711 0.1350 0.2431 0.5022 0.3962 0.2092 0.1412 0.1524 0.4346 0.4983 0.2699 0.1601 0.1360 0.3014 0.5133 0.3610 0.1949 0.1380 0.1644 0.4592 0.4758 0.2519 0.1542 0.1379 0.3382 0.5173 0.3383 0.1859 0.1363 0.1801 0.4755 0.4531 0.2380 0.1526
0.2406 0.4567 0.4732 0.1772 0.1365 0.1872 0.3415 0.5169 0.3332 0.1376 0.1549 0.2541 0.4790 0.4564 0.1627 0.1383 0.1962 0.3640 0.5127 0.2974 0.1359 0.1607 0.2713 0.4995 0.4331 0.1520 0.1413 0.2096 0.3966 0.5022 0.2437 0.1350 0.1708 0.3007 0.5159 0.3882 0.1423 0.1480 0.2339 0.4485 0.4764 0.1789 0.1366 0.1888 0.3486 0.5153 0.3130 0.1363 0.1582 0.2549 0.3833 0.2549 0.1582 0.1363 0.3130 0.5153 0.3486 0.1888 0.1366 0.1789 0.4764 0.4485 0.2339 0.1480 0.1423 0.3882 0.5159 0.3007 0.1708 0.1350 0.2437 0.5022 0.3966 0.2096 0.1413 0.1520 0.4331 0.4995 0.2713 0.1607 0.1359 0.2974 0.5127 0.3640 0.1962 0.1383 0.1627 0.4564 0.4790 0.2541 0.1549 0.1376 0.3332 0.5169 0.3415 0.1872 0.1365 0.1772 0.4732 0.4567 0.2406
0.4576 0.4708 0.1745 0.1368 0.1885 0.3449 0.5164 0.3281 0.1373 0.1557 0.2564 0.4821 0.4536 0.1610 0.1386 0.1976 0.3673 0.5119 0.2928 0.1358 0.1613 0.2731 0.5010 0.4311 0.1514 0.1415 0.2102 0.3977 0.5020 0.2431 0.1350 0.1706 0.3001 0.5157 0.3898 0.1425 0.1477 0.2329 0.4465 0.4778 0.1809 0.1364 0.1878 0.3460 0.5158 0.3172 0.1365 0.1585 0.2643 0.4806 0.5061 0.4806 0.2643 0.1585 0.1365 0.3172 0.5158 0.3460 0.1878 0.1364 0.1809 0.4778 0.4465 0.2329 0.1477 0.1425 0.3898 0.5157 0.3001 0.1706 0.1350 0.2431 0.5020 0.3977 0.2102 0.1415 0.1514 0.4311 0.5010 0.2731 0.1613 0.1358 0.2928 0.5119 0.3673 0.1976 0.1386 0.1610 0.4536 0.4821 0.2564 0.1557 0.1373 0.3281 0.5164 0.3449 0.1885 0.1368 0.1745 0.4708 0.4576
0.4692 0.1720 0.1370 0.1898 0.3482 0.5159 0.3229 0.1370 0.1565 0.2587 0.4851 0.4508 0.1595 0.1390 0.1991 0.3709 0.5110 0.2877 0.1356 0.1620 0.2750 0.5025 0.4288 0.1508 0.1418 0.2111 0.3994 0.5014 0.2415 0.1350 0.1708 0.3001 0.5156 0.3906 0.1427 0.1474 0.2320 0.4447 0.4789 0.1826 0.1363 0.1869 0.3436 0.5162 0.3211 0.1367 0.1581 0.2650 0.4919 0.4544 0.2692 0.4544 0.4919 0.2650 0.1581 0.1367 0.3211 0.5162 0.3436 0.1869 0.1363 0.1826 0.4789 0.4447 0.2320 0.1474 0.1427 0.3906 0.5156 0.3001 0.1708 0.1350 0.2415 0.5014 0.3994 0.2111 0.1418 0.1508 0.4288 0.5025 0.2750 0.1620 0.1356 0.2877 0.5110 0.3709 0.1991 0.1390 0.1595 0.4508 0.4851 0.2587 0.1565 0.1370 0.3229 0.5159 0.3482 0.1898 0.1370 0.1720 0.4692
0.1737 0.1373 0.1912 0.3516 0.5154 0.3177 0.1367 0.1573 0.2610 0.4880 0.4478 0.1580 0.1393 0.2006 0.3744 0.5100 0.2824 0.1355 0.1628 0.2772 0.5040 0.4263 0.1501 0.1421 0.2121 0.4014 0.5007 0.2391 0.1350 0.1711 0.3007 0.5157 0.3906 0.1428 0.1473 0.2314 0.4434 0.4798 0.1841 0.1362 0.1862 0.3417 0.5165 0.3246 0.1369 0.1575 0.2638 0.4928 0.4432 0.1611 0.1341 0.1611 0.4432 0.4928 0.2638 0.1575 0.1369 0.3246 0.5165 0.3417 0.1862 0.1362 0.1841 0.4798 0.4434 0.2314 0.1473 0.1428 0.3906 0.5157 0.3007 0.1711 0.1350 0.2391 0.5007 0.4014 0.2121 0.1421 0.1501 0.4263 0.5040 0.2772 0.1628 0.1355 0.2824 0.5100 0.3744 0.2006 0.1393 0.1580 0.4478 0.4880 0.2610 0.1573 0.1367 0.3177 0.5154 0.3516 0.1912 0.1373 0.1737
0.1413 0.1926 0.3550 0.5147 0.3125 0.1365 0.1581 0.2634 0.4908 0.4448 0.1567 0.1397 0.2022 0.3780 0.5090 0.2768 0.1354 0.1637 0.2796 0.5057 0.4233 0.1494 0.1424 0.2133 0.4039 0.4998 0.2361 0.1350 0.1715 0.3017 0.5159 0.3898 0.1427 0.1473 0.2312 0.4426 0.4804 0.1853 0.1361 0.1856 0.3400 0.5168 0.3276 0.1370 0.1570 0.2622 0.4916 0.4421 0.1557 0.1380 0.1636 0.1380 0.1557 0.4421 0.4916 0.2622 0.1570 0.1370 0.3276 0.5168 0.3400 0.1856 0.1361 0.1853 0.4804 0.4426 0.2312 0.1473 0.1427 0.3898 0.5159 0.3017 0.1715 0.1350 0.2361 0.4998 0.4039 0.2133 0.1424 0.1494 0.4233 0.5057 0.2796 0.1637 0.1354 0.2768 0.5090 0.3780 0.2022 0.1397 0.1567 0.4448 0.4908 0.2634 0.1581 0.1365 0.3125 0.5147 0.3550 0.1926 0.1413
0.1955 0.3584 0.5140 0.3071 0.1363 0.1589 0.2658 0.4934 0.4418 0.1554 0.1400 0.2037 0.3816 0.5079 0.2713 0.1353 0.1647 0.2822 0.5074 0.4200 0.1486 0.1428 0.2146 0.4067 0.4988 0.2327 0.1350 0.1721 0.3032 0.5162 0.3882 0.1425 0.1474 0.2314 0.4426 0.4806 0.1860 0.1361 0.1852 0.3387 0.5169 0.3302 0.1372 0.1566 0.2609 0.4900 0.4434 0.1553 0.1398 0.1967 0.2830 0.1967 0.1398 0.1553 0.4434 0.4900 0.2609 0.1566 0.1372 0.3302 0.5169 0.3387 0.1852 0.1361 0.1860 0.4806 0.4426 0.2314 0.1474 0.1425 0.3882 0.5162 0.3032 0.1721 0.1350 0.2327 0.4988 0.4067 0.2146 0.1428 0.1486 0.4200 0.5074 0.2822 0.1647 0.1353 0.2713 0.5079 0.3816 0.2037 0.1400 0.1554 0.4418 0.4934 0.2658 0.1589 0.1363 0.3071 0.5140 0.3584 0.1955
0.3602 0.5133 0.3018 0.1361 0.1597 0.2682 0.4960 0.4386 0.1542 0.1404 0.2053 0.3853 0.5068 0.2658 0.1352 0.1656 0.2848 0.5090 0.4164 0.1478 0.1432 0.2162 0.4099 0.4975 0.2287 0.1350 0.1728 0.3049 0.5165 0.3861 0.1423 0.1477 0.2320 0.4434 0.4804 0.1860 0.1361 0.1849 0.3378 0.5171 0.3322 0.1373 0.1562 0.2596 0.4884 0.4451 0.1558 0.1401 0.2034 0.3675 0.5084 0.3675 0.2034 0.1401 0.1558 0.4451 0.4884 0.2596 0.1562 0.1373 0.3322 0.5171 0.3378 0.1849 0.1361 0.1860 0.4804 0.4434 0.2320 0.1477 0.1423 0.3861 0.5165 0.3049 0.1728 0.1350 0.2287 0.4975 0.4099 0.2162 0.1432 0.1478 0.4164 0.5090 0.2848 0.1656 0.1352 0.2658 0.5068 0.3853 0.2053 0.1404 0.1542 0.4386 0.4960 0.2682 0.1597 0.1361 0.3018 0.5133 0.3602
0.5123 0.2963 0.1359 0.1606 0.2706 0.4984 0.4354 0.1531 0.1408 0.2069 0.3890 0.5055 0.2602 0.1351 0.1666 0.2874 0.5104 0.4127 0.1470 0.1437 0.2179 0.4134 0.4961 0.2244 0.1350 0.1736 0.3069 0.5168 0.3836 0.1420 0.1480 0.2329 0.4447 0.4798 0.1853 0.1361 0.1849 0.3375 0.5172 0.3336 0.1374 0.1559 0.2586 0.4871 0.4466 0.1565 0.1400 0.2043 0.3819 0.5110 0.4162 0.5110 0.3819 0.2043 0.1400 0.1565 0.4466 0.4871 0.2586 0.1559 0.1374 0.3336 0.5172 0.3375 0.1849 0.1361 0.1853 0.4798 0.4447 0.2329 0.1480 0.1420 0.3836 0.5168 0.3069 0.1736 0.1350 0.2244 0.4961 0.4134 0.2179 0.1437 0.1470 0.4127 0.5104 0.2874 0.1666 0.1351 0.2602 0.5055 0.3890 0.2069 0.1408 0.1531 0.4354 0.4984 0.2706 0.1606 0.1359 0.2963 0.5123
0.2933 0.1357 0.1614 0.2731 0.5006 0.4322 0.1520 0.1412 0.2085 0.3926 0.5043 0.2547 0.1350 0.1675 0.2901 0.5117 0.4090 0.1462 0.1442 0.2197 0.4172 0.4945 0.2197 0.1351 0.1745 0.3092 0.5171 0.3807 0.1417 0.1483 0.2339 0.4465 0.4789 0.1841 0.1361 0.1852 0.3378 0.5172 0.3341 0.1375 0.1557 0.2578 0.4859 0.4478 0.1571 0.1398 0.2038 0.3838 0.5074 0.2917 0.1461 0.2917 0.5074 0.3838 0.2038 0.1398 0.1571 0.4478 0.4859 0.2578 0.1557 0.1375 0.3341 0.5172 0.3378 0.1852 0.1361 0.1841 0.4789 0.4465 0.2339 0.1483 0.1417 0.3807 0.5171 0.3092 0.1745 0.1351 0.2197 0.4945 0.4172 0.2197 0.1442 0.1462 0.4090 0.5117 0.2901 0.1675 0.1350 0.2547 0.5043 0.3926 0.2085 0.1412 0.1520 0.4322 0.5006 0.2731 0.1614 0.1357 0.2933
0.1400 0.1623 0.2756 0.5027 0.4288 0.1510 0.1416 0.2101 0.3964 0.5029 0.2492 0.1350 0.1685 0.2928 0.5128 0.4052 0.1455 0.1447 0.2214 0.4210 0.4928 0.2148 0.1351 0.1755 0.3117 0.5174 0.3774 0.1413 0.1487 0.2351 0.4485 0.4778 0.1826 0.1362 0.1856 0.3387 0.5171 0.3336 0.1375 0.1556 0.2573 0.4851 0.4488 0.1576 0.1397 0.2032 0.3830 0.5069 0.2686 0.1352 0.1421 0.1352 0.2686 0.5069 0.3830 0.2032 0.1397 0.1576 0.4488 0.4851 0.2573 0.1556 0.1375 0.3336 0.5171 0.3387 0.1856 0.1362 0.1826 0.4778 0.4485 0.2351 0.1487 0.1413 0.3774 0.5174 0.3117 0.1755 0.1351 0.2148 0.4928 0.4210 0.2214 0.1447 0.1455 0.4052 0.5128 0.2928 0.1685 0.1350 0.2492 0.5029 0.3964 0.2101 0.1416 0.1510 0.4288 0.5027 0.2756 0.1623 0.1400
0.1656 0.2782 0.5047 0.4254 0.1500 0.1421 0.2118 0.4001 0.5015 0.2437 0.1350 0.1696 0.2956 0.5138 0.4013 0.1448 0.1453 0.2233 0.4247 0.4910 0.2100 0.1352 0.1766 0.3145 0.5177 0.3737 0.1409 0.1492 0.2365 0.4509 0.4764 0.1809 0.1363 0.1862 0.3400 0.5169 0.3322 0.1374 0.1557 0.2573 0.4848 0.4494 0.1580 0.1395 0.2027 0.3817 0.5072 0.2652 0.1351 0.1609 0.2154 0.1609 0.1351 0.2652 0.5072 0.3817 0.2027 0.1395 0.1580 0.4494 0.4848 0.2573 0.1557 0.1374 0.3322 0.5169 0.3400 0.1862 0.1363 0.1809 0.4764 0.4509 0.2365 0.1492 0.1409 0.3737 0.5177 0.3145 0.1766 0.1352 0.2100 0.4910 0.4247 0.2233 0.1453 0.1448 0.4013 0.5138 0.2956 0.1696 0.1350 0.2437 0.5015 0.4001 0.2118 0.1421 0.1500 0.4254 0.5047 0.2782 0.1656
0.2805 0.5065 0.4219 0.1491 0.1425 0.2135 0.4038 0.5001 0.2383 0.1350 0.1706 0.2984 0.5147 0.3973 0.1441 0.1458 0.2251 0.4285 0.4891 0.2054 0.1353 0.1778 0.3175 0.5179 0.3695 0.1405 0.1497 0.2381 0.4536 0.4748 0.1789 0.1364 0.1869 0.3417 0.5168 0.3302 0.1373 0.1559 0.2578 0.4851 0.4494 0.1581 0.1395 0.2023 0.3807 0.5075 0.2659 0.1351 0.1654 0.2742 0.4129 0.2742 0.1654 0.1351 0.2659 0.5075 0.3807 0.2023 0.1395 0.1581 0.4494 0.4851 0.2578 0.1559 0.1373 0.3302 0.5168 0.3417 0.1869 0.1364 0.1789 0.4748 0.4536 0.2381 0.1497 0.1405 0.3695 0.5179 0.3175 0.1778 0.1353 0.2054 0.4891 0.4285 0.2251 0.1458 0.1441 0.3973 0.5147 0.2984 0.1706 0.1350 0.2383 0.5001 0.4038 0.2135 0.1425 0.1491 0.4219 0.5065 0.2805
0.5064 0.4184 0.1482 0.1430 0.2152 0.4076 0.4986 0.2330 0.1350 0.1716 0.3012 0.5155 0.3933 0.1435 0.1463 0.2270 0.4323 0.4872 0.2009 0.1354 0.1790 0.3206 0.5180 0.3650 0.1400 0.1503 0.2400 0.4567 0.4730 0.1767 0.1366 0.1878 0.3436 0.5165 0.3276 0.1372 0.1562 0.2586 0.4859 0.4488 0.1580 0.1395 0.2022 0.3800 0.5077 0.2671 0.1351 0.1662 0.2855 0.5020 0.4948 0.5020 0.2855 0.1662 0.1351 0.2671 0.5077 0.3800 0.2022 0.1395 0.1580 0.4488 0.4859 0.2586 0.1562 0.1372 0.3276 0.5165 0.3436 0.1878 0.1366 0.1767 0.4730 0.4567 0.2400 0.1503 0.1400 0.3650 0.5180 0.3206 0.1790 0.1354 0.2009 0.4872 0.4323 0.2270 0.1463 0.1435 0.3933 0.5155 0.3012 0.1716 0.1350 0.2330 0.4986 0.4076 0.2152 0.1430 0.1482 0.4184 0.5064
0.4161 0.1474 0.1435 0.2169 0.4113 0.4970 0.2277 0.1350 0.1727 0.3041 0.5162 0.3892 0.1429 0.1469 0.2289 0.4360 0.4853 0.1967 0.1355 0.1801 0.3236 0.5181 0.3603 0.1396 0.1510 0.2420 0.4601 0.4708 0.1744 0.1368 0.1888 0.3460 0.5162 0.3246 0.1370 0.1566 0.2596 0.4871 0.4478 0.1576 0.1395 0.2023 0.3800 0.5078 0.2679 0.1352 0.1663 0.2876 0.5097 0.4283 0.2235 0.4283 0.5097 0.2876 0.1663 0.1352 0.2679 0.5078 0.3800 0.2023 0.1395 0.1576 0.4478 0.4871 0.2596 0.1566 0.1370 0.3246 0.5162 0.3460 0.1888 0.1368 0.1744 0.4708 0.4601 0.2420 0.1510 0.1396 0.3603 0.5181 0.3236 0.1801 0.1355 0.1967 0.4853 0.4360 0.2289 0.1469 0.1429 0.3892 0.5162 0.3041 0.1727 0.1350 0.2277 0.4970 0.4113 0.2169 0.1435 0.1474 0.4161
0.1510 0.1439 0.2187 0.4151 0.4954 0.2226 0.1350 0.1738 0.3070 0.5167 0.3850 0.1423 0.1475 0.2308 0.4398 0.4833 0.1927 0.1357 0.1813 0.3267 0.5180 0.3557 0.1392 0.1516 0.2441 0.4636 0.4685 0.1721 0.1370 0.1899 0.3486 0.5158 0.3211 0.1369 0.1570 0.2609 0.4884 0.4466 0.1571 0.1397 0.2027 0.3807 0.5077 0.2679 0.1352 0.1662 0.2877 0.5109 0.4128 0.1501 0.1341 0.1501 0.4128 0.5109 0.2877 0.1662 0.1352 0.2679 0.5077 0.3807 0.2027 0.1397 0.1571 0.4466 0.4884 0.2609 0.1570 0.1369 0.3211 0.5158 0.3486 0.1899 0.1370 0.1721 0.4685 0.4636 0.2441 0.1516 0.1392 0.3557 0.5180 0.3267 0.1813 0.1357 0.1927 0.4833 0.4398 0.2308 0.1475 0.1423 0.3850 0.5167 0.3070 0.1738 0.1350 0.2226 0.4954 0.4151 0.2187 0.1439 0.1510
0.1477 0.2204 0.4189 0.4937 0.2176 0.1351 0.1749 0.3099 0.5172 0.3808 0.1418 0.1481 0.2327 0.4434 0.4813 0.1890 0.1358 0.1825 0.3298 0.5179 0.3511 0.1388 0.1523 0.2461 0.4669 0.4661 0.1698 0.1372 0.1911 0.3515 0.5153 0.3172 0.1367 0.1575 0.2622 0.4900 0.4451 0.1565 0.1398 0.2032 0.3817 0.5075 0.2671 0.1352 0.1662 0.2877 0.5111 0.4096 0.1466 0.1413 0.1727 0.1413 0.1466 0.4096 0.5111 0.2877 0.1662 0.1352 0.2671 0.5075 0.3817 0.2032 0.1398 0.1565 0.4451 0.4900 0.2622 0.1575 0.1367 0.3172 0.5153 0.3515 0.1911 0.1372 0.1698 0.4661 0.4669 0.2461 0.1523 0.1388 0.3511 0.5179 0.3298 0.1825 0.1358 0.1890 0.4813 0.4434 0.2327 0.1481 0.1418 0.3808 0.5172 0.3098 0.1749 0.1351 0.2176 0.4937 0.4189 0.2204 0.1477
0.2230 0.4224 0.4921 0.2130 0.1351 0.1759 0.3126 0.5175 0.3768 0.1413 0.1486 0.2345 0.4467 0.4793 0.1858 0.1360 0.1836 0.3326 0.5177 0.3467 0.1385 0.1529 0.2481 0.4700 0.4638 0.1679 0.1375 0.1923 0.3544 0.5148 0.3130 0.1365 0.1581 0.2638 0.4916 0.4434 0.1558 0.1400 0.2038 0.3830 0.5072 0.2659 0.1351 0.1663 0.2877 0.5111 0.4091 0.1460 0.1439 0.2113 0.3087 0.2113 0.1439 0.1460 0.4091 0.5111 0.2877 0.1663 0.1351 0.2659 0.5072 0.3830 0.2038 0.1400 0.1558 0.4434 0.4916 0.2638 0.1581 0.1365 0.3130 0.5148 0.3543 0.1923 0.1375 0.1679 0.4638 0.4700 0.2481 0.1529 0.1385 0.3467 0.5177 0.3326 0.1836 0.1360 0.1858 0.4793 0.4467 0.2345 0.1486 0.1413 0.3768 0.5175 0.3126 0.1759 0.1351 0.2130 0.4921 0.4224 0.2230
0.4225 0.4908 0.2095 0.1352 0.1767 0.3146 0.5177 0.3737 0.1409 0.1490 0.2359 0.4492 0.4778 0.1834 0.1361 0.1845 0.3349 0.5175 0.3434 0.1382 0.1534 0.2496 0.4723 0.4620 0.1665 0.1377 0.1932 0.3566 0.5143 0.3097 0.1363 0.1585 0.2650 0.4928 0.4421 0.1553 0.1401 0.2043 0.3838 0.5069 0.2652 0.1351 0.1662 0.2876 0.5109 0.4095 0.1460 0.1444 0.2192 0.4011 0.5163 0.4011 0.2192 0.1444 0.1460 0.4096 0.5109 0.2876 0.1662 0.1351 0.2652 0.5069 0.3838 0.2043 0.1401 0.1553 0.4421 0.4928 0.2650 0.1585 0.1363 0.3097 0.5143 0.3566 0.1932 0.1376 0.1665 0.4620 0.4723 0.2495 0.1534 0.1382 0.3434 0.5175 0.3348 0.1845 0.1361 0.1834 0.4778 0.4492 0.2358 0.1490 0.1409 0.3737 0.5177 0.3146 0.1767 0.1352 0.2096 0.4908 0.4225
0.4915 0.2101 0.1351 0.1764 0.3142 0.5175 0.3743 0.1409 0.1488 0.2355 0.4487 0.4781 0.1838 0.1360 0.1842 0.3343 0.5174 0.3441 0.1381 0.1532 0.2492 0.4717 0.4623 0.1667 0.1375 0.1929 0.3560 0.5143 0.3107 0.1363 0.1582 0.2643 0.4919 0.4432 0.1557 0.1398 0.2034 0.3819 0.5074 0.2685 0.1351 0.1654 0.2855 0.5097 0.4128 0.1466 0.1439 0.2192 0.4142 0.5012 0.3837 0.5012 0.4141 0.2192 0.1439 0.1466 0.4128 0.5097 0.2855 0.1654 0.1351 0.2686 0.5074 0.3819 0.2034 0.1398 0.1557 0.4432 0.4919 0.2643 0.1582 0.1363 0.3108 0.5143 0.3560 0.1928 0.1375 0.1667 0.4624 0.4716 0.2491 0.1531 0.1381 0.3441 0.5175 0.3343 0.1842 0.1360 0.1838 0.4781 0.4486 0.2355 0.1488 0.1409 0.3744 0.5175 0.3142 0.1764 0.1351 0.2102 0.4915
0.2327 0.1344 0.1716 0.3031 0.5154 0.3906 0.1425 0.1460 0.2276 0.4347 0.4854 0.1981 0.1349 0.1789 0.3225 0.5174 0.3624 0.1392 0.1500 0.2406 0.4586 0.4714 0.1754 0.1361 0.1871 0.3433 0.5159 0.3307 0.1369 0.1546 0.2550 0.4806 0.4543 0.1611 0.1380 0.1967 0.3675 0.5110 0.2916 0.1352 0.1609 0.2742 0.5020 0.4283 0.1501 0.1413 0.2113 0.4012 0.5012 0.2692 0.1427 0.2693 0.5012 0.4011 0.2113 0.1413 0.1501 0.4283 0.5020 0.2742 0.1609 0.1352 0.2917 0.5110 0.3675 0.1967 0.1380 0.1611 0.4544 0.4806 0.2549 0.1546 0.1369 0.3308 0.5159 0.3433 0.1870 0.1361 0.1755 0.4714 0.4585 0.2405 0.1499 0.1392 0.3624 0.5174 0.3224 0.1789 0.1349 0.1982 0.4854 0.4347 0.2276 0.1460 0.1426 0.3907 0.5154 0.3030 0.1715 0.1344 0.2329
0.1433 0.1483 0.2364 0.4535 0.4745 0.1797 0.1353 0.1840 0.3377 0.5161 0.3389 0.1365 0.1526 0.2502 0.4758 0.4587 0.1636 0.1369 0.1928 0.3597 0.5124 0.3055 0.1349 0.1576 0.2654 0.4945 0.4400 0.1536 0.1390 0.2026 0.3833 0.5061 0.2691 0.1341 0.1636 0.2830 0.5084 0.4161 0.1461 0.1421 0.2154 0.4130 0.4948 0.2235 0.1341 0.1727 0.3087 0.5163 0.3836 0.1427 0.1338 0.1427 0.3837 0.5163 0.3087 0.1727 0.1341 0.2235 0.4948 0.4129 0.2154 0.1421 0.1461 0.4162 0.5084 0.2830 0.1636 0.1341 0.2692 0.5061 0.3833 0.2025 0.1390 0.1536 0.4401 0.4945 0.2654 0.1576 0.1349 0.3056 0.5125 0.3597 0.1928 0.1369 0.1636 0.4587 0.4757 0.2502 0.1526 0.1365 0.3390 0.5161 0.3377 0.1840 0.1353 0.1797 0.4745 0.4534 0.2364 0.1483 0.1433
0.2328 0.1344 0.1716 0.3031 0.5154 0.3907 0.1425 0.1460 0.2276 0.4347 0.4854 0.1982 0.1349 0.1789 0.3224 0.5174 0.3624 0.1392 0.1500 0.2406 0.4585 0.4714 0.1755 0.1361 0.1870 0.3433 0.5159 0.3308 0.1369 0.1546 0.2549 0.4806 0.4544 0.1611 0.1380 0.1967 0.3675 0.5110 0.2917 0.1352 0.1609 0.2742 0.5020 0.4283 0.1501 0.1413 0.2113 0.4011 0.5012 0.2693 0.1427 0.2693 0.5012 0.4011 0.2113 0.1413 0.1501 0.4283 0.5020 0.2742 0.1609 0.1352 0.2917 0.5110 0.3675 0.1967 0.1380 0.1611 0.4544 0.4806 0.2549 0.1546 0.1369 0.3308 0.5159 0.3433 0.1870 0.1361 0.1755 0.4714 0.4585 0.2405 0.1499 0.1392 0.3624 0.5174 0.3224 0.1789 0.1349 0.1982 0.4854 0.4347 0.2276 0.1460 0.1426 0.3907 0.5154 0.3030 0.1715 0.1344 0.2329
0.4915 0.2102 0.1351 0.1764 0.3142 0.5175 0.3743 0.1409 0.1488 0.2355 0.4486 0.4781 0.1838 0.1360 0.1842 0.3343 0.5175 0.3441 0.1381 0.1531 0.2491 0.4716 0.4624 0.1667 0.1375 0.1928 0.3560 0.5143 0.3107 0.1363 0.1582 0.2643 0.4919 0.4432 0.1557 0.1398 0.2034 0.3819 0.5074 0.2686 0.1351 0.1654 0.2855 0.5097 0.4128 0.1466 0.1439 0.2192 0.4141 0.5012 0.3837 0.5012 0.4141 0.2192 0.1439 0.1466 0.4128 0.5097 0.2855 0.1654 0.1351 0.2686 0.5074 0.3819 0.2034 0.1398 0.1557 0.4432 0.4919 0.2643 0.1582 0.1363 0.3108 0.5143 0.3560 0.1928 0.1375 0.1667 0.4624 0.4716 0.2491 0.1531 0.1381 0.3441 0.5175 0.3343 0.1842 0.1360 0.1838 0.4781 0.4486 0.2355 0.1488 0.1409 0.3744 0.5175 0.3142 0.1764 0.1351 0.2102 0.4915
0.4225 0.4908 0.2096 0.1352 0.1767 0.3146 0.5177 0.3737 0.1409 0.1490 0.2358 0.4492 0.4778 0.1834 0.1361 0.1845 0.3348 0.5175 0.3434 0.1382 0.1534 0.2496 0.4723 0.4620 0.1665 0.1376 0.1932 0.3566 0.5143 0.3097 0.1363 0.1585 0.2650 0.4928 0.4421 0.1553 0.1401 0.2043 0.3838 0.5069 0.2652 0.1351 0.1662 0.2876 0.5109 0.4096 0.1460 0.1444 0.2192 0.4011 0.5163 0.4011 0.2192 0.1444 0.1460 0.4096 0.5109 0.2876 0.1662 0.1351 0.2652 0.5069 0.3838 0.2043 0.1401 0.1553 0.4421 0.4928 0.2650 0.1585 0.1363 0.3097 0.5143 0.3566 0.1932 0.1376 0.1665 0.4620 0.4723 0.2495 0.1534 0.1382 0.3434 0.5175 0.3348 0.1845 0.1361 0.1834 0.4778 0.4492 0.2358 0.1490 0.1409 0.3737 0.5177 0.3146 0.1767 0.1352 0.2096 0.4908 0.4225
0.2230 0.4224 0.4921 0.2130 0.1351 0.1759 0.3126 0.5175 0.3768 0.1413 0.1486 0.2345 0.4467 0.4793 0.1858 0.1360 0.1836 0.3326 0.5177 0.3467 0.1385 0.1529 0.2481 0.4700 0.4638 0.1679 0.1375 0.1923 0.3544 0.5148 0.3130 0.1365 0.1581 0.2638 0.4916 0.4434 0.1558 0.1400 0.2038 0.3830 0.5072 0.2659 0.1351 0.1663 0.2877 0.5111 0.4091 0.1460 0.1439 0.2113 0.3087 0.2113 0.1439 0.1460 0.4091 0.5111 0.2877 0.1663 0.1351 0.2659 0.5072 0.3830 0.2038 0.1400 0.1558 0.4434 0.4916 0.2638 0.1581 0.1365 0.3130 0.5148 0.3543 0.1923 0.1375 0.1679 0.4638 0.4700 0.2481 0.1529 0.1385 0.3467 0.5177 0.3326 0.1836 0.1360 0.1858 0.4793 0.4467 0.2345 0.1486 0.1413 0.3768 0.5175 0.3126 0.1759 0.1351 0.2130 0.4921 0.4224 0.2230
0.1477 0.2204 0.4189 0.4937 0.2176 0.1351 0.1749 0.3098 0.5172 0.3808 0.1418 0.1481 0.2327 0.4434 0.4813 0.1890 0.1358 0.1825 0.3298 0.5179 0.3511 0.1388 0.1523 0.2461 0.4669 0.4661 0.1698 0.1372 0.1911 0.3515 0.5153 0.3172 0.1367 0.1575 0.2622 0.4900 0.4451 0.1565 0.1398 0.2032 0.3817 0.5075 0.2671 0.1352 0.1662 0.2877 0.5111 0.4096 0.1466 0.1413 0.1727 0.1413 0.1466 0.4096 0.5111 0.2877 0.1662 0.1352 0.2671 0.5075 0.3817 0.2032 0.1398 0.1565 0.4451 0.4900 0.2622 0.1575 0.1367 0.3172 0.5153 0.3515 0.1911 0.1372 0.1698 0.4661 0.4669 0.2461 0.1523 0.1388 0.3511 0.5179 0.3298 0.1825 0.1358 0.1890 0.4813 0.4434 0.2327 0.1481 0.1418 0.3808 0.5172 0.3098 0.1749 0.1351 0.2176 0.4937 0.4189 0.2204 0.1477
