-30.8813 20.6137 -5.2632 -29.4482 -40.1299 -44.2606 11.0242 30.8391 -24.4649 -36.6274 -44.8694 -2.4835 28.9863 -17.8642 -32.8495 -42.7348 -33.3688 19.3935 -1.0071 -28.8825 -39.6630 -44.7984 9.6016 32.3779 -23.6596 -36.0976 -44.6399 -5.9761 27.6213 -16.5737 -32.2928 -42.3394 -36.4718 17.9718 4.8395 -28.2293 -39.1731 -45.1358 8.0919 32.9979 -22.8225 -35.5628 -44.3825 -10.2209 26.2187 -15.0921 -31.7164 -41.9006 -39.8419 13.9406 30.7519 13.9406 -39.8419 -41.9006 -31.7164 -15.0921 26.2187 -10.2209 -44.3825 -35.5628 -22.8225 32.9979 8.0919 -45.1358 -39.1731 -28.2293 4.8395 17.9718 -36.4718 -42.3394 -32.2928 -16.5737 27.6213 -5.9761 -44.6399 -36.0976 -23.6596 32.3779 9.6016 -44.7984 -39.6630 -28.8825 -1.0071 19.3935 -33.3688 -42.7348 -32.8495 -17.8642 28.9863 -2.4835 -44.8694 -36.6274 -24.4649 30.8391 11.0242 -44.2606 -40.1299 -29.4482 -5.2632 20.6137 -30.8813
20.6137 -4.5786 -30.8224 -41.3302 -45.1385 10.9294 31.9933 -25.1356 -37.8485 -45.8849 -2.8136 28.7358 -17.8596 -34.1089 -43.8612 -34.2536 19.2111 1.1250 -30.2153 -40.8488 -45.7079 9.4831 33.1373 -24.2286 -37.3230 -45.6770 -6.4280 27.3562 -16.4475 -33.5593 -43.4765 -37.3490 17.7676 7.6215 -29.4541 -40.3653 -46.0591 7.9690 33.4324 -23.2981 -36.7933 -45.4389 -10.8159 25.9602 -14.8318 -33.0044 -43.0697 -40.0653 15.6941 25.2176 -20.3420 25.2176 15.6941 -40.0653 -43.0697 -33.0044 -14.8318 25.9602 -10.8159 -45.4389 -36.7933 -23.2981 33.4324 7.9690 -46.0591 -40.3653 -29.4541 7.6215 17.7676 -37.3490 -43.4765 -33.5593 -16.4475 27.3562 -6.4280 -45.6770 -37.3230 -24.2286 33.1373 9.4831 -45.7079 -40.8488 -30.2153 1.1250 19.2111 -34.2536 -43.8612 -34.1089 -17.8596 28.7358 -2.8136 -45.8849 -37.8485 -25.1356 31.9933 10.9294 -45.1385 -41.3302 -30.8224 -4.5786 20.6137
-5.2632 -30.8224 -41.2616 -45.2903 10.5154 32.4777 -24.8174 -37.6547 -45.8080 -4.1069 28.2004 -17.3303 -33.8947 -43.7134 -35.5377 18.6411 3.5240 -29.9566 -40.6599 -45.8665 8.8975 33.3408 -23.8659 -37.1150 -45.5860 -8.0597 26.7987 -15.8402 -33.3424 -43.3197 -38.3876 17.2021 10.4250 -29.1130 -40.1723 -46.1465 7.3414 33.3671 -22.9225 -36.5838 -45.3365 -12.7331 25.4024 -14.1261 -32.7885 -42.9104 -40.6985 15.6355 20.1858 -26.8733 -34.8697 -26.8733 20.1858 15.6355 -40.6985 -42.9104 -32.7885 -14.1261 25.4024 -12.7331 -45.3365 -36.5838 -22.9225 33.3671 7.3414 -46.1465 -40.1723 -29.1130 10.4250 17.2021 -38.3876 -43.3197 -33.3424 -15.8402 26.7987 -8.0597 -45.5860 -37.1150 -23.8659 33.3408 8.8975 -45.8665 -40.6599 -29.9566 3.5240 18.6411 -35.5377 -43.7134 -33.8947 -17.3303 28.2004 -4.1069 -45.8080 -37.6547 -24.8174 32.4777 10.5154 -45.2903 -41.2616 -30.8224 -5.2632
-29.4482 -41.3302 -45.2903 10.3552 32.7152 -24.5808 -37.4951 -45.7369 -5.3849 27.6968 -16.8006 -33.6859 -43.5644 -36.7134 18.0770 6.1024 -29.6406 -40.4703 -45.9970 8.3030 33.4283 -23.5009 -36.9058 -45.4902 -9.8175 26.2482 -15.1965 -33.1246 -43.1601 -39.3416 16.6488 13.2540 -28.7721 -39.9777 -46.2114 6.6928 33.2176 -22.5401 -36.3732 -45.2303 -14.7405 24.8537 -13.3671 -32.5699 -42.7439 -41.3978 15.2245 20.6630 -27.5740 -38.7995 -45.0915 -38.7995 -27.5740 20.6630 15.2245 -41.3978 -42.7439 -32.5699 -13.3671 24.8537 -14.7405 -45.2303 -36.3732 -22.5401 33.2176 6.6928 -46.2114 -39.9777 -28.7721 13.2540 16.6488 -39.3416 -43.1601 -33.1246 -15.1965 26.2482 -9.8175 -45.4902 -36.9058 -23.5009 33.4283 8.3030 -45.9970 -40.4703 -29.6406 6.1024 18.0770 -36.7134 -43.5644 -33.6859 -16.8006 27.6968 -5.3849 -45.7369 -37.4951 -24.5808 32.7152 10.3552 -45.2903 -41.3302 -29.4482
-40.1299 -45.1385 10.5154 32.7152 -24.4929 -37.4017 -45.6833 -6.4744 27.2601 -16.2988 -33.4918 -43.4188 -37.7585 17.5326 8.7862 -29.3045 -40.2799 -46.0997 7.6931 33.4146 -23.1320 -36.6969 -45.3905 -11.6795 25.6994 -14.5148 -32.9074 -42.9988 -40.2084 16.1019 16.0139 -28.4319 -39.7819 -46.2536 6.0192 32.9945 -22.1507 -36.1621 -45.1199 -16.8026 24.3071 -12.5494 -32.3506 -42.5747 -42.0621 14.7219 22.4435 -27.4785 -39.1100 -46.5122 -32.0517 -46.5122 -39.1100 -27.4785 22.4435 14.7219 -42.0621 -42.5747 -32.3506 -12.5494 24.3071 -16.8026 -45.1199 -36.1621 -22.1507 32.9945 6.0192 -46.2536 -39.7819 -28.4319 16.0139 16.1019 -40.2084 -42.9988 -32.9074 -14.5148 25.6994 -11.6795 -45.3905 -36.6969 -23.1320 33.4146 7.6931 -46.0997 -40.2799 -29.3045 8.7862 17.5326 -37.7585 -43.4188 -33.4918 -16.2988 27.2601 -6.4744 -45.6833 -37.4017 -24.4929 32.7152 10.5154 -45.1385 -40.1299
-44.2606 10.9294 32.4777 -24.5808 -37.4017 -45.6628 -7.1209 26.9589 -15.8900 -33.3280 -43.2887 -38.6372 17.0311 11.4198 -28.9802 -40.0915 -46.1769 7.0642 33.3119 -22.7564 -36.4891 -45.2883 -13.6250 25.1545 -13.7908 -32.6917 -42.8366 -40.9903 15.5634 18.6190 -28.0936 -39.5868 -46.2747 5.3211 32.7081 -21.7541 -35.9501 -45.0041 -18.8876 23.7632 -11.6635 -32.1306 -42.4038 -42.6662 14.1932 24.3868 -27.2046 -39.0330 -46.2047 -0.6426 18.7600 -0.6426 -46.2047 -39.0330 -27.2046 24.3868 14.1932 -42.6662 -42.4038 -32.1306 -11.6635 23.7632 -18.8876 -45.0041 -35.9501 -21.7541 32.7081 5.3211 -46.2747 -39.5868 -28.0936 18.6190 15.5634 -40.9903 -42.8366 -32.6917 -13.7908 25.1545 -13.6250 -45.2883 -36.4891 -22.7564 33.3119 7.0642 -46.1769 -40.0915 -28.9802 11.4198 17.0311 -38.6372 -43.2887 -33.3280 -15.8900 26.9589 -7.1209 -45.6628 -37.4017 -24.5808 32.4777 10.9294 -44.2606
11.0242 31.9933 -24.8174 -37.4951 -45.6833 -7.1209 26.8518 -15.6597 -33.2167 -43.1885 -39.3107 16.6011 13.7897 -28.6819 -39.9140 -46.2294 6.4345 33.1349 -22.3787 -36.2819 -45.1814 -15.6323 24.6145 -13.0174 -32.4750 -42.6707 -41.6935 15.0315 21.0197 -27.7579 -39.3906 -46.2766 4.5919 32.3700 -21.3521 -35.7385 -44.8850 -20.9562 23.2236 -10.6987 -31.9103 -42.2307 -43.2084 13.6591 26.1935 -26.8815 -38.8655 -46.1864 1.5361 29.0702 3.8328 29.0702 1.5361 -46.1864 -38.8655 -26.8815 26.1935 13.6591 -43.2084 -42.2307 -31.9103 -10.6987 23.2236 -20.9562 -44.8850 -35.7385 -21.3521 32.3700 4.5919 -46.2766 -39.3906 -27.7579 21.0197 15.0315 -41.6935 -42.6707 -32.4750 -13.0174 24.6145 -15.6323 -45.1814 -36.2819 -22.3787 33.1349 6.4345 -46.2294 -39.9140 -28.6819 13.7897 16.6011 -39.3107 -43.1885 -33.2167 -15.6597 26.8518 -7.1209 -45.6833 -37.4951 -24.8174 31.9933 11.0242
30.8391 -25.1356 -37.6547 -45.7369 -6.4744 26.9589 -15.6597 -33.1769 -43.1336 -39.7400 16.2787 15.6754 -28.4264 -39.7554 -46.2602 5.8271 32.9076 -22.0081 -36.0790 -45.0716 -17.6704 24.0762 -12.1819 -32.2571 -42.5015 -42.3290 14.5001 23.2057 -27.4215 -39.1927 -46.2606 3.8225 31.9870 -20.9418 -35.5280 -44.7641 -22.9758 22.6903 -9.6452 -31.6909 -42.0568 -43.6903 13.1269 27.7724 -26.5436 -38.6739 -46.1459 1.3395 30.2992 -17.7365 -29.6607 -17.7365 30.2992 1.3395 -46.1459 -38.6739 -26.5436 27.7724 13.1269 -43.6903 -42.0568 -31.6909 -9.6452 22.6903 -22.9758 -44.7641 -35.5280 -20.9418 31.9870 3.8225 -46.2606 -39.1927 -27.4215 23.2057 14.5001 -42.3290 -42.5015 -32.2571 -12.1819 24.0762 -17.6704 -45.0716 -36.0790 -22.0081 32.9076 5.8271 -46.2602 -39.7554 -28.4264 15.6754 16.2787 -39.7400 -43.1336 -33.1769 -15.6597 26.9589 -6.4744 -45.7369 -37.6547 -25.1356 30.8391
-24.4649 -37.8485 -45.8080 -5.3849 27.2601 -15.8900 -33.2167 -43.1336 -39.8889 16.1034 16.8912 -28.2332 -39.6258 -46.2745 5.2696 32.6556 -21.6581 -35.8865 -44.9626 -19.6587 23.5493 -11.2827 -32.0404 -42.3328 -42.9013 13.9701 25.1596 -27.0833 -38.9954 -46.2283 3.0116 31.5644 -20.5202 -35.3179 -44.6403 -24.9253 22.1634 -8.4894 -31.4723 -41.8814 -44.1154 12.5969 29.1155 -26.2042 -38.4756 -46.0912 0.5706 30.1854 -18.8696 -33.8755 -40.7447 -33.8755 -18.8696 30.1854 0.5706 -46.0912 -38.4756 -26.2042 29.1155 12.5969 -44.1154 -41.8814 -31.4723 -8.4894 22.1634 -24.9253 -44.6403 -35.3179 -20.5202 31.5644 3.0116 -46.2283 -38.9954 -27.0833 25.1596 13.9701 -42.9013 -42.3328 -32.0404 -11.2827 23.5493 -19.6587 -44.9626 -35.8865 -21.6581 32.6556 5.2696 -46.2745 -39.6258 -28.2332 16.8912 16.1034 -39.8889 -43.1336 -33.2167 -15.8900 27.2601 -5.3849 -45.8080 -37.8485 -24.4649
-36.6274 -45.8849 -4.1069 27.6968 -16.2988 -33.3280 -43.1885 -39.7400 16.1034 17.3141 -28.1279 -39.5395 -46.2784 4.8076 32.4123 -21.3453 -35.7115 -44.8579 -21.5038 23.0525 -10.3399 -31.8283 -42.1639 -43.4103 13.4422 26.8668 -26.7459 -38.7961 -46.1822 2.1529 31.1108 -20.0885 -35.1067 -44.5113 -26.7989 21.6388 -7.2115 -31.2527 -41.7035 -44.4922 12.0625 30.2466 -25.8623 -38.2740 -46.0293 -0.4022 29.7800 -18.7585 -34.3351 -43.9792 -47.0618 -43.9792 -34.3351 -18.7585 29.7800 -0.4022 -46.0293 -38.2740 -25.8623 30.2466 12.0625 -44.4922 -41.7035 -31.2527 -7.2115 21.6388 -26.7989 -44.5113 -35.1067 -20.0885 31.1108 2.1529 -46.1822 -38.7961 -26.7459 26.8668 13.4422 -43.4103 -42.1639 -31.8283 -10.3399 23.0525 -21.5038 -44.8579 -35.7115 -21.3453 32.4123 4.8076 -46.2784 -39.5395 -28.1279 17.3141 16.1034 -39.7400 -43.1885 -33.3280 -16.2988 27.6968 -4.1069 -45.8849 -36.6274
-44.8694 -2.8136 28.2004 -16.8006 -33.4918 -43.2887 -39.3107 16.2787 16.8912 -28.1279 -39.5089 -46.2781 4.4974 32.2186 -21.0921 -35.5655 -44.7651 -23.1295 22.6000 -9.3810 -31.6274 -41.9983 -43.8512 12.9225 28.3341 -26.4072 -38.5953 -46.1273 1.2342 30.6303 -19.6431 -34.8944 -44.3782 -28.5842 21.1154 -5.7839 -31.0322 -41.5242 -44.8245 11.5225 31.1799 -25.5166 -38.0713 -45.9626 -1.4935 29.2915 -18.3696 -34.2813 -43.9542 -37.8997 6.7189 -37.8997 -43.9542 -34.2813 -18.3696 29.2915 -1.4935 -45.9626 -38.0713 -25.5166 31.1799 11.5225 -44.8245 -41.5242 -31.0322 -5.7839 21.1154 -28.5842 -44.3782 -34.8944 -19.6431 30.6303 1.2342 -46.1273 -38.5953 -26.4072 28.3341 12.9225 -43.8512 -41.9983 -31.6274 -9.3810 22.6000 -23.1295 -44.7651 -35.5655 -21.0921 32.2186 4.4974 -46.2781 -39.5089 -28.1279 16.8912 16.2787 -39.3107 -43.2887 -33.4918 -16.8006 28.2004 -2.8136 -44.8694
-2.4835 28.7358 -17.3303 -33.6859 -43.4188 -38.6372 16.6011 15.6754 -28.2332 -39.5395 -46.2781 4.3883 32.1092 -20.9235 -35.4585 -44.6907 -24.4511 22.2100 -8.4527 -31.4436 -41.8428 -44.2225 12.4259 29.5422 -26.0753 -38.3975 -46.0680 0.2473 30.1303 -19.1825 -34.6830 -44.2437 -30.2604 20.5972 -4.1827 -30.8118 -41.3441 -45.1135 10.9800 31.9250 -25.1694 -37.8685 -45.8906 -2.6884 28.7760 -17.8911 -34.1102 -43.8539 -35.5251 16.5328 32.5766 16.5328 -35.5251 -43.8539 -34.1102 -17.8911 28.7760 -2.6884 -45.8906 -37.8685 -25.1694 31.9250 10.9800 -45.1135 -41.3441 -30.8118 -4.1827 20.5972 -30.2604 -44.2437 -34.6830 -19.1825 30.1303 0.2473 -46.0680 -38.3975 -26.0753 29.5422 12.4259 -44.2225 -41.8428 -31.4436 -8.4527 22.2100 -24.4511 -44.6907 -35.4585 -20.9235 32.1092 4.3883 -46.2781 -39.5395 -28.2332 15.6754 16.6011 -38.6372 -43.4188 -33.6859 -17.3303 28.7358 -2.4835
28.9863 -17.8596 -33.8947 -43.5644 -37.7585 17.0311 13.7897 -28.4264 -39.6258 -46.2784 4.4974 32.1092 -20.8636 -35.4004 -44.6400 -25.3988 21.9052 -7.6224 -31.2837 -41.7034 -44.5280 11.9626 30.4977 -25.7589 -38.2061 -46.0059 -0.7928 29.6211 -18.7078 -34.4704 -44.1044 -31.8346 20.0847 -2.3922 -30.5902 -41.1609 -45.3638 10.4293 32.5033 -24.8208 -37.6644 -45.8134 -3.9926 28.2464 -17.3740 -33.9092 -43.7201 -35.7929 17.9732 15.4112 -22.2425 15.4112 17.9732 -35.7929 -43.7201 -33.9092 -17.3740 28.2464 -3.9926 -45.8134 -37.6644 -24.8208 32.5033 10.4293 -45.3638 -41.1609 -30.5902 -2.3922 20.0847 -31.8346 -44.1044 -34.4704 -18.7078 29.6211 -0.7928 -46.0059 -38.2061 -25.7589 30.4977 11.9626 -44.5280 -41.7034 -31.2837 -7.6224 21.9052 -25.3988 -44.6400 -35.4004 -20.8636 32.1092 4.4974 -46.2784 -39.6258 -28.4264 13.7897 17.0311 -37.7585 -43.5644 -33.8947 -17.8596 28.9863
-17.8642 -34.1089 -43.7134 -36.7134 17.5326 11.4198 -28.6819 -39.7554 -46.2745 4.8076 32.2186 -20.9235 -35.4004 -44.6216 -25.9054 21.7055 -6.9791 -31.1581 -41.5871 -44.7665 11.5487 31.2337 -25.4637 -38.0255 -45.9429 -1.8661 29.1181 -18.2238 -34.2590 -43.9617 -33.3010 19.5741 -0.3838 -30.3676 -40.9755 -45.5787 9.8677 32.9297 -24.4685 -37.4596 -45.7320 -5.4146 27.7076 -16.8276 -33.6994 -43.5751 -36.7178 17.9338 8.8541 -28.3209 -35.7986 -28.3209 8.8541 17.9338 -36.7178 -43.5751 -33.6994 -16.8276 27.7076 -5.4146 -45.7320 -37.4596 -24.4685 32.9297 9.8677 -45.5787 -40.9755 -30.3676 -0.3838 19.5741 -33.3010 -43.9617 -34.2590 -18.2238 29.1181 -1.8661 -45.9429 -38.0255 -25.4637 31.2337 11.5487 -44.7665 -41.5871 -31.1581 -6.9791 21.7055 -25.9054 -44.6216 -35.4004 -20.9235 32.2186 4.8076 -46.2745 -39.7554 -28.6819 11.4198 17.5326 -36.7134 -43.7134 -34.1089 -17.8642
-32.8495 -43.8612 -35.5377 18.0770 8.7862 -28.9802 -39.9140 -46.2602 5.2696 32.4123 -21.0921 -35.4585 -44.6400 -25.9054 21.6333 -6.6171 -31.0778 -41.5031 -44.9354 11.2071 31.7647 -25.2028 -37.8627 -45.8806 -2.9464 28.6401 -17.7446 -34.0552 -43.8207 -34.6370 19.0383 1.8527 -30.1454 -40.7903 -45.7594 9.2983 33.2165 -24.1115 -37.2544 -45.6467 -6.9489 27.1668 -16.2495 -33.4865 -43.4247 -37.7403 17.5148 9.4193 -29.0019 -39.6761 -45.7354 -39.6761 -29.0019 9.4193 17.5148 -37.7403 -43.4247 -33.4865 -16.2495 27.1668 -6.9489 -45.6467 -37.2544 -24.1115 33.2165 9.2983 -45.7594 -40.7903 -30.1454 1.8527 19.0383 -34.6370 -43.8207 -34.0552 -17.7446 28.6401 -2.9464 -45.8806 -37.8627 -25.2028 31.7647 11.2071 -44.9354 -41.5031 -31.0778 -6.6171 21.6333 -25.9054 -44.6400 -35.4585 -21.0921 32.4123 5.2696 -46.2602 -39.9140 -28.9802 8.7862 18.0770 -35.5377 -43.8612 -32.8495
-42.7348 -34.2536 18.6411 6.1024 -29.3045 -40.0915 -46.2294 5.8271 32.6556 -21.3453 -35.5655 -44.6907 -25.3988 21.7055 -6.6171 -31.0502 -41.4583 -45.0355 10.9621 32.1134 -24.9875 -37.7239 -45.8236 -3.9816 28.1960 -17.2847 -33.8638 -43.6829 -35.8272 18.4915 4.2531 -29.8732 -40.6026 -45.9094 8.7151 33.3798 -23.7518 -37.0480 -45.5556 -8.6062 26.6230 -15.6366 -33.2719 -43.2689 -38.7184 17.0022 11.6243 -28.9048 -39.9480 -46.5731 -24.5333 -46.5731 -39.9480 -28.9048 11.6243 17.0022 -38.7184 -43.2689 -33.2719 -15.6366 26.6230 -8.6062 -45.5556 -37.0480 -23.7518 33.3798 8.7151 -45.9094 -40.6026 -29.8732 4.2531 18.4915 -35.8272 -43.6829 -33.8638 -17.2847 28.1960 -3.9816 -45.8236 -37.7239 -24.9875 32.1134 10.9621 -45.0355 -41.4583 -31.0502 -6.6171 21.7055 -25.3988 -44.6907 -35.5655 -21.3453 32.6556 5.8271 -46.2294 -40.0915 -29.3045 6.1024 18.6411 -34.2536 -42.7348
-33.3688 19.2111 3.5240 -29.6406 -40.2799 -46.1769 6.4345 32.9076 -21.6581 -35.7115 -44.7651 -24.4511 21.9052 -6.9791 -31.0778 -41.4583 -45.0688 10.8333 32.3124 -24.8347 -37.6156 -45.7747 -4.9150 27.8049 -16.8546 -33.6889 -43.5540 -36.8637 17.9752 6.7195 -29.5534 -40.4159 -46.0300 8.1183 33.4342 -23.3869 -36.8413 -45.4597 -10.3850 26.0767 -14.9850 -33.0563 -43.1098 -39.6257 16.4696 14.2376 -28.6320 -39.8683 -46.2545 3.3150 20.9622 3.3150 -46.2545 -39.8683 -28.6320 14.2376 16.4696 -39.6257 -43.1098 -33.0563 -14.9850 26.0767 -10.3850 -45.4597 -36.8413 -23.3869 33.4342 8.1183 -46.0300 -40.4159 -29.5534 6.7195 17.9752 -36.8637 -43.5540 -33.6889 -16.8546 27.8049 -4.9150 -45.7747 -37.6156 -24.8347 32.3124 10.8333 -45.0688 -41.4583 -31.0778 -6.9791 21.9052 -24.4511 -44.7651 -35.7115 -21.6581 32.9076 6.4345 -46.1769 -40.2799 -29.6406 3.5240 19.2111 -33.3688
19.3935 1.1250 -29.9566 -40.4703 -46.0997 7.0642 33.1349 -22.0081 -35.8865 -44.8579 -23.1295 22.2100 -7.6224 -31.1581 -41.5031 -45.0355 10.8333 32.3787 -24.7546 -37.5472 -45.7382 -5.6687 27.4864 -16.4770 -33.5348 -43.4366 -37.7397 17.5044 9.1322 -29.2482 -40.2380 -46.1215 7.5222 33.3930 -23.0189 -36.6345 -45.3601 -12.2612 25.5332 -14.2939 -32.8408 -42.9488 -40.4553 15.9358 16.8770 -28.3147 -39.7059 -46.2665 5.0078 31.2680 -4.9948 31.2680 5.0078 -46.2665 -39.7059 -28.3147 16.8770 15.9358 -40.4553 -42.9488 -32.8408 -14.2939 25.5332 -12.2612 -45.3601 -36.6345 -23.0189 33.3930 7.5222 -46.1215 -40.2380 -29.2482 9.1322 17.5044 -37.7397 -43.4366 -33.5348 -16.4770 27.4864 -5.6687 -45.7382 -37.5472 -24.7546 32.3787 10.8333 -45.0355 -41.5031 -31.1581 -7.6224 22.2100 -23.1295 -44.8579 -35.8865 -22.0081 33.1349 7.0642 -46.0997 -40.4703 -29.9566 1.1250 19.3935
-1.0071 -30.2153 -40.6599 -45.9970 7.6931 33.3119 -22.3787 -36.0790 -44.9626 -21.5038 22.6000 -8.4527 -31.2837 -41.5871 -44.9354 10.9621 32.3124 -24.7546 -37.5242 -45.7193 -6.1602 27.2583 -16.1823 -33.4109 -43.3354 -38.4514 17.0901 11.3571 -28.9669 -40.0719 -46.1871 6.9358 33.2760 -22.6570 -36.4303 -45.2570 -14.2231 24.9908 -13.5575 -32.6244 -42.7846 -41.2100 15.4020 19.3872 -27.9866 -39.5204 -46.2770 4.8687 32.2287 -19.8154 -30.6785 -19.8154 32.2287 4.8687 -46.2770 -39.5204 -27.9866 19.3872 15.4020 -41.2100 -42.7846 -32.6244 -13.5575 24.9908 -14.2231 -45.2570 -36.4303 -22.6570 33.2760 6.9358 -46.1871 -40.0719 -28.9669 11.3571 17.0901 -38.4514 -43.3354 -33.4109 -16.1823 27.2583 -6.1602 -45.7193 -37.5242 -24.7546 32.3124 10.9621 -44.9354 -41.5871 -31.2837 -8.4527 22.6000 -21.5038 -44.9626 -36.0790 -22.3787 33.3119 7.6931 -45.9970 -40.6599 -30.2153 -1.0071
-28.8825 -40.8488 -45.8665 8.3030 33.4146 -22.7564 -36.2819 -45.0716 -19.6587 23.0525 -9.3810 -31.4436 -41.7034 -44.7665 11.2071 32.1134 -24.8347 -37.5472 -45.7193 -6.3327 27.1411 -15.9923 -33.3243 -43.2594 -38.9890 16.7461 13.2807 -28.7168 -39.9202 -46.2308 6.3723 33.1040 -22.3067 -36.2346 -45.1525 -16.2117 24.4556 -12.7697 -32.4074 -42.6190 -41.8946 14.8679 21.7148 -27.6529 -39.3275 -46.2728 4.2853 32.1431 -20.7869 -34.8097 -41.6243 -34.8097 -20.7869 32.1431 4.2853 -46.2728 -39.3275 -27.6529 21.7148 14.8679 -41.8946 -42.6190 -32.4074 -12.7697 24.4556 -16.2117 -45.1525 -36.2346 -22.3067 33.1040 6.3723 -46.2308 -39.9202 -28.7168 13.2807 16.7461 -38.9890 -43.2594 -33.3243 -15.9923 27.1411 -6.3327 -45.7193 -37.5472 -24.8347 32.1134 11.2071 -44.7665 -41.7034 -31.4436 -9.3810 23.0525 -19.6587 -45.0716 -36.2819 -22.7564 33.4146 8.3030 -45.8665 -40.8488 -28.8825
-39.6630 -45.7079 8.8975 33.4283 -23.1320 -36.4891 -45.1814 -17.6704 23.5493 -10.3399 -31.6274 -41.8428 -44.5280 11.5487 31.7647 -24.9875 -37.6156 -45.7382 -6.1602 27.1411 -15.9260 -33.2788 -43.2106 -39.3518 16.4875 14.7927 -28.5101 -39.7890 -46.2572 5.8506 32.8990 -21.9741 -36.0505 -45.0507 -18.1307 23.9420 -11.9397 -32.1944 -42.4518 -42.5086 14.3390 23.8261 -27.3156 -39.1317 -46.2520 3.5535 31.8245 -20.6884 -35.2480 -44.6447 -46.3655 -44.6447 -35.2480 -20.6884 31.8245 3.5535 -46.2520 -39.1317 -27.3156 23.8261 14.3390 -42.5086 -42.4518 -32.1944 -11.9397 23.9420 -18.1307 -45.0507 -36.0505 -21.9741 32.8990 5.8506 -46.2572 -39.7890 -28.5101 14.7927 16.4875 -39.3518 -43.2106 -33.2788 -15.9260 27.1411 -6.1602 -45.7382 -37.6156 -24.9875 31.7647 11.5487 -44.5280 -41.8428 -31.6274 -10.3399 23.5493 -17.6704 -45.1814 -36.4891 -23.1320 33.4283 8.8975 -45.7079 -39.6630
-44.7984 9.4831 33.3408 -23.5009 -36.6969 -45.2883 -15.6323 24.0762 -11.2827 -31.8283 -41.9983 -44.2225 11.9626 31.2337 -25.2028 -37.7239 -45.7747 -5.6687 27.2583 -15.9923 -33.2788 -43.1931 -39.5353 16.3233 15.8536 -28.3523 -39.6839 -46.2710 5.3897 32.6857 -21.6701 -35.8811 -44.9544 -19.9272 23.4601 -11.0824 -31.9887 -42.2869 -43.0514 13.8145 25.6982 -26.9789 -38.9336 -46.2151 2.7469 31.4157 -20.3484 -35.1911 -44.5517 -32.6106 9.2366 -32.6106 -44.5517 -35.1911 -20.3484 31.4157 2.7469 -46.2151 -38.9336 -26.9789 25.6982 13.8145 -43.0514 -42.2869 -31.9887 -11.0824 23.4601 -19.9272 -44.9544 -35.8811 -21.6701 32.6857 5.3897 -46.2710 -39.6839 -28.3523 15.8536 16.3233 -39.5353 -43.1931 -33.2788 -15.9923 27.2583 -5.6687 -45.7747 -37.7239 -25.2028 31.2337 11.9626 -44.2225 -41.9983 -31.8283 -11.2827 24.0762 -15.6323 -45.2883 -36.6969 -23.5009 33.3408 9.4831 -44.7984
9.6016 33.1373 -23.8659 -36.9058 -45.3905 -13.6250 24.6145 -12.1819 -32.0404 -42.1639 -43.8512 12.4259 30.4977 -25.4637 -37.8627 -45.8236 -4.9150 27.4864 -16.1823 -33.3243 -43.2106 -39.5353 16.2664 16.4012 -28.2509 -39.6082 -46.2768 5.0091 32.4886 -21.4072 -35.7318 -44.8636 -21.5589 23.0158 -10.2134 -31.7928 -42.1281 -43.5194 13.3042 27.3091 -26.6453 -38.7349 -46.1660 1.8768 30.9596 -19.9377 -35.0214 -44.4529 -29.2672 18.8030 33.1983 18.8030 -29.2672 -44.4529 -35.0214 -19.9377 30.9596 1.8768 -46.1660 -38.7349 -26.6453 27.3091 13.3042 -43.5194 -42.1281 -31.7928 -10.2134 23.0158 -21.5589 -44.8636 -35.7318 -21.4072 32.4886 5.0091 -46.2768 -39.6082 -28.2509 16.4012 16.2664 -39.5353 -43.2106 -33.3243 -16.1823 27.4864 -4.9150 -45.8236 -37.8627 -25.4637 30.4977 12.4259 -43.8512 -42.1639 -32.0404 -12.1819 24.6145 -13.6250 -45.3905 -36.9058 -23.8659 33.1373 9.6016
32.3779 -24.2286 -37.1150 -45.4902 -11.6795 25.1545 -13.0174 -32.2571 -42.3328 -43.4103 12.9225 29.5422 -25.7589 -38.0255 -45.8806 -3.9816 27.8049 -16.4770 -33.4109 -43.2594 -39.3518 16.3233 16.4012 -28.2160 -39.5696 -46.2782 4.7286 32.3269 -21.1943 -35.6082 -44.7837 -22.9716 22.6173 -9.3584 -31.6119 -41.9772 -43.9176 12.8196 28.6428 -26.3203 -38.5397 -46.1104 0.9468 30.4777 -19.4970 -34.8217 -44.3304 -29.6265 20.3612 3.6976 -24.0616 3.6976 20.3612 -29.6265 -44.3304 -34.8217 -19.4970 30.4777 0.9468 -46.1104 -38.5397 -26.3203 28.6428 12.8196 -43.9176 -41.9772 -31.6119 -9.3584 22.6173 -22.9716 -44.7837 -35.6082 -21.1943 32.3269 4.7286 -46.2782 -39.5696 -28.2160 16.4012 16.3233 -39.3518 -43.2594 -33.4109 -16.4770 27.8049 -3.9816 -45.8806 -38.0255 -25.7589 29.5422 12.9225 -43.4103 -42.3328 -32.2571 -13.0174 25.1545 -11.6795 -45.4902 -37.1150 -24.2286 32.3779
-23.6596 -37.3230 -45.5860 -9.8175 25.6994 -13.7908 -32.4750 -42.5015 -42.9013 13.4422 28.3341 -26.0753 -38.2061 -45.9429 -2.9464 28.1960 -16.8546 -33.5348 -43.3354 -38.9890 16.4875 15.8536 -28.2509 -39.5696 -46.2783 4.5824 32.2194 -21.0414 -35.5145 -44.7192 -24.1151 22.2768 -8.5452 -31.4490 -41.8396 -44.2508 12.3652 29.7151 -26.0094 -38.3521 -46.0523 -0.0255 29.9859 -19.0396 -34.6142 -44.1978 -30.9079 20.2824 -1.5961 -29.6887 -36.7422 -29.6887 -1.5961 20.2824 -30.9079 -44.1978 -34.6142 -19.0396 29.9859 -0.0255 -46.0523 -38.3521 -26.0094 29.7151 12.3652 -44.2508 -41.8396 -31.4490 -8.5452 22.2768 -24.1151 -44.7192 -35.5145 -21.0414 32.2194 4.5824 -46.2783 -39.5696 -28.2509 15.8536 16.4875 -38.9890 -43.3354 -33.5348 -16.8546 28.1960 -2.9464 -45.9429 -38.2061 -26.0753 28.3341 13.4422 -42.9013 -42.5015 -32.4750 -13.7908 25.6994 -9.8175 -45.5860 -37.3230 -23.6596
-36.0976 -45.6770 -8.0597 26.2482 -14.5148 -32.6917 -42.6707 -42.3290 13.9701 26.8668 -26.4072 -38.3975 -46.0059 -1.8661 28.6401 -17.2847 -33.6889 -43.4366 -38.4514 16.7461 14.7927 -28.3523 -39.6082 -46.2782 4.5824 32.1817 -20.9631 -35.4556 -44.6742 -24.9574 22.0082 -7.8279 -31.3096 -41.7172 -44.5206 11.9504 30.5643 -25.7195 -38.1757 -45.9930 -1.0247 29.4978 -18.5782 -34.4084 -44.0603 -32.3383 19.8805 -1.1903 -30.2723 -40.5465 -46.3064 -40.5465 -30.2723 -1.1903 19.8805 -32.3383 -44.0603 -34.4084 -18.5782 29.4978 -1.0247 -45.9930 -38.1757 -25.7195 30.5643 11.9504 -44.5206 -41.7172 -31.3096 -7.8279 22.0082 -24.9574 -44.6742 -35.4556 -20.9631 32.1817 4.5824 -46.2782 -39.6082 -28.3523 14.7927 16.7461 -38.4514 -43.4366 -33.6889 -17.2847 28.6401 -1.8661 -46.0059 -38.3975 -26.4072 26.8668 13.9701 -42.3290 -42.6707 -32.6917 -14.5148 26.2482 -8.0597 -45.6770 -36.0976
-44.6399 -6.4280 26.7987 -15.1965 -32.9074 -42.8366 -41.6935 14.5001 25.1596 -26.7459 -38.5953 -46.0680 -0.7928 29.1181 -17.7446 -33.8638 -43.5540 -37.7397 17.0901 13.2807 -28.5101 -39.6839 -46.2768 4.7286 32.2194 -20.9631 -35.4359 -44.6506 -25.4717 21.8255 -7.2687 -31.1996 -41.6151 -44.7310 11.5848 31.2172 -25.4563 -38.0122 -45.9342 -2.0390 29.0256 -18.1199 -34.2084 -43.9226 -33.7064 19.4029 0.4602 -30.2309 -40.7753 -46.3402 -15.7354 -46.3402 -40.7753 -30.2309 0.4602 19.4029 -33.7064 -43.9226 -34.2084 -18.1199 29.0256 -2.0390 -45.9342 -38.0122 -25.4563 31.2172 11.5848 -44.7310 -41.6151 -31.1996 -7.2687 21.8255 -25.4717 -44.6506 -35.4359 -20.9631 32.2194 4.7286 -46.2768 -39.6839 -28.5101 13.2807 17.0901 -37.7397 -43.5540 -33.8638 -17.7446 29.1181 -0.7928 -46.0680 -38.5953 -26.7459 25.1596 14.5001 -41.6935 -42.8366 -32.9074 -15.1965 26.7987 -6.4280 -44.6399
-5.9761 27.3562 -15.8402 -33.1246 -42.9988 -40.9903 15.0315 23.2057 -27.0833 -38.7961 -46.1273 0.2473 29.6211 -18.2238 -34.0552 -43.6829 -36.8637 17.5044 11.3571 -28.7168 -39.7890 -46.2710 5.0091 32.3269 -21.0414 -35.4556 -44.6506 -25.6425 21.7312 -6.9093 -31.1235 -41.5398 -44.8843 11.2820 31.6935 -25.2239 -37.8660 -45.8785 -3.0343 28.5818 -17.6707 -34.0172 -43.7892 -34.9501 18.8891 2.5691 -30.0503 -40.6941 -45.9494 6.4176 23.2490 6.4176 -45.9494 -40.6941 -30.0503 2.5691 18.8891 -34.9501 -43.7892 -34.0172 -17.6707 28.5818 -3.0343 -45.8785 -37.8660 -25.2239 31.6935 11.2820 -44.8843 -41.5398 -31.1235 -6.9093 21.7312 -25.6425 -44.6506 -35.4556 -21.0414 32.3269 5.0091 -46.2710 -39.7890 -28.7168 11.3571 17.5044 -36.8637 -43.6829 -34.0552 -18.2238 29.6211 0.2473 -46.1273 -38.7961 -27.0833 23.2057 15.0315 -40.9903 -42.9988 -33.1246 -15.8402 27.3562 -5.9761
27.6213 -16.4475 -33.3424 -43.1601 -40.2084 15.5634 21.0197 -27.4215 -38.9954 -46.1822 1.2342 30.1303 -18.7078 -34.2590 -43.8207 -35.8272 17.9752 9.1322 -28.9669 -39.9202 -46.2572 5.3897 32.4886 -21.1943 -35.5145 -44.6742 -25.4717 21.7312 -6.7837 -31.0846 -41.4928 -44.9830 11.0595 32.0184 -25.0314 -37.7422 -45.8273 -3.9661 28.1794 -17.2455 -33.8408 -43.6614 -36.0434 18.3727 4.8581 -29.7889 -40.5415 -45.9803 7.8637 32.9220 -10.6117 32.9220 7.8637 -45.9803 -40.5415 -29.7889 4.8581 18.3727 -36.0434 -43.6614 -33.8408 -17.2455 28.1794 -3.9661 -45.8273 -37.7422 -25.0314 32.0184 11.0595 -44.9830 -41.4928 -31.0846 -6.7837 21.7312 -25.4717 -44.6742 -35.5145 -21.1943 32.4886 5.3897 -46.2572 -39.9202 -28.9669 9.1322 17.9752 -35.8272 -43.8207 -34.2590 -18.7078 30.1303 1.2342 -46.1822 -38.9954 -27.4215 21.0197 15.5634 -40.2084 -43.1601 -33.3424 -16.4475 27.6213
-16.5737 -33.5593 -43.3197 -39.3416 16.1019 18.6190 -27.7579 -39.1927 -46.2283 2.1529 30.6303 -19.1825 -34.4704 -43.9617 -34.6370 18.4915 6.7195 -29.2482 -40.0719 -46.2308 5.8506 32.6857 -21.4072 -35.6082 -44.7192 -24.9574 21.8255 -6.9093 -31.0846 -41.4767 -45.0329 10.9210 32.2207 -24.8896 -37.6454 -45.7842 -4.7993 27.8272 -16.8574 -33.6813 -43.5430 -36.9850 17.8950 7.1746 -29.4862 -40.3728 -46.0626 7.7788 33.3680 -21.6565 -31.6595 -21.6565 33.3680 7.7788 -46.0626 -40.3728 -29.4862 7.1746 17.8950 -36.9850 -43.5430 -33.6813 -16.8574 27.8272 -4.7993 -45.7842 -37.6454 -24.8896 32.2207 10.9210 -45.0329 -41.4767 -31.0846 -6.9093 21.8255 -24.9574 -44.7192 -35.6082 -21.4072 32.6857 5.8506 -46.2308 -40.0719 -29.2482 6.7195 18.4915 -34.6370 -43.9617 -34.4704 -19.1825 30.6303 2.1529 -46.2283 -39.1927 -27.7579 18.6190 16.1019 -39.3416 -43.3197 -33.5593 -16.5737
-32.2928 -43.4765 -38.3876 16.6488 16.0139 -28.0936 -39.3906 -46.2606 3.0116 31.1108 -19.6431 -34.6830 -44.1044 -33.3010 19.0383 4.2531 -29.5534 -40.2380 -46.1871 6.3723 32.8990 -21.6701 -35.7318 -44.7837 -24.1151 22.0082 -7.2687 -31.1235 -41.4928 -45.0329 10.8720 32.3188 -24.8009 -37.5787 -45.7515 -5.4860 27.5387 -16.5165 -33.5424 -43.4362 -37.7802 17.4643 9.4159 -29.2009 -40.2072 -46.1385 7.3384 33.3405 -22.5339 -35.7546 -42.4971 -35.7546 -22.5339 33.3405 7.3384 -46.1385 -40.2072 -29.2009 9.4159 17.4643 -37.7802 -43.4362 -33.5424 -16.5165 27.5387 -5.4860 -45.7515 -37.5787 -24.8009 32.3188 10.8720 -45.0329 -41.4928 -31.1235 -7.2687 22.0082 -24.1151 -44.7837 -35.7318 -21.6701 32.8990 6.3723 -46.1871 -40.2380 -29.5534 4.2531 19.0383 -33.3010 -44.1044 -34.6830 -19.6431 31.1108 3.0116 -46.2606 -39.3906 -28.0936 16.0139 16.6488 -38.3876 -43.4765 -32.2928
-42.3394 -37.3490 17.2021 13.2540 -28.4319 -39.5868 -46.2766 3.8225 31.5644 -20.0885 -34.8944 -44.2437 -31.8346 19.5741 1.8527 -29.8732 -40.4159 -46.1215 6.9358 33.1040 -21.9741 -35.8811 -44.8636 -22.9716 22.2768 -7.8279 -31.1996 -41.5398 -44.9830 10.9210 32.3188 -24.7694 -37.5428 -45.7305 -5.9725 27.3256 -16.2451 -33.4298 -43.3452 -38.4243 17.0864 11.4727 -28.9420 -40.0523 -46.1956 6.8186 33.2316 -22.4718 -36.1818 -45.2559 -44.9801 -45.2559 -36.1818 -22.4718 33.2316 6.8186 -46.1956 -40.0523 -28.9420 11.4727 17.0864 -38.4243 -43.3452 -33.4298 -16.2451 27.3256 -5.9725 -45.7305 -37.5428 -24.7694 32.3188 10.9210 -44.9830 -41.5398 -31.1996 -7.8279 22.2768 -22.9716 -44.8636 -35.8811 -21.9741 33.1040 6.9358 -46.1215 -40.4159 -29.8732 1.8527 19.5741 -31.8346 -44.2437 -34.8944 -20.0885 31.5644 3.8225 -46.2766 -39.5868 -28.4319 13.2540 17.2021 -37.3490 -42.3394
-36.4718 17.7676 10.4250 -28.7721 -39.7819 -46.2747 4.5919 31.9870 -20.5202 -35.1067 -44.3782 -30.2604 20.0847 -0.3838 -30.1454 -40.6026 -46.0300 7.5222 33.2760 -22.3067 -36.0505 -44.9544 -21.5589 22.6173 -8.5452 -31.3096 -41.6151 -44.8843 11.0595 32.2207 -24.8009 -37.5428 -45.7229 -6.2284 27.1922 -16.0549 -33.3461 -43.2730 -38.9230 16.7705 13.2355 -28.7127 -39.9114 -46.2342 6.2985 33.0686 -22.2152 -36.1426 -45.1010 -25.1069 11.5779 -25.1069 -45.1010 -36.1426 -22.2152 33.0686 6.2985 -46.2342 -39.9114 -28.7127 13.2355 16.7705 -38.9230 -43.2730 -33.3461 -16.0549 27.1922 -6.2284 -45.7229 -37.5428 -24.8009 32.2207 11.0595 -44.8843 -41.6151 -31.3096 -8.5452 22.6173 -21.5589 -44.9544 -36.0505 -22.3067 33.2760 7.5222 -46.0300 -40.6026 -30.1454 -0.3838 20.0847 -30.2604 -44.3782 -35.1067 -20.5202 31.9870 4.5919 -46.2747 -39.7819 -28.7721 10.4250 17.7676 -36.4718
17.9718 7.6215 -29.1130 -39.9777 -46.2536 5.3211 32.3700 -20.9418 -35.3179 -44.5113 -28.5842 20.5972 -2.3922 -30.3676 -40.7903 -45.9094 8.1183 33.3930 -22.6570 -36.2346 -45.0507 -19.9272 23.0158 -9.3584 -31.4490 -41.7172 -44.7310 11.2820 32.0184 -24.8896 -37.5787 -45.7305 -6.2284 27.1455 -15.9516 -33.2931 -43.2226 -39.2794 16.5257 14.6396 -28.5200 -39.7906 -46.2579 5.8152 32.8757 -21.9251 -36.0080 -45.0213 -20.6776 21.1473 31.8195 21.1473 -20.6776 -45.0213 -36.0080 -21.9251 32.8757 5.8152 -46.2579 -39.7906 -28.5200 14.6396 16.5257 -39.2794 -43.2226 -33.2931 -15.9516 27.1455 -6.2284 -45.7305 -37.5787 -24.8896 32.0184 11.2820 -44.7310 -41.7172 -31.4490 -9.3584 23.0158 -19.9272 -45.0507 -36.2346 -22.6570 33.3930 8.1183 -45.9094 -40.7903 -30.3676 -2.3922 20.5972 -28.5842 -44.5113 -35.3179 -20.9418 32.3700 5.3211 -46.2536 -39.9777 -29.1130 7.6215 17.9718
4.8395 -29.4541 -40.1723 -46.2114 6.0192 32.7081 -21.3521 -35.5280 -44.6403 -26.7989 21.1154 -4.1827 -30.5902 -40.9755 -45.7594 8.7151 33.4342 -23.0189 -36.4303 -45.1525 -18.1307 23.4601 -10.2134 -31.6119 -41.8396 -44.5206 11.5848 31.6935 -25.0314 -37.6454 -45.7515 -5.9725 27.1922 -15.9516 -33.2747 -43.1969 -39.4937 16.3555 15.6690 -28.3715 -39.6924 -46.2707 5.3858 32.6770 -21.6486 -35.8606 -44.9369 -20.7791 22.8026 -5.5249 -25.5352 -5.5249 22.8026 -20.7791 -44.9369 -35.8606 -21.6486 32.6770 5.3858 -46.2707 -39.6924 -28.3715 15.6690 16.3555 -39.4937 -43.1969 -33.2747 -15.9516 27.1922 -5.9725 -45.7515 -37.6454 -25.0314 31.6935 11.5848 -44.5206 -41.8396 -31.6119 -10.2134 23.4601 -18.1307 -45.1525 -36.4303 -23.0189 33.4342 8.7151 -45.7594 -40.9755 -30.5902 -4.1827 21.1154 -26.7989 -44.6403 -35.5280 -21.3521 32.7081 6.0192 -46.2114 -40.1723 -29.4541 4.8395
-28.2293 -40.3653 -46.1465 6.6928 32.9945 -21.7541 -35.7385 -44.7641 -24.9253 21.6388 -5.7839 -30.8118 -41.1609 -45.5787 9.2983 33.3798 -23.3869 -36.6345 -45.2570 -16.2117 23.9420 -11.0824 -31.7928 -41.9772 -44.2508 11.9504 31.2172 -25.2239 -37.7422 -45.7842 -5.4860 27.3256 -16.0549 -33.2931 -43.1969 -39.5662 16.2682 16.3152 -28.2681 -39.6191 -46.2763 5.0242 32.4913 -21.4027 -35.7233 -44.8558 -21.8794 22.8038 -8.8891 -30.7838 -37.7547 -30.7838 -8.8891 22.8038 -21.8794 -44.8558 -35.7233 -21.4027 32.4913 5.0242 -46.2763 -39.6191 -28.2681 16.3152 16.2682 -39.5662 -43.1969 -33.2931 -16.0549 27.3256 -5.4860 -45.7842 -37.7422 -25.2239 31.2172 11.9504 -44.2508 -41.9772 -31.7928 -11.0824 23.9420 -16.2117 -45.2570 -36.6345 -23.3869 33.3798 9.2983 -45.5787 -41.1609 -30.8118 -5.7839 21.6388 -24.9253 -44.7641 -35.7385 -21.7541 32.9945 6.6928 -46.1465 -40.3653 -28.2293
-39.1731 -46.0591 7.3414 33.2176 -22.1507 -35.9501 -44.8850 -22.9758 22.1634 -7.2115 -31.0322 -41.3441 -45.3638 9.8677 33.2165 -23.7518 -36.8413 -45.3601 -14.2231 24.4556 -11.9397 -31.9887 -42.1281 -43.9176 12.3652 30.5643 -25.4563 -37.8660 -45.8273 -4.7993 27.5387 -16.2451 -33.3461 -43.2226 -39.4937 16.2682 16.5364 -28.2137 -39.5725 -46.2781 4.7527 32.3362 -21.1986 -35.6072 -44.7831 -23.0895 22.5420 -8.9309 -31.3530 -41.4892 -46.8168 -41.4892 -31.3530 -8.9309 22.5420 -23.0895 -44.7831 -35.6072 -21.1986 32.3362 4.7527 -46.2781 -39.5725 -28.2137 16.5364 16.2682 -39.4937 -43.2226 -33.3461 -16.2451 27.5387 -4.7993 -45.8273 -37.8660 -25.4563 30.5643 12.3652 -43.9176 -42.1281 -31.9887 -11.9397 24.4556 -14.2231 -45.3601 -36.8413 -23.7518 33.2165 9.8677 -45.3638 -41.3441 -31.0322 -7.2115 22.1634 -22.9758 -44.8850 -35.9501 -22.1507 33.2176 7.3414 -46.0591 -39.1731
-45.1358 7.9690 33.3671 -22.5401 -36.1621 -45.0041 -20.9562 22.6903 -8.4894 -31.2527 -41.5242 -45.1135 10.4293 32.9297 -24.1115 -37.0480 -45.4597 -12.2612 24.9908 -12.7697 -32.1944 -42.2869 -43.5194 12.8196 29.7151 -25.7195 -38.0122 -45.8785 -3.9661 27.8272 -16.5165 -33.4298 -43.2730 -39.2794 16.3555 16.3152 -28.2137 -39.5559 -46.2783 4.5794 32.2244 -21.0482 -35.5163 -44.7213 -24.1460 22.2531 -8.3932 -31.3718 -41.7055 -45.5455 -6.7018 -45.5455 -41.7055 -31.3718 -8.3932 22.2531 -24.1460 -44.7213 -35.5163 -21.0482 32.2244 4.5794 -46.2783 -39.5559 -28.2137 16.3152 16.3555 -39.2794 -43.2730 -33.4298 -16.5165 27.8272 -3.9661 -45.8785 -38.0122 -25.7195 29.7151 12.8196 -43.5194 -42.2869 -32.1944 -12.7697 24.9908 -12.2612 -45.4597 -37.0480 -24.1115 32.9297 10.4293 -45.1135 -41.5242 -31.2527 -8.4894 22.6903 -20.9562 -45.0041 -36.1621 -22.5401 33.3671 7.9690 -45.1358
8.0919 33.4324 -22.9225 -36.3732 -45.1199 -18.8876 23.2236 -9.6452 -31.4723 -41.7035 -44.8245 10.9800 32.5033 -24.4685 -37.2544 -45.5556 -10.3850 25.5332 -13.5575 -32.4074 -42.4518 -43.0514 13.3042 28.6428 -26.0094 -38.1757 -45.9342 -3.0343 28.1794 -16.8574 -33.5424 -43.3452 -38.9230 16.5257 15.6690 -28.2681 -39.5725 -46.2783 4.5185 32.1644 -20.9540 -35.4535 -44.6738 -24.9626 22.0032 -7.7779 -31.2849 -41.6756 -44.8724 9.4755 26.0042 9.4755 -44.8724 -41.6756 -31.2849 -7.7779 22.0032 -24.9626 -44.6738 -35.4535 -20.9540 32.1644 4.5185 -46.2783 -39.5725 -28.2681 15.6690 16.5257 -38.9230 -43.3452 -33.5424 -16.8574 28.1794 -3.0343 -45.9342 -38.1757 -26.0094 28.6428 13.3042 -43.0514 -42.4518 -32.4074 -13.5575 25.5332 -10.3850 -45.5556 -37.2544 -24.4685 32.5033 10.9800 -44.8245 -41.7035 -31.4723 -9.6452 23.2236 -18.8876 -45.1199 -36.3732 -22.9225 33.4324 8.0919
32.9979 -23.2981 -36.5838 -45.2303 -16.8026 23.7632 -10.6987 -31.6909 -41.8814 -44.4922 11.5225 31.9250 -24.8208 -37.4596 -45.6467 -8.6062 26.0767 -14.2939 -32.6244 -42.6190 -42.5086 13.8145 27.3091 -26.3203 -38.3521 -45.9930 -2.0390 28.5818 -17.2455 -33.6813 -43.4362 -38.4243 16.7705 14.6396 -28.3715 -39.6191 -46.2781 4.5794 32.1644 -20.9211 -35.4220 -44.6451 -25.5145 21.8163 -7.2375 -31.1900 -41.6014 -44.8284 10.9502 33.3636 -15.0454 33.3636 10.9502 -44.8284 -41.6014 -31.1900 -7.2375 21.8163 -25.5145 -44.6451 -35.4220 -20.9211 32.1644 4.5794 -46.2781 -39.6191 -28.3715 14.6396 16.7705 -38.4243 -43.4362 -33.6813 -17.2455 28.5818 -2.0390 -45.9930 -38.3521 -26.3203 27.3091 13.8145 -42.5086 -42.6190 -32.6244 -14.2939 26.0767 -8.6062 -45.6467 -37.4596 -24.8208 31.9250 11.5225 -44.4922 -41.8814 -31.6909 -10.6987 23.7632 -16.8026 -45.2303 -36.5838 -23.2981 32.9979
-22.8225 -36.7933 -45.3365 -14.7405 24.3071 -11.6635 -31.9103 -42.0568 -44.1154 12.0625 31.1799 -25.1694 -37.6644 -45.7320 -6.9489 26.6230 -14.9850 -32.8408 -42.7846 -41.8946 14.3390 25.6982 -26.6453 -38.5397 -46.0523 -1.0247 29.0256 -17.6707 -33.8408 -43.5430 -37.7802 17.0864 13.2355 -28.5200 -39.6924 -46.2763 4.7527 32.2244 -20.9540 -35.4220 -44.6358 -25.7893 21.7013 -6.8464 -31.1156 -41.5324 -44.9160 11.1027 32.3921 -23.7449 -32.8686 -23.7449 32.3921 11.1027 -44.9160 -41.5328 -31.1158 -6.8466 21.7013 -25.7893 -44.6358 -35.4220 -20.9540 32.2244 4.7527 -46.2763 -39.6924 -28.5200 13.2355 17.0864 -37.7802 -43.5430 -33.8408 -17.6707 29.0256 -1.0247 -46.0523 -38.5397 -26.6453 25.6982 14.3390 -41.8946 -42.7846 -32.8408 -14.9850 26.6230 -6.9489 -45.7320 -37.6644 -25.1694 31.1799 12.0625 -44.1154 -42.0568 -31.9103 -11.6635 24.3071 -14.7405 -45.3365 -36.7933 -22.8225
-35.5628 -45.4389 -12.7331 24.8537 -12.5494 -32.1306 -42.2307 -43.6903 12.5969 30.2466 -25.5166 -37.8685 -45.8134 -5.4146 27.1668 -15.6366 -33.0563 -42.9488 -41.2100 14.8679 23.8261 -26.9789 -38.7349 -46.1104 -0.0255 29.4978 -18.1199 -34.0172 -43.6614 -36.9850 17.4643 11.4727 -28.7127 -39.7906 -46.2707 5.0242 32.3362 -21.0482 -35.4535 -44.6451 -25.7893 21.6624 -6.6458 -31.0698 -41.4827 -45.0038 10.9873 32.2207 -24.6686 -36.9723 -43.5625 -36.9722 -24.6691 32.2193 10.9916 -45.0023 -41.4832 -31.0699 -6.6422 21.6622 -25.7893 -44.6451 -35.4535 -21.0482 32.3362 5.0242 -46.2707 -39.7906 -28.7127 11.4727 17.4643 -36.9850 -43.6614 -34.0172 -18.1199 29.4978 -0.0255 -46.1104 -38.7349 -26.9789 23.8261 14.8679 -41.2100 -42.9488 -33.0563 -15.6366 27.1668 -5.4146 -45.8134 -37.8685 -25.5166 30.2466 12.5969 -43.6903 -42.2307 -32.1306 -12.5494 24.8537 -12.7331 -45.4389 -35.5628
-44.3825 -10.8159 25.4024 -13.3671 -32.3506 -42.4038 -43.2084 13.1269 29.1155 -25.8623 -38.0713 -45.8906 -3.9926 27.7076 -16.2495 -33.2719 -43.1098 -40.4553 15.4020 21.7148 -27.3156 -38.9336 -46.1660 0.9468 29.9859 -18.5782 -34.2084 -43.7892 -36.0434 17.8950 9.4159 -28.9420 -39.9114 -46.2579 5.3858 32.4913 -21.1986 -35.5163 -44.6738 -25.5145 21.7013 -6.6459 -31.0541 -41.4560 -45.0615 10.8535 32.3157 -24.7689 -37.4492 -45.9312 -41.6309 -45.9243 -37.4515 -24.7772 32.3015 10.8623 -45.0601 -41.4553 -31.0499 -6.6385 21.7012 -25.5145 -44.6738 -35.5163 -21.1986 32.4913 5.3858 -46.2579 -39.9114 -28.9420 9.4159 17.8950 -36.0434 -43.7892 -34.2084 -18.5782 29.9859 0.9468 -46.1660 -38.9336 -27.3156 21.7148 15.4020 -40.4553 -43.1098 -33.2719 -16.2495 27.7076 -3.9926 -45.8906 -38.0713 -25.8623 29.1155 13.1269 -43.2084 -42.4038 -32.3506 -13.3671 25.4024 -10.8159 -44.3825
-10.2209 25.9602 -14.1261 -32.5699 -42.5747 -42.6662 13.6591 27.7724 -26.2042 -38.2740 -45.9626 -2.6884 28.2464 -16.8276 -33.4865 -43.2689 -39.6257 15.9358 19.3872 -27.6529 -39.1317 -46.2151 1.8768 30.4777 -19.0396 -34.4084 -43.9226 -34.9501 18.3727 7.1746 -29.2009 -40.0523 -46.2342 5.8152 32.6770 -21.4027 -35.6072 -44.7213 -24.9626 21.8163 -6.8465 -31.0700 -41.4564 -45.0622 10.7926 32.5118 -24.7022 -37.4487 -45.7636 -12.9749 14.5954 -12.2981 -45.7405 -37.5268 -24.7435 32.4390 10.8112 -45.0659 -41.4681 -31.0655 -6.8429 21.8163 -24.9626 -44.7213 -35.6072 -21.4027 32.6770 5.8152 -46.2342 -40.0523 -29.2009 7.1746 18.3727 -34.9501 -43.9226 -34.4084 -19.0396 30.4777 1.8768 -46.2151 -39.1317 -27.6529 19.3872 15.9358 -39.6257 -43.2689 -33.4865 -16.8276 28.2464 -2.6884 -45.9626 -38.2740 -26.2042 27.7724 13.6591 -42.6662 -42.5747 -32.5699 -14.1261 25.9602 -10.2209
26.2187 -14.8318 -32.7885 -42.7439 -42.0621 14.1932 26.1935 -26.5436 -38.4756 -46.0293 -1.4935 28.7760 -17.3740 -33.6994 -43.4247 -38.7184 16.4696 16.8770 -27.9866 -39.3275 -46.2520 2.7469 30.9596 -19.4970 -34.6142 -44.0603 -33.7064 18.8891 4.8581 -29.4862 -40.2072 -46.1956 6.2985 32.8757 -21.6486 -35.7233 -44.7831 -24.1460 22.0032 -7.2375 -31.1158 -41.4835 -45.0526 10.8116 32.3370 -24.7102 -37.4651 -45.6662 -8.1130 24.7702 23.7441 24.6981 -7.6770 -45.6945 -37.5122 -24.6926 32.4804 10.7163 -45.0712 -41.4785 -31.1154 -7.2375 22.0032 -24.1460 -44.7831 -35.7233 -21.6486 32.8757 6.2985 -46.1956 -40.2072 -29.4862 4.8581 18.8891 -33.7064 -44.0603 -34.6142 -19.4970 30.9596 2.7469 -46.2520 -39.3275 -27.9866 16.8770 16.4696 -38.7184 -43.4247 -33.6994 -17.3740 28.7760 -1.4935 -46.0293 -38.4756 -26.5436 26.1935 14.1932 -42.0621 -42.7439 -32.7885 -14.8318 26.2187
-15.0921 -33.0044 -42.9104 -41.3978 14.7219 24.3868 -26.8815 -38.6739 -46.0912 -0.4022 29.2915 -17.8911 -33.9092 -43.5751 -37.7403 17.0022 14.2376 -28.3147 -39.5204 -46.2728 3.5535 31.4157 -19.9377 -34.8217 -44.1978 -32.3383 19.4029 2.5691 -29.7889 -40.3728 -46.1385 6.8186 33.0686 -21.9251 -35.8606 -44.8558 -23.0895 22.2531 -7.7779 -31.1900 -41.5328 -45.0024 10.8758 32.3274 -24.7389 -37.4764 -45.7206 -7.5001 26.3974 -12.9279 -27.4738 -12.9869 26.5427 -7.0432 -45.7179 -37.5043 -24.7291 32.4369 10.9490 -44.9997 -41.5321 -31.1900 -7.7779 22.2531 -23.0895 -44.8558 -35.8606 -21.9251 33.0686 6.8186 -46.1385 -40.3728 -29.7889 2.5691 19.4029 -32.3383 -44.1978 -34.8217 -19.9377 31.4157 3.5535 -46.2728 -39.5204 -28.3147 14.2376 17.0022 -37.7403 -43.5751 -33.9092 -17.8911 29.2915 -0.4022 -46.0912 -38.6739 -26.8815 24.3868 14.7219 -41.3978 -42.9104 -33.0044 -15.0921
