0.4363 0.1573 0.1488 0.2206 0.4124 0.4934 0.2183 0.1419 0.1853 0.3281 0.5160 0.3476 0.1444 0.1613 0.2616 0.4837 0.4476 0.1634 0.1459 0.2063 0.3695 0.5124 0.3455 0.1495 0.1418 0.1475 0.1484 0.1484 0.1484 0.1484 0.1484 0.1484 0.1484 0.1484 0.1484 0.1484 0.1484 0.1484 0.1484 0.1484 0.1484 0.1484 0.1484 0.1484 0.1484 0.1484 0.1484 0.1484 0.1484 0.1484 0.1484 0.1484 0.1484 0.1484 0.1484 0.1484 0.1484 0.1484 0.1484 0.1484 0.1484 0.1484 0.1484 0.1484 0.1484 0.1484 0.1484 0.1484 0.1484 0.1484 0.1484 0.1484 0.1484 0.1484 0.1484 0.1475 0.1418 0.1495 0.3455 0.5124 0.3695 0.2063 0.1459 0.1634 0.4476 0.4837 0.2616 0.1613 0.1444 0.3476 0.5160 0.3281 0.1853 0.1419 0.2183 0.4934 0.4124 0.2206 0.1488 0.1573 0.4363
0.1573 0.1439 0.2175 0.4114 0.4949 0.2200 0.1361 0.1810 0.3255 0.5171 0.3512 0.1388 0.1566 0.2588 0.4842 0.4487 0.1585 0.1410 0.2054 0.3782 0.5101 0.3100 0.1380 0.1467 0.1884 0.2207 0.2250 0.2252 0.2252 0.2252 0.2252 0.2252 0.2252 0.2252 0.2252 0.2252 0.2252 0.2252 0.2252 0.2252 0.2252 0.2252 0.2252 0.2252 0.2252 0.2252 0.2252 0.2252 0.2252 0.2252 0.2252 0.2252 0.2252 0.2252 0.2252 0.2252 0.2252 0.2252 0.2252 0.2252 0.2252 0.2252 0.2252 0.2252 0.2252 0.2252 0.2252 0.2252 0.2252 0.2252 0.2252 0.2252 0.2252 0.2252 0.2250 0.2207 0.1884 0.1467 0.1380 0.3100 0.5101 0.3782 0.2054 0.1410 0.1585 0.4487 0.4842 0.2588 0.1566 0.1388 0.3512 0.5171 0.3255 0.1810 0.1361 0.2200 0.4949 0.4114 0.2175 0.1439 0.1573
0.1488 0.2175 0.4096 0.4963 0.2253 0.1360 0.1796 0.3215 0.5171 0.3575 0.1393 0.1556 0.2559 0.4806 0.4517 0.1598 0.1408 0.2053 0.3803 0.5085 0.2919 0.1365 0.1551 0.2283 0.3486 0.4301 0.4400 0.4404 0.4404 0.4404 0.4404 0.4404 0.4404 0.4404 0.4404 0.4404 0.4404 0.4404 0.4404 0.4404 0.4404 0.4404 0.4404 0.4404 0.4404 0.4404 0.4404 0.4404 0.4404 0.4404 0.4404 0.4404 0.4404 0.4404 0.4404 0.4404 0.4404 0.4404 0.4404 0.4404 0.4404 0.4404 0.4404 0.4404 0.4404 0.4404 0.4404 0.4404 0.4404 0.4404 0.4404 0.4404 0.4404 0.4404 0.4400 0.4301 0.3486 0.2283 0.1551 0.1365 0.2919 0.5085 0.3803 0.2053 0.1408 0.1598 0.4517 0.4806 0.2559 0.1556 0.1393 0.3575 0.5171 0.3215 0.1796 0.1360 0.2253 0.4963 0.4096 0.2175 0.1488
0.2206 0.4114 0.4963 0.2274 0.1359 0.1785 0.3183 0.5170 0.3632 0.1398 0.1547 0.2531 0.4767 0.4551 0.1615 0.1405 0.2044 0.3798 0.5080 0.2831 0.1360 0.1606 0.2533 0.4328 0.5127 0.4797 0.4725 0.4723 0.4723 0.4723 0.4723 0.4723 0.4723 0.4723 0.4723 0.4723 0.4723 0.4723 0.4723 0.4723 0.4723 0.4723 0.4723 0.4723 0.4723 0.4723 0.4723 0.4723 0.4723 0.4723 0.4723 0.4723 0.4723 0.4723 0.4723 0.4723 0.4723 0.4723 0.4723 0.4723 0.4723 0.4723 0.4723 0.4723 0.4723 0.4723 0.4723 0.4723 0.4723 0.4723 0.4723 0.4723 0.4723 0.4723 0.4725 0.4797 0.5127 0.4328 0.2533 0.1606 0.1360 0.2831 0.5080 0.3798 0.2044 0.1405 0.1615 0.4551 0.4767 0.2531 0.1547 0.1398 0.3632 0.5170 0.3183 0.1785 0.1359 0.2274 0.4963 0.4114 0.2206
0.4124 0.4949 0.2253 0.1359 0.1781 0.3165 0.5169 0.3677 0.1402 0.1538 0.2504 0.4727 0.4584 0.1635 0.1401 0.2031 0.3778 0.5082 0.2801 0.1359 0.1637 0.2682 0.4739 0.4849 0.3141 0.1825 0.1718 0.1715 0.1715 0.1715 0.1715 0.1715 0.1715 0.1715 0.1715 0.1715 0.1715 0.1715 0.1715 0.1715 0.1715 0.1715 0.1715 0.1715 0.1715 0.1715 0.1715 0.1715 0.1715 0.1715 0.1715 0.1715 0.1715 0.1715 0.1715 0.1715 0.1715 0.1715 0.1715 0.1715 0.1715 0.1715 0.1715 0.1715 0.1715 0.1715 0.1715 0.1715 0.1715 0.1715 0.1715 0.1715 0.1715 0.1715 0.1718 0.1825 0.3141 0.4849 0.4739 0.2682 0.1637 0.1359 0.2801 0.5082 0.3778 0.2031 0.1401 0.1635 0.4584 0.4727 0.2504 0.1538 0.1402 0.3677 0.5169 0.3165 0.1781 0.1359 0.2253 0.4949 0.4124
0.4934 0.2200 0.1360 0.1785 0.3165 0.5168 0.3702 0.1406 0.1532 0.2482 0.4691 0.4614 0.1656 0.1397 0.2016 0.3748 0.5088 0.2808 0.1359 0.1654 0.2766 0.4923 0.4595 0.1993 0.1356 0.1358 0.1367 0.1367 0.1367 0.1367 0.1367 0.1367 0.1367 0.1367 0.1367 0.1367 0.1367 0.1367 0.1367 0.1367 0.1367 0.1367 0.1367 0.1367 0.1367 0.1367 0.1367 0.1367 0.1367 0.1367 0.1367 0.1367 0.1367 0.1367 0.1367 0.1367 0.1367 0.1367 0.1367 0.1367 0.1367 0.1367 0.1367 0.1367 0.1367 0.1367 0.1367 0.1367 0.1367 0.1367 0.1367 0.1367 0.1367 0.1367 0.1367 0.1358 0.1356 0.1993 0.4595 0.4923 0.2766 0.1654 0.1359 0.2808 0.5088 0.3748 0.2016 0.1397 0.1656 0.4614 0.4691 0.2482 0.1532 0.1406 0.3702 0.5168 0.3165 0.1785 0.1360 0.2200 0.4934
0.2183 0.1361 0.1796 0.3183 0.5169 0.3702 0.1407 0.1529 0.2467 0.4662 0.4640 0.1676 0.1394 0.2001 0.3715 0.5096 0.2838 0.1360 0.1660 0.2808 0.5002 0.4421 0.1655 0.1357 0.1593 0.1879 0.1938 0.1941 0.1941 0.1941 0.1941 0.1941 0.1941 0.1941 0.1941 0.1941 0.1941 0.1941 0.1941 0.1941 0.1941 0.1941 0.1941 0.1941 0.1941 0.1941 0.1941 0.1941 0.1941 0.1941 0.1941 0.1941 0.1941 0.1941 0.1941 0.1941 0.1941 0.1941 0.1941 0.1941 0.1941 0.1941 0.1941 0.1941 0.1941 0.1941 0.1941 0.1941 0.1941 0.1941 0.1941 0.1941 0.1941 0.1941 0.1938 0.1879 0.1593 0.1357 0.1655 0.4421 0.5002 0.2808 0.1660 0.1360 0.2838 0.5096 0.3715 0.2001 0.1394 0.1676 0.4640 0.4662 0.2467 0.1529 0.1407 0.3702 0.5169 0.3183 0.1796 0.1361 0.2183
0.1419 0.1810 0.3215 0.5170 0.3677 0.1406 0.1529 0.2462 0.4646 0.4656 0.1693 0.1391 0.1987 0.3682 0.5105 0.2878 0.1361 0.1660 0.2824 0.5035 0.4317 0.1561 0.1387 0.1821 0.2701 0.3530 0.3699 0.3706 0.3706 0.3706 0.3706 0.3706 0.3706 0.3706 0.3706 0.3706 0.3706 0.3706 0.3706 0.3706 0.3706 0.3706 0.3706 0.3706 0.3706 0.3706 0.3706 0.3706 0.3706 0.3706 0.3706 0.3706 0.3706 0.3706 0.3706 0.3706 0.3706 0.3706 0.3706 0.3706 0.3706 0.3706 0.3706 0.3706 0.3706 0.3706 0.3706 0.3706 0.3706 0.3706 0.3706 0.3706 0.3706 0.3706 0.3699 0.3530 0.2701 0.1821 0.1387 0.1561 0.4317 0.5035 0.2824 0.1660 0.1361 0.2878 0.5105 0.3682 0.1987 0.1391 0.1693 0.4656 0.4646 0.2462 0.1529 0.1406 0.3677 0.5170 0.3215 0.1810 0.1419
0.1853 0.3255 0.5171 0.3632 0.1402 0.1532 0.2467 0.4646 0.4662 0.1703 0.1389 0.1976 0.3654 0.5112 0.2922 0.1362 0.1656 0.2824 0.5047 0.4263 0.1524 0.1411 0.1971 0.3281 0.4976 0.5103 0.5047 0.5045 0.5044 0.5044 0.5044 0.5044 0.5044 0.5044 0.5044 0.5044 0.5044 0.5044 0.5044 0.5044 0.5044 0.5044 0.5044 0.5044 0.5044 0.5044 0.5044 0.5044 0.5044 0.5044 0.5044 0.5044 0.5044 0.5044 0.5044 0.5044 0.5044 0.5044 0.5044 0.5044 0.5044 0.5044 0.5044 0.5044 0.5044 0.5044 0.5044 0.5044 0.5044 0.5044 0.5044 0.5044 0.5044 0.5045 0.5047 0.5103 0.4976 0.3281 0.1971 0.1411 0.1524 0.4263 0.5047 0.2824 0.1656 0.1362 0.2922 0.5112 0.3654 0.1976 0.1389 0.1703 0.4662 0.4646 0.2467 0.1532 0.1402 0.3632 0.5171 0.3255 0.1853
0.3281 0.5171 0.3575 0.1398 0.1538 0.2482 0.4662 0.4656 0.1703 0.1388 0.1971 0.3636 0.5118 0.2960 0.1363 0.1651 0.2815 0.5048 0.4240 0.1508 0.1426 0.2065 0.3632 0.5160 0.4303 0.2900 0.2535 0.2520 0.2519 0.2519 0.2519 0.2519 0.2519 0.2519 0.2519 0.2519 0.2519 0.2519 0.2519 0.2519 0.2519 0.2519 0.2519 0.2519 0.2519 0.2519 0.2519 0.2519 0.2519 0.2519 0.2519 0.2519 0.2519 0.2519 0.2519 0.2519 0.2519 0.2519 0.2519 0.2519 0.2519 0.2519 0.2519 0.2519 0.2519 0.2519 0.2519 0.2519 0.2519 0.2519 0.2519 0.2519 0.2519 0.2520 0.2535 0.2900 0.4303 0.5160 0.3632 0.2065 0.1426 0.1508 0.4240 0.5048 0.2815 0.1651 0.1363 0.2960 0.5118 0.3636 0.1971 0.1388 0.1703 0.4656 0.4662 0.2482 0.1538 0.1398 0.3575 0.5171 0.3281
0.5160 0.3512 0.1393 0.1547 0.2504 0.4691 0.4640 0.1693 0.1389 0.1971 0.3629 0.5121 0.2985 0.1364 0.1646 0.2804 0.5044 0.4237 0.1502 0.1435 0.2119 0.3839 0.5116 0.3535 0.1502 0.1349 0.1345 0.1345 0.1345 0.1345 0.1345 0.1345 0.1345 0.1345 0.1345 0.1345 0.1345 0.1345 0.1345 0.1345 0.1345 0.1345 0.1345 0.1345 0.1345 0.1345 0.1345 0.1345 0.1345 0.1345 0.1345 0.1345 0.1345 0.1345 0.1345 0.1345 0.1345 0.1345 0.1345 0.1345 0.1345 0.1345 0.1345 0.1345 0.1345 0.1345 0.1345 0.1345 0.1345 0.1345 0.1345 0.1345 0.1345 0.1345 0.1345 0.1349 0.1502 0.3535 0.5116 0.3839 0.2119 0.1435 0.1502 0.4237 0.5044 0.2804 0.1646 0.1364 0.2985 0.5121 0.3629 0.1971 0.1389 0.1693 0.4640 0.4691 0.2504 0.1547 0.1393 0.3512 0.5160
0.3476 0.1388 0.1556 0.2531 0.4727 0.4614 0.1676 0.1391 0.1976 0.3636 0.5121 0.2994 0.1364 0.1643 0.2793 0.5038 0.4243 0.1501 0.1439 0.2150 0.3959 0.5063 0.3021 0.1384 0.1421 0.1634 0.1702 0.1706 0.1706 0.1706 0.1706 0.1706 0.1706 0.1706 0.1706 0.1706 0.1706 0.1706 0.1706 0.1706 0.1706 0.1706 0.1706 0.1706 0.1706 0.1706 0.1706 0.1706 0.1706 0.1706 0.1706 0.1706 0.1706 0.1706 0.1706 0.1706 0.1706 0.1706 0.1706 0.1706 0.1706 0.1706 0.1706 0.1706 0.1706 0.1706 0.1706 0.1706 0.1706 0.1706 0.1706 0.1706 0.1706 0.1706 0.1702 0.1634 0.1421 0.1384 0.3021 0.5063 0.3959 0.2150 0.1439 0.1501 0.4243 0.5038 0.2793 0.1643 0.1364 0.2994 0.5121 0.3636 0.1976 0.1391 0.1676 0.4614 0.4727 0.2531 0.1556 0.1388 0.3476
0.1444 0.1566 0.2559 0.4767 0.4584 0.1656 0.1394 0.1987 0.3654 0.5118 0.2985 0.1364 0.1641 0.2787 0.5033 0.4251 0.1502 0.1441 0.2164 0.4024 0.5025 0.2713 0.1360 0.1537 0.2138 0.2856 0.3073 0.3084 0.3085 0.3085 0.3085 0.3085 0.3085 0.3085 0.3085 0.3085 0.3085 0.3085 0.3085 0.3085 0.3085 0.3085 0.3085 0.3085 0.3085 0.3085 0.3085 0.3085 0.3085 0.3085 0.3085 0.3085 0.3085 0.3085 0.3085 0.3085 0.3085 0.3085 0.3085 0.3085 0.3085 0.3085 0.3085 0.3085 0.3085 0.3085 0.3085 0.3085 0.3085 0.3085 0.3085 0.3085 0.3085 0.3084 0.3073 0.2856 0.2138 0.1537 0.1360 0.2713 0.5025 0.4024 0.2164 0.1441 0.1502 0.4251 0.5033 0.2787 0.1641 0.1364 0.2985 0.5118 0.3654 0.1987 0.1394 0.1656 0.4584 0.4767 0.2559 0.1566 0.1444
0.1613 0.2588 0.4806 0.4551 0.1635 0.1397 0.2001 0.3682 0.5112 0.2960 0.1364 0.1643 0.2787 0.5031 0.4256 0.1503 0.1441 0.2171 0.4057 0.5001 0.2537 0.1355 0.1621 0.2503 0.4065 0.5096 0.5147 0.5148 0.5148 0.5148 0.5148 0.5148 0.5148 0.5148 0.5148 0.5148 0.5148 0.5148 0.5148 0.5148 0.5148 0.5148 0.5148 0.5148 0.5148 0.5148 0.5148 0.5148 0.5148 0.5148 0.5148 0.5148 0.5148 0.5148 0.5148 0.5148 0.5148 0.5148 0.5148 0.5148 0.5148 0.5148 0.5148 0.5148 0.5148 0.5148 0.5148 0.5148 0.5148 0.5148 0.5148 0.5148 0.5148 0.5148 0.5147 0.5096 0.4065 0.2503 0.1621 0.1355 0.2537 0.5001 0.4057 0.2171 0.1441 0.1503 0.4256 0.5031 0.2787 0.1643 0.1364 0.2960 0.5112 0.3682 0.2001 0.1397 0.1635 0.4551 0.4806 0.2588 0.1613
0.2616 0.4842 0.4517 0.1615 0.1401 0.2016 0.3715 0.5105 0.2922 0.1363 0.1646 0.2793 0.5033 0.4256 0.1504 0.1441 0.2173 0.4072 0.4988 0.2441 0.1355 0.1675 0.2733 0.4708 0.4958 0.3990 0.3560 0.3536 0.3535 0.3535 0.3535 0.3535 0.3535 0.3535 0.3535 0.3535 0.3535 0.3535 0.3535 0.3535 0.3535 0.3535 0.3535 0.3535 0.3535 0.3535 0.3535 0.3535 0.3535 0.3535 0.3535 0.3535 0.3535 0.3535 0.3535 0.3535 0.3535 0.3535 0.3535 0.3535 0.3535 0.3535 0.3535 0.3535 0.3535 0.3535 0.3535 0.3535 0.3535 0.3535 0.3535 0.3535 0.3535 0.3536 0.3560 0.3990 0.4958 0.4708 0.2733 0.1675 0.1355 0.2441 0.4988 0.4072 0.2173 0.1441 0.1504 0.4256 0.5033 0.2793 0.1646 0.1363 0.2922 0.5105 0.3715 0.2016 0.1401 0.1615 0.4517 0.4842 0.2616
0.4837 0.4487 0.1598 0.1405 0.2031 0.3748 0.5096 0.2878 0.1362 0.1651 0.2804 0.5038 0.4251 0.1503 0.1441 0.2173 0.4077 0.4982 0.2392 0.1356 0.1708 0.2874 0.4978 0.4611 0.2290 0.1428 0.1382 0.1380 0.1380 0.1380 0.1380 0.1380 0.1380 0.1380 0.1380 0.1380 0.1380 0.1380 0.1380 0.1380 0.1380 0.1380 0.1380 0.1380 0.1380 0.1380 0.1380 0.1380 0.1380 0.1380 0.1380 0.1380 0.1380 0.1380 0.1380 0.1380 0.1380 0.1380 0.1380 0.1380 0.1380 0.1380 0.1380 0.1380 0.1380 0.1380 0.1380 0.1380 0.1380 0.1380 0.1380 0.1380 0.1380 0.1380 0.1382 0.1428 0.2290 0.4611 0.4978 0.2874 0.1708 0.1356 0.2392 0.4982 0.4077 0.2173 0.1441 0.1503 0.4251 0.5038 0.2804 0.1651 0.1362 0.2878 0.5096 0.3748 0.2031 0.1405 0.1598 0.4487 0.4837
0.4476 0.1585 0.1408 0.2044 0.3778 0.5088 0.2838 0.1361 0.1656 0.2815 0.5044 0.4243 0.1502 0.1441 0.2173 0.4077 0.4981 0.2372 0.1356 0.1727 0.2958 0.5077 0.4345 0.1665 0.1347 0.1460 0.1523 0.1528 0.1528 0.1528 0.1528 0.1528 0.1528 0.1528 0.1528 0.1528 0.1528 0.1528 0.1528 0.1528 0.1528 0.1528 0.1528 0.1528 0.1528 0.1528 0.1528 0.1528 0.1528 0.1528 0.1528 0.1528 0.1528 0.1528 0.1528 0.1528 0.1528 0.1528 0.1528 0.1528 0.1528 0.1528 0.1528 0.1528 0.1528 0.1528 0.1528 0.1528 0.1528 0.1528 0.1528 0.1528 0.1528 0.1528 0.1523 0.1460 0.1347 0.1665 0.4345 0.5077 0.2958 0.1727 0.1356 0.2372 0.4981 0.4077 0.2173 0.1441 0.1502 0.4243 0.5044 0.2815 0.1656 0.1361 0.2838 0.5088 0.3778 0.2044 0.1408 0.1585 0.4476
0.1634 0.1410 0.2053 0.3798 0.5082 0.2808 0.1360 0.1660 0.2824 0.5048 0.4237 0.1501 0.1441 0.2171 0.4072 0.4982 0.2372 0.1356 0.1736 0.3001 0.5115 0.4174 0.1532 0.1382 0.1740 0.2293 0.2523 0.2539 0.2539 0.2539 0.2539 0.2539 0.2539 0.2539 0.2539 0.2539 0.2539 0.2539 0.2539 0.2539 0.2539 0.2539 0.2539 0.2539 0.2539 0.2539 0.2539 0.2539 0.2539 0.2539 0.2539 0.2539 0.2539 0.2539 0.2539 0.2539 0.2539 0.2539 0.2539 0.2539 0.2539 0.2539 0.2539 0.2539 0.2539 0.2539 0.2539 0.2539 0.2539 0.2539 0.2539 0.2539 0.2539 0.2539 0.2523 0.2293 0.1740 0.1382 0.1532 0.4174 0.5115 0.3001 0.1736 0.1356 0.2372 0.4982 0.4072 0.2171 0.1441 0.1501 0.4237 0.5048 0.2824 0.1660 0.1360 0.2808 0.5082 0.3798 0.2053 0.1410 0.1634
0.1459 0.2054 0.3803 0.5080 0.2801 0.1359 0.1660 0.2824 0.5047 0.4240 0.1502 0.1439 0.2164 0.4057 0.4988 0.2392 0.1356 0.1736 0.3015 0.5128 0.4081 0.1487 0.1416 0.1948 0.3074 0.4397 0.4807 0.4829 0.4829 0.4829 0.4829 0.4829 0.4829 0.4829 0.4829 0.4829 0.4829 0.4829 0.4829 0.4829 0.4829 0.4829 0.4829 0.4829 0.4829 0.4829 0.4829 0.4829 0.4829 0.4829 0.4829 0.4829 0.4829 0.4829 0.4829 0.4829 0.4829 0.4829 0.4829 0.4829 0.4829 0.4829 0.4829 0.4829 0.4829 0.4829 0.4829 0.4829 0.4829 0.4829 0.4829 0.4829 0.4829 0.4829 0.4807 0.4397 0.3074 0.1948 0.1416 0.1487 0.4081 0.5128 0.3015 0.1736 0.1356 0.2392 0.4988 0.4057 0.2164 0.1439 0.1502 0.4240 0.5047 0.2824 0.1660 0.1359 0.2801 0.5080 0.3803 0.2054 0.1459
0.2063 0.3782 0.5085 0.2831 0.1359 0.1654 0.2808 0.5035 0.4263 0.1508 0.1435 0.2150 0.4024 0.5001 0.2441 0.1356 0.1727 0.3001 0.5128 0.4051 0.1470 0.1436 0.2071 0.3547 0.5139 0.4800 0.4471 0.4445 0.4445 0.4445 0.4445 0.4445 0.4445 0.4445 0.4445 0.4445 0.4445 0.4445 0.4445 0.4445 0.4445 0.4445 0.4445 0.4445 0.4445 0.4445 0.4445 0.4445 0.4445 0.4445 0.4445 0.4445 0.4445 0.4445 0.4445 0.4445 0.4445 0.4445 0.4445 0.4445 0.4445 0.4445 0.4445 0.4445 0.4445 0.4445 0.4445 0.4445 0.4445 0.4445 0.4445 0.4445 0.4445 0.4445 0.4471 0.4800 0.5139 0.3547 0.2071 0.1436 0.1470 0.4051 0.5128 0.3001 0.1727 0.1356 0.2441 0.5001 0.4024 0.2150 0.1435 0.1508 0.4263 0.5035 0.2808 0.1654 0.1359 0.2831 0.5085 0.3782 0.2063
0.3695 0.5101 0.2919 0.1360 0.1637 0.2766 0.5002 0.4317 0.1524 0.1426 0.2119 0.3959 0.5025 0.2537 0.1355 0.1708 0.2958 0.5115 0.4081 0.1470 0.1443 0.2127 0.3791 0.5140 0.3953 0.1952 0.1588 0.1575 0.1575 0.1575 0.1575 0.1575 0.1575 0.1575 0.1575 0.1575 0.1575 0.1575 0.1575 0.1575 0.1575 0.1575 0.1575 0.1575 0.1575 0.1575 0.1575 0.1575 0.1575 0.1575 0.1575 0.1575 0.1575 0.1575 0.1575 0.1575 0.1575 0.1575 0.1575 0.1575 0.1575 0.1575 0.1575 0.1575 0.1575 0.1575 0.1575 0.1575 0.1575 0.1575 0.1575 0.1575 0.1575 0.1575 0.1588 0.1952 0.3953 0.5140 0.3791 0.2127 0.1443 0.1470 0.4081 0.5115 0.2958 0.1708 0.1355 0.2537 0.5025 0.3959 0.2119 0.1426 0.1524 0.4317 0.5002 0.2766 0.1637 0.1360 0.2919 0.5101 0.3695
0.5124 0.3100 0.1365 0.1606 0.2682 0.4923 0.4421 0.1561 0.1411 0.2065 0.3839 0.5063 0.2713 0.1355 0.1675 0.2874 0.5077 0.4174 0.1487 0.1436 0.2127 0.3866 0.5103 0.3402 0.1448 0.1344 0.1368 0.1371 0.1371 0.1371 0.1371 0.1371 0.1371 0.1371 0.1371 0.1371 0.1371 0.1371 0.1371 0.1371 0.1371 0.1371 0.1371 0.1371 0.1371 0.1371 0.1371 0.1371 0.1371 0.1371 0.1371 0.1371 0.1371 0.1371 0.1371 0.1371 0.1371 0.1371 0.1371 0.1371 0.1371 0.1371 0.1371 0.1371 0.1371 0.1371 0.1371 0.1371 0.1371 0.1371 0.1371 0.1371 0.1371 0.1371 0.1368 0.1344 0.1448 0.3402 0.5103 0.3866 0.2127 0.1436 0.1487 0.4174 0.5077 0.2874 0.1675 0.1355 0.2713 0.5063 0.3839 0.2065 0.1411 0.1561 0.4421 0.4923 0.2682 0.1606 0.1365 0.3100 0.5124
0.3455 0.1380 0.1551 0.2533 0.4739 0.4595 0.1655 0.1387 0.1971 0.3632 0.5116 0.3021 0.1360 0.1621 0.2733 0.4978 0.4345 0.1532 0.1416 0.2071 0.3791 0.5103 0.3225 0.1391 0.1417 0.1697 0.1848 0.1860 0.1861 0.1861 0.1861 0.1861 0.1861 0.1861 0.1861 0.1861 0.1861 0.1861 0.1861 0.1861 0.1861 0.1861 0.1861 0.1861 0.1861 0.1861 0.1861 0.1861 0.1861 0.1861 0.1861 0.1861 0.1861 0.1861 0.1861 0.1861 0.1861 0.1861 0.1861 0.1861 0.1861 0.1861 0.1861 0.1861 0.1861 0.1861 0.1861 0.1861 0.1861 0.1861 0.1861 0.1861 0.1861 0.1860 0.1848 0.1697 0.1417 0.1391 0.3225 0.5103 0.3791 0.2071 0.1416 0.1532 0.4345 0.4978 0.2733 0.1621 0.1360 0.3021 0.5116 0.3632 0.1971 0.1387 0.1655 0.4595 0.4739 0.2533 0.1551 0.1380 0.3455
0.1495 0.1467 0.2283 0.4328 0.4849 0.1993 0.1357 0.1821 0.3281 0.5160 0.3535 0.1384 0.1537 0.2503 0.4708 0.4611 0.1665 0.1382 0.1948 0.3547 0.5140 0.3402 0.1391 0.1452 0.1968 0.2724 0.3074 0.3102 0.3103 0.3103 0.3103 0.3103 0.3103 0.3103 0.3103 0.3103 0.3103 0.3103 0.3103 0.3103 0.3103 0.3103 0.3103 0.3103 0.3103 0.3103 0.3103 0.3103 0.3103 0.3103 0.3103 0.3103 0.3103 0.3103 0.3103 0.3103 0.3103 0.3103 0.3103 0.3103 0.3103 0.3103 0.3103 0.3103 0.3103 0.3103 0.3103 0.3103 0.3103 0.3103 0.3103 0.3103 0.3103 0.3102 0.3074 0.2724 0.1968 0.1452 0.1391 0.3402 0.5140 0.3547 0.1948 0.1382 0.1665 0.4611 0.4708 0.2503 0.1537 0.1384 0.3535 0.5160 0.3281 0.1821 0.1357 0.1993 0.4849 0.4328 0.2283 0.1467 0.1495
0.1418 0.1884 0.3486 0.5127 0.3141 0.1356 0.1593 0.2701 0.4976 0.4303 0.1502 0.1421 0.2138 0.4065 0.4958 0.2290 0.1347 0.1740 0.3074 0.5139 0.3953 0.1448 0.1417 0.1968 0.3117 0.4397 0.4776 0.4797 0.4798 0.4798 0.4798 0.4798 0.4798 0.4798 0.4798 0.4798 0.4798 0.4798 0.4798 0.4798 0.4798 0.4798 0.4798 0.4798 0.4798 0.4798 0.4798 0.4798 0.4798 0.4798 0.4798 0.4798 0.4798 0.4798 0.4798 0.4798 0.4798 0.4798 0.4798 0.4798 0.4798 0.4798 0.4798 0.4798 0.4798 0.4798 0.4798 0.4798 0.4798 0.4798 0.4798 0.4798 0.4798 0.4797 0.4776 0.4397 0.3117 0.1968 0.1417 0.1448 0.3953 0.5139 0.3074 0.1740 0.1347 0.2290 0.4958 0.4065 0.2138 0.1421 0.1502 0.4303 0.4976 0.2701 0.1593 0.1356 0.3141 0.5127 0.3486 0.1884 0.1418
0.1475 0.2207 0.4301 0.4797 0.1825 0.1358 0.1879 0.3530 0.5103 0.2900 0.1349 0.1634 0.2856 0.5096 0.3990 0.1428 0.1460 0.2293 0.4397 0.4800 0.1952 0.1344 0.1697 0.2725 0.4397 0.5113 0.5125 0.5125 0.5125 0.5125 0.5125 0.5125 0.5125 0.5125 0.5125 0.5125 0.5125 0.5125 0.5125 0.5125 0.5125 0.5125 0.5125 0.5125 0.5125 0.5125 0.5125 0.5125 0.5125 0.5125 0.5125 0.5125 0.5125 0.5125 0.5125 0.5125 0.5125 0.5125 0.5125 0.5125 0.5125 0.5125 0.5125 0.5125 0.5125 0.5125 0.5125 0.5125 0.5125 0.5125 0.5125 0.5125 0.5125 0.5125 0.5125 0.5113 0.4397 0.2724 0.1697 0.1344 0.1952 0.4800 0.4397 0.2293 0.1460 0.1428 0.3990 0.5096 0.2856 0.1634 0.1349 0.2900 0.5103 0.3530 0.1879 0.1358 0.1825 0.4797 0.4301 0.2207 0.1475
0.1484 0.2250 0.4400 0.4725 0.1718 0.1367 0.1938 0.3699 0.5047 0.2535 0.1345 0.1702 0.3073 0.5147 0.3560 0.1382 0.1523 0.2523 0.4807 0.4471 0.1588 0.1368 0.1848 0.3074 0.4776 0.5125 0.5120 0.5119 0.5119 0.5119 0.5119 0.5119 0.5119 0.5119 0.5119 0.5119 0.5119 0.5119 0.5119 0.5119 0.5119 0.5119 0.5119 0.5119 0.5119 0.5119 0.5119 0.5119 0.5119 0.5119 0.5119 0.5119 0.5119 0.5119 0.5119 0.5119 0.5119 0.5119 0.5119 0.5119 0.5119 0.5119 0.5119 0.5119 0.5119 0.5119 0.5119 0.5119 0.5119 0.5119 0.5119 0.5119 0.5119 0.5119 0.5120 0.5125 0.4776 0.3074 0.1848 0.1368 0.1588 0.4471 0.4807 0.2523 0.1523 0.1382 0.3560 0.5147 0.3073 0.1702 0.1345 0.2535 0.5047 0.3699 0.1938 0.1367 0.1718 0.4725 0.4400 0.2250 0.1484
0.1484 0.2252 0.4404 0.4723 0.1715 0.1367 0.1941 0.3706 0.5045 0.2520 0.1345 0.1706 0.3084 0.5148 0.3536 0.1380 0.1528 0.2539 0.4829 0.4445 0.1575 0.1371 0.1860 0.3102 0.4797 0.5125 0.5119 0.5119 0.5119 0.5119 0.5119 0.5119 0.5119 0.5119 0.5119 0.5119 0.5119 0.5119 0.5119 0.5119 0.5119 0.5119 0.5119 0.5119 0.5119 0.5119 0.5119 0.5119 0.5119 0.5119 0.5119 0.5119 0.5119 0.5119 0.5119 0.5119 0.5119 0.5119 0.5119 0.5119 0.5119 0.5119 0.5119 0.5119 0.5119 0.5119 0.5119 0.5119 0.5119 0.5119 0.5119 0.5119 0.5119 0.5119 0.5119 0.5125 0.4797 0.3102 0.1860 0.1371 0.1575 0.4445 0.4829 0.2539 0.1528 0.1380 0.3536 0.5148 0.3084 0.1706 0.1345 0.2520 0.5045 0.3706 0.1941 0.1367 0.1715 0.4723 0.4404 0.2252 0.1484
0.1484 0.2252 0.4404 0.4723 0.1715 0.1367 0.1941 0.3706 0.5044 0.2519 0.1345 0.1706 0.3085 0.5148 0.3535 0.1380 0.1528 0.2539 0.4829 0.4445 0.1575 0.1371 0.1861 0.3103 0.4798 0.5125 0.5119 0.5119 0.5119 0.5119 0.5119 0.5119 0.5119 0.5119 0.5119 0.5119 0.5119 0.5119 0.5119 0.5119 0.5119 0.5119 0.5119 0.5119 0.5119 0.5119 0.5119 0.5119 0.5119 0.5119 0.5119 0.5119 0.5119 0.5119 0.5119 0.5119 0.5119 0.5119 0.5119 0.5119 0.5119 0.5119 0.5119 0.5119 0.5119 0.5119 0.5119 0.5119 0.5119 0.5119 0.5119 0.5119 0.5119 0.5119 0.5119 0.5125 0.4798 0.3103 0.1861 0.1371 0.1575 0.4445 0.4829 0.2539 0.1528 0.1380 0.3535 0.5148 0.3085 0.1706 0.1345 0.2519 0.5044 0.3706 0.1941 0.1367 0.1715 0.4723 0.4404 0.2252 0.1484
0.1484 0.2252 0.4404 0.4723 0.1715 0.1367 0.1941 0.3706 0.5044 0.2519 0.1345 0.1706 0.3085 0.5148 0.3534 0.1380 0.1528 0.2539 0.4829 0.4445 0.1575 0.1371 0.1861 0.3103 0.4798 0.5125 0.5119 0.5119 0.5119 0.5119 0.5119 0.5119 0.5119 0.5119 0.5119 0.5119 0.5119 0.5119 0.5119 0.5119 0.5119 0.5119 0.5119 0.5119 0.5119 0.5119 0.5119 0.5119 0.5119 0.5119 0.5119 0.5119 0.5119 0.5119 0.5119 0.5119 0.5119 0.5119 0.5119 0.5119 0.5119 0.5119 0.5119 0.5119 0.5119 0.5119 0.5119 0.5119 0.5119 0.5119 0.5119 0.5119 0.5119 0.5119 0.5119 0.5125 0.4798 0.3103 0.1861 0.1371 0.1575 0.4445 0.4829 0.2539 0.1528 0.1380 0.3535 0.5148 0.3085 0.1706 0.1345 0.2519 0.5044 0.3706 0.1941 0.1367 0.1715 0.4723 0.4404 0.2252 0.1484
0.1484 0.2252 0.4404 0.4723 0.1715 0.1367 0.1941 0.3706 0.5044 0.2519 0.1345 0.1706 0.3085 0.5148 0.3534 0.1380 0.1528 0.2539 0.4829 0.4445 0.1575 0.1371 0.1861 0.3103 0.4798 0.5125 0.5119 0.5119 0.5119 0.5119 0.5119 0.5119 0.5119 0.5119 0.5119 0.5119 0.5119 0.5119 0.5119 0.5119 0.5119 0.5119 0.5119 0.5119 0.5119 0.5119 0.5119 0.5119 0.5119 0.5119 0.5119 0.5119 0.5119 0.5119 0.5119 0.5119 0.5119 0.5119 0.5119 0.5119 0.5119 0.5119 0.5119 0.5119 0.5119 0.5119 0.5119 0.5119 0.5119 0.5119 0.5119 0.5119 0.5119 0.5119 0.5119 0.5125 0.4798 0.3103 0.1861 0.1371 0.1575 0.4445 0.4829 0.2539 0.1528 0.1380 0.3535 0.5148 0.3085 0.1706 0.1345 0.2519 0.5044 0.3706 0.1941 0.1367 0.1715 0.4723 0.4404 0.2252 0.1484
0.1484 0.2252 0.4405 0.4722 0.1715 0.1367 0.1941 0.3707 0.5044 0.2519 0.1345 0.1706 0.3085 0.5148 0.3534 0.1380 0.1528 0.2539 0.4830 0.4444 0.1575 0.1371 0.1861 0.3103 0.4798 0.5125 0.5119 0.5119 0.5119 0.5119 0.5119 0.5119 0.5119 0.5119 0.5119 0.5119 0.5119 0.5119 0.5119 0.5119 0.5119 0.5119 0.5119 0.5119 0.5119 0.5119 0.5119 0.5119 0.5119 0.5119 0.5119 0.5119 0.5119 0.5119 0.5119 0.5119 0.5119 0.5119 0.5119 0.5119 0.5119 0.5119 0.5119 0.5119 0.5119 0.5119 0.5119 0.5119 0.5119 0.5119 0.5119 0.5119 0.5119 0.5119 0.5119 0.5125 0.4798 0.3103 0.1861 0.1371 0.1575 0.4445 0.4829 0.2539 0.1528 0.1380 0.3535 0.5148 0.3085 0.1706 0.1345 0.2519 0.5044 0.3706 0.1941 0.1367 0.1715 0.4723 0.4404 0.2252 0.1484
0.1484 0.2253 0.4406 0.4721 0.1713 0.1368 0.1942 0.3708 0.5044 0.2516 0.1345 0.1707 0.3086 0.5148 0.3532 0.1380 0.1528 0.2540 0.4831 0.4443 0.1574 0.1371 0.1862 0.3104 0.4800 0.5125 0.5119 0.5119 0.5119 0.5119 0.5119 0.5119 0.5119 0.5119 0.5119 0.5119 0.5119 0.5119 0.5119 0.5119 0.5119 0.5119 0.5119 0.5119 0.5119 0.5119 0.5119 0.5119 0.5119 0.5119 0.5119 0.5119 0.5119 0.5119 0.5119 0.5119 0.5119 0.5119 0.5119 0.5119 0.5119 0.5119 0.5119 0.5119 0.5119 0.5119 0.5119 0.5119 0.5119 0.5119 0.5119 0.5119 0.5119 0.5119 0.5119 0.5125 0.4798 0.3103 0.1861 0.1371 0.1575 0.4445 0.4829 0.2539 0.1528 0.1380 0.3535 0.5148 0.3085 0.1706 0.1345 0.2519 0.5044 0.3706 0.1941 0.1367 0.1715 0.4723 0.4404 0.2252 0.1484
0.1485 0.2256 0.4411 0.4719 0.1711 0.1368 0.1943 0.3713 0.5042 0.2510 0.1345 0.1708 0.3090 0.5148 0.3527 0.1380 0.1529 0.2543 0.4834 0.4439 0.1572 0.1371 0.1863 0.3108 0.4804 0.5125 0.5119 0.5118 0.5118 0.5118 0.5118 0.5118 0.5118 0.5118 0.5118 0.5118 0.5118 0.5118 0.5118 0.5118 0.5118 0.5118 0.5118 0.5118 0.5118 0.5118 0.5118 0.5118 0.5119 0.5119 0.5119 0.5119 0.5119 0.5119 0.5119 0.5119 0.5119 0.5119 0.5119 0.5119 0.5119 0.5119 0.5119 0.5119 0.5119 0.5119 0.5119 0.5119 0.5119 0.5119 0.5119 0.5119 0.5119 0.5119 0.5119 0.5125 0.4798 0.3103 0.1861 0.1371 0.1575 0.4445 0.4829 0.2539 0.1528 0.1380 0.3535 0.5148 0.3085 0.1706 0.1345 0.2519 0.5044 0.3706 0.1941 0.1367 0.1715 0.4723 0.4404 0.2252 0.1484
0.1486 0.2261 0.4422 0.4712 0.1703 0.1369 0.1948 0.3724 0.5039 0.2493 0.1345 0.1711 0.3099 0.5149 0.3513 0.1379 0.1531 0.2550 0.4843 0.4431 0.1569 0.1372 0.1867 0.3117 0.4813 0.5125 0.5118 0.5118 0.5118 0.5118 0.5118 0.5118 0.5118 0.5118 0.5118 0.5118 0.5118 0.5118 0.5118 0.5118 0.5118 0.5118 0.5118 0.5118 0.5118 0.5118 0.5118 0.5118 0.5118 0.5118 0.5118 0.5118 0.5119 0.5119 0.5119 0.5119 0.5119 0.5119 0.5119 0.5119 0.5119 0.5119 0.5119 0.5119 0.5119 0.5119 0.5119 0.5119 0.5119 0.5119 0.5119 0.5119 0.5119 0.5119 0.5119 0.5125 0.4798 0.3103 0.1861 0.1371 0.1575 0.4445 0.4829 0.2539 0.1528 0.1380 0.3535 0.5148 0.3085 0.1706 0.1345 0.2519 0.5044 0.3706 0.1941 0.1367 0.1715 0.4723 0.4404 0.2252 0.1484
0.1489 0.2274 0.4446 0.4696 0.1689 0.1370 0.1957 0.3747 0.5031 0.2457 0.1345 0.1718 0.3118 0.5149 0.3481 0.1376 0.1536 0.2565 0.4862 0.4411 0.1560 0.1374 0.1876 0.3138 0.4832 0.5124 0.5116 0.5115 0.5115 0.5115 0.5115 0.5115 0.5115 0.5115 0.5115 0.5115 0.5115 0.5115 0.5115 0.5115 0.5115 0.5115 0.5115 0.5115 0.5115 0.5115 0.5115 0.5116 0.5116 0.5116 0.5117 0.5118 0.5118 0.5118 0.5119 0.5119 0.5119 0.5119 0.5119 0.5119 0.5119 0.5119 0.5119 0.5119 0.5119 0.5119 0.5119 0.5119 0.5119 0.5119 0.5119 0.5119 0.5119 0.5119 0.5119 0.5125 0.4798 0.3103 0.1861 0.1371 0.1575 0.4445 0.4829 0.2539 0.1528 0.1380 0.3535 0.5148 0.3085 0.1706 0.1345 0.2519 0.5044 0.3706 0.1941 0.1367 0.1715 0.4723 0.4404 0.2252 0.1484
0.1496 0.2300 0.4494 0.4665 0.1662 0.1374 0.1977 0.3795 0.5015 0.2386 0.1345 0.1733 0.3158 0.5149 0.3418 0.1372 0.1546 0.2596 0.4897 0.4370 0.1544 0.1378 0.1894 0.3178 0.4869 0.5122 0.5110 0.5110 0.5110 0.5110 0.5110 0.5110 0.5110 0.5110 0.5110 0.5110 0.5110 0.5110 0.5110 0.5110 0.5110 0.5110 0.5110 0.5110 0.5110 0.5110 0.5110 0.5111 0.5112 0.5113 0.5114 0.5116 0.5117 0.5118 0.5118 0.5119 0.5119 0.5119 0.5119 0.5119 0.5119 0.5119 0.5119 0.5119 0.5119 0.5119 0.5119 0.5119 0.5119 0.5119 0.5119 0.5119 0.5119 0.5119 0.5119 0.5125 0.4798 0.3103 0.1861 0.1371 0.1575 0.4445 0.4829 0.2539 0.1528 0.1380 0.3535 0.5148 0.3085 0.1706 0.1345 0.2519 0.5044 0.3706 0.1941 0.1367 0.1715 0.4723 0.4404 0.2252 0.1484
0.1508 0.2346 0.4578 0.4606 0.1620 0.1381 0.2012 0.3879 0.4983 0.2264 0.1346 0.1759 0.3229 0.5146 0.3303 0.1366 0.1564 0.2651 0.4953 0.4297 0.1518 0.1386 0.1926 0.3250 0.4927 0.5114 0.5098 0.5097 0.5097 0.5097 0.5097 0.5097 0.5097 0.5097 0.5097 0.5097 0.5097 0.5097 0.5097 0.5097 0.5097 0.5097 0.5097 0.5097 0.5097 0.5097 0.5098 0.5100 0.5102 0.5105 0.5109 0.5112 0.5115 0.5117 0.5118 0.5118 0.5119 0.5119 0.5119 0.5119 0.5119 0.5119 0.5119 0.5119 0.5119 0.5119 0.5119 0.5119 0.5119 0.5119 0.5119 0.5119 0.5119 0.5119 0.5119 0.5125 0.4798 0.3103 0.1861 0.1371 0.1575 0.4445 0.4829 0.2539 0.1528 0.1380 0.3535 0.5148 0.3085 0.1706 0.1345 0.2519 0.5044 0.3706 0.1941 0.1367 0.1715 0.4723 0.4404 0.2252 0.1484
0.1528 0.2422 0.4703 0.4508 0.1566 0.1394 0.2070 0.4014 0.4927 0.2084 0.1348 0.1802 0.3344 0.5133 0.3117 0.1357 0.1593 0.2740 0.5026 0.4175 0.1484 0.1399 0.1979 0.3366 0.5004 0.5095 0.5070 0.5069 0.5069 0.5069 0.5069 0.5069 0.5069 0.5069 0.5069 0.5069 0.5069 0.5069 0.5069 0.5069 0.5069 0.5069 0.5069 0.5070 0.5070 0.5071 0.5073 0.5077 0.5083 0.5091 0.5099 0.5106 0.5111 0.5115 0.5117 0.5118 0.5119 0.5119 0.5119 0.5119 0.5119 0.5119 0.5119 0.5119 0.5119 0.5119 0.5119 0.5119 0.5119 0.5119 0.5119 0.5119 0.5119 0.5119 0.5119 0.5125 0.4798 0.3103 0.1861 0.1371 0.1575 0.4445 0.4829 0.2539 0.1528 0.1380 0.3535 0.5148 0.3085 0.1706 0.1345 0.2519 0.5044 0.3706 0.1941 0.1367 0.1715 0.4723 0.4404 0.2252 0.1484
0.1560 0.2535 0.4860 0.4353 0.1507 0.1414 0.2156 0.4206 0.4836 0.1872 0.1356 0.1866 0.3513 0.5100 0.2845 0.1349 0.1639 0.2872 0.5097 0.3987 0.1445 0.1421 0.2058 0.3535 0.5078 0.5053 0.5018 0.5016 0.5016 0.5016 0.5016 0.5016 0.5016 0.5016 0.5016 0.5016 0.5016 0.5016 0.5016 0.5016 0.5016 0.5016 0.5016 0.5017 0.5018 0.5020 0.5025 0.5034 0.5047 0.5064 0.5081 0.5095 0.5106 0.5112 0.5116 0.5118 0.5118 0.5119 0.5119 0.5119 0.5119 0.5119 0.5119 0.5119 0.5119 0.5119 0.5119 0.5119 0.5119 0.5119 0.5119 0.5119 0.5119 0.5119 0.5119 0.5125 0.4798 0.3103 0.1861 0.1371 0.1575 0.4445 0.4829 0.2539 0.1528 0.1380 0.3535 0.5148 0.3085 0.1706 0.1345 0.2519 0.5044 0.3706 0.1941 0.1367 0.1715 0.4723 0.4404 0.2252 0.1484
0.1608 0.2692 0.5015 0.4129 0.1452 0.1446 0.2278 0.4451 0.4694 0.1687 0.1371 0.1957 0.3741 0.5035 0.2486 0.1345 0.1703 0.3054 0.5141 0.3718 0.1407 0.1453 0.2167 0.3763 0.5124 0.4976 0.4926 0.4924 0.4924 0.4924 0.4924 0.4924 0.4924 0.4924 0.4924 0.4924 0.4924 0.4924 0.4924 0.4924 0.4924 0.4924 0.4925 0.4926 0.4928 0.4933 0.4944 0.4962 0.4989 0.5021 0.5053 0.5079 0.5098 0.5108 0.5114 0.5117 0.5118 0.5119 0.5119 0.5119 0.5119 0.5119 0.5119 0.5119 0.5119 0.5119 0.5119 0.5119 0.5119 0.5119 0.5119 0.5119 0.5119 0.5119 0.5119 0.5125 0.4798 0.3103 0.1861 0.1371 0.1575 0.4445 0.4829 0.2539 0.1528 0.1380 0.3535 0.5148 0.3085 0.1706 0.1345 0.2519 0.5044 0.3706 0.1941 0.1367 0.1715 0.4723 0.4404 0.2252 0.1484
0.1673 0.2898 0.5119 0.3818 0.1406 0.1492 0.2437 0.4724 0.4491 0.1558 0.1396 0.2077 0.4027 0.4924 0.2086 0.1348 0.1790 0.3289 0.5143 0.3357 0.1375 0.1500 0.2313 0.4047 0.5127 0.4851 0.4783 0.4781 0.4781 0.4781 0.4781 0.4781 0.4781 0.4781 0.4781 0.4781 0.4781 0.4781 0.4781 0.4781 0.4781 0.4781 0.4782 0.4784 0.4789 0.4799 0.4820 0.4856 0.4906 0.4963 0.5017 0.5059 0.5088 0.5104 0.5112 0.5116 0.5118 0.5119 0.5119 0.5119 0.5119 0.5119 0.5119 0.5119 0.5119 0.5119 0.5119 0.5119 0.5119 0.5119 0.5119 0.5119 0.5119 0.5119 0.5119 0.5125 0.4798 0.3103 0.1861 0.1371 0.1575 0.4445 0.4829 0.2539 0.1528 0.1380 0.3535 0.5148 0.3085 0.1706 0.1345 0.2519 0.5044 0.3706 0.1941 0.1367 0.1715 0.4723 0.4404 0.2252 0.1484
0.1759 0.3152 0.5149 0.3417 0.1371 0.1553 0.2635 0.4967 0.4215 0.1470 0.1433 0.2229 0.4353 0.4758 0.1760 0.1362 0.1901 0.3577 0.5094 0.2905 0.1352 0.1563 0.2495 0.4370 0.5078 0.4667 0.4580 0.4577 0.4577 0.4577 0.4577 0.4577 0.4577 0.4577 0.4577 0.4577 0.4577 0.4577 0.4577 0.4577 0.4577 0.4577 0.4579 0.4582 0.4592 0.4613 0.4651 0.4716 0.4801 0.4892 0.4975 0.5036 0.5077 0.5099 0.5111 0.5116 0.5118 0.5119 0.5119 0.5119 0.5119 0.5119 0.5119 0.5119 0.5119 0.5119 0.5119 0.5119 0.5119 0.5119 0.5119 0.5119 0.5119 0.5119 0.5119 0.5125 0.4798 0.3103 0.1861 0.1371 0.1575 0.4445 0.4829 0.2539 0.1528 0.1380 0.3535 0.5148 0.3085 0.1706 0.1345 0.2519 0.5044 0.3706 0.1941 0.1367 0.1715 0.4723 0.4404 0.2252 0.1484
0.1862 0.3441 0.5115 0.2948 0.1351 0.1630 0.2866 0.5108 0.3871 0.1412 0.1483 0.2408 0.4676 0.4535 0.1582 0.1388 0.2034 0.3898 0.4994 0.2411 0.1343 0.1641 0.2707 0.4688 0.4979 0.4429 0.4320 0.4316 0.4315 0.4315 0.4315 0.4315 0.4315 0.4315 0.4315 0.4315 0.4315 0.4315 0.4315 0.4315 0.4316 0.4316 0.4318 0.4321 0.4346 0.4382 0.4451 0.4554 0.4685 0.4813 0.4932 0.5013 0.5067 0.5095 0.5109 0.5114 0.5117 0.5118 0.5119 0.5119 0.5119 0.5119 0.5119 0.5119 0.5119 0.5119 0.5119 0.5119 0.5119 0.5119 0.5119 0.5119 0.5119 0.5119 0.5119 0.5125 0.4798 0.3103 0.1861 0.1371 0.1575 0.4445 0.4829 0.2539 0.1528 0.1380 0.3535 0.5148 0.3085 0.1706 0.1345 0.2519 0.5044 0.3706 0.1941 0.1367 0.1715 0.4723 0.4404 0.2252 0.1484
0.1966 0.3717 0.5041 0.2506 0.1345 0.1709 0.3093 0.5149 0.3511 0.1378 0.1538 0.2586 0.4917 0.4290 0.1491 0.1420 0.2168 0.4199 0.4863 0.2010 0.1344 0.1722 0.2919 0.4921 0.4852 0.4172 0.4042 0.4037 0.4037 0.4037 0.4037 0.4037 0.4037 0.4037 0.4037 0.4037 0.4037 0.4037 0.4037 0.4037 0.4038 0.4039 0.4043 0.4055 0.4091 0.4141 0.4242 0.4394 0.4579 0.4749 0.4891 0.4994 0.5059 0.5091 0.5108 0.5113 0.5117 0.5119 0.5120 0.5119 0.5119 0.5119 0.5119 0.5119 0.5119 0.5119 0.5119 0.5119 0.5119 0.5119 0.5119 0.5119 0.5119 0.5119 0.5119 0.5125 0.4798 0.3103 0.1861 0.1371 0.1575 0.4445 0.4829 0.2539 0.1528 0.1380 0.3535 0.5148 0.3085 0.1706 0.1345 0.2519 0.5044 0.3706 0.1941 0.1367 0.1715 0.4723 0.4404 0.2252 0.1484
0.2030 0.3879 0.4983 0.2264 0.1345 0.1758 0.3231 0.5145 0.3286 0.1364 0.1573 0.2696 0.5017 0.4131 0.1454 0.1441 0.2251 0.4370 0.4772 0.1834 0.1350 0.1774 0.3048 0.5017 0.4762 0.4001 0.3859 0.3853 0.3853 0.3853 0.3853 0.3853 0.3853 0.3853 0.3853 0.3853 0.3853 0.3853 0.3853 0.3853 0.3854 0.3855 0.3860 0.3872 0.3911 0.3982 0.4117 0.4299 0.4509 0.4707 0.4869 0.4979 0.5050 0.5089 0.5107 0.5115 0.5117 0.5119 0.5119 0.5119 0.5119 0.5119 0.5119 0.5119 0.5119 0.5119 0.5119 0.5119 0.5119 0.5119 0.5119 0.5119 0.5119 0.5119 0.5119 0.5125 0.4798 0.3103 0.1861 0.1371 0.1575 0.4445 0.4829 0.2539 0.1528 0.1380 0.3535 0.5148 0.3085 0.1706 0.1345 0.2519 0.5044 0.3706 0.1941 0.1367 0.1715 0.4723 0.4404 0.2252 0.1484
0.2001 0.3806 0.5011 0.2372 0.1345 0.1735 0.3167 0.5149 0.3392 0.1370 0.1556 0.2644 0.4974 0.4209 0.1471 0.1430 0.2210 0.4288 0.4818 0.1913 0.1347 0.1748 0.2986 0.4977 0.4800 0.4057 0.3913 0.3907 0.3907 0.3907 0.3907 0.3907 0.3907 0.3907 0.3907 0.3907 0.3907 0.3907 0.3907 0.3908 0.3908 0.3909 0.3913 0.3921 0.3944 0.4015 0.4147 0.4306 0.4508 0.4706 0.4866 0.4978 0.5048 0.5089 0.5106 0.5114 0.5116 0.5118 0.5117 0.5119 0.5119 0.5119 0.5119 0.5119 0.5119 0.5119 0.5119 0.5119 0.5119 0.5119 0.5119 0.5119 0.5119 0.5119 0.5119 0.5125 0.4798 0.3103 0.1861 0.1371 0.1575 0.4445 0.4829 0.2539 0.1528 0.1380 0.3535 0.5148 0.3085 0.1706 0.1345 0.2519 0.5044 0.3706 0.1941 0.1367 0.1715 0.4723 0.4404 0.2252 0.1484
0.1900 0.3543 0.5092 0.2784 0.1348 0.1658 0.2947 0.5131 0.3745 0.1398 0.1502 0.2470 0.4769 0.4454 0.1545 0.1398 0.2079 0.4001 0.4953 0.2265 0.1342 0.1668 0.2780 0.4784 0.4931 0.4304 0.4175 0.4170 0.4169 0.4169 0.4169 0.4169 0.4169 0.4169 0.4169 0.4169 0.4169 0.4169 0.4169 0.4170 0.4170 0.4171 0.4172 0.4171 0.4192 0.4243 0.4320 0.4440 0.4597 0.4754 0.4885 0.4987 0.5051 0.5088 0.5106 0.5113 0.5117 0.5119 0.5118 0.5119 0.5119 0.5119 0.5119 0.5119 0.5119 0.5119 0.5119 0.5119 0.5119 0.5119 0.5119 0.5119 0.5119 0.5119 0.5119 0.5125 0.4798 0.3103 0.1861 0.1371 0.1575 0.4445 0.4829 0.2539 0.1528 0.1380 0.3535 0.5148 0.3085 0.1706 0.1345 0.2519 0.5044 0.3706 0.1941 0.1367 0.1715 0.4723 0.4404 0.2252 0.1484
0.1785 0.3226 0.5146 0.3300 0.1365 0.1572 0.2693 0.5014 0.4133 0.1453 0.1445 0.2272 0.4436 0.4708 0.1705 0.1367 0.1932 0.3651 0.5074 0.2788 0.1349 0.1581 0.2545 0.4458 0.5053 0.4582 0.4479 0.4475 0.4475 0.4475 0.4475 0.4475 0.4475 0.4475 0.4475 0.4475 0.4475 0.4475 0.4475 0.4475 0.4475 0.4476 0.4477 0.4475 0.4486 0.4513 0.4559 0.4633 0.4731 0.4839 0.4935 0.5013 0.5064 0.5093 0.5107 0.5113 0.5116 0.5117 0.5120 0.5119 0.5119 0.5119 0.5119 0.5119 0.5119 0.5119 0.5119 0.5119 0.5119 0.5119 0.5119 0.5119 0.5119 0.5119 0.5119 0.5125 0.4798 0.3103 0.1861 0.1371 0.1575 0.4445 0.4829 0.2539 0.1528 0.1380 0.3535 0.5148 0.3085 0.1706 0.1345 0.2519 0.5044 0.3706 0.1941 0.1367 0.1715 0.4723 0.4404 0.2252 0.1484
0.1687 0.2938 0.5129 0.3758 0.1399 0.1501 0.2467 0.4768 0.4451 0.1542 0.1401 0.2099 0.4076 0.4903 0.2027 0.1349 0.1805 0.3329 0.5139 0.3294 0.1370 0.1509 0.2339 0.4102 0.5121 0.4806 0.4729 0.4726 0.4726 0.4726 0.4726 0.4726 0.4726 0.4726 0.4726 0.4726 0.4726 0.4726 0.4726 0.4726 0.4726 0.4727 0.4728 0.4727 0.4730 0.4744 0.4771 0.4809 0.4864 0.4926 0.4989 0.5042 0.5077 0.5100 0.5110 0.5114 0.5116 0.5118 0.5119 0.5119 0.5119 0.5119 0.5119 0.5119 0.5119 0.5119 0.5119 0.5119 0.5119 0.5119 0.5119 0.5119 0.5119 0.5119 0.5119 0.5125 0.4798 0.3103 0.1861 0.1371 0.1575 0.4445 0.4829 0.2539 0.1528 0.1380 0.3535 0.5148 0.3085 0.1706 0.1345 0.2519 0.5044 0.3706 0.1941 0.1367 0.1715 0.4723 0.4404 0.2252 0.1484
0.1612 0.2707 0.5026 0.4107 0.1448 0.1449 0.2289 0.4472 0.4681 0.1676 0.1372 0.1964 0.3760 0.5029 0.2459 0.1345 0.1708 0.3068 0.5143 0.3698 0.1404 0.1456 0.2177 0.3786 0.5127 0.4958 0.4903 0.4901 0.4900 0.4900 0.4900 0.4900 0.4900 0.4900 0.4900 0.4900 0.4900 0.4900 0.4901 0.4901 0.4901 0.4901 0.4903 0.4904 0.4902 0.4910 0.4923 0.4941 0.4969 0.5005 0.5039 0.5070 0.5092 0.5105 0.5112 0.5116 0.5117 0.5119 0.5121 0.5119 0.5119 0.5119 0.5119 0.5119 0.5119 0.5119 0.5119 0.5119 0.5119 0.5119 0.5119 0.5119 0.5119 0.5119 0.5119 0.5125 0.4798 0.3103 0.1861 0.1371 0.1575 0.4445 0.4829 0.2539 0.1528 0.1380 0.3535 0.5148 0.3085 0.1706 0.1345 0.2519 0.5044 0.3706 0.1941 0.1367 0.1715 0.4723 0.4404 0.2252 0.1484
0.1561 0.2536 0.4861 0.4353 0.1507 0.1414 0.2157 0.4206 0.4836 0.1872 0.1356 0.1866 0.3512 0.5100 0.2847 0.1349 0.1638 0.2871 0.5096 0.3989 0.1445 0.1421 0.2058 0.3537 0.5080 0.5048 0.5010 0.5009 0.5009 0.5009 0.5009 0.5009 0.5009 0.5009 0.5009 0.5009 0.5009 0.5009 0.5009 0.5009 0.5009 0.5009 0.5010 0.5010 0.5010 0.5014 0.5016 0.5025 0.5042 0.5058 0.5074 0.5091 0.5104 0.5111 0.5114 0.5117 0.5118 0.5117 0.5118 0.5119 0.5119 0.5119 0.5119 0.5119 0.5119 0.5119 0.5119 0.5119 0.5119 0.5119 0.5119 0.5119 0.5119 0.5119 0.5119 0.5125 0.4798 0.3103 0.1861 0.1371 0.1575 0.4445 0.4829 0.2539 0.1528 0.1380 0.3535 0.5148 0.3085 0.1706 0.1345 0.2519 0.5044 0.3706 0.1941 0.1367 0.1715 0.4723 0.4404 0.2252 0.1484
0.1527 0.2416 0.4693 0.4516 0.1570 0.1393 0.2065 0.4003 0.4932 0.2098 0.1348 0.1798 0.3334 0.5134 0.3134 0.1358 0.1591 0.2732 0.5020 0.4185 0.1486 0.1398 0.1975 0.3358 0.5001 0.5095 0.5069 0.5068 0.5068 0.5068 0.5068 0.5068 0.5068 0.5068 0.5068 0.5068 0.5068 0.5068 0.5068 0.5068 0.5068 0.5069 0.5069 0.5070 0.5066 0.5070 0.5072 0.5076 0.5082 0.5089 0.5098 0.5106 0.5111 0.5116 0.5117 0.5118 0.5118 0.5120 0.5119 0.5119 0.5119 0.5119 0.5119 0.5119 0.5119 0.5119 0.5119 0.5119 0.5119 0.5119 0.5119 0.5119 0.5119 0.5119 0.5119 0.5125 0.4798 0.3103 0.1861 0.1371 0.1575 0.4445 0.4829 0.2539 0.1528 0.1380 0.3535 0.5148 0.3085 0.1706 0.1345 0.2519 0.5044 0.3706 0.1941 0.1367 0.1715 0.4723 0.4404 0.2252 0.1484
0.1506 0.2339 0.4566 0.4615 0.1625 0.1380 0.2007 0.3866 0.4988 0.2283 0.1345 0.1754 0.3217 0.5147 0.3321 0.1367 0.1561 0.2642 0.4945 0.4308 0.1522 0.1385 0.1921 0.3240 0.4921 0.5115 0.5098 0.5097 0.5097 0.5097 0.5097 0.5097 0.5097 0.5097 0.5097 0.5097 0.5097 0.5097 0.5097 0.5098 0.5098 0.5098 0.5098 0.5098 0.5095 0.5098 0.5098 0.5102 0.5103 0.5107 0.5109 0.5113 0.5115 0.5118 0.5118 0.5118 0.5118 0.5119 0.5119 0.5119 0.5119 0.5119 0.5119 0.5119 0.5119 0.5119 0.5119 0.5119 0.5119 0.5119 0.5119 0.5119 0.5119 0.5119 0.5119 0.5125 0.4798 0.3103 0.1861 0.1371 0.1575 0.4445 0.4829 0.2539 0.1528 0.1380 0.3535 0.5148 0.3085 0.1706 0.1345 0.2519 0.5044 0.3706 0.1941 0.1367 0.1715 0.4723 0.4404 0.2252 0.1484
0.1494 0.2294 0.4484 0.4671 0.1667 0.1373 0.1973 0.3784 0.5018 0.2401 0.1345 0.1730 0.3150 0.5149 0.3430 0.1373 0.1544 0.2590 0.4890 0.4379 0.1547 0.1378 0.1890 0.3170 0.4863 0.5122 0.5111 0.5110 0.5110 0.5110 0.5110 0.5110 0.5110 0.5110 0.5110 0.5110 0.5110 0.5110 0.5110 0.5110 0.5110 0.5110 0.5110 0.5112 0.5109 0.5111 0.5112 0.5112 0.5112 0.5114 0.5115 0.5116 0.5116 0.5117 0.5118 0.5118 0.5117 0.5119 0.5118 0.5119 0.5119 0.5119 0.5119 0.5119 0.5119 0.5119 0.5119 0.5119 0.5119 0.5119 0.5119 0.5119 0.5119 0.5119 0.5119 0.5125 0.4798 0.3103 0.1861 0.1371 0.1575 0.4445 0.4829 0.2539 0.1528 0.1380 0.3535 0.5148 0.3085 0.1706 0.1345 0.2519 0.5044 0.3706 0.1941 0.1367 0.1715 0.4723 0.4404 0.2252 0.1484
0.1489 0.2271 0.4440 0.4700 0.1693 0.1370 0.1955 0.3741 0.5033 0.2467 0.1345 0.1717 0.3114 0.5149 0.3489 0.1377 0.1535 0.2561 0.4857 0.4416 0.1562 0.1374 0.1874 0.3132 0.4827 0.5124 0.5116 0.5116 0.5116 0.5116 0.5116 0.5116 0.5116 0.5116 0.5116 0.5116 0.5116 0.5116 0.5116 0.5116 0.5116 0.5116 0.5115 0.5115 0.5116 0.5115 0.5116 0.5118 0.5117 0.5118 0.5119 0.5118 0.5117 0.5118 0.5119 0.5119 0.5120 0.5118 0.5120 0.5119 0.5119 0.5119 0.5119 0.5119 0.5119 0.5119 0.5119 0.5119 0.5119 0.5119 0.5119 0.5119 0.5119 0.5119 0.5119 0.5125 0.4798 0.3103 0.1861 0.1371 0.1575 0.4445 0.4829 0.2539 0.1528 0.1380 0.3535 0.5148 0.3085 0.1706 0.1345 0.2519 0.5044 0.3706 0.1941 0.1367 0.1715 0.4723 0.4404 0.2252 0.1484
