1.0000 1.0000 0.0002 0.0023 0.0334 0.4901 1.0000 0.0001 0.0009 0.0131 0.1919 1.0000 1.0000 0.0003 0.0051 0.0749 1.0000 1.0000 0.0001 0.0020 0.0292 0.4290 1.0000 0.0001 0.0008 0.0114 0.1677 1.0000 1.0000 0.0003 0.0045 0.0654 0.9608 1.0000 0.0001 0.0017 0.0255 0.3748 1.0000 0.0000 0.0007 0.0100 0.1465 1.0000 1.0000 0.0003 0.0039 0.0562 0.7899 1.0000 1.0000 1.0000 0.7899 0.0562 0.0039 0.0003 1.0000 1.0000 0.1465 0.0100 0.0007 0.0000 1.0000 0.3748 0.0255 0.0017 0.0001 1.0000 0.9608 0.0654 0.0045 0.0003 1.0000 1.0000 0.1677 0.0114 0.0008 0.0001 1.0000 0.4290 0.0292 0.0020 0.0001 1.0000 1.0000 0.0749 0.0051 0.0003 1.0000 1.0000 0.1919 0.0131 0.0009 0.0001 1.0000 0.4901 0.0334 0.0023 0.0002 1.0000 1.0000
1.0000 0.0002 0.0023 0.0332 0.4864 1.0000 0.0001 0.0009 0.0129 0.1894 1.0000 1.0000 0.0003 0.0050 0.0740 1.0000 1.0000 0.0001 0.0020 0.0289 0.4241 1.0000 0.0001 0.0008 0.0113 0.1654 1.0000 1.0000 0.0003 0.0044 0.0647 0.9499 1.0000 0.0001 0.0017 0.0252 0.3706 1.0000 0.0000 0.0007 0.0098 0.1445 1.0000 1.0000 0.0003 0.0038 0.0562 0.8159 1.0000 0.0001 0.0004 0.0001 1.0000 0.8159 0.0562 0.0038 0.0003 1.0000 1.0000 0.1445 0.0098 0.0007 0.0000 1.0000 0.3706 0.0252 0.0017 0.0001 1.0000 0.9499 0.0647 0.0044 0.0003 1.0000 1.0000 0.1654 0.0113 0.0008 0.0001 1.0000 0.4241 0.0289 0.0020 0.0001 1.0000 1.0000 0.0740 0.0050 0.0003 1.0000 1.0000 0.1894 0.0129 0.0009 0.0001 1.0000 0.4864 0.0332 0.0023 0.0002 1.0000
0.0002 0.0023 0.0325 0.4709 1.0000 0.0001 0.0008 0.0123 0.1802 1.0000 1.0000 0.0003 0.0048 0.0702 1.0000 1.0000 0.0001 0.0019 0.0274 0.4021 1.0000 0.0000 0.0007 0.0107 0.1569 1.0000 1.0000 0.0003 0.0042 0.0613 0.9007 1.0000 0.0001 0.0016 0.0239 0.3513 1.0000 0.0000 0.0006 0.0093 0.1371 1.0000 1.0000 0.0002 0.0036 0.0535 0.7824 1.0000 0.0001 0.0011 0.0061 0.0011 0.0001 1.0000 0.7824 0.0535 0.0036 0.0002 1.0000 1.0000 0.1371 0.0093 0.0006 0.0000 1.0000 0.3513 0.0239 0.0016 0.0001 1.0000 0.9007 0.0613 0.0042 0.0003 1.0000 1.0000 0.1569 0.0107 0.0007 0.0000 1.0000 0.4021 0.0274 0.0019 0.0001 1.0000 1.0000 0.0702 0.0048 0.0003 1.0000 1.0000 0.1802 0.0123 0.0008 0.0001 1.0000 0.4709 0.0325 0.0023 0.0002
0.0023 0.0332 0.4709 1.0000 0.0001 0.0008 0.0118 0.1722 1.0000 1.0000 0.0003 0.0045 0.0667 0.9774 1.0000 0.0001 0.0018 0.0260 0.3813 1.0000 0.0000 0.0007 0.0101 0.1487 1.0000 1.0000 0.0003 0.0040 0.0581 0.8540 1.0000 0.0001 0.0015 0.0227 0.3331 1.0000 0.0000 0.0006 0.0088 0.1299 1.0000 1.0000 0.0002 0.0035 0.0507 0.7447 1.0000 0.0001 0.0013 0.0158 0.0852 0.0158 0.0013 0.0001 1.0000 0.7447 0.0507 0.0035 0.0002 1.0000 1.0000 0.1299 0.0088 0.0006 0.0000 1.0000 0.3331 0.0227 0.0015 0.0001 1.0000 0.8540 0.0581 0.0040 0.0003 1.0000 1.0000 0.1487 0.0101 0.0007 0.0000 1.0000 0.3813 0.0260 0.0018 0.0001 1.0000 0.9774 0.0667 0.0045 0.0003 1.0000 1.0000 0.1722 0.0118 0.0008 0.0001 1.0000 0.4709 0.0332 0.0023
0.0334 0.4864 1.0000 0.0001 0.0008 0.0115 0.1667 1.0000 1.0000 0.0003 0.0043 0.0634 0.9303 1.0000 0.0001 0.0017 0.0247 0.3622 1.0000 0.0000 0.0007 0.0096 0.1413 1.0000 1.0000 0.0003 0.0038 0.0551 0.8097 1.0000 0.0001 0.0015 0.0215 0.3158 1.0000 0.0000 0.0006 0.0084 0.1232 1.0000 1.0000 0.0002 0.0033 0.0482 0.7061 1.0000 0.0001 0.0013 0.0177 0.2201 1.0000 0.2201 0.0177 0.0013 0.0001 1.0000 0.7061 0.0482 0.0033 0.0002 1.0000 1.0000 0.1232 0.0084 0.0006 0.0000 1.0000 0.3158 0.0215 0.0015 0.0001 1.0000 0.8097 0.0551 0.0038 0.0003 1.0000 1.0000 0.1413 0.0096 0.0007 0.0000 1.0000 0.3622 0.0247 0.0017 0.0001 1.0000 0.9303 0.0634 0.0043 0.0003 1.0000 1.0000 0.1667 0.0115 0.0008 0.0001 1.0000 0.4864 0.0334
0.4901 1.0000 0.0001 0.0008 0.0115 0.1648 1.0000 1.0000 0.0003 0.0042 0.0607 0.8871 1.0000 0.0001 0.0016 0.0234 0.3434 1.0000 0.0000 0.0006 0.0091 0.1340 1.0000 1.0000 0.0002 0.0036 0.0523 0.7677 1.0000 0.0001 0.0014 0.0204 0.2995 1.0000 1.0000 0.0005 0.0080 0.1168 1.0000 1.0000 0.0002 0.0031 0.0457 0.6707 1.0000 0.0001 0.0012 0.0175 0.2467 1.0000 1.0000 1.0000 0.2467 0.0175 0.0012 0.0001 1.0000 0.6707 0.0457 0.0031 0.0002 1.0000 1.0000 0.1168 0.0080 0.0005 1.0000 1.0000 0.2995 0.0204 0.0014 0.0001 1.0000 0.7677 0.0523 0.0036 0.0002 1.0000 1.0000 0.1340 0.0091 0.0006 0.0000 1.0000 0.3434 0.0234 0.0016 0.0001 1.0000 0.8871 0.0607 0.0042 0.0003 1.0000 1.0000 0.1648 0.0115 0.0008 0.0001 1.0000 0.4901
1.0000 0.0001 0.0008 0.0118 0.1667 1.0000 1.0000 0.0003 0.0040 0.0587 0.8556 1.0000 0.0001 0.0015 0.0223 0.3268 1.0000 0.0000 0.0006 0.0086 0.1270 1.0000 1.0000 0.0002 0.0034 0.0495 0.7279 1.0000 0.0001 0.0013 0.0193 0.2839 1.0000 1.0000 0.0005 0.0076 0.1108 1.0000 1.0000 0.0002 0.0029 0.0433 0.6360 1.0000 0.0001 0.0011 0.0168 0.2443 1.0000 1.0000 0.0001 1.0000 1.0000 0.2443 0.0168 0.0011 0.0001 1.0000 0.6360 0.0433 0.0029 0.0002 1.0000 1.0000 0.1108 0.0076 0.0005 1.0000 1.0000 0.2839 0.0193 0.0013 0.0001 1.0000 0.7279 0.0495 0.0034 0.0002 1.0000 1.0000 0.1270 0.0086 0.0006 0.0000 1.0000 0.3268 0.0223 0.0015 0.0001 1.0000 0.8556 0.0587 0.0040 0.0003 1.0000 1.0000 0.1667 0.0118 0.0008 0.0001 1.0000
0.0001 0.0009 0.0123 0.1722 1.0000 1.0000 0.0003 0.0040 0.0577 0.8331 1.0000 0.0001 0.0015 0.0213 0.3123 1.0000 0.0000 0.0006 0.0082 0.1207 1.0000 1.0000 0.0002 0.0032 0.0471 0.6915 1.0000 0.0001 0.0012 0.0184 0.2697 1.0000 1.0000 0.0005 0.0072 0.1052 1.0000 1.0000 0.0002 0.0028 0.0410 0.6030 1.0000 0.0001 0.0011 0.0160 0.2343 1.0000 1.0000 0.0003 0.0018 0.0003 1.0000 1.0000 0.2343 0.0160 0.0011 0.0001 1.0000 0.6030 0.0410 0.0028 0.0002 1.0000 1.0000 0.1052 0.0072 0.0005 1.0000 1.0000 0.2697 0.0184 0.0012 0.0001 1.0000 0.6915 0.0471 0.0032 0.0002 1.0000 1.0000 0.1207 0.0082 0.0006 0.0000 1.0000 0.3123 0.0213 0.0015 0.0001 1.0000 0.8331 0.0577 0.0040 0.0003 1.0000 1.0000 0.1722 0.0123 0.0009 0.0001
0.0009 0.0129 0.1802 1.0000 1.0000 0.0003 0.0040 0.0577 0.8252 1.0000 0.0001 0.0014 0.0206 0.3006 1.0000 1.0000 0.0005 0.0078 0.1148 1.0000 1.0000 0.0002 0.0030 0.0446 0.6556 1.0000 0.0001 0.0012 0.0174 0.2557 1.0000 1.0000 0.0005 0.0068 0.0998 1.0000 1.0000 0.0002 0.0026 0.0389 0.5717 1.0000 0.0001 0.0010 0.0152 0.2226 1.0000 1.0000 0.0004 0.0047 0.0255 0.0047 0.0004 1.0000 1.0000 0.2226 0.0152 0.0010 0.0001 1.0000 0.5717 0.0389 0.0026 0.0002 1.0000 1.0000 0.0998 0.0068 0.0005 1.0000 1.0000 0.2557 0.0174 0.0012 0.0001 1.0000 0.6556 0.0446 0.0030 0.0002 1.0000 1.0000 0.1148 0.0078 0.0005 1.0000 1.0000 0.3006 0.0206 0.0014 0.0001 1.0000 0.8252 0.0577 0.0040 0.0003 1.0000 1.0000 0.1802 0.0129 0.0009
0.0131 0.1894 1.0000 1.0000 0.0003 0.0042 0.0587 0.8331 1.0000 0.0001 0.0014 0.0202 0.2916 1.0000 1.0000 0.0005 0.0075 0.1097 1.0000 1.0000 0.0002 0.0029 0.0424 0.6216 1.0000 0.0001 0.0011 0.0165 0.2425 1.0000 1.0000 0.0004 0.0064 0.0946 1.0000 1.0000 0.0002 0.0025 0.0370 0.5421 1.0000 0.0001 0.0010 0.0144 0.2114 1.0000 1.0000 0.0004 0.0053 0.0658 0.3547 0.0658 0.0053 0.0004 1.0000 1.0000 0.2114 0.0144 0.0010 0.0001 1.0000 0.5421 0.0370 0.0025 0.0002 1.0000 1.0000 0.0946 0.0064 0.0004 1.0000 1.0000 0.2425 0.0165 0.0011 0.0001 1.0000 0.6216 0.0424 0.0029 0.0002 1.0000 1.0000 0.1097 0.0075 0.0005 1.0000 1.0000 0.2916 0.0202 0.0014 0.0001 1.0000 0.8331 0.0587 0.0042 0.0003 1.0000 1.0000 0.1894 0.0131
0.1919 1.0000 1.0000 0.0003 0.0043 0.0607 0.8556 1.0000 0.0001 0.0014 0.0200 0.2872 1.0000 1.0000 0.0005 0.0072 0.1054 1.0000 1.0000 0.0002 0.0028 0.0403 0.5916 1.0000 0.0001 0.0011 0.0157 0.2303 1.0000 1.0000 0.0004 0.0061 0.0899 1.0000 1.0000 0.0002 0.0024 0.0350 0.5149 1.0000 0.0001 0.0009 0.0136 0.2005 1.0000 1.0000 0.0004 0.0052 0.0739 0.9162 1.0000 0.9162 0.0739 0.0052 0.0004 1.0000 1.0000 0.2005 0.0136 0.0009 0.0001 1.0000 0.5149 0.0350 0.0024 0.0002 1.0000 1.0000 0.0899 0.0061 0.0004 1.0000 1.0000 0.2303 0.0157 0.0011 0.0001 1.0000 0.5916 0.0403 0.0028 0.0002 1.0000 1.0000 0.1054 0.0072 0.0005 1.0000 1.0000 0.2872 0.0200 0.0014 0.0001 1.0000 0.8556 0.0607 0.0043 0.0003 1.0000 1.0000 0.1919
1.0000 1.0000 0.0003 0.0045 0.0634 0.8871 1.0000 0.0001 0.0014 0.0202 0.2872 1.0000 1.0000 0.0005 0.0070 0.1021 1.0000 1.0000 0.0002 0.0026 0.0385 0.5641 1.0000 0.0001 0.0010 0.0149 0.2184 1.0000 1.0000 0.0004 0.0058 0.0852 1.0000 1.0000 0.0002 0.0023 0.0332 0.4882 1.0000 0.0001 0.0009 0.0130 0.1901 1.0000 1.0000 0.0003 0.0050 0.0730 1.0000 1.0000 0.0000 1.0000 1.0000 0.0730 0.0050 0.0003 1.0000 1.0000 0.1901 0.0130 0.0009 0.0001 1.0000 0.4882 0.0332 0.0023 0.0002 1.0000 1.0000 0.0852 0.0058 0.0004 1.0000 1.0000 0.2184 0.0149 0.0010 0.0001 1.0000 0.5641 0.0385 0.0026 0.0002 1.0000 1.0000 0.1021 0.0070 0.0005 1.0000 1.0000 0.2872 0.0202 0.0014 0.0001 1.0000 0.8871 0.0634 0.0045 0.0003 1.0000 1.0000
1.0000 0.0003 0.0048 0.0667 0.9303 1.0000 0.0001 0.0015 0.0206 0.2916 1.0000 1.0000 0.0005 0.0069 0.0999 1.0000 1.0000 0.0002 0.0025 0.0370 0.5400 1.0000 0.0001 0.0010 0.0141 0.2075 1.0000 1.0000 0.0004 0.0055 0.0808 1.0000 1.0000 0.0001 0.0021 0.0315 0.4629 1.0000 0.0001 0.0008 0.0123 0.1806 1.0000 1.0000 0.0003 0.0048 0.0700 1.0000 1.0000 0.0001 0.0005 0.0001 1.0000 1.0000 0.0700 0.0048 0.0003 1.0000 1.0000 0.1806 0.0123 0.0008 0.0001 1.0000 0.4629 0.0315 0.0021 0.0001 1.0000 1.0000 0.0808 0.0055 0.0004 1.0000 1.0000 0.2075 0.0141 0.0010 0.0001 1.0000 0.5400 0.0370 0.0025 0.0002 1.0000 1.0000 0.0999 0.0069 0.0005 1.0000 1.0000 0.2916 0.0206 0.0015 0.0001 1.0000 0.9303 0.0667 0.0048 0.0003 1.0000
0.0003 0.0050 0.0702 0.9774 1.0000 0.0001 0.0015 0.0213 0.3006 1.0000 1.0000 0.0005 0.0069 0.0992 1.0000 1.0000 0.0002 0.0025 0.0357 0.5198 1.0000 0.0001 0.0009 0.0135 0.1978 1.0000 1.0000 0.0004 0.0052 0.0767 1.0000 1.0000 0.0001 0.0020 0.0299 0.4397 1.0000 0.0001 0.0008 0.0117 0.1712 1.0000 1.0000 0.0003 0.0045 0.0667 0.9756 1.0000 0.0001 0.0014 0.0076 0.0014 0.0001 1.0000 0.9756 0.0667 0.0045 0.0003 1.0000 1.0000 0.1712 0.0117 0.0008 0.0001 1.0000 0.4397 0.0299 0.0020 0.0001 1.0000 1.0000 0.0767 0.0052 0.0004 1.0000 1.0000 0.1978 0.0135 0.0009 0.0001 1.0000 0.5198 0.0357 0.0025 0.0002 1.0000 1.0000 0.0992 0.0069 0.0005 1.0000 1.0000 0.3006 0.0213 0.0015 0.0001 1.0000 0.9774 0.0702 0.0050 0.0003
0.0051 0.0740 1.0000 1.0000 0.0001 0.0016 0.0223 0.3123 1.0000 1.0000 0.0005 0.0070 0.0999 1.0000 1.0000 0.0002 0.0024 0.0349 0.5052 1.0000 0.0001 0.0009 0.0129 0.1894 1.0000 1.0000 0.0003 0.0050 0.0729 1.0000 1.0000 0.0001 0.0019 0.0284 0.4169 1.0000 0.0001 0.0008 0.0111 0.1626 1.0000 1.0000 0.0003 0.0043 0.0633 0.9285 1.0000 0.0001 0.0016 0.0197 0.1062 0.0197 0.0016 0.0001 1.0000 0.9285 0.0633 0.0043 0.0003 1.0000 1.0000 0.1626 0.0111 0.0008 0.0001 1.0000 0.4169 0.0284 0.0019 0.0001 1.0000 1.0000 0.0729 0.0050 0.0003 1.0000 1.0000 0.1894 0.0129 0.0009 0.0001 1.0000 0.5052 0.0349 0.0024 0.0002 1.0000 1.0000 0.0999 0.0070 0.0005 1.0000 1.0000 0.3123 0.0223 0.0016 0.0001 1.0000 1.0000 0.0740 0.0051
0.0749 1.0000 1.0000 0.0001 0.0017 0.0234 0.3268 1.0000 1.0000 0.0005 0.0072 0.1021 1.0000 1.0000 0.0002 0.0024 0.0344 0.4957 1.0000 0.0001 0.0009 0.0125 0.1820 1.0000 1.0000 0.0003 0.0047 0.0694 1.0000 1.0000 0.0001 0.0018 0.0270 0.3953 1.0000 0.0000 0.0007 0.0105 0.1542 1.0000 1.0000 0.0003 0.0041 0.0600 0.8820 1.0000 0.0001 0.0016 0.0221 0.2744 1.0000 0.2744 0.0221 0.0016 0.0001 1.0000 0.8820 0.0600 0.0041 0.0003 1.0000 1.0000 0.1542 0.0105 0.0007 0.0000 1.0000 0.3953 0.0270 0.0018 0.0001 1.0000 1.0000 0.0694 0.0047 0.0003 1.0000 1.0000 0.1820 0.0125 0.0009 0.0001 1.0000 0.4957 0.0344 0.0024 0.0002 1.0000 1.0000 0.1021 0.0072 0.0005 1.0000 1.0000 0.3268 0.0234 0.0017 0.0001 1.0000 1.0000 0.0749
1.0000 1.0000 0.0001 0.0018 0.0247 0.3434 1.0000 0.0000 0.0005 0.0075 0.1054 1.0000 1.0000 0.0002 0.0024 0.0344 0.4929 1.0000 0.0001 0.0008 0.0122 0.1765 1.0000 1.0000 0.0003 0.0045 0.0664 0.9719 1.0000 0.0001 0.0017 0.0256 0.3755 1.0000 0.0000 0.0007 0.0100 0.1465 1.0000 1.0000 0.0003 0.0039 0.0569 0.8363 1.0000 0.0001 0.0015 0.0219 0.3075 1.0000 1.0000 1.0000 0.3075 0.0219 0.0015 0.0001 1.0000 0.8363 0.0569 0.0039 0.0003 1.0000 1.0000 0.1465 0.0100 0.0007 0.0000 1.0000 0.3755 0.0256 0.0017 0.0001 1.0000 0.9719 0.0664 0.0045 0.0003 1.0000 1.0000 0.1765 0.0122 0.0008 0.0001 1.0000 0.4929 0.0344 0.0024 0.0002 1.0000 1.0000 0.1054 0.0075 0.0005 0.0000 1.0000 0.3434 0.0247 0.0018 0.0001 1.0000 1.0000
1.0000 0.0001 0.0019 0.0260 0.3622 1.0000 0.0000 0.0006 0.0078 0.1097 1.0000 1.0000 0.0002 0.0025 0.0349 0.4957 1.0000 0.0001 0.0008 0.0119 0.1725 1.0000 1.0000 0.0003 0.0044 0.0638 0.9303 1.0000 0.0001 0.0017 0.0244 0.3574 1.0000 0.0000 0.0006 0.0095 0.1389 1.0000 1.0000 0.0003 0.0037 0.0541 0.7944 1.0000 0.0001 0.0014 0.0210 0.3046 1.0000 1.0000 0.0002 1.0000 1.0000 0.3046 0.0210 0.0014 0.0001 1.0000 0.7944 0.0541 0.0037 0.0003 1.0000 1.0000 0.1389 0.0095 0.0006 0.0000 1.0000 0.3574 0.0244 0.0017 0.0001 1.0000 0.9303 0.0638 0.0044 0.0003 1.0000 1.0000 0.1725 0.0119 0.0008 0.0001 1.0000 0.4957 0.0349 0.0025 0.0002 1.0000 1.0000 0.1097 0.0078 0.0006 0.0000 1.0000 0.3622 0.0260 0.0019 0.0001 1.0000
0.0001 0.0020 0.0274 0.3813 1.0000 0.0000 0.0006 0.0082 0.1148 1.0000 1.0000 0.0002 0.0025 0.0357 0.5052 1.0000 0.0001 0.0008 0.0119 0.1706 1.0000 1.0000 0.0003 0.0042 0.0617 0.8973 1.0000 0.0001 0.0016 0.0233 0.3408 1.0000 0.0000 0.0006 0.0090 0.1319 1.0000 1.0000 0.0002 0.0035 0.0513 0.7532 1.0000 0.0001 0.0014 0.0200 0.2922 1.0000 1.0000 0.0004 0.0023 0.0004 1.0000 1.0000 0.2922 0.0200 0.0014 0.0001 1.0000 0.7532 0.0513 0.0035 0.0002 1.0000 1.0000 0.1319 0.0090 0.0006 0.0000 1.0000 0.3408 0.0233 0.0016 0.0001 1.0000 0.8973 0.0617 0.0042 0.0003 1.0000 1.0000 0.1706 0.0119 0.0008 0.0001 1.0000 0.5052 0.0357 0.0025 0.0002 1.0000 1.0000 0.1148 0.0082 0.0006 0.0000 1.0000 0.3813 0.0274 0.0020 0.0001
0.0020 0.0289 0.4021 1.0000 0.0000 0.0006 0.0086 0.1207 1.0000 1.0000 0.0002 0.0026 0.0370 0.5198 1.0000 0.0001 0.0008 0.0119 0.1706 1.0000 1.0000 0.0003 0.0041 0.0600 0.8704 1.0000 0.0001 0.0015 0.0223 0.3262 1.0000 0.0000 0.0006 0.0085 0.1253 1.0000 1.0000 0.0002 0.0033 0.0487 0.7155 1.0000 0.0001 0.0013 0.0190 0.2781 1.0000 1.0000 0.0005 0.0059 0.0317 0.0059 0.0005 1.0000 1.0000 0.2781 0.0190 0.0013 0.0001 1.0000 0.7155 0.0487 0.0033 0.0002 1.0000 1.0000 0.1253 0.0085 0.0006 0.0000 1.0000 0.3262 0.0223 0.0015 0.0001 1.0000 0.8704 0.0600 0.0041 0.0003 1.0000 1.0000 0.1706 0.0119 0.0008 0.0001 1.0000 0.5198 0.0370 0.0026 0.0002 1.0000 1.0000 0.1207 0.0086 0.0006 0.0000 1.0000 0.4021 0.0289 0.0020
0.0292 0.4241 1.0000 0.0000 0.0007 0.0091 0.1270 1.0000 1.0000 0.0002 0.0028 0.0385 0.5400 1.0000 0.0001 0.0009 0.0122 0.1725 1.0000 1.0000 0.0003 0.0041 0.0591 0.8524 1.0000 0.0001 0.0015 0.0215 0.3141 1.0000 0.0000 0.0006 0.0082 0.1195 1.0000 1.0000 0.0002 0.0032 0.0463 0.6784 1.0000 0.0001 0.0012 0.0180 0.2641 1.0000 1.0000 0.0005 0.0066 0.0822 0.4431 0.0822 0.0066 0.0005 1.0000 1.0000 0.2641 0.0180 0.0012 0.0001 1.0000 0.6784 0.0463 0.0032 0.0002 1.0000 1.0000 0.1195 0.0082 0.0006 0.0000 1.0000 0.3141 0.0215 0.0015 0.0001 1.0000 0.8524 0.0591 0.0041 0.0003 1.0000 1.0000 0.1725 0.0122 0.0009 0.0001 1.0000 0.5400 0.0385 0.0028 0.0002 1.0000 1.0000 0.1270 0.0091 0.0007 0.0000 1.0000 0.4241 0.0292
0.4290 1.0000 0.0000 0.0007 0.0096 0.1340 1.0000 1.0000 0.0002 0.0029 0.0403 0.5641 1.0000 0.0001 0.0009 0.0125 0.1765 1.0000 1.0000 0.0003 0.0041 0.0588 0.8443 1.0000 0.0001 0.0014 0.0209 0.3041 1.0000 1.0000 0.0005 0.0078 0.1144 1.0000 1.0000 0.0002 0.0030 0.0440 0.6457 1.0000 0.0001 0.0012 0.0171 0.2504 1.0000 1.0000 0.0005 0.0065 0.0921 1.0000 1.0000 1.0000 0.0921 0.0065 0.0005 1.0000 1.0000 0.2504 0.0171 0.0012 0.0001 1.0000 0.6457 0.0440 0.0030 0.0002 1.0000 1.0000 0.1144 0.0078 0.0005 1.0000 1.0000 0.3041 0.0209 0.0014 0.0001 1.0000 0.8443 0.0588 0.0041 0.0003 1.0000 1.0000 0.1765 0.0125 0.0009 0.0001 1.0000 0.5641 0.0403 0.0029 0.0002 1.0000 1.0000 0.1340 0.0096 0.0007 0.0000 1.0000 0.4290
1.0000 0.0001 0.0007 0.0101 0.1413 1.0000 1.0000 0.0002 0.0030 0.0424 0.5916 1.0000 0.0001 0.0009 0.0129 0.1820 1.0000 1.0000 0.0003 0.0041 0.0591 0.8443 1.0000 0.0001 0.0014 0.0205 0.2966 1.0000 1.0000 0.0005 0.0075 0.1099 1.0000 1.0000 0.0002 0.0029 0.0419 0.6146 1.0000 0.0001 0.0011 0.0162 0.2379 1.0000 1.0000 0.0004 0.0063 0.0912 1.0000 1.0000 0.0000 1.0000 1.0000 0.0912 0.0063 0.0004 1.0000 1.0000 0.2379 0.0162 0.0011 0.0001 1.0000 0.6146 0.0419 0.0029 0.0002 1.0000 1.0000 0.1099 0.0075 0.0005 1.0000 1.0000 0.2966 0.0205 0.0014 0.0001 1.0000 0.8443 0.0591 0.0041 0.0003 1.0000 1.0000 0.1820 0.0129 0.0009 0.0001 1.0000 0.5916 0.0424 0.0030 0.0002 1.0000 1.0000 0.1413 0.0101 0.0007 0.0001 1.0000
0.0001 0.0008 0.0107 0.1487 1.0000 1.0000 0.0002 0.0032 0.0446 0.6216 1.0000 0.0001 0.0010 0.0135 0.1894 1.0000 1.0000 0.0003 0.0042 0.0600 0.8524 1.0000 0.0001 0.0014 0.0203 0.2922 1.0000 1.0000 0.0005 0.0073 0.1062 1.0000 1.0000 0.0002 0.0027 0.0400 0.5860 1.0000 0.0001 0.0011 0.0154 0.2264 1.0000 1.0000 0.0004 0.0060 0.0875 1.0000 1.0000 0.0001 0.0007 0.0001 1.0000 1.0000 0.0875 0.0060 0.0004 1.0000 1.0000 0.2264 0.0154 0.0011 0.0001 1.0000 0.5860 0.0400 0.0027 0.0002 1.0000 1.0000 0.1062 0.0073 0.0005 1.0000 1.0000 0.2922 0.0203 0.0014 0.0001 1.0000 0.8524 0.0600 0.0042 0.0003 1.0000 1.0000 0.1894 0.0135 0.0010 0.0001 1.0000 0.6216 0.0446 0.0032 0.0002 1.0000 1.0000 0.1487 0.0107 0.0008 0.0001
0.0008 0.0113 0.1569 1.0000 1.0000 0.0002 0.0034 0.0471 0.6556 1.0000 0.0001 0.0010 0.0141 0.1978 1.0000 1.0000 0.0003 0.0044 0.0617 0.8704 1.0000 0.0001 0.0014 0.0203 0.2905 1.0000 1.0000 0.0005 0.0071 0.1032 1.0000 1.0000 0.0002 0.0026 0.0385 0.5620 1.0000 0.0001 0.0010 0.0147 0.2155 1.0000 1.0000 0.0004 0.0057 0.0834 1.0000 1.0000 0.0001 0.0018 0.0095 0.0018 0.0001 1.0000 1.0000 0.0834 0.0057 0.0004 1.0000 1.0000 0.2155 0.0147 0.0010 0.0001 1.0000 0.5620 0.0385 0.0026 0.0002 1.0000 1.0000 0.1032 0.0071 0.0005 1.0000 1.0000 0.2905 0.0203 0.0014 0.0001 1.0000 0.8704 0.0617 0.0044 0.0003 1.0000 1.0000 0.1978 0.0141 0.0010 0.0001 1.0000 0.6556 0.0471 0.0034 0.0002 1.0000 1.0000 0.1569 0.0113 0.0008
0.0114 0.1654 1.0000 1.0000 0.0003 0.0036 0.0495 0.6915 1.0000 0.0001 0.0011 0.0149 0.2075 1.0000 1.0000 0.0003 0.0045 0.0638 0.8973 1.0000 0.0001 0.0014 0.0205 0.2922 1.0000 1.0000 0.0005 0.0070 0.1013 1.0000 1.0000 0.0002 0.0025 0.0371 0.5400 1.0000 0.0001 0.0010 0.0140 0.2055 1.0000 1.0000 0.0004 0.0054 0.0794 1.0000 1.0000 0.0001 0.0020 0.0246 0.1327 0.0246 0.0020 0.0001 1.0000 1.0000 0.0794 0.0054 0.0004 1.0000 1.0000 0.2055 0.0140 0.0010 0.0001 1.0000 0.5400 0.0371 0.0025 0.0002 1.0000 1.0000 0.1013 0.0070 0.0005 1.0000 1.0000 0.2922 0.0205 0.0014 0.0001 1.0000 0.8973 0.0638 0.0045 0.0003 1.0000 1.0000 0.2075 0.0149 0.0011 0.0001 1.0000 0.6915 0.0495 0.0036 0.0003 1.0000 1.0000 0.1654 0.0114
0.1677 1.0000 1.0000 0.0003 0.0038 0.0523 0.7279 1.0000 0.0001 0.0011 0.0157 0.2184 1.0000 1.0000 0.0003 0.0047 0.0664 0.9303 1.0000 0.0001 0.0015 0.0209 0.2966 1.0000 1.0000 0.0005 0.0070 0.1003 1.0000 1.0000 0.0002 0.0025 0.0360 0.5228 1.0000 0.0001 0.0009 0.0135 0.1967 1.0000 1.0000 0.0004 0.0052 0.0756 1.0000 1.0000 0.0001 0.0020 0.0277 0.3434 1.0000 0.3434 0.0277 0.0020 0.0001 1.0000 1.0000 0.0756 0.0052 0.0004 1.0000 1.0000 0.1967 0.0135 0.0009 0.0001 1.0000 0.5228 0.0360 0.0025 0.0002 1.0000 1.0000 0.1003 0.0070 0.0005 1.0000 1.0000 0.2966 0.0209 0.0015 0.0001 1.0000 0.9303 0.0664 0.0047 0.0003 1.0000 1.0000 0.2184 0.0157 0.0011 0.0001 1.0000 0.7279 0.0523 0.0038 0.0003 1.0000 1.0000 0.1677
1.0000 1.0000 0.0003 0.0040 0.0551 0.7677 1.0000 0.0001 0.0012 0.0165 0.2303 1.0000 1.0000 0.0004 0.0050 0.0694 0.9719 1.0000 0.0001 0.0015 0.0215 0.3041 1.0000 1.0000 0.0005 0.0070 0.1003 1.0000 1.0000 0.0002 0.0024 0.0352 0.5091 1.0000 0.0001 0.0009 0.0130 0.1890 1.0000 1.0000 0.0003 0.0049 0.0721 1.0000 1.0000 0.0001 0.0019 0.0274 0.3857 1.0000 1.0000 1.0000 0.3857 0.0274 0.0019 0.0001 1.0000 1.0000 0.0721 0.0049 0.0003 1.0000 1.0000 0.1890 0.0130 0.0009 0.0001 1.0000 0.5091 0.0352 0.0024 0.0002 1.0000 1.0000 0.1003 0.0070 0.0005 1.0000 1.0000 0.3041 0.0215 0.0015 0.0001 1.0000 0.9719 0.0694 0.0050 0.0004 1.0000 1.0000 0.2303 0.0165 0.0012 0.0001 1.0000 0.7677 0.0551 0.0040 0.0003 1.0000 1.0000
1.0000 0.0003 0.0042 0.0581 0.8097 1.0000 0.0001 0.0012 0.0174 0.2425 1.0000 1.0000 0.0004 0.0052 0.0729 1.0000 1.0000 0.0001 0.0016 0.0223 0.3141 1.0000 1.0000 0.0005 0.0071 0.1013 1.0000 1.0000 0.0002 0.0024 0.0347 0.5004 1.0000 0.0001 0.0009 0.0126 0.1826 1.0000 1.0000 0.0003 0.0047 0.0688 1.0000 1.0000 0.0001 0.0018 0.0264 0.3827 1.0000 0.0000 0.0002 0.0000 1.0000 0.3827 0.0264 0.0018 0.0001 1.0000 1.0000 0.0688 0.0047 0.0003 1.0000 1.0000 0.1826 0.0126 0.0009 0.0001 1.0000 0.5004 0.0347 0.0024 0.0002 1.0000 1.0000 0.1013 0.0071 0.0005 1.0000 1.0000 0.3141 0.0223 0.0016 0.0001 1.0000 1.0000 0.0729 0.0052 0.0004 1.0000 1.0000 0.2425 0.0174 0.0012 0.0001 1.0000 0.8097 0.0581 0.0042 0.0003 1.0000
0.0003 0.0044 0.0613 0.8540 1.0000 0.0001 0.0013 0.0184 0.2557 1.0000 1.0000 0.0004 0.0055 0.0767 1.0000 1.0000 0.0001 0.0017 0.0233 0.3262 1.0000 1.0000 0.0005 0.0073 0.1032 1.0000 1.0000 0.0002 0.0024 0.0346 0.4957 1.0000 0.0001 0.0008 0.0122 0.1775 1.0000 1.0000 0.0003 0.0045 0.0662 0.9663 1.0000 0.0001 0.0017 0.0252 0.3685 1.0000 0.0000 0.0005 0.0029 0.0005 0.0000 1.0000 0.3685 0.0252 0.0017 0.0001 1.0000 0.9663 0.0662 0.0045 0.0003 1.0000 1.0000 0.1775 0.0122 0.0008 0.0001 1.0000 0.4957 0.0346 0.0024 0.0002 1.0000 1.0000 0.1032 0.0073 0.0005 1.0000 1.0000 0.3262 0.0233 0.0017 0.0001 1.0000 1.0000 0.0767 0.0055 0.0004 1.0000 1.0000 0.2557 0.0184 0.0013 0.0001 1.0000 0.8540 0.0613 0.0044 0.0003
0.0045 0.0647 0.9007 1.0000 0.0001 0.0014 0.0193 0.2697 1.0000 1.0000 0.0004 0.0058 0.0808 1.0000 1.0000 0.0001 0.0017 0.0244 0.3408 1.0000 0.0000 0.0005 0.0075 0.1062 1.0000 1.0000 0.0002 0.0024 0.0347 0.4957 1.0000 0.0001 0.0008 0.0120 0.1738 1.0000 1.0000 0.0003 0.0044 0.0638 0.9285 1.0000 0.0001 0.0016 0.0241 0.3527 1.0000 0.0000 0.0006 0.0074 0.0400 0.0074 0.0006 0.0000 1.0000 0.3527 0.0241 0.0016 0.0001 1.0000 0.9285 0.0638 0.0044 0.0003 1.0000 1.0000 0.1738 0.0120 0.0008 0.0001 1.0000 0.4957 0.0347 0.0024 0.0002 1.0000 1.0000 0.1062 0.0075 0.0005 0.0000 1.0000 0.3408 0.0244 0.0017 0.0001 1.0000 1.0000 0.0808 0.0058 0.0004 1.0000 1.0000 0.2697 0.0193 0.0014 0.0001 1.0000 0.9007 0.0647 0.0045
0.0654 0.9499 1.0000 0.0001 0.0015 0.0204 0.2839 1.0000 1.0000 0.0004 0.0061 0.0852 1.0000 1.0000 0.0001 0.0018 0.0256 0.3574 1.0000 0.0000 0.0006 0.0078 0.1099 1.0000 1.0000 0.0002 0.0025 0.0352 0.5004 1.0000 0.0001 0.0008 0.0119 0.1715 1.0000 1.0000 0.0003 0.0043 0.0618 0.8990 1.0000 0.0001 0.0016 0.0231 0.3376 1.0000 0.0000 0.0006 0.0084 0.1036 0.5577 0.1036 0.0084 0.0006 0.0000 1.0000 0.3376 0.0231 0.0016 0.0001 1.0000 0.8990 0.0618 0.0043 0.0003 1.0000 1.0000 0.1715 0.0119 0.0008 0.0001 1.0000 0.5004 0.0352 0.0025 0.0002 1.0000 1.0000 0.1099 0.0078 0.0006 0.0000 1.0000 0.3574 0.0256 0.0018 0.0001 1.0000 1.0000 0.0852 0.0061 0.0004 1.0000 1.0000 0.2839 0.0204 0.0015 0.0001 1.0000 0.9499 0.0654
0.9608 1.0000 0.0001 0.0015 0.0215 0.2995 1.0000 1.0000 0.0005 0.0064 0.0899 1.0000 1.0000 0.0001 0.0019 0.0270 0.3755 1.0000 0.0000 0.0006 0.0082 0.1144 1.0000 1.0000 0.0002 0.0025 0.0360 0.5091 1.0000 0.0001 0.0008 0.0119 0.1706 1.0000 1.0000 0.0003 0.0042 0.0604 0.8737 1.0000 0.0001 0.0015 0.0222 0.3250 1.0000 0.0000 0.0006 0.0083 0.1168 1.0000 1.0000 1.0000 0.1168 0.0083 0.0006 0.0000 1.0000 0.3250 0.0222 0.0015 0.0001 1.0000 0.8737 0.0604 0.0042 0.0003 1.0000 1.0000 0.1706 0.0119 0.0008 0.0001 1.0000 0.5091 0.0360 0.0025 0.0002 1.0000 1.0000 0.1144 0.0082 0.0006 0.0000 1.0000 0.3755 0.0270 0.0019 0.0001 1.0000 1.0000 0.0899 0.0064 0.0005 1.0000 1.0000 0.2995 0.0215 0.0015 0.0001 1.0000 0.9608
1.0000 0.0001 0.0016 0.0227 0.3158 1.0000 1.0000 0.0005 0.0068 0.0946 1.0000 1.0000 0.0001 0.0020 0.0284 0.3953 1.0000 0.0000 0.0006 0.0085 0.1195 1.0000 1.0000 0.0002 0.0026 0.0371 0.5228 1.0000 0.0001 0.0008 0.0120 0.1715 1.0000 1.0000 0.0003 0.0041 0.0594 0.8572 1.0000 0.0001 0.0015 0.0215 0.3135 1.0000 0.0000 0.0006 0.0081 0.1166 1.0000 1.0000 0.0001 1.0000 1.0000 0.1166 0.0081 0.0006 0.0000 1.0000 0.3135 0.0215 0.0015 0.0001 1.0000 0.8572 0.0594 0.0041 0.0003 1.0000 1.0000 0.1715 0.0120 0.0008 0.0001 1.0000 0.5228 0.0371 0.0026 0.0002 1.0000 1.0000 0.1195 0.0085 0.0006 0.0000 1.0000 0.3953 0.0284 0.0020 0.0001 1.0000 1.0000 0.0946 0.0068 0.0005 1.0000 1.0000 0.3158 0.0227 0.0016 0.0001 1.0000
0.0001 0.0017 0.0239 0.3331 1.0000 1.0000 0.0005 0.0072 0.0998 1.0000 1.0000 0.0002 0.0021 0.0299 0.4169 1.0000 0.0000 0.0006 0.0090 0.1253 1.0000 1.0000 0.0002 0.0027 0.0385 0.5400 1.0000 0.0001 0.0009 0.0122 0.1738 1.0000 1.0000 0.0003 0.0041 0.0588 0.8459 1.0000 0.0001 0.0014 0.0210 0.3041 1.0000 1.0000 0.0005 0.0078 0.1131 1.0000 1.0000 0.0002 0.0009 0.0002 1.0000 1.0000 0.1131 0.0078 0.0005 1.0000 1.0000 0.3041 0.0210 0.0014 0.0001 1.0000 0.8459 0.0588 0.0041 0.0003 1.0000 1.0000 0.1738 0.0122 0.0009 0.0001 1.0000 0.5400 0.0385 0.0027 0.0002 1.0000 1.0000 0.1253 0.0090 0.0006 0.0000 1.0000 0.4169 0.0299 0.0021 0.0002 1.0000 1.0000 0.0998 0.0072 0.0005 1.0000 1.0000 0.3331 0.0239 0.0017 0.0001
0.0017 0.0252 0.3513 1.0000 0.0000 0.0005 0.0076 0.1052 1.0000 1.0000 0.0002 0.0023 0.0315 0.4397 1.0000 0.0000 0.0007 0.0095 0.1319 1.0000 1.0000 0.0002 0.0029 0.0400 0.5620 1.0000 0.0001 0.0009 0.0126 0.1775 1.0000 1.0000 0.0003 0.0041 0.0588 0.8427 1.0000 0.0001 0.0014 0.0206 0.2972 1.0000 1.0000 0.0005 0.0075 0.1093 1.0000 1.0000 0.0002 0.0023 0.0122 0.0023 0.0002 1.0000 1.0000 0.1093 0.0075 0.0005 1.0000 1.0000 0.2972 0.0206 0.0014 0.0001 1.0000 0.8427 0.0588 0.0041 0.0003 1.0000 1.0000 0.1775 0.0126 0.0009 0.0001 1.0000 0.5620 0.0400 0.0029 0.0002 1.0000 1.0000 0.1319 0.0095 0.0007 0.0000 1.0000 0.4397 0.0315 0.0023 0.0002 1.0000 1.0000 0.1052 0.0076 0.0005 0.0000 1.0000 0.3513 0.0252 0.0017
0.0255 0.3706 1.0000 0.0000 0.0006 0.0080 0.1108 1.0000 1.0000 0.0002 0.0024 0.0332 0.4629 1.0000 0.0001 0.0007 0.0100 0.1389 1.0000 1.0000 0.0002 0.0030 0.0419 0.5860 1.0000 0.0001 0.0009 0.0130 0.1826 1.0000 1.0000 0.0003 0.0042 0.0594 0.8459 1.0000 0.0001 0.0014 0.0203 0.2927 1.0000 1.0000 0.0005 0.0073 0.1060 1.0000 1.0000 0.0002 0.0026 0.0317 0.1709 0.0317 0.0026 0.0002 1.0000 1.0000 0.1060 0.0073 0.0005 1.0000 1.0000 0.2927 0.0203 0.0014 0.0001 1.0000 0.8459 0.0594 0.0042 0.0003 1.0000 1.0000 0.1826 0.0130 0.0009 0.0001 1.0000 0.5860 0.0419 0.0030 0.0002 1.0000 1.0000 0.1389 0.0100 0.0007 0.0001 1.0000 0.4629 0.0332 0.0024 0.0002 1.0000 1.0000 0.1108 0.0080 0.0006 0.0000 1.0000 0.3706 0.0255
0.3748 1.0000 0.0000 0.0006 0.0084 0.1168 1.0000 1.0000 0.0002 0.0025 0.0350 0.4882 1.0000 0.0001 0.0008 0.0105 0.1465 1.0000 1.0000 0.0002 0.0032 0.0440 0.6146 1.0000 0.0001 0.0010 0.0135 0.1890 1.0000 1.0000 0.0003 0.0043 0.0604 0.8572 1.0000 0.0001 0.0014 0.0202 0.2899 1.0000 1.0000 0.0005 0.0071 0.1032 1.0000 1.0000 0.0002 0.0026 0.0361 0.4456 1.0000 0.4456 0.0361 0.0026 0.0002 1.0000 1.0000 0.1032 0.0071 0.0005 1.0000 1.0000 0.2899 0.0202 0.0014 0.0001 1.0000 0.8572 0.0604 0.0043 0.0003 1.0000 1.0000 0.1890 0.0135 0.0010 0.0001 1.0000 0.6146 0.0440 0.0032 0.0002 1.0000 1.0000 0.1465 0.0105 0.0008 0.0001 1.0000 0.4882 0.0350 0.0025 0.0002 1.0000 1.0000 0.1168 0.0084 0.0006 0.0000 1.0000 0.3748
1.0000 0.0000 0.0006 0.0088 0.1232 1.0000 1.0000 0.0002 0.0026 0.0370 0.5149 1.0000 0.0001 0.0008 0.0111 0.1542 1.0000 1.0000 0.0002 0.0033 0.0463 0.6457 1.0000 0.0001 0.0010 0.0140 0.1967 1.0000 1.0000 0.0003 0.0044 0.0618 0.8737 1.0000 0.0001 0.0014 0.0203 0.2899 1.0000 1.0000 0.0005 0.0070 0.1013 1.0000 1.0000 0.0002 0.0025 0.0364 0.5081 1.0000 1.0000 1.0000 0.5081 0.0364 0.0025 0.0002 1.0000 1.0000 0.1013 0.0070 0.0005 1.0000 1.0000 0.2899 0.0203 0.0014 0.0001 1.0000 0.8737 0.0618 0.0044 0.0003 1.0000 1.0000 0.1967 0.0140 0.0010 0.0001 1.0000 0.6457 0.0463 0.0033 0.0002 1.0000 1.0000 0.1542 0.0111 0.0008 0.0001 1.0000 0.5149 0.0370 0.0026 0.0002 1.0000 1.0000 0.1232 0.0088 0.0006 0.0000 1.0000
0.0000 0.0007 0.0093 0.1299 1.0000 1.0000 0.0002 0.0028 0.0389 0.5421 1.0000 0.0001 0.0008 0.0117 0.1626 1.0000 1.0000 0.0003 0.0035 0.0487 0.6784 1.0000 0.0001 0.0011 0.0147 0.2055 1.0000 1.0000 0.0003 0.0045 0.0638 0.8990 1.0000 0.0001 0.0014 0.0206 0.2927 1.0000 1.0000 0.0005 0.0070 0.1001 1.0000 1.0000 0.0002 0.0025 0.0358 0.5139 1.0000 0.0001 0.0003 0.0001 1.0000 0.5139 0.0358 0.0025 0.0002 1.0000 1.0000 0.1001 0.0070 0.0005 1.0000 1.0000 0.2927 0.0206 0.0014 0.0001 1.0000 0.8990 0.0638 0.0045 0.0003 1.0000 1.0000 0.2055 0.0147 0.0011 0.0001 1.0000 0.6784 0.0487 0.0035 0.0003 1.0000 1.0000 0.1626 0.0117 0.0008 0.0001 1.0000 0.5421 0.0389 0.0028 0.0002 1.0000 1.0000 0.1299 0.0093 0.0007 0.0000
0.0007 0.0098 0.1371 1.0000 1.0000 0.0002 0.0029 0.0410 0.5717 1.0000 0.0001 0.0009 0.0123 0.1712 1.0000 1.0000 0.0003 0.0037 0.0513 0.7155 1.0000 0.0001 0.0011 0.0154 0.2155 1.0000 1.0000 0.0003 0.0047 0.0662 0.9285 1.0000 0.0001 0.0015 0.0210 0.2972 1.0000 1.0000 0.0005 0.0070 0.0998 1.0000 1.0000 0.0002 0.0024 0.0351 0.5062 1.0000 0.0001 0.0007 0.0038 0.0007 0.0001 1.0000 0.5062 0.0351 0.0024 0.0002 1.0000 1.0000 0.0998 0.0070 0.0005 1.0000 1.0000 0.2972 0.0210 0.0015 0.0001 1.0000 0.9285 0.0662 0.0047 0.0003 1.0000 1.0000 0.2155 0.0154 0.0011 0.0001 1.0000 0.7155 0.0513 0.0037 0.0003 1.0000 1.0000 0.1712 0.0123 0.0009 0.0001 1.0000 0.5717 0.0410 0.0029 0.0002 1.0000 1.0000 0.1371 0.0098 0.0007
0.0100 0.1445 1.0000 1.0000 0.0002 0.0031 0.0433 0.6030 1.0000 0.0001 0.0009 0.0130 0.1806 1.0000 1.0000 0.0003 0.0039 0.0541 0.7532 1.0000 0.0001 0.0012 0.0162 0.2264 1.0000 1.0000 0.0004 0.0049 0.0688 0.9663 1.0000 0.0001 0.0015 0.0215 0.3041 1.0000 1.0000 0.0005 0.0070 0.1001 1.0000 1.0000 0.0002 0.0024 0.0346 0.4985 1.0000 0.0001 0.0008 0.0100 0.0538 0.0100 0.0008 0.0001 1.0000 0.4985 0.0346 0.0024 0.0002 1.0000 1.0000 0.1001 0.0070 0.0005 1.0000 1.0000 0.3041 0.0215 0.0015 0.0001 1.0000 0.9663 0.0688 0.0049 0.0004 1.0000 1.0000 0.2264 0.0162 0.0012 0.0001 1.0000 0.7532 0.0541 0.0039 0.0003 1.0000 1.0000 0.1806 0.0130 0.0009 0.0001 1.0000 0.6030 0.0433 0.0031 0.0002 1.0000 1.0000 0.1445 0.0100
0.1465 1.0000 1.0000 0.0002 0.0033 0.0457 0.6360 1.0000 0.0001 0.0010 0.0136 0.1901 1.0000 1.0000 0.0003 0.0041 0.0569 0.7944 1.0000 0.0001 0.0012 0.0171 0.2379 1.0000 1.0000 0.0004 0.0052 0.0721 1.0000 1.0000 0.0001 0.0016 0.0222 0.3135 1.0000 1.0000 0.0005 0.0071 0.1013 1.0000 1.0000 0.0002 0.0024 0.0344 0.4938 1.0000 0.0001 0.0008 0.0115 0.1416 0.7590 0.1416 0.0115 0.0008 0.0001 1.0000 0.4929 0.0344 0.0024 0.0002 1.0000 1.0000 0.1013 0.0071 0.0005 1.0000 1.0000 0.3135 0.0222 0.0016 0.0001 1.0000 1.0000 0.0721 0.0052 0.0004 1.0000 1.0000 0.2379 0.0171 0.0012 0.0001 1.0000 0.7944 0.0569 0.0041 0.0003 1.0000 1.0000 0.1901 0.0136 0.0010 0.0001 1.0000 0.6360 0.0457 0.0033 0.0002 1.0000 1.0000 0.1465
1.0000 1.0000 0.0002 0.0035 0.0482 0.6707 1.0000 0.0001 0.0010 0.0144 0.2005 1.0000 1.0000 0.0003 0.0043 0.0600 0.8363 1.0000 0.0001 0.0013 0.0180 0.2504 1.0000 1.0000 0.0004 0.0054 0.0756 1.0000 1.0000 0.0001 0.0016 0.0231 0.3250 1.0000 1.0000 0.0005 0.0073 0.1032 1.0000 1.0000 0.0002 0.0024 0.0344 0.4910 1.0000 0.0001 0.0008 0.0117 0.1633 1.0000 1.0000 1.0000 0.1636 0.0118 0.0008 0.0001 1.0000 0.4929 0.0342 0.0024 0.0002 1.0000 1.0000 0.1032 0.0073 0.0005 1.0000 1.0000 0.3250 0.0231 0.0016 0.0001 1.0000 1.0000 0.0756 0.0054 0.0004 1.0000 1.0000 0.2504 0.0180 0.0013 0.0001 1.0000 0.8363 0.0600 0.0043 0.0003 1.0000 1.0000 0.2005 0.0144 0.0010 0.0001 1.0000 0.6707 0.0482 0.0035 0.0002 1.0000 1.0000
1.0000 0.0003 0.0036 0.0507 0.7061 1.0000 0.0001 0.0011 0.0152 0.2114 1.0000 1.0000 0.0003 0.0045 0.0633 0.8820 1.0000 0.0001 0.0014 0.0190 0.2641 1.0000 1.0000 0.0004 0.0057 0.0794 1.0000 1.0000 0.0001 0.0017 0.0241 0.3376 1.0000 0.0000 0.0005 0.0075 0.1060 1.0000 1.0000 0.0002 0.0024 0.0346 0.4938 1.0000 0.0001 0.0008 0.0117 0.1673 1.0000 1.0000 0.0001 1.0000 1.0000 0.1686 0.0117 0.0008 0.0001 1.0000 0.4929 0.0346 0.0024 0.0002 1.0000 1.0000 0.1060 0.0075 0.0005 0.0000 1.0000 0.3376 0.0241 0.0017 0.0001 1.0000 1.0000 0.0794 0.0057 0.0004 1.0000 1.0000 0.2641 0.0190 0.0014 0.0001 1.0000 0.8820 0.0633 0.0045 0.0003 1.0000 1.0000 0.2114 0.0152 0.0011 0.0001 1.0000 0.7061 0.0507 0.0036 0.0003 1.0000
0.0003 0.0038 0.0535 0.7447 1.0000 0.0001 0.0011 0.0160 0.2226 1.0000 1.0000 0.0003 0.0048 0.0667 0.9285 1.0000 0.0001 0.0014 0.0200 0.2781 1.0000 1.0000 0.0004 0.0060 0.0834 1.0000 1.0000 0.0001 0.0018 0.0252 0.3527 1.0000 0.0000 0.0006 0.0078 0.1093 1.0000 1.0000 0.0002 0.0025 0.0351 0.4985 1.0000 0.0001 0.0008 0.0118 0.1673 1.0000 1.0000 0.0002 0.0012 0.0002 1.0000 1.0000 0.1680 0.0118 0.0008 0.0001 1.0000 0.4985 0.0351 0.0025 0.0002 1.0000 1.0000 0.1093 0.0078 0.0006 0.0000 1.0000 0.3527 0.0252 0.0018 0.0001 1.0000 1.0000 0.0834 0.0060 0.0004 1.0000 1.0000 0.2781 0.0200 0.0014 0.0001 1.0000 0.9285 0.0667 0.0048 0.0003 1.0000 1.0000 0.2226 0.0160 0.0011 0.0001 1.0000 0.7447 0.0535 0.0038 0.0003
0.0039 0.0562 0.7824 1.0000 0.0001 0.0012 0.0168 0.2343 1.0000 1.0000 0.0004 0.0050 0.0700 0.9756 1.0000 0.0001 0.0015 0.0210 0.2922 1.0000 1.0000 0.0005 0.0063 0.0875 1.0000 1.0000 0.0001 0.0019 0.0264 0.3685 1.0000 0.0000 0.0006 0.0081 0.1131 1.0000 1.0000 0.0002 0.0025 0.0358 0.5062 1.0000 0.0001 0.0008 0.0118 0.1683 1.0000 1.0000 0.0003 0.0033 0.0175 0.0033 0.0003 1.0000 1.0000 0.1661 0.0117 0.0008 0.0001 1.0000 0.5062 0.0358 0.0025 0.0002 1.0000 1.0000 0.1131 0.0081 0.0006 0.0000 1.0000 0.3685 0.0264 0.0019 0.0001 1.0000 1.0000 0.0875 0.0063 0.0005 1.0000 1.0000 0.2922 0.0210 0.0015 0.0001 1.0000 0.9756 0.0700 0.0050 0.0004 1.0000 1.0000 0.2343 0.0168 0.0012 0.0001 1.0000 0.7824 0.0562 0.0039
0.0562 0.8159 1.0000 0.0001 0.0013 0.0175 0.2443 1.0000 1.0000 0.0004 0.0052 0.0730 1.0000 1.0000 0.0001 0.0016 0.0219 0.3046 1.0000 1.0000 0.0005 0.0065 0.0912 1.0000 1.0000 0.0001 0.0020 0.0274 0.3827 1.0000 0.0000 0.0006 0.0083 0.1166 1.0000 1.0000 0.0002 0.0026 0.0364 0.5139 1.0000 0.0001 0.0008 0.0119 0.1677 1.0000 1.0000 0.0003 0.0038 0.0463 0.2467 0.0460 0.0038 0.0003 1.0000 1.0000 0.1677 0.0118 0.0008 0.0001 1.0000 0.5139 0.0364 0.0026 0.0002 1.0000 1.0000 0.1166 0.0083 0.0006 0.0000 1.0000 0.3827 0.0274 0.0020 0.0001 1.0000 1.0000 0.0912 0.0065 0.0005 1.0000 1.0000 0.3046 0.0219 0.0016 0.0001 1.0000 1.0000 0.0730 0.0052 0.0004 1.0000 1.0000 0.2443 0.0175 0.0013 0.0001 1.0000 0.8159 0.0562
0.7899 1.0000 0.0001 0.0013 0.0177 0.2467 1.0000 1.0000 0.0004 0.0053 0.0739 1.0000 1.0000 0.0001 0.0016 0.0221 0.3075 1.0000 1.0000 0.0005 0.0066 0.0921 1.0000 1.0000 0.0001 0.0020 0.0277 0.3857 1.0000 0.0000 0.0006 0.0084 0.1168 1.0000 1.0000 0.0002 0.0026 0.0361 0.5081 1.0000 0.0001 0.0008 0.0115 0.1639 1.0000 1.0000 0.0003 0.0038 0.0523 0.6347 1.0000 0.6360 0.0524 0.0038 0.0003 1.0000 1.0000 0.1623 0.0117 0.0008 0.0001 1.0000 0.5081 0.0361 0.0026 0.0002 1.0000 1.0000 0.1168 0.0084 0.0006 0.0000 1.0000 0.3857 0.0277 0.0020 0.0001 1.0000 1.0000 0.0921 0.0066 0.0005 1.0000 1.0000 0.3075 0.0221 0.0016 0.0001 1.0000 1.0000 0.0739 0.0053 0.0004 1.0000 1.0000 0.2467 0.0177 0.0013 0.0001 1.0000 0.7899
1.0000 0.0001 0.0011 0.0158 0.2201 1.0000 1.0000 0.0003 0.0047 0.0658 0.9162 1.0000 0.0001 0.0014 0.0197 0.2744 1.0000 1.0000 0.0004 0.0059 0.0822 1.0000 1.0000 0.0001 0.0018 0.0246 0.3434 1.0000 0.0000 0.0005 0.0074 0.1036 1.0000 1.0000 0.0002 0.0023 0.0317 0.4456 1.0000 0.0001 0.0007 0.0100 0.1418 1.0000 1.0000 0.0002 0.0033 0.0470 0.6396 1.0000 1.0000 1.0000 0.6372 0.0465 0.0033 0.0002 1.0000 1.0000 0.1418 0.0100 0.0007 0.0001 1.0000 0.4456 0.0317 0.0023 0.0002 1.0000 1.0000 0.1036 0.0074 0.0005 0.0000 1.0000 0.3434 0.0246 0.0018 0.0001 1.0000 1.0000 0.0822 0.0059 0.0004 1.0000 1.0000 0.2744 0.0197 0.0014 0.0001 1.0000 0.9162 0.0658 0.0047 0.0003 1.0000 1.0000 0.2201 0.0158 0.0011 0.0001 1.0000
1.0000 0.0004 0.0061 0.0852 1.0000 1.0000 0.0001 0.0018 0.0255 0.3547 1.0000 0.0000 0.0005 0.0076 0.1062 1.0000 1.0000 0.0002 0.0023 0.0317 0.4431 1.0000 0.0000 0.0007 0.0095 0.1327 1.0000 1.0000 0.0002 0.0029 0.0400 0.5577 1.0000 0.0001 0.0009 0.0122 0.1709 1.0000 1.0000 0.0003 0.0038 0.0538 0.7604 1.0000 0.0001 0.0012 0.0175 0.2490 1.0000 1.0000 0.0001 1.0000 1.0000 0.2495 0.0175 0.0012 0.0001 1.0000 0.7504 0.0537 0.0038 0.0003 1.0000 1.0000 0.1709 0.0122 0.0009 0.0001 1.0000 0.5577 0.0400 0.0029 0.0002 1.0000 1.0000 0.1327 0.0095 0.0007 0.0000 1.0000 0.4431 0.0317 0.0023 0.0002 1.0000 1.0000 0.1062 0.0076 0.0005 0.0000 1.0000 0.3547 0.0255 0.0018 0.0001 1.0000 1.0000 0.0852 0.0061 0.0004 1.0000
1.0000 0.0001 0.0011 0.0158 0.2201 1.0000 1.0000 0.0003 0.0047 0.0658 0.9162 1.0000 0.0001 0.0014 0.0197 0.2744 1.0000 1.0000 0.0004 0.0059 0.0822 1.0000 1.0000 0.0001 0.0018 0.0246 0.3434 1.0000 0.0000 0.0005 0.0074 0.1036 1.0000 1.0000 0.0002 0.0023 0.0317 0.4456 1.0000 0.0001 0.0007 0.0100 0.1418 1.0000 1.0000 0.0002 0.0033 0.0463 0.6372 1.0000 1.0000 1.0000 0.6372 0.0464 0.0033 0.0002 1.0000 1.0000 0.1437 0.0100 0.0007 0.0001 1.0000 0.4456 0.0317 0.0023 0.0002 1.0000 1.0000 0.1036 0.0074 0.0005 0.0000 1.0000 0.3434 0.0246 0.0018 0.0001 1.0000 1.0000 0.0822 0.0059 0.0004 1.0000 1.0000 0.2744 0.0197 0.0014 0.0001 1.0000 0.9162 0.0658 0.0047 0.0003 1.0000 1.0000 0.2201 0.0158 0.0011 0.0001 1.0000
0.7899 1.0000 0.0001 0.0013 0.0177 0.2467 1.0000 1.0000 0.0004 0.0053 0.0739 1.0000 1.0000 0.0001 0.0016 0.0221 0.3075 1.0000 1.0000 0.0005 0.0066 0.0921 1.0000 1.0000 0.0001 0.0020 0.0277 0.3857 1.0000 0.0000 0.0006 0.0084 0.1168 1.0000 1.0000 0.0002 0.0026 0.0361 0.5081 1.0000 0.0001 0.0008 0.0115 0.1626 1.0000 1.0000 0.0003 0.0038 0.0517 0.6335 1.0000 0.6323 0.0521 0.0038 0.0003 1.0000 1.0000 0.1633 0.0115 0.0008 0.0001 1.0000 0.5081 0.0361 0.0026 0.0002 1.0000 1.0000 0.1168 0.0084 0.0006 0.0000 1.0000 0.3857 0.0277 0.0020 0.0001 1.0000 1.0000 0.0921 0.0066 0.0005 1.0000 1.0000 0.3075 0.0221 0.0016 0.0001 1.0000 1.0000 0.0739 0.0053 0.0004 1.0000 1.0000 0.2467 0.0177 0.0013 0.0001 1.0000 0.7899
0.0562 0.8159 1.0000 0.0001 0.0013 0.0175 0.2443 1.0000 1.0000 0.0004 0.0052 0.0730 1.0000 1.0000 0.0001 0.0016 0.0219 0.3046 1.0000 1.0000 0.0005 0.0065 0.0912 1.0000 1.0000 0.0001 0.0020 0.0274 0.3827 1.0000 0.0000 0.0006 0.0083 0.1166 1.0000 1.0000 0.0002 0.0026 0.0364 0.5139 1.0000 0.0001 0.0008 0.0118 0.1677 1.0000 1.0000 0.0003 0.0037 0.0459 0.2490 0.0462 0.0038 0.0003 1.0000 1.0000 0.1696 0.0117 0.0008 0.0001 1.0000 0.5139 0.0364 0.0026 0.0002 1.0000 1.0000 0.1166 0.0083 0.0006 0.0000 1.0000 0.3827 0.0274 0.0020 0.0001 1.0000 1.0000 0.0912 0.0065 0.0005 1.0000 1.0000 0.3046 0.0219 0.0016 0.0001 1.0000 1.0000 0.0730 0.0052 0.0004 1.0000 1.0000 0.2443 0.0175 0.0013 0.0001 1.0000 0.8159 0.0562
0.0039 0.0562 0.7824 1.0000 0.0001 0.0012 0.0168 0.2343 1.0000 1.0000 0.0004 0.0050 0.0700 0.9756 1.0000 0.0001 0.0015 0.0210 0.2922 1.0000 1.0000 0.0005 0.0063 0.0875 1.0000 1.0000 0.0001 0.0019 0.0264 0.3685 1.0000 0.0000 0.0006 0.0081 0.1131 1.0000 1.0000 0.0002 0.0025 0.0358 0.5062 1.0000 0.0001 0.0008 0.0118 0.1693 1.0000 1.0000 0.0003 0.0032 0.0175 0.0033 0.0003 1.0000 1.0000 0.1686 0.0118 0.0008 0.0001 1.0000 0.5062 0.0358 0.0025 0.0002 1.0000 1.0000 0.1131 0.0081 0.0006 0.0000 1.0000 0.3685 0.0264 0.0019 0.0001 1.0000 1.0000 0.0875 0.0063 0.0005 1.0000 1.0000 0.2922 0.0210 0.0015 0.0001 1.0000 0.9756 0.0700 0.0050 0.0004 1.0000 1.0000 0.2343 0.0168 0.0012 0.0001 1.0000 0.7824 0.0562 0.0039
0.0003 0.0038 0.0535 0.7447 1.0000 0.0001 0.0011 0.0160 0.2226 1.0000 1.0000 0.0003 0.0048 0.0667 0.9285 1.0000 0.0001 0.0014 0.0200 0.2781 1.0000 1.0000 0.0004 0.0060 0.0834 1.0000 1.0000 0.0001 0.0018 0.0252 0.3527 1.0000 0.0000 0.0006 0.0078 0.1093 1.0000 1.0000 0.0002 0.0025 0.0351 0.4985 1.0000 0.0001 0.0008 0.0117 0.1670 1.0000 1.0000 0.0002 0.0012 0.0002 1.0000 1.0000 0.1667 0.0117 0.0008 0.0001 1.0000 0.4985 0.0351 0.0025 0.0002 1.0000 1.0000 0.1093 0.0078 0.0006 0.0000 1.0000 0.3527 0.0252 0.0018 0.0001 1.0000 1.0000 0.0834 0.0060 0.0004 1.0000 1.0000 0.2781 0.0200 0.0014 0.0001 1.0000 0.9285 0.0667 0.0048 0.0003 1.0000 1.0000 0.2226 0.0160 0.0011 0.0001 1.0000 0.7447 0.0535 0.0038 0.0003
