-25.5996 -38.2815 -45.3324 5.2408 32.5593 -21.3263 -34.6561 -43.8921 -18.5832 23.8793 -12.0486 -30.7904 -41.2038 -41.9216 14.2213 22.3743 -26.2470 -37.8263 -45.2760 3.3620 31.7408 -20.3793 -34.1170 -43.5691 -23.6602 22.4952 -9.6500 -30.2186 -40.7507 -43.1461 12.8472 26.9921 -25.4844 -37.3085 -45.1243 1.1140 30.6401 -19.3471 -33.5681 -43.2202 -28.3099 21.1312 -6.5692 -29.6413 -40.2844 -44.0440 11.4139 30.4227 -24.3822 -35.9804 -42.6905 -35.9804 -24.3822 30.4227 11.4139 -44.0440 -40.2844 -29.6413 -6.5692 21.1312 -28.3099 -43.2202 -33.5681 -19.3471 30.6401 1.1140 -45.1243 -37.3085 -25.4844 26.9921 12.8472 -43.1461 -40.7507 -30.2186 -9.6500 22.4952 -23.6602 -43.5691 -34.1170 -20.3793 31.7408 3.3620 -45.2760 -37.8263 -26.2470 22.3743 14.2213 -41.9216 -41.2038 -30.7904 -12.0486 23.8793 -18.5832 -43.8921 -34.6561 -21.3263 32.5593 5.2408 -45.3324 -38.2815 -25.5996
-38.2815 -46.2787 5.2741 32.6599 -21.6763 -35.9032 -44.9762 -19.3598 23.6511 -11.4533 -32.0817 -42.3663 -42.7957 14.0800 24.7866 -27.1515 -39.0338 -46.2374 3.1827 31.6545 -20.6084 -35.3612 -44.6664 -24.5320 22.2829 -8.7511 -31.5208 -41.9220 -44.0279 12.7192 28.8329 -26.2820 -38.5213 -46.1076 0.8854 30.4529 -19.4792 -34.8185 -44.3310 -29.1989 20.9421 -5.2449 -30.9564 -41.4634 -44.9320 11.3293 31.5164 -25.3053 -37.8143 -46.1113 -39.8260 -46.1113 -37.8143 -25.3053 31.5164 11.3293 -44.9320 -41.4634 -30.9564 -5.2449 20.9421 -29.1989 -44.3310 -34.8185 -19.4792 30.4529 0.8854 -46.1076 -38.5213 -26.2820 28.8329 12.7192 -44.0279 -41.9220 -31.5208 -8.7511 22.2829 -24.5320 -44.6664 -35.3612 -20.6084 31.6545 3.1827 -46.2374 -39.0338 -27.1515 24.7866 14.0800 -42.7957 -42.3663 -32.0817 -11.4533 23.6511 -19.3598 -44.9762 -35.9032 -21.6763 32.6599 5.2741 -46.2787 -38.2815
-45.3324 5.2741 32.5397 -21.4334 -35.7450 -44.8714 -21.2126 23.1370 -10.5134 -31.8673 -42.1954 -43.3152 13.5449 26.5540 -26.8114 -38.8338 -46.1917 2.3254 31.2021 -20.1745 -35.1481 -44.5366 -26.4355 21.7436 -7.4867 -31.2992 -41.7429 -44.4161 12.1770 30.0215 -25.9370 -38.3180 -46.0442 -0.1364 29.9421 -19.0090 -34.6042 -44.1923 -30.8493 20.4127 -3.5631 -30.7333 -41.2799 -45.2066 10.7842 32.1600 -25.0221 -37.7476 -45.8449 -9.6592 15.5001 -9.6592 -45.8449 -37.7476 -25.0221 32.1600 10.7842 -45.2066 -41.2799 -30.7333 -3.5631 20.4127 -30.8493 -44.1923 -34.6042 -19.0090 29.9421 -0.1364 -46.0442 -38.3180 -25.9370 30.0215 12.1770 -44.4161 -41.7429 -31.2992 -7.4867 21.7436 -26.4355 -44.5366 -35.1481 -20.1745 31.2021 2.3254 -46.1917 -38.8338 -26.8114 26.5540 13.5449 -43.3152 -42.1954 -31.8673 -10.5134 23.1370 -21.2126 -44.8714 -35.7450 -21.4334 32.5397 5.2741 -45.3324
5.2408 32.6599 -21.4334 -35.6836 -44.8066 -22.5645 22.7236 -9.6129 -31.6707 -42.0325 -43.7639 13.0285 28.0598 -26.4745 -38.6343 -46.1386 1.4147 30.7237 -19.7291 -34.9359 -44.4052 -28.2447 21.2169 -6.0761 -31.0766 -41.5610 -44.7608 11.6333 31.0043 -25.5894 -38.1134 -45.9771 -1.2426 29.4193 -18.5207 -34.3889 -44.0504 -32.3996 19.8940 -1.6706 -30.5090 -41.0942 -45.4463 10.2259 32.6756 -24.6885 -37.5776 -45.7771 -6.0820 25.3795 20.7789 25.3795 -6.0820 -45.7771 -37.5776 -24.6885 32.6756 10.2259 -45.4463 -41.0942 -30.5090 -1.6706 19.8940 -32.3996 -44.0504 -34.3889 -18.5207 29.4193 -1.2426 -45.9771 -38.1134 -25.5894 31.0043 11.6333 -44.7608 -41.5610 -31.0766 -6.0761 21.2169 -28.2447 -44.4052 -34.9359 -19.7291 30.7237 1.4147 -46.1386 -38.6343 -26.4745 28.0598 13.0285 -43.7639 -42.0325 -31.6707 -9.6129 22.7236 -22.5645 -44.8066 -35.6836 -21.4334 32.6599 5.2408
32.5593 -21.6763 -35.7450 -44.8066 -23.0594 22.4859 -8.9258 -31.5134 -41.8889 -44.1281 12.5491 29.2879 -26.1483 -38.4377 -46.0806 0.4490 30.2287 -19.2731 -34.7238 -44.2698 -29.9475 20.6978 -4.5080 -30.8542 -41.3780 -45.0607 11.0856 31.7944 -25.2396 -37.9082 -45.9050 -2.4412 28.8869 -18.0130 -34.1732 -43.9052 -33.8397 19.3678 0.4475 -30.2839 -40.9067 -45.6505 9.6566 33.0509 -24.3368 -37.3803 -45.6992 -6.4178 26.9167 -13.7476 -27.8193 -13.7476 26.9167 -6.4178 -45.6992 -37.3803 -24.3368 33.0509 9.6566 -45.6505 -40.9067 -30.2839 0.4475 19.3678 -33.8397 -43.9052 -34.1732 -18.0130 28.8869 -2.4412 -45.9050 -37.9082 -25.2396 31.7944 11.0856 -45.0607 -41.3780 -30.8542 -4.5080 20.6978 -29.9475 -44.2698 -34.7238 -19.2731 30.2287 0.4490 -46.0806 -38.4377 -26.1483 29.2879 12.5491 -44.1281 -41.8889 -31.5134 -8.9258 22.4859 -23.0594 -44.8066 -35.7450 -21.6763 32.5593
-21.3263 -35.9032 -44.8714 -22.5645 22.4859 -8.6609 -31.4242 -41.7893 -44.3869 12.1420 30.2110 -25.8475 -38.2537 -46.0206 -0.5555 29.7288 -18.8043 -34.5111 -44.1306 -31.5474 20.1833 -2.7535 -30.6324 -41.1954 -45.3190 10.5340 32.4070 -24.8885 -37.7036 -45.8288 -3.7353 28.3503 -17.4858 -33.9575 -43.7573 -35.1699 18.8110 2.7954 -30.0413 -40.7177 -45.8214 9.0751 33.2923 -23.9758 -37.1753 -45.6118 -7.6995 26.8005 -15.3491 -32.4715 -39.3977 -32.4715 -15.3491 26.8005 -7.6995 -45.6118 -37.1753 -23.9758 33.2923 9.0751 -45.8214 -40.7177 -30.0413 2.7954 18.8110 -35.1699 -43.7573 -33.9575 -17.4858 28.3503 -3.7353 -45.8288 -37.7036 -24.8885 32.4070 10.5340 -45.3190 -41.1954 -30.6324 -2.7535 20.1833 -31.5474 -44.1306 -34.5111 -18.8043 29.7288 -0.5555 -46.0206 -38.2537 -25.8475 30.2110 12.1420 -44.3869 -41.7893 -31.4242 -8.6609 22.4859 -22.5645 -44.8714 -35.9032 -21.3263
-34.6561 -44.9762 -21.2126 22.7236 -8.9258 -31.4242 -41.7544 -44.5200 11.8653 30.8211 -25.5976 -38.0933 -45.9628 -1.5486 29.2508 -18.3388 -34.3051 -43.9907 -33.0185 19.6742 -0.7850 -30.4110 -41.0122 -45.5398 9.9770 32.8596 -24.5359 -37.4993 -45.7490 -5.1294 27.8131 -16.9384 -33.7429 -43.6068 -36.3866 18.2410 5.3337 -29.7426 -40.5266 -45.9614 8.4804 33.4136 -23.6097 -36.9669 -45.5181 -9.3285 26.3654 -15.2016 -32.9600 -42.8842 -47.2762 -42.8842 -32.9600 -15.2016 26.3654 -9.3285 -45.5181 -36.9669 -23.6097 33.4136 8.4804 -45.9614 -40.5266 -29.7426 5.3337 18.2410 -36.3866 -43.6068 -33.7429 -16.9384 27.8131 -5.1294 -45.7490 -37.4993 -24.5359 32.8596 9.9770 -45.5398 -41.0122 -30.4110 -0.7850 19.6742 -33.0185 -43.9907 -34.3051 -18.3388 29.2508 -1.5486 -45.9628 -38.0933 -25.5976 30.8211 11.8653 -44.5200 -41.7544 -31.4242 -8.9258 22.7236 -21.2126 -44.9762 -34.6561
-43.8921 -19.3598 23.1370 -9.6129 -31.5134 -41.7893 -44.5200 11.7680 31.1243 -25.4305 -37.9715 -45.9126 -2.4584 28.8213 -17.9026 -34.1129 -43.8558 -34.3381 19.1568 1.3749 -30.1900 -40.8263 -45.7270 9.4085 33.1709 -24.1811 -37.2937 -45.6633 -6.6432 27.2716 -16.3629 -33.5283 -43.4538 -37.5010 17.6802 8.0249 -29.4040 -40.3350 -46.0726 7.8719 33.4282 -23.2398 -36.7584 -45.4201 -11.1365 25.8467 -14.6627 -32.9089 -42.9546 -42.8094 2.0144 -42.8094 -42.9546 -32.9089 -14.6627 25.8467 -11.1365 -45.4201 -36.7584 -23.2398 33.4282 7.8719 -46.0726 -40.3350 -29.4040 8.0249 17.6802 -37.5010 -43.4538 -33.5283 -16.3629 27.2716 -6.6432 -45.6633 -37.2937 -24.1811 33.1709 9.4085 -45.7270 -40.8263 -30.1900 1.3749 19.1568 -34.3381 -43.8558 -34.1129 -17.9026 28.8213 -2.4584 -45.9126 -37.9715 -25.4305 31.1243 11.7680 -44.5200 -41.7893 -31.5134 -9.6129 23.1370 -19.3598 -43.8921
-18.5832 23.6511 -10.5134 -31.6707 -41.8889 -44.3869 11.8653 31.1243 -25.3716 -37.9051 -45.8776 -3.1828 28.4673 -17.5151 -33.9426 -43.7303 -35.4756 18.6420 3.6418 -29.9388 -40.6413 -45.8817 8.8291 33.3573 -23.8218 -37.0878 -45.5728 -8.2820 26.7260 -15.7542 -33.3132 -43.2988 -38.5235 17.1266 10.8156 -29.0654 -40.1440 -46.1575 7.2482 33.3500 -22.8662 -36.5515 -45.3197 -13.0571 25.3097 -13.9865 -32.7357 -42.8561 -41.5417 13.2519 29.8763 13.2519 -41.5417 -42.8561 -32.7357 -13.9865 25.3097 -13.0571 -45.3197 -36.5515 -22.8662 33.3500 7.2482 -46.1575 -40.1440 -29.0654 10.8156 17.1266 -38.5235 -43.2988 -33.3132 -15.7542 26.7260 -8.2820 -45.5728 -37.0878 -23.8218 33.3573 8.8291 -45.8817 -40.6413 -29.9388 3.6418 18.6420 -35.4756 -43.7303 -33.9426 -17.5151 28.4673 -3.1828 -45.8776 -37.9051 -25.3716 31.1243 11.8653 -44.3869 -41.8889 -31.6707 -10.5134 23.6511 -18.5832
23.8793 -11.4533 -31.8673 -42.0325 -44.1281 12.1420 30.8211 -25.4305 -37.9051 -45.8646 -3.5907 28.2295 -17.2182 -33.8057 -43.6212 -36.4051 18.1732 5.8865 -29.6506 -40.4650 -46.0036 8.2527 33.4312 -23.4600 -36.8817 -45.4784 -10.0312 26.1821 -15.1119 -33.0982 -43.1408 -39.4530 16.5821 13.6021 -28.7290 -39.9518 -46.2185 6.6051 33.1917 -22.4881 -36.3433 -45.2136 -15.0453 24.7708 -13.2409 -32.5313 -42.7088 -41.6985 14.5418 28.6135 -19.2242 28.6135 14.5418 -41.6985 -42.7088 -32.5313 -13.2409 24.7708 -15.0453 -45.2136 -36.3433 -22.4881 33.1917 6.6051 -46.2185 -39.9518 -28.7290 13.6021 16.5821 -39.4530 -43.1408 -33.0982 -15.1119 26.1821 -10.0312 -45.4784 -36.8817 -23.4600 33.4312 8.2527 -46.0036 -40.4650 -29.6506 5.8865 18.1732 -36.4051 -43.6212 -33.8057 -17.2182 28.2295 -3.5907 -45.8646 -37.9051 -25.4305 30.8211 12.1420 -44.1281 -42.0325 -31.8673 -11.4533 23.8793
-12.0486 -32.0817 -42.1954 -43.7639 12.5491 30.2110 -25.5976 -37.9715 -45.8776 -3.5907 28.1453 -17.0578 -33.7163 -43.5414 -37.1052 17.7829 7.9329 -29.3760 -40.3028 -46.0953 7.6914 33.4118 -23.1052 -36.6785 -45.3796 -11.8878 25.6382 -14.4316 -32.8824 -42.9795 -40.3006 16.0410 16.3196 -28.3923 -39.7578 -46.2573 5.9354 32.9627 -22.1025 -36.1337 -45.1025 -17.0875 24.2316 -12.4291 -32.3183 -42.5476 -42.2084 14.4754 24.8217 -26.1272 -34.3811 -26.1272 24.8217 14.4754 -42.2084 -42.5476 -32.3183 -12.4291 24.2316 -17.0875 -45.1025 -36.1337 -22.1025 32.9627 5.9354 -46.2573 -39.7578 -28.3923 16.3196 16.0410 -40.3006 -42.9795 -32.8824 -14.4316 25.6382 -11.8878 -45.3796 -36.6785 -23.1052 33.4118 7.6914 -46.0953 -40.3028 -29.3760 7.9329 17.7829 -37.1052 -43.5414 -33.7163 -17.0578 28.1453 -3.5907 -45.8776 -37.9715 -25.5976 30.2110 12.5491 -43.7639 -42.1954 -32.0817 -12.0486
-30.7904 -42.3663 -43.3152 13.0285 29.2879 -25.8475 -38.0933 -45.9126 -3.1828 28.2295 -17.0578 -33.6853 -43.4985 -37.5457 17.5010 9.5915 -29.1475 -40.1607 -46.1599 7.1639 33.3234 -22.7644 -36.4844 -45.2811 -13.7863 25.1020 -13.7083 -32.6659 -42.8168 -41.0721 15.5030 18.9006 -28.0544 -39.5629 -46.2759 5.2357 32.6718 -21.7080 -35.9249 -44.9892 -19.1519 23.6936 -11.5433 -32.1029 -42.3802 -42.7600 14.0692 25.1928 -26.8375 -38.3448 -44.7323 -38.3448 -26.8375 25.1928 14.0692 -42.7600 -42.3802 -32.1029 -11.5433 23.6936 -19.1519 -44.9892 -35.9249 -21.7080 32.6718 5.2357 -46.2759 -39.5629 -28.0544 18.9006 15.5030 -41.0721 -42.8168 -32.6659 -13.7083 25.1020 -13.7863 -45.2811 -36.4844 -22.7644 33.3234 7.1639 -46.1599 -40.1607 -29.1475 9.5915 17.5010 -37.5457 -43.4985 -33.6853 -17.0578 28.2295 -3.1828 -45.9126 -38.0933 -25.8475 29.2879 13.0285 -43.3152 -42.3663 -30.7904
-41.2038 -42.7957 13.5449 28.0598 -26.1483 -38.2537 -45.9628 -2.4584 28.4673 -17.2182 -33.7163 -43.4985 -37.6976 17.3499 10.6945 -28.9796 -40.0488 -46.2022 6.6969 33.1926 -22.4491 -36.3037 -45.1861 -15.6456 24.5886 -12.9548 -32.4535 -42.6524 -41.7666 14.9718 21.2785 -27.7172 -39.3670 -46.2756 4.5057 32.3296 -21.3069 -35.7148 -44.8714 -21.1971 23.1607 -10.5809 -31.8856 -42.2098 -43.2747 13.5753 26.5486 -26.7474 -38.6748 -46.4138 -35.1638 -46.4138 -38.6748 -26.7474 26.5486 13.5753 -43.2747 -42.2098 -31.8856 -10.5809 23.1607 -21.1971 -44.8714 -35.7148 -21.3069 32.3296 4.5057 -46.2756 -39.3670 -27.7172 21.2785 14.9718 -41.7666 -42.6524 -32.4535 -12.9548 24.5886 -15.6456 -45.1861 -36.3037 -22.4491 33.1926 6.6969 -46.2022 -40.0488 -28.9796 10.6945 17.3499 -37.6976 -43.4985 -33.7163 -17.2182 28.4673 -2.4584 -45.9628 -38.2537 -26.1483 28.0598 13.5449 -42.7957 -41.2038
-41.9216 14.0800 26.5540 -26.4745 -38.4377 -46.0206 -1.5486 28.8213 -17.5151 -33.8057 -43.5414 -37.5457 17.3499 11.0845 -28.8891 -39.9755 -46.2272 6.3226 33.0524 -22.1750 -36.1431 -45.0945 -17.4012 24.1107 -12.1896 -32.2495 -42.4905 -42.3824 14.4465 23.4312 -27.3812 -39.1696 -46.2577 3.7355 31.9421 -20.8955 -35.5033 -44.7493 -23.2056 22.6295 -9.5236 -31.6664 -42.0369 -43.7430 13.0585 27.9841 -26.4744 -38.6032 -46.1113 -3.1773 17.6268 -3.1773 -46.1113 -38.6032 -26.4744 27.9841 13.0585 -43.7430 -42.0369 -31.6664 -9.5236 22.6295 -23.2056 -44.7493 -35.5033 -20.8955 31.9421 3.7355 -46.2577 -39.1696 -27.3812 23.4312 14.4465 -42.3824 -42.4905 -32.2495 -12.1896 24.1107 -17.4012 -45.0945 -36.1431 -22.1750 33.0524 6.3226 -46.2272 -39.9755 -28.8891 11.0845 17.3499 -37.5457 -43.5414 -33.8057 -17.5151 28.8213 -1.5486 -46.0206 -38.4377 -26.4745 26.5540 14.0800 -41.9216
14.2213 24.7866 -26.8114 -38.6343 -46.0806 -0.5555 29.2508 -17.9026 -33.9426 -43.6212 -37.1052 17.5010 10.6945 -28.8891 -39.9489 -46.2384 6.0775 32.9360 -21.9592 -36.0111 -45.0145 -18.9532 23.6817 -11.4339 -32.0585 -42.3373 -42.9127 13.9404 25.3041 -27.0503 -38.9727 -46.2235 2.9196 31.5152 -20.4722 -35.2924 -44.6243 -25.1534 22.1007 -8.3537 -31.4478 -41.8620 -44.1632 12.5314 29.2725 -26.1537 -38.4376 -46.0721 -0.6104 27.8121 9.6211 27.8121 -0.6104 -46.0721 -38.4376 -26.1537 29.2725 12.5314 -44.1632 -41.8620 -31.4478 -8.3537 22.1007 -25.1534 -44.6243 -35.2924 -20.4722 31.5152 2.9196 -46.2235 -38.9727 -27.0503 25.3041 13.9404 -42.9127 -42.3373 -32.0585 -11.4339 23.6817 -18.9532 -45.0145 -36.0111 -21.9592 32.9360 6.0775 -46.2384 -39.9489 -28.8891 10.6945 17.5010 -37.1052 -43.6212 -33.9426 -17.9026 29.2508 -0.5555 -46.0806 -38.6343 -26.8114 24.7866 14.2213
22.3743 -27.1515 -38.8338 -46.1386 0.4490 29.7288 -18.3388 -34.1129 -43.7303 -36.4051 17.7829 9.5915 -28.9796 -39.9755 -46.2384 5.9913 32.8678 -21.8205 -35.9171 -44.9533 -20.2220 23.3181 -10.7232 -31.8873 -42.1938 -43.3570 13.4675 26.8748 -26.7298 -38.7809 -46.1772 2.0596 31.0591 -20.0395 -35.0815 -44.4953 -27.0136 21.5783 -7.0608 -31.2282 -41.6838 -44.5339 11.9988 30.3688 -25.8195 -38.2456 -46.0179 -0.8371 29.1958 -16.5493 -29.0429 -16.5493 29.1958 -0.8371 -46.0179 -38.2456 -25.8195 30.3688 11.9988 -44.5339 -41.6838 -31.2282 -7.0608 21.5783 -27.0136 -44.4953 -35.0815 -20.0395 31.0591 2.0596 -46.1772 -38.7809 -26.7298 26.8748 13.4675 -43.3570 -42.1938 -31.8873 -10.7232 23.3181 -20.2220 -44.9533 -35.9171 -21.8205 32.8678 5.9913 -46.2384 -39.9755 -28.9796 9.5915 17.7829 -36.4051 -43.7303 -34.1129 -18.3388 29.7288 0.4490 -46.1386 -38.8338 -27.1515 22.3743
-26.2470 -39.0338 -46.1917 1.4147 30.2287 -18.8043 -34.3051 -43.8558 -35.4756 18.1732 7.9329 -29.1475 -40.0488 -46.2272 6.0775 32.8678 -21.7721 -35.8674 -44.9120 -21.1145 23.0385 -10.1018 -31.7417 -42.0669 -43.7209 13.0341 28.1558 -26.4286 -38.5979 -46.1253 1.1707 30.5866 -19.5970 -34.8711 -44.3623 -28.7815 21.0582 -5.6157 -31.0073 -41.5028 -44.8602 11.4602 31.2752 -25.4779 -38.0460 -45.9530 -1.7328 29.0855 -17.8064 -33.4092 -40.2984 -33.4092 -17.8064 29.0855 -1.7328 -45.9530 -38.0460 -25.4779 31.2752 11.4602 -44.8602 -41.5028 -31.0073 -5.6157 21.0582 -28.7815 -44.3623 -34.8711 -19.5970 30.5866 1.1707 -46.1253 -38.5979 -26.4286 28.1558 13.0341 -43.7209 -42.0669 -31.7417 -10.1018 23.0385 -21.1145 -44.9120 -35.8674 -21.7721 32.8678 6.0775 -46.2272 -40.0488 -29.1475 7.9329 18.1732 -35.4756 -43.8558 -34.3051 -18.8043 30.2287 1.4147 -46.1917 -39.0338 -26.2470
-37.8263 -46.2374 2.3254 30.7237 -19.2731 -34.5111 -43.9907 -34.3381 18.6420 5.8865 -29.3760 -40.1607 -46.2022 6.3226 32.9360 -21.8205 -35.8674 -44.8968 -21.5773 22.8598 -9.6374 -31.6285 -41.9635 -44.0040 12.6535 29.1605 -26.1543 -38.4279 -46.0727 0.2805 30.1195 -19.1565 -34.6654 -44.2292 -30.4369 20.5408 -3.9924 -30.7867 -41.3216 -45.1454 10.9147 32.0021 -25.1309 -37.8449 -45.8814 -2.8780 28.6683 -17.6918 -33.8800 -43.6273 -47.2259 -43.6273 -33.8800 -17.6918 28.6683 -2.8780 -45.8814 -37.8449 -25.1309 32.0021 10.9147 -45.1454 -41.3216 -30.7867 -3.9924 20.5408 -30.4369 -44.2292 -34.6654 -19.1565 30.1195 0.2805 -46.0727 -38.4279 -26.1543 29.1605 12.6535 -44.0040 -41.9635 -31.6285 -9.6374 22.8598 -21.5773 -44.8968 -35.8674 -21.8205 32.9360 6.3226 -46.2022 -40.1607 -29.3760 5.8865 18.6420 -34.3381 -43.9907 -34.5111 -19.2731 30.7237 2.3254 -46.2374 -37.8263
-45.2760 3.1827 31.2021 -19.7291 -34.7238 -44.1306 -33.0185 19.1568 3.6418 -29.6506 -40.3028 -46.1599 6.6969 33.0524 -21.9592 -35.9171 -44.9120 -21.5773 22.7981 -9.3928 -31.5573 -41.8895 -44.2046 12.3456 29.9100 -25.9139 -38.2751 -46.0216 -0.5976 29.6757 -18.7303 -34.4684 -44.0978 -31.9406 20.0383 -2.1900 -30.5659 -41.1387 -45.3911 10.3640 32.5598 -24.7821 -37.6420 -45.8040 -4.1673 28.1659 -17.2699 -33.8281 -43.6353 -39.8756 5.3300 -39.8756 -43.6353 -33.8281 -17.2699 28.1659 -4.1673 -45.8040 -37.6420 -24.7821 32.5598 10.3640 -45.3911 -41.1387 -30.5659 -2.1900 20.0383 -31.9406 -44.0978 -34.4684 -18.7303 29.6757 -0.5976 -46.0216 -38.2751 -25.9139 29.9100 12.3456 -44.2046 -41.8895 -31.5573 -9.3928 22.7981 -21.5773 -44.9120 -35.9171 -21.9592 33.0524 6.6969 -46.1599 -40.3028 -29.6506 3.6418 19.1568 -33.0185 -44.1306 -34.7238 -19.7291 31.2021 3.1827 -45.2760
3.3620 31.6545 -20.1745 -34.9359 -44.2698 -31.5474 19.6742 1.3749 -29.9388 -40.4650 -46.0953 7.1639 33.1926 -22.1750 -36.0111 -44.9533 -21.1145 22.8598 -9.3928 -31.5335 -41.8514 -44.3250 12.1311 30.4174 -25.7199 -38.1472 -45.9750 -1.4291 29.2656 -18.3244 -34.2849 -43.9709 -33.2793 19.5591 -0.2423 -30.3481 -40.9562 -45.6003 9.8032 32.9676 -24.4293 -37.4363 -45.7218 -5.5899 27.6384 -16.7469 -33.6578 -43.5370 -37.9116 15.4438 31.8445 15.4438 -37.9116 -43.5370 -33.6578 -16.7469 27.6384 -5.5899 -45.7218 -37.4363 -24.4293 32.9676 9.8032 -45.6003 -40.9562 -30.3481 -0.2423 19.5591 -33.2793 -43.9709 -34.2849 -18.3244 29.2656 -1.4291 -45.9750 -38.1472 -25.7199 30.4174 12.1311 -44.3250 -41.8514 -31.5335 -9.3928 22.8598 -21.1145 -44.9533 -36.0111 -22.1750 33.1926 7.1639 -46.0953 -40.4650 -29.9388 1.3749 19.6742 -31.5474 -44.2698 -34.9359 -20.1745 31.6545 3.3620
31.7408 -20.6084 -35.1481 -44.4052 -29.9475 20.1833 -0.7850 -30.1900 -40.6413 -46.0036 7.6914 33.3234 -22.4491 -36.1431 -45.0145 -20.2220 23.0385 -9.6374 -31.5573 -41.8514 -44.3654 12.0201 30.7071 -25.5834 -38.0511 -45.9364 -2.1566 28.9077 -17.9547 -34.1201 -43.8520 -34.4482 19.0860 1.7871 -30.1403 -40.7791 -45.7730 9.2413 33.2386 -24.0721 -37.2314 -45.6354 -7.1425 27.1000 -16.1738 -33.4558 -43.3991 -38.1371 16.8183 20.7770 -21.2908 20.7770 16.8183 -38.1371 -43.3991 -33.4558 -16.1738 27.1000 -7.1425 -45.6354 -37.2314 -24.0721 33.2386 9.2413 -45.7730 -40.7791 -30.1403 1.7871 19.0860 -34.4482 -43.8520 -34.1201 -17.9547 28.9077 -2.1566 -45.9364 -38.0511 -25.5834 30.7071 12.0201 -44.3654 -41.8514 -31.5573 -9.6374 23.0385 -20.2220 -45.0145 -36.1431 -22.4491 33.3234 7.6914 -46.0036 -40.6413 -30.1900 -0.7850 20.1833 -29.9475 -44.4052 -35.1481 -20.6084 31.7408
-20.3793 -35.3612 -44.5366 -28.2447 20.6978 -2.7535 -30.4110 -40.8263 -45.8817 8.2527 33.4118 -22.7644 -36.3037 -45.0945 -18.9532 23.3181 -10.1018 -31.6285 -41.8895 -44.3250 12.0201 30.8009 -25.5128 -37.9895 -45.9075 -2.7365 28.6198 -17.6380 -33.9776 -43.7449 -35.4339 18.6298 3.8347 -29.9054 -40.6103 -45.9107 8.6905 33.3868 -23.7190 -37.0272 -45.5445 -8.8097 26.5582 -15.5625 -33.2451 -43.2463 -38.9078 16.7670 14.7556 -27.5969 -35.3324 -27.5969 14.7556 16.7670 -38.9078 -43.2463 -33.2451 -15.5625 26.5582 -8.8097 -45.5445 -37.0272 -23.7190 33.3868 8.6905 -45.9107 -40.6103 -29.9054 3.8347 18.6298 -35.4339 -43.7449 -33.9776 -17.6380 28.6198 -2.7365 -45.9075 -37.9895 -25.5128 30.8009 12.0201 -44.3250 -41.8895 -31.6285 -10.1018 23.3181 -18.9532 -45.0945 -36.3037 -22.7644 33.4118 8.2527 -45.8817 -40.8263 -30.4110 -2.7535 20.6978 -28.2447 -44.5366 -35.3612 -20.3793
-34.1170 -44.6664 -26.4355 21.2169 -4.5080 -30.6324 -41.0122 -45.7270 8.8291 33.4312 -23.1052 -36.4844 -45.1861 -17.4012 23.6817 -10.7232 -31.7417 -41.9635 -44.2046 12.1311 30.7071 -25.5128 -37.9679 -45.8920 -3.1175 28.4144 -17.3884 -33.8640 -43.6548 -36.2261 18.2260 5.7910 -29.6432 -40.4524 -46.0175 8.1559 33.4342 -23.3751 -36.8280 -45.4511 -10.5722 26.0175 -14.9115 -33.0315 -43.0889 -39.7521 16.3553 15.3042 -28.2861 -39.2408 -45.4217 -39.2408 -28.2861 15.3042 16.3553 -39.7521 -43.0889 -33.0315 -14.9115 26.0175 -10.5722 -45.4511 -36.8280 -23.3751 33.4342 8.1559 -46.0175 -40.4524 -29.6432 5.7910 18.2260 -36.2261 -43.6548 -33.8640 -17.3884 28.4144 -3.1175 -45.8920 -37.9679 -25.5128 30.7071 12.1311 -44.2046 -41.9635 -31.7417 -10.7232 23.6817 -17.4012 -45.1861 -36.4844 -23.1052 33.4312 8.8291 -45.7270 -41.0122 -30.6324 -4.5080 21.2169 -26.4355 -44.6664 -34.1170
-43.5691 -24.5320 21.7436 -6.0761 -30.8542 -41.1954 -45.5398 9.4085 33.3573 -23.4600 -36.6785 -45.2811 -15.6456 24.1107 -11.4339 -31.8873 -42.0669 -44.0040 12.3456 30.4174 -25.5834 -37.9895 -45.8920 -3.2501 28.3082 -17.2289 -33.7829 -43.5865 -36.8285 17.8934 7.5395 -29.4051 -40.3093 -46.0972 7.6489 33.4037 -23.0446 -36.6385 -45.3575 -12.3790 25.4872 -14.2245 -32.8174 -42.9305 -40.5562 15.8548 17.3872 -28.1936 -39.5326 -46.5681 -28.5102 -46.5681 -39.5326 -28.1936 17.3872 15.8548 -40.5562 -42.9305 -32.8174 -14.2245 25.4872 -12.3790 -45.3575 -36.6385 -23.0446 33.4037 7.6489 -46.0972 -40.3093 -29.4051 7.5395 17.8934 -36.8285 -43.5865 -33.7829 -17.2289 28.3082 -3.2501 -45.8920 -37.9895 -25.5834 30.4174 12.3456 -44.0040 -42.0669 -31.8873 -11.4339 24.1107 -15.6456 -45.2811 -36.6785 -23.4600 33.3573 9.4085 -45.5398 -41.1954 -30.8542 -6.0761 21.7436 -24.5320 -43.5691
-23.6602 22.2829 -7.4867 -31.0766 -41.3780 -45.3190 9.9770 33.1709 -23.8218 -36.8817 -45.3796 -13.7863 24.5886 -12.1896 -32.0585 -42.1938 -43.7209 12.6535 29.9100 -25.7199 -38.0511 -45.9075 -3.1175 28.3082 -17.1762 -33.7409 -43.5428 -37.2401 17.6458 8.9696 -29.2072 -40.1858 -46.1544 7.1810 33.3197 -22.7371 -36.4606 -45.2656 -14.1701 24.9825 -13.5187 -32.6082 -42.7699 -41.2927 15.3342 19.7379 -27.9239 -39.4553 -46.2610 1.4904 19.8625 1.4904 -46.2610 -39.4553 -27.9239 19.7379 15.3342 -41.2927 -42.7699 -32.6082 -13.5187 24.9825 -14.1701 -45.2656 -36.4606 -22.7371 33.3197 7.1810 -46.1544 -40.1858 -29.2072 8.9696 17.6458 -37.2401 -43.5428 -33.7409 -17.1762 28.3082 -3.1175 -45.9075 -38.0511 -25.7199 29.9100 12.6535 -43.7209 -42.1938 -32.0585 -12.1896 24.5886 -13.7863 -45.3796 -36.8817 -23.8218 33.1709 9.9770 -45.3190 -41.3780 -31.0766 -7.4867 22.2829 -23.6602
22.4952 -8.7511 -31.2992 -41.5610 -45.0607 10.5340 32.8596 -24.1811 -37.0878 -45.4784 -11.8878 25.1020 -12.9548 -32.2495 -42.3373 -43.3570 13.0341 29.1605 -25.9139 -38.1472 -45.9364 -2.7365 28.4144 -17.2289 -33.7409 -43.5272 -37.4448 17.4905 9.9756 -29.0582 -40.0878 -46.1930 6.7746 33.2067 -22.4590 -36.2991 -45.1775 -15.8775 24.5088 -12.8035 -32.4078 -42.6119 -41.9436 14.8161 21.9766 -27.6073 -39.2914 -46.2641 3.3961 30.2332 -1.1032 30.2332 3.3961 -46.2641 -39.2914 -27.6073 21.9766 14.8161 -41.9436 -42.6119 -32.4078 -12.8035 24.5088 -15.8775 -45.1775 -36.2991 -22.4590 33.2067 6.7746 -46.1930 -40.0878 -29.0582 9.9756 17.4905 -37.4448 -43.5272 -33.7409 -17.2289 28.4144 -2.7365 -45.9364 -38.1472 -25.9139 29.1605 13.0341 -43.3570 -42.3373 -32.2495 -12.9548 25.1020 -11.8878 -45.4784 -37.0878 -24.1811 32.8596 10.5340 -45.0607 -41.5610 -31.2992 -8.7511 22.4952
-9.6500 -31.5208 -41.7429 -44.7608 11.0856 32.4070 -24.5359 -37.2937 -45.5728 -10.0312 25.6382 -13.7083 -32.4535 -42.4905 -42.9127 13.4675 28.1558 -26.1543 -38.2751 -45.9750 -2.1566 28.6198 -17.3884 -33.7829 -43.5428 -37.4448 17.4369 10.4903 -28.9669 -40.0200 -46.2166 6.4478 33.0876 -22.2174 -36.1576 -45.0968 -17.4459 24.0733 -12.0940 -32.2180 -42.4611 -42.5061 14.3182 23.9735 -27.2834 -39.1062 -46.2456 3.2414 31.3442 -18.8287 -30.1937 -18.8287 31.3442 3.2414 -46.2456 -39.1062 -27.2834 23.9735 14.3182 -42.5061 -42.4611 -32.2180 -12.0940 24.0733 -17.4459 -45.0968 -36.1576 -22.2174 33.0876 6.4478 -46.2166 -40.0200 -28.9669 10.4903 17.4369 -37.4448 -43.5428 -33.7829 -17.3884 28.6198 -2.1566 -45.9750 -38.2751 -26.1543 28.1558 13.4675 -42.9127 -42.4905 -32.4535 -13.7083 25.6382 -10.0312 -45.5728 -37.2937 -24.5359 32.4070 11.0856 -44.7608 -41.7429 -31.5208 -9.6500
-30.2186 -41.9220 -44.4161 11.6333 31.7944 -24.8885 -37.4993 -45.6633 -8.2820 26.1821 -14.4316 -32.6659 -42.6524 -42.3824 13.9404 26.8748 -26.4286 -38.4279 -46.0216 -1.4291 28.9077 -17.6380 -33.8640 -43.5865 -37.2401 17.4905 10.4903 -28.9364 -39.9844 -46.2293 6.2147 32.9851 -22.0248 -36.0405 -45.0268 -18.8298 23.6903 -11.4074 -32.0437 -42.3187 -42.9885 13.8481 25.6807 -26.9682 -38.9196 -46.2102 2.6006 31.2495 -19.8787 -34.3498 -41.1930 -34.3498 -19.8787 31.2495 2.6006 -46.2102 -38.9196 -26.9682 25.6807 13.8481 -42.9885 -42.3187 -32.0437 -11.4074 23.6903 -18.8298 -45.0268 -36.0405 -22.0248 32.9851 6.2147 -46.2293 -39.9844 -28.9364 10.4903 17.4905 -37.2401 -43.5865 -33.8640 -17.6380 28.9077 -1.4291 -46.0216 -38.4279 -26.4286 26.8748 13.9404 -42.3824 -42.6524 -32.6659 -14.4316 26.1821 -8.2820 -45.6633 -37.4993 -24.8885 31.7944 11.6333 -44.4161 -41.9220 -30.2186
-40.7507 -44.0279 12.1770 31.0043 -25.2396 -37.7036 -45.7490 -6.6432 26.7260 -15.1119 -32.8824 -42.8168 -41.7666 14.4465 25.3041 -26.7298 -38.5979 -46.0727 -0.5976 29.2656 -17.9547 -33.9776 -43.6548 -36.8285 17.6458 9.9756 -28.9669 -39.9844 -46.2332 6.0945 32.9164 -21.8926 -35.9548 -44.9697 -19.9654 23.3658 -10.7694 -31.8890 -42.1888 -43.3914 13.4113 27.0989 -26.6689 -38.7391 -46.1645 1.8160 30.8939 -19.7881 -34.8052 -44.3261 -46.7753 -44.3261 -34.8052 -19.7881 30.8939 1.8160 -46.1645 -38.7391 -26.6689 27.0989 13.4113 -43.3914 -42.1888 -31.8890 -10.7694 23.3658 -19.9654 -44.9697 -35.9548 -21.8926 32.9164 6.0945 -46.2332 -39.9844 -28.9669 9.9756 17.6458 -36.8285 -43.6548 -33.9776 -17.9547 29.2656 -0.5976 -46.0727 -38.5979 -26.7298 25.3041 14.4465 -41.7666 -42.8168 -32.8824 -15.1119 26.7260 -6.6432 -45.7490 -37.7036 -25.2396 31.0043 12.1770 -44.0279 -40.7507
-43.1461 12.7192 30.0215 -25.5894 -37.9082 -45.8288 -5.1294 27.2716 -15.7542 -33.0982 -42.9795 -41.0721 14.9718 23.4312 -27.0503 -38.7809 -46.1253 0.2805 29.6757 -18.3244 -34.1201 -43.7449 -36.2261 17.8934 8.9696 -29.0582 -40.0200 -46.2293 6.0945 32.8919 -21.8251 -35.9017 -44.9302 -20.7955 23.1109 -10.2193 -31.7578 -42.0744 -43.7181 13.0157 28.2526 -26.3917 -38.5685 -46.1155 0.9795 30.4687 -19.4514 -34.7581 -44.2712 -35.4051 8.0566 -35.4051 -44.2712 -34.7581 -19.4514 30.4687 0.9795 -46.1155 -38.5685 -26.3917 28.2526 13.0157 -43.7181 -42.0744 -31.7578 -10.2193 23.1109 -20.7955 -44.9302 -35.9017 -21.8251 32.8919 6.0945 -46.2293 -40.0200 -29.0582 8.9696 17.8934 -36.2261 -43.7449 -34.1201 -18.3244 29.6757 0.2805 -46.1253 -38.7809 -27.0503 23.4312 14.9718 -41.0721 -42.9795 -33.0982 -15.7542 27.2716 -5.1294 -45.8288 -37.9082 -25.5894 30.0215 12.7192 -43.1461
12.8472 28.8329 -25.9370 -38.1134 -45.9050 -3.7353 27.8131 -16.3629 -33.3132 -43.1408 -40.3006 15.5030 21.2785 -27.3812 -38.9727 -46.1772 1.1707 30.1195 -18.7303 -34.2849 -43.8520 -35.4339 18.2260 7.5395 -29.2072 -40.0878 -46.2166 6.2147 32.9164 -21.8251 -35.8831 -44.9110 -21.3103 22.9372 -9.7933 -31.6553 -41.9806 -43.9758 12.6707 29.1607 -26.1399 -38.4126 -46.0661 0.1345 30.0358 -19.0572 -34.6026 -44.1802 -32.4737 17.7061 33.0766 17.7061 -32.4737 -44.1802 -34.6026 -19.0572 30.0358 0.1345 -46.0661 -38.4126 -26.1399 29.1607 12.6707 -43.9758 -41.9806 -31.6553 -9.7933 22.9372 -21.3103 -44.9110 -35.8831 -21.8251 32.9164 6.2147 -46.2166 -40.0878 -29.2072 7.5395 18.2260 -35.4339 -43.8520 -34.2849 -18.7303 30.1195 1.1707 -46.1772 -38.9727 -27.3812 21.2785 15.5030 -40.3006 -43.1408 -33.3132 -16.3629 27.8131 -3.7353 -45.9050 -38.1134 -25.9370 28.8329 12.8472
26.9921 -26.2820 -38.3180 -45.9771 -2.4412 28.3503 -16.9384 -33.5283 -43.2988 -39.4530 16.0410 18.9006 -27.7172 -39.1696 -46.2235 2.0596 30.5866 -19.1565 -34.4684 -43.9709 -34.4482 18.6298 5.7910 -29.4051 -40.1858 -46.1930 6.4478 32.9851 -21.8926 -35.9017 -44.9110 -21.4920 22.8469 -9.5210 -31.5844 -41.9115 -44.1634 12.3917 29.8410 -25.9209 -38.2743 -46.0189 -0.6823 29.6201 -18.6614 -34.4295 -44.0665 -32.6815 19.2697 9.0739 -23.2190 9.0739 19.2697 -32.6815 -44.0665 -34.4295 -18.6614 29.6201 -0.6823 -46.0189 -38.2743 -25.9209 29.8410 12.3917 -44.1634 -41.9115 -31.5844 -9.5210 22.8469 -21.4920 -44.9110 -35.9017 -21.8926 32.9851 6.4478 -46.1930 -40.1858 -29.4051 5.7910 18.6298 -34.4482 -43.9709 -34.4684 -19.1565 30.5866 2.0596 -46.2235 -39.1696 -27.7172 18.9006 16.0410 -39.4530 -43.2988 -33.5283 -16.9384 28.3503 -2.4412 -45.9771 -38.3180 -26.2820 26.9921
-25.4844 -38.5213 -46.0442 -1.2426 28.8869 -17.4858 -33.7429 -43.4538 -38.5235 16.5821 16.3196 -28.0544 -39.3670 -46.2577 2.9196 31.0591 -19.5970 -34.6654 -44.0978 -33.2793 19.0860 3.8347 -29.6432 -40.3093 -46.1544 6.7746 33.0876 -22.0248 -35.9548 -44.9302 -21.3103 22.8469 -9.4255 -31.5480 -41.8681 -44.2861 12.1831 30.3247 -25.7441 -38.1572 -45.9763 -1.4479 29.2409 -18.2859 -34.2614 -43.9499 -33.6189 19.3015 2.6697 -29.1135 -36.3079 -29.1135 2.6697 19.3015 -33.6189 -43.9499 -34.2614 -18.2859 29.2409 -1.4479 -45.9763 -38.1572 -25.7441 30.3247 12.1831 -44.2861 -41.8681 -31.5480 -9.4255 22.8469 -21.3103 -44.9302 -35.9548 -22.0248 33.0876 6.7746 -46.1544 -40.3093 -29.6432 3.8347 19.0860 -33.2793 -44.0978 -34.6654 -19.5970 31.0591 2.9196 -46.2577 -39.3670 -28.0544 16.3196 16.5821 -38.5235 -43.4538 -33.7429 -17.4858 28.8869 -1.2426 -46.0442 -38.5213 -25.4844
-37.3085 -46.1076 -0.1364 29.4193 -18.0130 -33.9575 -43.6068 -37.5010 17.1266 13.6021 -28.3923 -39.5629 -46.2756 3.7355 31.5152 -20.0395 -34.8711 -44.2292 -31.9406 19.5591 1.7871 -29.9054 -40.4524 -46.0972 7.1810 33.2067 -22.2174 -36.0405 -44.9697 -20.7955 22.9372 -9.5210 -31.5480 -41.8528 -44.3496 12.0524 30.6363 -25.6118 -38.0659 -45.9404 -2.1232 28.9124 -17.9431 -34.1091 -43.8388 -34.6142 18.9618 2.8491 -29.8248 -40.1621 -46.0599 -40.1621 -29.8248 2.8491 18.9618 -34.6142 -43.8388 -34.1091 -17.9431 28.9124 -2.1232 -45.9404 -38.0659 -25.6118 30.6363 12.0524 -44.3496 -41.8528 -31.5480 -9.5210 22.9372 -20.7955 -44.9697 -36.0405 -22.2174 33.2067 7.1810 -46.0972 -40.4524 -29.9054 1.7871 19.5591 -31.9406 -44.2292 -34.8711 -20.0395 31.5152 3.7355 -46.2756 -39.5629 -28.3923 13.6021 17.1266 -37.5010 -43.6068 -33.9575 -18.0130 29.4193 -0.1364 -46.1076 -37.3085
-45.1243 0.8854 29.9421 -18.5207 -34.1732 -43.7573 -36.3866 17.6802 10.8156 -28.7290 -39.7578 -46.2759 4.5057 31.9421 -20.4722 -35.0815 -44.3623 -30.4369 20.0383 -0.2423 -30.1403 -40.6103 -46.0175 7.6489 33.3197 -22.4590 -36.1576 -45.0268 -19.9654 23.1109 -9.7933 -31.5844 -41.8681 -44.3496 12.0081 30.7884 -25.5280 -38.0018 -45.9130 -2.6638 28.6437 -17.6469 -33.9771 -43.7397 -35.5017 18.5676 4.3023 -29.7828 -40.4343 -46.4845 -19.5762 -46.4845 -40.4343 -29.7828 4.3023 18.5676 -35.5017 -43.7397 -33.9771 -17.6469 28.6437 -2.6638 -45.9130 -38.0018 -25.5280 30.7884 12.0081 -44.3496 -41.8681 -31.5844 -9.7933 23.1109 -19.9654 -45.0268 -36.1576 -22.4590 33.3197 7.6489 -46.0175 -40.6103 -30.1403 -0.2423 20.0383 -30.4369 -44.3623 -35.0815 -20.4722 31.9421 4.5057 -46.2759 -39.7578 -28.7290 10.8156 17.6802 -36.3866 -43.7573 -34.1732 -18.5207 29.9421 0.8854 -45.1243
1.1140 30.4529 -19.0090 -34.3889 -43.9052 -35.1699 18.2410 8.0249 -29.0654 -39.9518 -46.2573 5.2357 32.3296 -20.8955 -35.2924 -44.4953 -28.7815 20.5408 -2.1900 -30.3481 -40.7791 -45.9107 8.1559 33.4037 -22.7371 -36.2991 -45.0968 -18.8298 23.3658 -10.2193 -31.6553 -41.9115 -44.2861 12.0524 30.7884 -25.4988 -37.9690 -45.8949 -3.0544 28.4442 -17.4124 -33.8690 -43.6554 -36.2397 18.2013 5.9961 -29.5917 -40.3898 -46.1212 5.2378 22.3005 5.2378 -46.1212 -40.3898 -29.5917 5.9961 18.2013 -36.2397 -43.6554 -33.8690 -17.4124 28.4442 -3.0544 -45.8949 -37.9690 -25.4988 30.7884 12.0524 -44.2861 -41.9115 -31.6553 -10.2193 23.3658 -18.8298 -45.0968 -36.2991 -22.7371 33.4037 8.1559 -45.9107 -40.7791 -30.3481 -2.1900 20.5408 -28.7815 -44.4953 -35.2924 -20.8955 32.3296 5.2357 -46.2573 -39.9518 -29.0654 8.0249 18.2410 -35.1699 -43.9052 -34.3889 -19.0090 30.4529 1.1140
30.6401 -19.4792 -34.6042 -44.0504 -33.8397 18.8110 5.3337 -29.4040 -40.1440 -46.2185 5.9354 32.6718 -21.3069 -35.5033 -44.6243 -27.0136 21.0582 -3.9924 -30.5659 -40.9562 -45.7730 8.6905 33.4342 -23.0446 -36.4606 -45.1775 -17.4459 23.6903 -10.7694 -31.7578 -41.9806 -44.1634 12.1831 30.6363 -25.5280 -37.9690 -45.8883 -3.2640 28.3179 -17.2463 -33.7899 -43.5898 -36.8196 17.8890 7.6052 -29.3849 -40.2839 -46.1269 6.8830 32.3875 -8.7206 32.3875 6.8830 -46.1269 -40.2839 -29.3849 7.6052 17.8890 -36.8196 -43.5898 -33.7899 -17.2463 28.3179 -3.2640 -45.8883 -37.9690 -25.5280 30.6363 12.1831 -44.1634 -41.9806 -31.7578 -10.7694 23.6903 -17.4459 -45.1775 -36.4606 -23.0446 33.4342 8.6905 -45.7730 -40.9562 -30.5659 -3.9924 21.0582 -27.0136 -44.6243 -35.5033 -21.3069 32.6718 5.9354 -46.2185 -40.1440 -29.4040 5.3337 18.8110 -33.8397 -44.0504 -34.6042 -19.4792 30.6401
-19.3471 -34.8185 -44.1923 -32.3996 19.3678 2.7954 -29.7426 -40.3350 -46.1575 6.6051 32.9627 -21.7080 -35.7148 -44.7493 -25.1534 21.5783 -5.6157 -30.7867 -41.1387 -45.6003 9.2413 33.3868 -23.3751 -36.6385 -45.2656 -15.8775 24.0733 -11.4074 -31.8890 -42.0744 -43.9758 12.3917 30.3247 -25.6118 -38.0018 -45.8949 -3.2640 28.2724 -17.1581 -33.7401 -43.5453 -37.2259 17.6472 8.9659 -29.2016 -40.1769 -46.1629 6.9513 33.1234 -21.0349 -31.3065 -21.0349 33.1234 6.9513 -46.1629 -40.1769 -29.2016 8.9659 17.6472 -37.2259 -43.5453 -33.7401 -17.1581 28.2724 -3.2640 -45.8949 -38.0018 -25.6118 30.3247 12.3917 -43.9758 -42.0744 -31.8890 -11.4074 24.0733 -15.8775 -45.2656 -36.6385 -23.3751 33.3868 9.2413 -45.6003 -41.1387 -30.7867 -5.6157 21.5783 -25.1534 -44.7493 -35.7148 -21.7080 32.9627 6.6051 -46.1575 -40.3350 -29.7426 2.7954 19.3678 -32.3996 -44.1923 -34.8185 -19.3471
-33.5681 -44.3310 -30.8493 19.8940 0.4475 -30.0413 -40.5266 -46.0726 7.2482 33.1917 -22.1025 -35.9249 -44.8714 -23.2056 22.1007 -7.0608 -31.0073 -41.3216 -45.3911 9.8032 33.2386 -23.7190 -36.8280 -45.3575 -14.1701 24.5088 -12.0940 -32.0437 -42.1888 -43.7181 12.6707 29.8410 -25.7441 -38.0659 -45.9130 -3.0544 28.3179 -17.1581 -33.7226 -43.5220 -37.4688 17.4849 9.9830 -29.0576 -40.0860 -46.1950 6.6987 33.1438 -22.0414 -35.4555 -42.2105 -35.4555 -22.0414 33.1438 6.6987 -46.1950 -40.0860 -29.0576 9.9830 17.4849 -37.4688 -43.5220 -33.7226 -17.1581 28.3179 -3.0544 -45.9130 -38.0659 -25.7441 29.8410 12.6707 -43.7181 -42.1888 -32.0437 -12.0940 24.5088 -14.1701 -45.3575 -36.8280 -23.7190 33.2386 9.8032 -45.3911 -41.3216 -31.0073 -7.0608 22.1007 -23.2056 -44.8714 -35.9249 -22.1025 33.1917 7.2482 -46.0726 -40.5266 -30.0413 0.4475 19.8940 -30.8493 -44.3310 -33.5681
-43.2202 -29.1989 20.4127 -1.6706 -30.2839 -40.7177 -45.9614 7.8719 33.3500 -22.4881 -36.1337 -44.9892 -21.1971 22.6295 -8.3537 -31.2282 -41.5028 -45.1454 10.3640 32.9676 -24.0721 -37.0272 -45.4511 -12.3790 24.9825 -12.8035 -32.2180 -42.3187 -43.3914 13.0157 29.1607 -25.9209 -38.1572 -45.9404 -2.6638 28.4442 -17.2463 -33.7401 -43.5220 -37.5525 17.4038 10.6048 -28.9597 -40.0166 -46.2175 6.4159 33.0649 -22.0986 -35.9477 -45.0900 -45.4727 -45.0900 -35.9477 -22.0986 33.0649 6.4159 -46.2175 -40.0166 -28.9597 10.6048 17.4038 -37.5525 -43.5220 -33.7401 -17.2463 28.4442 -2.6638 -45.9404 -38.1572 -25.9209 29.1607 13.0157 -43.3914 -42.3187 -32.2180 -12.8035 24.9825 -12.3790 -45.4511 -37.0272 -24.0721 32.9676 10.3640 -45.1454 -41.5028 -31.2282 -8.3537 22.6295 -21.1971 -44.9892 -36.1337 -22.4881 33.3500 7.8719 -45.9614 -40.7177 -30.2839 -1.6706 20.4127 -29.1989 -43.2202
-28.3099 20.9421 -3.5631 -30.5090 -40.9067 -45.8214 8.4804 33.4282 -22.8662 -36.3433 -45.1025 -19.1519 23.1607 -9.5236 -31.4478 -41.6838 -44.8602 10.9147 32.5598 -24.4293 -37.2314 -45.5445 -10.5722 25.4872 -13.5187 -32.4078 -42.4611 -42.9885 13.4113 28.2526 -26.1399 -38.2743 -45.9763 -2.1232 28.6437 -17.4124 -33.7899 -43.5453 -37.4688 17.4038 10.8111 -28.9106 -39.9743 -46.2310 6.1908 32.9733 -21.9847 -35.9809 -44.9919 -27.0835 10.9942 -27.0834 -44.9919 -35.9809 -21.9847 32.9732 6.1899 -46.2310 -39.9742 -28.9106 10.8111 17.4038 -37.4688 -43.5453 -33.7899 -17.4124 28.6437 -2.1232 -45.9763 -38.2743 -26.1399 28.2526 13.4113 -42.9885 -42.4611 -32.4078 -13.5187 25.4872 -10.5722 -45.5445 -37.2314 -24.4293 32.5598 10.9147 -44.8602 -41.6838 -31.4478 -9.5236 23.1607 -19.1519 -45.1025 -36.3433 -22.8662 33.4282 8.4804 -45.8214 -40.9067 -30.5090 -3.5631 20.9421 -28.3099
21.1312 -5.2449 -30.7333 -41.0942 -45.6505 9.0751 33.4136 -23.2398 -36.5515 -45.2136 -17.0875 23.6936 -10.5809 -31.6664 -41.8620 -44.5339 11.4602 32.0021 -24.7821 -37.4363 -45.6354 -8.8097 26.0175 -14.2245 -32.6082 -42.6119 -42.5061 13.8481 27.0989 -26.3917 -38.4126 -46.0189 -1.4479 28.9124 -17.6469 -33.8690 -43.5898 -37.2259 17.4849 10.6048 -28.9106 -39.9603 -46.2370 6.0481 32.9002 -21.8658 -35.9315 -44.9564 -22.1811 20.6843 32.3453 20.6853 -22.1796 -44.9562 -35.9303 -21.8651 32.8992 6.0429 -46.2372 -39.9600 -28.9106 10.6048 17.4849 -37.2259 -43.5898 -33.8690 -17.6469 28.9124 -1.4479 -46.0189 -38.4126 -26.3917 27.0989 13.8481 -42.5061 -42.6119 -32.6082 -14.2245 26.0175 -8.8097 -45.6354 -37.4363 -24.7821 32.0021 11.4602 -44.5339 -41.8620 -31.6664 -10.5809 23.6936 -17.0875 -45.2136 -36.5515 -23.2398 33.4136 9.0751 -45.6505 -41.0942 -30.7333 -5.2449 21.1312
-6.5692 -30.9564 -41.2799 -45.4463 9.6566 33.2923 -23.6097 -36.7584 -45.3197 -15.0453 24.2316 -11.5433 -31.8856 -42.0369 -44.1632 11.9988 31.2752 -25.1309 -37.6420 -45.7218 -7.1425 26.5582 -14.9115 -32.8174 -42.7699 -41.9436 14.3182 25.6807 -26.6689 -38.5685 -46.0661 -0.6823 29.2409 -17.9431 -33.9771 -43.6554 -36.8196 17.6472 9.9830 -28.9597 -39.9743 -46.2370 5.9981 32.8590 -21.7881 -35.8828 -44.9235 -21.4859 22.5190 -4.4189 -25.2980 -4.4348 22.5230 -21.4877 -44.9211 -35.8786 -21.7737 32.8521 5.9835 -46.2373 -39.9740 -28.9597 9.9830 17.6472 -36.8196 -43.6554 -33.9771 -17.9431 29.2409 -0.6823 -46.0661 -38.5685 -26.6689 25.6807 14.3182 -41.9436 -42.7699 -32.8174 -14.9115 26.5582 -7.1425 -45.7218 -37.6420 -25.1309 31.2752 11.9988 -44.1632 -42.0369 -31.8856 -11.5433 24.2316 -15.0453 -45.3197 -36.7584 -23.6097 33.2923 9.6566 -45.4463 -41.2799 -30.9564 -6.5692
-29.6413 -41.4634 -45.2066 10.2259 33.0509 -23.9758 -36.9669 -45.4201 -13.0571 24.7708 -12.4291 -32.1029 -42.2098 -43.7430 12.5314 30.3688 -25.4779 -37.8449 -45.8040 -5.5899 27.1000 -15.5625 -33.0315 -42.9305 -41.2927 14.8161 23.9735 -26.9682 -38.7391 -46.1155 0.1345 29.6201 -18.2859 -34.1091 -43.7397 -36.2397 17.8890 8.9659 -29.0576 -40.0166 -46.2310 6.0485 32.8591 -21.7825 -35.8891 -44.8411 -21.7458 22.7744 -8.2900 -30.6746 -37.6548 -30.6622 -8.3565 22.8006 -21.8188 -44.8691 -35.8116 -21.7427 32.8686 6.0321 -46.2311 -40.0164 -29.0576 8.9659 17.8890 -36.2397 -43.7397 -34.1091 -18.2859 29.6201 0.1345 -46.1155 -38.7391 -26.9682 23.9735 14.8161 -41.2927 -42.9305 -33.0315 -15.5625 27.1000 -5.5899 -45.8040 -37.8449 -25.4779 30.3688 12.5314 -43.7430 -42.2098 -32.1029 -12.4291 24.7708 -13.0571 -45.4201 -36.9669 -23.9758 33.0509 10.2259 -45.2066 -41.4634 -29.6413
-40.2844 -44.9320 10.7842 32.6756 -24.3368 -37.1753 -45.5181 -11.1365 25.3097 -13.2409 -32.3183 -42.3802 -43.2747 13.0585 29.2725 -25.8195 -38.0460 -45.8814 -4.1673 27.6384 -16.1738 -33.2451 -43.0889 -40.5562 15.3342 21.9766 -27.2834 -38.9196 -46.1645 0.9795 30.0358 -18.6614 -34.2614 -43.8388 -35.5017 18.2013 7.6052 -29.2016 -40.0860 -46.2175 6.1912 32.9005 -21.7887 -35.8693 -44.8934 -22.0769 22.8157 -8.9669 -31.3180 -41.4127 -46.7969 -41.4223 -31.3682 -8.9567 22.7481 -21.9561 -44.8415 -35.8118 -21.7276 32.8922 6.1852 -46.2176 -40.0859 -29.2016 7.6052 18.2013 -35.5017 -43.8388 -34.2614 -18.6614 30.0358 0.9795 -46.1645 -38.9196 -27.2834 21.9766 15.3342 -40.5562 -43.0889 -33.2451 -16.1738 27.6384 -4.1673 -45.8814 -38.0460 -25.8195 29.2725 13.0585 -43.2747 -42.3802 -32.3183 -13.2409 25.3097 -11.1365 -45.5181 -37.1753 -24.3368 32.6756 10.7842 -44.9320 -40.2844
-44.0440 11.3293 32.1600 -24.6885 -37.3803 -45.6118 -9.3285 25.8467 -13.9865 -32.5313 -42.5476 -42.7600 13.5753 27.9841 -26.1537 -38.2456 -45.9530 -2.8780 28.1659 -16.7469 -33.4558 -43.2463 -39.7521 15.8548 19.7379 -27.6073 -39.1062 -46.2102 1.8160 30.4687 -19.0572 -34.4295 -43.9499 -34.6142 18.5676 5.9961 -29.3849 -40.1770 -46.1950 6.4159 32.9735 -21.8695 -35.8842 -44.9077 -21.5451 22.6823 -9.3126 -31.4765 -41.7087 -45.5468 -6.9494 -45.6071 -41.7010 -31.4446 -9.3488 22.7584 -21.8831 -44.8774 -35.8369 -21.8605 32.9721 6.4159 -46.1950 -40.1769 -29.3849 5.9961 18.5676 -34.6142 -43.9499 -34.4295 -19.0572 30.4687 1.8160 -46.2102 -39.1062 -27.6073 19.7379 15.8548 -39.7521 -43.2463 -33.4558 -16.7469 28.1659 -2.8780 -45.9530 -38.2456 -26.1537 27.9841 13.5753 -42.7600 -42.5476 -32.5313 -13.9865 25.8467 -9.3285 -45.6118 -37.3803 -24.6885 32.1600 11.3293 -44.0440
