0.3695 0.5081 0.2752 0.1418 0.1736 0.2973 0.5121 0.3946 0.1491 0.1543 0.2401 0.4511 0.4724 0.1795 0.1438 0.1987 0.3619 0.5110 0.2934 0.1421 0.1703 0.2879 0.5080 0.4090 0.1515 0.1520 0.2316 0.4334 0.4843 0.2010 0.1420 0.1847 0.3159 0.5123 0.4266 0.1803 0.1430 0.1412 0.1412 0.1412 0.1412 0.1412 0.1412 0.1412 0.1412 0.1412 0.1412 0.1412 0.1412 0.1412 0.1412 0.1412 0.1412 0.1412 0.1412 0.1412 0.1412 0.1412 0.1412 0.1412 0.1412 0.1412 0.1412 0.1412 0.1430 0.1803 0.4266 0.5123 0.3159 0.1847 0.1420 0.2010 0.4843 0.4334 0.2316 0.1520 0.1515 0.4090 0.5080 0.2879 0.1703 0.1421 0.2934 0.5110 0.3619 0.1987 0.1438 0.1795 0.4724 0.4511 0.2401 0.1543 0.1491 0.3946 0.5121 0.2973 0.1736 0.1418 0.2752 0.5081 0.3695
0.5081 0.2753 0.1359 0.1694 0.2946 0.5128 0.3977 0.1439 0.1493 0.2365 0.4499 0.4745 0.1778 0.1382 0.1947 0.3596 0.5123 0.2974 0.1363 0.1658 0.2850 0.5084 0.4118 0.1464 0.1470 0.2286 0.4337 0.4849 0.1973 0.1365 0.1835 0.3246 0.5164 0.3939 0.1497 0.1369 0.1552 0.1641 0.1648 0.1648 0.1648 0.1648 0.1648 0.1648 0.1648 0.1648 0.1648 0.1648 0.1648 0.1648 0.1649 0.1648 0.1648 0.1648 0.1648 0.1648 0.1648 0.1648 0.1648 0.1648 0.1648 0.1648 0.1648 0.1641 0.1552 0.1369 0.1497 0.3939 0.5164 0.3246 0.1835 0.1365 0.1973 0.4849 0.4337 0.2286 0.1470 0.1464 0.4118 0.5084 0.2850 0.1658 0.1363 0.2974 0.5123 0.3596 0.1947 0.1382 0.1778 0.4745 0.4499 0.2365 0.1493 0.1439 0.3977 0.5128 0.2946 0.1694 0.1359 0.2753 0.5081
0.2752 0.1359 0.1689 0.2924 0.5117 0.4023 0.1447 0.1485 0.2339 0.4450 0.4776 0.1819 0.1378 0.1928 0.3549 0.5134 0.3049 0.1365 0.1645 0.2814 0.5063 0.4167 0.1474 0.1463 0.2263 0.4296 0.4867 0.2003 0.1365 0.1839 0.3279 0.5168 0.3751 0.1436 0.1430 0.1903 0.2599 0.2900 0.2922 0.2923 0.2923 0.2923 0.2923 0.2923 0.2923 0.2923 0.2923 0.2923 0.2923 0.2923 0.2923 0.2923 0.2923 0.2923 0.2923 0.2923 0.2923 0.2923 0.2923 0.2923 0.2923 0.2923 0.2922 0.2900 0.2599 0.1903 0.1430 0.1436 0.3751 0.5168 0.3279 0.1839 0.1365 0.2003 0.4867 0.4296 0.2263 0.1463 0.1474 0.4167 0.5063 0.2814 0.1645 0.1365 0.3049 0.5134 0.3549 0.1928 0.1378 0.1819 0.4776 0.4450 0.2339 0.1485 0.1447 0.4023 0.5117 0.2924 0.1689 0.1359 0.2752
0.1418 0.1694 0.2924 0.5113 0.4050 0.1453 0.1479 0.2316 0.4404 0.4804 0.1864 0.1374 0.1909 0.3503 0.5143 0.3123 0.1367 0.1632 0.2779 0.5039 0.4215 0.1486 0.1456 0.2240 0.4252 0.4887 0.2045 0.1364 0.1835 0.3285 0.5169 0.3649 0.1413 0.1476 0.2146 0.3500 0.4895 0.5119 0.5126 0.5126 0.5126 0.5126 0.5126 0.5126 0.5126 0.5126 0.5126 0.5126 0.5126 0.5126 0.5126 0.5126 0.5126 0.5126 0.5126 0.5126 0.5126 0.5126 0.5126 0.5126 0.5126 0.5126 0.5126 0.5119 0.4895 0.3500 0.2146 0.1476 0.1413 0.3649 0.5169 0.3285 0.1835 0.1364 0.2045 0.4887 0.4252 0.2240 0.1456 0.1486 0.4215 0.5039 0.2779 0.1632 0.1367 0.3123 0.5143 0.3503 0.1909 0.1374 0.1864 0.4804 0.4404 0.2316 0.1479 0.1453 0.4050 0.5113 0.2924 0.1694 0.1418
0.1736 0.2946 0.5117 0.4050 0.1456 0.1475 0.2300 0.4367 0.4827 0.1908 0.1371 0.1892 0.3459 0.5150 0.3194 0.1370 0.1620 0.2744 0.5012 0.4263 0.1498 0.1449 0.2216 0.4205 0.4909 0.2095 0.1363 0.1827 0.3275 0.5170 0.3602 0.1403 0.1506 0.2297 0.4033 0.5133 0.4380 0.3825 0.3777 0.3776 0.3776 0.3776 0.3776 0.3776 0.3776 0.3776 0.3776 0.3776 0.3775 0.3775 0.3775 0.3775 0.3775 0.3776 0.3776 0.3776 0.3776 0.3776 0.3776 0.3776 0.3776 0.3776 0.3777 0.3825 0.4380 0.5133 0.4033 0.2297 0.1506 0.1403 0.3602 0.5170 0.3275 0.1827 0.1363 0.2095 0.4909 0.4205 0.2216 0.1449 0.1498 0.4263 0.5012 0.2744 0.1620 0.1370 0.3194 0.5150 0.3459 0.1892 0.1371 0.1908 0.4827 0.4367 0.2300 0.1475 0.1456 0.4050 0.5117 0.2946 0.1736
0.2973 0.5128 0.4023 0.1453 0.1475 0.2294 0.4346 0.4842 0.1944 0.1369 0.1877 0.3419 0.5157 0.3261 0.1373 0.1608 0.2711 0.4982 0.4309 0.1511 0.1442 0.2193 0.4156 0.4931 0.2153 0.1361 0.1816 0.3254 0.5170 0.3593 0.1399 0.1523 0.2386 0.4331 0.4989 0.3181 0.1522 0.1406 0.1401 0.1401 0.1401 0.1401 0.1401 0.1401 0.1401 0.1401 0.1401 0.1401 0.1401 0.1401 0.1401 0.1401 0.1401 0.1401 0.1401 0.1401 0.1401 0.1401 0.1401 0.1401 0.1401 0.1401 0.1401 0.1406 0.1522 0.3181 0.4989 0.4331 0.2386 0.1523 0.1399 0.3593 0.5170 0.3254 0.1816 0.1361 0.2153 0.4931 0.4156 0.2193 0.1442 0.1511 0.4309 0.4982 0.2711 0.1608 0.1373 0.3261 0.5157 0.3419 0.1877 0.1369 0.1944 0.4842 0.4346 0.2294 0.1475 0.1453 0.4023 0.5128 0.2973
0.5121 0.3977 0.1447 0.1479 0.2300 0.4346 0.4848 0.1965 0.1368 0.1865 0.3387 0.5161 0.3320 0.1376 0.1597 0.2679 0.4951 0.4353 0.1525 0.1436 0.2169 0.4105 0.4953 0.2216 0.1360 0.1803 0.3226 0.5170 0.3609 0.1399 0.1531 0.2435 0.4492 0.4861 0.2407 0.1361 0.1408 0.1489 0.1498 0.1498 0.1498 0.1498 0.1498 0.1498 0.1498 0.1498 0.1498 0.1498 0.1498 0.1498 0.1498 0.1498 0.1498 0.1498 0.1498 0.1498 0.1498 0.1498 0.1498 0.1498 0.1498 0.1498 0.1498 0.1489 0.1408 0.1361 0.2407 0.4861 0.4492 0.2435 0.1531 0.1399 0.3609 0.5170 0.3226 0.1803 0.1360 0.2216 0.4953 0.4105 0.2169 0.1436 0.1525 0.4353 0.4951 0.2679 0.1597 0.1376 0.3320 0.5161 0.3387 0.1865 0.1368 0.1965 0.4848 0.4346 0.2300 0.1479 0.1447 0.3977 0.5121
0.3946 0.1439 0.1485 0.2316 0.4367 0.4842 0.1965 0.1367 0.1859 0.3365 0.5164 0.3368 0.1379 0.1588 0.2651 0.4920 0.4394 0.1540 0.1430 0.2146 0.4056 0.4974 0.2283 0.1359 0.1789 0.3193 0.5170 0.3641 0.1401 0.1533 0.2456 0.4574 0.4775 0.2027 0.1351 0.1588 0.2104 0.2425 0.2458 0.2460 0.2460 0.2460 0.2460 0.2460 0.2460 0.2460 0.2460 0.2460 0.2460 0.2460 0.2460 0.2460 0.2460 0.2460 0.2460 0.2460 0.2460 0.2460 0.2460 0.2460 0.2460 0.2460 0.2458 0.2425 0.2104 0.1588 0.1351 0.2027 0.4775 0.4574 0.2456 0.1533 0.1401 0.3641 0.5170 0.3193 0.1789 0.1359 0.2283 0.4974 0.4056 0.2146 0.1430 0.1540 0.4394 0.4920 0.2651 0.1588 0.1379 0.3368 0.5164 0.3365 0.1859 0.1367 0.1965 0.4842 0.4367 0.2316 0.1485 0.1439 0.3946
0.1491 0.1493 0.2339 0.4404 0.4827 0.1944 0.1368 0.1859 0.3358 0.5165 0.3400 0.1382 0.1581 0.2627 0.4890 0.4430 0.1555 0.1424 0.2124 0.4007 0.4994 0.2351 0.1358 0.1775 0.3158 0.5168 0.3683 0.1404 0.1531 0.2461 0.4610 0.4726 0.1861 0.1359 0.1726 0.2666 0.4025 0.4702 0.4759 0.4760 0.4760 0.4761 0.4761 0.4761 0.4761 0.4761 0.4761 0.4761 0.4761 0.4761 0.4761 0.4761 0.4761 0.4761 0.4761 0.4761 0.4761 0.4761 0.4761 0.4761 0.4760 0.4760 0.4759 0.4702 0.4025 0.2666 0.1726 0.1359 0.1861 0.4726 0.4610 0.2461 0.1531 0.1404 0.3683 0.5168 0.3158 0.1775 0.1358 0.2351 0.4994 0.4007 0.2124 0.1424 0.1555 0.4430 0.4890 0.2627 0.1581 0.1382 0.3400 0.5165 0.3358 0.1859 0.1368 0.1944 0.4827 0.4404 0.2339 0.1493 0.1491
0.1543 0.2365 0.4450 0.4804 0.1908 0.1369 0.1865 0.3365 0.5165 0.3411 0.1383 0.1576 0.2609 0.4865 0.4460 0.1568 0.1419 0.2105 0.3962 0.5012 0.2420 0.1358 0.1760 0.3122 0.5165 0.3731 0.1408 0.1526 0.2454 0.4617 0.4703 0.1791 0.1369 0.1815 0.3024 0.4925 0.4961 0.4520 0.4457 0.4456 0.4455 0.4455 0.4455 0.4455 0.4455 0.4455 0.4455 0.4455 0.4455 0.4455 0.4455 0.4455 0.4455 0.4455 0.4455 0.4455 0.4455 0.4455 0.4455 0.4455 0.4455 0.4456 0.4457 0.4520 0.4961 0.4925 0.3024 0.1815 0.1369 0.1791 0.4703 0.4617 0.2454 0.1526 0.1408 0.3731 0.5165 0.3122 0.1760 0.1358 0.2420 0.5012 0.3962 0.2105 0.1419 0.1568 0.4460 0.4865 0.2609 0.1576 0.1383 0.3411 0.5165 0.3365 0.1865 0.1369 0.1908 0.4804 0.4450 0.2365 0.1543
0.2401 0.4499 0.4776 0.1864 0.1371 0.1877 0.3387 0.5164 0.3400 0.1383 0.1574 0.2600 0.4849 0.4482 0.1580 0.1415 0.2088 0.3921 0.5028 0.2486 0.1357 0.1746 0.3086 0.5161 0.3780 0.1413 0.1520 0.2441 0.4606 0.4699 0.1765 0.1375 0.1869 0.3241 0.5137 0.4391 0.2276 0.1573 0.1544 0.1543 0.1543 0.1543 0.1543 0.1543 0.1543 0.1543 0.1543 0.1543 0.1543 0.1543 0.1543 0.1543 0.1543 0.1543 0.1543 0.1543 0.1543 0.1543 0.1543 0.1543 0.1543 0.1543 0.1544 0.1573 0.2276 0.4391 0.5137 0.3241 0.1869 0.1375 0.1765 0.4699 0.4606 0.2441 0.1520 0.1413 0.3780 0.5161 0.3086 0.1746 0.1357 0.2486 0.5028 0.3921 0.2088 0.1415 0.1580 0.4482 0.4849 0.2600 0.1574 0.1383 0.3400 0.5164 0.3387 0.1877 0.1371 0.1864 0.4776 0.4499 0.2401
0.4511 0.4745 0.1819 0.1374 0.1892 0.3419 0.5161 0.3368 0.1382 0.1576 0.2600 0.4843 0.4493 0.1588 0.1412 0.2074 0.3887 0.5041 0.2545 0.1357 0.1734 0.3052 0.5155 0.3831 0.1419 0.1513 0.2422 0.4583 0.4707 0.1760 0.1378 0.1899 0.3369 0.5166 0.3936 0.1538 0.1346 0.1391 0.1400 0.1400 0.1400 0.1400 0.1400 0.1400 0.1400 0.1400 0.1400 0.1400 0.1400 0.1400 0.1400 0.1400 0.1400 0.1400 0.1400 0.1400 0.1400 0.1400 0.1400 0.1400 0.1400 0.1400 0.1400 0.1391 0.1346 0.1538 0.3936 0.5166 0.3369 0.1899 0.1378 0.1760 0.4707 0.4583 0.2422 0.1513 0.1419 0.3831 0.5155 0.3052 0.1734 0.1357 0.2545 0.5041 0.3887 0.2074 0.1412 0.1588 0.4493 0.4843 0.2600 0.1576 0.1382 0.3368 0.5161 0.3419 0.1892 0.1374 0.1819 0.4745 0.4511
0.4724 0.1778 0.1378 0.1909 0.3459 0.5157 0.3320 0.1379 0.1581 0.2609 0.4849 0.4493 0.1591 0.1411 0.2066 0.3862 0.5051 0.2595 0.1357 0.1723 0.3021 0.5148 0.3879 0.1425 0.1506 0.2402 0.4552 0.4722 0.1769 0.1379 0.1912 0.3439 0.5163 0.3636 0.1432 0.1411 0.1751 0.2052 0.2098 0.2100 0.2100 0.2100 0.2100 0.2100 0.2100 0.2100 0.2100 0.2100 0.2100 0.2100 0.2100 0.2100 0.2100 0.2100 0.2100 0.2100 0.2100 0.2100 0.2100 0.2100 0.2100 0.2100 0.2098 0.2052 0.1751 0.1411 0.1432 0.3636 0.5163 0.3439 0.1912 0.1379 0.1769 0.4722 0.4552 0.2402 0.1506 0.1425 0.3879 0.5148 0.3021 0.1723 0.1357 0.2595 0.5051 0.3862 0.2066 0.1411 0.1591 0.4493 0.4849 0.2609 0.1581 0.1379 0.3320 0.5157 0.3459 0.1909 0.1378 0.1778 0.4724
0.1795 0.1382 0.1928 0.3503 0.5150 0.3261 0.1376 0.1588 0.2627 0.4865 0.4482 0.1588 0.1411 0.2063 0.3849 0.5057 0.2632 0.1358 0.1713 0.2994 0.5141 0.3923 0.1432 0.1499 0.2380 0.4517 0.4742 0.1788 0.1378 0.1916 0.3470 0.5157 0.3454 0.1399 0.1478 0.2086 0.3147 0.3959 0.4078 0.4083 0.4083 0.4083 0.4083 0.4083 0.4083 0.4083 0.4083 0.4083 0.4083 0.4083 0.4083 0.4083 0.4083 0.4083 0.4083 0.4083 0.4083 0.4083 0.4083 0.4083 0.4083 0.4083 0.4078 0.3959 0.3147 0.2086 0.1478 0.1399 0.3454 0.5157 0.3470 0.1916 0.1378 0.1788 0.4742 0.4517 0.2380 0.1499 0.1432 0.3923 0.5141 0.2994 0.1713 0.1358 0.2632 0.5057 0.3849 0.2063 0.1411 0.1588 0.4482 0.4865 0.2627 0.1588 0.1376 0.3261 0.5150 0.3503 0.1928 0.1382 0.1795
0.1438 0.1947 0.3549 0.5143 0.3194 0.1373 0.1597 0.2651 0.4890 0.4460 0.1580 0.1412 0.2066 0.3849 0.5060 0.2651 0.1358 0.1707 0.2973 0.5134 0.3960 0.1438 0.1493 0.2360 0.4481 0.4763 0.1813 0.1377 0.1912 0.3477 0.5154 0.3352 0.1385 0.1524 0.2308 0.3923 0.5154 0.4961 0.4898 0.4896 0.4896 0.4896 0.4896 0.4896 0.4896 0.4896 0.4896 0.4896 0.4896 0.4896 0.4896 0.4896 0.4896 0.4896 0.4896 0.4896 0.4896 0.4896 0.4896 0.4896 0.4896 0.4896 0.4898 0.4961 0.5154 0.3923 0.2308 0.1524 0.1385 0.3352 0.5154 0.3477 0.1912 0.1377 0.1813 0.4763 0.4481 0.2360 0.1493 0.1438 0.3960 0.5134 0.2973 0.1707 0.1358 0.2651 0.5060 0.3849 0.2066 0.1412 0.1580 0.4460 0.4890 0.2651 0.1597 0.1373 0.3194 0.5143 0.3549 0.1947 0.1438
0.1987 0.3596 0.5134 0.3123 0.1370 0.1608 0.2679 0.4920 0.4430 0.1568 0.1415 0.2074 0.3862 0.5057 0.2651 0.1358 0.1703 0.2960 0.5129 0.3989 0.1443 0.1488 0.2342 0.4446 0.4784 0.1842 0.1375 0.1905 0.3469 0.5153 0.3306 0.1379 0.1553 0.2446 0.4363 0.5022 0.3649 0.2217 0.2007 0.2000 0.2000 0.2000 0.2000 0.2000 0.2000 0.2000 0.2000 0.2000 0.2000 0.2000 0.2000 0.2000 0.2000 0.2000 0.2000 0.2000 0.2000 0.2000 0.2000 0.2000 0.2000 0.2000 0.2007 0.2217 0.3649 0.5022 0.4363 0.2446 0.1553 0.1379 0.3306 0.5153 0.3469 0.1905 0.1375 0.1842 0.4784 0.4446 0.2342 0.1488 0.1443 0.3989 0.5129 0.2960 0.1703 0.1358 0.2651 0.5057 0.3862 0.2074 0.1415 0.1568 0.4430 0.4920 0.2679 0.1608 0.1370 0.3123 0.5134 0.3596 0.1987
0.3619 0.5123 0.3049 0.1367 0.1620 0.2711 0.4951 0.4394 0.1555 0.1419 0.2088 0.3887 0.5051 0.2632 0.1358 0.1703 0.2955 0.5125 0.4007 0.1446 0.1483 0.2327 0.4415 0.4802 0.1872 0.1373 0.1896 0.3452 0.5154 0.3294 0.1377 0.1570 0.2529 0.4603 0.4837 0.2530 0.1387 0.1346 0.1350 0.1351 0.1351 0.1351 0.1351 0.1351 0.1351 0.1351 0.1351 0.1351 0.1351 0.1351 0.1351 0.1351 0.1351 0.1351 0.1351 0.1351 0.1351 0.1351 0.1351 0.1351 0.1351 0.1351 0.1350 0.1346 0.1387 0.2530 0.4837 0.4603 0.2529 0.1570 0.1377 0.3294 0.5154 0.3452 0.1896 0.1373 0.1872 0.4802 0.4415 0.2327 0.1483 0.1446 0.4007 0.5125 0.2955 0.1703 0.1358 0.2632 0.5051 0.3887 0.2088 0.1419 0.1555 0.4394 0.4951 0.2711 0.1620 0.1367 0.3049 0.5123 0.3619
0.5110 0.2974 0.1365 0.1632 0.2744 0.4982 0.4353 0.1540 0.1424 0.2105 0.3921 0.5041 0.2595 0.1358 0.1707 0.2960 0.5125 0.4013 0.1449 0.1481 0.2316 0.4391 0.4818 0.1900 0.1371 0.1886 0.3431 0.5157 0.3304 0.1377 0.1578 0.2576 0.4730 0.4699 0.1967 0.1349 0.1516 0.1766 0.1823 0.1825 0.1825 0.1825 0.1825 0.1826 0.1826 0.1826 0.1826 0.1826 0.1826 0.1826 0.1826 0.1826 0.1826 0.1826 0.1826 0.1826 0.1826 0.1826 0.1825 0.1825 0.1825 0.1825 0.1823 0.1766 0.1516 0.1349 0.1967 0.4699 0.4730 0.2576 0.1578 0.1377 0.3304 0.5157 0.3431 0.1886 0.1371 0.1900 0.4818 0.4391 0.2316 0.1481 0.1449 0.4013 0.5125 0.2960 0.1707 0.1358 0.2595 0.5041 0.3921 0.2105 0.1424 0.1540 0.4353 0.4982 0.2744 0.1632 0.1365 0.2974 0.5110
0.2934 0.1363 0.1645 0.2779 0.5012 0.4309 0.1525 0.1430 0.2124 0.3962 0.5028 0.2545 0.1357 0.1713 0.2973 0.5129 0.4007 0.1449 0.1480 0.2310 0.4376 0.4828 0.1923 0.1370 0.1877 0.3409 0.5159 0.3326 0.1378 0.1581 0.2599 0.4795 0.4607 0.1752 0.1361 0.1704 0.2469 0.3232 0.3403 0.3411 0.3411 0.3411 0.3411 0.3411 0.3411 0.3411 0.3411 0.3411 0.3411 0.3411 0.3411 0.3411 0.3411 0.3411 0.3411 0.3411 0.3411 0.3411 0.3411 0.3411 0.3411 0.3411 0.3403 0.3232 0.2469 0.1704 0.1361 0.1752 0.4607 0.4795 0.2599 0.1581 0.1378 0.3326 0.5159 0.3409 0.1877 0.1370 0.1923 0.4828 0.4376 0.2310 0.1480 0.1449 0.4007 0.5129 0.2973 0.1713 0.1357 0.2545 0.5028 0.3962 0.2124 0.1430 0.1525 0.4309 0.5012 0.2779 0.1645 0.1363 0.2934
0.1421 0.1658 0.2814 0.5039 0.4263 0.1511 0.1436 0.2146 0.4007 0.5012 0.2486 0.1357 0.1723 0.2994 0.5134 0.3989 0.1446 0.1481 0.2310 0.4371 0.4834 0.1938 0.1369 0.1870 0.3391 0.5162 0.3351 0.1379 0.1581 0.2607 0.4826 0.4553 0.1668 0.1377 0.1835 0.2980 0.4696 0.5148 0.5122 0.5121 0.5121 0.5121 0.5121 0.5121 0.5121 0.5121 0.5121 0.5121 0.5121 0.5121 0.5121 0.5121 0.5121 0.5121 0.5121 0.5121 0.5121 0.5121 0.5121 0.5121 0.5121 0.5121 0.5122 0.5148 0.4696 0.2980 0.1835 0.1377 0.1668 0.4553 0.4826 0.2607 0.1581 0.1379 0.3351 0.5162 0.3391 0.1870 0.1369 0.1938 0.4834 0.4371 0.2310 0.1481 0.1446 0.3989 0.5134 0.2994 0.1723 0.1357 0.2486 0.5012 0.4007 0.2146 0.1436 0.1511 0.4263 0.5039 0.2814 0.1658 0.1421
0.1703 0.2850 0.5063 0.4215 0.1498 0.1442 0.2169 0.4056 0.4994 0.2420 0.1357 0.1734 0.3021 0.5141 0.3960 0.1443 0.1483 0.2316 0.4376 0.4834 0.1944 0.1368 0.1865 0.3377 0.5163 0.3375 0.1380 0.1579 0.2607 0.4838 0.4525 0.1631 0.1389 0.1919 0.3301 0.5126 0.4593 0.3377 0.3008 0.2992 0.2991 0.2991 0.2991 0.2991 0.2991 0.2991 0.2991 0.2991 0.2991 0.2991 0.2991 0.2991 0.2991 0.2991 0.2991 0.2991 0.2991 0.2991 0.2991 0.2991 0.2991 0.2992 0.3008 0.3377 0.4593 0.5126 0.3301 0.1919 0.1389 0.1631 0.4525 0.4838 0.2607 0.1579 0.1380 0.3375 0.5163 0.3377 0.1865 0.1368 0.1944 0.4834 0.4376 0.2316 0.1483 0.1443 0.3960 0.5141 0.3021 0.1734 0.1357 0.2420 0.4994 0.4056 0.2169 0.1442 0.1498 0.4215 0.5063 0.2850 0.1703
0.2879 0.5084 0.4167 0.1486 0.1449 0.2193 0.4105 0.4974 0.2351 0.1358 0.1746 0.3052 0.5148 0.3923 0.1438 0.1488 0.2327 0.4391 0.4828 0.1938 0.1368 0.1864 0.3370 0.5164 0.3393 0.1382 0.1576 0.2603 0.4839 0.4513 0.1614 0.1397 0.1971 0.3500 0.5163 0.3970 0.1636 0.1367 0.1353 0.1353 0.1353 0.1353 0.1353 0.1353 0.1353 0.1353 0.1353 0.1353 0.1353 0.1353 0.1353 0.1353 0.1353 0.1353 0.1353 0.1353 0.1353 0.1353 0.1353 0.1353 0.1353 0.1353 0.1353 0.1367 0.1636 0.3970 0.5163 0.3500 0.1971 0.1397 0.1614 0.4513 0.4839 0.2603 0.1576 0.1382 0.3393 0.5164 0.3370 0.1864 0.1368 0.1938 0.4828 0.4391 0.2327 0.1488 0.1438 0.3923 0.5148 0.3052 0.1746 0.1358 0.2351 0.4974 0.4105 0.2193 0.1449 0.1486 0.4167 0.5084 0.2879
0.5080 0.4118 0.1474 0.1456 0.2216 0.4156 0.4953 0.2283 0.1358 0.1760 0.3086 0.5155 0.3879 0.1432 0.1493 0.2342 0.4415 0.4818 0.1923 0.1369 0.1865 0.3370 0.5165 0.3402 0.1383 0.1574 0.2598 0.4836 0.4510 0.1607 0.1401 0.2003 0.3622 0.5145 0.3520 0.1434 0.1383 0.1557 0.1618 0.1622 0.1622 0.1622 0.1622 0.1622 0.1622 0.1622 0.1622 0.1622 0.1622 0.1622 0.1622 0.1622 0.1622 0.1622 0.1622 0.1622 0.1622 0.1622 0.1622 0.1622 0.1622 0.1622 0.1618 0.1557 0.1383 0.1434 0.3520 0.5145 0.3622 0.2003 0.1401 0.1607 0.4510 0.4836 0.2598 0.1574 0.1383 0.3402 0.5165 0.3370 0.1865 0.1369 0.1923 0.4818 0.4415 0.2342 0.1493 0.1432 0.3879 0.5155 0.3086 0.1760 0.1358 0.2283 0.4953 0.4156 0.2216 0.1456 0.1474 0.4118 0.5080
0.4090 0.1464 0.1463 0.2240 0.4205 0.4931 0.2216 0.1359 0.1775 0.3122 0.5161 0.3831 0.1425 0.1499 0.2360 0.4446 0.4802 0.1900 0.1370 0.1870 0.3377 0.5164 0.3402 0.1383 0.1573 0.2594 0.4832 0.4511 0.1604 0.1404 0.2021 0.3695 0.5123 0.3228 0.1386 0.1473 0.1984 0.2625 0.2830 0.2842 0.2842 0.2842 0.2842 0.2842 0.2842 0.2842 0.2842 0.2842 0.2842 0.2842 0.2842 0.2842 0.2842 0.2842 0.2842 0.2842 0.2842 0.2842 0.2842 0.2842 0.2842 0.2842 0.2830 0.2625 0.1984 0.1473 0.1386 0.3228 0.5123 0.3695 0.2021 0.1404 0.1604 0.4511 0.4832 0.2594 0.1573 0.1383 0.3402 0.5164 0.3377 0.1870 0.1370 0.1900 0.4802 0.4446 0.2360 0.1499 0.1425 0.3831 0.5161 0.3122 0.1775 0.1359 0.2216 0.4931 0.4205 0.2240 0.1463 0.1464 0.4090
0.1515 0.1470 0.2263 0.4252 0.4909 0.2153 0.1360 0.1789 0.3158 0.5165 0.3780 0.1419 0.1506 0.2380 0.4481 0.4784 0.1872 0.1371 0.1877 0.3391 0.5163 0.3393 0.1383 0.1573 0.2592 0.4829 0.4513 0.1604 0.1405 0.2030 0.3736 0.5106 0.3045 0.1370 0.1543 0.2303 0.3716 0.4935 0.5094 0.5099 0.5099 0.5099 0.5099 0.5099 0.5099 0.5099 0.5099 0.5099 0.5099 0.5099 0.5099 0.5099 0.5099 0.5099 0.5099 0.5099 0.5099 0.5099 0.5099 0.5099 0.5099 0.5099 0.5094 0.4935 0.3716 0.2303 0.1543 0.1370 0.3045 0.5106 0.3736 0.2030 0.1405 0.1604 0.4513 0.4829 0.2592 0.1573 0.1383 0.3393 0.5163 0.3391 0.1877 0.1371 0.1872 0.4784 0.4481 0.2380 0.1506 0.1419 0.3780 0.5165 0.3158 0.1789 0.1360 0.2153 0.4909 0.4252 0.2263 0.1470 0.1515
0.1520 0.2286 0.4296 0.4887 0.2095 0.1361 0.1803 0.3193 0.5168 0.3731 0.1413 0.1513 0.2402 0.4517 0.4763 0.1842 0.1373 0.1886 0.3409 0.5162 0.3375 0.1382 0.1574 0.2594 0.4829 0.4514 0.1604 0.1405 0.2035 0.3758 0.5096 0.2935 0.1364 0.1590 0.2510 0.4368 0.5079 0.4315 0.3937 0.3915 0.3914 0.3914 0.3914 0.3914 0.3914 0.3914 0.3914 0.3914 0.3914 0.3914 0.3914 0.3914 0.3914 0.3914 0.3914 0.3914 0.3914 0.3914 0.3914 0.3914 0.3914 0.3915 0.3937 0.4315 0.5079 0.4368 0.2510 0.1590 0.1364 0.2935 0.5096 0.3758 0.2035 0.1405 0.1604 0.4514 0.4829 0.2594 0.1574 0.1382 0.3375 0.5162 0.3409 0.1886 0.1373 0.1842 0.4763 0.4517 0.2402 0.1513 0.1413 0.3731 0.5168 0.3193 0.1803 0.1361 0.2095 0.4887 0.4296 0.2286 0.1520
0.2316 0.4337 0.4867 0.2045 0.1363 0.1816 0.3226 0.5170 0.3683 0.1408 0.1520 0.2422 0.4552 0.4742 0.1813 0.1375 0.1896 0.3431 0.5159 0.3351 0.1380 0.1576 0.2598 0.4832 0.4513 0.1604 0.1405 0.2037 0.3769 0.5090 0.2872 0.1361 0.1621 0.2642 0.4711 0.4829 0.2807 0.1499 0.1422 0.1419 0.1419 0.1419 0.1419 0.1419 0.1419 0.1419 0.1419 0.1419 0.1419 0.1419 0.1419 0.1419 0.1419 0.1419 0.1419 0.1419 0.1419 0.1419 0.1419 0.1419 0.1419 0.1419 0.1422 0.1499 0.2807 0.4829 0.4711 0.2642 0.1621 0.1361 0.2872 0.5090 0.3769 0.2037 0.1405 0.1604 0.4513 0.4832 0.2598 0.1576 0.1380 0.3351 0.5159 0.3431 0.1896 0.1375 0.1813 0.4742 0.4552 0.2422 0.1520 0.1408 0.3683 0.5170 0.3226 0.1816 0.1363 0.2045 0.4867 0.4337 0.2316
0.4334 0.4849 0.2003 0.1364 0.1827 0.3254 0.5170 0.3641 0.1404 0.1526 0.2441 0.4583 0.4722 0.1788 0.1377 0.1905 0.3452 0.5157 0.3326 0.1379 0.1579 0.2603 0.4836 0.4511 0.1604 0.1405 0.2037 0.3772 0.5088 0.2840 0.1360 0.1640 0.2724 0.4882 0.4616 0.1947 0.1349 0.1415 0.1468 0.1472 0.1472 0.1472 0.1472 0.1472 0.1472 0.1472 0.1472 0.1472 0.1472 0.1472 0.1472 0.1472 0.1472 0.1472 0.1472 0.1472 0.1472 0.1472 0.1472 0.1472 0.1472 0.1472 0.1468 0.1415 0.1349 0.1947 0.4616 0.4882 0.2724 0.1640 0.1360 0.2840 0.5088 0.3772 0.2037 0.1405 0.1604 0.4511 0.4836 0.2603 0.1579 0.1379 0.3326 0.5157 0.3452 0.1905 0.1377 0.1788 0.4722 0.4583 0.2441 0.1526 0.1404 0.3641 0.5170 0.3254 0.1827 0.1364 0.2003 0.4849 0.4334
0.4843 0.1973 0.1365 0.1835 0.3275 0.5170 0.3609 0.1401 0.1531 0.2454 0.4606 0.4707 0.1769 0.1378 0.1912 0.3469 0.5154 0.3304 0.1378 0.1581 0.2607 0.4839 0.4510 0.1604 0.1405 0.2035 0.3769 0.5088 0.2830 0.1360 0.1650 0.2770 0.4964 0.4469 0.1674 0.1360 0.1647 0.2132 0.2341 0.2356 0.2357 0.2357 0.2357 0.2357 0.2357 0.2357 0.2357 0.2357 0.2357 0.2357 0.2357 0.2357 0.2357 0.2357 0.2357 0.2357 0.2357 0.2357 0.2357 0.2357 0.2357 0.2356 0.2341 0.2132 0.1647 0.1360 0.1674 0.4469 0.4964 0.2770 0.1650 0.1360 0.2830 0.5088 0.3769 0.2035 0.1405 0.1604 0.4510 0.4839 0.2607 0.1581 0.1378 0.3304 0.5154 0.3469 0.1912 0.1378 0.1769 0.4707 0.4606 0.2454 0.1531 0.1401 0.3609 0.5170 0.3275 0.1835 0.1365 0.1973 0.4843
0.2010 0.1365 0.1839 0.3286 0.5170 0.3593 0.1399 0.1533 0.2461 0.4617 0.4699 0.1760 0.1379 0.1916 0.3477 0.5153 0.3294 0.1377 0.1581 0.2607 0.4838 0.4513 0.1607 0.1404 0.2030 0.3758 0.5090 0.2840 0.1360 0.1653 0.2792 0.5001 0.4379 0.1587 0.1384 0.1829 0.2828 0.4075 0.4530 0.4558 0.4559 0.4559 0.4559 0.4559 0.4559 0.4559 0.4559 0.4559 0.4559 0.4559 0.4559 0.4559 0.4559 0.4559 0.4559 0.4559 0.4559 0.4559 0.4559 0.4559 0.4559 0.4558 0.4530 0.4075 0.2828 0.1829 0.1384 0.1587 0.4379 0.5001 0.2792 0.1653 0.1360 0.2840 0.5090 0.3758 0.2030 0.1404 0.1607 0.4513 0.4838 0.2607 0.1581 0.1377 0.3294 0.5153 0.3477 0.1916 0.1379 0.1760 0.4699 0.4617 0.2461 0.1533 0.1399 0.3593 0.5170 0.3285 0.1839 0.1365 0.2010
0.1420 0.1835 0.3279 0.5169 0.3602 0.1399 0.1531 0.2456 0.4610 0.4703 0.1765 0.1378 0.1912 0.3470 0.5154 0.3306 0.1377 0.1578 0.2599 0.4826 0.4525 0.1614 0.1401 0.2021 0.3736 0.5096 0.2872 0.1360 0.1650 0.2792 0.5012 0.4337 0.1553 0.1401 0.1944 0.3272 0.5047 0.4949 0.4681 0.4659 0.4659 0.4659 0.4659 0.4659 0.4659 0.4659 0.4659 0.4659 0.4659 0.4659 0.4659 0.4659 0.4659 0.4659 0.4659 0.4659 0.4659 0.4659 0.4659 0.4659 0.4659 0.4659 0.4681 0.4949 0.5047 0.3272 0.1944 0.1401 0.1553 0.4337 0.5012 0.2792 0.1650 0.1360 0.2872 0.5096 0.3736 0.2021 0.1401 0.1614 0.4525 0.4826 0.2599 0.1578 0.1377 0.3306 0.5154 0.3470 0.1912 0.1378 0.1765 0.4703 0.4610 0.2456 0.1531 0.1399 0.3602 0.5169 0.3279 0.1835 0.1420
0.1847 0.3246 0.5168 0.3648 0.1403 0.1523 0.2435 0.4574 0.4726 0.1791 0.1375 0.1899 0.3439 0.5157 0.3352 0.1379 0.1570 0.2576 0.4795 0.4553 0.1631 0.1397 0.2003 0.3695 0.5106 0.2935 0.1361 0.1640 0.2771 0.5001 0.4337 0.1543 0.1410 0.2007 0.3523 0.5161 0.4241 0.2319 0.1730 0.1707 0.1706 0.1706 0.1706 0.1706 0.1706 0.1706 0.1706 0.1706 0.1706 0.1706 0.1706 0.1706 0.1706 0.1706 0.1706 0.1706 0.1706 0.1706 0.1706 0.1706 0.1706 0.1707 0.1730 0.2319 0.4241 0.5161 0.3523 0.2007 0.1410 0.1543 0.4337 0.5001 0.2770 0.1640 0.1361 0.2935 0.5106 0.3695 0.2003 0.1397 0.1631 0.4553 0.4795 0.2576 0.1570 0.1379 0.3352 0.5157 0.3439 0.1899 0.1375 0.1791 0.4726 0.4574 0.2435 0.1523 0.1403 0.3649 0.5168 0.3246 0.1847
0.3159 0.5164 0.3751 0.1412 0.1506 0.2386 0.4492 0.4775 0.1861 0.1369 0.1869 0.3369 0.5163 0.3452 0.1385 0.1553 0.2529 0.4730 0.4607 0.1668 0.1389 0.1971 0.3622 0.5123 0.3045 0.1364 0.1621 0.2724 0.4964 0.4379 0.1552 0.1410 0.2026 0.3637 0.5148 0.3715 0.1508 0.1342 0.1354 0.1357 0.1357 0.1357 0.1357 0.1357 0.1357 0.1357 0.1357 0.1357 0.1357 0.1357 0.1357 0.1357 0.1357 0.1357 0.1357 0.1357 0.1357 0.1357 0.1357 0.1357 0.1357 0.1356 0.1354 0.1342 0.1508 0.3716 0.5148 0.3637 0.2026 0.1410 0.1553 0.4379 0.4964 0.2724 0.1621 0.1364 0.3045 0.5123 0.3622 0.1971 0.1389 0.1668 0.4607 0.4730 0.2529 0.1553 0.1385 0.3454 0.5163 0.3369 0.1869 0.1369 0.1861 0.4775 0.4492 0.2386 0.1506 0.1413 0.3751 0.5164 0.3159
0.5124 0.3937 0.1435 0.1477 0.2298 0.4332 0.4860 0.2026 0.1360 0.1815 0.3242 0.5166 0.3634 0.1398 0.1524 0.2447 0.4604 0.4698 0.1751 0.1377 0.1919 0.3501 0.5145 0.3227 0.1370 0.1590 0.2643 0.4882 0.4468 0.1587 0.1401 0.2007 0.3637 0.5138 0.3461 0.1417 0.1399 0.1654 0.1797 0.1809 0.1810 0.1810 0.1810 0.1810 0.1810 0.1810 0.1810 0.1810 0.1810 0.1810 0.1809 0.1809 0.1809 0.1809 0.1809 0.1809 0.1809 0.1809 0.1809 0.1809 0.1809 0.1809 0.1797 0.1654 0.1399 0.1417 0.3463 0.5138 0.3637 0.2007 0.1401 0.1587 0.4469 0.4882 0.2642 0.1590 0.1370 0.3228 0.5145 0.3500 0.1919 0.1377 0.1752 0.4699 0.4603 0.2446 0.1524 0.1399 0.3636 0.5166 0.3241 0.1815 0.1359 0.2027 0.4861 0.4331 0.2297 0.1476 0.1436 0.3939 0.5123
0.4261 0.1496 0.1431 0.2149 0.4038 0.4987 0.2401 0.1351 0.1728 0.3027 0.5138 0.3933 0.1432 0.1478 0.2310 0.4367 0.4836 0.1963 0.1361 0.1836 0.3304 0.5163 0.3517 0.1386 0.1543 0.2512 0.4713 0.4615 0.1673 0.1384 0.1945 0.3525 0.5148 0.3460 0.1400 0.1448 0.1954 0.2706 0.3064 0.3092 0.3093 0.3093 0.3093 0.3093 0.3093 0.3093 0.3093 0.3093 0.3092 0.3092 0.3091 0.3091 0.3090 0.3089 0.3089 0.3089 0.3089 0.3089 0.3089 0.3089 0.3089 0.3088 0.3059 0.2703 0.1952 0.1448 0.1400 0.3463 0.5148 0.3523 0.1944 0.1384 0.1674 0.4616 0.4711 0.2510 0.1543 0.1386 0.3520 0.5163 0.3301 0.1835 0.1361 0.1967 0.4837 0.4363 0.2308 0.1478 0.1432 0.3936 0.5137 0.3024 0.1726 0.1351 0.2407 0.4989 0.4033 0.2146 0.1430 0.1497 0.4266
0.1790 0.1370 0.1910 0.3515 0.5130 0.3159 0.1360 0.1592 0.2676 0.4935 0.4380 0.1534 0.1413 0.2092 0.3934 0.5018 0.2514 0.1349 0.1707 0.2988 0.5128 0.3960 0.1432 0.1475 0.2308 0.4376 0.4824 0.1938 0.1360 0.1832 0.3279 0.5161 0.3707 0.1416 0.1449 0.2058 0.3291 0.4634 0.4978 0.4993 0.4994 0.4994 0.4994 0.4994 0.4994 0.4994 0.4993 0.4993 0.4992 0.4991 0.4990 0.4988 0.4987 0.4986 0.4985 0.4985 0.4985 0.4984 0.4984 0.4984 0.4984 0.4984 0.4967 0.4620 0.3282 0.2054 0.1448 0.1417 0.3716 0.5161 0.3272 0.1829 0.1360 0.1947 0.4829 0.4368 0.2303 0.1473 0.1434 0.3970 0.5126 0.2980 0.1704 0.1349 0.2530 0.5022 0.3923 0.2086 0.1411 0.1538 0.4391 0.4925 0.2666 0.1588 0.1361 0.3181 0.5133 0.3500 0.1903 0.1369 0.1803
0.1424 0.1569 0.2649 0.4943 0.4324 0.1504 0.1416 0.2133 0.4083 0.4938 0.2203 0.1348 0.1767 0.3187 0.5155 0.3595 0.1383 0.1525 0.2494 0.4729 0.4568 0.1619 0.1387 0.1999 0.3747 0.5071 0.2761 0.1348 0.1655 0.2849 0.5059 0.4216 0.1500 0.1403 0.1965 0.3309 0.5011 0.5027 0.4896 0.4887 0.4887 0.4887 0.4887 0.4887 0.4887 0.4888 0.4889 0.4891 0.4894 0.4897 0.4901 0.4905 0.4909 0.4912 0.4914 0.4916 0.4917 0.4918 0.4918 0.4918 0.4918 0.4919 0.4927 0.5044 0.4991 0.3282 0.1952 0.1399 0.1508 0.4241 0.5047 0.2828 0.1647 0.1349 0.2807 0.5079 0.3716 0.1984 0.1383 0.1636 0.4593 0.4696 0.2469 0.1516 0.1387 0.3649 0.5154 0.3147 0.1751 0.1346 0.2276 0.4961 0.4025 0.2104 0.1408 0.1522 0.4380 0.4895 0.2599 0.1552 0.1430
0.1406 0.1703 0.3072 0.5147 0.3567 0.1381 0.1528 0.2551 0.4871 0.4361 0.1509 0.1412 0.2139 0.4148 0.4881 0.1996 0.1351 0.1822 0.3373 0.5135 0.3175 0.1358 0.1590 0.2720 0.5014 0.4200 0.1469 0.1431 0.2190 0.4193 0.4900 0.2168 0.1343 0.1685 0.2783 0.4729 0.4999 0.4541 0.4450 0.4447 0.4447 0.4447 0.4448 0.4449 0.4451 0.4456 0.4463 0.4474 0.4489 0.4508 0.4528 0.4549 0.4567 0.4583 0.4595 0.4603 0.4608 0.4611 0.4613 0.4613 0.4614 0.4614 0.4616 0.4680 0.5044 0.4620 0.2703 0.1654 0.1342 0.2319 0.4949 0.4075 0.2132 0.1415 0.1499 0.4315 0.4935 0.2625 0.1557 0.1367 0.3377 0.5148 0.3232 0.1766 0.1346 0.2217 0.4961 0.3959 0.2052 0.1391 0.1573 0.4520 0.4702 0.2425 0.1489 0.1406 0.3825 0.5119 0.2900 0.1641 0.1412
0.1406 0.1753 0.3216 0.5146 0.3309 0.1365 0.1570 0.2690 0.5014 0.4132 0.1453 0.1445 0.2275 0.4447 0.4697 0.1690 0.1370 0.1954 0.3738 0.5035 0.2484 0.1345 0.1712 0.3096 0.5148 0.3534 0.1380 0.1528 0.2538 0.4830 0.4443 0.1565 0.1377 0.1914 0.3338 0.5101 0.4750 0.4323 0.4282 0.4281 0.4281 0.4281 0.4283 0.4285 0.4290 0.4299 0.4314 0.4335 0.4364 0.4399 0.4437 0.4474 0.4507 0.4534 0.4554 0.4568 0.4577 0.4582 0.4584 0.4585 0.4586 0.4586 0.4587 0.4616 0.4927 0.4967 0.3059 0.1797 0.1354 0.1730 0.4681 0.4530 0.2341 0.1468 0.1422 0.3937 0.5094 0.2830 0.1618 0.1353 0.3008 0.5122 0.3403 0.1823 0.1350 0.2007 0.4898 0.4078 0.2098 0.1400 0.1544 0.4457 0.4759 0.2458 0.1498 0.1401 0.3777 0.5126 0.2922 0.1648 0.1412
0.1408 0.1809 0.3367 0.5129 0.3064 0.1355 0.1611 0.2811 0.5087 0.3949 0.1422 0.1472 0.2371 0.4621 0.4574 0.1600 0.1385 0.2030 0.3922 0.4966 0.2206 0.1346 0.1771 0.3262 0.5143 0.3252 0.1363 0.1572 0.2679 0.4983 0.4241 0.1496 0.1399 0.2008 0.3550 0.5133 0.4618 0.4154 0.4113 0.4111 0.4112 0.4113 0.4115 0.4120 0.4128 0.4143 0.4168 0.4204 0.4251 0.4307 0.4365 0.4422 0.4471 0.4511 0.4540 0.4560 0.4572 0.4579 0.4583 0.4584 0.4585 0.4585 0.4586 0.4614 0.4919 0.4984 0.3088 0.1809 0.1356 0.1707 0.4659 0.4558 0.2356 0.1472 0.1419 0.3915 0.5099 0.2842 0.1622 0.1353 0.2992 0.5121 0.3411 0.1825 0.1351 0.2000 0.4896 0.4083 0.2100 0.1400 0.1543 0.4456 0.4760 0.2460 0.1498 0.1401 0.3776 0.5126 0.2923 0.1648 0.1412
0.1414 0.1883 0.3559 0.5088 0.2753 0.1347 0.1664 0.2966 0.5135 0.3710 0.1394 0.1508 0.2492 0.4805 0.4413 0.1527 0.1406 0.2123 0.4133 0.4873 0.1947 0.1352 0.1840 0.3445 0.5115 0.2956 0.1352 0.1621 0.2822 0.5078 0.4037 0.1450 0.1424 0.2100 0.3750 0.5132 0.4465 0.3933 0.3886 0.3885 0.3886 0.3887 0.3891 0.3899 0.3913 0.3938 0.3978 0.4035 0.4108 0.4193 0.4280 0.4361 0.4431 0.4485 0.4525 0.4552 0.4568 0.4577 0.4582 0.4584 0.4585 0.4585 0.4586 0.4614 0.4919 0.4984 0.3089 0.1809 0.1357 0.1706 0.4659 0.4559 0.2357 0.1472 0.1419 0.3914 0.5099 0.2842 0.1622 0.1353 0.2991 0.5121 0.3411 0.1825 0.1351 0.2000 0.4896 0.4083 0.2100 0.1400 0.1543 0.4455 0.4760 0.2460 0.1498 0.1401 0.3776 0.5126 0.2923 0.1648 0.1412
0.1427 0.1976 0.3792 0.5016 0.2392 0.1345 0.1732 0.3158 0.5149 0.3404 0.1371 0.1555 0.2644 0.4975 0.4200 0.1467 0.1436 0.2239 0.4377 0.4741 0.1735 0.1365 0.1927 0.3667 0.5058 0.2601 0.1345 0.1682 0.2999 0.5134 0.3776 0.1411 0.1457 0.2213 0.3985 0.5102 0.4262 0.3649 0.3595 0.3593 0.3594 0.3597 0.3603 0.3615 0.3638 0.3678 0.3740 0.3827 0.3938 0.4061 0.4184 0.4295 0.4387 0.4458 0.4509 0.4544 0.4565 0.4576 0.4582 0.4584 0.4585 0.4585 0.4586 0.4614 0.4918 0.4984 0.3089 0.1809 0.1357 0.1706 0.4659 0.4559 0.2357 0.1472 0.1419 0.3914 0.5099 0.2842 0.1622 0.1353 0.2991 0.5121 0.3411 0.1825 0.1351 0.2000 0.4896 0.4083 0.2100 0.1400 0.1543 0.4455 0.4761 0.2460 0.1498 0.1401 0.3776 0.5126 0.2923 0.1648 0.1412
0.1447 0.2088 0.4054 0.4910 0.2036 0.1350 0.1815 0.3382 0.5126 0.3040 0.1354 0.1614 0.2822 0.5092 0.3934 0.1420 0.1474 0.2378 0.4631 0.4568 0.1597 0.1386 0.2032 0.3921 0.4969 0.2226 0.1346 0.1758 0.3206 0.5148 0.3457 0.1380 0.1499 0.2348 0.4247 0.5040 0.4009 0.3306 0.3245 0.3243 0.3245 0.3249 0.3259 0.3279 0.3313 0.3371 0.3461 0.3589 0.3750 0.3920 0.4084 0.4227 0.4344 0.4433 0.4494 0.4537 0.4561 0.4574 0.4583 0.4585 0.4585 0.4586 0.4586 0.4614 0.4918 0.4984 0.3089 0.1809 0.1357 0.1706 0.4659 0.4559 0.2357 0.1472 0.1419 0.3914 0.5099 0.2842 0.1622 0.1353 0.2991 0.5121 0.3411 0.1825 0.1351 0.2000 0.4896 0.4083 0.2100 0.1400 0.1543 0.4455 0.4761 0.2460 0.1498 0.1401 0.3776 0.5126 0.2923 0.1648 0.1412
0.1474 0.2209 0.4316 0.4776 0.1778 0.1361 0.1906 0.3619 0.5071 0.2659 0.1346 0.1681 0.3013 0.5142 0.3636 0.1388 0.1519 0.2528 0.4850 0.4366 0.1512 0.1412 0.2146 0.4180 0.4852 0.1911 0.1353 0.1841 0.3428 0.5123 0.3107 0.1359 0.1548 0.2495 0.4503 0.4951 0.3724 0.2939 0.2874 0.2873 0.2875 0.2882 0.2897 0.2937 0.2985 0.3051 0.3172 0.3347 0.3571 0.3789 0.3989 0.4155 0.4303 0.4408 0.4480 0.4536 0.4552 0.4572 0.4588 0.4586 0.4586 0.4586 0.4586 0.4614 0.4918 0.4984 0.3089 0.1809 0.1357 0.1706 0.4659 0.4559 0.2357 0.1472 0.1419 0.3914 0.5099 0.2842 0.1622 0.1353 0.2991 0.5121 0.3411 0.1826 0.1351 0.2000 0.4896 0.4083 0.2100 0.1400 0.1543 0.4455 0.4761 0.2460 0.1498 0.1401 0.3776 0.5126 0.2923 0.1648 0.1412
0.1500 0.2315 0.4523 0.4645 0.1647 0.1376 0.1988 0.3822 0.5005 0.2347 0.1345 0.1741 0.3183 0.5148 0.3364 0.1368 0.1561 0.2661 0.4991 0.4174 0.1462 0.1438 0.2249 0.4395 0.4733 0.1731 0.1364 0.1918 0.3622 0.5080 0.2799 0.1349 0.1594 0.2626 0.4700 0.4856 0.3463 0.2628 0.2562 0.2561 0.2564 0.2572 0.2590 0.2631 0.2699 0.2794 0.2942 0.3158 0.3421 0.3689 0.3924 0.4099 0.4264 0.4401 0.4475 0.4528 0.4545 0.4562 0.4586 0.4583 0.4585 0.4585 0.4586 0.4614 0.4918 0.4984 0.3089 0.1809 0.1357 0.1706 0.4659 0.4559 0.2357 0.1472 0.1419 0.3914 0.5099 0.2842 0.1622 0.1353 0.2991 0.5121 0.3411 0.1826 0.1351 0.2000 0.4896 0.4083 0.2100 0.1400 0.1543 0.4455 0.4761 0.2460 0.1498 0.1401 0.3776 0.5126 0.2923 0.1648 0.1412
0.1513 0.2368 0.4617 0.4577 0.1602 0.1385 0.2029 0.3920 0.4967 0.2207 0.1346 0.1772 0.3267 0.5142 0.3226 0.1361 0.1583 0.2729 0.5041 0.4074 0.1443 0.1453 0.2301 0.4494 0.4669 0.1670 0.1371 0.1956 0.3718 0.5052 0.2650 0.1346 0.1618 0.2692 0.4785 0.4804 0.3328 0.2475 0.2410 0.2409 0.2412 0.2421 0.2436 0.2459 0.2533 0.2661 0.2838 0.3045 0.3331 0.3628 0.3883 0.4092 0.4252 0.4377 0.4459 0.4516 0.4559 0.4572 0.4575 0.4581 0.4584 0.4585 0.4586 0.4614 0.4918 0.4984 0.3089 0.1809 0.1357 0.1706 0.4659 0.4559 0.2357 0.1472 0.1419 0.3914 0.5099 0.2842 0.1622 0.1353 0.2991 0.5121 0.3411 0.1826 0.1351 0.2000 0.4896 0.4083 0.2100 0.1400 0.1543 0.4455 0.4761 0.2460 0.1498 0.1401 0.3776 0.5126 0.2923 0.1648 0.1412
0.1505 0.2335 0.4559 0.4620 0.1629 0.1379 0.2003 0.3859 0.4991 0.2294 0.1345 0.1752 0.3214 0.5147 0.3314 0.1366 0.1569 0.2686 0.5011 0.4139 0.1455 0.1443 0.2268 0.4430 0.4711 0.1708 0.1367 0.1931 0.3656 0.5070 0.2747 0.1348 0.1602 0.2650 0.4732 0.4836 0.3401 0.2546 0.2479 0.2478 0.2481 0.2487 0.2502 0.2528 0.2579 0.2721 0.2861 0.3098 0.3375 0.3648 0.3878 0.4078 0.4233 0.4377 0.4452 0.4524 0.4561 0.4573 0.4578 0.4581 0.4583 0.4584 0.4586 0.4614 0.4918 0.4984 0.3089 0.1809 0.1357 0.1706 0.4659 0.4559 0.2357 0.1472 0.1419 0.3914 0.5099 0.2842 0.1622 0.1353 0.2991 0.5121 0.3411 0.1826 0.1351 0.2000 0.4896 0.4083 0.2100 0.1400 0.1543 0.4455 0.4761 0.2460 0.1498 0.1401 0.3776 0.5126 0.2923 0.1648 0.1412
0.1480 0.2234 0.4368 0.4746 0.1740 0.1365 0.1926 0.3668 0.5057 0.2582 0.1345 0.1695 0.3053 0.5146 0.3573 0.1382 0.1529 0.2559 0.4888 0.4323 0.1499 0.1418 0.2170 0.4231 0.4826 0.1862 0.1355 0.1858 0.3472 0.5115 0.3038 0.1357 0.1558 0.2525 0.4553 0.4927 0.3643 0.2819 0.2749 0.2748 0.2750 0.2755 0.2765 0.2779 0.2822 0.2916 0.3052 0.3259 0.3480 0.3723 0.3914 0.4106 0.4254 0.4383 0.4471 0.4525 0.4552 0.4561 0.4567 0.4580 0.4583 0.4584 0.4586 0.4614 0.4918 0.4984 0.3089 0.1809 0.1357 0.1706 0.4659 0.4559 0.2357 0.1472 0.1419 0.3914 0.5099 0.2842 0.1622 0.1353 0.2991 0.5121 0.3411 0.1826 0.1351 0.2000 0.4896 0.4083 0.2100 0.1400 0.1543 0.4455 0.4761 0.2460 0.1498 0.1401 0.3776 0.5126 0.2923 0.1648 0.1412
0.1452 0.2109 0.4103 0.4887 0.1980 0.1351 0.1831 0.3425 0.5118 0.2971 0.1352 0.1626 0.2855 0.5105 0.3884 0.1414 0.1482 0.2403 0.4672 0.4535 0.1579 0.1390 0.2051 0.3965 0.4951 0.2166 0.1346 0.1771 0.3242 0.5146 0.3401 0.1376 0.1507 0.2373 0.4295 0.5024 0.3940 0.3193 0.3127 0.3126 0.3128 0.3132 0.3138 0.3141 0.3178 0.3244 0.3349 0.3522 0.3668 0.3855 0.4017 0.4184 0.4297 0.4404 0.4480 0.4529 0.4547 0.4559 0.4573 0.4580 0.4583 0.4584 0.4586 0.4614 0.4918 0.4984 0.3089 0.1809 0.1357 0.1706 0.4659 0.4559 0.2357 0.1472 0.1419 0.3914 0.5099 0.2842 0.1622 0.1353 0.2991 0.5121 0.3411 0.1826 0.1351 0.2000 0.4896 0.4083 0.2100 0.1400 0.1543 0.4455 0.4761 0.2460 0.1498 0.1401 0.3775 0.5126 0.2923 0.1648 0.1412
0.1429 0.1990 0.3826 0.5004 0.2342 0.1345 0.1742 0.3186 0.5148 0.3359 0.1368 0.1563 0.2665 0.4994 0.4169 0.1460 0.1440 0.2256 0.4409 0.4721 0.1714 0.1367 0.1939 0.3697 0.5049 0.2555 0.1345 0.1691 0.3022 0.5138 0.3741 0.1406 0.1462 0.2229 0.4020 0.5095 0.4216 0.3567 0.3509 0.3508 0.3509 0.3511 0.3513 0.3507 0.3543 0.3587 0.3643 0.3753 0.3863 0.4034 0.4145 0.4261 0.4364 0.4429 0.4491 0.4527 0.4555 0.4555 0.4569 0.4581 0.4584 0.4585 0.4586 0.4614 0.4918 0.4984 0.3089 0.1809 0.1357 0.1706 0.4659 0.4559 0.2357 0.1472 0.1419 0.3914 0.5099 0.2842 0.1622 0.1353 0.2991 0.5121 0.3411 0.1826 0.1351 0.2000 0.4896 0.4083 0.2100 0.1400 0.1543 0.4455 0.4761 0.2460 0.1498 0.1401 0.3775 0.5126 0.2923 0.1648 0.1412
0.1415 0.1890 0.3577 0.5083 0.2724 0.1347 0.1669 0.2981 0.5138 0.3687 0.1392 0.1512 0.2503 0.4819 0.4398 0.1522 0.1408 0.2131 0.4151 0.4864 0.1928 0.1353 0.1846 0.3461 0.5112 0.2930 0.1351 0.1625 0.2834 0.5083 0.4020 0.1447 0.1426 0.2108 0.3769 0.5130 0.4438 0.3883 0.3833 0.3832 0.3833 0.3835 0.3839 0.3852 0.3867 0.3887 0.3928 0.3988 0.4063 0.4150 0.4240 0.4339 0.4412 0.4465 0.4509 0.4532 0.4552 0.4565 0.4580 0.4582 0.4584 0.4585 0.4586 0.4614 0.4918 0.4984 0.3089 0.1809 0.1357 0.1706 0.4659 0.4559 0.2357 0.1472 0.1419 0.3914 0.5099 0.2842 0.1622 0.1353 0.2991 0.5121 0.3411 0.1826 0.1351 0.2000 0.4896 0.4083 0.2100 0.1400 0.1543 0.4455 0.4761 0.2460 0.1498 0.1401 0.3775 0.5126 0.2923 0.1649 0.1412
0.1408 0.1811 0.3373 0.5128 0.3053 0.1355 0.1612 0.2816 0.5089 0.3942 0.1421 0.1473 0.2375 0.4627 0.4570 0.1598 0.1386 0.2033 0.3929 0.4964 0.2197 0.1346 0.1773 0.3268 0.5142 0.3242 0.1363 0.1574 0.2684 0.4987 0.4233 0.1494 0.1400 0.2012 0.3561 0.5134 0.4605 0.4127 0.4084 0.4084 0.4085 0.4086 0.4087 0.4095 0.4097 0.4119 0.4136 0.4182 0.4221 0.4271 0.4333 0.4412 0.4466 0.4504 0.4536 0.4543 0.4569 0.4574 0.4584 0.4584 0.4584 0.4585 0.4586 0.4614 0.4918 0.4984 0.3089 0.1809 0.1357 0.1706 0.4659 0.4559 0.2357 0.1472 0.1419 0.3914 0.5099 0.2842 0.1622 0.1353 0.2991 0.5121 0.3411 0.1826 0.1351 0.2000 0.4896 0.4083 0.2100 0.1400 0.1543 0.4455 0.4761 0.2460 0.1498 0.1401 0.3775 0.5126 0.2923 0.1648 0.1412
0.1406 0.1753 0.3217 0.5146 0.3307 0.1365 0.1571 0.2692 0.5015 0.4128 0.1452 0.1446 0.2279 0.4454 0.4692 0.1685 0.1371 0.1960 0.3753 0.5029 0.2450 0.1345 0.1719 0.3121 0.5149 0.3480 0.1376 0.1537 0.2570 0.4873 0.4388 0.1543 0.1383 0.1941 0.3399 0.5114 0.4722 0.4304 0.4267 0.4266 0.4267 0.4268 0.4270 0.4270 0.4283 0.4282 0.4284 0.4319 0.4340 0.4382 0.4428 0.4471 0.4490 0.4526 0.4545 0.4562 0.4568 0.4589 0.4590 0.4585 0.4585 0.4585 0.4586 0.4614 0.4918 0.4984 0.3089 0.1809 0.1357 0.1706 0.4659 0.4559 0.2357 0.1472 0.1419 0.3914 0.5099 0.2842 0.1622 0.1353 0.2991 0.5121 0.3411 0.1826 0.1351 0.2000 0.4896 0.4083 0.2100 0.1400 0.1543 0.4455 0.4761 0.2460 0.1498 0.1401 0.3775 0.5126 0.2923 0.1648 0.1412
0.1406 0.1712 0.3104 0.5149 0.3489 0.1376 0.1542 0.2603 0.4937 0.4257 0.1481 0.1428 0.2210 0.4318 0.4774 0.1775 0.1362 0.1908 0.3623 0.5070 0.2650 0.1346 0.1682 0.3015 0.5142 0.3647 0.1390 0.1512 0.2489 0.4767 0.4494 0.1591 0.1372 0.1890 0.3282 0.5082 0.4801 0.4427 0.4393 0.4392 0.4393 0.4394 0.4396 0.4402 0.4396 0.4404 0.4412 0.4418 0.4438 0.4455 0.4489 0.4526 0.4529 0.4548 0.4556 0.4570 0.4571 0.4581 0.4588 0.4584 0.4584 0.4585 0.4586 0.4614 0.4918 0.4984 0.3089 0.1809 0.1357 0.1706 0.4659 0.4559 0.2357 0.1472 0.1419 0.3914 0.5099 0.2842 0.1622 0.1353 0.2991 0.5121 0.3411 0.1826 0.1351 0.2000 0.4896 0.4083 0.2100 0.1400 0.1543 0.4455 0.4761 0.2460 0.1498 0.1401 0.3776 0.5126 0.2923 0.1648 0.1412
0.1408 0.1685 0.3028 0.5144 0.3610 0.1385 0.1523 0.2543 0.4870 0.4341 0.1504 0.1416 0.2163 0.4222 0.4827 0.1856 0.1356 0.1873 0.3535 0.5094 0.2791 0.1348 0.1656 0.2943 0.5129 0.3760 0.1401 0.1495 0.2434 0.4686 0.4564 0.1632 0.1365 0.1856 0.3202 0.5049 0.4852 0.4506 0.4475 0.4475 0.4475 0.4475 0.4476 0.4480 0.4478 0.4469 0.4482 0.4489 0.4491 0.4506 0.4517 0.4556 0.4551 0.4569 0.4569 0.4562 0.4564 0.4571 0.4582 0.4584 0.4585 0.4585 0.4586 0.4614 0.4918 0.4984 0.3089 0.1809 0.1357 0.1706 0.4659 0.4559 0.2357 0.1472 0.1419 0.3914 0.5099 0.2842 0.1622 0.1353 0.2991 0.5121 0.3411 0.1826 0.1351 0.2000 0.4896 0.4083 0.2100 0.1400 0.1543 0.4455 0.4761 0.2460 0.1498 0.1401 0.3776 0.5126 0.2923 0.1648 0.1412
0.1409 0.1668 0.2980 0.5138 0.3686 0.1392 0.1512 0.2505 0.4823 0.4394 0.1521 0.1409 0.2134 0.4159 0.4859 0.1917 0.1354 0.1851 0.3479 0.5107 0.2882 0.1350 0.1640 0.2897 0.5118 0.3831 0.1408 0.1484 0.2399 0.4630 0.4608 0.1663 0.1361 0.1835 0.3151 0.5023 0.4883 0.4556 0.4526 0.4525 0.4526 0.4526 0.4527 0.4533 0.4532 0.4519 0.4511 0.4543 0.4542 0.4541 0.4542 0.4543 0.4557 0.4570 0.4576 0.4577 0.4557 0.4573 0.4582 0.4585 0.4585 0.4585 0.4586 0.4614 0.4918 0.4984 0.3089 0.1809 0.1357 0.1706 0.4659 0.4559 0.2357 0.1472 0.1419 0.3914 0.5099 0.2842 0.1622 0.1353 0.2991 0.5121 0.3411 0.1826 0.1351 0.2000 0.4896 0.4083 0.2100 0.1400 0.1543 0.4455 0.4761 0.2460 0.1498 0.1401 0.3776 0.5126 0.2923 0.1648 0.1412
