4.5626 32.5585 -21.3537 -34.6808 -43.9062 -18.2814 23.9644 -12.1848 -30.8278 -41.2343 -41.8211 14.3181 21.9919 -26.3002 -37.8625 -45.2835 3.5074 31.8096 -20.4491 -34.1555 -43.5928 -23.3124 22.5921 -9.8380 -30.2590 -40.7830 -43.0715 12.9441 26.7168 -25.5386 -37.3451 -45.1368 1.2849 30.7238 -19.4225 -33.6068 -43.2455 -28.0026 21.2264 -6.8153 -29.6823 -40.3181 -43.9855 11.5585 29.9686 -24.7554 -36.8096 -44.9331 -2.7066 26.9124 11.4874 26.9124 -2.7066 -44.9331 -36.8096 -24.7554 29.9686 11.5585 -43.9855 -40.3181 -29.6823 -6.8153 21.2264 -28.0026 -43.2455 -33.6068 -19.4225 30.7238 1.2849 -45.1368 -37.3451 -25.5386 26.7168 12.9441 -43.0715 -40.7830 -30.2590 -9.8380 22.5921 -23.3124 -43.5928 -34.1555 -20.4491 31.8096 3.5074 -45.2835 -37.8625 -26.3002 21.9919 14.3181 -41.8211 -41.2343 -30.8278 -12.1848 23.9644 -18.2814 -43.9062 -34.6808 -21.3537 32.5585 4.5626
32.5585 -21.8711 -35.9700 -44.9985 -18.9333 23.7522 -11.6223 -32.1213 -42.3965 -42.6942 14.1763 24.4421 -27.2128 -39.0698 -46.2439 3.3307 31.7321 -20.6849 -35.3993 -44.6891 -24.1817 22.3782 -8.9636 -31.5604 -41.9537 -43.9526 12.8153 28.5972 -26.3435 -38.5576 -46.1182 1.0605 30.5421 -19.5617 -34.8568 -44.3553 -28.8912 21.0357 -5.5258 -30.9962 -41.4963 -44.8766 11.4393 31.3111 -25.4628 -38.0379 -45.9506 -2.0142 28.6536 -15.9148 -28.7797 -15.9148 28.6536 -2.0142 -45.9506 -38.0379 -25.4628 31.3111 11.4393 -44.8766 -41.4963 -30.9962 -5.5258 21.0357 -28.8912 -44.3553 -34.8568 -19.5617 30.5421 1.0605 -46.1182 -38.5576 -26.3435 28.5972 12.8153 -43.9526 -41.9537 -31.5604 -8.9636 22.3782 -24.1817 -44.6891 -35.3993 -20.6849 31.7321 3.3307 -46.2439 -39.0698 -27.2128 24.4421 14.1763 -42.6942 -42.3965 -32.1213 -11.6223 23.7522 -18.9333 -44.9985 -35.9700 -21.8711 32.5585
-21.3537 -35.9700 -44.9522 -20.1654 23.3423 -10.8165 -31.9234 -42.2323 -43.2085 13.6523 26.2260 -26.8750 -38.8702 -46.2008 2.4868 31.2870 -20.2533 -35.1866 -44.5603 -26.0982 21.8382 -7.7230 -31.3389 -41.7751 -44.3496 12.2736 29.8245 -25.9988 -38.3544 -46.0557 0.0522 30.0343 -19.0944 -34.6426 -44.2173 -30.5609 20.5056 -3.8786 -30.7733 -41.3129 -45.1594 10.8862 32.0343 -25.1133 -37.8344 -45.8781 -2.9971 28.5396 -17.2529 -33.1782 -40.0853 -33.1782 -17.2529 28.5396 -2.9971 -45.8781 -37.8344 -25.1133 32.0343 10.8862 -45.1594 -41.3129 -30.7733 -3.8786 20.5056 -30.5609 -44.2173 -34.6426 -19.0944 30.0343 0.0522 -46.0557 -38.3544 -25.9988 29.8245 12.2736 -44.3496 -41.7751 -31.3389 -7.7230 21.8382 -26.0982 -44.5603 -35.1866 -20.2533 31.2870 2.4868 -46.2008 -38.8702 -26.8750 26.2260 13.6523 -43.2085 -42.2323 -31.9234 -10.8165 23.3423 -20.1654 -44.9522 -35.9700 -21.3537
-34.6808 -44.9985 -20.1654 23.1878 -10.3018 -31.7774 -42.0966 -43.6193 13.1767 27.6985 -26.5505 -38.6746 -46.1495 1.5973 30.8167 -19.8131 -34.9745 -44.4286 -27.9210 21.3145 -6.3492 -31.1165 -41.5936 -44.7023 11.7308 30.8433 -25.6516 -38.1500 -45.9894 -1.0386 29.5134 -18.6092 -34.4274 -44.0760 -32.1308 19.9864 -2.0247 -30.5491 -41.1274 -45.4062 10.3273 32.5906 -24.7596 -37.6281 -45.8003 -4.2652 28.1104 -17.1311 -33.6552 -43.4491 -47.2697 -43.4491 -33.6552 -17.1311 28.1104 -4.2652 -45.8003 -37.6281 -24.7596 32.5906 10.3273 -45.4062 -41.1274 -30.5491 -2.0247 19.9864 -32.1308 -44.0760 -34.4274 -18.6092 29.5134 -1.0386 -45.9894 -38.1500 -25.6516 30.8433 11.7308 -44.7023 -41.5936 -31.1165 -6.3492 21.3145 -27.9210 -44.4286 -34.9745 -19.8131 30.8167 1.5973 -46.1495 -38.6746 -26.5505 27.6985 13.1767 -43.6193 -42.0966 -31.7774 -10.3018 23.1878 -20.1654 -44.9985 -34.6808
-43.9062 -18.9333 23.3423 -10.3018 -31.7233 -42.0163 -43.8888 12.7964 28.8083 -26.2561 -38.4928 -46.0951 0.6798 30.3352 -19.3652 -34.7638 -44.2939 -29.6381 20.7959 -4.8180 -30.8945 -41.4112 -45.0094 11.1849 31.6641 -25.3033 -37.9457 -45.9184 -2.2186 28.9831 -18.1053 -34.2119 -43.9314 -33.5905 19.4663 0.0522 -30.3242 -40.9403 -45.6165 9.7592 32.9934 -24.4022 -37.4205 -45.7165 -5.6989 27.5959 -16.6794 -33.6021 -43.4727 -40.7195 4.5836 -40.7195 -43.4727 -33.6021 -16.6794 27.5959 -5.6989 -45.7165 -37.4205 -24.4022 32.9934 9.7592 -45.6165 -40.9403 -30.3242 0.0522 19.4663 -33.5905 -43.9314 -34.2119 -18.1053 28.9831 -2.2186 -45.9184 -37.9457 -25.3033 31.6641 11.1849 -45.0094 -41.4112 -30.8945 -4.8180 20.7959 -29.6381 -44.2939 -34.7638 -19.3652 30.3352 0.6798 -46.0951 -38.4928 -26.2561 28.8083 12.7964 -43.8888 -42.0163 -31.7233 -10.3018 23.3423 -18.9333 -43.9062
-18.2814 23.7522 -10.8165 -31.7774 -42.0163 -43.9829 12.5805 29.4903 -26.0251 -38.3395 -46.0432 -0.2180 29.8729 -18.9235 -34.5591 -44.1582 -31.2383 20.2805 -3.0980 -30.6730 -41.2292 -45.2746 10.6356 32.3048 -24.9542 -37.7425 -45.8432 -3.4916 28.4485 -17.5830 -33.9977 -43.7853 -34.9332 18.9156 2.3558 -30.0923 -40.7516 -45.7932 9.1799 33.2583 -24.0411 -37.2125 -45.6276 -7.2736 27.0559 -16.1187 -33.4292 -43.3722 -38.9549 14.8979 31.4070 14.8979 -38.9549 -43.3722 -33.4292 -16.1187 27.0559 -7.2736 -45.6276 -37.2125 -24.0411 33.2583 9.1799 -45.7932 -40.7516 -30.0923 2.3558 18.9156 -34.9332 -43.7853 -33.9977 -17.5830 28.4485 -3.4916 -45.8432 -37.7425 -24.9542 32.3048 10.6356 -45.2746 -41.2292 -30.6730 -3.0980 20.2805 -31.2383 -44.1582 -34.5591 -18.9235 29.8729 -0.2180 -46.0432 -38.3395 -26.0251 29.4903 12.5805 -43.9829 -42.0163 -31.7774 -10.8165 23.7522 -18.2814
23.9644 -11.6223 -31.9234 -42.0966 -43.8888 12.5805 29.7174 -25.8981 -38.2346 -46.0011 -1.0023 29.4636 -18.5139 -34.3702 -44.0280 -32.6689 19.7854 -1.2039 -30.4536 -41.0457 -45.5019 10.0811 32.7844 -24.6037 -37.5376 -45.7633 -4.8652 27.9120 -17.0413 -33.7837 -43.6359 -36.1680 18.3442 4.8567 -29.8042 -40.5615 -45.9381 8.5892 33.4000 -23.6758 -37.0042 -45.5348 -8.9742 26.5064 -15.5024 -33.2243 -43.2299 -39.1700 16.2409 23.1419 -20.7973 23.1419 16.2409 -39.1700 -43.2299 -33.2243 -15.5024 26.5064 -8.9742 -45.5348 -37.0042 -23.6758 33.4000 8.5892 -45.9381 -40.5615 -29.8042 4.8567 18.3442 -36.1680 -43.6359 -33.7837 -17.0413 27.9120 -4.8652 -45.7633 -37.5376 -24.6037 32.7844 10.0811 -45.5019 -41.0457 -30.4536 -1.2039 19.7854 -32.6689 -44.0280 -34.3702 -18.5139 29.4636 -1.0023 -46.0011 -38.2346 -25.8981 29.7174 12.5805 -43.8888 -42.0966 -31.9234 -11.6223 23.9644
-12.1848 -32.1213 -42.2323 -43.6193 12.7964 29.4903 -25.8981 -38.1968 -45.9775 -1.5531 29.1502 -18.1691 -34.2079 -43.9097 -33.8888 19.3178 0.7822 -30.2408 -40.8640 -45.6925 9.5194 33.1215 -24.2490 -37.3312 -45.6785 -6.3576 27.3704 -16.4721 -33.5687 -43.4828 -37.3051 17.7816 7.5238 -29.4658 -40.3712 -46.0538 7.9858 33.4328 -23.3071 -36.7966 -45.4385 -10.7829 25.9589 -14.8419 -33.0093 -43.0748 -39.8748 16.1816 17.6308 -27.2283 -35.0937 -27.2283 17.6308 16.1816 -39.8748 -43.0748 -33.0093 -14.8419 25.9589 -10.7829 -45.4385 -36.7966 -23.3071 33.4328 7.9858 -46.0538 -40.3712 -29.4658 7.5238 17.7816 -37.3051 -43.4828 -33.5687 -16.4721 27.3704 -6.3576 -45.6785 -37.3312 -24.2490 33.1215 9.5194 -45.6925 -40.8640 -30.2408 0.7822 19.3178 -33.8888 -43.9097 -34.2079 -18.1691 29.1502 -1.5531 -45.9775 -38.1968 -25.8981 29.4903 12.7964 -43.6193 -42.2323 -32.1213 -12.1848
-30.8278 -42.3965 -43.2085 13.1767 28.8083 -26.0251 -38.2346 -45.9775 -1.7568 28.9792 -17.9355 -34.0853 -43.8122 -34.8677 18.8795 2.7581 -30.0281 -40.6921 -45.8463 8.9625 33.3279 -23.8933 -37.1266 -45.5897 -7.9723 26.8259 -15.8709 -33.3544 -43.3289 -38.3436 17.2272 10.3014 -29.1272 -40.1813 -46.1432 7.3676 33.3706 -22.9347 -36.5894 -45.3390 -12.6796 25.4163 -14.1385 -32.7928 -42.9124 -40.6470 15.7680 18.1745 -27.9182 -39.0145 -45.2547 -39.0145 -27.9182 18.1745 15.7680 -40.6470 -42.9124 -32.7928 -14.1385 25.4163 -12.6796 -45.3390 -36.5894 -22.9347 33.3706 7.3676 -46.1432 -40.1813 -29.1272 10.3014 17.2272 -38.3436 -43.3289 -33.3544 -15.8709 26.8259 -7.9723 -45.5897 -37.1266 -23.8933 33.3279 8.9625 -45.8463 -40.6921 -30.0281 2.7581 18.8795 -34.8677 -43.8122 -34.0853 -17.9355 28.9792 -1.7568 -45.9775 -38.2346 -26.0251 28.8083 13.1767 -43.2085 -42.3965 -30.8278
-41.2343 -42.6942 13.6523 27.6985 -26.2561 -38.3395 -46.0011 -1.5531 28.9792 -17.8517 -34.0196 -43.7469 -35.5572 18.5147 4.5501 -29.7983 -40.5355 -45.9649 8.4275 33.4212 -23.5467 -36.9263 -45.4978 -9.6923 26.2834 -15.2381 -33.1391 -43.1708 -39.2892 16.6815 13.0941 -28.7910 -39.9888 -46.2087 6.7270 33.2261 -22.5578 -36.3810 -45.2338 -14.6604 24.8740 -13.3886 -32.5764 -42.7474 -41.3818 15.2637 20.1325 -27.8219 -39.3140 -46.5451 -30.3953 -46.5451 -39.3140 -27.8219 20.1325 15.2637 -41.3818 -42.7474 -32.5764 -13.3886 24.8740 -14.6604 -45.2338 -36.3810 -22.5578 33.2261 6.7270 -46.2087 -39.9888 -28.7910 13.0941 16.6815 -39.2892 -43.1708 -33.1391 -15.2381 26.2834 -9.6923 -45.4978 -36.9263 -23.5467 33.4212 8.4275 -45.9649 -40.5355 -29.7983 4.5501 18.5147 -35.5572 -43.7469 -34.0196 -17.8517 28.9792 -1.5531 -46.0011 -38.3395 -26.2561 27.6985 13.6523 -42.6942 -41.2343
-41.8211 14.1763 26.2260 -26.5505 -38.4928 -46.0432 -1.0023 29.1502 -17.9355 -34.0196 -43.7234 -35.9141 18.2783 5.9255 -29.5879 -40.4037 -46.0507 7.9375 33.4285 -23.2186 -36.7361 -45.4048 -11.4629 25.7499 -14.5705 -32.9233 -43.0098 -40.1519 16.1395 15.8322 -28.4548 -39.7944 -46.2517 6.0594 33.0093 -22.1735 -36.1721 -45.1240 -16.7017 24.3316 -12.5827 -32.3589 -42.5815 -42.0486 14.7374 22.2968 -27.5479 -39.2357 -46.2381 0.4249 19.3016 0.4249 -46.2381 -39.2357 -27.5479 22.2968 14.7374 -42.0486 -42.5815 -32.3589 -12.5827 24.3316 -16.7017 -45.1240 -36.1721 -22.1735 33.0093 6.0594 -46.2517 -39.7944 -28.4548 15.8322 16.1395 -40.1519 -43.0098 -32.9233 -14.5705 25.7499 -11.4629 -45.4048 -36.7361 -23.2186 33.4285 7.9375 -46.0507 -40.4037 -29.5879 5.9255 18.2783 -35.9141 -43.7234 -34.0196 -17.9355 29.1502 -1.0023 -46.0432 -38.4928 -26.5505 26.2260 14.1763 -41.8211
14.3181 24.4421 -26.8750 -38.6746 -46.0951 -0.2180 29.4636 -18.1691 -34.0853 -43.7469 -35.9141 18.1965 6.6845 -29.4499 -40.3070 -46.1079 7.5226 33.3801 -22.9232 -36.5618 -45.3142 -13.2091 25.2422 -13.8849 -32.7132 -42.8503 -40.9309 15.6021 18.4385 -28.1176 -39.6006 -46.2739 5.3658 32.7290 -21.7807 -35.9637 -45.0121 -18.7580 23.7946 -11.7085 -32.1418 -42.4118 -42.6479 14.2089 24.3280 -27.2259 -39.0690 -46.2314 2.4534 29.6531 1.3394 29.6531 2.4534 -46.2314 -39.0690 -27.2259 24.3280 14.2089 -42.6479 -42.4118 -32.1418 -11.7085 23.7946 -18.7580 -45.0121 -35.9637 -21.7807 32.7290 5.3658 -46.2739 -39.6006 -28.1176 18.4385 15.6021 -40.9309 -42.8503 -32.7132 -13.8849 25.2422 -13.2091 -45.3142 -36.5618 -22.9232 33.3801 7.5226 -46.1079 -40.3070 -29.4499 6.6845 18.1965 -35.9141 -43.7469 -34.0853 -18.1691 29.4636 -0.2180 -46.0951 -38.6746 -26.8750 24.4421 14.3181
21.9919 -27.2128 -38.8702 -46.1495 0.6798 29.8729 -18.5139 -34.2079 -43.8122 -35.5572 18.2783 6.6845 -29.4013 -40.2543 -46.1407 7.2119 33.3096 -22.6752 -36.4099 -45.2315 -14.8633 24.7730 -13.2010 -32.5126 -42.6938 -41.6156 15.0796 20.8411 -27.7824 -39.4047 -46.2771 4.6421 32.3959 -21.3810 -35.7539 -44.8946 -20.8116 23.2599 -10.7613 -31.9245 -42.2409 -43.1850 13.6799 26.1392 -26.8917 -38.8782 -46.1986 2.2709 30.8070 -18.2673 -29.9358 -18.2673 30.8070 2.2709 -46.1986 -38.8782 -26.8917 26.1392 13.6799 -43.1850 -42.2409 -31.9245 -10.7613 23.2599 -20.8116 -44.8946 -35.7539 -21.3810 32.3959 4.6421 -46.2771 -39.4047 -27.7824 20.8411 15.0796 -41.6156 -42.6938 -32.5126 -13.2010 24.7730 -14.8633 -45.2315 -36.4099 -22.6752 33.3096 7.2119 -46.1407 -40.2543 -29.4013 6.6845 18.2783 -35.5572 -43.8122 -34.2079 -18.5139 29.8729 0.6798 -46.1495 -38.8702 -27.2128 21.9919
-26.3002 -39.0698 -46.2008 1.5973 30.3352 -18.9235 -34.3702 -43.9097 -34.8677 18.5147 5.9255 -29.4499 -40.2543 -46.1513 7.0413 33.2491 -22.4909 -36.2908 -45.1610 -16.3198 24.3580 -12.5341 -32.3276 -42.5438 -42.2074 14.5809 22.9648 -27.4527 -39.2089 -46.2624 3.8792 32.0160 -20.9716 -35.5431 -44.7728 -22.8354 22.7259 -9.7223 -31.7059 -42.0676 -43.6646 13.1516 27.7215 -26.5536 -38.6799 -46.1500 1.5529 30.6946 -19.3515 -34.0994 -40.9573 -34.0994 -19.3515 30.6946 1.5529 -46.1500 -38.6799 -26.5536 27.7215 13.1516 -43.6646 -42.0676 -31.7059 -9.7223 22.7259 -22.8354 -44.7728 -35.5431 -20.9716 32.0160 3.8792 -46.2624 -39.2089 -27.4527 22.9648 14.5809 -42.2074 -42.5438 -32.3276 -12.5341 24.3580 -16.3198 -45.1610 -36.2908 -22.4909 33.2491 7.0413 -46.1513 -40.2543 -29.4499 5.9255 18.5147 -34.8677 -43.9097 -34.3702 -18.9235 30.3352 1.5973 -46.2008 -39.0698 -26.3002
-37.8625 -46.2439 2.4868 30.8167 -19.3652 -34.5591 -44.0280 -33.8888 18.8795 4.5501 -29.5879 -40.3070 -46.1407 7.0413 33.2247 -22.3912 -36.2143 -45.1088 -17.4522 24.0187 -11.9297 -32.1643 -42.4081 -42.7044 14.1161 24.7593 -27.1378 -39.0200 -46.2324 3.0866 31.5996 -20.5512 -35.3329 -44.6493 -24.7911 22.1970 -8.5755 -31.4876 -41.8929 -44.0930 12.6215 29.0708 -26.2149 -38.4803 -46.0934 0.6447 30.2979 -19.2409 -34.5533 -44.1430 -46.9437 -44.1430 -34.5533 -19.2409 30.2979 0.6447 -46.0934 -38.4803 -26.2149 29.0708 12.6215 -44.0930 -41.8929 -31.4876 -8.5755 22.1970 -24.7911 -44.6493 -35.3329 -20.5512 31.5996 3.0866 -46.2324 -39.0200 -27.1378 24.7593 14.1161 -42.7044 -42.4081 -32.1643 -11.9297 24.0187 -17.4522 -45.1088 -36.2143 -22.3912 33.2247 7.0413 -46.1407 -40.3070 -29.5879 4.5501 18.8795 -33.8888 -44.0280 -34.5591 -19.3652 30.8167 2.4868 -46.2439 -37.8625
-45.2835 3.3307 31.2870 -19.8131 -34.7638 -44.1582 -32.6689 19.3178 2.7581 -29.7983 -40.4037 -46.1079 7.2119 33.2491 -22.3912 -36.1878 -45.0804 -18.1715 23.7775 -11.4445 -32.0293 -42.2916 -43.1031 13.7010 26.2379 -26.8461 -38.8409 -46.1910 2.2814 31.1651 -20.1285 -35.1234 -44.5209 -26.6688 21.6739 -7.3084 -31.2683 -41.7166 -44.4712 12.0900 30.2035 -25.8750 -38.2806 -46.0316 -0.3680 29.8175 -18.8638 -34.4971 -44.1013 -36.8136 7.3477 -36.8136 -44.1013 -34.4971 -18.8638 29.8175 -0.3680 -46.0316 -38.2806 -25.8750 30.2035 12.0900 -44.4712 -41.7166 -31.2683 -7.3084 21.6739 -26.6688 -44.5209 -35.1234 -20.1285 31.1651 2.2814 -46.1910 -38.8409 -26.8461 26.2379 13.7010 -43.1031 -42.2916 -32.0293 -11.4445 23.7775 -18.1715 -45.0804 -36.1878 -22.3912 33.2491 7.2119 -46.1079 -40.4037 -29.7983 2.7581 19.3178 -32.6689 -44.1582 -34.7638 -19.8131 31.2870 3.3307 -45.2835
3.5074 31.7321 -20.2533 -34.9745 -44.2939 -31.2383 19.7854 0.7822 -30.0281 -40.5355 -46.0507 7.5226 33.3096 -22.4909 -36.2143 -45.0804 -18.4212 23.6505 -11.1211 -31.9338 -42.1997 -43.4063 13.3481 27.3980 -26.5832 -38.6773 -46.1455 1.4754 30.7281 -19.7118 -34.9193 -44.3900 -28.4385 21.1561 -5.8925 -31.0480 -41.5369 -44.8040 11.5551 31.1375 -25.5312 -38.0783 -45.9644 -1.4706 29.3072 -18.4034 -34.3257 -44.0004 -34.2270 17.0578 32.8444 17.0578 -34.2270 -44.0004 -34.3257 -18.4034 29.3072 -1.4706 -45.9644 -38.0783 -25.5312 31.1375 11.5551 -44.8040 -41.5369 -31.0480 -5.8925 21.1561 -28.4385 -44.3900 -34.9193 -19.7118 30.7281 1.4754 -46.1455 -38.6773 -26.5832 27.3980 13.3481 -43.4063 -42.1997 -31.9338 -11.1211 23.6505 -18.4212 -45.0804 -36.2143 -22.4909 33.3096 7.5226 -46.0507 -40.5355 -30.0281 0.7822 19.7854 -31.2383 -44.2939 -34.9745 -20.2533 31.7321 3.5074
31.8096 -20.6849 -35.1866 -44.4286 -29.6381 20.2805 -1.2039 -30.2408 -40.6921 -45.9649 7.9375 33.3801 -22.6752 -36.2908 -45.1088 -18.1715 23.6505 -11.0038 -31.8845 -42.1415 -43.6105 13.0740 28.2498 -26.3603 -38.5337 -46.1014 0.6963 30.3090 -19.3103 -34.7276 -44.2633 -30.0507 20.6537 -4.3347 -30.8288 -41.3564 -45.0946 11.0117 31.8888 -25.1868 -37.8762 -45.8930 -2.6662 28.7835 -17.9070 -34.1245 -43.8679 -34.5243 18.5314 12.6420 -22.6775 12.6420 18.5314 -34.5243 -43.8679 -34.1245 -17.9070 28.7835 -2.6662 -45.8930 -37.8762 -25.1868 31.8888 11.0117 -45.0946 -41.3564 -30.8288 -4.3347 20.6537 -30.0507 -44.2633 -34.7276 -19.3103 30.3090 0.6963 -46.1014 -38.5337 -26.3603 28.2498 13.0740 -43.6105 -42.1415 -31.8845 -11.0038 23.6505 -18.1715 -45.1088 -36.2908 -22.6752 33.3801 7.9375 -45.9649 -40.6921 -30.2408 -1.2039 20.2805 -29.6381 -44.4286 -35.1866 -20.6849 31.8096
-20.4491 -35.3993 -44.5603 -27.9210 20.7959 -3.0980 -30.4536 -40.8640 -45.8463 8.4275 33.4285 -22.9232 -36.4099 -45.1610 -17.4522 23.7775 -11.1211 -31.8845 -42.1218 -43.7115 12.9016 28.8101 -26.1903 -38.4178 -46.0617 -0.0167 29.9259 -18.9352 -34.5501 -44.1436 -31.4811 20.1777 -2.6660 -30.6154 -41.1770 -45.3454 10.4651 32.4719 -24.8399 -37.6736 -45.8167 -3.9627 28.2553 -17.3831 -33.9141 -43.7250 -35.5350 18.4931 6.1320 -28.6602 -36.0190 -28.6602 6.1320 18.4931 -35.5350 -43.7250 -33.9141 -17.3831 28.2553 -3.9627 -45.8167 -37.6736 -24.8399 32.4719 10.4651 -45.3454 -41.1770 -30.6154 -2.6660 20.1777 -31.4811 -44.1436 -34.5501 -18.9352 29.9259 -0.0167 -46.0617 -38.4178 -26.1903 28.8101 12.9016 -43.7115 -42.1218 -31.8845 -11.1211 23.7775 -17.4522 -45.1610 -36.4099 -22.9232 33.4285 8.4275 -45.8463 -40.8640 -30.4536 -3.0980 20.7959 -27.9210 -44.5603 -35.3993 -20.4491
-34.1555 -44.6891 -26.0982 21.3145 -4.8180 -30.6730 -41.0457 -45.6925 8.9625 33.4212 -23.2186 -36.5618 -45.2315 -16.3198 24.0187 -11.4445 -31.9338 -42.1415 -43.7115 12.8437 29.0832 -26.0826 -38.3365 -46.0307 -0.6121 29.6011 -18.6028 -34.3918 -44.0325 -32.7162 19.7375 -0.9172 -30.4123 -41.0040 -45.5553 9.9214 32.8989 -24.4925 -37.4703 -45.7360 -5.3677 27.7203 -16.8351 -33.7023 -43.5764 -36.6505 18.0685 6.6883 -29.3376 -39.8800 -45.8760 -39.8800 -29.3376 6.6883 18.0685 -36.6505 -43.5764 -33.7023 -16.8351 27.7203 -5.3677 -45.7360 -37.4703 -24.4925 32.8989 9.9214 -45.5553 -41.0040 -30.4123 -0.9172 19.7375 -32.7162 -44.0325 -34.3918 -18.6028 29.6011 -0.6121 -46.0307 -38.3365 -26.0826 29.0832 12.8437 -43.7115 -42.1415 -31.9338 -11.4445 24.0187 -16.3198 -45.2315 -36.5618 -23.2186 33.4212 8.9625 -45.6925 -41.0457 -30.6730 -4.8180 21.3145 -26.0982 -44.6891 -34.1555
-43.5928 -24.1817 21.8382 -6.3492 -30.8945 -41.2292 -45.5019 9.5194 33.3279 -23.5467 -36.7361 -45.3142 -14.8633 24.3580 -11.9297 -32.0293 -42.1997 -43.6105 12.9016 29.0832 -26.0456 -38.2934 -46.0102 -1.0507 29.3546 -18.3330 -34.2604 -43.9351 -33.7443 19.3377 0.8472 -30.2228 -40.8392 -45.7244 9.3917 33.1851 -24.1502 -37.2714 -45.6520 -6.8768 27.1836 -16.2620 -33.4902 -43.4252 -37.7188 17.5491 8.8531 -29.2408 -40.1424 -46.5499 -22.5511 -46.5499 -40.1424 -29.2408 8.8531 17.5491 -37.7188 -43.4252 -33.4902 -16.2620 27.1836 -6.8768 -45.6520 -37.2714 -24.1502 33.1851 9.3917 -45.7244 -40.8392 -30.2228 0.8472 19.3377 -33.7443 -43.9351 -34.2604 -18.3330 29.3546 -1.0507 -46.0102 -38.2934 -26.0456 29.0832 12.9016 -43.6105 -42.1997 -32.0293 -11.9297 24.3580 -14.8633 -45.3142 -36.7361 -23.5467 33.3279 9.5194 -45.5019 -41.2292 -30.8945 -6.3492 21.8382 -24.1817 -43.5928
-23.3124 22.3782 -7.7230 -31.1165 -41.4112 -45.2746 10.0811 33.1215 -23.8933 -36.9263 -45.4048 -13.2091 24.7730 -12.5341 -32.1643 -42.2916 -43.4063 13.0740 28.8101 -26.0826 -38.2934 -46.0027 -1.2852 29.1960 -18.1355 -34.1603 -43.8566 -34.5588 18.9727 2.5257 -30.0412 -40.6873 -45.8579 8.8860 33.3517 -23.8173 -37.0779 -45.5650 -8.4675 26.6536 -15.6615 -33.2783 -43.2724 -38.7082 17.0115 11.4743 -28.9696 -40.0615 -46.2217 4.0914 21.4831 4.0914 -46.2217 -40.0615 -28.9696 11.4743 17.0115 -38.7082 -43.2724 -33.2783 -15.6615 26.6536 -8.4675 -45.5650 -37.0779 -23.8173 33.3517 8.8860 -45.8579 -40.6873 -30.0412 2.5257 18.9727 -34.5588 -43.8566 -34.1603 -18.1355 29.1960 -1.2852 -46.0027 -38.2934 -26.0826 28.8101 13.0740 -43.4063 -42.2916 -32.1643 -12.5341 24.7730 -13.2091 -45.4048 -36.9263 -23.8933 33.1215 10.0811 -45.2746 -41.4112 -31.1165 -7.7230 22.3782 -23.3124
22.5921 -8.9636 -31.3389 -41.5936 -45.0094 10.6356 32.7844 -24.2490 -37.1266 -45.4978 -11.4629 25.2422 -13.2010 -32.3276 -42.4081 -43.1031 13.3481 28.2498 -26.1903 -38.3365 -46.0102 -1.2852 29.1410 -18.0310 -34.0969 -43.7996 -35.1603 18.6683 3.9970 -29.8503 -40.5539 -45.9603 8.4131 33.4247 -23.5016 -36.8928 -45.4783 -10.1097 26.1369 -15.0427 -33.0702 -43.1170 -39.6064 16.4785 14.1905 -28.6523 -39.8992 -46.2384 5.7063 31.7109 -6.5264 31.7109 5.7063 -46.2384 -39.8992 -28.6523 14.1905 16.4785 -39.6064 -43.1170 -33.0702 -15.0427 26.1369 -10.1097 -45.4783 -36.8928 -23.5016 33.4247 8.4131 -45.9603 -40.5539 -29.8503 3.9970 18.6683 -35.1603 -43.7996 -34.0969 -18.0310 29.1410 -1.2852 -46.0102 -38.3365 -26.1903 28.2498 13.3481 -43.1031 -42.4081 -32.3276 -13.2010 25.2422 -11.4629 -45.4978 -37.1266 -24.2490 32.7844 10.6356 -45.0094 -41.5936 -31.3389 -8.9636 22.5921
-9.8380 -31.5604 -41.7751 -44.7023 11.1849 32.3048 -24.6037 -37.3312 -45.5897 -9.6923 25.7499 -13.8849 -32.5126 -42.5438 -42.7044 13.7010 27.3980 -26.3603 -38.4178 -46.0307 -1.0507 29.1960 -18.0310 -34.0752 -43.7705 -35.5299 18.4526 5.1625 -29.6728 -40.4429 -46.0354 7.9885 33.4294 -23.2108 -36.7208 -45.3924 -11.7592 25.6437 -14.4082 -32.8665 -42.9627 -40.4086 15.9571 16.8002 -28.3255 -39.7147 -46.2642 5.5759 32.5829 -20.2566 -30.9029 -20.2566 32.5829 5.5759 -46.2642 -39.7147 -28.3255 16.8002 15.9571 -40.4086 -42.9627 -32.8665 -14.4082 25.6437 -11.7592 -45.3924 -36.7208 -23.2108 33.4294 7.9885 -46.0354 -40.4429 -29.6728 5.1625 18.4526 -35.5299 -43.7705 -34.0752 -18.0310 29.1960 -1.0507 -46.0307 -38.4178 -26.3603 27.3980 13.7010 -42.7044 -42.5438 -32.5126 -13.8849 25.7499 -9.6923 -45.5897 -37.3312 -24.6037 32.3048 11.1849 -44.7023 -41.7751 -31.5604 -9.8380
-30.2590 -41.9537 -44.3496 11.7308 31.6641 -24.9542 -37.5376 -45.6785 -7.9723 26.2834 -14.5705 -32.7132 -42.6938 -42.2074 14.1161 26.2379 -26.5832 -38.5337 -46.0617 -0.6121 29.3546 -18.1355 -34.0969 -43.7705 -35.6514 18.3420 5.9208 -29.5466 -40.3584 -46.0873 7.6314 33.3917 -22.9515 -36.5661 -45.3126 -13.3540 25.1808 -13.7672 -32.6713 -42.8122 -41.1233 15.4502 19.2211 -28.0029 -39.5263 -46.2772 5.0260 32.5060 -21.1977 -35.0245 -41.8252 -35.0245 -21.1977 32.5060 5.0260 -46.2772 -39.5263 -28.0029 19.2211 15.4502 -41.1233 -42.8122 -32.6713 -13.7672 25.1808 -13.3540 -45.3126 -36.5661 -22.9515 33.3917 7.6314 -46.0873 -40.3584 -29.5466 5.9208 18.3420 -35.6514 -43.7705 -34.0969 -18.1355 29.3546 -0.6121 -46.0617 -38.5337 -26.5832 26.2379 14.1161 -42.2074 -42.6938 -32.7132 -14.5705 26.2834 -7.9723 -45.6785 -37.5376 -24.9542 31.6641 11.7308 -44.3496 -41.9537 -30.2590
-40.7830 -43.9526 12.2736 30.8433 -25.3033 -37.7425 -45.7633 -6.3576 26.8259 -15.2381 -32.9233 -42.8503 -41.6156 14.5809 24.7593 -26.8461 -38.6773 -46.1014 -0.0167 29.6011 -18.3330 -34.1603 -43.7996 -35.5299 18.3420 6.1839 -29.4827 -40.3050 -46.1195 7.3587 33.3367 -22.7348 -36.4346 -45.2405 -14.8216 24.7607 -13.1409 -32.4888 -42.6680 -41.7467 14.9604 21.4237 -27.6870 -39.3407 -46.2737 4.3491 32.2250 -21.1049 -35.4599 -44.7899 -46.1194 -44.7899 -35.4599 -21.1049 32.2250 4.3491 -46.2737 -39.3407 -27.6870 21.4237 14.9604 -41.7467 -42.6680 -32.4888 -13.1409 24.7607 -14.8216 -45.2405 -36.4346 -22.7348 33.3367 7.3587 -46.1195 -40.3050 -29.4827 6.1839 18.3420 -35.5299 -43.7996 -34.1603 -18.3330 29.6011 -0.0167 -46.1014 -38.6773 -26.8461 24.7593 14.5809 -41.6156 -42.8503 -32.9233 -15.2381 26.8259 -6.3576 -45.7633 -37.7425 -25.3033 30.8433 12.2736 -43.9526 -40.7830
-43.0715 12.8153 29.8245 -25.6516 -37.9457 -45.8432 -4.8652 27.3704 -15.8709 -33.1391 -43.0098 -40.9309 15.0796 22.9648 -27.1378 -38.8409 -46.1455 0.6963 29.9259 -18.6028 -34.2604 -43.8566 -35.1603 18.4526 5.9208 -29.4827 -40.2871 -46.1347 7.1875 33.2869 -22.5730 -36.3303 -45.1781 -16.0930 24.3941 -12.5501 -32.3221 -42.5327 -42.2781 14.5004 23.3439 -27.3792 -39.1583 -46.2550 3.6232 31.8664 -20.7863 -35.4065 -44.6834 -31.1060 9.7726 -31.1060 -44.6834 -35.4065 -20.7863 31.8664 3.6232 -46.2550 -39.1583 -27.3792 23.3439 14.5004 -42.2781 -42.5327 -32.3221 -12.5501 24.3941 -16.0930 -45.1781 -36.3303 -22.5730 33.2869 7.1875 -46.1347 -40.2871 -29.4827 5.9208 18.4526 -35.1603 -43.8566 -34.2604 -18.6028 29.9259 0.6963 -46.1455 -38.8409 -27.1378 22.9648 15.0796 -40.9309 -43.0098 -33.1391 -15.8709 27.3704 -4.8652 -45.8432 -37.9457 -25.6516 29.8245 12.8153 -43.0715
12.9441 28.5972 -25.9988 -38.1500 -45.9184 -3.4916 27.9120 -16.4721 -33.3544 -43.1708 -40.1519 15.6021 20.8411 -27.4527 -39.0200 -46.1910 1.4754 30.3090 -18.9352 -34.3918 -43.9351 -34.5588 18.6683 5.1625 -29.5466 -40.3050 -46.1347 7.1299 33.2575 -22.4723 -36.2583 -45.1320 -17.0994 24.0933 -12.0191 -32.1761 -42.4101 -42.7211 14.0795 24.9656 -27.0884 -38.9834 -46.2236 2.8737 31.4708 -20.4068 -35.2441 -44.5886 -27.5011 19.3349 33.1100 19.3349 -27.5011 -44.5886 -35.2441 -20.4068 31.4708 2.8737 -46.2236 -38.9834 -27.0884 24.9656 14.0795 -42.7211 -42.4101 -32.1761 -12.0191 24.0933 -17.0994 -45.1320 -36.2583 -22.4723 33.2575 7.1299 -46.1347 -40.3050 -29.5466 5.1625 18.6683 -34.5588 -43.9351 -34.3918 -18.9352 30.3090 1.4754 -46.1910 -39.0200 -27.4527 20.8411 15.6021 -40.1519 -43.1708 -33.3544 -16.4721 27.9120 -3.4916 -45.9184 -38.1500 -25.9988 28.5972 12.9441
26.7168 -26.3435 -38.3544 -45.9894 -2.2186 28.4485 -17.0413 -33.5687 -43.3289 -39.2892 16.1395 18.4385 -27.7824 -39.2089 -46.2324 2.2814 30.7281 -19.3103 -34.5501 -44.0325 -33.7443 18.9727 3.9970 -29.6728 -40.3584 -46.1195 7.1875 33.2575 -22.4378 -36.2206 -45.1034 -17.7894 23.8741 -11.5819 -32.0568 -42.3063 -43.0787 13.7043 26.2937 -26.8213 -38.8189 -46.1835 2.1192 31.0624 -20.0160 -35.0579 -44.4737 -27.8125 20.9208 1.2347 -24.4443 1.2347 20.9208 -27.8125 -44.4737 -35.0579 -20.0160 31.0624 2.1192 -46.1835 -38.8189 -26.8213 26.2937 13.7043 -43.0787 -42.3063 -32.0568 -11.5819 23.8741 -17.7894 -45.1034 -36.2206 -22.4378 33.2575 7.1875 -46.1195 -40.3584 -29.6728 3.9970 18.9727 -33.7443 -44.0325 -34.5501 -19.3103 30.7281 2.2814 -46.2324 -39.2089 -27.7824 18.4385 16.1395 -39.2892 -43.3289 -33.5687 -17.0413 28.4485 -2.2186 -45.9894 -38.3544 -26.3435 26.7168
-25.5386 -38.5576 -46.0557 -1.0386 28.9831 -17.5830 -33.7837 -43.4828 -38.3436 16.6815 15.8322 -28.1176 -39.4047 -46.2624 3.0866 31.1651 -19.7118 -34.7276 -44.1436 -32.7162 19.3377 2.5257 -29.8503 -40.4429 -46.0873 7.3587 33.2869 -22.4723 -36.2206 -45.0935 -18.1510 23.7382 -11.2709 -31.9693 -42.2251 -43.3523 13.3865 27.3371 -26.5845 -38.6700 -46.1413 1.3718 30.6557 -19.6298 -34.8726 -44.3552 -29.0656 20.8440 -3.5911 -29.9638 -36.9695 -29.9638 -3.5911 20.8440 -29.0656 -44.3552 -34.8726 -19.6298 30.6557 1.3718 -46.1413 -38.6700 -26.5845 27.3371 13.3865 -43.3523 -42.2251 -31.9693 -11.2709 23.7382 -18.1510 -45.0935 -36.2206 -22.4723 33.2869 7.3587 -46.0873 -40.4429 -29.8503 2.5257 19.3377 -32.7162 -44.1436 -34.7276 -19.7118 31.1651 3.0866 -46.2624 -39.4047 -28.1176 15.8322 16.6815 -38.3436 -43.4828 -33.7837 -17.5830 28.9831 -1.0386 -46.0557 -38.5576 -25.5386
-37.3451 -46.1182 0.0522 29.5134 -18.1053 -33.9977 -43.6359 -37.3051 17.2272 13.0941 -28.4548 -39.6006 -46.2771 3.8792 31.5996 -20.1285 -34.9193 -44.2633 -31.4811 19.7375 0.8472 -30.0412 -40.5539 -46.0354 7.6314 33.3367 -22.5730 -36.2583 -45.1034 -18.1510 23.6905 -11.1100 -31.9142 -42.1684 -43.5432 13.1383 28.1164 -26.3830 -38.5412 -46.1013 0.6586 30.2708 -19.2588 -34.6959 -44.2397 -30.4401 20.4831 -3.3521 -30.5174 -40.7607 -46.4344 -40.7607 -30.5174 -3.3521 20.4831 -30.4401 -44.2397 -34.6959 -19.2588 30.2708 0.6586 -46.1013 -38.5412 -26.3830 28.1164 13.1383 -43.5432 -42.1684 -31.9142 -11.1100 23.6905 -18.1510 -45.1034 -36.2583 -22.5730 33.3367 7.6314 -46.0354 -40.5539 -30.0412 0.8472 19.7375 -31.4811 -44.2633 -34.9193 -20.1285 31.5996 3.8792 -46.2771 -39.6006 -28.4548 13.0941 17.2272 -37.3051 -43.6359 -33.9977 -18.1053 29.5134 0.0522 -46.1182 -37.3451
-45.1368 1.0605 30.0343 -18.6092 -34.2119 -43.7853 -36.1680 17.7816 10.3014 -28.7910 -39.7944 -46.2739 4.6421 32.0160 -20.5512 -35.1234 -44.3900 -30.0507 20.1777 -0.9172 -30.2228 -40.6873 -45.9603 7.9885 33.3917 -22.7348 -36.3303 -45.1320 -17.7894 23.7382 -11.1100 -31.8947 -42.1389 -43.6576 12.9670 28.6551 -26.2256 -38.4354 -46.0652 0.0136 29.9229 -18.9157 -34.5330 -44.1279 -31.7218 20.0718 -2.1001 -30.4955 -40.9907 -46.2169 -13.4966 -46.2169 -40.9907 -30.4955 -2.1001 20.0718 -31.7218 -44.1279 -34.5330 -18.9157 29.9229 0.0136 -46.0652 -38.4354 -26.2256 28.6551 12.9670 -43.6576 -42.1389 -31.8947 -11.1100 23.7382 -17.7894 -45.1320 -36.3303 -22.7348 33.3917 7.9885 -45.9603 -40.6873 -30.2228 -0.9172 20.1777 -30.0507 -44.3900 -35.1234 -20.5512 32.0160 4.6421 -46.2739 -39.7944 -28.7910 10.3014 17.7816 -36.1680 -43.7853 -34.2119 -18.6092 30.0343 1.0605 -45.1368
1.2849 30.5421 -19.0944 -34.4274 -43.9314 -34.9332 18.3442 7.5238 -29.1272 -39.9888 -46.2517 5.3658 32.3959 -20.9716 -35.3329 -44.5209 -28.4385 20.6537 -2.6660 -30.4123 -40.8392 -45.8579 8.4131 33.4294 -22.9515 -36.4346 -45.1781 -17.0994 23.8741 -11.2709 -31.9142 -42.1389 -43.6960 12.8786 28.9737 -26.1179 -38.3569 -46.0358 -0.5369 29.6264 -18.6111 -34.3884 -44.0249 -32.8445 19.6738 -0.5421 -30.3520 -40.9264 -45.7803 7.1591 23.8694 7.1591 -45.7803 -40.9264 -30.3520 -0.5421 19.6738 -32.8445 -44.0249 -34.3884 -18.6111 29.6264 -0.5369 -46.0358 -38.3569 -26.1179 28.9737 12.8786 -43.6960 -42.1389 -31.9142 -11.2709 23.8741 -17.0994 -45.1781 -36.4346 -22.9515 33.4294 8.4131 -45.8579 -40.8392 -30.4123 -2.6660 20.6537 -28.4385 -44.5209 -35.3329 -20.9716 32.3959 5.3658 -46.2517 -39.9888 -29.1272 7.5238 18.3442 -34.9332 -43.9314 -34.4274 -19.0944 30.5421 1.2849
30.7238 -19.5617 -34.6426 -44.0760 -33.5905 18.9156 4.8567 -29.4658 -40.1813 -46.2087 6.0594 32.7290 -21.3810 -35.5431 -44.6493 -26.6688 21.1561 -4.3347 -30.6154 -41.0040 -45.7244 8.8860 33.4247 -23.2108 -36.5661 -45.2405 -16.0930 24.0933 -11.5819 -31.9693 -42.1684 -43.6576 12.8786 29.0809 -26.0603 -38.3077 -46.0152 -0.9620 29.3923 -18.3600 -34.2670 -43.9359 -33.7935 19.3041 1.0694 -30.1889 -40.7989 -45.7998 8.6168 33.2187 -11.7938 33.2187 8.6168 -45.7998 -40.7989 -30.1889 1.0694 19.3041 -33.7935 -43.9359 -34.2670 -18.3600 29.3923 -0.9620 -46.0152 -38.3077 -26.0603 29.0809 12.8786 -43.6576 -42.1684 -31.9693 -11.5819 24.0933 -16.0930 -45.2405 -36.5661 -23.2108 33.4247 8.8860 -45.7244 -41.0040 -30.6154 -4.3347 21.1561 -26.6688 -44.6493 -35.5431 -21.3810 32.7290 6.0594 -46.2087 -40.1813 -29.4658 4.8567 18.9156 -33.5905 -44.0760 -34.6426 -19.5617 30.7238
-19.4225 -34.8568 -44.2173 -32.1308 19.4663 2.3558 -29.8042 -40.3712 -46.1432 6.7270 33.0093 -21.7807 -35.7539 -44.7728 -24.7911 21.6739 -5.8925 -30.8288 -41.1770 -45.5553 9.3917 33.3517 -23.5016 -36.7208 -45.3126 -14.8216 24.3941 -12.0191 -32.0568 -42.2251 -43.5432 12.9670 28.9737 -26.0603 -38.2906 -46.0044 -1.2305 29.2274 -18.1700 -34.1722 -43.8626 -34.5553 18.9661 2.6115 -30.0223 -40.6659 -45.8875 8.6173 33.4466 -22.1648 -31.9420 -22.1648 33.4466 8.6173 -45.8875 -40.6659 -30.0223 2.6115 18.9661 -34.5553 -43.8626 -34.1722 -18.1700 29.2274 -1.2305 -46.0044 -38.2906 -26.0603 28.9737 12.9670 -43.5432 -42.2251 -32.0568 -12.0191 24.3941 -14.8216 -45.3126 -36.7208 -23.5016 33.3517 9.3917 -45.5553 -41.1770 -30.8288 -5.8925 21.6739 -24.7911 -44.7728 -35.7539 -21.7807 33.0093 6.7270 -46.1432 -40.3712 -29.8042 2.3558 19.4663 -32.1308 -44.2173 -34.8568 -19.4225
-33.6068 -44.3553 -30.5609 19.9864 0.0522 -30.0923 -40.5615 -46.0538 7.3676 33.2261 -22.1735 -35.9637 -44.8946 -22.8354 22.1970 -7.3084 -31.0480 -41.3564 -45.3454 9.9214 33.1851 -23.8173 -36.8928 -45.3924 -13.3540 24.7607 -12.5501 -32.1761 -42.3063 -43.3523 13.1383 28.6551 -26.1179 -38.3077 -46.0044 -1.3237 29.1425 -18.0475 -34.1068 -43.8074 -35.1178 18.6777 3.9932 -29.8420 -40.5437 -45.9728 8.3017 33.4374 -23.0672 -36.0457 -42.7532 -36.0457 -23.0672 33.4374 8.3017 -45.9728 -40.5437 -29.8420 3.9932 18.6777 -35.1178 -43.8074 -34.1068 -18.0475 29.1425 -1.3237 -46.0044 -38.3077 -26.1179 28.6551 13.1383 -43.3523 -42.3063 -32.1761 -12.5501 24.7607 -13.3540 -45.3924 -36.8928 -23.8173 33.1851 9.9214 -45.3454 -41.3564 -31.0480 -7.3084 22.1970 -22.8354 -44.8946 -35.9637 -22.1735 33.2261 7.3676 -46.0538 -40.5615 -30.0923 0.0522 19.9864 -30.5609 -44.3553 -33.6068
-43.2455 -28.8912 20.5056 -2.0247 -30.3242 -40.7516 -45.9381 7.9858 33.3706 -22.5578 -36.1721 -45.0121 -20.8116 22.7259 -8.5755 -31.2683 -41.5369 -45.0946 10.4651 32.8989 -24.1502 -37.0779 -45.4783 -11.7592 25.1808 -13.1409 -32.3221 -42.4101 -43.0787 13.3865 28.1164 -26.2256 -38.3569 -46.0152 -1.2305 29.1425 -18.0047 -34.0728 -43.7730 -35.4931 18.4668 5.1242 -29.6741 -40.4402 -46.0398 7.9417 33.4244 -23.0699 -36.4956 -45.4351 -44.3543 -45.4351 -36.4956 -23.0699 33.4244 7.9417 -46.0398 -40.4402 -29.6741 5.1242 18.4668 -35.4931 -43.7730 -34.0728 -18.0047 29.1425 -1.2305 -46.0152 -38.3569 -26.2256 28.1164 13.3865 -43.0787 -42.4101 -32.3221 -13.1409 25.1808 -11.7592 -45.4783 -37.0779 -24.1502 32.8989 10.4651 -45.0946 -41.5369 -31.2683 -8.5755 22.7259 -20.8116 -45.0121 -36.1721 -22.5578 33.3706 7.9858 -45.9381 -40.7516 -30.3242 -2.0247 20.5056 -28.8912 -43.2455
-28.0026 21.0357 -3.8786 -30.5491 -40.9403 -45.7932 8.5892 33.4328 -22.9347 -36.3810 -45.1240 -18.7580 23.2599 -9.7223 -31.4876 -41.7166 -44.8040 11.0117 32.4719 -24.4925 -37.2714 -45.5650 -10.1097 25.6437 -13.7672 -32.4888 -42.5327 -42.7211 13.7043 27.3371 -26.3830 -38.4354 -46.0358 -0.9620 29.2274 -18.0475 -34.0728 -43.7615 -35.6898 18.3381 5.9091 -29.5511 -40.3584 -46.0881 7.6173 33.3864 -22.9017 -36.4960 -45.2781 -22.1190 12.3332 -22.1190 -45.2781 -36.4960 -22.9017 33.3864 7.6173 -46.0881 -40.3584 -29.5511 5.9091 18.3381 -35.6898 -43.7615 -34.0728 -18.0475 29.2274 -0.9620 -46.0358 -38.4354 -26.3830 27.3371 13.7043 -42.7211 -42.5327 -32.4888 -13.7672 25.6437 -10.1097 -45.5650 -37.2714 -24.4925 32.4719 11.0117 -44.8040 -41.7166 -31.4876 -9.7223 23.2599 -18.7580 -45.1240 -36.3810 -22.9347 33.4328 8.5892 -45.7932 -40.9403 -30.5491 -3.8786 21.0357 -28.0026
21.2264 -5.5258 -30.7733 -41.1274 -45.6165 9.1799 33.4000 -23.3071 -36.5894 -45.2338 -16.7017 23.7946 -10.7613 -31.7059 -41.8929 -44.4712 11.5551 31.8888 -24.8399 -37.4703 -45.6520 -8.4675 26.1369 -14.4082 -32.6713 -42.6680 -42.2781 14.0795 26.2937 -26.5845 -38.5412 -46.0652 -0.5369 29.3923 -18.1700 -34.1068 -43.7730 -35.6898 18.2925 6.3073 -29.4749 -40.3021 -46.1202 7.3560 33.3341 -22.7177 -36.4100 -45.2242 -17.1581 22.0113 30.5995 22.0113 -17.1581 -45.2242 -36.4100 -22.7177 33.3341 7.3560 -46.1202 -40.3021 -29.4749 6.3073 18.2925 -35.6898 -43.7730 -34.1068 -18.1700 29.3923 -0.5369 -46.0652 -38.5412 -26.5845 26.2937 14.0795 -42.2781 -42.6680 -32.6713 -14.4082 26.1369 -8.4675 -45.6520 -37.4703 -24.8399 31.8888 11.5551 -44.4712 -41.8929 -31.7059 -10.7613 23.7946 -16.7017 -45.2338 -36.5894 -23.3071 33.4000 9.1799 -45.6165 -41.1274 -30.7733 -5.5258 21.2264
-6.8153 -30.9962 -41.3129 -45.4062 9.7592 33.2583 -23.6758 -36.7966 -45.3390 -14.6604 24.3316 -11.7085 -31.9245 -42.0676 -44.0930 12.0900 31.1375 -25.1868 -37.6736 -45.7360 -6.8768 26.6536 -15.0427 -32.8665 -42.8122 -41.7467 14.5004 24.9656 -26.8213 -38.6700 -46.1013 0.0136 29.6264 -18.3600 -34.1722 -43.8074 -35.4931 18.3381 6.3073 -29.4483 -40.2740 -46.1380 7.1696 33.2837 -22.5630 -36.3198 -45.1716 -16.7812 23.7813 -7.9795 -26.0460 -7.9808 23.7819 -16.7812 -45.1716 -36.3198 -22.5630 33.2837 7.1696 -46.1380 -40.2740 -29.4483 6.3073 18.3381 -35.4931 -43.8074 -34.1722 -18.3600 29.6264 0.0136 -46.1013 -38.6700 -26.8213 24.9656 14.5004 -41.7467 -42.8122 -32.8665 -15.0427 26.6536 -6.8768 -45.7360 -37.6736 -25.1868 31.1375 12.0900 -44.0930 -42.0676 -31.9245 -11.7085 24.3316 -14.6604 -45.3390 -36.7966 -23.6758 33.2583 9.7592 -45.4062 -41.3129 -30.9962 -6.8153
-29.6823 -41.4963 -45.1594 10.3273 32.9934 -24.0411 -37.0042 -45.4385 -12.6796 24.8740 -12.5827 -32.1418 -42.2409 -43.6646 12.6215 30.2035 -25.5312 -37.8762 -45.8167 -5.3677 27.1836 -15.6615 -33.0702 -42.9627 -41.1233 14.9604 23.3439 -27.0884 -38.8189 -46.1413 0.6586 29.9229 -18.6111 -34.2670 -43.8626 -35.1178 18.4668 5.9091 -29.4749 -40.2740 -46.1437 7.0733 33.2480 -22.4549 -36.2494 -45.1271 -17.3483 23.9131 -10.9917 -31.2043 -38.1501 -31.2052 -10.9937 23.9138 -17.3482 -45.1269 -36.2490 -22.4548 33.2480 7.0733 -46.1437 -40.2740 -29.4749 5.9091 18.4668 -35.1178 -43.8626 -34.2670 -18.6111 29.9229 0.6586 -46.1413 -38.8189 -27.0884 23.3439 14.9604 -41.1233 -42.9627 -33.0702 -15.6615 27.1836 -5.3677 -45.8167 -37.8762 -25.5312 30.2035 12.6215 -43.6646 -42.2409 -32.1418 -12.5827 24.8740 -12.6796 -45.4385 -37.0042 -24.0411 32.9934 10.3273 -45.1594 -41.4963 -29.6823
-40.3181 -44.8766 10.8862 32.5906 -24.4022 -37.2125 -45.5348 -10.7829 25.4163 -13.3886 -32.3589 -42.4118 -43.1850 13.1516 29.0708 -25.8750 -38.0783 -45.8930 -3.9627 27.7203 -16.2620 -33.2783 -43.1170 -40.4086 15.4502 21.4237 -27.3792 -38.9834 -46.1835 1.3718 30.2708 -18.9157 -34.3884 -43.9359 -34.5553 18.6777 5.1242 -29.5511 -40.3021 -46.1380 7.0733 33.2353 -22.4004 -36.2062 -45.0957 -17.9487 23.8008 -11.2718 -31.8140 -41.8711 -46.9800 -41.8721 -31.8154 -11.2736 23.7968 -17.9777 -45.0966 -36.2050 -22.3997 33.2352 7.0733 -46.1380 -40.3021 -29.5511 5.1242 18.6777 -34.5553 -43.9359 -34.3884 -18.9157 30.2708 1.3718 -46.1835 -38.9834 -27.3792 21.4237 15.4502 -40.4086 -43.1170 -33.2783 -16.2620 27.7203 -3.9627 -45.8930 -38.0783 -25.8750 29.0708 13.1516 -43.1850 -42.4118 -32.3589 -13.3886 25.4163 -10.7829 -45.5348 -37.2125 -24.4022 32.5906 10.8862 -44.8766 -40.3181
-43.9855 11.4393 32.0343 -24.7596 -37.4205 -45.6276 -8.9742 25.9589 -14.1385 -32.5764 -42.5815 -42.6479 13.6799 27.7215 -26.2149 -38.2806 -45.9644 -2.6662 28.2553 -16.8351 -33.4902 -43.2724 -39.6064 15.9571 19.2211 -27.6870 -39.1583 -46.2236 2.1192 30.6557 -19.2588 -34.5330 -44.0249 -33.7935 18.9661 3.9932 -29.6741 -40.3584 -46.1202 7.1696 33.2480 -22.4004 -36.1925 -45.0832 -18.3568 23.6877 -11.1358 -31.8829 -42.1008 -44.9803 -3.6915 -44.9751 -42.1025 -31.8864 -11.0865 23.6445 -18.4479 -45.0801 -36.1908 -22.3996 33.2479 7.1696 -46.1202 -40.3584 -29.6741 3.9932 18.9661 -33.7935 -44.0249 -34.5330 -19.2588 30.6557 2.1192 -46.2236 -39.1583 -27.6870 19.2211 15.9571 -39.6064 -43.2724 -33.4902 -16.8351 28.2553 -2.6662 -45.9644 -38.2806 -26.2149 27.7215 13.6799 -42.6479 -42.5815 -32.5764 -14.1385 25.9589 -8.9742 -45.6276 -37.4205 -24.7596 32.0343 11.4393 -43.9855
11.5585 31.3111 -25.1133 -37.6281 -45.7165 -7.2736 26.5064 -14.8419 -32.7928 -42.7474 -42.0486 14.2089 26.1392 -26.5536 -38.4803 -46.0316 -1.4706 28.7835 -17.3831 -33.7023 -43.4252 -38.7082 16.4785 16.8002 -28.0029 -39.3407 -46.2550 2.8737 31.0624 -19.6298 -34.6959 -44.1279 -32.8445 19.3041 2.6115 -29.8420 -40.4402 -46.0881 7.3560 33.2837 -22.4549 -36.2063 -45.0835 -18.5387 23.6314 -11.3544 -31.9029 -42.0734 -44.0564 10.8038 27.0964 10.8157 -43.9971 -42.1151 -31.8208 -10.6337 23.6678 -18.3357 -44.9682 -36.2052 -22.4547 33.2837 7.3560 -46.0881 -40.4402 -29.8420 2.6115 19.3041 -32.8445 -44.1279 -34.6959 -19.6298 31.0624 2.8737 -46.2550 -39.3407 -28.0029 16.8002 16.4785 -38.7082 -43.4252 -33.7023 -17.3831 28.7835 -1.4706 -46.0316 -38.4803 -26.5536 26.1392 14.2089 -42.0486 -42.7474 -32.7928 -14.8419 26.5064 -7.2736 -45.7165 -37.6281 -25.1133 31.3111 11.5585
29.9686 -25.4628 -37.8344 -45.8003 -5.6989 27.0559 -15.5024 -33.0093 -42.9124 -41.3818 14.7374 24.3280 -26.8917 -38.6799 -46.0934 -0.3680 29.3072 -17.9070 -33.9141 -43.5764 -37.7188 17.0115 14.1905 -28.3255 -39.5263 -46.2737 3.6232 31.4708 -20.0160 -34.8726 -44.2397 -31.7218 19.6738 1.0694 -30.0223 -40.5437 -46.0398 7.6173 33.3341 -22.5630 -36.2494 -45.0960 -18.3166 23.8448 -11.0371 -31.8389 -42.0467 -43.8196 12.3911 32.5143 -16.7151 32.5584 12.3997 -43.8278 -41.9972 -31.7648 -10.7949 23.7756 -18.4266 -45.0951 -36.2491 -22.5630 33.3341 7.6173 -46.0398 -40.5437 -30.0223 1.0694 19.6738 -31.7218 -44.2397 -34.8726 -20.0160 31.4708 3.6232 -46.2737 -39.5263 -28.3255 14.1905 17.0115 -37.7188 -43.5764 -33.9141 -17.9070 29.3072 -0.3680 -46.0934 -38.6799 -26.8917 24.3280 14.7374 -41.3818 -42.9124 -33.0093 -15.5024 27.0559 -5.6989 -45.8003 -37.8344 -25.4628 29.9686
-24.7554 -38.0379 -45.8781 -4.2652 27.5959 -16.1187 -33.2243 -43.0748 -40.6470 15.2637 22.2968 -27.2259 -38.8782 -46.1500 0.6447 29.8175 -18.4034 -34.1245 -43.7250 -36.6505 17.5491 11.4743 -28.6523 -39.7147 -46.2772 4.3491 31.8664 -20.4068 -35.0579 -44.3552 -30.4401 20.0718 -0.5421 -30.1889 -40.6659 -45.9728 7.9417 33.3864 -22.7177 -36.3198 -45.1271 -17.9469 23.6938 -11.2766 -31.9014 -42.1590 -43.9680 12.6288 30.2858 -24.6265 -33.4118 -24.6672 30.1408 12.3279 -43.8992 -42.1689 -31.8411 -11.1136 23.7076 -17.9167 -45.1277 -36.3198 -22.7177 33.3864 7.9417 -45.9728 -40.6659 -30.1889 -0.5421 20.0718 -30.4401 -44.3552 -35.0579 -20.4068 31.8664 4.3491 -46.2772 -39.7147 -28.6523 11.4743 17.5491 -36.6505 -43.7250 -34.1245 -18.4034 29.8175 0.6447 -46.1500 -38.8782 -27.2259 22.2968 15.2637 -40.6470 -43.0748 -33.2243 -16.1187 27.5959 -4.2652 -45.8781 -38.0379 -24.7554
