0.1479 0.1883 0.3363 0.5154 0.3338 0.1436 0.1637 0.2691 0.4934 0.4350 0.1577 0.1485 0.2195 0.4100 0.4945 0.2217 0.1418 0.1844 0.3259 0.5161 0.3507 0.1446 0.1609 0.2610 0.4839 0.4460 0.1617 0.1470 0.2137 0.3970 0.4999 0.2396 0.1416 0.1804 0.3154 0.5157 0.3671 0.1459 0.1584 0.2533 0.4730 0.4561 0.1667 0.1457 0.2081 0.3841 0.5046 0.2608 0.1415 0.1695 0.2287 0.1695 0.1415 0.2608 0.5046 0.3841 0.2081 0.1457 0.1667 0.4561 0.4730 0.2533 0.1584 0.1459 0.3671 0.5157 0.3154 0.1804 0.1416 0.2396 0.4999 0.3970 0.2137 0.1470 0.1617 0.4460 0.4839 0.2610 0.1609 0.1446 0.3507 0.5161 0.3259 0.1844 0.1418 0.2217 0.4945 0.4100 0.2195 0.1485 0.1577 0.4350 0.4934 0.2691 0.1637 0.1436 0.3338 0.5154 0.3363 0.1883 0.1479
0.1883 0.3359 0.5165 0.3367 0.1379 0.1590 0.2660 0.4932 0.4377 0.1533 0.1433 0.2158 0.4083 0.4962 0.2239 0.1360 0.1802 0.3233 0.5171 0.3545 0.1390 0.1562 0.2577 0.4834 0.4485 0.1577 0.1417 0.2098 0.3951 0.5015 0.2427 0.1358 0.1761 0.3126 0.5167 0.3708 0.1405 0.1536 0.2499 0.4722 0.4585 0.1633 0.1403 0.2042 0.3822 0.5061 0.2628 0.1357 0.1704 0.2855 0.4319 0.2855 0.1704 0.1357 0.2628 0.5061 0.3822 0.2042 0.1403 0.1633 0.4585 0.4722 0.2499 0.1536 0.1405 0.3708 0.5167 0.3126 0.1761 0.1358 0.2427 0.5015 0.3951 0.2098 0.1417 0.1577 0.4485 0.4834 0.2577 0.1562 0.1390 0.3545 0.5171 0.3233 0.1802 0.1360 0.2239 0.4962 0.4083 0.2158 0.1433 0.1533 0.4377 0.4932 0.2660 0.1590 0.1379 0.3367 0.5165 0.3359 0.1883
0.3363 0.5165 0.3392 0.1381 0.1582 0.2633 0.4899 0.4417 0.1548 0.1426 0.2135 0.4031 0.4983 0.2311 0.1359 0.1785 0.3190 0.5170 0.3610 0.1396 0.1551 0.2546 0.4791 0.4525 0.1597 0.1411 0.2076 0.3900 0.5033 0.2503 0.1357 0.1745 0.3086 0.5161 0.3769 0.1411 0.1526 0.2469 0.4676 0.4622 0.1658 0.1398 0.2021 0.3772 0.5076 0.2700 0.1358 0.1703 0.2943 0.5063 0.4865 0.5063 0.2943 0.1703 0.1358 0.2700 0.5076 0.3772 0.2021 0.1398 0.1658 0.4622 0.4676 0.2469 0.1526 0.1411 0.3769 0.5161 0.3086 0.1745 0.1357 0.2503 0.5033 0.3900 0.2076 0.1411 0.1597 0.4525 0.4791 0.2546 0.1551 0.1396 0.3610 0.5170 0.3190 0.1785 0.1359 0.2311 0.4983 0.4031 0.2135 0.1426 0.1548 0.4417 0.4899 0.2633 0.1582 0.1381 0.3392 0.5165 0.3363
0.5154 0.3367 0.1381 0.1579 0.2616 0.4874 0.4450 0.1563 0.1421 0.2113 0.3982 0.5003 0.2384 0.1358 0.1769 0.3149 0.5168 0.3673 0.1401 0.1541 0.2515 0.4747 0.4564 0.1620 0.1406 0.2054 0.3849 0.5051 0.2580 0.1357 0.1730 0.3046 0.5155 0.3829 0.1418 0.1516 0.2439 0.4628 0.4658 0.1687 0.1393 0.1999 0.3722 0.5091 0.2776 0.1359 0.1692 0.2936 0.5110 0.4201 0.2087 0.4201 0.5110 0.2936 0.1692 0.1359 0.2776 0.5091 0.3722 0.1999 0.1393 0.1687 0.4658 0.4628 0.2439 0.1516 0.1418 0.3829 0.5155 0.3046 0.1730 0.1357 0.2580 0.5051 0.3849 0.2054 0.1406 0.1620 0.4564 0.4747 0.2515 0.1541 0.1401 0.3673 0.5168 0.3149 0.1769 0.1358 0.2384 0.5003 0.3982 0.2113 0.1421 0.1563 0.4450 0.4874 0.2616 0.1579 0.1381 0.3367 0.5154
0.3338 0.1379 0.1582 0.2616 0.4864 0.4469 0.1574 0.1417 0.2095 0.3938 0.5021 0.2454 0.1357 0.1754 0.3109 0.5164 0.3735 0.1407 0.1531 0.2485 0.4702 0.4602 0.1644 0.1400 0.2032 0.3799 0.5067 0.2657 0.1358 0.1715 0.3006 0.5146 0.3888 0.1426 0.1507 0.2410 0.4579 0.4693 0.1719 0.1388 0.1979 0.3673 0.5104 0.2853 0.1360 0.1679 0.2906 0.5108 0.4087 0.1488 0.1350 0.1488 0.4087 0.5108 0.2906 0.1679 0.1360 0.2853 0.5104 0.3673 0.1979 0.1388 0.1719 0.4693 0.4579 0.2410 0.1507 0.1426 0.3888 0.5146 0.3006 0.1715 0.1358 0.2657 0.5067 0.3799 0.2032 0.1400 0.1644 0.4602 0.4702 0.2485 0.1531 0.1407 0.3735 0.5164 0.3109 0.1754 0.1357 0.2454 0.5021 0.3938 0.2095 0.1417 0.1574 0.4469 0.4864 0.2616 0.1582 0.1379 0.3338
0.1436 0.1590 0.2633 0.4874 0.4469 0.1579 0.1414 0.2082 0.3904 0.5035 0.2517 0.1357 0.1740 0.3071 0.5159 0.3794 0.1414 0.1522 0.2456 0.4655 0.4638 0.1671 0.1396 0.2011 0.3750 0.5083 0.2734 0.1358 0.1701 0.2968 0.5135 0.3945 0.1434 0.1498 0.2382 0.4529 0.4726 0.1755 0.1384 0.1959 0.3625 0.5116 0.2929 0.1362 0.1666 0.2871 0.5095 0.4098 0.1466 0.1436 0.1784 0.1436 0.1466 0.4098 0.5095 0.2871 0.1666 0.1362 0.2929 0.5116 0.3625 0.1959 0.1384 0.1755 0.4726 0.4529 0.2382 0.1498 0.1434 0.3945 0.5135 0.2968 0.1701 0.1358 0.2734 0.5083 0.3750 0.2011 0.1396 0.1671 0.4638 0.4655 0.2456 0.1522 0.1414 0.3794 0.5159 0.3071 0.1740 0.1357 0.2517 0.5035 0.3904 0.2082 0.1414 0.1579 0.4469 0.4874 0.2633 0.1590 0.1436
0.1637 0.2660 0.4899 0.4450 0.1574 0.1414 0.2078 0.3886 0.5044 0.2564 0.1357 0.1729 0.3038 0.5153 0.3848 0.1421 0.1513 0.2427 0.4607 0.4673 0.1700 0.1391 0.1990 0.3701 0.5097 0.2810 0.1359 0.1687 0.2930 0.5122 0.3999 0.1442 0.1490 0.2354 0.4478 0.4758 0.1794 0.1380 0.1939 0.3577 0.5128 0.3005 0.1363 0.1652 0.2835 0.5076 0.4139 0.1470 0.1459 0.2166 0.3196 0.2166 0.1459 0.1470 0.4139 0.5076 0.2835 0.1652 0.1363 0.3005 0.5128 0.3577 0.1939 0.1380 0.1794 0.4758 0.4478 0.2354 0.1490 0.1442 0.3999 0.5122 0.2930 0.1687 0.1359 0.2810 0.5097 0.3701 0.1990 0.1391 0.1700 0.4673 0.4607 0.2427 0.1513 0.1421 0.3848 0.5153 0.3038 0.1729 0.1357 0.2564 0.5044 0.3886 0.2078 0.1414 0.1574 0.4450 0.4899 0.2660 0.1637
0.2691 0.4932 0.4417 0.1563 0.1417 0.2082 0.3886 0.5047 0.2591 0.1357 0.1720 0.3011 0.5146 0.3895 0.1427 0.1505 0.2401 0.4561 0.4706 0.1733 0.1386 0.1970 0.3653 0.5110 0.2886 0.1361 0.1673 0.2893 0.5106 0.4053 0.1451 0.1481 0.2327 0.4428 0.4788 0.1838 0.1376 0.1920 0.3530 0.5138 0.3080 0.1366 0.1639 0.2800 0.5054 0.4187 0.1479 0.1458 0.2229 0.4070 0.5157 0.4070 0.2229 0.1458 0.1479 0.4187 0.5054 0.2800 0.1639 0.1366 0.3080 0.5138 0.3530 0.1920 0.1376 0.1838 0.4788 0.4428 0.2327 0.1481 0.1451 0.4053 0.5106 0.2893 0.1673 0.1361 0.2886 0.5110 0.3653 0.1970 0.1386 0.1733 0.4706 0.4561 0.2401 0.1505 0.1427 0.3895 0.5146 0.3011 0.1720 0.1357 0.2591 0.5047 0.3886 0.2082 0.1417 0.1563 0.4417 0.4932 0.2691
0.4934 0.4377 0.1548 0.1421 0.2095 0.3904 0.5044 0.2591 0.1358 0.1715 0.2994 0.5140 0.3932 0.1433 0.1498 0.2377 0.4517 0.4736 0.1768 0.1382 0.1951 0.3605 0.5121 0.2961 0.1362 0.1660 0.2856 0.5088 0.4105 0.1461 0.1473 0.2300 0.4377 0.4818 0.1887 0.1373 0.1901 0.3483 0.5146 0.3153 0.1368 0.1627 0.2765 0.5028 0.4235 0.1491 0.1453 0.2225 0.4185 0.4979 0.3722 0.4979 0.4185 0.2225 0.1453 0.1491 0.4235 0.5028 0.2765 0.1627 0.1368 0.3153 0.5146 0.3483 0.1901 0.1373 0.1887 0.4818 0.4377 0.2300 0.1473 0.1461 0.4105 0.5088 0.2856 0.1660 0.1362 0.2961 0.5121 0.3605 0.1951 0.1382 0.1768 0.4736 0.4517 0.2377 0.1498 0.1433 0.3932 0.5140 0.2994 0.1715 0.1358 0.2591 0.5044 0.3904 0.2095 0.1421 0.1548 0.4377 0.4934
0.4350 0.1533 0.1426 0.2113 0.3938 0.5035 0.2564 0.1357 0.1715 0.2987 0.5136 0.3957 0.1438 0.1492 0.2357 0.4478 0.4762 0.1803 0.1379 0.1933 0.3560 0.5132 0.3035 0.1364 0.1647 0.2821 0.5067 0.4156 0.1472 0.1466 0.2274 0.4325 0.4846 0.1940 0.1370 0.1883 0.3438 0.5154 0.3225 0.1371 0.1615 0.2730 0.5000 0.4282 0.1503 0.1446 0.2206 0.4175 0.4938 0.2406 0.1392 0.2406 0.4938 0.4175 0.2206 0.1446 0.1503 0.4282 0.5000 0.2730 0.1615 0.1371 0.3225 0.5154 0.3438 0.1883 0.1370 0.1940 0.4846 0.4325 0.2274 0.1466 0.1472 0.4156 0.5067 0.2821 0.1647 0.1364 0.3035 0.5132 0.3560 0.1933 0.1379 0.1803 0.4762 0.4478 0.2357 0.1492 0.1438 0.3957 0.5136 0.2987 0.1715 0.1357 0.2564 0.5035 0.3938 0.2113 0.1426 0.1533 0.4350
0.1577 0.1433 0.2135 0.3982 0.5021 0.2517 0.1357 0.1720 0.2994 0.5136 0.3966 0.1440 0.1489 0.2343 0.4446 0.4783 0.1837 0.1376 0.1917 0.3519 0.5140 0.3104 0.1367 0.1635 0.2786 0.5044 0.4206 0.1483 0.1458 0.2248 0.4274 0.4873 0.1997 0.1367 0.1865 0.3393 0.5160 0.3295 0.1375 0.1603 0.2696 0.4969 0.4328 0.1517 0.1440 0.2183 0.4134 0.4944 0.2239 0.1350 0.1497 0.1350 0.2239 0.4944 0.4134 0.2183 0.1440 0.1517 0.4328 0.4969 0.2696 0.1603 0.1375 0.3295 0.5160 0.3393 0.1865 0.1367 0.1997 0.4873 0.4274 0.2248 0.1458 0.1483 0.4206 0.5044 0.2786 0.1635 0.1367 0.3104 0.5140 0.3519 0.1917 0.1376 0.1837 0.4783 0.4446 0.2343 0.1489 0.1440 0.3966 0.5136 0.2994 0.1720 0.1357 0.2517 0.5021 0.3982 0.2135 0.1433 0.1577
0.1485 0.2158 0.4031 0.5003 0.2454 0.1357 0.1729 0.3011 0.5140 0.3957 0.1440 0.1487 0.2335 0.4426 0.4798 0.1865 0.1374 0.1903 0.3482 0.5147 0.3168 0.1369 0.1623 0.2753 0.5018 0.4253 0.1495 0.1451 0.2223 0.4222 0.4899 0.2058 0.1365 0.1847 0.3348 0.5165 0.3365 0.1378 0.1591 0.2663 0.4936 0.4372 0.1531 0.1433 0.2160 0.4086 0.4962 0.2254 0.1357 0.1724 0.2386 0.1724 0.1357 0.2254 0.4962 0.4086 0.2160 0.1433 0.1531 0.4372 0.4936 0.2663 0.1591 0.1378 0.3365 0.5165 0.3348 0.1847 0.1365 0.2058 0.4899 0.4222 0.2223 0.1451 0.1495 0.4253 0.5018 0.2753 0.1623 0.1369 0.3168 0.5147 0.3482 0.1903 0.1374 0.1865 0.4798 0.4426 0.2335 0.1487 0.1440 0.3957 0.5140 0.3011 0.1729 0.1357 0.2454 0.5003 0.4031 0.2158 0.1485
0.2195 0.4083 0.4983 0.2384 0.1357 0.1740 0.3038 0.5146 0.3932 0.1438 0.1489 0.2335 0.4418 0.4806 0.1885 0.1372 0.1892 0.3452 0.5153 0.3224 0.1372 0.1613 0.2722 0.4991 0.4297 0.1508 0.1444 0.2199 0.4170 0.4923 0.2123 0.1363 0.1830 0.3305 0.5168 0.3433 0.1383 0.1580 0.2631 0.4899 0.4416 0.1547 0.1427 0.2136 0.4036 0.4982 0.2311 0.1358 0.1767 0.3016 0.4530 0.3016 0.1767 0.1358 0.2311 0.4982 0.4036 0.2136 0.1427 0.1547 0.4416 0.4899 0.2631 0.1580 0.1383 0.3433 0.5168 0.3305 0.1830 0.1363 0.2123 0.4923 0.4170 0.2199 0.1444 0.1508 0.4297 0.4991 0.2722 0.1613 0.1372 0.3224 0.5153 0.3452 0.1892 0.1372 0.1885 0.4806 0.4418 0.2335 0.1489 0.1438 0.3932 0.5146 0.3038 0.1740 0.1357 0.2384 0.4983 0.4083 0.2195
0.4100 0.4962 0.2311 0.1358 0.1754 0.3071 0.5153 0.3895 0.1433 0.1492 0.2343 0.4426 0.4806 0.1892 0.1371 0.1885 0.3430 0.5156 0.3270 0.1374 0.1604 0.2694 0.4964 0.4338 0.1521 0.1438 0.2175 0.4119 0.4946 0.2191 0.1361 0.1813 0.3262 0.5170 0.3500 0.1387 0.1569 0.2599 0.4861 0.4458 0.1565 0.1421 0.2113 0.3985 0.5002 0.2380 0.1358 0.1766 0.3108 0.5131 0.4748 0.5131 0.3108 0.1766 0.1358 0.2380 0.5002 0.3985 0.2113 0.1421 0.1565 0.4458 0.4861 0.2599 0.1569 0.1387 0.3500 0.5170 0.3262 0.1813 0.1361 0.2191 0.4946 0.4119 0.2175 0.1438 0.1521 0.4338 0.4964 0.2694 0.1604 0.1374 0.3270 0.5156 0.3430 0.1885 0.1371 0.1892 0.4806 0.4426 0.2343 0.1492 0.1433 0.3895 0.5153 0.3071 0.1754 0.1358 0.2311 0.4962 0.4100
0.4945 0.2239 0.1359 0.1769 0.3109 0.5159 0.3848 0.1427 0.1498 0.2357 0.4446 0.4798 0.1885 0.1371 0.1883 0.3418 0.5159 0.3302 0.1376 0.1596 0.2671 0.4939 0.4373 0.1533 0.1432 0.2154 0.4071 0.4967 0.2259 0.1360 0.1797 0.3219 0.5171 0.3566 0.1392 0.1559 0.2567 0.4820 0.4498 0.1584 0.1415 0.2091 0.3934 0.5021 0.2453 0.1357 0.1754 0.3100 0.5156 0.3984 0.1842 0.3984 0.5156 0.3100 0.1754 0.1357 0.2453 0.5021 0.3934 0.2091 0.1415 0.1584 0.4498 0.4820 0.2567 0.1559 0.1392 0.3566 0.5171 0.3219 0.1797 0.1360 0.2259 0.4967 0.4071 0.2154 0.1432 0.1533 0.4373 0.4939 0.2671 0.1596 0.1376 0.3302 0.5159 0.3418 0.1883 0.1371 0.1885 0.4798 0.4446 0.2357 0.1498 0.1427 0.3848 0.5159 0.3109 0.1769 0.1359 0.2239 0.4945
0.2217 0.1360 0.1785 0.3149 0.5164 0.3794 0.1421 0.1505 0.2377 0.4478 0.4783 0.1865 0.1372 0.1885 0.3418 0.5159 0.3320 0.1377 0.1591 0.2654 0.4917 0.4403 0.1545 0.1427 0.2134 0.4027 0.4986 0.2326 0.1359 0.1781 0.3178 0.5170 0.3630 0.1397 0.1548 0.2536 0.4778 0.4538 0.1604 0.1409 0.2069 0.3883 0.5039 0.2528 0.1357 0.1740 0.3068 0.5157 0.3854 0.1442 0.1360 0.1442 0.3854 0.5157 0.3068 0.1740 0.1357 0.2528 0.5039 0.3883 0.2069 0.1409 0.1604 0.4538 0.4778 0.2536 0.1548 0.1397 0.3630 0.5170 0.3178 0.1781 0.1359 0.2326 0.4986 0.4027 0.2134 0.1427 0.1545 0.4403 0.4917 0.2654 0.1591 0.1377 0.3320 0.5159 0.3418 0.1885 0.1372 0.1865 0.4783 0.4478 0.2377 0.1505 0.1421 0.3794 0.5164 0.3149 0.1785 0.1360 0.2217
0.1418 0.1802 0.3190 0.5168 0.3735 0.1414 0.1513 0.2401 0.4517 0.4762 0.1837 0.1374 0.1892 0.3430 0.5159 0.3320 0.1378 0.1588 0.2643 0.4901 0.4425 0.1555 0.1423 0.2118 0.3987 0.5003 0.2389 0.1358 0.1767 0.3140 0.5167 0.3691 0.1403 0.1538 0.2506 0.4733 0.4576 0.1627 0.1404 0.2047 0.3833 0.5056 0.2604 0.1357 0.1725 0.3032 0.5151 0.3866 0.1427 0.1467 0.1858 0.1467 0.1427 0.3866 0.5151 0.3032 0.1725 0.1357 0.2604 0.5056 0.3833 0.2047 0.1404 0.1627 0.4576 0.4733 0.2506 0.1538 0.1403 0.3691 0.5167 0.3140 0.1767 0.1358 0.2389 0.5003 0.3987 0.2118 0.1423 0.1555 0.4425 0.4901 0.2643 0.1588 0.1378 0.3320 0.5159 0.3430 0.1892 0.1374 0.1837 0.4762 0.4517 0.2401 0.1513 0.1414 0.3735 0.5168 0.3190 0.1802 0.1418
0.1844 0.3233 0.5170 0.3673 0.1407 0.1522 0.2427 0.4561 0.4736 0.1803 0.1376 0.1903 0.3452 0.5156 0.3302 0.1377 0.1588 0.2639 0.4892 0.4439 0.1563 0.1420 0.2104 0.3954 0.5017 0.2446 0.1357 0.1753 0.3104 0.5164 0.3748 0.1409 0.1529 0.2477 0.4688 0.4613 0.1652 0.1399 0.2025 0.3784 0.5072 0.2681 0.1358 0.1711 0.2994 0.5142 0.3911 0.1430 0.1493 0.2273 0.3383 0.2273 0.1493 0.1430 0.3911 0.5142 0.2994 0.1711 0.1358 0.2681 0.5072 0.3784 0.2025 0.1399 0.1652 0.4613 0.4688 0.2477 0.1529 0.1409 0.3748 0.5164 0.3104 0.1753 0.1357 0.2446 0.5017 0.3954 0.2104 0.1420 0.1563 0.4439 0.4892 0.2639 0.1588 0.1377 0.3302 0.5156 0.3452 0.1903 0.1376 0.1803 0.4736 0.4561 0.2427 0.1522 0.1407 0.3673 0.5170 0.3233 0.1844
0.3259 0.5171 0.3610 0.1401 0.1531 0.2456 0.4607 0.4706 0.1768 0.1379 0.1917 0.3482 0.5153 0.3270 0.1376 0.1591 0.2643 0.4892 0.4444 0.1567 0.1418 0.2095 0.3929 0.5028 0.2495 0.1357 0.1742 0.3072 0.5159 0.3800 0.1415 0.1520 0.2449 0.4642 0.4648 0.1679 0.1394 0.2005 0.3735 0.5087 0.2757 0.1359 0.1697 0.2956 0.5131 0.3964 0.1437 0.1492 0.2341 0.4290 0.5150 0.4290 0.2341 0.1492 0.1437 0.3964 0.5131 0.2956 0.1697 0.1359 0.2757 0.5087 0.3735 0.2005 0.1394 0.1679 0.4648 0.4642 0.2449 0.1520 0.1415 0.3800 0.5159 0.3072 0.1742 0.1357 0.2495 0.5028 0.3929 0.2095 0.1418 0.1567 0.4444 0.4892 0.2643 0.1591 0.1376 0.3270 0.5153 0.3482 0.1917 0.1379 0.1768 0.4706 0.4607 0.2456 0.1531 0.1401 0.3610 0.5171 0.3259
0.5161 0.3545 0.1396 0.1541 0.2485 0.4655 0.4673 0.1733 0.1382 0.1933 0.3519 0.5147 0.3224 0.1374 0.1596 0.2654 0.4901 0.4439 0.1567 0.1417 0.2090 0.3913 0.5035 0.2532 0.1357 0.1733 0.3045 0.5153 0.3846 0.1421 0.1512 0.2423 0.4598 0.4681 0.1709 0.1390 0.1984 0.3686 0.5101 0.2833 0.1360 0.1683 0.2918 0.5117 0.4017 0.1445 0.1486 0.2337 0.4405 0.4881 0.3450 0.4881 0.4405 0.2337 0.1486 0.1445 0.4017 0.5117 0.2918 0.1683 0.1360 0.2833 0.5101 0.3686 0.1984 0.1390 0.1709 0.4681 0.4598 0.2423 0.1512 0.1421 0.3846 0.5153 0.3045 0.1733 0.1357 0.2532 0.5035 0.3913 0.2090 0.1417 0.1567 0.4439 0.4901 0.2654 0.1596 0.1374 0.3224 0.5147 0.3519 0.1933 0.1382 0.1733 0.4673 0.4655 0.2485 0.1541 0.1396 0.3545 0.5161
0.3507 0.1390 0.1551 0.2515 0.4702 0.4638 0.1700 0.1386 0.1951 0.3560 0.5140 0.3168 0.1372 0.1604 0.2671 0.4917 0.4425 0.1563 0.1418 0.2090 0.3907 0.5039 0.2555 0.1357 0.1726 0.3024 0.5148 0.3886 0.1427 0.1505 0.2400 0.4556 0.4710 0.1739 0.1386 0.1965 0.3639 0.5113 0.2908 0.1361 0.1669 0.2882 0.5101 0.4070 0.1454 0.1479 0.2316 0.4396 0.4828 0.2102 0.1369 0.2102 0.4828 0.4396 0.2316 0.1479 0.1454 0.4070 0.5101 0.2882 0.1669 0.1361 0.2908 0.5113 0.3639 0.1965 0.1386 0.1739 0.4710 0.4556 0.2400 0.1505 0.1427 0.3886 0.5148 0.3024 0.1726 0.1357 0.2555 0.5039 0.3907 0.2090 0.1418 0.1563 0.4425 0.4917 0.2671 0.1604 0.1372 0.3168 0.5140 0.3560 0.1951 0.1386 0.1700 0.4638 0.4702 0.2515 0.1551 0.1390 0.3507
0.1446 0.1562 0.2546 0.4747 0.4602 0.1671 0.1391 0.1970 0.3605 0.5132 0.3104 0.1369 0.1613 0.2694 0.4939 0.4403 0.1555 0.1420 0.2095 0.3913 0.5039 0.2563 0.1357 0.1721 0.3009 0.5144 0.3916 0.1431 0.1499 0.2380 0.4518 0.4736 0.1771 0.1382 0.1948 0.3595 0.5124 0.2981 0.1363 0.1656 0.2845 0.5082 0.4121 0.1464 0.1471 0.2291 0.4356 0.4835 0.1962 0.1354 0.1538 0.1354 0.1962 0.4835 0.4356 0.2291 0.1471 0.1464 0.4121 0.5082 0.2845 0.1656 0.1363 0.2981 0.5124 0.3595 0.1948 0.1382 0.1771 0.4736 0.4518 0.2380 0.1499 0.1431 0.3916 0.5144 0.3009 0.1721 0.1357 0.2563 0.5039 0.3913 0.2095 0.1420 0.1555 0.4403 0.4939 0.2694 0.1613 0.1369 0.3104 0.5132 0.3605 0.1970 0.1391 0.1671 0.4602 0.4747 0.2546 0.1562 0.1446
0.1609 0.2577 0.4791 0.4564 0.1644 0.1396 0.1990 0.3653 0.5121 0.3035 0.1367 0.1623 0.2722 0.4964 0.4373 0.1545 0.1423 0.2104 0.3929 0.5035 0.2555 0.1357 0.1720 0.3001 0.5140 0.3938 0.1435 0.1495 0.2363 0.4485 0.4759 0.1802 0.1379 0.1931 0.3554 0.5133 0.3049 0.1365 0.1644 0.2811 0.5061 0.4171 0.1475 0.1463 0.2266 0.4307 0.4857 0.1974 0.1364 0.1791 0.2514 0.1791 0.1364 0.1974 0.4857 0.4307 0.2266 0.1463 0.1475 0.4171 0.5061 0.2811 0.1644 0.1365 0.3049 0.5133 0.3554 0.1931 0.1379 0.1802 0.4759 0.4485 0.2363 0.1495 0.1435 0.3938 0.5140 0.3001 0.1720 0.1357 0.2555 0.5035 0.3929 0.2104 0.1423 0.1545 0.4373 0.4964 0.2722 0.1623 0.1367 0.3035 0.5121 0.3653 0.1990 0.1396 0.1644 0.4564 0.4791 0.2577 0.1609
0.2610 0.4834 0.4525 0.1620 0.1400 0.2011 0.3701 0.5110 0.2961 0.1364 0.1635 0.2753 0.4991 0.4338 0.1533 0.1427 0.2118 0.3954 0.5028 0.2532 0.1357 0.1721 0.3001 0.5139 0.3949 0.1438 0.1491 0.2351 0.4459 0.4777 0.1830 0.1376 0.1917 0.3518 0.5141 0.3113 0.1367 0.1632 0.2778 0.5037 0.4219 0.1487 0.1456 0.2241 0.4257 0.4882 0.2021 0.1365 0.1838 0.3190 0.4734 0.3190 0.1838 0.1365 0.2021 0.4882 0.4257 0.2241 0.1456 0.1487 0.4219 0.5037 0.2778 0.1632 0.1367 0.3113 0.5141 0.3518 0.1917 0.1376 0.1830 0.4777 0.4459 0.2351 0.1491 0.1438 0.3949 0.5139 0.3001 0.1721 0.1357 0.2532 0.5028 0.3954 0.2118 0.1427 0.1533 0.4338 0.4991 0.2753 0.1635 0.1364 0.2961 0.5110 0.3701 0.2011 0.1400 0.1620 0.4525 0.4834 0.2610
0.4839 0.4485 0.1597 0.1406 0.2032 0.3750 0.5097 0.2886 0.1362 0.1647 0.2786 0.5018 0.4297 0.1521 0.1432 0.2134 0.3987 0.5017 0.2495 0.1357 0.1726 0.3009 0.5140 0.3949 0.1439 0.1490 0.2343 0.4440 0.4790 0.1854 0.1374 0.1905 0.3486 0.5147 0.3170 0.1369 0.1622 0.2747 0.5013 0.4263 0.1498 0.1449 0.2216 0.4206 0.4906 0.2080 0.1364 0.1836 0.3286 0.5159 0.4607 0.5159 0.3286 0.1836 0.1364 0.2080 0.4906 0.4206 0.2216 0.1449 0.1498 0.4263 0.5013 0.2747 0.1622 0.1369 0.3170 0.5147 0.3486 0.1905 0.1374 0.1854 0.4790 0.4440 0.2343 0.1490 0.1439 0.3949 0.5140 0.3009 0.1726 0.1357 0.2495 0.5017 0.3987 0.2134 0.1432 0.1521 0.4297 0.5018 0.2786 0.1647 0.1362 0.2886 0.5097 0.3750 0.2032 0.1406 0.1597 0.4485 0.4839
0.4460 0.1577 0.1411 0.2054 0.3799 0.5083 0.2810 0.1361 0.1660 0.2821 0.5044 0.4253 0.1508 0.1438 0.2154 0.4027 0.5003 0.2446 0.1357 0.1733 0.3024 0.5144 0.3938 0.1438 0.1490 0.2340 0.4431 0.4799 0.1872 0.1373 0.1896 0.3459 0.5152 0.3219 0.1372 0.1612 0.2720 0.4988 0.4304 0.1510 0.1442 0.2193 0.4156 0.4930 0.2144 0.1362 0.1823 0.3278 0.5168 0.3736 0.1672 0.3736 0.5168 0.3278 0.1823 0.1362 0.2144 0.4930 0.4156 0.2193 0.1442 0.1510 0.4304 0.4988 0.2720 0.1612 0.1372 0.3219 0.5152 0.3459 0.1896 0.1373 0.1872 0.4799 0.4431 0.2340 0.1490 0.1438 0.3938 0.5144 0.3024 0.1733 0.1357 0.2446 0.5003 0.4027 0.2154 0.1438 0.1508 0.4253 0.5044 0.2821 0.1660 0.1361 0.2810 0.5083 0.3799 0.2054 0.1411 0.1577 0.4460
0.1617 0.1417 0.2076 0.3849 0.5067 0.2734 0.1359 0.1673 0.2856 0.5067 0.4206 0.1495 0.1444 0.2175 0.4071 0.4986 0.2389 0.1357 0.1742 0.3045 0.5148 0.3916 0.1435 0.1491 0.2343 0.4431 0.4802 0.1881 0.1372 0.1889 0.3440 0.5155 0.3259 0.1374 0.1604 0.2695 0.4964 0.4341 0.1522 0.1437 0.2171 0.4109 0.4952 0.2210 0.1361 0.1808 0.3245 0.5170 0.3591 0.1407 0.1375 0.1407 0.3591 0.5170 0.3245 0.1808 0.1361 0.2210 0.4952 0.4109 0.2171 0.1437 0.1522 0.4341 0.4964 0.2695 0.1604 0.1374 0.3259 0.5155 0.3440 0.1889 0.1372 0.1881 0.4802 0.4431 0.2343 0.1491 0.1435 0.3916 0.5148 0.3045 0.1742 0.1357 0.2389 0.4986 0.4071 0.2175 0.1444 0.1495 0.4206 0.5067 0.2856 0.1673 0.1359 0.2734 0.5067 0.3849 0.2076 0.1417 0.1617
0.1470 0.2098 0.3900 0.5051 0.2657 0.1358 0.1687 0.2893 0.5088 0.4156 0.1483 0.1451 0.2199 0.4119 0.4967 0.2326 0.1358 0.1753 0.3072 0.5153 0.3886 0.1431 0.1495 0.2351 0.4440 0.4799 0.1881 0.1372 0.1886 0.3428 0.5157 0.3289 0.1375 0.1598 0.2675 0.4941 0.4373 0.1534 0.1431 0.2151 0.4064 0.4971 0.2274 0.1359 0.1792 0.3207 0.5170 0.3604 0.1398 0.1503 0.1939 0.1503 0.1398 0.3604 0.5170 0.3207 0.1792 0.1359 0.2274 0.4971 0.4064 0.2151 0.1431 0.1534 0.4373 0.4941 0.2675 0.1598 0.1375 0.3289 0.5157 0.3428 0.1886 0.1372 0.1881 0.4799 0.4440 0.2351 0.1495 0.1431 0.3886 0.5153 0.3072 0.1753 0.1358 0.2326 0.4967 0.4119 0.2199 0.1451 0.1483 0.4156 0.5088 0.2893 0.1687 0.1358 0.2657 0.5051 0.3900 0.2098 0.1470
0.2137 0.3951 0.5033 0.2580 0.1358 0.1701 0.2930 0.5106 0.4105 0.1472 0.1458 0.2223 0.4170 0.4946 0.2259 0.1359 0.1767 0.3104 0.5159 0.3846 0.1427 0.1499 0.2363 0.4459 0.4790 0.1872 0.1372 0.1886 0.3424 0.5158 0.3307 0.1377 0.1593 0.2659 0.4922 0.4399 0.1544 0.1427 0.2134 0.4023 0.4989 0.2336 0.1358 0.1778 0.3169 0.5169 0.3651 0.1400 0.1532 0.2391 0.3584 0.2391 0.1532 0.1400 0.3651 0.5169 0.3169 0.1778 0.1358 0.2336 0.4989 0.4023 0.2134 0.1427 0.1544 0.4399 0.4922 0.2659 0.1593 0.1377 0.3307 0.5158 0.3424 0.1886 0.1372 0.1872 0.4790 0.4459 0.2363 0.1499 0.1427 0.3846 0.5159 0.3104 0.1767 0.1359 0.2259 0.4946 0.4170 0.2223 0.1458 0.1472 0.4105 0.5106 0.2930 0.1701 0.1358 0.2580 0.5033 0.3951 0.2137
0.3970 0.5015 0.2503 0.1357 0.1715 0.2968 0.5122 0.4053 0.1461 0.1466 0.2248 0.4222 0.4923 0.2191 0.1360 0.1781 0.3140 0.5164 0.3800 0.1421 0.1505 0.2380 0.4485 0.4777 0.1854 0.1373 0.1889 0.3428 0.5158 0.3314 0.1377 0.1590 0.2648 0.4907 0.4419 0.1553 0.1423 0.2119 0.3988 0.5004 0.2394 0.1358 0.1764 0.3133 0.5167 0.3706 0.1405 0.1532 0.2464 0.4510 0.5119 0.4510 0.2464 0.1532 0.1405 0.3706 0.5167 0.3133 0.1764 0.1358 0.2394 0.5004 0.3988 0.2119 0.1423 0.1553 0.4419 0.4907 0.2648 0.1590 0.1377 0.3314 0.5158 0.3428 0.1889 0.1373 0.1854 0.4777 0.4485 0.2380 0.1505 0.1421 0.3800 0.5164 0.3140 0.1781 0.1360 0.2191 0.4923 0.4222 0.2248 0.1466 0.1461 0.4053 0.5122 0.2968 0.1715 0.1357 0.2503 0.5015 0.3970
0.4999 0.2427 0.1357 0.1730 0.3006 0.5135 0.3999 0.1451 0.1473 0.2274 0.4274 0.4899 0.2123 0.1361 0.1797 0.3178 0.5167 0.3748 0.1415 0.1512 0.2400 0.4518 0.4759 0.1830 0.1374 0.1896 0.3440 0.5157 0.3307 0.1377 0.1589 0.2642 0.4897 0.4433 0.1560 0.1420 0.2106 0.3957 0.5016 0.2446 0.1357 0.1752 0.3100 0.5163 0.3758 0.1410 0.1526 0.2461 0.4623 0.4761 0.3147 0.4761 0.4623 0.2461 0.1526 0.1410 0.3758 0.5163 0.3100 0.1752 0.1357 0.2446 0.5016 0.3957 0.2106 0.1420 0.1560 0.4433 0.4897 0.2642 0.1589 0.1377 0.3307 0.5157 0.3440 0.1896 0.1374 0.1830 0.4759 0.4518 0.2400 0.1512 0.1415 0.3748 0.5167 0.3178 0.1797 0.1361 0.2123 0.4899 0.4274 0.2274 0.1473 0.1451 0.3999 0.5135 0.3006 0.1730 0.1357 0.2427 0.4999
0.2396 0.1358 0.1745 0.3046 0.5146 0.3945 0.1442 0.1481 0.2300 0.4325 0.4873 0.2058 0.1363 0.1813 0.3219 0.5170 0.3691 0.1409 0.1520 0.2423 0.4556 0.4736 0.1802 0.1376 0.1905 0.3459 0.5155 0.3289 0.1377 0.1590 0.2642 0.4894 0.4440 0.1565 0.1419 0.2097 0.3934 0.5026 0.2490 0.1357 0.1742 0.3071 0.5158 0.3806 0.1416 0.1518 0.2441 0.4618 0.4692 0.1849 0.1353 0.1849 0.4692 0.4618 0.2441 0.1518 0.1416 0.3806 0.5158 0.3071 0.1742 0.1357 0.2490 0.5026 0.3934 0.2097 0.1419 0.1565 0.4440 0.4894 0.2642 0.1590 0.1377 0.3289 0.5155 0.3459 0.1905 0.1376 0.1802 0.4736 0.4556 0.2423 0.1520 0.1409 0.3691 0.5170 0.3219 0.1813 0.1363 0.2058 0.4873 0.4325 0.2300 0.1481 0.1442 0.3945 0.5146 0.3046 0.1745 0.1358 0.2396
0.1416 0.1761 0.3086 0.5155 0.3888 0.1434 0.1490 0.2327 0.4377 0.4846 0.1997 0.1365 0.1830 0.3262 0.5171 0.3630 0.1403 0.1529 0.2449 0.4598 0.4710 0.1771 0.1379 0.1917 0.3486 0.5152 0.3259 0.1375 0.1593 0.2648 0.4897 0.4440 0.1566 0.1418 0.2092 0.3918 0.5033 0.2525 0.1357 0.1733 0.3046 0.5153 0.3849 0.1422 0.1511 0.2419 0.4586 0.4696 0.1751 0.1365 0.1586 0.1365 0.1751 0.4696 0.4586 0.2419 0.1511 0.1422 0.3849 0.5153 0.3046 0.1733 0.1357 0.2525 0.5033 0.3918 0.2092 0.1418 0.1566 0.4440 0.4897 0.2648 0.1593 0.1375 0.3259 0.5152 0.3486 0.1917 0.1379 0.1771 0.4710 0.4598 0.2449 0.1529 0.1403 0.3630 0.5171 0.3262 0.1830 0.1365 0.1997 0.4846 0.4377 0.2327 0.1490 0.1434 0.3888 0.5155 0.3086 0.1761 0.1416
0.1804 0.3126 0.5161 0.3829 0.1426 0.1498 0.2354 0.4428 0.4818 0.1940 0.1367 0.1847 0.3305 0.5170 0.3566 0.1397 0.1538 0.2477 0.4642 0.4681 0.1739 0.1382 0.1931 0.3518 0.5147 0.3219 0.1374 0.1598 0.2659 0.4907 0.4433 0.1565 0.1418 0.2090 0.3909 0.5038 0.2549 0.1357 0.1727 0.3026 0.5148 0.3885 0.1427 0.1505 0.2397 0.4550 0.4717 0.1755 0.1379 0.1869 0.2658 0.1869 0.1379 0.1755 0.4717 0.4550 0.2397 0.1505 0.1427 0.3885 0.5148 0.3026 0.1727 0.1357 0.2549 0.5038 0.3909 0.2090 0.1418 0.1565 0.4433 0.4907 0.2659 0.1598 0.1374 0.3219 0.5147 0.3518 0.1931 0.1382 0.1739 0.4681 0.4642 0.2477 0.1538 0.1397 0.3566 0.5170 0.3305 0.1847 0.1367 0.1940 0.4818 0.4428 0.2354 0.1498 0.1426 0.3829 0.5161 0.3126 0.1804
0.3154 0.5167 0.3769 0.1418 0.1507 0.2382 0.4478 0.4788 0.1887 0.1370 0.1865 0.3348 0.5168 0.3500 0.1392 0.1548 0.2506 0.4688 0.4648 0.1709 0.1386 0.1948 0.3554 0.5141 0.3170 0.1372 0.1604 0.2675 0.4922 0.4419 0.1560 0.1419 0.2092 0.3909 0.5039 0.2562 0.1357 0.1722 0.3011 0.5144 0.3914 0.1431 0.1499 0.2379 0.4516 0.4740 0.1778 0.1380 0.1922 0.3388 0.4918 0.3388 0.1922 0.1380 0.1778 0.4740 0.4516 0.2379 0.1499 0.1431 0.3914 0.5144 0.3011 0.1722 0.1357 0.2562 0.5039 0.3909 0.2092 0.1419 0.1560 0.4419 0.4922 0.2675 0.1604 0.1372 0.3170 0.5141 0.3554 0.1948 0.1386 0.1709 0.4648 0.4688 0.2506 0.1548 0.1392 0.3500 0.5168 0.3348 0.1865 0.1370 0.1887 0.4788 0.4478 0.2382 0.1507 0.1418 0.3769 0.5167 0.3154
0.5157 0.3708 0.1411 0.1516 0.2410 0.4529 0.4758 0.1838 0.1373 0.1883 0.3393 0.5165 0.3433 0.1387 0.1559 0.2536 0.4733 0.4613 0.1679 0.1390 0.1965 0.3595 0.5133 0.3113 0.1369 0.1612 0.2695 0.4941 0.4399 0.1553 0.1420 0.2097 0.3918 0.5038 0.2562 0.1357 0.1720 0.3002 0.5141 0.3935 0.1435 0.1495 0.2363 0.4485 0.4760 0.1805 0.1378 0.1923 0.3498 0.5155 0.4430 0.5155 0.3498 0.1923 0.1378 0.1805 0.4760 0.4485 0.2363 0.1495 0.1435 0.3935 0.5141 0.3002 0.1720 0.1357 0.2562 0.5038 0.3918 0.2097 0.1420 0.1553 0.4399 0.4941 0.2695 0.1612 0.1369 0.3113 0.5133 0.3595 0.1965 0.1390 0.1679 0.4613 0.4733 0.2536 0.1559 0.1387 0.3433 0.5165 0.3393 0.1883 0.1373 0.1838 0.4758 0.4529 0.2410 0.1516 0.1411 0.3708 0.5157
0.3671 0.1405 0.1526 0.2439 0.4579 0.4726 0.1794 0.1376 0.1901 0.3438 0.5160 0.3365 0.1383 0.1569 0.2567 0.4778 0.4576 0.1652 0.1394 0.1984 0.3639 0.5124 0.3049 0.1367 0.1622 0.2720 0.4964 0.4373 0.1544 0.1423 0.2106 0.3934 0.5033 0.2549 0.1357 0.1720 0.2999 0.5139 0.3948 0.1437 0.1492 0.2351 0.4459 0.4777 0.1831 0.1376 0.1914 0.3500 0.5148 0.3428 0.1555 0.3428 0.5148 0.3500 0.1914 0.1376 0.1831 0.4777 0.4459 0.2351 0.1492 0.1437 0.3948 0.5139 0.2999 0.1720 0.1357 0.2549 0.5033 0.3934 0.2106 0.1423 0.1544 0.4373 0.4964 0.2720 0.1622 0.1367 0.3049 0.5124 0.3639 0.1984 0.1394 0.1652 0.4576 0.4778 0.2567 0.1569 0.1383 0.3365 0.5160 0.3438 0.1901 0.1376 0.1794 0.4726 0.4579 0.2439 0.1526 0.1405 0.3671
0.1459 0.1536 0.2469 0.4628 0.4693 0.1755 0.1380 0.1920 0.3483 0.5154 0.3295 0.1378 0.1580 0.2599 0.4820 0.4538 0.1627 0.1399 0.2005 0.3686 0.5113 0.2981 0.1365 0.1632 0.2747 0.4988 0.4341 0.1534 0.1427 0.2119 0.3957 0.5026 0.2525 0.1357 0.1722 0.3002 0.5139 0.3953 0.1439 0.1490 0.2343 0.4441 0.4790 0.1854 0.1374 0.1904 0.3480 0.5149 0.3251 0.1379 0.1399 0.1379 0.3251 0.5149 0.3480 0.1904 0.1374 0.1854 0.4790 0.4441 0.2343 0.1490 0.1439 0.3953 0.5139 0.3002 0.1722 0.1357 0.2525 0.5026 0.3957 0.2119 0.1427 0.1534 0.4341 0.4988 0.2747 0.1632 0.1365 0.2981 0.5113 0.3686 0.2005 0.1399 0.1627 0.4538 0.4820 0.2599 0.1580 0.1378 0.3295 0.5154 0.3483 0.1920 0.1380 0.1755 0.4693 0.4628 0.2469 0.1536 0.1459
0.1584 0.2499 0.4676 0.4658 0.1719 0.1384 0.1939 0.3530 0.5146 0.3225 0.1375 0.1591 0.2631 0.4861 0.4498 0.1604 0.1404 0.2025 0.3735 0.5101 0.2908 0.1363 0.1644 0.2778 0.5013 0.4304 0.1522 0.1431 0.2134 0.3988 0.5016 0.2490 0.1357 0.1727 0.3011 0.5141 0.3948 0.1439 0.1489 0.2339 0.4429 0.4799 0.1872 0.1373 0.1895 0.3457 0.5152 0.3242 0.1374 0.1553 0.2044 0.1553 0.1374 0.3242 0.5152 0.3457 0.1895 0.1373 0.1872 0.4799 0.4429 0.2339 0.1489 0.1439 0.3948 0.5141 0.3011 0.1727 0.1357 0.2490 0.5016 0.3988 0.2134 0.1431 0.1522 0.4304 0.5013 0.2778 0.1644 0.1363 0.2908 0.5101 0.3735 0.2025 0.1404 0.1604 0.4498 0.4861 0.2631 0.1591 0.1375 0.3225 0.5146 0.3530 0.1939 0.1384 0.1719 0.4658 0.4676 0.2499 0.1584
0.2533 0.4722 0.4622 0.1687 0.1388 0.1959 0.3577 0.5138 0.3153 0.1371 0.1603 0.2663 0.4899 0.4458 0.1584 0.1409 0.2047 0.3784 0.5087 0.2833 0.1361 0.1656 0.2811 0.5037 0.4263 0.1510 0.1437 0.2151 0.4023 0.5004 0.2446 0.1357 0.1733 0.3026 0.5144 0.3935 0.1437 0.1490 0.2339 0.4425 0.4803 0.1883 0.1372 0.1889 0.3439 0.5155 0.3267 0.1374 0.1590 0.2548 0.3840 0.2548 0.1590 0.1374 0.3267 0.5155 0.3439 0.1889 0.1372 0.1883 0.4803 0.4425 0.2339 0.1490 0.1437 0.3935 0.5144 0.3026 0.1733 0.1357 0.2446 0.5004 0.4023 0.2151 0.1437 0.1510 0.4263 0.5037 0.2811 0.1656 0.1361 0.2833 0.5087 0.3784 0.2047 0.1409 0.1584 0.4458 0.4899 0.2663 0.1603 0.1371 0.3153 0.5138 0.3577 0.1959 0.1388 0.1687 0.4622 0.4722 0.2533
0.4730 0.4585 0.1658 0.1393 0.1979 0.3625 0.5128 0.3080 0.1368 0.1615 0.2696 0.4936 0.4416 0.1565 0.1415 0.2069 0.3833 0.5072 0.2757 0.1360 0.1669 0.2845 0.5061 0.4219 0.1498 0.1442 0.2171 0.4064 0.4989 0.2394 0.1357 0.1742 0.3046 0.5148 0.3914 0.1435 0.1492 0.2343 0.4429 0.4803 0.1887 0.1371 0.1885 0.3426 0.5158 0.3292 0.1376 0.1594 0.2637 0.4767 0.5051 0.4767 0.2637 0.1594 0.1376 0.3293 0.5158 0.3426 0.1885 0.1371 0.1887 0.4803 0.4429 0.2343 0.1492 0.1435 0.3914 0.5148 0.3046 0.1742 0.1357 0.2394 0.4989 0.4064 0.2171 0.1442 0.1498 0.4219 0.5061 0.2845 0.1669 0.1360 0.2757 0.5072 0.3833 0.2069 0.1415 0.1565 0.4416 0.4936 0.2696 0.1615 0.1368 0.3080 0.5128 0.3625 0.1979 0.1393 0.1658 0.4585 0.4730
0.4561 0.1633 0.1398 0.1999 0.3673 0.5116 0.3005 0.1366 0.1627 0.2730 0.4969 0.4372 0.1547 0.1421 0.2091 0.3883 0.5056 0.2681 0.1359 0.1683 0.2882 0.5082 0.4171 0.1487 0.1449 0.2193 0.4109 0.4971 0.2336 0.1358 0.1752 0.3071 0.5153 0.3885 0.1431 0.1495 0.2351 0.4441 0.4799 0.1883 0.1371 0.1884 0.3419 0.5159 0.3312 0.1377 0.1592 0.2648 0.4879 0.4570 0.2730 0.4569 0.4879 0.2648 0.1592 0.1377 0.3313 0.5159 0.3419 0.1884 0.1371 0.1883 0.4799 0.4441 0.2351 0.1495 0.1431 0.3885 0.5153 0.3071 0.1752 0.1358 0.2336 0.4971 0.4109 0.2193 0.1449 0.1487 0.4171 0.5082 0.2882 0.1683 0.1359 0.2681 0.5056 0.3883 0.2091 0.1421 0.1547 0.4372 0.4969 0.2730 0.1627 0.1366 0.3005 0.5116 0.3673 0.1999 0.1398 0.1633 0.4561
0.1667 0.1403 0.2021 0.3722 0.5104 0.2929 0.1363 0.1639 0.2765 0.5000 0.4328 0.1531 0.1427 0.2113 0.3934 0.5039 0.2604 0.1358 0.1697 0.2918 0.5101 0.4121 0.1475 0.1456 0.2216 0.4156 0.4952 0.2274 0.1358 0.1764 0.3100 0.5158 0.3849 0.1427 0.1499 0.2363 0.4459 0.4790 0.1872 0.1372 0.1885 0.3419 0.5159 0.3322 0.1378 0.1589 0.2643 0.4893 0.4466 0.1639 0.1345 0.1638 0.4465 0.4893 0.2642 0.1588 0.1378 0.3326 0.5159 0.3419 0.1885 0.1372 0.1872 0.4790 0.4459 0.2363 0.1499 0.1427 0.3849 0.5158 0.3100 0.1764 0.1358 0.2274 0.4952 0.4156 0.2216 0.1456 0.1475 0.4121 0.5101 0.2918 0.1697 0.1358 0.2604 0.5039 0.3934 0.2113 0.1427 0.1531 0.4328 0.5000 0.2765 0.1639 0.1363 0.2929 0.5104 0.3722 0.2021 0.1403 0.1667
0.1457 0.2042 0.3772 0.5091 0.2853 0.1362 0.1652 0.2800 0.5028 0.4282 0.1517 0.1433 0.2136 0.3985 0.5021 0.2528 0.1357 0.1711 0.2956 0.5117 0.4070 0.1464 0.1463 0.2241 0.4206 0.4930 0.2210 0.1359 0.1778 0.3133 0.5163 0.3806 0.1422 0.1505 0.2379 0.4485 0.4777 0.1854 0.1373 0.1889 0.3426 0.5159 0.3322 0.1377 0.1590 0.2624 0.4888 0.4444 0.1587 0.1389 0.1665 0.1389 0.1584 0.4441 0.4885 0.2625 0.1582 0.1378 0.3330 0.5159 0.3426 0.1889 0.1373 0.1854 0.4777 0.4485 0.2379 0.1505 0.1422 0.3806 0.5163 0.3133 0.1778 0.1359 0.2210 0.4930 0.4206 0.2241 0.1463 0.1464 0.4070 0.5117 0.2956 0.1711 0.1357 0.2528 0.5021 0.3985 0.2136 0.1433 0.1517 0.4282 0.5028 0.2800 0.1652 0.1362 0.2853 0.5091 0.3772 0.2042 0.1457
0.2081 0.3822 0.5076 0.2776 0.1360 0.1666 0.2835 0.5054 0.4235 0.1503 0.1440 0.2160 0.4036 0.5002 0.2453 0.1357 0.1725 0.2994 0.5131 0.4017 0.1454 0.1471 0.2266 0.4257 0.4906 0.2144 0.1361 0.1792 0.3169 0.5167 0.3758 0.1416 0.1511 0.2397 0.4516 0.4760 0.1831 0.1374 0.1895 0.3439 0.5158 0.3312 0.1378 0.1589 0.2639 0.4879 0.4437 0.1576 0.1410 0.1990 0.2890 0.1992 0.1412 0.1575 0.4447 0.4884 0.2620 0.1583 0.1378 0.3316 0.5158 0.3439 0.1895 0.1374 0.1831 0.4760 0.4516 0.2397 0.1511 0.1416 0.3758 0.5167 0.3169 0.1792 0.1361 0.2144 0.4906 0.4257 0.2266 0.1471 0.1454 0.4017 0.5131 0.2994 0.1725 0.1357 0.2453 0.5002 0.4036 0.2160 0.1440 0.1503 0.4235 0.5054 0.2835 0.1666 0.1360 0.2776 0.5076 0.3822 0.2081
0.3841 0.5061 0.2700 0.1359 0.1679 0.2871 0.5076 0.4187 0.1491 0.1446 0.2183 0.4086 0.4982 0.2380 0.1357 0.1740 0.3032 0.5142 0.3964 0.1445 0.1479 0.2291 0.4307 0.4882 0.2080 0.1362 0.1808 0.3207 0.5169 0.3706 0.1410 0.1518 0.2419 0.4550 0.4740 0.1805 0.1376 0.1904 0.3457 0.5155 0.3292 0.1377 0.1590 0.2649 0.4898 0.4457 0.1566 0.1416 0.2058 0.3705 0.5091 0.3682 0.2057 0.1415 0.1564 0.4447 0.4886 0.2630 0.1585 0.1377 0.3293 0.5155 0.3457 0.1904 0.1376 0.1805 0.4740 0.4550 0.2419 0.1518 0.1410 0.3706 0.5169 0.3207 0.1808 0.1362 0.2080 0.4882 0.4307 0.2291 0.1479 0.1445 0.3964 0.5142 0.3032 0.1740 0.1357 0.2380 0.4982 0.4086 0.2183 0.1446 0.1491 0.4187 0.5076 0.2871 0.1679 0.1359 0.2700 0.5061 0.3841
0.5046 0.2628 0.1358 0.1692 0.2906 0.5095 0.4139 0.1479 0.1453 0.2206 0.4134 0.4962 0.2311 0.1358 0.1754 0.3068 0.5151 0.3911 0.1437 0.1486 0.2316 0.4356 0.4857 0.2021 0.1364 0.1823 0.3245 0.5170 0.3651 0.1405 0.1526 0.2441 0.4586 0.4717 0.1778 0.1378 0.1914 0.3480 0.5152 0.3267 0.1376 0.1592 0.2645 0.4893 0.4445 0.1571 0.1416 0.2086 0.3843 0.5098 0.4093 0.5096 0.3862 0.2072 0.1416 0.1563 0.4420 0.4903 0.2658 0.1592 0.1376 0.3266 0.5152 0.3480 0.1914 0.1378 0.1778 0.4717 0.4586 0.2441 0.1526 0.1405 0.3651 0.5170 0.3245 0.1823 0.1364 0.2021 0.4857 0.4356 0.2316 0.1486 0.1437 0.3911 0.5151 0.3068 0.1754 0.1358 0.2311 0.4962 0.4134 0.2206 0.1453 0.1479 0.4139 0.5095 0.2906 0.1692 0.1358 0.2628 0.5046
0.2608 0.1357 0.1703 0.2936 0.5108 0.4098 0.1470 0.1458 0.2225 0.4175 0.4944 0.2254 0.1358 0.1766 0.3100 0.5157 0.3866 0.1430 0.1492 0.2337 0.4396 0.4835 0.1974 0.1365 0.1836 0.3278 0.5170 0.3604 0.1400 0.1532 0.2461 0.4618 0.4696 0.1755 0.1380 0.1923 0.3500 0.5149 0.3242 0.1374 0.1594 0.2648 0.4895 0.4447 0.1569 0.1417 0.2080 0.3900 0.5061 0.2902 0.1451 0.2895 0.5058 0.3868 0.2082 0.1417 0.1555 0.4428 0.4889 0.2648 0.1594 0.1374 0.3242 0.5149 0.3500 0.1923 0.1380 0.1755 0.4696 0.4618 0.2461 0.1532 0.1400 0.3604 0.5170 0.3278 0.1836 0.1365 0.1974 0.4835 0.4396 0.2337 0.1492 0.1430 0.3866 0.5157 0.3100 0.1766 0.1358 0.2254 0.4944 0.4175 0.2225 0.1458 0.1470 0.4098 0.5108 0.2936 0.1703 0.1357 0.2608
0.1415 0.1704 0.2943 0.5110 0.4087 0.1466 0.1459 0.2229 0.4185 0.4938 0.2239 0.1357 0.1767 0.3108 0.5156 0.3854 0.1427 0.1493 0.2341 0.4405 0.4828 0.1962 0.1364 0.1838 0.3286 0.5168 0.3591 0.1398 0.1532 0.2464 0.4623 0.4692 0.1751 0.1379 0.1922 0.3498 0.5148 0.3251 0.1374 0.1590 0.2638 0.4880 0.4463 0.1578 0.1415 0.2067 0.3838 0.5057 0.2713 0.1355 0.1441 0.1355 0.2728 0.5062 0.3865 0.2070 0.1413 0.1576 0.4466 0.4879 0.2638 0.1590 0.1374 0.3251 0.5148 0.3498 0.1922 0.1379 0.1751 0.4692 0.4623 0.2464 0.1532 0.1398 0.3591 0.5168 0.3286 0.1838 0.1364 0.1962 0.4828 0.4405 0.2341 0.1493 0.1427 0.3854 0.5156 0.3108 0.1767 0.1357 0.2239 0.4938 0.4185 0.2229 0.1459 0.1466 0.4087 0.5110 0.2943 0.1704 0.1415
0.1695 0.2855 0.5063 0.4201 0.1488 0.1436 0.2166 0.4070 0.4979 0.2406 0.1350 0.1724 0.3016 0.5131 0.3984 0.1442 0.1467 0.2273 0.4290 0.4881 0.2102 0.1354 0.1791 0.3190 0.5159 0.3736 0.1407 0.1503 0.2391 0.4510 0.4761 0.1849 0.1365 0.1869 0.3388 0.5155 0.3428 0.1379 0.1553 0.2548 0.4767 0.4569 0.1637 0.1391 0.2002 0.3686 0.5094 0.2938 0.1355 0.1588 0.2126 0.1591 0.1356 0.2887 0.5090 0.3727 0.2001 0.1391 0.1639 0.4570 0.4767 0.2548 0.1553 0.1379 0.3428 0.5155 0.3388 0.1869 0.1365 0.1849 0.4761 0.4510 0.2391 0.1503 0.1407 0.3736 0.5159 0.3190 0.1791 0.1354 0.2102 0.4881 0.4290 0.2273 0.1467 0.1442 0.3984 0.5131 0.3016 0.1724 0.1350 0.2406 0.4979 0.4070 0.2166 0.1436 0.1488 0.4201 0.5063 0.2855 0.1695
0.2287 0.4319 0.4865 0.2087 0.1350 0.1784 0.3196 0.5157 0.3722 0.1392 0.1497 0.2386 0.4530 0.4748 0.1842 0.1360 0.1858 0.3383 0.5150 0.3450 0.1369 0.1538 0.2514 0.4734 0.4607 0.1672 0.1375 0.1939 0.3584 0.5119 0.3147 0.1353 0.1586 0.2658 0.4918 0.4430 0.1555 0.1399 0.2044 0.3840 0.5051 0.2730 0.1345 0.1663 0.2894 0.5093 0.4113 0.1457 0.1436 0.2116 0.3133 0.2121 0.1439 0.1451 0.4123 0.5095 0.2883 0.1659 0.1344 0.2730 0.5051 0.3840 0.2044 0.1399 0.1555 0.4430 0.4918 0.2658 0.1586 0.1353 0.3147 0.5119 0.3584 0.1939 0.1375 0.1672 0.4607 0.4734 0.2514 0.1538 0.1369 0.3450 0.5150 0.3383 0.1858 0.1360 0.1842 0.4748 0.4530 0.2386 0.1497 0.1392 0.3722 0.5157 0.3196 0.1784 0.1350 0.2087 0.4865 0.4319 0.2287
0.1695 0.2855 0.5063 0.4201 0.1488 0.1436 0.2166 0.4070 0.4979 0.2406 0.1350 0.1724 0.3016 0.5131 0.3984 0.1442 0.1467 0.2273 0.4290 0.4881 0.2102 0.1354 0.1791 0.3190 0.5159 0.3736 0.1407 0.1503 0.2391 0.4510 0.4761 0.1849 0.1365 0.1869 0.3388 0.5155 0.3428 0.1379 0.1553 0.2548 0.4767 0.4569 0.1638 0.1390 0.1999 0.3726 0.5094 0.2907 0.1356 0.1583 0.2124 0.1588 0.1354 0.2898 0.5094 0.3708 0.1988 0.1389 0.1639 0.4570 0.4767 0.2548 0.1553 0.1379 0.3428 0.5155 0.3388 0.1869 0.1365 0.1849 0.4761 0.4510 0.2391 0.1503 0.1407 0.3736 0.5159 0.3190 0.1791 0.1354 0.2102 0.4881 0.4290 0.2273 0.1467 0.1442 0.3984 0.5131 0.3016 0.1724 0.1350 0.2406 0.4979 0.4070 0.2166 0.1436 0.1488 0.4201 0.5063 0.2855 0.1695
0.1415 0.1704 0.2943 0.5110 0.4087 0.1466 0.1459 0.2229 0.4185 0.4938 0.2239 0.1357 0.1767 0.3108 0.5156 0.3854 0.1427 0.1493 0.2341 0.4405 0.4828 0.1962 0.1364 0.1838 0.3286 0.5168 0.3591 0.1398 0.1532 0.2464 0.4623 0.4692 0.1751 0.1379 0.1922 0.3498 0.5148 0.3251 0.1374 0.1590 0.2637 0.4879 0.4464 0.1579 0.1411 0.2072 0.3848 0.5061 0.2766 0.1355 0.1436 0.1355 0.2729 0.5061 0.3816 0.2056 0.1409 0.1585 0.4469 0.4877 0.2637 0.1590 0.1374 0.3251 0.5148 0.3498 0.1922 0.1379 0.1751 0.4692 0.4623 0.2464 0.1532 0.1398 0.3591 0.5168 0.3286 0.1838 0.1364 0.1962 0.4828 0.4405 0.2341 0.1493 0.1427 0.3854 0.5156 0.3108 0.1767 0.1357 0.2239 0.4938 0.4185 0.2229 0.1459 0.1466 0.4087 0.5110 0.2943 0.1704 0.1415
0.2608 0.1357 0.1703 0.2936 0.5108 0.4098 0.1470 0.1458 0.2225 0.4175 0.4944 0.2254 0.1358 0.1766 0.3100 0.5157 0.3866 0.1430 0.1492 0.2337 0.4396 0.4835 0.1974 0.1365 0.1836 0.3278 0.5170 0.3604 0.1400 0.1532 0.2461 0.4618 0.4696 0.1755 0.1380 0.1923 0.3500 0.5149 0.3242 0.1374 0.1594 0.2648 0.4894 0.4449 0.1573 0.1416 0.2082 0.3868 0.5069 0.2929 0.1458 0.2897 0.5060 0.3873 0.2067 0.1413 0.1579 0.4458 0.4891 0.2648 0.1594 0.1374 0.3242 0.5149 0.3500 0.1923 0.1380 0.1755 0.4696 0.4618 0.2461 0.1532 0.1400 0.3604 0.5170 0.3278 0.1836 0.1365 0.1974 0.4835 0.4396 0.2337 0.1492 0.1430 0.3866 0.5157 0.3100 0.1766 0.1358 0.2254 0.4944 0.4175 0.2225 0.1458 0.1470 0.4098 0.5108 0.2936 0.1703 0.1357 0.2608
0.5046 0.2628 0.1358 0.1692 0.2906 0.5095 0.4139 0.1479 0.1453 0.2206 0.4134 0.4962 0.2311 0.1358 0.1754 0.3068 0.5151 0.3911 0.1437 0.1486 0.2316 0.4356 0.4857 0.2021 0.1364 0.1823 0.3245 0.5170 0.3651 0.1405 0.1526 0.2441 0.4586 0.4717 0.1778 0.1378 0.1914 0.3480 0.5152 0.3267 0.1376 0.1592 0.2643 0.4893 0.4444 0.1567 0.1416 0.2079 0.3835 0.5092 0.4128 0.5098 0.3842 0.2083 0.1414 0.1567 0.4464 0.4887 0.2641 0.1592 0.1376 0.3267 0.5152 0.3480 0.1914 0.1378 0.1778 0.4717 0.4586 0.2441 0.1526 0.1405 0.3651 0.5170 0.3245 0.1823 0.1364 0.2021 0.4857 0.4356 0.2316 0.1486 0.1437 0.3911 0.5151 0.3068 0.1754 0.1358 0.2311 0.4962 0.4134 0.2206 0.1453 0.1479 0.4139 0.5095 0.2906 0.1692 0.1358 0.2628 0.5046
0.3841 0.5061 0.2700 0.1359 0.1679 0.2871 0.5076 0.4187 0.1491 0.1446 0.2183 0.4086 0.4982 0.2380 0.1357 0.1740 0.3032 0.5142 0.3964 0.1445 0.1479 0.2291 0.4307 0.4882 0.2080 0.1362 0.1808 0.3207 0.5169 0.3706 0.1410 0.1518 0.2419 0.4550 0.4740 0.1805 0.1376 0.1904 0.3457 0.5155 0.3292 0.1377 0.1590 0.2647 0.4892 0.4450 0.1561 0.1415 0.2064 0.3708 0.5087 0.3683 0.2063 0.1415 0.1572 0.4480 0.4881 0.2636 0.1589 0.1377 0.3293 0.5155 0.3457 0.1904 0.1376 0.1805 0.4740 0.4550 0.2419 0.1518 0.1410 0.3706 0.5169 0.3207 0.1808 0.1362 0.2080 0.4882 0.4307 0.2291 0.1479 0.1445 0.3964 0.5142 0.3032 0.1740 0.1357 0.2380 0.4982 0.4086 0.2183 0.1446 0.1491 0.4187 0.5076 0.2871 0.1679 0.1359 0.2700 0.5061 0.3841
