28.8410 -18.0915 -32.9750 -42.8250 -32.4542 19.7481 -2.3486 -29.0443 -39.7973 -44.6679 10.0122 32.0458 -23.8898 -36.2474 -44.7074 -4.9187 28.0107 -16.9530 -32.4499 -42.4526 -35.6643 18.3860 3.0550 -28.4363 -39.3120 -45.0597 8.5265 32.9034 -23.0616 -35.7138 -44.4578 -8.9484 26.6176 -15.5389 -31.8905 -42.0443 -38.3112 16.9350 9.7375 -27.6997 -38.8156 -45.2700 6.9402 32.9994 -22.1965 -35.1724 -44.1778 -14.2759 24.5936 -10.1664 -25.6750 -10.1664 24.5936 -14.2759 -44.1778 -35.1724 -22.1965 32.9994 6.9402 -45.2700 -38.8156 -27.6997 9.7375 16.9350 -38.3112 -42.0443 -31.8905 -15.5389 26.6176 -8.9484 -44.4578 -35.7138 -23.0616 32.9034 8.5265 -45.0597 -39.3120 -28.4363 3.0550 18.3860 -35.6643 -42.4526 -32.4499 -16.9530 28.0107 -4.9187 -44.7074 -36.2474 -23.8898 32.0458 10.0122 -44.6679 -39.7973 -29.0443 -2.3486 19.7481 -32.4542 -42.8250 -32.9750 -18.0915 28.8410
-18.0915 -34.3361 -43.9760 -33.1455 19.6195 -0.4973 -30.3787 -40.9839 -45.5716 9.8982 32.9117 -24.4859 -37.4711 -45.7380 -5.3333 27.7473 -16.8628 -33.7143 -43.5868 -36.5435 18.1728 5.6757 -29.6988 -40.5025 -45.9791 8.4056 33.4209 -23.5634 -36.9429 -45.5090 -9.5033 26.3543 -15.3129 -33.1630 -43.1887 -39.1842 16.7519 12.7572 -28.8323 -40.0122 -46.2036 6.8102 33.2496 -22.6078 -36.4092 -45.2486 -14.5512 24.7984 -12.6251 -31.6417 -38.6181 -31.6417 -12.6251 24.7984 -14.5512 -45.2486 -36.4092 -22.6078 33.2496 6.8102 -46.2036 -40.0122 -28.8323 12.7572 16.7519 -39.1842 -43.1887 -33.1630 -15.3129 26.3543 -9.5033 -45.5090 -36.9429 -23.5634 33.4209 8.4056 -45.9791 -40.5025 -29.6988 5.6757 18.1728 -36.5435 -43.5868 -33.7143 -16.8628 27.7473 -5.3333 -45.7380 -37.4711 -24.4859 32.9117 9.8982 -45.5716 -40.9839 -30.3787 -0.4973 19.6195 -33.1455 -43.9760 -34.3361 -18.0915
-32.9750 -43.9760 -33.6514 19.3052 1.1501 -30.1903 -40.8133 -45.7428 9.3458 33.2001 -24.1335 -37.2654 -45.6502 -6.8694 27.1935 -16.2799 -33.4980 -43.4322 -37.6495 17.6019 8.4110 -29.3569 -40.3105 -46.0851 7.7914 33.4230 -23.1918 -36.7338 -45.4097 -11.3484 25.7953 -14.6373 -32.9452 -43.0269 -40.0607 16.1986 15.5321 -28.4923 -39.8169 -46.2477 6.1413 33.0392 -22.2207 -36.1994 -45.1390 -16.4803 24.3568 -12.4495 -32.1536 -42.2013 -47.1135 -42.2013 -32.1536 -12.4495 24.3568 -16.4803 -45.1390 -36.1994 -22.2207 33.0392 6.1413 -46.2477 -39.8169 -28.4923 15.5321 16.1986 -40.0607 -43.0269 -32.9452 -14.6373 25.7953 -11.3484 -45.4097 -36.7338 -23.1918 33.4230 7.7914 -46.0851 -40.3105 -29.3569 8.4110 17.6019 -37.6495 -43.4322 -33.4980 -16.2799 27.1935 -6.8694 -45.6502 -37.2654 -24.1335 33.2001 9.3458 -45.7428 -40.8133 -30.1903 1.1501 19.3052 -33.6514 -43.9760 -32.9750
-42.8250 -33.1455 19.3052 1.8259 -30.0769 -40.6857 -45.8647 8.8518 33.3596 -23.7969 -37.0679 -45.5619 -8.5000 26.6530 -15.6687 -33.2832 -43.2762 -38.6616 17.0478 11.2185 -29.0173 -40.1184 -46.1674 7.1597 33.3326 -22.8142 -36.5237 -45.3066 -13.2992 25.2455 -13.9149 -32.7265 -42.8625 -40.8618 15.6549 18.1842 -28.1521 -39.6200 -46.2724 5.4440 32.7631 -21.8250 -35.9881 -45.0257 -18.5252 23.8470 -11.7491 -32.1069 -42.3267 -44.4805 -1.7294 -44.4805 -42.3267 -32.1069 -11.7491 23.8470 -18.5252 -45.0257 -35.9881 -21.8250 32.7631 5.4440 -46.2724 -39.6200 -28.1521 18.1842 15.6549 -40.8618 -42.8625 -32.7265 -13.9149 25.2455 -13.2992 -45.3066 -36.5237 -22.8142 33.3326 7.1597 -46.1674 -40.1184 -29.0173 11.2185 17.0478 -38.6616 -43.2762 -33.2832 -15.6687 26.6530 -8.5000 -45.5619 -37.0679 -23.7969 33.3596 8.8518 -45.8647 -40.6857 -30.0769 1.8259 19.3052 -33.1455 -42.8250
-32.4542 19.6195 1.1501 -30.0769 -40.6378 -45.9271 8.4947 33.4216 -23.5034 -36.8887 -45.4755 -10.1560 26.1321 -15.0386 -33.0708 -43.1188 -39.5789 16.5042 13.9992 -28.6812 -39.9250 -46.2254 6.5105 33.1628 -22.4332 -36.3134 -45.1986 -15.3236 24.6978 -13.1404 -32.5075 -42.6956 -41.5864 15.1150 20.6511 -27.8118 -39.4219 -46.2774 4.7139 32.4307 -21.4209 -35.7760 -44.9079 -20.5986 23.3160 -10.8535 -31.9322 -42.2324 -43.6307 11.3287 27.9128 11.3287 -43.6307 -42.2324 -31.9322 -10.8535 23.3160 -20.5986 -44.9079 -35.7760 -21.4209 32.4307 4.7139 -46.2774 -39.4219 -27.8118 20.6511 15.1150 -41.5864 -42.6956 -32.5075 -13.1404 24.6978 -15.3236 -45.1986 -36.3134 -22.4332 33.1628 6.5105 -46.2254 -39.9250 -28.6812 13.9992 16.5042 -39.5789 -43.1188 -33.0708 -15.0386 26.1321 -10.1560 -45.4755 -36.8887 -23.5034 33.4216 8.4947 -45.9271 -40.6378 -30.0769 1.1501 19.6195 -32.4542
19.7481 -0.4973 -30.1903 -40.6857 -45.9271 8.3612 33.4329 -23.2993 -36.7486 -45.3982 -11.6891 25.6544 -14.4164 -32.8675 -42.9627 -40.3996 15.9687 16.6949 -28.3451 -39.7297 -46.2612 5.8371 32.9244 -22.0464 -36.1039 -45.0872 -17.3849 24.1543 -12.3084 -32.2892 -42.5276 -42.2366 14.5799 22.8945 -27.4717 -39.2230 -46.2641 3.9461 32.0502 -21.0074 -35.5633 -44.7860 -22.6427 22.7796 -9.8300 -31.7239 -42.0793 -43.7403 12.5962 32.1511 -17.1788 32.1511 12.5962 -43.7403 -42.0793 -31.7239 -9.8300 22.7796 -22.6427 -44.7860 -35.5633 -21.0074 32.0502 3.9461 -46.2641 -39.2230 -27.4717 22.8945 14.5799 -42.2366 -42.5276 -32.2892 -12.3084 24.1543 -17.3849 -45.0872 -36.1039 -22.0464 32.9244 5.8371 -46.2612 -39.7297 -28.3451 16.6949 15.9687 -40.3996 -42.9627 -32.8675 -14.4164 25.6544 -11.6891 -45.3982 -36.7486 -23.2993 33.4329 8.3612 -45.9271 -40.6857 -30.1903 -0.4973 19.7481
-2.3486 -30.3787 -40.8133 -45.8647 8.4947 33.4329 -23.2262 -36.6718 -45.3433 -12.8984 25.2601 -13.8435 -32.6847 -42.8173 -41.1010 15.4600 19.1679 -28.0131 -39.5365 -46.2770 5.1336 32.6257 -21.6508 -35.8952 -44.9738 -19.4492 23.6165 -11.4109 -32.0722 -42.3591 -42.8168 14.0508 24.8879 -27.1328 -39.0242 -46.2342 3.1410 31.6324 -20.5861 -35.3501 -44.6592 -24.6295 22.2459 -8.6852 -31.5061 -41.9080 -44.0823 12.5147 30.1857 -24.8286 -33.5561 -24.8286 30.1857 12.5147 -44.0823 -41.9080 -31.5061 -8.6852 22.2459 -24.6295 -44.6592 -35.3501 -20.5861 31.6324 3.1410 -46.2342 -39.0242 -27.1328 24.8879 14.0508 -42.8168 -42.3591 -32.0722 -11.4109 23.6165 -19.4492 -44.9738 -35.8952 -21.6508 32.6257 5.1336 -46.2770 -39.5365 -28.0131 19.1679 15.4600 -41.1010 -42.8173 -32.6847 -13.8435 25.2601 -12.8984 -45.3433 -36.6718 -23.2262 33.4329 8.4947 -45.8647 -40.8133 -30.3787 -2.3486
-29.0443 -40.9839 -45.7428 8.8518 33.4216 -23.2993 -36.6718 -45.3236 -13.5765 24.9974 -13.3864 -32.5350 -42.6908 -41.6711 15.0025 21.3001 -27.6994 -39.3486 -46.2745 4.4069 32.2786 -21.2487 -35.6852 -44.8549 -21.4901 23.0842 -10.4352 -31.8542 -42.1869 -43.3379 13.5213 26.6311 -26.7954 -38.8248 -46.1897 2.2890 31.1824 -20.1545 -35.1374 -44.5294 -26.5297 21.7168 -7.4178 -31.2857 -41.7301 -44.4464 12.0963 30.3954 -25.5661 -37.5589 -44.0868 -37.5589 -25.5661 30.3954 12.0963 -44.4464 -41.7301 -31.2857 -7.4178 21.7168 -26.5297 -44.5294 -35.1374 -20.1545 31.1824 2.2890 -46.1897 -38.8248 -26.7954 26.6311 13.5213 -43.3379 -42.1869 -31.8542 -10.4352 23.0842 -21.4901 -44.8549 -35.6852 -21.2487 32.2786 4.4069 -46.2745 -39.3486 -27.6994 21.3001 15.0025 -41.6711 -42.6908 -32.5350 -13.3864 24.9974 -13.5765 -45.3236 -36.6718 -23.2993 33.4216 8.8518 -45.7428 -40.9839 -29.0443
-39.7973 -45.5716 9.3458 33.3596 -23.5034 -36.7486 -45.3433 -13.5765 24.9049 -13.1281 -32.4357 -42.5937 -42.1023 14.6113 23.0339 -27.4143 -39.1734 -46.2570 3.6760 31.9008 -20.8446 -35.4764 -44.7326 -23.4903 22.5538 -9.3631 -31.6350 -42.0119 -43.8041 12.9884 28.1437 -26.4565 -38.6247 -46.1360 1.3774 30.7039 -19.7090 -34.9256 -44.3981 -28.3281 21.1942 -6.0108 -31.0660 -41.5504 -44.7799 11.5873 31.1292 -25.4729 -37.9155 -46.1565 -39.4260 -46.1565 -37.9155 -25.4729 31.1292 11.5873 -44.7799 -41.5504 -31.0660 -6.0108 21.1942 -28.3281 -44.3981 -34.9256 -19.7090 30.7039 1.3774 -46.1360 -38.6247 -26.4565 28.1437 12.9884 -43.8041 -42.0119 -31.6350 -9.3631 22.5538 -23.4903 -44.7326 -35.4764 -20.8446 31.9008 3.6760 -46.2570 -39.1734 -27.4143 23.0339 14.6113 -42.1023 -42.5937 -32.4357 -13.1281 24.9049 -13.5765 -45.3433 -36.7486 -23.5034 33.3596 9.3458 -45.5716 -39.7973
-44.6679 9.8982 33.2001 -23.7969 -36.8887 -45.3982 -12.8984 24.9974 -13.1281 -32.4004 -42.5414 -42.3735 14.3210 24.3223 -27.1722 -39.0201 -46.2296 2.9669 31.5140 -20.4497 -35.2754 -44.6109 -25.3931 22.0303 -8.1778 -31.4164 -41.8370 -44.2166 12.4558 29.4335 -26.1150 -38.4247 -46.0776 0.4046 30.2077 -19.2505 -34.7139 -44.2630 -30.0183 20.6778 -4.4428 -30.8450 -41.3699 -45.0740 11.0550 31.8490 -25.1934 -37.8457 -45.8806 -8.7836 15.7370 -8.7836 -45.8806 -37.8457 -25.1934 31.8490 11.0550 -45.0740 -41.3699 -30.8450 -4.4428 20.6778 -30.0183 -44.2630 -34.7139 -19.2505 30.2077 0.4046 -46.0776 -38.4247 -26.1150 29.4335 12.4558 -44.2166 -41.8370 -31.4164 -8.1778 22.0303 -25.3931 -44.6109 -35.2754 -20.4497 31.5140 2.9669 -46.2296 -39.0201 -27.1722 24.3223 14.3210 -42.3735 -42.5414 -32.4004 -13.1281 24.9974 -12.8984 -45.3982 -36.8887 -23.7969 33.2001 9.8982 -44.6679
10.0122 32.9117 -24.1335 -37.0679 -45.4755 -11.6891 25.2601 -13.3864 -32.4357 -42.5414 -42.4661 14.1677 25.1177 -26.9948 -38.8970 -46.1984 2.3187 31.1448 -20.0805 -35.0871 -44.4908 -27.1350 21.5276 -6.8918 -31.1985 -41.6592 -44.5813 11.9220 30.5085 -25.7732 -38.2229 -46.0137 -0.6448 29.6965 -18.7779 -34.5013 -44.1239 -31.6056 20.1635 -2.6805 -30.6226 -41.1870 -45.3296 10.5092 32.4335 -24.8640 -37.6778 -45.8152 -5.3465 25.6596 19.6224 25.6596 -5.3465 -45.8152 -37.6778 -24.8640 32.4335 10.5092 -45.3296 -41.1870 -30.6226 -2.6805 20.1635 -31.6056 -44.1239 -34.5013 -18.7779 29.6965 -0.6448 -46.0137 -38.2229 -25.7732 30.5085 11.9220 -44.5813 -41.6592 -31.1985 -6.8918 21.5276 -27.1350 -44.4908 -35.0871 -20.0805 31.1448 2.3187 -46.1984 -38.8970 -26.9948 25.1177 14.1677 -42.4661 -42.5414 -32.4357 -13.3864 25.2601 -11.6891 -45.4755 -37.0679 -24.1335 32.9117 10.0122
32.0458 -24.4859 -37.2654 -45.5619 -10.1560 25.6544 -13.8435 -32.5350 -42.5937 -42.3735 14.1677 25.3809 -26.9003 -38.8151 -46.1720 1.7832 30.8232 -19.7523 -34.9190 -44.3788 -28.6861 21.0545 -5.5349 -30.9879 -41.4834 -44.8978 11.3857 31.3896 -25.4290 -38.0196 -45.9447 -1.7828 29.1725 -18.2866 -34.2882 -43.9825 -33.0895 19.6511 -0.6997 -30.4003 -41.0028 -45.5494 9.9508 32.8751 -24.5175 -37.4837 -45.7403 -5.6552 27.1886 -14.1206 -27.9625 -14.1206 27.1886 -5.6552 -45.7403 -37.4837 -24.5175 32.8751 9.9508 -45.5494 -41.0028 -30.4003 -0.6997 19.6511 -33.0895 -43.9825 -34.2882 -18.2866 29.1725 -1.7828 -45.9447 -38.0196 -25.4290 31.3896 11.3857 -44.8978 -41.4834 -30.9879 -5.5349 21.0545 -28.6861 -44.3788 -34.9190 -19.7523 30.8232 1.7832 -46.1720 -38.8151 -26.9003 25.3809 14.1677 -42.3735 -42.5937 -32.5350 -13.8435 25.6544 -10.1560 -45.5619 -37.2654 -24.4859 32.0458
-23.8898 -37.4711 -45.6502 -8.5000 26.1321 -14.4164 -32.6847 -42.6908 -42.1023 14.3210 25.1177 -26.9003 -38.7859 -46.1571 1.4185 30.5801 -19.4868 -34.7794 -44.2796 -30.0084 20.6258 -4.1361 -30.7905 -41.3158 -45.1643 10.8591 32.0801 -25.0842 -37.8167 -45.8721 -3.0111 28.6419 -17.7743 -34.0751 -43.8388 -34.4602 19.1180 1.4974 -30.1780 -40.8171 -45.7349 9.3839 33.1805 -24.1653 -37.2831 -45.6564 -6.8639 27.0784 -15.6749 -32.5847 -39.5078 -32.5847 -15.6749 27.0784 -6.8639 -45.6564 -37.2831 -24.1653 33.1805 9.3839 -45.7349 -40.8171 -30.1780 1.4974 19.1180 -34.4602 -43.8388 -34.0751 -17.7743 28.6419 -3.0111 -45.8721 -37.8167 -25.0842 32.0801 10.8591 -45.1643 -41.3158 -30.7905 -4.1361 20.6258 -30.0084 -44.2796 -34.7794 -19.4868 30.5801 1.4185 -46.1571 -38.7859 -26.9003 25.1177 14.3210 -42.1023 -42.6908 -32.6847 -14.4164 26.1321 -8.5000 -45.6502 -37.4711 -23.8898
-36.2474 -45.7380 -6.8694 26.6530 -15.0386 -32.8675 -42.8173 -41.6711 14.6113 24.3223 -26.9948 -38.8151 -46.1571 1.2875 30.4473 -19.3118 -34.6767 -44.2001 -31.0463 20.2598 -2.7681 -30.6094 -41.1589 -45.3823 10.3551 32.5903 -24.7480 -37.6168 -45.7941 -4.3419 28.1073 -17.2414 -33.8612 -43.6904 -35.7288 18.5537 3.9200 -29.9125 -40.6292 -45.8894 8.8031 33.3622 -23.8075 -37.0784 -45.5674 -8.4086 26.6496 -15.5371 -33.0737 -42.9792 -47.2872 -42.9792 -33.0737 -15.5371 26.6496 -8.4086 -45.5674 -37.0784 -23.8075 33.3622 8.8031 -45.8894 -40.6292 -29.9125 3.9200 18.5537 -35.7288 -43.6904 -33.8612 -17.2414 28.1073 -4.3419 -45.7941 -37.6168 -24.7480 32.5903 10.3551 -45.3823 -41.1589 -30.6094 -2.7681 20.2598 -31.0463 -44.2001 -34.6767 -19.3118 30.4473 1.2875 -46.1571 -38.8151 -26.9948 24.3223 14.6113 -41.6711 -42.8173 -32.8675 -15.0386 26.6530 -6.8694 -45.7380 -36.2474
-44.7074 -5.3333 27.1935 -15.6687 -33.0708 -42.9627 -41.1010 15.0025 23.0339 -27.1722 -38.8970 -46.1720 1.4185 30.4473 -19.2500 -34.6212 -44.1493 -31.7594 19.9763 -1.5566 -30.4545 -41.0196 -45.5542 9.8850 32.9469 -24.4293 -37.4254 -45.7144 -5.7482 27.5769 -16.6856 -33.6469 -43.5388 -36.8994 17.9865 6.5427 -29.5885 -40.4403 -46.0152 8.2066 33.4325 -23.4420 -36.8715 -45.4737 -10.1329 26.1393 -15.0236 -33.0242 -43.0430 -42.5122 2.4685 -42.5122 -43.0430 -33.0242 -15.0236 26.1393 -10.1329 -45.4737 -36.8715 -23.4420 33.4325 8.2066 -46.0152 -40.4403 -29.5885 6.5427 17.9865 -36.8994 -43.5388 -33.6469 -16.6856 27.5769 -5.7482 -45.7144 -37.4254 -24.4293 32.9469 9.8850 -45.5542 -41.0196 -30.4545 -1.5566 19.9763 -31.7594 -44.1493 -34.6212 -19.2500 30.4473 1.4185 -46.1720 -38.8970 -27.1722 23.0339 15.0025 -41.1010 -42.9627 -33.0708 -15.6687 27.1935 -5.3333 -44.7074
-4.9187 27.7473 -16.2799 -33.2832 -43.1188 -40.3996 15.4600 21.3001 -27.4143 -39.0201 -46.1984 1.7832 30.5801 -19.3118 -34.6212 -44.1315 -32.1338 19.7967 -0.6370 -30.3360 -40.9043 -45.6837 9.4657 33.1781 -24.1337 -37.2477 -45.6371 -7.1879 27.0629 -16.1182 -33.4366 -43.3862 -37.9675 17.4315 9.2901 -29.2496 -40.2501 -46.1137 7.5958 33.4040 -23.0730 -36.6646 -45.3749 -11.9838 25.6083 -14.3791 -32.8523 -42.9445 -41.1632 13.5276 30.1470 13.5276 -41.1632 -42.9445 -32.8523 -14.3791 25.6083 -11.9838 -45.3749 -36.6646 -23.0730 33.4040 7.5958 -46.1137 -40.2501 -29.2496 9.2901 17.4315 -37.9675 -43.3862 -33.4366 -16.1182 27.0629 -7.1879 -45.6371 -37.2477 -24.1337 33.1781 9.4657 -45.6837 -40.9043 -30.3360 -0.6370 19.7967 -32.1338 -44.1315 -34.6212 -19.3118 30.5801 1.7832 -46.1984 -39.0201 -27.4143 21.3001 15.4600 -40.3996 -43.1188 -33.2832 -16.2799 27.7473 -4.9187
28.0107 -16.8628 -33.4980 -43.2762 -39.5789 15.9687 19.1679 -27.6994 -39.1734 -46.2296 2.3187 30.8232 -19.4868 -34.6767 -44.1493 -32.1338 19.7346 -0.1359 -30.2599 -40.8220 -45.7736 9.1161 33.3132 -23.8715 -37.0879 -45.5624 -8.6173 26.5805 -15.5541 -33.2345 -43.2354 -38.9274 16.8882 12.0713 -28.9131 -40.0581 -46.1875 6.9638 33.2887 -22.6971 -36.4566 -45.2713 -13.9351 25.0696 -13.6630 -32.6492 -42.7994 -41.3237 14.8288 27.8561 -19.5011 27.8561 14.8288 -41.3237 -42.7994 -32.6492 -13.6630 25.0696 -13.9351 -45.2713 -36.4566 -22.6971 33.2887 6.9638 -46.1875 -40.0581 -28.9131 12.0713 16.8882 -38.9274 -43.2354 -33.2345 -15.5541 26.5805 -8.6173 -45.5624 -37.0879 -23.8715 33.3132 9.1161 -45.7736 -40.8220 -30.2599 -0.1359 19.7346 -32.1338 -44.1493 -34.6767 -19.4868 30.8232 2.3187 -46.2296 -39.1734 -27.6994 19.1679 15.9687 -39.5789 -43.2762 -33.4980 -16.8628 28.0107
-16.9530 -33.7143 -43.4322 -38.6616 16.5042 16.6949 -28.0131 -39.3486 -46.2570 2.9669 31.1448 -19.7523 -34.7794 -44.2001 -31.7594 19.7967 -0.1359 -30.2328 -40.7798 -45.8265 8.8646 33.3817 -23.6574 -36.9523 -45.4942 -9.9673 26.1419 -15.0029 -33.0450 -43.0921 -39.7659 16.3687 14.7499 -28.5829 -39.8664 -46.2385 6.3073 33.0966 -22.3134 -36.2481 -45.1642 -15.9590 24.5282 -12.8858 -32.4370 -42.6402 -41.8600 14.7676 23.7507 -26.3180 -34.5031 -26.3180 23.7507 14.7676 -41.8600 -42.6402 -32.4370 -12.8858 24.5282 -15.9590 -45.1642 -36.2481 -22.3134 33.0966 6.3073 -46.2385 -39.8664 -28.5829 14.7499 16.3687 -39.7659 -43.0921 -33.0450 -15.0029 26.1419 -9.9673 -45.4942 -36.9523 -23.6574 33.3817 8.8646 -45.8265 -40.7798 -30.2328 -0.1359 19.7967 -31.7594 -44.2001 -34.7794 -19.7523 31.1448 2.9669 -46.2570 -39.3486 -28.0131 16.6949 16.5042 -38.6616 -43.4322 -33.7143 -16.9530
-32.4499 -43.5868 -37.6495 17.0478 13.9992 -28.3451 -39.5365 -46.2745 3.6760 31.5140 -20.0805 -34.9190 -44.2796 -31.0463 19.9763 -0.6370 -30.2599 -40.7798 -45.8440 8.7352 33.4099 -23.5047 -36.8490 -45.4371 -11.1561 25.7592 -14.4863 -32.8727 -42.9574 -40.4808 15.8866 17.2150 -28.2642 -39.6794 -46.2678 5.6309 32.8401 -21.9256 -36.0395 -45.0526 -18.0099 23.9911 -12.0439 -32.2216 -42.4753 -42.4431 14.3634 24.1459 -27.0252 -38.4607 -44.8259 -38.4607 -27.0252 24.1459 14.3634 -42.4431 -42.4753 -32.2216 -12.0439 23.9911 -18.0099 -45.0526 -36.0395 -21.9256 32.8401 5.6309 -46.2678 -39.6794 -28.2642 17.2150 15.8866 -40.4808 -42.9574 -32.8727 -14.4863 25.7592 -11.1561 -45.4371 -36.8490 -23.5047 33.4099 8.7352 -45.8440 -40.7798 -30.2599 -0.6370 19.9763 -31.0463 -44.2796 -34.9190 -20.0805 31.5140 3.6760 -46.2745 -39.5365 -28.3451 13.9992 17.0478 -37.6495 -43.5868 -32.4499
-42.4526 -36.5435 17.6019 11.2185 -28.6812 -39.7297 -46.2770 4.4069 31.9008 -20.4497 -35.0871 -44.3788 -30.0084 20.2598 -1.5566 -30.3360 -40.8220 -45.8265 8.7352 33.4169 -23.4255 -36.7838 -45.3970 -12.0782 25.4523 -14.0356 -32.7237 -42.8350 -41.0800 15.4452 19.3928 -27.9654 -39.5006 -46.2780 4.9472 32.5329 -21.5335 -35.8312 -44.9366 -20.0670 23.4553 -11.1246 -32.0042 -42.3052 -42.9910 13.8699 25.6138 -26.9334 -38.7866 -46.4433 -34.4263 -46.4433 -38.7866 -26.9334 25.6138 13.8699 -42.9910 -42.3052 -32.0042 -11.1246 23.4553 -20.0670 -44.9366 -35.8312 -21.5335 32.5329 4.9472 -46.2780 -39.5006 -27.9654 19.3928 15.4452 -41.0800 -42.8350 -32.7237 -14.0356 25.4523 -12.0782 -45.3970 -36.7838 -23.4255 33.4169 8.7352 -45.8265 -40.8220 -30.3360 -1.5566 20.2598 -30.0084 -44.3788 -35.0871 -20.4497 31.9008 4.4069 -46.2770 -39.7297 -28.6812 11.2185 17.6019 -36.5435 -42.4526
-35.6643 18.1728 8.4110 -29.0173 -39.9250 -46.2612 5.1336 32.2786 -20.8446 -35.2754 -44.4908 -28.6861 20.6258 -2.7681 -30.4545 -40.9043 -45.7736 8.8646 33.4099 -23.4255 -36.7614 -45.3757 -12.6577 25.2371 -13.6811 -32.6054 -42.7324 -41.5600 15.0567 21.2223 -27.6908 -39.3325 -46.2729 4.2723 32.1955 -21.1464 -35.6276 -44.8197 -22.0875 22.9220 -10.1170 -31.7858 -42.1322 -43.4899 13.3519 27.1707 -26.6611 -38.7132 -46.1382 -2.4915 17.9122 -2.4915 -46.1382 -38.7132 -26.6611 27.1707 13.3519 -43.4899 -42.1322 -31.7858 -10.1170 22.9220 -22.0875 -44.8197 -35.6276 -21.1464 32.1955 4.2723 -46.2729 -39.3325 -27.6908 21.2223 15.0567 -41.5600 -42.7324 -32.6054 -13.6811 25.2371 -12.6577 -45.3757 -36.7614 -23.4255 33.4099 8.8646 -45.7736 -40.9043 -30.4545 -2.7681 20.6258 -28.6861 -44.4908 -35.2754 -20.8446 32.2786 5.1336 -46.2612 -39.9250 -29.0173 8.4110 18.1728 -35.6643
18.3860 5.6757 -29.3569 -40.1184 -46.2254 5.8371 32.6257 -21.2487 -35.4764 -44.6109 -27.1350 21.0545 -4.1361 -30.6094 -41.0196 -45.6837 9.1161 33.3817 -23.5047 -36.7838 -45.3757 -12.8546 25.1259 -13.4536 -32.5204 -42.6543 -41.9198 14.7342 22.6896 -27.4480 -39.1806 -46.2565 3.6148 31.8476 -20.7747 -35.4326 -44.7032 -23.9971 22.4043 -9.0216 -31.5682 -41.9580 -43.9368 12.8263 28.5750 -26.3400 -38.5468 -46.1038 -0.0286 28.1348 8.0820 28.1348 -0.0286 -46.1038 -38.5468 -26.3400 28.5750 12.8263 -43.9368 -41.9580 -31.5682 -9.0216 22.4043 -23.9971 -44.7032 -35.4326 -20.7747 31.8476 3.6148 -46.2565 -39.1806 -27.4480 22.6896 14.7342 -41.9198 -42.6543 -32.5204 -13.4536 25.1259 -12.8546 -45.3757 -36.7838 -23.5047 33.3817 9.1161 -45.6837 -41.0196 -30.6094 -4.1361 21.0545 -27.1350 -44.6109 -35.4764 -21.2487 32.6257 5.8371 -46.2254 -40.1184 -29.3569 5.6757 18.3860
3.0550 -29.6988 -40.3105 -46.1674 6.5105 32.9244 -21.6508 -35.6852 -44.7326 -25.3931 21.5276 -5.5349 -30.7905 -41.1589 -45.5542 9.4657 33.3132 -23.6574 -36.8490 -45.3970 -12.6577 25.1259 -13.3763 -32.4759 -42.6038 -42.1631 14.4861 23.7909 -27.2472 -39.0508 -46.2332 2.9967 31.5042 -20.4188 -35.2493 -44.5893 -25.7619 21.9094 -7.8501 -31.3542 -41.7832 -44.3320 12.2952 29.7844 -26.0060 -38.3562 -46.0533 -0.2402 29.4855 -16.8686 -29.2027 -16.8686 29.4855 -0.2402 -46.0533 -38.3562 -26.0060 29.7844 12.2952 -44.3320 -41.7832 -31.3542 -7.8501 21.9094 -25.7619 -44.5893 -35.2493 -20.4188 31.5042 2.9967 -46.2332 -39.0508 -27.2472 23.7909 14.4861 -42.1631 -42.6038 -32.4759 -13.3763 25.1259 -12.6577 -45.3970 -36.8490 -23.6574 33.3132 9.4657 -45.5542 -41.1589 -30.7905 -5.5349 21.5276 -25.3931 -44.7326 -35.6852 -21.6508 32.9244 6.5105 -46.1674 -40.3105 -29.6988 3.0550
-28.4363 -40.5025 -46.0851 7.1597 33.1628 -22.0464 -35.8952 -44.8549 -23.4903 22.0303 -6.8918 -30.9879 -41.3158 -45.3823 9.8850 33.1781 -23.8715 -36.9523 -45.4371 -12.0782 25.2371 -13.4536 -32.4759 -42.5860 -42.2847 14.3306 24.5319 -27.0924 -38.9462 -46.2079 2.4439 31.1844 -20.0923 -35.0822 -44.4821 -27.3518 21.4428 -6.6183 -31.1480 -41.6124 -44.6749 11.7650 30.7911 -25.6672 -38.1579 -45.9914 -1.0962 29.3771 -18.0932 -33.5298 -40.4141 -33.5298 -18.0932 29.3771 -1.0962 -45.9914 -38.1579 -25.6672 30.7911 11.7650 -44.6749 -41.6124 -31.1480 -6.6183 21.4428 -27.3518 -44.4821 -35.0822 -20.0923 31.1844 2.4439 -46.2079 -38.9462 -27.0924 24.5319 14.3306 -42.2847 -42.5860 -32.4759 -13.4536 25.2371 -12.0782 -45.4371 -36.9523 -23.8715 33.1781 9.8850 -45.3823 -41.3158 -30.9879 -6.8918 22.0303 -23.4903 -44.8549 -35.8952 -22.0464 33.1628 7.1597 -46.0851 -40.5025 -28.4363
-39.3120 -45.9791 7.7914 33.3326 -22.4332 -36.1039 -44.9738 -21.4901 22.5538 -8.1778 -31.1985 -41.4834 -45.1643 10.3551 32.9469 -24.1337 -37.0879 -45.4942 -11.1561 25.4523 -13.6811 -32.5204 -42.6038 -42.2847 14.2797 24.9042 -26.9950 -38.8720 -46.1858 1.9854 30.9080 -19.8088 -34.9350 -44.3830 -28.7323 21.0171 -5.3538 -30.9543 -41.4481 -44.9636 11.2505 31.5935 -25.3296 -37.9573 -45.9229 -2.1922 28.9643 -17.9794 -33.9983 -43.7203 -47.1935 -43.7203 -33.9983 -17.9794 28.9643 -2.1922 -45.9229 -37.9573 -25.3296 31.5935 11.2505 -44.9636 -41.4481 -30.9543 -5.3538 21.0171 -28.7323 -44.3830 -34.9350 -19.8088 30.9080 1.9854 -46.1858 -38.8720 -26.9950 24.9042 14.2797 -42.2847 -42.6038 -32.5204 -13.6811 25.4523 -11.1561 -45.4942 -37.0879 -24.1337 32.9469 10.3551 -45.1643 -41.4834 -31.1985 -8.1778 22.5538 -21.4901 -44.9738 -36.1039 -22.4332 33.3326 7.7914 -45.9791 -39.3120
-45.0597 8.4056 33.4230 -22.8142 -36.3134 -45.0872 -19.4492 23.0842 -9.3631 -31.4164 -41.6592 -44.8978 10.8591 32.5903 -24.4293 -37.2477 -45.5624 -9.9673 25.7592 -14.0356 -32.6054 -42.6543 -42.1631 14.3306 24.9042 -26.9626 -38.8346 -46.1709 1.6570 30.6943 -19.5795 -34.8129 -44.2965 -29.8894 20.6391 -4.0895 -30.7750 -41.2949 -45.2029 10.7572 32.2073 -25.0009 -37.7613 -45.8495 -3.4159 28.4664 -17.5658 -33.9466 -43.7208 -39.3984 5.7018 -39.3984 -43.7208 -33.9466 -17.5658 28.4664 -3.4159 -45.8495 -37.7613 -25.0009 32.2073 10.7572 -45.2029 -41.2949 -30.7750 -4.0895 20.6391 -29.8894 -44.2965 -34.8129 -19.5795 30.6943 1.6570 -46.1709 -38.8346 -26.9626 24.9042 14.3306 -42.1631 -42.6543 -32.6054 -14.0356 25.7592 -9.9673 -45.5624 -37.2477 -24.4293 32.5903 10.8591 -44.8978 -41.6592 -31.4164 -9.3631 23.0842 -19.4492 -45.0872 -36.3134 -22.8142 33.4230 8.4056 -45.0597
8.5265 33.4209 -23.1918 -36.5237 -45.1986 -17.3849 23.6165 -10.4352 -31.6350 -41.8370 -44.5813 11.3857 32.0801 -24.7480 -37.4254 -45.6371 -8.6173 26.1419 -14.4863 -32.7237 -42.7324 -41.9198 14.4861 24.5319 -26.9950 -38.8346 -46.1657 1.4865 30.5609 -19.4178 -34.7221 -44.2277 -30.8094 20.3158 -2.8818 -30.6138 -41.1547 -45.3978 10.2941 32.6571 -24.6855 -37.5741 -45.7742 -4.7213 27.9509 -17.0653 -33.7783 -43.6220 -37.3234 15.7285 32.0542 15.7285 -37.3234 -43.6220 -33.7783 -17.0653 27.9509 -4.7213 -45.7742 -37.5741 -24.6855 32.6571 10.2941 -45.3978 -41.1547 -30.6138 -2.8818 20.3158 -30.8094 -44.2277 -34.7221 -19.4178 30.5609 1.4865 -46.1657 -38.8346 -26.9950 24.5319 14.4861 -41.9198 -42.7324 -32.7237 -14.4863 26.1419 -8.6173 -45.6371 -37.4254 -24.7480 32.0801 11.3857 -44.5813 -41.8370 -31.6350 -10.4352 23.6165 -17.3849 -45.1986 -36.5237 -23.1918 33.4209 8.5265
32.9034 -23.5634 -36.7338 -45.3066 -15.3236 24.1543 -11.4109 -31.8542 -42.0119 -44.2166 11.9220 31.3896 -25.0842 -37.6168 -45.7144 -7.1879 26.5805 -15.0029 -32.8727 -42.8350 -41.5600 14.7342 23.7909 -27.0924 -38.8720 -46.1709 1.4865 30.5162 -19.3348 -34.6660 -44.1790 -31.4712 20.0621 -1.8200 -30.4769 -41.0301 -45.5509 9.8688 32.9707 -24.3908 -37.3965 -45.6997 -6.0681 27.4459 -16.5334 -33.5825 -43.4870 -37.5439 17.1262 19.4343 -21.5468 19.4343 17.1262 -37.5439 -43.4870 -33.5825 -16.5334 27.4459 -6.0681 -45.6997 -37.3965 -24.3908 32.9707 9.8688 -45.5509 -41.0301 -30.4769 -1.8200 20.0621 -31.4712 -44.1790 -34.6660 -19.3348 30.5162 1.4865 -46.1709 -38.8720 -27.0924 23.7909 14.7342 -41.5600 -42.8350 -32.8727 -15.0029 26.5805 -7.1879 -45.7144 -37.6168 -25.0842 31.3896 11.9220 -44.2166 -42.0119 -31.8542 -11.4109 24.1543 -15.3236 -45.3066 -36.7338 -23.5634 32.9034
-23.0616 -36.9429 -45.4097 -13.2992 24.6978 -12.3084 -32.0722 -42.1869 -43.8041 12.4558 30.5085 -25.4290 -37.8167 -45.7941 -5.7482 27.0629 -15.5541 -33.0450 -42.9574 -41.0800 15.0567 22.6896 -27.2472 -38.9462 -46.1858 1.6570 30.5609 -19.3348 -34.6468 -44.1544 -31.8694 19.8900 -0.9967 -30.3690 -40.9275 -45.6675 9.4919 33.1758 -24.1221 -37.2333 -45.6277 -7.4188 26.9654 -15.9925 -33.3859 -43.3453 -38.3182 17.0934 13.1296 -27.7926 -35.4555 -27.7926 13.1296 17.0934 -38.3182 -43.3453 -33.3859 -15.9925 26.9654 -7.4188 -45.6277 -37.2333 -24.1221 33.1758 9.4919 -45.6675 -40.9275 -30.3690 -0.9967 19.8900 -31.8694 -44.1544 -34.6468 -19.3348 30.5609 1.6570 -46.1858 -38.9462 -27.2472 22.6896 15.0567 -41.0800 -42.9574 -33.0450 -15.5541 27.0629 -5.7482 -45.7941 -37.8167 -25.4290 30.5085 12.4558 -43.8041 -42.1869 -32.0722 -12.3084 24.6978 -13.2992 -45.4097 -36.9429 -23.0616
-35.7138 -45.5090 -11.3484 25.2455 -13.1404 -32.2892 -42.3591 -43.3379 12.9884 29.4335 -25.7732 -38.0196 -45.8721 -4.3419 27.5769 -16.1182 -33.2345 -43.0921 -40.4808 15.4452 21.2223 -27.4480 -39.0508 -46.2079 1.9854 30.6943 -19.4178 -34.6660 -44.1544 -32.0047 19.8027 -0.4692 -30.2948 -40.8517 -45.7508 9.1806 33.3003 -23.8858 -37.0893 -45.5593 -8.7374 26.5214 -15.4629 -33.1980 -43.2040 -39.1485 16.7077 13.5945 -28.4907 -39.3609 -45.5095 -39.3609 -28.4907 13.5945 16.7077 -39.1485 -43.2040 -33.1980 -15.4629 26.5214 -8.7374 -45.5593 -37.0893 -23.8858 33.3003 9.1806 -45.7508 -40.8517 -30.2948 -0.4692 19.8027 -32.0047 -44.1544 -34.6660 -19.4178 30.6943 1.9854 -46.2079 -39.0508 -27.4480 21.2223 15.4452 -40.4808 -43.0921 -33.2345 -16.1182 27.5769 -4.3419 -45.8721 -38.0196 -25.7732 29.4335 12.9884 -43.3379 -42.3591 -32.2892 -13.1404 25.2455 -11.3484 -45.5090 -35.7138
-44.4578 -9.5033 25.7953 -13.9149 -32.5075 -42.5276 -42.8168 13.5213 28.1437 -26.1150 -38.2229 -45.9447 -3.0111 28.1073 -16.6856 -33.4366 -43.2354 -39.7659 15.8866 19.3928 -27.6908 -39.1806 -46.2332 2.4439 30.9080 -19.5795 -34.7221 -44.1790 -31.8694 19.8027 -0.2792 -30.2573 -40.8045 -45.8037 8.9479 33.3682 -23.6916 -36.9666 -45.4972 -9.9677 26.1192 -14.9546 -33.0225 -43.0683 -39.9068 16.2529 15.5570 -28.4163 -39.6578 -46.5761 -27.4004 -46.5761 -39.6578 -28.4163 15.5570 16.2529 -39.9068 -43.0683 -33.0225 -14.9546 26.1192 -9.9677 -45.4972 -36.9666 -23.6916 33.3682 8.9479 -45.8037 -40.8045 -30.2573 -0.2792 19.8027 -31.8694 -44.1790 -34.7221 -19.5795 30.9080 2.4439 -46.2332 -39.1806 -27.6908 19.3928 15.8866 -39.7659 -43.2354 -33.4366 -16.6856 28.1073 -3.0111 -45.9447 -38.2229 -26.1150 28.1437 13.5213 -42.8168 -42.5276 -32.5075 -13.9149 25.7953 -9.5033 -44.4578
-8.9484 26.3543 -14.6373 -32.7265 -42.6956 -42.2366 14.0508 26.6311 -26.4565 -38.4247 -46.0137 -1.7828 28.6419 -17.2414 -33.6469 -43.3862 -38.9274 16.3687 17.2150 -27.9654 -39.3325 -46.2565 2.9967 31.1844 -19.8088 -34.8129 -44.2277 -31.4712 19.8900 -0.4692 -30.2573 -40.7878 -45.8300 8.8026 33.4008 -23.5495 -36.8711 -45.4464 -11.0386 25.7708 -14.4846 -32.8642 -42.9445 -40.5652 15.8092 17.6954 -28.1771 -39.5945 -46.2675 2.0811 20.2011 2.0811 -46.2675 -39.5945 -28.1771 17.6954 15.8092 -40.5652 -42.9445 -32.8642 -14.4846 25.7708 -11.0386 -45.4464 -36.8711 -23.5495 33.4008 8.8026 -45.8300 -40.7878 -30.2573 -0.4692 19.8900 -31.4712 -44.2277 -34.8129 -19.8088 31.1844 2.9967 -46.2565 -39.3325 -27.9654 17.2150 16.3687 -38.9274 -43.3862 -33.6469 -17.2414 28.6419 -1.7828 -46.0137 -38.4247 -26.4565 26.6311 14.0508 -42.2366 -42.6956 -32.7265 -14.6373 26.3543 -8.9484
26.6176 -15.3129 -32.9452 -42.8625 -41.5864 14.5799 24.8879 -26.7954 -38.6247 -46.0776 -0.6448 29.1725 -17.7743 -33.8612 -43.5388 -37.9675 16.8882 14.7499 -28.2642 -39.5006 -46.2729 3.6148 31.5042 -20.0923 -34.9350 -44.2965 -30.8094 20.0621 -0.9967 -30.2948 -40.8045 -45.8300 8.7521 33.4132 -23.4602 -36.8053 -45.4071 -11.9010 25.4904 -14.0729 -32.7278 -42.8324 -41.1140 15.4033 19.6636 -27.9121 -39.4561 -46.2746 3.9741 30.5894 -2.4746 30.5894 3.9741 -46.2746 -39.4561 -27.9121 19.6636 15.4033 -41.1140 -42.8324 -32.7278 -14.0729 25.4904 -11.9010 -45.4071 -36.8053 -23.4602 33.4132 8.7521 -45.8300 -40.8045 -30.2948 -0.9967 20.0621 -30.8094 -44.2965 -34.9350 -20.0923 31.5042 3.6148 -46.2729 -39.5006 -28.2642 14.7499 16.8882 -37.9675 -43.5388 -33.8612 -17.7743 29.1725 -0.6448 -46.0776 -38.6247 -26.7954 24.8879 14.5799 -41.5864 -42.8625 -32.9452 -15.3129 26.6176
-15.5389 -33.1630 -43.0269 -40.8618 15.1150 22.8945 -27.1328 -38.8248 -46.1360 0.4046 29.6965 -18.2866 -34.0751 -43.6904 -36.8994 17.4315 12.0713 -28.5829 -39.6794 -46.2780 4.2723 31.8476 -20.4188 -35.0822 -44.3830 -29.8894 20.3158 -1.8200 -30.3690 -40.8517 -45.8037 8.8026 33.4132 -23.4277 -36.7702 -45.3821 -12.5119 25.2813 -13.7394 -32.6176 -42.7374 -41.5537 15.0449 21.3416 -27.6616 -39.3089 -46.2690 3.9248 31.6985 -19.1907 -30.3645 -19.1907 31.6985 3.9248 -46.2690 -39.3089 -27.6616 21.3416 15.0449 -41.5537 -42.7374 -32.6176 -13.7394 25.2813 -12.5119 -45.3821 -36.7702 -23.4277 33.4132 8.8026 -45.8037 -40.8517 -30.3690 -1.8200 20.3158 -29.8894 -44.3830 -35.0822 -20.4188 31.8476 4.2723 -46.2780 -39.6794 -28.5829 12.0713 17.4315 -36.8994 -43.6904 -34.0751 -18.2866 29.6965 0.4046 -46.1360 -38.8248 -27.1328 22.8945 15.1150 -40.8618 -43.0269 -33.1630 -15.5389
-31.8905 -43.1887 -40.0607 15.6549 20.6511 -27.4717 -39.0242 -46.1897 1.3774 30.2077 -18.7779 -34.2882 -43.8388 -35.7288 17.9865 9.2901 -28.9131 -39.8664 -46.2678 4.9472 32.1955 -20.7747 -35.2493 -44.4821 -28.7323 20.6391 -2.8818 -30.4769 -40.9275 -45.7508 8.9479 33.4008 -23.4602 -36.7702 -45.3743 -12.8282 25.1497 -13.5021 -32.5354 -42.6642 -41.8906 14.7433 22.6963 -27.4392 -39.1704 -46.2533 3.4655 31.6734 -20.2634 -34.5306 -41.3584 -34.5306 -20.2634 31.6734 3.4655 -46.2533 -39.1704 -27.4392 22.6963 14.7433 -41.8906 -42.6642 -32.5354 -13.5021 25.1497 -12.8282 -45.3743 -36.7702 -23.4602 33.4008 8.9479 -45.7508 -40.9275 -30.4769 -2.8818 20.6391 -28.7323 -44.4821 -35.2493 -20.7747 32.1955 4.9472 -46.2678 -39.8664 -28.9131 9.2901 17.9865 -35.7288 -43.8388 -34.2882 -18.7779 30.2077 1.3774 -46.1897 -39.0242 -27.4717 20.6511 15.6549 -40.0607 -43.1887 -31.8905
-42.0443 -39.1842 16.1986 18.1842 -27.8118 -39.2230 -46.2342 2.2890 30.7039 -19.2505 -34.5013 -43.9825 -34.4602 18.5537 6.5427 -29.2496 -40.0581 -46.2385 5.6309 32.5329 -21.1464 -35.4326 -44.5893 -27.3518 21.0171 -4.0895 -30.6138 -41.0301 -45.6675 9.1806 33.3682 -23.5495 -36.8053 -45.3821 -12.8282 25.1039 -13.3771 -32.4830 -42.6127 -42.1285 14.5093 23.7382 -27.2497 -39.0487 -46.2315 2.9318 31.4329 -20.2509 -35.0119 -44.4657 -46.6184 -44.4657 -35.0119 -20.2509 31.4329 2.9318 -46.2315 -39.0487 -27.2497 23.7382 14.5093 -42.1285 -42.6127 -32.4830 -13.3771 25.1039 -12.8282 -45.3821 -36.8053 -23.5495 33.3682 9.1806 -45.6675 -41.0301 -30.6138 -4.0895 21.0171 -27.3518 -44.5893 -35.4326 -21.1464 32.5329 5.6309 -46.2385 -40.0581 -29.2496 6.5427 18.5537 -34.4602 -43.9825 -34.5013 -19.2505 30.7039 2.2890 -46.2342 -39.2230 -27.8118 18.1842 16.1986 -39.1842 -42.0443
-38.3112 16.7519 15.5321 -28.1521 -39.4219 -46.2641 3.1410 31.1824 -19.7090 -34.7139 -44.1239 -33.0895 19.1180 3.9200 -29.5885 -40.2501 -46.1875 6.3073 32.8401 -21.5335 -35.6276 -44.7032 -25.7619 21.4428 -5.3538 -30.7750 -41.1547 -45.5509 9.4919 33.3003 -23.6916 -36.8711 -45.4071 -12.5119 25.1497 -13.3771 -32.4648 -42.5856 -42.2737 14.3468 24.4701 -27.1012 -38.9480 -46.2075 2.4227 31.1558 -20.0298 -35.0072 -44.4186 -34.0933 8.6166 -34.0933 -44.4186 -35.0072 -20.0298 31.1558 2.4227 -46.2075 -38.9480 -27.1012 24.4701 14.3468 -42.2737 -42.5856 -32.4648 -13.3771 25.1497 -12.5119 -45.4071 -36.8711 -23.6916 33.3003 9.4919 -45.5509 -41.1547 -30.7750 -5.3538 21.4428 -25.7619 -44.7032 -35.6276 -21.5335 32.8401 6.3073 -46.1875 -40.2501 -29.5885 3.9200 19.1180 -33.0895 -44.1239 -34.7139 -19.7090 31.1824 3.1410 -46.2641 -39.4219 -28.1521 15.5321 16.7519 -38.3112
16.9350 12.7572 -28.4923 -39.6200 -46.2774 3.9461 31.6324 -20.1545 -34.9256 -44.2630 -31.6056 19.6511 1.4974 -29.9125 -40.4403 -46.1137 6.9638 33.0966 -21.9256 -35.8312 -44.8197 -23.9971 21.9094 -6.6183 -30.9543 -41.2949 -45.3978 9.8688 33.1758 -23.8858 -36.9666 -45.4464 -11.9010 25.2813 -13.5021 -32.4830 -42.5856 -42.3247 14.2622 24.9116 -26.9997 -38.8749 -46.1859 1.9864 30.9000 -19.7853 -34.9092 -44.3590 -30.6164 18.3098 33.1857 18.3098 -30.6164 -44.3590 -34.9092 -19.7853 30.9000 1.9864 -46.1859 -38.8749 -26.9997 24.9116 14.2622 -42.3247 -42.5856 -32.4830 -13.5021 25.2813 -11.9010 -45.4464 -36.9666 -23.8858 33.1758 9.8688 -45.3978 -41.2949 -30.9543 -6.6183 21.9094 -23.9971 -44.8197 -35.8312 -21.9256 33.0966 6.9638 -46.1137 -40.4403 -29.9125 1.4974 19.6511 -31.6056 -44.2630 -34.9256 -20.1545 31.6324 3.9461 -46.2774 -39.6200 -28.4923 12.7572 16.9350
9.7375 -28.8323 -39.8169 -46.2724 4.7139 32.0502 -20.5861 -35.1374 -44.3981 -30.0183 20.1635 -0.6997 -30.1780 -40.6292 -46.0152 7.5958 33.2887 -22.3134 -36.0395 -44.9366 -22.0875 22.4043 -7.8501 -31.1480 -41.4481 -45.2029 10.2941 32.9707 -24.1221 -37.0893 -45.4972 -11.0386 25.4904 -13.7394 -32.5354 -42.6127 -42.2737 14.2622 25.0652 -26.9482 -38.8299 -46.1704 1.6546 30.6935 -19.5733 -34.8053 -44.2870 -30.4216 20.0063 5.6655 -23.7191 5.6655 20.0063 -30.4216 -44.2870 -34.8053 -19.5733 30.6935 1.6546 -46.1704 -38.8299 -26.9482 25.0652 14.2622 -42.2737 -42.6127 -32.5354 -13.7394 25.4904 -11.0386 -45.4972 -37.0893 -24.1221 32.9707 10.2941 -45.2029 -41.4481 -31.1480 -7.8501 22.4043 -22.0875 -44.9366 -36.0395 -22.3134 33.2887 7.5958 -46.0152 -40.6292 -30.1780 -0.6997 20.1635 -30.0183 -44.3981 -35.1374 -20.5861 32.0502 4.7139 -46.2724 -39.8169 -28.8323 9.7375
-27.6997 -40.0122 -46.2477 5.4440 32.4307 -21.0074 -35.3501 -44.5294 -28.3281 20.6778 -2.6805 -30.4003 -40.8171 -45.8894 8.2066 33.4040 -22.6971 -36.2481 -45.0526 -20.0670 22.9220 -9.0216 -31.3542 -41.6124 -44.9636 10.7572 32.6571 -24.3908 -37.2333 -45.5593 -9.9677 25.7708 -14.0729 -32.6176 -42.6642 -42.1285 14.3468 24.9116 -26.9482 -38.8141 -46.1625 1.4483 30.5504 -19.4118 -34.7179 -44.2226 -30.9697 20.1523 -0.7129 -29.5143 -36.5985 -29.5143 -0.7129 20.1523 -30.9697 -44.2226 -34.7179 -19.4118 30.5504 1.4483 -46.1625 -38.8141 -26.9482 24.9116 14.3468 -42.1285 -42.6642 -32.6176 -14.0729 25.7708 -9.9677 -45.5593 -37.2333 -24.3908 32.6571 10.7572 -44.9636 -41.6124 -31.3542 -9.0216 22.9220 -20.0670 -45.0526 -36.2481 -22.6971 33.4040 8.2066 -45.8894 -40.8171 -30.4003 -2.6805 20.6778 -28.3281 -44.5294 -35.3501 -21.0074 32.4307 5.4440 -46.2477 -40.0122 -27.6997
-38.8156 -46.2036 6.1413 32.7631 -21.4209 -35.5633 -44.6592 -26.5297 21.1942 -4.4428 -30.6226 -41.0028 -45.7349 8.8031 33.4325 -23.0730 -36.4566 -45.1642 -18.0099 23.4553 -10.1170 -31.5682 -41.7832 -44.6749 11.2505 32.2073 -24.6855 -37.3965 -45.6277 -8.7374 26.1192 -14.4846 -32.7278 -42.7374 -41.8906 14.5093 24.4701 -26.9997 -38.8299 -46.1625 1.3790 30.4781 -19.3088 -34.6568 -44.1749 -31.5446 20.0076 -1.1947 -30.2271 -40.4698 -46.2460 -40.4697 -30.2271 -1.1935 20.0069 -31.5450 -44.1749 -34.6568 -19.3088 30.4781 1.3790 -46.1625 -38.8299 -26.9997 24.4701 14.5093 -41.8906 -42.7374 -32.7278 -14.4846 26.1192 -8.7374 -45.6277 -37.3965 -24.6855 32.2073 11.2505 -44.6749 -41.7832 -31.5682 -10.1170 23.4553 -18.0099 -45.1642 -36.4566 -23.0730 33.4325 8.8031 -45.7349 -41.0028 -30.6226 -4.4428 21.1942 -26.5297 -44.6592 -35.5633 -21.4209 32.7631 6.1413 -46.2036 -38.8156
-45.2700 6.8102 33.0392 -21.8250 -35.7760 -44.7860 -24.6295 21.7168 -6.0108 -30.8450 -41.1870 -45.5494 9.3839 33.3622 -23.4420 -36.6646 -45.2713 -15.9590 23.9911 -11.1246 -31.7858 -41.9580 -44.3320 11.7650 31.5935 -25.0009 -37.5741 -45.6997 -7.4188 26.5214 -14.9546 -32.8642 -42.8324 -41.5537 14.7433 23.7382 -27.1012 -38.8749 -46.1704 1.4483 30.4781 -19.2729 -34.6261 -44.1466 -31.9642 19.8547 -0.7503 -30.2966 -40.7838 -46.3550 -16.1535 -46.3553 -40.7826 -30.2948 -0.7315 19.8513 -31.9667 -44.1458 -34.6266 -19.2729 30.4781 1.4483 -46.1704 -38.8749 -27.1012 23.7382 14.7433 -41.5537 -42.8324 -32.8642 -14.9546 26.5214 -7.4188 -45.6997 -37.5741 -25.0009 31.5935 11.7650 -44.3320 -41.9580 -31.7858 -11.1246 23.9911 -15.9590 -45.2713 -36.6646 -23.4420 33.3622 9.3839 -45.5494 -41.1870 -30.8450 -6.0108 21.7168 -24.6295 -44.7860 -35.7760 -21.8250 33.0392 6.8102 -45.2700
6.9402 33.2496 -22.2207 -35.9881 -44.9079 -22.6427 22.2459 -7.4178 -31.0660 -41.3699 -45.3296 9.9508 33.1805 -23.8075 -36.8715 -45.3749 -13.9351 24.5282 -12.0439 -32.0042 -42.1322 -43.9368 12.2952 30.7911 -25.3296 -37.7613 -45.7742 -6.0681 26.9654 -15.4629 -33.0225 -42.9445 -41.1140 15.0449 22.6963 -27.2497 -38.9480 -46.1859 1.6546 30.5504 -19.3088 -34.6261 -44.1374 -32.2282 19.7421 -0.2925 -30.2665 -40.8021 -45.8984 6.5532 23.3009 6.5196 -45.9059 -40.8047 -30.2584 -0.1836 19.7384 -32.1599 -44.1313 -34.6271 -19.3089 30.5504 1.6546 -46.1859 -38.9480 -27.2497 22.6963 15.0449 -41.1140 -42.9445 -33.0225 -15.4629 26.9654 -6.0681 -45.7742 -37.7613 -25.3296 30.7911 12.2952 -43.9368 -42.1322 -32.0042 -12.0439 24.5282 -13.9351 -45.3749 -36.8715 -23.8075 33.1805 9.9508 -45.3296 -41.3699 -31.0660 -7.4178 22.2459 -22.6427 -44.9079 -35.9881 -22.2207 33.2496 6.9402
32.9994 -22.6078 -36.1994 -45.0257 -20.5986 22.7796 -8.6852 -31.2857 -41.5504 -45.0740 10.5092 32.8751 -24.1653 -37.0784 -45.4737 -11.9838 25.0696 -12.8858 -32.2216 -42.3052 -43.4899 12.8263 29.7844 -25.6672 -37.9573 -45.8495 -4.7213 27.4459 -15.9925 -33.1980 -43.0683 -40.5652 15.4033 21.3416 -27.4392 -39.0487 -46.2075 1.9864 30.6935 -19.4118 -34.6568 -44.1466 -32.2278 19.6373 0.2214 -30.3074 -40.8122 -45.8764 8.4941 33.1271 -11.1729 33.0168 8.3961 -45.9108 -40.8041 -30.2186 -0.4081 19.9033 -31.6447 -44.1418 -34.6573 -19.4120 30.6935 1.9864 -46.2075 -39.0487 -27.4392 21.3416 15.4033 -40.5652 -43.0683 -33.1980 -15.9925 27.4459 -4.7213 -45.8495 -37.9573 -25.6672 29.7844 12.8263 -43.4899 -42.3052 -32.2216 -12.8858 25.0696 -11.9838 -45.4737 -37.0784 -24.1653 32.8751 10.5092 -45.0740 -41.5504 -31.2857 -8.6852 22.7796 -20.5986 -45.0257 -36.1994 -22.6078 32.9994
-22.1965 -36.4092 -45.1390 -18.5252 23.3160 -9.8300 -31.5061 -41.7301 -44.7799 11.0550 32.4335 -24.5175 -37.2831 -45.5674 -10.1329 25.6083 -13.6630 -32.4370 -42.4753 -42.9910 13.3519 28.5750 -26.0060 -38.1579 -45.9229 -3.4159 27.9509 -16.5334 -33.3859 -43.2040 -39.9068 15.8092 19.6636 -27.6616 -39.1704 -46.2315 2.4227 30.9000 -19.5733 -34.7179 -44.1749 -31.9642 19.7454 0.9018 -30.2801 -40.7629 -45.7290 8.8241 33.4134 -22.1429 -31.7630 -21.9852 33.4604 8.6258 -45.9019 -40.7273 -30.1102 0.7002 19.7459 -31.9508 -44.1754 -34.7179 -19.5735 30.9000 2.4227 -46.2315 -39.1704 -27.6616 19.6636 15.8092 -39.9068 -43.2040 -33.3859 -16.5334 27.9509 -3.4159 -45.9229 -38.1579 -26.0060 28.5750 13.3519 -42.9910 -42.4753 -32.4370 -13.6630 25.6083 -10.1329 -45.5674 -37.2831 -24.5175 32.4335 11.0550 -44.7799 -41.7301 -31.5061 -9.8300 23.3160 -18.5252 -45.1390 -36.4092 -22.1965
-35.1724 -45.2486 -16.4803 23.8470 -10.8535 -31.7239 -41.9080 -44.4464 11.5873 31.8490 -24.8640 -37.4837 -45.6564 -8.4086 26.1393 -14.3791 -32.6492 -42.6402 -42.4431 13.8699 27.1707 -26.3400 -38.3562 -45.9914 -2.1922 28.4664 -17.0653 -33.5825 -43.3453 -39.1485 16.2529 17.6954 -27.9121 -39.3089 -46.2533 2.9318 31.1558 -19.7853 -34.8053 -44.2226 -31.5450 19.8527 -0.2340 -30.2260 -40.7743 -45.9267 8.5026 33.4177 -23.1250 -36.0335 -42.6725 -35.9603 -23.0400 33.3727 8.4978 -45.8229 -40.6845 -30.2558 -0.6060 19.8620 -31.5426 -44.2226 -34.8053 -19.7853 31.1558 2.9318 -46.2533 -39.3089 -27.9121 17.6954 16.2529 -39.1485 -43.3453 -33.5825 -17.0653 28.4664 -2.1922 -45.9914 -38.3562 -26.3400 27.1707 13.8699 -42.4431 -42.6402 -32.6492 -14.3791 26.1393 -8.4086 -45.6564 -37.4837 -24.8640 31.8490 11.5873 -44.4464 -41.9080 -31.7239 -10.8535 23.8470 -16.4803 -45.2486 -35.1724
