-37.1207 5.9575 -27.5053 -48.7060 -6.0403 -41.9927 21.4131 -33.1667 -29.1037 -22.0553 -47.1805 33.3598 -38.1055 9.2000 -28.5919 -48.0767 -11.7719 -43.0637 24.4801 -34.2366 -17.7923 -23.5805 -47.9592 29.9531 -39.0307 12.3398 -29.7336 -46.4575 -15.4755 -44.1506 27.6627 -35.2747 -6.8541 -24.9667 -48.5342 20.4760 -39.9584 15.2924 -30.8707 -43.3437 -18.1272 -45.2111 30.6778 -36.2405 0.5517 -26.2407 -48.7872 4.8784 -41.0394 19.2907 -32.9828 -23.9565 -24.8945 -48.7855 -13.5093 -44.9720 33.6949 -41.6873 32.7641 -46.1690 -19.1622 -42.1965 -31.0953 15.7547 -40.0941 18.5834 -48.5934 -25.1503 -5.6000 -35.4158 28.1052 -44.3014 -15.8956 -46.1244 -29.8927 12.7615 -39.1610 29.0319 -48.0547 -23.7846 -16.1043 -34.3856 24.9276 -43.2180 -12.3916 -47.9173 -28.7542 9.6638 -38.2356 33.1567 -47.3004 -22.2828 -27.6312 -33.3209 21.8443 -42.1473 -7.0861 -48.6562 -27.6667 6.5039 -37.2579
5.9575 -28.2066 -48.5819 -4.5541 -42.1023 21.8775 -33.8218 -25.6590 -22.8348 -47.4199 34.9361 -38.5326 9.9736 -29.3904 -47.6521 -11.4789 -43.2352 25.0007 -34.8628 -14.0352 -24.4529 -48.1693 32.3410 -39.3926 12.9736 -30.4977 -45.6065 -15.6469 -44.3582 28.2566 -35.8533 -4.2188 -25.8790 -48.6810 23.8274 -40.2345 15.8459 -31.6027 -41.8534 -18.5765 -45.4441 31.4293 -36.7598 2.1256 -27.1225 -48.8243 8.5053 -41.1024 19.2378 -33.2208 -27.4256 -24.4149 -48.6804 -12.6371 -46.1852 33.9515 -38.8992 20.7645 -39.0266 34.1205 -45.9460 -19.2991 -40.8203 -31.7922 16.2697 -40.3536 22.0557 -48.7273 -26.0639 -3.1502 -35.9872 28.7179 -44.5125 -16.1113 -45.1957 -30.6525 13.3790 -39.5134 31.5536 -48.2577 -24.6649 -12.4363 -35.0052 25.4537 -43.3955 -12.1848 -47.4433 -29.5478 10.4134 -38.6544 34.8284 -47.5376 -23.0782 -24.0783 -33.9719 22.3115 -42.2631 -5.8058 -48.5049 -28.3615 6.5039
-27.5053 -48.5819 -5.3515 -42.2683 22.4335 -34.0423 -23.1868 -23.2212 -47.6137 34.7136 -38.7814 10.7244 -29.6582 -47.2754 -12.6620 -43.5104 25.7887 -35.1230 -11.3109 -24.8174 -48.3208 30.9012 -39.6512 13.6812 -30.7683 -44.8720 -16.4449 -44.6277 29.0549 -36.1020 -2.3928 -26.1971 -48.7571 20.6418 -40.4994 16.5502 -31.8742 -40.5876 -19.1806 -45.7009 32.1441 -36.9955 3.3119 -27.3927 -48.7894 4.9816 -41.3357 19.6958 -33.2552 -28.6560 -23.8191 -48.5255 -13.5976 -48.1475 -16.0495 -37.2861 12.3073 -33.9375 12.3625 -38.1308 33.9604 -46.1240 -19.8322 -39.4685 -32.0611 16.9685 -40.6175 18.6259 -48.7890 -26.3757 -1.4369 -36.2326 29.5098 -44.7813 -16.8758 -44.4000 -30.9247 14.0852 -39.7723 29.8946 -48.4000 -25.0219 -9.8203 -35.2641 26.2448 -43.6703 -13.2933 -47.0263 -29.8151 11.1539 -38.9034 34.4760 -47.7250 -23.4568 -21.5513 -34.1920 22.8749 -42.4295 -6.5332 -48.5049 -27.6667
-48.7060 -4.5541 -42.2683 22.6486 -34.1686 -21.3405 -23.5240 -47.7735 34.3179 -38.9779 11.4280 -29.9189 -46.8365 -13.7088 -43.7813 26.5706 -35.3649 -8.8024 -25.1679 -48.4559 29.0712 -39.8601 14.3798 -31.0370 -44.0306 -17.1797 -44.8931 29.8400 -36.3274 -0.7741 -26.5048 -48.8083 17.0721 -40.7014 17.2496 -32.1414 -39.1669 -19.7493 -45.9518 32.8109 -37.2093 4.3990 -27.6648 -48.7483 1.6204 -41.5140 20.2941 -33.3836 -28.5009 -23.3690 -48.2354 -8.7908 -48.0332 -23.8324 -1.5296 -46.5620 -24.8995 -33.6710 -31.0709 10.9695 -38.7498 34.8267 -46.4507 -20.4355 -37.8791 -32.3301 17.6745 -40.8164 14.8724 -48.8256 -26.6768 0.0882 -36.4537 30.2845 -45.0462 -17.5830 -43.4930 -31.1939 14.7844 -39.9795 27.8319 -48.5252 -25.3667 -7.4380 -35.5045 27.0315 -43.9394 -14.2752 -46.5437 -30.0743 11.8468 -39.0994 33.9491 -47.8789 -23.7536 -19.6691 -34.3170 23.0922 -42.4295 -5.8058 -48.6562
-6.0403 -42.1023 22.4335 -34.1686 -20.6489 -23.6942 -47.8808 33.8674 -39.1401 12.0344 -30.1555 -46.3537 -14.6179 -44.0435 27.3394 -35.5987 -6.5501 -25.5036 -48.5726 26.8544 -40.0663 15.0733 -31.3048 -43.0745 -17.8624 -45.1551 30.6062 -36.5452 0.6739 -26.8008 -48.8326 13.2367 -40.8977 17.9508 -32.4073 -37.5841 -20.2880 -46.1975 33.4172 -37.4217 5.4052 -27.9368 -48.6962 -1.3610 -41.7477 20.9690 -33.5706 -27.4170 -23.1284 -47.9583 8.4365 -45.7204 -14.8859 -43.8461 -33.4275 34.8433 -47.8064 -20.7001 -42.1565 -32.0042 19.3420 -40.1529 35.0858 -46.7490 -20.9699 -36.1466 -32.5949 18.3805 -41.0123 10.9697 -48.8344 -26.9658 1.4518 -36.6684 31.0380 -45.3062 -18.2398 -42.4618 -31.4615 15.4771 -40.1843 25.3573 -48.6314 -25.6969 -5.3168 -35.7364 27.8012 -44.1994 -15.1325 -46.0146 -30.3108 12.4477 -39.2621 33.3839 -47.9828 -23.9204 -18.9623 -34.3170 22.8749 -42.2631 -7.0861
-41.9927 21.8775 -34.0423 -21.3405 -23.6942 -47.9189 33.5557 -39.2508 12.4901 -30.3492 -45.8745 -15.3656 -44.2842 28.0731 -35.8214 -4.5755 -25.8219 -48.6686 24.2502 -40.2690 15.7616 -31.5716 -41.9876 -18.5019 -45.4134 31.3493 -36.7586 1.9866 -27.0850 -48.8284 9.3308 -41.0910 18.6570 -32.6723 -35.8179 -20.8020 -46.4379 33.9511 -37.6349 6.3514 -28.2081 -48.6061 -3.9266 -42.0251 21.6850 -33.7932 -25.6126 -23.1369 -47.8190 26.1992 -43.1668 31.0602 -47.5800 -24.3127 0.7662 -38.3080 34.6438 -45.9980 -19.4239 -20.3888 -39.3339 27.8102 -40.9660 34.7912 -46.9516 -21.4147 -34.2883 -32.8545 19.0895 -41.2053 7.1085 -48.8122 -27.2439 2.6896 -36.8802 31.7633 -45.5624 -18.8570 -41.2933 -31.7264 16.1630 -40.3844 22.4924 -48.7171 -26.0087 -3.4689 -35.9558 28.5339 -44.4401 -15.8468 -45.4913 -30.5049 12.8997 -39.3735 33.0047 -48.0196 -23.9204 -19.6691 -34.1920 22.3115 -42.1473
21.4131 -33.8218 -23.1868 -23.5240 -47.8808 33.5557 -39.2905 12.7404 -30.4787 -45.4754 -15.9374 -44.4899 28.7240 -36.0223 -2.9016 -26.1165 -48.7435 21.2988 -40.4634 16.4359 -31.8343 -40.7702 -19.1008 -45.6673 32.0575 -36.9692 3.1802 -27.3596 -48.7930 5.5513 -41.2820 19.3697 -32.9366 -33.8552 -21.2938 -46.6725 34.3955 -37.8483 7.2441 -28.4784 -48.4739 -6.1130 -42.3033 22.4269 -34.0360 -23.2865 -23.3311 -47.7859 31.8324 -41.3118 29.7620 -42.1590 13.6874 -48.8400 -27.7725 5.3343 -36.0287 20.7213 -36.0891 -47.0457 0.7671 -42.2862 27.9841 -40.7320 34.7710 -47.0879 -21.8069 -32.2760 -33.1115 19.8042 -41.3945 3.4910 -48.7736 -27.5159 3.8220 -37.0915 32.4494 -45.8143 -19.4357 -39.9897 -31.9873 16.8388 -40.5795 19.3123 -48.7795 -26.2967 -1.9055 -36.1544 29.1833 -44.6456 -16.3911 -45.0574 -30.6342 13.1466 -39.4140 33.0047 -47.9828 -23.7536 -21.5513 -33.9719 21.8443
-33.1667 -25.6590 -23.2212 -47.7735 33.8674 -39.2508 12.7404 -30.5242 -45.2453 -16.2999 -44.6426 29.2459 -36.1891 -1.5553 -26.3760 -48.7952 18.1577 -40.6490 17.0919 -32.0888 -39.4372 -19.6595 -45.9139 32.7172 -37.1783 4.2630 -27.6284 -48.7526 2.0847 -41.4706 20.0899 -33.2006 -31.6928 -21.7658 -46.9017 34.7295 -38.0612 8.0896 -28.7483 -48.2952 -7.9858 -42.5811 23.1828 -34.2869 -20.6236 -23.6316 -47.8570 33.0785 -40.1948 21.0286 -37.8573 25.9276 -42.6314 -2.5346 -48.8114 -26.2342 -22.7377 -30.4480 -18.4702 -22.5201 -46.9601 34.2822 -39.4239 22.4248 -40.0570 34.8391 -47.2146 -22.1872 -30.0813 -33.3687 20.5263 -41.6081 0.2597 -48.7294 -27.7857 4.8604 -37.3014 33.0823 -46.0586 -19.9763 -38.5587 -32.2413 17.4968 -40.7639 16.0083 -48.8183 -26.5504 -0.6514 -36.3190 29.6976 -44.7974 -16.7355 -44.8047 -30.6797 13.1466 -39.3735 33.3839 -47.8789 -23.4568 -24.0783 -33.3209
-29.1037 -22.8348 -47.6137 34.3179 -39.1401 12.4901 -30.4787 -45.2453 -16.4223 -44.7243 29.5881 -36.3102 -0.5680 -26.5871 -48.8247 15.1163 -40.8178 17.7116 -32.3298 -38.0028 -20.1734 -46.1501 33.3148 -37.3854 5.2531 -27.8943 -48.7059 -0.9441 -41.7041 20.8178 -33.4622 -29.3355 -22.2212 -47.1235 34.9300 -38.2740 8.9009 -29.0177 -48.0645 -9.5997 -42.8586 23.9490 -34.5394 -17.7946 -23.9788 -47.9837 33.0264 -39.7185 16.5787 -34.8080 10.1148 -36.5535 25.2556 -42.3998 11.2816 -48.2010 -19.4642 -48.7873 -20.0068 -48.0166 30.4656 -40.8776 19.8664 -36.6144 18.1127 -39.5719 34.8067 -47.3598 -22.5751 -27.6769 -33.6263 21.2573 -41.8666 -2.5280 -48.6616 -28.0522 5.8156 -37.5092 33.6418 -46.2917 -20.4752 -37.0282 -32.4820 18.1188 -40.9305 12.8837 -48.8362 -26.7576 0.2710 -36.4374 30.0366 -44.8786 -16.8535 -44.8047 -30.6342 12.8997 -39.2621 33.9491 -47.7250 -23.0782 -27.6312
-22.0553 -47.4199 34.7136 -38.9779 12.0344 -30.3492 -45.4754 -16.2999 -44.7243 29.7060 -36.3751 0.0389 -26.7376 -48.8372 12.4958 -40.9613 18.2696 -32.5501 -36.5214 -20.6375 -46.3719 33.8279 -37.5883 6.1699 -28.1567 -48.6243 -3.5210 -41.9791 21.5499 -33.7210 -26.7993 -22.6570 -47.3359 34.9718 -38.4868 9.6831 -29.2871 -47.7753 -11.0047 -43.1368 24.7249 -34.7909 -14.9460 -24.3412 -48.1293 32.3606 -39.6120 14.7489 -32.9018 -9.6707 -31.2617 3.5003 -35.6527 21.8032 -40.7365 35.0062 -44.5956 21.2835 -45.1196 34.6054 -41.2675 21.7872 -36.1137 9.1310 -34.7343 15.6191 -39.3391 34.6565 -47.5250 -22.9716 -25.0732 -33.8823 21.9948 -42.1425 -4.8865 -48.5571 -28.3137 6.6983 -37.7115 34.1094 -46.5102 -20.9273 -35.4582 -32.7021 18.6797 -41.0740 10.2252 -48.8389 -26.9051 0.8440 -36.5013 30.1560 -44.8786 -16.7355 -45.0574 -30.5049 12.4477 -39.0994 34.4760 -47.5376 -22.2828
-47.1805 34.9361 -38.7814 11.4280 -30.1555 -45.8745 -15.9374 -44.6426 29.5881 -36.3751 0.2475 -26.8181 -48.8398 10.5632 -41.0738 18.7339 -32.7390 -35.0812 -21.0451 -46.5727 34.2435 -37.7821 7.0054 -28.4113 -48.5069 -5.6952 -42.2496 22.2803 -33.9754 -24.1279 -23.0730 -47.5379 34.8263 -38.6994 10.4415 -29.5578 -47.4230 -12.2449 -43.4136 25.5128 -35.0399 -12.1866 -24.7029 -48.2768 31.2153 -39.6842 14.3072 -31.8349 -32.8481 -26.4615 -43.1374 -28.6811 -5.4993 -34.1059 15.4436 -38.1789 25.8034 -40.2215 28.3641 -39.5971 20.4529 -36.2701 7.9630 -33.0166 -1.1338 -33.5609 14.4053 -39.2926 34.3309 -47.7022 -23.3704 -22.3172 -34.1351 22.7332 -42.4131 -6.8596 -48.4146 -28.5672 7.5050 -37.9043 34.4764 -46.7083 -21.3252 -33.9282 -32.8921 19.1474 -41.1864 8.3066 -48.8348 -26.9839 1.0419 -36.5013 30.0366 -44.7974 -16.3911 -45.4913 -30.3108 11.8468 -38.9034 34.8284 -47.3004
33.3598 -38.5326 10.7244 -29.9189 -46.3537 -15.3656 -44.4899 29.2459 -36.3102 0.0389 -26.8181 -48.8396 9.5294 -41.1457 19.0702 -32.8857 -33.8081 -21.3831 -46.7467 34.5530 -37.9595 7.7496 -28.6518 -48.3550 -7.5063 -42.5127 23.0038 -34.2236 -21.3798 -23.4715 -47.7281 34.4661 -38.9116 11.1841 -29.8314 -46.9980 -13.3597 -43.6898 26.3109 -35.2870 -9.5876 -25.0583 -48.4150 29.6121 -39.8370 14.5200 -31.4590 -39.8037 -22.6143 -48.7254 -19.4799 -48.2474 -26.5441 -22.8388 -32.2841 8.6096 -35.9060 16.6165 -37.2816 16.7638 -36.1730 9.8733 -33.4726 -6.9056 -30.9116 -13.8566 -32.7841 13.9978 -39.3706 33.7372 -47.8829 -23.7681 -19.4627 -34.3856 23.4637 -42.6756 -8.5076 -48.2360 -28.8078 8.2317 -38.0830 34.7317 -46.8799 -21.6563 -32.5769 -33.0393 19.4883 -41.2576 7.2986 -48.8321 -26.9839 0.8440 -36.4374 29.6976 -44.6456 -15.8468 -46.0146 -30.0743 11.1539 -38.6544 33.1567
-38.1055 9.9736 -29.6582 -46.8365 -14.6179 -44.2842 28.7240 -36.1891 -0.5680 -26.7376 -48.8398 9.5294 -41.1702 19.2492 -32.9798 -32.8476 -21.6385 -46.8887 34.7567 -38.1144 8.3947 -28.8712 -48.1757 -8.9906 -42.7628 23.7075 -34.4625 -18.6274 -23.8505 -47.9062 33.8677 -39.1214 11.9152 -30.1119 -46.4733 -14.4093 -43.9775 27.1428 -35.5391 -7.1581 -25.4111 -48.5391 27.5197 -40.0229 15.0232 -31.4511 -41.4205 -20.4287 -47.4496 4.4594 -46.3431 -12.2163 -48.7663 -24.9407 -33.0873 -31.6423 6.4847 -35.6631 14.9794 -36.5346 13.7469 -35.2096 5.7398 -32.0091 -25.9821 -29.0275 -24.5803 -32.3391 14.1660 -39.5498 32.7265 -48.0629 -24.1673 -16.6086 -34.6292 24.1756 -42.9261 -9.8793 -48.0306 -29.0281 8.8652 -38.2391 34.8820 -47.0179 -21.9076 -31.5632 -33.1327 19.6655 -41.2812 7.2986 -48.8348 -26.9051 0.2710 -36.3190 29.1833 -44.4401 -15.1325 -46.5437 -29.8151 10.4134 -38.2356
9.2000 -29.3904 -47.2754 -13.7088 -44.0435 28.0731 -36.0223 -1.5553 -26.5871 -48.8372 10.5632 -41.1457 19.2492 -33.0119 -32.3304 -21.7968 -46.9875 34.8721 -38.2418 8.9239 -29.0625 -47.9821 -10.1895 -42.9944 24.3750 -34.6871 -15.9844 -24.2063 -48.0687 33.0124 -39.3272 12.6294 -30.4022 -45.8050 -15.4886 -44.3153 28.1260 -35.8238 -4.7629 -25.7775 -48.6486 24.8618 -40.2268 15.6594 -31.6165 -41.2974 -19.6369 -46.5999 33.2863 -42.5048 35.1764 -44.7558 -6.9999 -48.7441 -25.4361 -22.0435 -33.7409 16.4626 -38.0812 20.8823 -37.9797 17.5340 -35.8261 3.8983 -30.3643 -40.1822 -27.1776 -30.2870 -32.2732 14.9123 -39.8429 31.0008 -48.2380 -24.5659 -13.8718 -34.8591 24.8521 -43.1580 -10.9968 -47.8113 -29.2192 9.3833 -38.3651 34.9518 -47.1144 -22.0620 -31.0156 -33.1651 19.6655 -41.2576 8.3066 -48.8389 -26.7576 -0.6514 -36.1544 28.5339 -44.1994 -14.2752 -47.0263 -29.5478 9.6638
-28.5919 -47.6521 -12.6620 -43.7813 27.3394 -35.8214 -2.9016 -26.3760 -48.8247 12.4958 -41.0738 19.0702 -32.9798 -32.3304 -21.8495 -47.0363 34.9236 -38.3325 9.3225 -29.2183 -47.7922 -11.1378 -43.1999 24.9885 -34.8930 -13.5787 -24.5344 -48.2134 31.9006 -39.5258 13.3167 -30.6931 -44.9600 -16.6787 -44.8160 29.6784 -36.2344 -1.9108 -26.2267 -48.7434 21.3522 -40.4482 16.3766 -31.8656 -40.3410 -19.7069 -46.2940 35.0424 -40.2075 24.8762 -39.9633 33.3721 -44.5302 -10.2977 -48.4560 -28.5087 8.5602 -40.1222 32.6406 -41.5997 31.4192 -40.6644 23.9901 -35.4617 -8.8726 -27.1907 -46.9447 -25.7859 -30.0883 -32.7530 16.4108 -40.2863 28.0394 -48.3972 -24.9516 -11.4036 -35.0685 25.4744 -43.3645 -11.8759 -47.5982 -29.3739 9.7702 -38.4543 34.9724 -47.1629 -22.1126 -31.0156 -33.1327 19.4883 -41.1864 10.2252 -48.8362 -26.5504 -1.9055 -35.9558 27.8012 -43.9394 -13.2933 -47.4433 -28.7542
-48.0767 -11.4789 -43.5104 26.5706 -35.5987 -4.5755 -26.1165 -48.7952 15.1163 -40.9613 18.7339 -32.8857 -32.8476 -21.7968 -47.0363 34.9370 -38.3783 9.5685 -29.3278 -47.6294 -11.8521 -43.3730 25.5254 -35.0740 -11.4912 -24.8277 -48.3385 30.5672 -39.7122 13.9637 -30.9654 -43.9876 -17.8471 -45.5079 33.0478 -37.1527 2.5790 -26.9456 -48.8177 15.9668 -40.7032 17.1968 -32.1616 -38.8113 -20.2260 -46.4139 34.8569 -39.1951 17.3406 -36.2101 17.0446 -39.0364 33.2231 -45.2111 -15.5155 -45.1415 -29.5288 6.6167 -46.6355 16.1755 -45.2861 23.1043 -43.7317 18.0195 -31.6596 -43.0955 -22.4871 -48.4600 -26.0170 -20.1285 -33.9003 18.9631 -40.9257 23.1337 -48.5216 -25.3001 -9.3427 -35.2484 26.0110 -43.5360 -12.5328 -47.4183 -29.4832 10.0093 -38.5001 34.9752 -47.1629 -22.0620 -31.5632 -33.0393 19.1474 -41.0740 12.8837 -48.8183 -26.2967 -3.4689 -35.7364 27.0315 -43.6703 -12.1848 -47.9173
-11.7719 -43.2352 25.7887 -35.3649 -6.5501 -25.8219 -48.7435 18.1577 -40.8178 18.2696 -32.7390 -33.8081 -21.6385 -46.9875 34.9236 -38.3783 9.6505 -29.3824 -47.5218 -12.3222 -43.5058 25.9625 -35.2247 -9.7677 -25.0813 -48.4420 29.0881 -39.8843 14.5552 -31.2038 -43.0307 -18.7234 -46.1211 35.1771 -40.2591 10.9179 -28.3012 -48.7882 7.1158 -41.0063 18.1491 -32.4758 -36.8231 -20.9290 -46.7700 35.0982 -39.4685 15.7773 -34.3555 4.5138 -34.1255 14.0310 -38.6425 32.0899 -44.1289 12.7154 -43.9911 -4.8834 -23.3525 -48.5886 -16.6753 -48.9007 -16.7903 -34.6244 -17.2472 -24.1049 -48.7455 -19.4951 -47.7486 -28.5282 -0.8402 -35.6149 22.9794 -41.7718 16.2402 -48.5957 -25.5720 -7.7899 -35.3912 26.4381 -43.6662 -12.9680 -47.2977 -29.5389 10.0906 -38.5001 34.9724 -47.1144 -21.9076 -32.5769 -32.8921 18.6797 -40.9305 16.0083 -48.7795 -26.0087 -5.3168 -35.5045 26.2448 -43.3955 -12.3916
-43.0637 25.0007 -35.1230 -8.8024 -25.5036 -48.6686 21.2988 -40.6490 17.7116 -32.5501 -35.0812 -21.3831 -46.8887 34.8721 -38.3325 9.5685 -29.3824 -47.4850 -12.5442 -43.5871 26.2708 -35.3405 -8.4427 -25.2896 -48.5231 27.5516 -40.0378 15.0870 -31.4043 -42.2068 -19.1983 -46.4102 33.5851 -42.8782 34.0244 -30.8539 -48.8026 -0.1011 -41.1607 18.7950 -32.6590 -34.9890 -21.5619 -47.1674 33.7719 -40.7544 20.3022 -34.9848 -1.4404 -30.9682 -11.9968 -32.6699 10.7325 -37.1979 23.3341 -39.2598 20.3294 -31.2713 -45.6383 -21.5397 -47.3379 -29.2208 15.2351 -49.0716 -19.9825 -48.4311 -13.4022 -48.4826 -23.1996 -35.6723 -32.3024 11.6249 -37.9726 28.6249 -42.6846 10.3956 -48.6330 -25.7335 -6.7271 -35.4939 26.7373 -43.7464 -13.1788 -47.2556 -29.5389 10.0093 -38.4543 34.9518 -47.0179 -21.6563 -33.9282 -32.7021 18.1188 -40.7639 19.3123 -48.7171 -25.6969 -7.4380 -35.2641 25.4537 -43.2180
24.4801 -34.8628 -11.3109 -25.1679 -48.5726 24.2502 -40.4634 17.0919 -32.3298 -36.5214 -21.0451 -46.7467 34.7567 -38.2418 9.3225 -29.3278 -47.5218 -12.5442 -43.6131 26.4209 -35.4121 -7.5466 -25.4459 -48.5823 26.1026 -40.1689 15.5569 -31.5751 -41.5068 -19.3963 -46.4020 34.1977 -42.9918 30.3994 -48.3090 -24.1340 19.3531 -37.6893 14.3627 -31.9371 -36.5307 -21.6417 -47.3974 29.4576 -42.3393 29.4291 -38.5352 10.1870 -31.2355 -36.5098 -27.5538 -33.1416 -30.5701 1.1796 -33.6435 7.2733 -32.1295 -34.2630 -23.4767 -48.6310 -25.4415 -6.9884 -37.0157 33.4821 -45.6775 10.3482 -46.6161 -16.4288 -47.2538 -29.5574 5.2037 -36.6308 23.5406 -40.9383 33.8051 -43.1176 9.6065 -48.6621 -25.7962 -6.0816 -35.5554 26.8846 -43.7722 -13.1788 -47.2977 -29.4832 9.7702 -38.3651 34.8820 -46.8799 -21.3252 -35.4582 -32.4820 17.4968 -40.5795 22.4924 -48.6314 -25.3667 -9.8203 -35.0052 24.9276
-34.2366 -14.0352 -24.8174 -48.4559 26.8544 -40.2690 16.4359 -32.0888 -38.0028 -20.6375 -46.5727 34.5530 -38.1144 8.9239 -29.2183 -47.6294 -12.3222 -43.5871 26.4209 -35.4350 -7.1189 -25.5424 -48.6215 24.9065 -40.2726 15.9488 -31.7229 -40.8615 -19.5143 -46.2803 35.1312 -41.4070 33.1909 -44.6033 -12.6659 -46.4735 -30.0761 -6.1892 -29.0357 -44.3279 -20.0550 -47.1978 27.1956 -43.3721 35.2613 -42.9483 32.2745 -35.3341 -18.3950 -25.6303 -48.2127 -23.1684 -46.1600 -26.6721 -37.0790 -27.5511 -43.1320 -22.8359 -48.7150 -19.3708 -46.7640 -30.2593 12.2793 -39.6705 33.5231 -43.6138 8.9592 -48.5538 -25.6906 -8.0710 -35.4663 22.9650 -41.6918 35.1691 -43.4545 34.1124 -42.6282 13.7943 -48.6865 -25.8049 -5.7923 -35.5744 26.8844 -43.7464 -12.9680 -47.4183 -29.3739 9.3833 -38.2391 34.7317 -46.7083 -20.9273 -37.0282 -32.2413 16.8388 -40.3844 25.3573 -48.5252 -25.0219 -12.4363 -34.3856
-17.7923 -24.4529 -48.3208 29.0712 -40.0663 15.7616 -31.8343 -39.4372 -20.1734 -46.3719 34.2435 -37.9595 8.3947 -29.0625 -47.7922 -11.8521 -43.5058 26.2708 -35.4121 -7.1189 -25.5739 -48.6399 24.1092 -40.3452 16.2424 -31.8434 -40.2652 -19.6487 -46.1923 34.8043 -39.8861 23.7266 -40.2039 34.8911 -46.1670 -16.0105 -48.5829 -22.1638 -48.8985 -13.7914 -46.1016 31.9797 -43.4076 34.0094 -45.5508 -7.7058 -47.1423 8.7373 -27.0056 -48.7013 -15.4325 -48.0300 -15.6888 -48.6920 -19.3086 -48.7835 -17.1167 -47.8859 -9.3051 -48.0240 -22.0603 -34.8199 -32.9722 16.1416 -39.5088 34.2525 -45.6073 -18.3073 -40.6055 -32.7150 18.0725 -41.4592 27.8531 -47.0651 1.0209 -41.3805 27.9181 -41.5409 18.6672 -48.6975 -25.7875 -5.8361 -35.5506 26.7326 -43.6654 -12.5317 -47.5985 -29.2189 8.8652 -38.0829 34.4764 -46.5102 -20.4752 -38.5587 -31.9873 16.1630 -40.1843 27.8319 -48.4000 -24.6649 -16.1043
-23.5805 -48.1693 30.9012 -39.8601 15.0733 -31.5716 -40.7702 -19.6595 -46.1501 33.8279 -37.7821 7.7496 -28.8712 -47.9821 -11.1378 -43.3730 25.9625 -35.3405 -7.5466 -25.5424 -48.6399 23.8337 -40.3819 16.4257 -31.9274 -39.7747 -19.7937 -46.1684 34.2961 -38.8474 16.8122 -36.5103 19.1451 -40.0373 34.5455 -44.6678 12.6321 -45.9552 22.9787 -43.8177 35.0611 -42.4397 35.2719 -45.2078 -13.9830 -45.0884 -30.5561 0.8886 -47.7039 0.6948 -45.2961 24.3906 -45.3791 11.2806 -46.1046 8.4816 -45.6122 22.9094 -45.2242 -2.8059 -48.6268 -25.5567 -13.9106 -34.5294 19.5888 -41.2595 19.7764 -48.8312 -27.7559 6.9586 -38.7637 34.5144 -48.0511 -21.8879 -48.7521 18.4524 -35.4125 19.8760 -40.7755 21.0822 -48.6938 -25.7404 -6.2628 -35.4805 26.4243 -43.5333 -11.8682 -47.8118 -29.0276 8.2311 -37.9042 34.1094 -46.2917 -19.9763 -39.9897 -31.7264 15.4771 -39.9795 29.8946 -48.2577 -23.7846
-47.9592 32.3410 -39.6512 14.3798 -31.3048 -41.9876 -19.1008 -45.9139 33.3148 -37.5883 7.0054 -28.6518 -48.1757 -10.1895 -43.1999 25.5254 -35.2247 -8.4427 -25.4459 -48.6215 24.1098 -40.3818 16.4886 -31.9710 -39.4527 -19.9116 -46.1829 34.0040 -38.2633 12.5430 -33.7707 5.5062 -34.8509 15.8704 -38.5778 27.2420 -40.7696 30.8667 -40.7329 28.7644 -40.6595 31.5447 -43.2032 15.2745 -48.6458 -26.5693 7.2877 -40.1875 33.9947 -42.1220 33.7942 -42.5031 35.2516 -43.7122 34.3242 -43.5299 35.2602 -43.1152 34.6480 -45.2457 -12.2498 -48.3351 -28.4877 2.4514 -36.6349 29.3084 -45.0844 -18.7742 -35.1570 -34.0948 25.6325 -45.1657 -20.3562 -18.1688 -35.4646 -23.2454 -22.4749 -33.0219 17.6077 -40.5679 22.0697 -48.6763 -25.6468 -7.0878 -35.3679 25.9857 -43.3610 -10.9877 -48.0315 -28.8077 7.5043 -37.7115 33.6418 -46.0586 -19.4357 -41.2933 -31.4615 14.7844 -39.7723 31.5536 -48.0547
29.9531 -39.3926 13.6812 -31.0370 -43.0745 -18.5019 -45.6673 32.7172 -37.3854 6.1699 -28.4113 -48.3550 -8.9906 -42.9944 24.9885 -35.0740 -9.7677 -25.2896 -48.5823 24.9071 -40.3446 16.4234 -31.9694 -39.3465 -19.9754 -46.2022 33.8933 -37.9826 10.0651 -31.7423 -20.1463 -30.2050 -8.2053 -33.0481 9.5934 -35.9549 16.2740 -37.2819 19.0758 -38.3346 24.1094 -40.9663 35.0206 -45.6110 -15.6344 -45.4343 -31.1186 13.2438 -37.5689 21.9576 -39.6196 31.3259 -43.2891 33.4555 -43.7186 35.2766 -42.5256 34.0698 -42.8819 31.2111 -46.7863 -19.8090 -42.2748 -31.6990 13.5221 -39.9529 28.9374 -48.7362 -27.4481 7.6635 -39.2665 22.4512 -48.7302 -30.6544 21.5631 -47.2831 -22.1621 -34.9114 -32.3774 17.0468 -40.4951 22.9363 -48.6436 -25.5032 -8.3004 -35.2213 25.4478 -43.1552 -9.8757 -48.2366 -28.5672 6.6983 -37.5092 33.0823 -45.8143 -18.8570 -42.4618 -31.1939 14.0852 -39.5134 29.0319
-39.0307 12.9736 -30.7683 -44.0306 -17.8624 -45.4134 32.0575 -37.1783 5.2531 -28.1567 -48.5069 -7.5063 -42.7628 24.3750 -34.8930 -11.4912 -25.0813 -48.5227 26.1027 -40.2720 16.2383 -31.9215 -39.4818 -19.9647 -46.2061 33.8563 -37.8663 8.8075 -30.4157 -39.7070 -25.5166 -45.5967 -26.9632 -31.0756 -30.7342 -1.2904 -33.5670 8.8090 -35.6895 16.2605 -38.5169 27.0485 -42.3766 30.5747 -47.4511 -21.2298 -38.9724 -31.1654 6.2709 -35.6223 19.7974 -41.2347 4.0199 -46.9539 9.0127 -44.5128 35.1256 -42.8914 35.2811 -44.1769 1.3527 -48.6137 -25.7314 -10.1305 -35.3925 26.0020 -44.1305 -15.7262 -42.3113 -32.9210 22.4490 -44.2632 -19.3129 -22.6655 -36.0305 34.5936 -46.8532 -20.9818 -37.4221 -32.2260 16.8983 -40.4685 23.7837 -48.5952 -25.3187 -9.8914 -35.0440 24.8328 -42.9240 -8.5024 -48.4146 -28.3134 5.8155 -37.3014 32.4494 -45.5624 -18.2398 -43.4930 -30.9247 13.3790 -39.1610
12.3398 -30.4977 -44.8720 -17.1797 -45.1551 31.3493 -36.9692 4.2630 -27.8943 -48.6243 -5.6952 -42.5127 23.7075 -34.6871 -13.5787 -24.8277 -48.4413 27.5451 -40.1689 15.9461 -31.8358 -39.8355 -19.8753 -46.1838 33.8213 -37.8221 8.2777 -29.7656 -44.8792 -21.4866 -48.6640 -18.6107 -48.7225 -23.7778 -43.3287 -28.7242 -15.9215 -32.5661 7.0825 -35.9033 18.0678 -39.3984 30.2077 -43.2017 19.8424 -48.0303 -21.6312 -43.0586 -29.3864 -0.1112 -35.2509 28.7140 -48.1210 -23.2406 -48.7342 -7.5191 -45.5079 29.4533 -44.4040 22.8456 -46.6239 -18.0167 -45.3686 -30.9993 12.2978 -39.6186 33.3684 -47.9787 -24.9645 -3.7403 -36.9534 34.6320 -47.9863 -25.9308 4.3324 -37.9364 34.5889 -46.5785 -20.6936 -37.4132 -32.3574 17.2063 -40.5631 24.3246 -48.5317 -25.0953 -11.8590 -34.8397 24.1581 -42.6738 -6.8472 -48.5573 -28.0519 4.8604 -37.0915 31.7633 -45.3062 -17.5830 -44.4000 -30.6525 12.7615
-29.7336 -45.6065 -16.4449 -44.8931 30.6062 -36.7586 3.1802 -27.6284 -48.7059 -3.5210 -42.2496 23.0038 -34.4625 -15.9789 -24.5349 -48.3385 29.0655 -40.0412 15.5700 -31.7220 -40.3309 -19.7281 -46.1375 33.7639 -37.8052 8.1281 -29.5525 -46.2238 -18.8760 -47.4387 -0.9150 -46.6142 -10.0889 -48.4345 -21.2253 -46.4177 -27.9108 -18.1722 -32.8026 8.6813 -36.4145 19.3268 -39.6183 30.5609 -43.0672 23.0992 -47.5273 -18.3442 -48.1068 -25.6435 -39.8666 -21.6294 -36.7570 -2.1773 -25.7680 -48.7590 -12.7602 -47.0559 -3.3557 -46.8522 -11.7977 -48.7484 -25.9545 -7.2977 -35.9219 28.3102 -44.3074 -12.4700 -47.8893 -29.7555 11.6003 -39.9074 17.8421 -48.8622 -28.3515 8.2406 -38.0739 34.5672 -46.6612 -21.2355 -33.9256 -33.1947 19.1932 -40.8412 24.7917 -48.4515 -24.8249 -14.1752 -34.6156 23.4474 -42.4106 -4.8732 -48.6617 -27.7856 3.8220 -36.8802 31.0380 -45.0462 -16.8758 -45.1957 -29.8927
-46.4575 -15.6469 -44.6277 29.8400 -36.5452 1.9866 -27.3596 -48.7526 -0.9442 -41.9791 22.2803 -34.2241 -18.6132 -24.2099 -48.2156 30.5132 -39.9000 15.1545 -31.6070 -40.8393 -19.5761 -46.0902 33.7158 -37.8118 8.2089 -29.6113 -46.3261 -18.1002 -46.7945 24.8621 -44.0364 32.3155 -45.0667 0.4606 -48.0032 -20.2736 -46.5675 -28.1191 -14.5891 -33.0487 8.9085 -36.2051 17.8675 -38.8529 27.6315 -41.9740 34.1484 -45.6200 -5.2167 -47.9634 -12.7773 -46.4454 23.9650 -33.3474 -34.7020 -24.0794 -48.6791 -20.1438 -48.7563 -18.7631 -48.6900 -21.5536 -42.8653 -31.7750 16.1240 -41.4281 4.8201 -48.3835 -23.0306 -35.9416 -32.8675 19.4243 -42.0668 -7.3226 -48.0089 -29.2689 9.1626 -38.2553 34.8976 -47.2258 -23.2332 -12.2618 -35.9616 22.4224 -41.0805 26.0278 -48.3489 -24.5044 -16.7786 -34.3783 22.7200 -42.1408 -2.5214 -48.7294 -27.5159 2.6896 -36.6684 30.2845 -44.7813 -16.1113 -46.1244
-15.4755 -44.3582 29.0549 -36.3274 0.6739 -27.0850 -48.7930 2.0847 -41.7041 21.5499 -33.9762 -21.3660 -23.8577 -48.0736 31.7963 -39.7543 14.7622 -31.5548 -41.0546 -19.5791 -46.1077 33.8169 -37.8828 8.5718 -29.8890 -45.6241 -19.0080 -46.9261 26.3981 -43.3145 34.6026 -42.5428 35.2627 -44.3978 5.6418 -47.9748 -20.3988 -46.2824 -28.1100 -17.1074 -32.4185 5.6642 -35.0130 13.5710 -37.2149 21.6732 -39.9178 31.4512 -42.3257 35.0485 -42.7533 30.6654 -36.9821 1.9290 -29.3895 -41.5098 -26.7519 -41.1566 -26.8593 -44.2291 -24.0218 -47.8017 -26.8468 -4.2558 -36.8041 34.7866 -48.9523 -23.1668 -46.5246 -27.5700 -10.5532 -35.1128 25.7517 -43.8066 -14.2478 -46.6246 -30.0115 10.1247 -38.4501 34.6878 -48.3143 -27.1350 20.3798 -38.3365 23.8509 -40.9873 28.2994 -48.2156 -24.1422 -19.5651 -34.1313 21.9862 -41.8657 0.2653 -48.7736 -27.2439 1.4518 -36.4537 29.5098 -44.5125 -15.8956
-44.1506 28.2566 -36.1020 -0.7741 -26.8008 -48.8284 5.5513 -41.4706 20.8184 -33.7222 -24.1167 -23.4794 -47.9123 32.8874 -39.6040 14.4467 -31.6773 -40.1700 -20.1828 -46.3731 34.3867 -38.1534 9.5237 -30.4106 -43.7645 -21.0514 -47.7945 7.2908 -44.2477 35.2384 -42.1495 32.4042 -42.0914 35.1752 -44.3653 5.6140 -47.9816 -19.9792 -47.1772 -26.9294 -30.4815 -30.5831 -5.3009 -32.7800 6.0879 -34.8344 13.7031 -36.9962 19.5621 -38.0984 19.6032 -36.5027 7.3762 -31.7088 -24.3190 -30.2063 -9.4588 -32.3092 2.2083 -31.3859 -35.6150 -25.4059 -44.2675 -30.0083 12.3774 -40.8742 -25.9439 -18.3552 -28.9320 -37.7765 -29.9109 3.4941 -36.9648 31.9162 -45.6769 -19.0810 -42.8740 -30.7806 7.3125 -35.6582 12.5040 -18.5781 -44.7788 28.3873 -38.2111 22.0266 -40.5573 30.7814 -48.0524 -23.7516 -22.3971 -33.8769 21.2496 -41.6062 3.4979 -48.8122 -26.9658 0.0882 -36.2326 28.7179 -44.3014
27.6627 -35.8533 -2.3928 -26.5048 -48.8326 9.3308 -41.2820 20.0904 -33.4632 -26.7847 -23.0806 -47.7345 33.7708 -39.4332 14.1424 -32.0233 -36.3678 -22.3707 -47.2376 34.9470 -38.9606 11.7819 -31.2711 -39.6636 -23.6281 -48.7328 -13.9284 -46.7404 18.3698 -44.0496 35.1791 -42.2230 32.9422 -42.3502 35.2794 -44.4760 8.0873 -47.6653 -17.5930 -48.6039 -24.0156 -44.3774 -27.2648 -34.3229 -29.4754 -14.8822 -31.6232 1.2090 -33.2543 5.7078 -33.3858 0.7318 -31.6241 -17.0053 -31.4589 2.4205 -35.1802 17.5074 -37.9567 17.1863 -30.9405 -44.6162 -23.7446 -45.0128 -27.7949 -38.5662 33.6185 -36.8061 2.1284 -29.9296 -31.5107 -31.4269 11.1453 -39.1896 33.2709 -48.2379 -25.4679 -30.5360 -31.2535 -6.8668 -29.3990 -48.8046 16.1445 -40.9329 18.7865 -36.2926 18.7358 -40.0268 32.6817 -47.8685 -23.3434 -25.1786 -33.6173 20.5161 -41.3920 7.1164 -48.8344 -26.6768 -1.4369 -35.9872 28.1052
-35.2747 -4.2188 -26.1971 -48.8083 13.2367 -41.0910 19.3697 -33.2006 -29.3272 -22.6620 -47.5431 34.4156 -39.2255 13.6237 -32.2982 -27.7853 -26.1876 -48.8326 11.2711 -40.8980 16.6263 -32.6816 -30.9009 -26.0833 -47.6024 -22.4262 -48.7580 -17.4110 -47.7252 2.3940 -44.8976 34.5862 -42.9882 34.8884 -43.0738 34.8992 -44.4621 18.8464 -46.6414 -10.2850 -48.3779 -18.3196 -48.7560 -21.9624 -47.7855 -24.8205 -43.7087 -27.3006 -35.1293 -28.8586 -29.2055 -29.6105 -25.5102 -31.2432 2.5790 -35.7717 23.0253 -41.7820 31.9269 -43.2010 -7.5737 -23.6060 -48.7409 -17.8047 -48.7785 -15.2757 -43.4587 23.1169 -34.6356 -13.6859 -29.0244 -24.2409 -33.2139 19.0761 -42.4417 -13.0894 -32.8671 -31.2364 -5.0981 -30.9951 -41.7105 -18.2588 -45.1885 28.6484 -36.5741 8.4072 -34.4214 15.9397 -39.5701 33.8807 -47.6725 -22.9223 -27.8365 -33.3558 19.7914 -41.2030 10.9775 -48.8256 -26.3757 -3.1502 -35.4158
-6.8541 -25.8790 -48.7571 17.0721 -40.8977 18.6570 -32.9366 -31.6928 -22.2235 -47.3388 34.8110 -38.9843 12.7474 -32.0373 -23.2633 -29.6753 -35.7849 -24.1707 -45.4972 26.1567 -34.8110 -13.7279 -27.8690 -43.0644 -27.4427 -38.6916 -26.8201 -45.9171 -22.2053 -48.6091 -10.1125 -46.1384 25.7441 -44.3408 32.8072 -44.1082 33.2273 -44.0910 32.5855 -44.7342 21.3178 -45.9910 0.1837 -47.1696 -11.4189 -48.2992 -17.7993 -48.7670 -22.1368 -47.4884 -25.8375 -39.3759 -30.1110 -1.9233 -34.9993 20.6157 -41.7790 5.0786 -48.7585 -27.6755 16.6180 -46.5676 10.1514 -45.7749 12.5686 -45.1465 35.1173 -40.0609 13.0572 -31.4512 -37.4138 -28.1247 -11.6792 -34.9224 26.7375 -45.1315 -31.6261 13.9089 -35.6009 7.5338 -25.7296 -48.3014 34.1720 -39.0958 11.1076 -32.3070 -8.1681 -32.7978 13.8955 -39.2079 34.5624 -47.4683 -22.4908 -30.3139 -33.0926 19.0745 -41.0104 14.8796 -48.7896 -26.0639 -5.6000
-24.9667 -48.6810 20.6418 -40.7014 17.9508 -32.6723 -33.8552 -21.7670 -47.1249 34.9711 -38.7367 11.6603 -31.1886 -32.3411 -29.6586 2.7768 -33.4264 -9.9421 32.9928 -36.7300 0.2424 -28.6883 -41.5665 -29.2469 -2.2959 -32.8146 -0.5756 -30.5663 -34.9756 -25.1010 -48.6962 -16.1467 -47.5317 -4.9790 -46.6409 2.6612 -45.5526 33.1813 -42.9265 33.9100 -42.1150 34.3022 -42.7159 35.0404 -44.0419 26.9847 -45.8287 -4.5492 -47.9444 -19.6719 -47.2870 -28.2550 -8.4845 -34.1434 16.2897 -39.9803 34.1083 -47.9871 -25.1118 3.0824 -39.6493 32.9314 -42.3626 35.1823 -43.5936 33.1516 -44.0773 34.6768 -36.3511 -8.9043 -26.6651 -46.6195 -26.8541 -19.0364 -31.8732 -6.9139 1.2643 -41.8266 29.2688 -38.1139 -49.0533 11.1135 -41.0529 16.9123 -32.8134 -27.2135 -27.8562 -32.2844 -31.4856 12.4317 -38.9170 34.8933 -47.2571 -22.0445 -32.5920 -32.8281 18.3634 -40.8156 18.6343 -48.7277 -25.1501
-48.5342 23.8274 -40.4994 17.2496 -32.4073 -35.8179 -21.2938 -46.9022 34.9319 -38.5015 10.6255 -30.2547 -42.8541 -24.8698 -31.7411 -37.9247 29.6836 -44.7456 -26.1270 -24.7019 -27.1133 -46.1131 -26.6837 -7.2074 -36.8491 20.2280 -36.9911 10.9717 -32.5579 -22.2458 -26.7985 -47.7123 -21.1318 -48.7674 -20.1919 -48.7683 -15.7732 -45.6727 34.7260 -40.5016 24.4935 -39.0005 23.8955 -39.6068 28.1972 -41.3628 34.9384 -44.2675 0.3502 -48.5245 -24.7944 -21.5347 -33.7263 14.8558 -38.7485 32.1756 -44.9376 -15.5918 -44.8238 -31.6734 14.6234 -38.4269 26.5737 -41.5641 35.1045 -45.6699 -10.5901 -47.8493 11.8817 -28.1919 -48.0850 -19.2208 -48.7904 -22.4508 -47.3496 -21.3193 -46.1608 34.8565 -45.0640 -18.1194 15.0654 -37.6483 15.2087 -33.0536 -25.7096 -25.3451 -48.4284 -23.3165 -41.8503 -30.6299 11.3465 -38.6703 34.9801 -47.0399 -21.5806 -34.6830 -32.5635 17.6544 -40.6158 22.0648 -48.5929
20.4760 -40.2345 16.5502 -32.1414 -37.5841 -20.8020 -46.6725 34.7299 -38.2780 9.7333 -29.6626 -46.4429 -17.5222 -46.7975 28.4003 33.2738 -43.3299 26.2856 -48.7080 -19.4146 -48.8186 -19.2543 -47.4344 -28.8204 33.2471 -43.9934 32.5537 -38.8738 14.1245 -33.3831 -13.9571 -28.4150 -42.2467 -26.8542 -37.7071 -27.8797 -43.1545 -8.8010 -42.5678 23.8695 -37.0559 13.9216 -35.8865 14.5051 -37.0613 21.2050 -40.1391 34.5627 -45.4161 -16.5511 -44.0078 -31.9768 16.4613 -39.1929 30.4796 -43.0738 11.5060 -48.5416 -25.2405 -16.9782 -34.1098 15.4786 -38.8291 31.5322 -44.4983 -13.6996 -44.3816 -31.0415 -3.3594 -48.3041 -8.1114 -46.2781 5.2295 -46.6352 -2.9134 -46.0232 34.6589 -42.8862 24.5899 -48.8546 -28.7549 -5.1609 -30.3293 -35.8530 -23.9183 -48.6928 -12.6369 -47.9143 -19.7523 -44.9786 -30.1201 10.4850 -38.4490 34.8825 -46.8155 -21.1000 -36.5768 -32.2977 16.9503 -40.3495 18.6071
-39.9584 15.8459 -31.8742 -39.1669 -20.2880 -46.4379 34.3955 -38.0618 8.9120 -29.3129 -47.3186 -14.2907 -44.6931 32.4671 -36.3629 -48.9298 14.4983 -43.6867 29.2528 -45.2688 20.7114 -45.5437 10.3013 -43.8768 -26.0188 -19.5938 -45.9012 33.7076 -38.9760 14.5233 -33.8427 -5.0973 -30.9187 -8.6602 -32.9934 10.2731 -31.0706 -47.2037 31.2984 -37.2990 9.9841 -33.6158 2.7668 -33.4711 7.9591 -35.8123 19.8569 -40.7497 31.6604 -48.2611 -25.8020 6.0549 -40.4652 35.0366 -43.7797 24.1733 -47.0809 -19.2381 -45.2318 -30.2210 4.4957 -36.1142 22.6099 -41.7695 21.4039 -48.7040 -27.0085 8.7151 -40.6911 34.8387 -42.6707 34.1660 -41.9781 33.9548 -41.9499 32.0620 -40.6386 30.1582 -43.0921 -3.4846 -48.8689 -22.8930 -48.2719 -19.4907 -47.9752 7.7022 -44.5762 26.9328 -46.4383 -17.5797 -46.0791 -29.8323 9.7473 -38.2401 34.6366 -46.5838 -20.5968 -38.2697 -32.0298 16.2479 -40.0873
15.2924 -31.6027 -40.5876 -19.7493 -46.1975 33.9511 -37.8485 8.0935 -29.0248 -47.7547 -12.5112 -43.8781 28.5866 -36.5339 1.7219 -21.1318 -45.3940 33.6301 -40.9114 29.8512 -40.6754 29.6783 -40.1593 21.8520 -30.7234 -47.7510 -10.0704 -44.2439 31.9657 -38.8516 15.1107 -34.5435 5.0209 -34.4253 17.2061 -41.1693 -6.9968 9.8902 -35.2310 6.5914 -32.5266 -9.5978 -31.2901 -11.4846 -32.2588 5.4846 -35.9381 23.0393 -42.3883 -2.4959 -48.1014 -28.3957 3.0316 -47.5134 -6.1340 -47.2889 -16.3440 -48.3324 -27.4283 -11.1271 -34.1324 16.1725 -39.5734 34.6960 -45.7882 -17.8874 -43.0692 -31.8067 14.2650 -37.6384 20.4678 -37.9753 19.8258 -37.8247 19.3492 -37.4829 18.2200 -38.2575 28.0524 -42.8750 19.5996 -46.4842 3.6338 -45.4520 33.4825 -42.2782 31.9901 -41.5728 35.0940 -45.8793 -16.9795 -46.3977 -29.6753 9.0523 -38.0330 34.2619 -46.3449 -20.0702 -39.7859 -31.7567 15.7031
-30.8707 -41.8534 -19.1806 -45.9518 33.4172 -37.6349 7.2475 -28.7512 -48.0584 -11.0876 -43.4637 26.7251 -35.8240 -1.2372 -26.3863 -48.3174 34.8388 -39.4684 18.8956 -36.7142 15.1109 -36.0240 12.0567 -33.3373 -28.6876 -23.4352 -48.2881 3.4912 -43.8495 32.2700 -39.0924 16.4883 -35.6687 14.1216 -38.6780 35.0166 -48.2783 -27.7328 -15.9753 -31.0694 -15.6152 -31.0232 -18.8980 -30.8144 -15.1330 -32.2364 6.8333 -36.5785 25.6204 -42.5521 23.9249 -44.6031 3.1075 -25.6480 -48.7381 -19.4065 -48.4627 -26.3301 -21.9741 -33.0873 13.0327 -38.3972 30.6855 -43.6752 -0.1096 -48.6172 -24.7793 -29.6224 -31.9544 4.4639 -33.7782 6.5508 -33.7549 6.2235 -33.7336 6.3581 -34.2457 11.4086 -36.9934 23.4845 -40.5132 31.9658 -41.2949 29.9876 -39.8068 23.0959 -38.5022 24.0908 -40.8713 34.9749 -46.2117 -17.7164 -46.3703 -29.5451 8.2925 -37.8166 33.7770 -46.1000 -19.5147 -41.1481 -31.0287
-43.3437 -18.5765 -45.7009 32.8109 -37.4217 6.3551 -28.4810 -48.2910 -9.6474 -43.1562 25.6568 -35.4027 -5.3043 -26.1710 -48.8554 24.0723 -40.0617 16.0190 -34.1222 1.7708 -31.8997 -7.4079 -30.3993 -30.5408 -26.4666 -47.7109 -20.8291 -48.3720 -4.6255 -44.5411 33.2392 -39.2857 18.1282 -37.2535 24.0429 -42.8294 -7.5019 -48.1090 -27.2925 -25.7532 -31.7454 -1.2580 -32.4831 -5.5746 -31.6054 -9.5368 -32.6854 7.9133 -36.4058 21.2691 -39.1995 21.6748 -33.0300 -35.9206 -24.7465 -47.3005 -26.6071 -23.5258 -32.8268 12.5529 -38.1484 29.5115 -43.1762 11.9959 -47.9327 -20.7447 -46.5419 -27.7761 -30.5171 -29.8596 -24.7247 -29.5849 -27.0151 -29.4727 -25.0520 -30.2885 -11.7580 -32.4583 6.4593 -35.3801 15.2437 -36.9914 17.1449 -36.6754 14.3790 -35.9543 15.0090 -37.8127 26.8036 -42.4390 25.8678 -47.1210 -19.0334 -46.4396 -29.3128 7.3893 -37.5882 33.1985 -45.8484 -18.9265 -42.7531
-18.1272 -45.4441 32.1441 -37.2096 5.4077 -28.2111 -48.4701 -8.0560 -42.8812 24.8628 -35.1484 -8.1849 -25.7251 -48.7329 18.2496 -40.6527 16.9710 -33.0111 -19.1824 -27.9341 -42.8577 -25.6014 -46.2916 -24.5966 -46.3307 -26.7547 -42.2558 -24.7694 -48.7280 -11.5409 -44.8083 32.5555 -39.1068 20.0665 -39.1551 33.7282 -45.9923 -18.8244 -44.3546 -30.8822 9.5459 -35.9194 13.2908 -34.7719 4.0376 -32.5225 -3.5440 -33.0439 6.6816 -35.0406 11.8745 -34.6011 -5.0603 -29.0819 -41.6423 -27.7416 -21.8071 -32.8920 13.1973 -38.4873 30.4655 -43.3453 7.1634 -48.2594 -21.7422 -45.2208 -27.9730 -30.0333 -29.4215 -37.8733 -26.6204 -45.9219 -24.7114 -46.5817 -25.6838 -42.1294 -28.8244 -20.5375 -32.0271 1.5224 -33.6180 5.1196 -33.4795 3.4758 -33.3260 6.2887 -35.4136 19.0763 -40.5339 35.1875 -45.5557 -7.9757 -48.1138 -19.3970 -47.0528 -28.9052 6.3317 -37.3561 32.5482 -45.5920 -18.4479
-45.2111 31.4293 -36.9959 4.3996 -27.9398 -48.6037 -6.2197 -42.6167 24.1844 -35.0104 -9.1959 -25.7410 -48.6384 19.8756 -40.7283 17.7274 -32.7317 -30.3455 -24.7828 -48.7176 -18.4030 -48.5785 -17.6655 -48.7465 -25.9105 -2.5182 -32.4763 -8.3893 -27.7327 -48.3635 -9.8856 -43.8270 29.1113 -38.7065 22.7551 -41.0760 29.6139 -48.2895 -25.2254 0.9229 -38.9631 29.9166 -40.2775 22.6188 -36.2107 8.8504 -33.4000 1.6625 -33.4664 4.4779 -34.0999 3.9974 -31.7583 -22.7628 -29.3845 -18.3546 -32.9732 13.3700 -38.6711 33.0042 -43.9426 0.5528 -48.5321 -23.5843 -37.9482 -30.4658 0.2256 -33.1371 -0.8197 -29.2605 -46.0298 -21.8202 -48.7684 -20.6216 -48.2675 -25.7390 -36.2904 -30.6895 -4.3719 -32.9149 -0.1224 -32.0149 -15.5521 -30.5891 -13.3574 -32.8407 11.3497 -38.4880 33.4482 -45.3463 -11.4521 -48.6538 -18.5857 -48.0569 -17.4076 -47.9429 -28.3961 5.1826 -37.1281 31.8514 -45.3565
30.6778 -36.7598 3.3120 -27.6666 -48.6952 -4.0471 -42.3474 23.5254 -34.9320 -8.2540 -26.6394 -48.8121 11.5012 -40.9170 18.1036 -32.6762 -33.4884 -22.8699 -48.3087 -2.7164 -45.6302 17.8641 -46.2450 -14.1162 -46.4421 -37.1290 22.4640 -36.3052 2.2763 -27.4690 -48.8329 12.6714 -41.8634 23.9586 -38.4038 26.0397 -42.6487 -1.0391 -48.5651 -28.0395 17.8664 -46.8526 10.9695 -43.0546 27.5633 -37.4065 12.8146 -34.0310 7.4366 -33.1453 11.3233 -34.6459 -11.2194 -31.0801 -26.3498 -32.0676 12.3938 -38.4227 32.8897 -45.8046 -7.6975 -48.6386 -24.3952 -30.6398 -32.1316 11.0059 -37.1079 20.6573 -36.8158 -7.7036 -25.0721 -48.7436 -16.2883 -48.6554 -22.8612 -41.4533 -30.4688 2.7878 -34.6564 11.3824 -34.5709 -3.4166 -29.8299 -35.9972 -29.6562 -2.7234 -35.5876 25.3728 -43.7432 -10.1672 -48.5120 -25.5249 -45.3460 -11.1670 -46.2375 -12.4460 -48.5042 -27.9365 4.0204 -36.8846 31.0638
-36.2410 2.1268 -27.3935 -48.7479 -1.4732 -42.0684 22.8052 -34.8022 -7.2448 -28.0204 -47.6210 -17.6389 -42.7626 20.4831 -32.8712 -33.9995 -21.9186 -47.5973 26.9000 -42.5542 32.7174 -41.2362 32.3946 -41.6775 25.9620 -19.6061 -45.6118 30.1514 -36.0229 -11.6690 -23.3998 -47.1853 35.0487 -39.4974 19.2267 -38.1058 27.0691 -42.5109 26.8663 -44.3250 -2.0120 -25.2097 -48.4186 18.5792 -67.3897 -8.6110 2.0444 28.9526 35.7101 -9.9097 -18.3084 -4.4987 -26.0009 -43.4088 -53.6352 50.0044 -6.8467 -96.3564 56.3021 -22.6780 -48.7231 -24.6260 -30.2296 -32.5568 13.7061 -39.0254 33.6565 -44.4151 33.1750 -29.1630 -47.8816 -15.5631 -47.8103 -18.7782 -46.3466 -29.7721 6.2193 -36.6870 23.1801 -39.5828 22.9842 -33.5491 -29.0197 -27.2484 -36.2437 -31.8384 13.5448 -40.2966 22.8377 -48.8592 -27.2106 -5.1352 -29.7946 -41.7523 33.1476 -43.3509 -5.8066 -48.7023 -27.5809 2.8366 -36.3696
0.5742 -27.1278 -48.7872 1.5047 -41.7835 22.0049 -34.5356 -8.5890 -28.7301 -41.8486 -26.5175 -47.5084 24.1436 -32.3862 -34.4354 -21.1495 -47.0126 34.5311 -40.4652 22.5909 -37.4252 16.8663 -36.6216 14.3985 -33.1361 -46.2360 -10.2040 -43.3747 20.4349 -32.1279 -45.7099 -11.0435 -43.3180 25.4117 -37.1487 14.8213 -37.0572 21.2511 -38.9382 20.3857 -31.9925 -41.5201 -23.1490 7.0139 22.5589 -154.4426 -67.4147 43.8246 -87.3923 -32.7928 -53.8581 -126.6122 -60.5818 -29.0474 11.6213 -87.3003 -76.1388 9.9859 -71.3542 -45.4449 -25.7392 -33.9883 -32.1440 12.9833 -38.8838 34.3883 -46.6904 -21.8617 -13.9300 -45.2967 -0.7145 -46.2644 -9.4387 -48.7664 -27.2192 1.3411 -36.8978 29.7286 -43.8643 8.5844 -45.1319 6.6397 -27.4238 -46.2034 -27.1465 -8.1855 -35.8328 29.7698 -46.0227 -21.9696 -13.8054 -36.4874 32.9239 -0.5659 -35.7605 24.4934 -42.2049 -1.0672 -48.7636 -27.2880 1.3459
