-34.7170 -9.3606 -24.5651 -48.3877 24.3036 -39.6492 14.3057 -30.4793 -44.6313 -17.2821 -44.8418 29.6515 -35.9058 -1.7340 -25.7886 -48.7438 11.2047 -40.5459 17.1677 -31.5920 -40.2332 -19.5123 -45.8655 32.2794 -36.8224 3.8415 -26.9809 -48.7823 -2.1506 -41.5253 20.1403 -32.7109 -33.0283 -21.3743 -46.8223 33.5536 -37.7362 7.8296 -28.1336 -48.4291 -9.7633 -42.6252 23.2180 -33.8076 -22.5767 -22.9865 -47.6663 31.9172 -38.6601 11.1227 -29.2851 -47.2156 -14.4187 -43.9726 28.8083 -37.0382 15.1087 -36.6611 26.6520 -43.1008 -10.9638 -48.3014 -28.3039 8.3263 -37.8661 33.5451 -46.9494 -21.6140 -31.7474 -32.8678 20.5672 -41.6803 -3.5343 -48.7707 -27.1434 4.4708 -36.9508 32.5660 -46.0054 -19.7921 -39.4139 -31.7506 17.5795 -40.6742 9.0670 -48.7693 -25.9611 -0.8030 -36.0385 30.0658 -44.9900 -17.6311 -44.1398 -30.6386 14.7159 -39.7790 22.7270 -48.4588 -24.7551 -7.9612 -34.8679
-9.3606 -25.3059 -48.5355 27.6773 -39.9409 14.8502 -31.2121 -43.4021 -17.6408 -45.0660 30.3371 -36.4472 0.1550 -26.6944 -48.8263 14.6993 -40.7531 17.6850 -32.3035 -38.1957 -20.0880 -46.1076 33.1974 -37.3162 5.0400 -27.8387 -48.7205 -0.2588 -41.6354 20.6364 -33.3903 -29.9477 -22.1070 -47.0660 34.8910 -38.1862 8.6886 -28.9487 -48.1306 -9.1796 -42.7804 23.7255 -34.4504 -18.7513 -23.8284 -47.8916 33.9425 -39.0503 11.8018 -30.0565 -46.5812 -14.2602 -43.9902 27.7279 -36.2186 5.5259 -32.0556 3.7487 -35.6032 25.1123 -43.0386 -10.1811 -47.9757 -29.1060 9.1527 -38.3077 34.9606 -47.1926 -22.3659 -28.5271 -33.5423 21.0647 -41.7965 -1.8844 -48.6814 -27.9941 5.6045 -37.4396 33.5285 -46.2484 -20.3946 -37.2458 -32.4575 18.0942 -40.8647 12.4618 -48.8348 -26.8619 0.9554 -36.5707 30.7778 -45.2173 -18.0254 -42.8171 -31.3680 15.2486 -40.0571 26.2654 -48.6000 -25.5024 -7.9612
-24.5651 -48.5355 26.8155 -40.1179 15.3646 -31.4332 -42.4730 -18.2507 -45.3168 31.0745 -36.6791 1.5104 -26.9781 -48.8342 10.7938 -41.0194 18.3959 -32.5758 -36.4908 -20.6149 -46.3510 33.7623 -37.5553 6.0078 -28.1064 -48.6448 -2.9996 -41.9170 21.3802 -33.6614 -27.4232 -22.5518 -47.2833 34.9778 -38.4343 9.4864 -29.2190 -47.8561 -10.6518 -43.0608 24.5059 -34.7159 -15.8249 -24.2146 -48.0660 33.0627 -39.3067 12.5236 -30.3273 -46.0127 -15.1206 -44.2076 27.9837 -35.9726 -0.1747 -28.7286 -41.2362 -28.2954 -5.0574 -35.2092 25.2313 -43.2458 -11.4328 -47.6695 -29.3746 9.9333 -38.5575 34.9456 -47.4043 -22.8011 -25.8929 -33.8116 21.8121 -42.0771 -4.3829 -48.5824 -28.2617 6.5381 -37.6798 34.0503 -46.4883 -20.9076 -35.4230 -32.7286 18.8066 -41.1313 8.5529 -48.8245 -27.1394 2.2354 -36.8023 31.4987 -45.4656 -18.6144 -41.8179 -31.5892 15.7627 -40.2349 25.3105 -48.6000 -24.7551
-48.3877 27.6773 -40.1179 15.5623 -31.5639 -41.7309 -18.7192 -45.5318 31.7187 -36.8747 2.6875 -27.2457 -48.8125 6.9958 -41.2098 19.1023 -32.8389 -34.6088 -21.1159 -46.5875 34.2412 -37.7681 6.9148 -28.3769 -48.5289 -5.3291 -42.1963 22.1296 -33.9218 -24.7413 -22.9792 -47.4909 34.8807 -38.6472 10.2555 -29.4899 -47.5212 -11.9395 -43.3395 25.2947 -34.9681 -12.9911 -24.5887 -48.2270 31.8490 -39.5190 13.2366 -30.5991 -45.3435 -15.9533 -44.4635 28.6200 -36.0315 -1.8602 -27.0995 -48.4725 -19.6105 -48.6766 -26.2467 -8.4921 -35.2151 25.8238 -43.5039 -12.6097 -47.2951 -29.6446 10.6874 -38.7710 34.7280 -47.6053 -23.2191 -23.1174 -34.0703 22.5639 -42.3572 -6.5051 -48.4408 -28.5327 7.4173 -37.8922 34.4744 -46.7214 -21.3956 -33.4253 -32.9919 19.5177 -41.3195 4.8594 -48.7878 -27.4045 3.3569 -36.9991 32.1223 -45.6785 -19.0677 -41.0165 -31.7191 15.9612 -40.2349 26.2654 -48.4588
24.3036 -39.9409 15.3646 -31.5639 -41.4405 -18.9783 -45.6798 32.2029 -37.0395 3.6450 -27.4853 -48.7752 3.5823 -41.3904 19.7976 -33.0948 -32.5605 -21.5893 -46.8160 34.6171 -37.9806 7.7745 -28.6463 -48.3682 -7.3136 -42.4744 22.8828 -34.1789 -21.9342 -23.3895 -47.6872 34.5718 -38.8596 11.0004 -29.7593 -47.1193 -13.0749 -43.6144 26.0869 -35.2155 -10.3399 -24.9493 -48.3729 30.2769 -39.7281 13.9418 -30.8692 -44.5736 -16.7290 -44.7289 29.3678 -36.2077 -1.3080 -26.6621 -48.7769 -7.9100 -45.7138 -4.3844 -48.6794 -25.6164 -8.0743 -35.3848 26.5609 -43.7751 -13.6719 -46.8507 -29.9146 11.4222 -38.9822 34.2804 -47.7957 -23.6216 -20.2579 -34.3264 23.3227 -42.6363 -8.3280 -48.2520 -28.8021 8.2544 -38.1048 34.7817 -46.9466 -21.8593 -31.2607 -33.2485 20.2185 -41.5058 1.6374 -48.7491 -27.6434 4.2703 -37.1633 32.5901 -45.8251 -19.3185 -40.7004 -31.7191 15.7627 -40.0571 22.7270
-39.6492 14.8502 -31.4332 -41.7309 -18.9783 -45.7332 32.4620 -37.1516 4.3367 -27.6818 -48.7410 0.7889 -41.5759 20.4659 -33.3411 -30.3859 -22.0326 -47.0338 34.8677 -38.1920 8.5899 -28.9140 -48.1589 -9.0073 -42.7517 23.6451 -34.4338 -19.0510 -23.7861 -47.8730 34.0171 -39.0712 11.7293 -30.0286 -46.6400 -14.0931 -43.8871 26.8783 -35.4577 -7.9063 -25.2966 -48.5014 28.3071 -39.9357 14.6382 -31.1377 -43.6887 -17.4442 -44.9936 30.1396 -36.4167 -0.0807 -26.7238 -48.7843 4.3324 -42.8258 33.7392 -42.4462 15.2583 -48.6338 -25.6349 -6.3729 -35.6057 27.3410 -44.0459 -14.6362 -46.3257 -30.1843 12.1428 -39.1938 33.5661 -47.9747 -24.0108 -17.3620 -34.5800 24.0905 -42.9130 -9.8890 -48.0117 -29.0696 9.0531 -38.3153 34.9505 -47.1608 -22.2937 -28.9646 -33.4935 20.8886 -41.7173 -0.9308 -48.7110 -27.8397 4.9286 -37.2755 32.8380 -45.8782 -19.3185 -41.0165 -31.5892 15.2486 -39.7790
14.3057 -31.2121 -42.4730 -18.7192 -45.6798 32.4620 -37.1917 4.7046 -27.8125 -48.7099 -1.2516 -41.7701 21.0649 -33.5669 -28.1790 -22.4414 -47.2372 34.9743 -38.3974 9.3617 -29.1780 -47.8973 -10.4658 -43.0264 24.4111 -34.6864 -16.1625 -24.1700 -48.0470 33.1797 -39.2823 12.4465 -30.2977 -46.0774 -15.0141 -44.1580 27.6716 -35.6959 -5.7057 -25.6329 -48.6123 25.9096 -40.1417 15.3329 -31.4058 -42.6795 -18.1100 -45.2546 30.8993 -36.6315 1.2350 -26.9438 -48.8178 8.1037 -41.6304 24.7062 -37.8312 23.3550 -41.0916 20.6444 -48.6842 -25.8674 -4.4638 -35.8358 28.1322 -44.3151 -15.5135 -45.7126 -30.4540 12.8532 -39.4045 32.5456 -48.1413 -24.3877 -14.5074 -34.8307 24.8621 -43.1866 -11.2381 -47.7172 -29.3344 9.8118 -38.5197 34.9624 -47.3599 -22.6929 -26.6618 -33.7177 21.4917 -41.9310 -2.8008 -48.6669 -27.9711 5.2806 -37.3164 32.8380 -45.8251 -19.0677 -41.8179 -31.3680 14.7159
-30.4793 -43.4021 -18.2507 -45.5318 32.2029 -37.1516 4.7046 -27.8585 -48.6873 -2.4849 -41.9294 21.5511 -33.7560 -26.1118 -22.8031 -47.4202 34.9292 -38.5927 10.0854 -29.4356 -47.5852 -11.7320 -43.2963 25.1784 -34.9334 -13.3646 -24.5414 -48.2078 32.0234 -39.4924 13.1540 -30.5661 -45.4259 -15.8559 -44.4268 28.4639 -35.9295 -3.7343 -25.9591 -48.7034 23.0693 -40.3472 16.0274 -31.6732 -41.5387 -18.7352 -45.5116 31.6310 -36.8443 2.4882 -27.2051 -48.8101 6.7233 -41.3774 21.1095 -35.1647 7.5769 -34.7700 19.0454 -40.7352 19.9659 -48.7496 -26.1588 -2.6614 -36.0637 28.9212 -44.5826 -16.3151 -45.0036 -30.7233 13.5593 -39.6138 31.1841 -48.2940 -24.7524 -11.7932 -35.0767 25.6324 -43.4548 -12.4223 -47.3698 -29.5911 10.5234 -38.7159 34.8134 -47.5379 -23.0466 -24.5242 -33.9069 21.9842 -42.0904 -3.9341 -48.6372 -28.0169 5.2806 -37.2755 32.5901 -45.6785 -18.6144 -42.8171 -30.6386
-44.6313 -17.6408 -45.3168 31.7187 -37.0395 4.3367 -27.8125 -48.6873 -2.8978 -42.0150 21.8768 -33.8947 -24.3978 -23.0969 -47.5758 34.7473 -38.7750 10.7501 -29.6796 -47.2264 -12.8311 -43.5592 25.9392 -35.1727 -10.7468 -24.8968 -48.3533 30.5134 -39.7004 13.8504 -30.8342 -44.6734 -16.6311 -44.6933 29.2512 -36.1583 -1.9763 -26.2744 -48.7721 19.7865 -40.5503 16.7222 -31.9400 -40.2491 -19.3250 -45.7648 32.3261 -37.0558 3.6400 -27.4747 -48.7778 3.7803 -41.4242 20.3516 -33.9891 -9.6858 -29.6339 -14.3065 -33.3015 17.9817 -40.7539 17.2657 -48.8014 -26.4585 -1.0308 -36.2880 29.7023 -44.8476 -17.0565 -44.1874 -30.9913 14.2544 -39.8209 29.4477 -48.4310 -25.1011 -9.2919 -35.3144 26.3980 -43.7167 -13.4497 -46.9727 -29.8349 11.1789 -38.8973 34.5261 -47.6883 -23.3352 -22.7654 -34.0453 22.3123 -42.1760 -4.3073 -48.6372 -27.9711 4.9286 -37.1633 32.1223 -45.4656 -18.0254 -44.1398
-17.2821 -45.0660 31.0745 -36.8747 3.6450 -27.6818 -48.7099 -2.4849 -42.0150 21.9928 -33.9700 -23.2487 -23.3078 -47.6943 34.4786 -38.9324 11.3355 -29.9021 -46.8324 -13.7696 -43.8096 26.6783 -35.4042 -8.3686 -25.2342 -48.4813 28.6388 -39.9061 14.5373 -31.1009 -43.8151 -17.3499 -44.9571 30.0280 -36.3812 -0.4053 -26.5788 -48.8164 16.1428 -40.7487 17.4200 -32.2063 -38.7947 -19.8841 -46.0137 32.9742 -37.2678 4.6972 -27.7457 -48.7363 0.6487 -41.5916 20.6114 -33.6277 -22.8173 -25.7384 -47.9153 -25.1587 -30.1008 -32.7977 18.1276 -40.8964 13.7314 -48.8301 -26.7519 0.4358 -36.5067 30.4701 -45.1097 -17.7465 -43.2588 -31.2564 14.9390 -40.0247 27.3287 -48.5501 -25.4320 -7.0357 -35.5428 27.1418 -43.9666 -14.3290 -46.5388 -30.0580 11.7560 -39.0544 34.1580 -47.8030 -23.5412 -21.5911 -34.1203 22.4264 -42.1760 -3.9341 -48.6669 -27.8397 4.2703 -36.9991 31.4987 -45.2173 -17.6311
-44.8418 30.3371 -36.6791 2.6875 -27.4853 -48.7410 -1.2516 -41.9294 21.8768 -33.9700 -22.8388 -23.4200 -47.7683 34.2118 -39.0546 11.8104 -30.0949 -46.4339 -14.5490 -44.0407 27.3795 -35.6210 -6.2757 -25.5526 -48.5908 26.4105 -40.1059 15.2135 -31.3640 -42.8439 -18.0170 -45.2167 30.7870 -36.5968 1.0046 -26.8718 -48.8344 12.2862 -40.9443 18.1220 -32.4729 -37.1651 -20.4175 -46.2592 33.5620 -37.4801 5.6816 -28.0161 -48.6732 -2.1939 -41.8354 21.2082 -33.6782 -25.6526 -23.8249 -48.5158 -12.1713 -48.3254 -22.8117 -33.1199 -32.8213 18.6810 -41.0761 9.9010 -48.8310 -27.0369 1.7634 -36.7198 31.2159 -45.3668 -18.3868 -42.2123 -31.5178 15.6173 -40.2246 24.8559 -48.6484 -25.7445 -5.0687 -35.7581 27.8395 -44.1977 -15.0687 -46.1004 -30.2517 12.2272 -39.1778 33.8136 -47.8742 -23.6506 -21.1737 -34.1203 22.3123 -42.0904 -2.8008 -48.7110 -27.6434 3.3569 -36.8023 30.7778 -44.9900
29.6515 -36.4472 1.5104 -27.2457 -48.7752 0.7889 -41.7701 21.5511 -33.8947 -23.2487 -23.4200 -47.7936 34.0436 -39.1339 12.1470 -30.2451 -46.0675 -15.1736 -44.2445 28.0146 -35.8171 -4.4988 -25.8457 -48.6792 23.8616 -40.2985 15.8756 -31.6212 -41.7576 -18.6348 -45.4702 31.5140 -36.8065 2.2751 -27.1500 -48.8234 8.3917 -41.1378 18.8303 -32.7386 -35.3506 -20.9299 -46.5002 34.0792 -37.6940 6.6120 -28.2890 -48.5705 -4.6419 -42.1129 21.9183 -33.8733 -24.6939 -23.3422 -47.9572 19.2301 -43.9005 21.5638 -47.6391 -22.3586 -32.1588 -33.0386 19.3653 -41.2655 6.1001 -48.8003 -27.3109 2.9667 -36.9297 31.9239 -45.6185 -18.9819 -41.0449 -31.7755 16.2812 -40.4164 22.0729 -48.7253 -26.0318 -3.4095 -35.9523 28.4707 -44.4000 -15.6659 -45.6978 -30.4011 12.5613 -39.2560 33.6057 -47.8982 -23.6506 -21.5911 -34.0453 21.9842 -41.9310 -0.9308 -48.7491 -27.4045 2.2354 -36.5707 30.0658
-35.9058 0.1550 -26.9781 -48.8125 3.5823 -41.5759 21.0649 -33.7560 -24.3978 -23.3078 -47.7683 34.0436 -39.1614 12.3246 -30.3404 -45.7822 -15.6325 -44.4100 28.5497 -35.9872 -3.0471 -26.1069 -48.7451 21.0958 -40.4818 16.5174 -31.8707 -40.5639 -19.2065 -45.7169 32.1967 -37.0135 3.4205 -27.4193 -48.7869 4.7021 -41.3290 19.5447 -33.0026 -33.3342 -21.4208 -46.7356 34.5062 -37.9169 7.5312 -28.5803 -48.4167 -6.7945 -42.3979 22.6779 -34.1174 -22.4359 -23.4511 -47.8391 30.9651 -41.4658 30.8578 -42.0395 27.9064 -47.6827 -22.7836 -29.7183 -33.3163 20.0894 -41.4537 2.6034 -48.7612 -27.5775 4.0571 -37.1374 32.5823 -45.8624 -19.5360 -39.7598 -32.0254 16.9223 -40.5970 19.1083 -48.7811 -26.2879 -2.0529 -36.1193 29.0062 -44.5651 -16.1006 -45.3866 -30.4950 12.7340 -39.2818 33.6057 -47.8742 -23.5412 -22.7654 -33.9069 21.4917 -41.7173 1.6374 -48.7878 -27.1394 0.9554 -36.0385
-1.7340 -26.6944 -48.8342 6.9958 -41.3904 20.4659 -33.5669 -26.1118 -23.0969 -47.6943 34.2118 -39.1339 12.3246 -30.3731 -45.6261 -15.9124 -44.5277 28.9622 -36.1228 -1.9173 -26.3290 -48.7905 18.3026 -40.6495 17.1261 -32.1085 -39.2785 -19.7328 -45.9529 32.8264 -37.2183 4.4607 -27.6843 -48.7453 1.3744 -41.5249 20.2621 -33.2643 -31.1242 -21.8894 -46.9650 34.8156 -38.1555 8.5124 -28.9420 -48.1654 -8.8984 -42.7167 23.5192 -34.3909 -19.5906 -23.7588 -47.9050 32.6883 -40.3723 22.8527 -38.9712 31.0657 -42.9336 18.5375 -47.9445 -23.4716 -26.6367 -33.6015 20.8230 -41.6765 -0.4549 -48.7178 -27.8413 5.0504 -37.3412 33.1823 -46.0957 -20.0476 -38.3838 -32.2628 17.5332 -40.7656 16.1592 -48.8157 -26.5049 -0.9946 -36.2538 29.4162 -44.6824 -16.3651 -45.2194 -30.5277 12.7340 -39.2560 33.8136 -47.8030 -23.3352 -24.5242 -33.7177 20.8886 -41.5058 4.8594 -48.8245 -26.8619 -0.8030
-25.7886 -48.8263 10.7938 -41.2098 19.7976 -33.3411 -28.1790 -22.8031 -47.5758 34.4786 -39.0546 12.1470 -30.3404 -45.6261 -16.0073 -44.5887 29.2240 -36.2192 -1.1020 -26.5039 -48.8178 15.7147 -40.7976 17.6811 -32.3284 -37.9393 -20.2094 -46.1748 33.3848 -37.4174 5.4150 -27.9428 -48.6931 -1.5012 -41.7610 20.9788 -33.5223 -28.7439 -22.3365 -47.1855 34.9714 -38.4056 9.5912 -29.4920 -47.5845 -11.5484 -43.1714 24.6446 -34.7237 -16.1748 -24.1609 -48.0477 32.6105 -39.8650 18.1672 -36.4127 21.8610 -42.6909 32.7805 -44.4887 2.0973 -48.2713 -24.1729 -23.4476 -33.8641 21.5411 -41.9395 -3.0740 -48.6442 -28.1002 5.9648 -37.5397 33.7061 -46.3154 -20.5123 -36.9562 -32.4832 18.0902 -40.9127 13.4844 -48.8331 -26.6761 -0.2282 -36.3487 29.6762 -44.7427 -16.4565 -45.2194 -30.4950 12.5613 -39.1778 34.1580 -47.6883 -23.0466 -26.6618 -33.4935 20.2185 -41.3195 8.5529 -48.8348 -25.9611
-48.7438 14.6993 -41.0194 19.1023 -33.0948 -30.3859 -22.4414 -47.4202 34.7473 -38.9324 11.8104 -30.2451 -45.7822 -15.9124 -44.5887 29.3111 -36.2692 -0.6108 -26.6246 -48.8316 13.5450 -40.9206 18.1609 -32.5221 -36.6113 -20.6315 -46.3790 33.8592 -37.6069 6.2781 -28.1942 -48.6076 -3.9288 -42.0287 21.6914 -33.7751 -26.2189 -22.7625 -47.3945 34.9441 -38.6487 10.6641 -30.2219 -45.7702 -16.4434 -44.1803 26.8320 -35.2319 -11.6083 -24.6713 -48.2337 31.6148 -39.7267 15.4974 -33.7986 7.5063 -36.0261 -10.0165 -47.5329 0.1469 -45.8249 -8.0002 -48.5764 -24.7108 -20.7551 -34.0888 22.2337 -42.2024 -5.2764 -48.5361 -28.3504 6.7984 -37.7309 34.1380 -46.5157 -20.9241 -35.5415 -32.6768 18.5685 -41.0333 11.2798 -48.8385 -26.7954 0.2338 -36.3968 29.7653 -44.7427 -16.3651 -45.3866 -30.4011 12.2272 -39.0544 34.5261 -47.5379 -22.6929 -28.9646 -33.2485 19.5177 -41.1313 12.4618 -48.7693
11.2047 -40.7531 18.3959 -32.8389 -32.5605 -22.0326 -47.2372 34.9292 -38.7750 11.3355 -30.0949 -46.0675 -15.6325 -44.5277 29.2240 -36.2692 -0.4494 -26.6865 -48.8369 12.0055 -41.0147 18.5501 -32.6843 -35.3795 -20.9922 -46.5603 34.2377 -37.7850 7.0498 -28.4325 -48.4902 -5.9624 -42.2892 22.3996 -34.0215 -23.5802 -23.1664 -47.5889 34.7218 -38.8651 11.5454 -30.8455 -42.0330 -21.9746 -47.6605 32.7293 -36.1782 -5.1351 -25.3159 -48.4534 29.4603 -39.8610 14.8193 -32.0714 -29.4705 -25.7160 -48.7623 -17.8236 -24.5494 -48.5726 -10.6846 -47.1475 -13.1596 -48.6824 -24.9050 -18.8887 -34.2810 22.9099 -42.4580 -7.1061 -48.3955 -28.5889 7.5470 -37.9087 34.4691 -46.6945 -21.2755 -34.2404 -32.8372 18.9596 -41.1258 9.7253 -48.8387 -26.8560 0.3858 -36.3968 29.6762 -44.6824 -16.1006 -45.6978 -30.2517 11.7560 -38.8973 34.8134 -47.3599 -22.2937 -31.2607 -32.9919 18.8066 -40.8647 9.0670
-40.5459 17.6850 -32.5758 -34.6088 -21.5893 -47.0338 34.9743 -38.5927 10.7501 -29.9021 -46.4339 -15.1736 -44.4100 28.9622 -36.2192 -0.6108 -26.6865 -48.8378 11.2209 -41.0715 18.8259 -32.8083 -34.3236 -21.2853 -46.7131 34.5161 -37.9457 7.7308 -28.6539 -48.3456 -7.6391 -42.5403 23.0926 -34.2601 -20.9011 -23.5490 -47.7709 34.3005 -39.0525 12.1673 -31.1162 -39.0542 -24.9855 -47.8363 -20.2087 -35.4883 -0.1411 -25.5808 -48.6513 26.7579 -40.1715 15.5418 -31.7897 -38.9393 -22.1088 -48.2927 26.3785 -34.2772 -32.6097 -22.6620 -48.6974 -17.3267 -48.2735 -13.4626 -48.6001 -24.7680 -17.4541 -34.4652 23.5745 -42.7040 -8.6333 -48.2267 -28.8111 8.2108 -38.0692 34.7015 -46.8449 -21.5603 -33.1245 -32.9615 19.2379 -41.1825 8.9495 -48.8384 -26.8560 0.2338 -36.3487 29.4162 -44.5651 -15.6659 -46.1004 -30.0580 11.1789 -38.7159 34.9624 -47.1608 -21.8593 -33.4253 -32.7286 18.0942 -40.6742
17.1677 -32.3035 -36.4908 -21.1159 -46.8160 34.8677 -38.3974 10.0854 -29.6796 -46.8324 -14.5490 -44.2445 28.5497 -36.1228 -1.1020 -26.6246 -48.8369 11.2209 -41.0888 18.9629 -32.8842 -33.5415 -21.5055 -46.8341 34.7046 -38.0825 8.3103 -28.8545 -48.1814 -9.0061 -42.7754 23.7612 -34.4873 -18.2788 -23.9097 -47.9398 33.6684 -39.2264 12.6346 -31.0920 -39.5964 -24.8812 -45.8115 -28.9045 11.6088 -44.8589 -13.1067 -47.1067 32.4896 -40.2765 17.4361 -32.5652 -37.8951 -20.8022 -47.0896 33.4822 -39.8277 8.4851 -28.6688 -46.6447 -23.9495 -46.7129 -23.0607 -47.5143 -5.2765 -48.4136 -24.5890 -15.8070 -34.6597 24.2292 -42.9374 -9.8982 -48.0370 -29.0116 8.7785 -38.2066 34.8453 -46.9631 -21.7756 -32.2914 -33.0387 19.3747 -41.2007 8.9495 -48.8387 -26.7954 -0.2282 -36.2538 29.0062 -44.4000 -15.0687 -46.5388 -29.8349 10.5234 -38.5197 34.9505 -46.9466 -21.3956 -35.4230 -32.4575 17.5795
-31.5920 -38.1957 -20.6149 -46.5875 34.6171 -38.1920 9.3617 -29.4356 -47.2264 -13.7696 -44.0407 28.0146 -35.9872 -1.9173 -26.5039 -48.8316 12.0055 -41.0715 18.9629 -32.9092 -33.1407 -21.6402 -46.9191 34.8181 -38.1930 8.7780 -29.0253 -48.0103 -10.1052 -42.9875 24.3837 -34.6980 -15.7962 -24.2432 -48.0910 32.8172 -39.3975 13.0800 -31.0028 -41.5288 -22.9119 -48.6537 -24.6417 -24.2615 -34.7071 26.7601 -41.5974 31.1258 -39.2730 18.7050 -35.1325 -20.3905 -22.2619 -46.9698 35.0099 -39.2626 14.1652 -31.3785 -39.5363 -26.4032 -35.4923 -30.6490 -7.8049 -8.2749 -43.7737 18.9855 -48.3186 -24.6266 -13.7841 -34.8606 24.8541 -43.1523 -10.9237 -47.8404 -29.1833 9.2352 -38.3158 34.9213 -47.0465 -21.9083 -31.8699 -33.0636 19.3747 -41.1825 9.7253 -48.8385 -26.6761 -0.9946 -36.1193 28.4707 -44.1977 -14.3290 -46.9727 -29.5911 9.8118 -38.3153 34.7817 -46.7214 -20.9076 -37.2458 -31.7506
-40.2332 -20.0880 -46.3510 34.2412 -37.9806 8.5899 -29.1780 -47.5852 -12.8311 -43.8096 27.3795 -35.8171 -3.0471 -26.3290 -48.8178 13.5450 -41.0147 18.8259 -32.8842 -33.1407 -21.6843 -46.9613 34.8746 -38.2715 9.1255 -29.1605 -47.8468 -10.9638 -43.1729 24.9397 -34.8870 -13.5612 -24.5487 -48.2254 31.7540 -39.5654 13.5575 -30.9915 -42.7239 -20.9089 -48.2624 -16.4565 -48.5251 -27.3797 -2.8827 -35.1892 15.7030 -36.7093 16.1112 -37.0785 17.3706 -26.4153 -47.7559 34.8344 -38.5178 12.0023 -31.4844 -36.3943 -25.9780 -40.5190 -31.4718 15.7150 -40.6364 -31.6887 21.5988 -40.6151 28.1615 -48.3665 -24.8507 -11.6717 -35.0525 25.4260 -43.3396 -11.7256 -47.6573 -29.3182 9.5762 -38.3947 34.9532 -47.0879 -21.9514 -31.8699 -33.0387 19.2379 -41.1258 11.2798 -48.8331 -26.5049 -2.0529 -35.9523 27.8395 -43.9666 -13.4497 -47.3698 -29.3344 9.0531 -38.1048 34.4744 -46.4883 -20.3946 -39.4139
-19.5123 -46.1076 33.7623 -37.7681 7.7745 -28.9140 -47.8973 -11.7320 -43.5592 26.6783 -35.6210 -4.4988 -26.1069 -48.7905 15.7147 -40.9206 18.5501 -32.8083 -33.5415 -21.6402 -46.9613 34.8910 -38.3117 9.3418 -29.2574 -47.7092 -11.6011 -43.3272 25.4207 -35.0502 -11.6464 -24.8196 -48.3404 30.5061 -39.7293 14.0634 -31.0682 -43.1089 -19.5228 -47.1439 7.2661 -46.7133 -15.9498 -47.9836 -27.7424 -11.9913 -32.7181 7.5979 -36.1279 24.1338 -43.7959 -15.8464 9.3351 -34.6376 4.5177 -29.9022 -41.9481 -23.8184 -47.8774 -27.4434 2.8866 -38.2738 19.0945 -32.4289 -32.8731 16.8235 -40.1991 27.8879 -48.4625 -25.1306 -9.7324 -35.2249 25.9282 -43.4962 -12.3150 -47.5059 -29.4127 9.7902 -38.4349 34.9609 -47.0879 -21.9083 -32.2914 -32.9615 18.9596 -41.0333 13.4844 -48.8157 -26.2879 -3.4095 -35.7581 27.1418 -43.7167 -12.4223 -47.7172 -29.0696 8.2544 -37.8922 34.0503 -46.2484 -19.7921
-45.8655 33.1974 -37.5553 6.9148 -28.6463 -48.1589 -10.4658 -43.2963 25.9392 -35.4042 -6.2757 -25.8457 -48.7451 18.3026 -40.7976 18.1609 -32.6843 -34.3236 -21.5055 -46.9191 34.8746 -38.3117 9.4154 -29.3072 -47.6165 -12.0307 -43.4440 25.8068 -35.1852 -10.0864 -25.0485 -48.4340 29.1434 -39.8842 14.5681 -31.2013 -42.9677 -18.8470 -46.3918 33.0709 -43.1694 32.2017 -46.4050 -15.4787 -48.4097 -26.4175 -26.7156 -32.4309 12.7066 -39.6694 31.9368 -48.6304 -26.4736 -34.8317 -26.6060 -47.5449 -20.3114 -48.5947 -20.9787 -42.2180 -32.4689 21.2267 -44.3977 -21.2085 -34.8848 -32.3786 16.4427 -40.3292 25.7258 -48.5593 -25.4126 -8.0291 -35.3765 26.3402 -43.6169 -12.7115 -47.4030 -29.4635 9.8636 -38.4349 34.9532 -47.0465 -21.7756 -33.1245 -32.8372 18.5685 -40.9127 16.1592 -48.7811 -26.0318 -5.0687 -35.5428 26.3980 -43.4548 -11.2381 -48.0117 -28.8021 7.4173 -37.6798 33.5285 -46.0054
32.2794 -37.3162 6.0078 -28.3769 -48.3682 -9.0073 -43.0264 25.1784 -35.1727 -8.3686 -25.5526 -48.6792 21.0958 -40.6495 17.6811 -32.5221 -35.3795 -21.2853 -46.8341 34.8181 -38.2715 9.3418 -29.3072 -47.5833 -12.2414 -43.5175 26.0808 -35.2860 -8.9111 -25.2342 -48.5074 27.7773 -40.0217 15.0418 -31.3589 -42.5268 -18.6916 -45.9529 34.9812 -40.6412 28.2271 -41.4855 34.8987 -45.9644 -13.5262 -48.6738 -26.3360 -15.0454 -34.6667 22.8820 -43.1885 -6.3557 -48.7605 -22.0006 -48.7680 -16.2585 -47.3935 -10.8532 -48.5927 -25.3446 -5.6737 -36.6358 33.7745 -47.1766 -22.0986 -33.9041 -32.7397 17.4236 -40.6401 22.3054 -48.6423 -25.6978 -6.5630 -35.5066 26.6538 -43.6957 -12.9263 -47.3626 -29.4649 9.7934 -38.3949 34.9213 -46.9631 -21.5603 -34.2404 -32.6768 18.0902 -40.7656 19.1083 -48.7253 -25.7445 -7.0357 -35.3144 25.6324 -43.1866 -9.8890 -48.2520 -28.5327 6.5381 -37.4396 32.5660
-36.8224 5.0400 -28.1064 -48.5289 -7.3136 -42.7517 24.4111 -34.9334 -10.7468 -25.2342 -48.5908 23.8616 -40.4818 17.1261 -32.3284 -36.6113 -20.9922 -46.7131 34.7046 -38.1930 9.1255 -29.2574 -47.6165 -12.2414 -43.5432 26.2197 -35.3489 -8.1112 -25.3714 -48.5615 26.5236 -40.1382 15.4644 -31.5165 -41.9338 -18.8169 -45.7913 33.8806 -38.9695 18.4681 -37.3244 21.9681 -40.6283 35.1512 -45.6570 -13.6010 -48.3323 -28.1542 2.9301 -37.1873 32.1113 -45.9351 -20.1977 -48.7166 -18.0495 -47.5179 -3.0124 -46.6034 -15.6773 -47.5951 -29.9006 11.1140 -39.5066 32.1559 -47.9331 -23.7470 -25.7573 -33.6220 19.1560 -41.0875 17.1729 -48.6986 -26.0075 -5.2736 -35.6147 26.8610 -43.7319 -12.9511 -47.3938 -29.4173 9.5798 -38.3161 34.8453 -46.8449 -21.2755 -35.5415 -32.4832 17.5332 -40.5970 22.0729 -48.6484 -25.4320 -9.2919 -35.0767 24.8621 -42.9130 -8.3280 -48.4408 -28.2617 5.6045 -36.9508
3.8415 -27.8387 -48.6448 -5.3291 -42.4744 23.6451 -34.6864 -13.3646 -24.8968 -48.4813 26.4105 -40.2985 16.5174 -32.1085 -37.9393 -20.6315 -46.5603 34.5161 -38.0825 8.7780 -29.1605 -47.7092 -12.0307 -43.5180 26.2198 -35.3716 -7.7064 -25.4577 -48.5972 25.4991 -40.2312 15.8160 -31.6583 -41.2911 -19.0548 -45.7900 33.2104 -38.0658 12.6445 -34.1276 8.1183 -35.6820 19.2555 -40.2185 35.0974 -45.9374 -16.2833 -46.6672 -29.6777 9.2512 -38.3804 28.5014 -37.9085 -26.5624 -48.3472 -16.2125 -47.0902 -7.8960 -48.1970 -22.8543 -32.4961 -33.4641 19.9218 -41.8517 6.8558 -48.7654 -26.5842 -9.4704 -34.8150 21.7424 -41.7211 9.2435 -48.7297 -26.3850 -4.0527 -35.7062 26.9603 -43.7229 -12.7850 -47.4926 -29.3235 9.2379 -38.2071 34.7015 -46.6949 -20.9241 -36.9562 -32.2628 16.9223 -40.4164 24.8559 -48.5501 -25.1011 -11.7932 -34.8307 24.0905 -42.6363 -6.5051 -48.5824 -27.9941 4.4708
-26.9809 -48.7205 -2.9996 -42.1963 22.8828 -34.4338 -16.1625 -24.5414 -48.3533 28.6388 -40.1059 15.8756 -31.8707 -39.2785 -20.2094 -46.3790 34.2377 -37.9457 8.3103 -29.0253 -47.8468 -11.6022 -43.4448 26.0833 -35.3515 -7.7023 -25.4892 -48.6148 24.8078 -40.2961 16.0826 -31.7740 -40.6891 -19.3119 -45.8603 33.0367 -37.6592 9.1993 -31.7051 -16.7155 -30.9588 0.6381 -34.9031 18.1408 -40.1311 35.1330 -46.2910 -17.1080 -47.1770 -27.2933 -33.1942 -2.0541 -38.3038 3.3993 -27.0371 -48.6545 -16.6661 -48.1979 -18.5327 -48.1009 -28.0554 0.5204 -36.6602 30.3002 -45.0580 -16.9656 -45.7291 -30.0152 3.7918 -36.2773 25.7343 -42.7129 -1.4652 -48.7658 -26.9026 -2.7533 -35.7890 26.9595 -43.6735 -12.4298 -47.6423 -29.1900 8.7820 -38.0715 34.4701 -46.5162 -20.5123 -38.3838 -32.0254 16.2812 -40.2246 27.3287 -48.4310 -24.7524 -14.5074 -34.5800 23.3227 -42.3572 -4.3829 -48.6814 -27.1434
-48.7823 -0.2588 -41.9170 22.1296 -34.1789 -19.0510 -24.1700 -48.2078 30.5134 -39.9061 15.2135 -31.6212 -40.5639 -19.7328 -46.1748 33.8592 -37.7850 7.7308 -28.8545 -48.0096 -10.9692 -43.3291 25.8166 -35.2923 -8.0643 -25.4651 -48.6153 24.5349 -40.3316 16.2576 -31.8575 -40.1978 -19.5380 -45.9492 33.1138 -37.5228 7.4172 -30.0143 -40.6705 -25.8597 -42.9679 -28.9133 -5.1978 -34.4451 17.4491 -39.9460 34.9450 -45.5088 -9.7278 -48.5835 -14.8213 -44.8037 24.1907 -33.8648 -30.5907 -24.6933 -48.5096 -21.9127 -48.1121 -25.2541 -36.9757 -31.9212 13.5707 -40.1384 26.6949 -48.7683 -26.9740 -16.7985 -33.1260 12.1466 -38.2877 31.9557 -44.3921 -11.2513 -48.5933 -27.6303 -1.2811 -35.8701 26.8748 -43.5862 -11.8884 -47.8236 -29.0211 8.2222 -37.9109 34.1392 -46.3154 -20.0476 -39.7598 -31.7755 15.6173 -40.0247 29.4477 -48.2940 -24.3877 -17.3620 -34.3264 22.5639 -42.0771 -1.8844 -48.7707
-2.1506 -41.6354 21.3802 -33.9218 -21.9342 -23.7861 -48.0470 32.0234 -39.7004 14.5373 -31.3640 -41.7576 -19.2065 -45.9529 33.3848 -37.6069 7.0498 -28.6548 -48.1802 -10.1197 -43.1802 25.4547 -35.2047 -8.7408 -25.4006 -48.6015 24.6508 -40.3407 16.3393 -31.9103 -39.8361 -19.7134 -46.0320 33.2826 -37.5158 6.7503 -29.1390 -46.3434 -20.7419 -48.6841 -20.4170 -47.4240 -27.6585 -10.9110 -33.8520 15.5464 -38.9870 31.1196 -42.8421 34.2391 -43.3348 30.0565 -37.1714 3.3548 -29.5844 -41.4851 -26.8143 -39.9139 -28.0545 -34.4528 -29.4960 -7.9825 -34.9902 24.7443 -44.5006 -18.9393 -12.8019 -33.0925 7.7016 -35.9133 21.1338 -41.2615 32.1161 -46.8531 -18.2566 -47.4704 -28.5656 0.3459 -35.9467 26.7060 -43.4590 -11.1402 -48.0192 -28.8207 7.5591 -37.7313 33.7062 -46.0957 -19.5360 -41.0449 -31.5178 14.9390 -39.8209 31.1841 -48.1413 -24.0108 -20.2579 -34.0703 21.8121 -41.7965 -3.5343
-41.5253 20.6364 -33.6614 -24.7413 -23.3895 -47.8730 33.1797 -39.4924 13.8504 -31.1009 -42.8439 -18.6348 -45.7169 32.8264 -37.4174 6.2781 -28.4338 -48.3444 -9.0401 -43.0028 25.0265 -35.1136 -9.4647 -25.3425 -48.5802 24.8988 -40.3374 16.3617 -31.9426 -39.5902 -19.8466 -46.1061 33.4763 -37.5728 6.7485 -28.8398 -47.6364 -16.5104 -46.8292 2.6235 -47.0382 -15.9249 -48.5075 -26.4314 -21.3215 -32.5839 10.7813 -36.8190 20.5564 -38.6005 21.1166 -36.7621 8.1280 -31.7805 -25.2502 -29.9846 -11.6154 -32.2721 3.4846 -32.5659 -12.6376 -31.3599 5.0773 -37.2937 33.6908 -47.6141 -33.8361 16.2719 -36.3771 16.9418 -39.2453 34.1859 -45.5410 -13.6661 -48.7659 -23.3708 -43.9867 -29.6251 2.0090 -36.0043 26.4073 -43.2879 -10.1468 -48.2114 -28.5971 6.8038 -37.5399 33.1823 -45.8624 -18.9819 -42.2123 -31.2564 14.2544 -39.6138 32.5456 -47.9747 -23.6216 -23.1174 -33.8116 21.0647 -41.6803
20.1403 -33.3903 -27.4232 -22.9792 -47.6872 34.0171 -39.2823 13.1540 -30.8342 -43.8151 -18.0170 -45.4702 32.1967 -37.2183 5.4152 -28.1957 -48.4889 -7.6937 -42.7979 24.5433 -35.0401 -9.5975 -25.4846 -48.5727 24.3396 -40.3747 16.4511 -31.9917 -39.3279 -19.9816 -46.1827 33.7049 -37.6826 7.1948 -28.9386 -47.7829 -14.4640 -45.4952 34.3828 -42.9975 33.6245 -45.6527 -10.6582 -48.7591 -24.4368 -36.9360 -30.2912 -0.5845 -33.3696 7.1026 -33.7158 1.9625 -31.6382 -18.5845 -31.1751 0.5592 -34.9118 17.1843 -38.0297 18.6230 -32.9813 -19.7730 -30.8508 3.3528 -34.4355 5.0462 -7.8266 -41.5810 22.2184 -38.3101 27.7218 -43.7894 -10.8993 -48.2065 -25.3906 -43.7694 -27.1867 -36.0109 -30.7251 3.4350 -35.9869 25.8878 -43.0683 -8.8806 -48.3858 -28.3563 5.9681 -37.3414 32.5823 -45.6185 -18.3868 -43.2588 -30.9913 13.5593 -39.4045 33.5661 -47.7957 -23.2191 -25.8929 -33.5423 20.5672
-32.7109 -29.9477 -22.5518 -47.4909 34.5718 -39.0712 12.4465 -30.5661 -44.6734 -17.3499 -45.2167 31.5140 -37.0135 4.4610 -27.9450 -48.6065 -6.0351 -42.5690 23.9864 -34.9620 -8.9260 -26.2252 -48.7323 17.5834 -40.6352 17.0063 -32.1542 -38.6593 -20.2321 -46.3070 34.0512 -37.8793 8.1064 -29.3883 -47.2306 -15.5914 -45.4084 35.0513 -40.8235 27.7382 -40.8094 34.3002 -44.2156 1.6008 -48.2798 -20.7953 -46.9537 -26.5935 -35.5379 -28.9356 -28.0684 -29.4925 -28.0750 -30.8303 0.1409 -35.4113 22.2491 -41.6584 31.3036 -44.0460 4.5482 -27.8737 -42.9592 -27.1786 -36.8923 -24.9658 -47.4182 34.6081 -39.4428 22.3562 -40.6699 29.0004 -48.9082 -29.0173 -7.3825 -30.8131 -22.7466 -30.0149 -20.6794 -31.7188 3.6755 -35.8000 25.0977 -42.8035 -7.3027 -48.5318 -28.1029 5.0517 -37.1374 31.9239 -45.3668 -17.7465 -44.1874 -30.7233 12.8532 -39.1938 34.2804 -47.6053 -22.8011 -28.5271 -32.8678
-33.0283 -22.1070 -47.2833 34.8807 -38.8596 11.7293 -30.2977 -45.4259 -16.6311 -44.9571 30.7870 -36.8067 3.4206 -27.6855 -48.6924 -4.0198 -42.3184 23.3359 -34.8147 -8.7829 -27.2294 -48.4312 -13.6881 -42.1720 19.4813 -32.6324 -36.6326 -20.7800 -46.5580 34.6149 -38.2678 9.7660 -30.2680 -45.2910 -18.8629 -46.5300 33.5975 -41.1807 23.5505 -37.8542 19.9988 -39.1158 30.0010 -42.6942 27.1920 -46.7601 -13.5562 -48.7111 -21.4971 -47.7732 -25.3669 -41.7228 -29.4241 -6.7131 -34.4942 19.5039 -41.5558 6.1473 -48.8091 -26.8499 -4.7946 -48.4812 -17.0124 -48.7401 -17.9957 -48.1754 21.9807 -41.9619 24.1179 -38.3142 26.1678 -43.7501 -16.5683 15.1559 -36.7303 10.8828 -33.3916 -0.4692 -32.4194 -4.2428 -31.7949 1.3548 -35.3930 24.1204 -42.5138 -5.3799 -48.6430 -27.8416 4.0572 -36.9297 31.2159 -45.1097 -17.0565 -45.0036 -30.4540 12.1428 -38.9822 34.7280 -47.4043 -22.3659 -31.7474
-21.3743 -47.0660 34.9778 -38.6472 11.0004 -30.0286 -46.0774 -15.8559 -44.6933 30.0280 -36.5968 2.2753 -27.4208 -48.7450 -1.5820 -42.0533 22.6097 -34.5643 -10.7568 -27.4769 -46.5415 -24.4999 -49.0556 27.4236 -33.1435 -32.2382 -21.6392 -46.9865 35.0653 -39.0301 12.6938 -31.7571 -38.8700 -22.8313 -48.2948 -2.2978 -44.1905 31.8587 -38.4430 14.9271 -35.6636 14.2858 -37.5173 24.3998 -41.0826 35.1020 -44.5933 5.2698 -47.5957 -18.1919 -48.1689 -27.1498 -17.6762 -33.3903 14.6392 -39.6221 34.3521 -48.0854 -25.5341 6.0362 -41.1217 33.6091 -44.9585 18.3155 -45.6908 22.5744 -43.8448 33.3110 -38.9467 16.9170 -37.0085 19.8095 -34.8796 -48.7886 34.8598 -38.5754 14.1269 -35.4546 12.2050 -34.7489 -11.8491 -30.0262 -4.7136 -34.8505 23.1326 -42.2229 -3.0949 -48.7177 -27.5773 2.9667 -36.7198 30.4701 -44.8476 -16.3151 -45.7126 -30.1843 11.4222 -38.7710 34.9456 -47.1926 -21.6140
-46.8223 34.8910 -38.4343 10.2555 -29.7593 -46.6400 -15.0141 -44.4268 29.2512 -36.3812 1.0047 -27.1517 -48.7861 1.2975 -41.7811 21.8494 -34.2492 -14.9609 -26.6285 -47.3531 -26.2302 -8.0924 -35.7262 -20.6269 -46.7279 -20.4874 -47.2460 33.1792 -40.3785 17.6238 -33.8753 -16.8506 -27.0505 -48.0671 -20.1110 -48.3627 -4.8943 -42.8568 22.9770 -35.6557 6.2269 -33.6422 8.5893 -35.9477 19.0811 -39.5257 31.9652 -43.3669 13.2170 -48.0834 -23.0706 -32.6258 -32.6623 12.2821 -38.1151 31.0728 -44.8780 -16.3967 -42.7855 -32.5678 18.7944 -39.9665 32.1595 -42.7147 34.4880 -44.4298 25.8247 -44.0552 23.2972 -35.6281 6.8389 -32.9373 -10.9056 -18.8222 -44.4145 26.8082 -37.9772 20.8747 -39.7137 26.4737 -28.7011 -44.5529 -26.9734 -13.5353 -34.3573 22.2476 -41.9375 -0.4310 -48.7620 -27.3097 1.7633 -36.5067 29.7023 -44.5826 -15.5135 -46.3257 -29.9146 10.6874 -38.5575 34.9606 -46.9494
33.5536 -38.1862 9.4864 -29.4899 -47.1193 -14.0931 -44.1580 28.4639 -36.1583 -0.4053 -26.8726 -48.8228 4.6200 -41.5387 21.0940 -33.9331 -19.7588 -25.3246 -48.7364 -21.0738 -44.0468 -32.1579 24.1683 -48.4261 -18.0155 -47.6622 17.4748 -42.5311 26.0071 -36.7544 6.8343 -31.2615 -35.2397 -26.7498 -44.3393 -25.2465 -48.5953 28.1074 -38.9911 10.5332 -32.3719 -11.7685 -31.6133 1.8223 -34.6620 15.6309 -38.8277 31.7858 -44.4127 -12.1537 -47.1706 -30.6640 13.0735 -38.2152 27.8499 -42.6387 12.9521 -48.6486 -26.0371 -7.9508 -35.0982 18.8179 -39.7365 32.8519 -43.8705 1.7615 -48.3646 -15.5052 -35.7248 3.4644 -29.7966 -37.8440 -23.9039 -47.9431 35.0074 -39.9433 23.1369 -40.7958 31.4707 -47.7692 -42.0571 -6.7438 -48.6845 -24.6238 -20.0987 -33.9912 21.4539 -41.6645 2.6684 -48.8018 -27.0347 0.4354 -36.2876 28.9205 -44.3151 -14.6362 -46.8507 -29.6446 9.9333 -38.3077 33.5451
-37.7362 8.6886 -29.2190 -47.5212 -13.0749 -43.8871 27.6716 -35.9295 -1.9763 -26.5792 -48.8346 8.3251 -41.3411 20.3561 -33.6474 -23.6576 -24.3015 -48.5396 -11.0799 -48.1615 -22.9456 -16.7580 -34.1562 -20.7070 -48.5726 -15.7806 -46.0552 35.0394 -40.6922 20.2471 -35.5049 3.0699 -31.3222 -17.4575 -31.2448 0.7052 -28.1797 -43.7071 19.7033 -33.3069 -19.8577 -28.7721 -34.6892 -30.0143 -4.8312 -34.1215 15.6234 -39.5702 35.1122 -47.4052 -23.8782 -0.3523 -39.3302 32.8147 -42.8219 30.2193 -46.9440 -19.6501 -43.7274 -30.9393 7.5973 -36.8582 24.9478 -42.2277 18.2908 -48.6618 -26.5106 9.3051 -48.2663 -21.6563 -48.7414 -18.3271 -47.7955 29.2920 -41.1812 23.0047 -38.9875 33.0529 -46.9398 -24.1520 20.3725 -41.3561 24.9032 -48.1439 -23.6778 -24.0287 -33.6982 20.7059 -41.4396 6.1977 -48.8322 -26.7487 -1.0398 -36.0623 28.1307 -44.0454 -13.6717 -47.2957 -29.3746 9.1525 -37.8661
7.8296 -28.9487 -47.8561 -11.9395 -43.6144 26.8783 -35.6959 -3.7343 -26.2745 -48.8166 12.2408 -41.1495 19.6276 -33.3805 -26.6145 -23.7056 -48.1977 8.0593 -44.5539 18.5250 -47.4429 -16.0661 -47.3659 14.4669 -28.8755 -48.1907 -12.9382 -45.4239 35.0912 -40.3705 19.7313 -35.5971 6.3724 -33.6156 11.5615 -38.7836 25.7256 -8.5308 -31.5201 -24.1916 -27.7290 -44.1490 -26.3678 -40.7638 -29.4826 -5.4174 -34.5302 18.8350 -41.1554 17.2466 -49.0950 -26.9817 22.4376 -46.3462 9.5900 -46.6038 -15.2444 -48.2553 -27.9357 -5.5821 -34.7652 18.4328 -40.3317 35.0412 -46.8031 -21.1429 -28.0294 -35.2405 34.7330 -45.3037 19.3379 -44.6840 35.0608 -40.7471 21.6825 -37.2099 20.4753 -41.1423 2.5133 -46.9918 -32.2183 17.4164 -40.0399 32.5443 -47.8041 -23.1043 -27.0340 -33.4288 19.9767 -41.2518 10.0170 -48.8308 -26.4514 -2.6868 -35.8316 27.3372 -43.7723 -12.6071 -47.6710 -29.1055 8.3235
-28.1336 -48.1306 -10.6518 -43.3395 26.0869 -35.4577 -5.7057 -25.9600 -48.7717 16.1195 -40.9521 18.8961 -33.1079 -29.2061 -23.3393 -48.0624 15.5037 -43.1669 34.1813 -42.1837 35.1127 -43.3779 32.3494 -35.8962 -12.5180 -25.6035 -48.7675 -11.3739 -45.7199 35.0720 -40.7349 20.8731 -36.2404 12.3324 -37.0069 28.8874 -45.9118 -22.9871 -44.5362 -26.1533 -44.9181 -25.9821 -44.7445 -26.6111 -39.6115 -29.8829 -1.4813 -35.1973 21.0026 -41.2201 34.1459 -42.8532 -9.5781 -23.0810 -48.5104 -16.4727 -48.6818 -26.3556 -17.5872 -33.6429 15.0754 -39.1470 33.4558 -44.8307 -12.0005 -48.3159 -28.7537 6.2169 -37.6607 25.6281 -39.8357 25.5517 -38.3991 16.8077 -35.5670 11.1572 -36.6324 26.9228 -44.3812 -18.1700 -38.1281 -31.8655 14.4622 -39.3962 34.2424 -47.5499 -22.6269 -29.6448 -33.1647 19.2575 -41.0598 13.9246 -48.8007 -26.1430 -4.5301 -35.5960 26.5440 -43.4972 -11.4120 -47.9811 -28.2963
-48.4291 -9.1796 -43.0608 25.2947 -35.2155 -7.9063 -25.6348 -48.7026 19.7487 -40.7532 18.1674 -32.8187 -31.8475 -22.9005 -47.9486 8.8814 -43.8301 34.5688 -40.9655 26.6873 -39.4770 23.0757 -37.2617 7.3028 -30.7672 -39.5931 -24.7808 -48.6453 -16.1099 -46.7362 33.6601 -41.0026 21.6456 -37.1143 19.1980 -40.4625 30.3330 -48.2406 -21.4146 -46.4911 -27.5027 -34.6776 -28.6258 -37.3440 -28.0569 -35.4604 -30.4010 -0.3039 -34.8548 16.4594 -37.7252 16.6914 -31.0249 -45.3478 -21.4628 -48.5846 -25.6641 -23.6056 -33.1762 14.3456 -38.8254 32.1995 -44.1290 -4.6061 -48.6762 -24.5425 -33.6620 -31.9513 7.3086 -35.1374 11.8551 -34.9584 8.0409 -33.3558 1.2644 -33.4368 11.0515 -38.0920 33.7445 -46.3040 -20.1746 -41.3332 -31.0732 12.7046 -39.0136 34.8080 -47.3214 -22.1706 -31.9927 -32.9013 18.5456 -40.8644 17.7126 -48.7452 -25.8237 -6.5947 -35.3559 25.7518 -43.2209 -10.0532 -48.3210
-9.7633 -42.7804 24.5059 -34.9681 -10.3399 -25.2987 -48.6118 23.0164 -40.5530 17.4518 -32.5219 -34.4676 -22.2186 -47.7386 6.7239 -45.4269 23.5159 -43.6314 32.1669 -39.2898 18.1973 -35.9353 7.8932 -32.4442 -15.2509 -30.3434 -26.0057 -27.7910 -45.9273 -19.9311 -47.3052 33.8623 -40.6659 21.5105 -38.1444 26.7165 -43.1703 -3.3928 -48.7679 -26.8752 -6.9243 -32.7965 1.5503 -31.4704 -23.3843 -29.2037 -32.2577 -30.2861 -6.5227 -33.0936 5.0591 -32.5939 -27.7919 -25.8362 -47.6820 -25.5182 -29.9823 -32.7532 14.3450 -39.1097 32.8285 -44.2617 -5.4539 -48.6977 -24.3333 -37.2636 -30.5478 -3.6197 -32.9064 -1.0761 -31.9241 -11.4218 -30.4859 -21.8059 -30.9567 -3.0225 -34.3794 17.1233 -39.9831 35.0124 -46.6031 -19.2513 -44.0008 -30.4871 11.5262 -38.7320 34.9760 -47.1003 -21.7114 -34.1257 -32.6363 17.8392 -40.6660 21.2089 -48.6667 -25.4938 -8.8933 -35.1112 24.9582 -42.9421 -10.5191
-42.6252 23.7255 -34.7159 -12.9911 -24.9504 -48.5017 25.8623 -40.3509 16.7471 -32.2334 -36.7640 -21.3839 -47.3172 21.8338 -45.2127 -14.5713 -48.3491 -6.4150 -43.5177 26.5460 -36.6750 7.5367 -32.4753 -9.3980 -32.3879 7.2754 -34.2884 5.1803 -30.7010 -40.7997 -20.3078 -46.6502 34.9296 -39.7139 21.2164 -39.3379 33.7138 -45.9185 -19.6825 -28.7246 -35.9625 19.9879 -37.3546 11.3648 -32.9215 -15.5164 -29.7376 -34.5889 -29.3669 -19.5551 -31.3484 -16.6849 -28.5471 -43.0059 -26.4830 -34.5577 -31.8562 13.3500 -39.0424 34.5744 -44.8654 -8.1780 -48.7655 -25.5124 -26.1514 -32.0817 7.4392 -34.8747 8.2484 -32.2509 -26.0962 -28.0854 -41.1370 -28.2753 -23.4641 -32.5823 10.7865 -37.5031 26.6301 -41.9343 32.7710 -46.3777 -18.0206 -45.5327 -30.0510 10.5974 -38.4953 34.9222 -46.8780 -21.2369 -36.0676 -32.3691 17.1361 -40.4650 24.3027 -48.5673 -25.1528 -11.4363 -34.8611 24.1704 -42.7800
23.2180 -34.4505 -15.8249 -24.5887 -48.3736 28.2813 -40.1467 16.0473 -31.9562 -38.6291 -20.6055 -46.7703 34.3287 -42.1979 17.8479 -39.2844 -26.8134 -47.6880 8.9695 -40.4477 14.7118 -33.0668 -13.9185 -31.4104 7.9596 -38.6273 26.5368 -38.4383 13.2711 -31.2774 -44.3188 -15.5018 -44.4662 29.5669 -38.5359 21.5213 -40.5375 32.8973 -48.5805 -24.9931 33.2181 -44.1529 34.3470 -37.5432 15.8774 -32.2334 -8.2317 -28.6023 -38.7829 -28.9144 -3.7823 -30.8657 -39.3062 -28.6898 -25.7913 -29.9471 10.8000 -38.2612 31.7781 -46.4525 -12.5335 -48.7609 -25.9925 -17.4220 -33.5655 15.3878 -38.5070 25.6819 -38.2809 5.0701 -28.9322 -44.9727 -25.6474 -39.0024 -31.1074 8.4948 -37.3515 27.2944 -41.9260 34.8351 -43.8870 31.5619 -45.9402 -16.6294 -46.4830 -29.7081 9.7841 -38.2805 34.7147 -46.6509 -20.7436 -37.8171 -32.1018 16.4375 -40.2616 26.9568 -48.4488 -24.7991 -14.1830 -34.5960 23.6608
-33.8083 -18.7480 -24.2151 -48.2278 30.2663 -39.9410 15.3510 -31.6849 -40.1674 -19.9573 -46.3449 34.6295 -38.8683 16.1438 -29.9261 -36.3277 10.5199 -29.8164 -46.4765 26.5217 -35.0758 -8.7998 -29.1253 -22.8537 -32.7253 12.9461 -46.5673 32.5097 -39.6766 10.4169 -28.6865 -48.8464 14.9269 -41.4013 21.6160 -37.3660 20.7298 -40.2612 34.0136 -41.2650 -32.3957 -21.5842 -48.8599 -48.2693 -46.7089 48.5865 -15.2409 -4.5309 -69.6431 -21.8312 3.2066 -49.4431 -24.0955 -92.9353 36.1735 -23.4565 -172.4182 -31.2584 44.8867 -21.4029 -48.4853 -25.9177 -19.3677 -33.7976 17.8018 -40.4802 34.1874 -46.1005 26.7223 -31.6444 -39.5386 -24.0576 -46.4786 -28.8484 3.2223 -36.9536 29.6636 -43.8359 2.5415 -47.5289 -7.1528 -43.8668 34.9498 -45.2547 -15.1690 -47.0737 -29.4468 9.0632 -38.0845 34.3966 -46.4218 -20.2331 -39.3715 -31.8361 15.7432 -40.0563 29.1753 -48.3131 -24.4311 -17.0597 -33.9588
-22.5267 -23.8353 -48.0680 31.8285 -39.7353 14.6620 -31.4194 -41.4757 -19.3715 -46.0483 33.7684 -37.9429 10.0034 -30.5105 -44.7393 33.7912 -38.6775 15.1385 8.5348 -34.2995 -5.0936 -27.7518 -47.2432 -21.5953 -48.4327 0.3100 -25.9004 -48.9420 34.7426 -36.3824 -14.9854 -21.9995 -46.2862 33.0361 -38.2898 14.3696 -35.7901 14.9324 -36.7634 12.9428 -28.8991 -47.7082 -19.9793 -101.8760 -15.4846 -4.4627 -94.5729 -10.0800 -64.4769 -64.7894 -22.7582 71.4162 16.8297 -29.4529 -1.8254 1.9202 44.3599 -63.6051 -96.3708 -44.2767 -26.3045 -27.8273 -33.0701 16.2773 -40.1836 32.9583 -48.3409 -25.1605 1.6835 -47.9393 -18.2570 -48.7683 -24.8016 -20.0989 -34.8623 25.7099 -44.0806 -13.4205 -48.2292 -25.6197 -44.5700 30.8315 -40.9664 33.4342 -44.6079 -14.1387 -47.3680 -29.2965 8.4839 -37.9181 34.0101 -46.1944 -19.7074 -40.7480 -31.5706 15.0471 -39.8503 30.9872 -48.1603 -24.0518 -20.9032
