-32.0210 -35.2074 -20.8567 -46.5362 33.3673 -37.4299 6.5828 -27.7370 -48.6283 -7.6119 -42.2373 22.1121 -33.4188 -26.6469 -22.4331 -47.3809 32.9669 -38.3289 9.9923 -28.8692 -47.7896 -12.8138 -43.3289 25.2515 -34.4934 -14.9045 -23.9289 -48.1211 28.2899 -39.2555 13.0644 -30.0091 -45.8654 -16.1877 -44.4103 28.4218 -35.5163 -4.7404 -25.2825 -48.6303 17.1791 -40.1802 15.9993 -31.1424 -42.2892 -18.6704 -45.4610 31.3281 -36.4605 1.8852 -26.5205 -48.7846 1.6508 -41.3403 21.2109 -34.7832 7.5384 -34.3840 19.1364 -40.6110 13.8575 -48.6790 -25.4708 -3.6135 -35.6547 28.8572 -44.5602 -16.5779 -45.4779 -30.1680 13.4813 -39.3857 27.1425 -48.2090 -24.1281 -13.2700 -34.6408 25.7006 -43.4827 -13.3706 -47.5945 -29.0312 10.4422 -38.4595 32.6248 -47.4959 -22.6538 -25.0782 -33.5731 22.5472 -42.3920 -8.5317 -48.5582 -27.8995 7.1134 -37.5593 33.4804 -46.6677 -21.1069 -34.0499 -32.1829
-35.2074 -21.3202 -46.7277 34.4965 -37.8786 7.4989 -28.5565 -48.4269 -6.6755 -42.3782 22.6120 -34.0744 -22.9799 -23.2401 -47.6153 34.7098 -38.7425 10.7236 -29.6589 -47.2768 -12.6608 -43.5099 25.7864 -35.1095 -11.3274 -24.8160 -48.3195 30.9178 -39.5987 13.6742 -30.7654 -44.8818 -16.4378 -44.6251 29.0453 -36.0815 -2.4108 -26.1957 -48.7555 20.6833 -40.4325 16.5361 -31.8680 -40.6050 -19.1723 -45.6984 32.1352 -36.9696 3.2996 -27.3934 -48.7887 4.9313 -41.2889 20.1275 -33.9132 -10.1896 -29.5833 -14.8699 -33.2252 17.7686 -40.6244 18.3474 -48.7884 -26.3758 -1.4572 -36.2123 29.5020 -44.7780 -16.8675 -44.4086 -30.9201 14.0766 -39.7187 29.9087 -48.3992 -25.0215 -9.8306 -35.2502 26.2420 -43.6693 -13.2908 -47.0273 -29.8162 11.1530 -38.8636 34.4748 -47.7271 -23.4751 -21.3318 -34.2237 23.0486 -42.5388 -7.7451 -48.3203 -28.7121 7.9884 -38.0014 34.6857 -46.8594 -21.5949 -34.0499
-20.8567 -46.7277 34.6196 -38.0354 8.1254 -28.7743 -48.2567 -8.3537 -42.6455 23.3596 -34.3381 -20.1137 -23.6413 -47.8055 34.2501 -38.9943 11.4595 -29.9275 -46.8269 -13.7220 -43.7847 26.5821 -35.3682 -8.7812 -25.1698 -48.4554 29.0868 -39.8589 14.3771 -31.0363 -44.0367 -17.1779 -44.8925 29.8363 -36.3263 -0.7799 -26.5027 -48.8081 17.1107 -40.6980 17.2433 -32.1406 -39.1780 -19.7471 -45.9511 32.8073 -37.2077 4.3935 -27.6625 -48.7487 1.6699 -41.5152 20.3705 -33.5393 -23.7601 -25.6106 -48.0188 -24.9977 -31.0651 -32.6892 17.8906 -40.8339 14.8509 -48.8253 -26.6751 0.0783 -36.4532 30.2824 -45.0448 -17.5786 -43.4965 -31.1925 14.7793 -39.9792 27.8397 -48.5256 -25.3682 -7.4213 -35.5072 27.0387 -43.9435 -14.2896 -46.5320 -30.0850 11.8808 -39.1154 33.8649 -47.9114 -23.8692 -18.4380 -34.4864 23.8008 -42.8064 -9.2820 -48.1229 -28.9301 8.5960 -38.1592 34.7821 -46.8594 -21.1069
-46.5362 34.4965 -38.0354 8.3603 -28.9052 -48.1064 -9.5505 -42.8750 24.0388 -34.5728 -17.3449 -24.0187 -47.9809 33.5327 -39.2024 12.1743 -30.1951 -46.3001 -14.6761 -44.0562 27.3757 -35.6086 -6.4778 -25.5117 -48.5729 26.8346 -40.0663 15.0732 -31.3050 -43.0721 -17.8635 -45.1556 30.6096 -36.5462 0.6801 -26.8006 -48.8331 13.2605 -40.8974 17.9500 -32.4072 -37.5838 -20.2883 -46.1976 33.4183 -37.4226 5.4091 -27.9363 -48.6965 -1.3291 -41.7445 20.9661 -33.5871 -26.6577 -23.6313 -48.4570 -11.1652 -48.2218 -22.4397 -34.3964 -32.6786 18.4220 -41.0137 10.9834 -48.8343 -26.9657 1.4545 -36.6698 31.0393 -45.3072 -18.2414 -42.4611 -31.4616 15.4771 -40.1847 25.3417 -48.6333 -25.7037 -5.2636 -35.7460 27.8328 -44.2139 -15.1923 -45.9560 -30.3510 12.5867 -39.3243 32.9734 -48.0800 -24.2396 -15.6871 -34.7188 24.4868 -43.0364 -10.3864 -47.9522 -29.0616 8.8248 -38.1592 34.6857 -46.6677
33.3673 -37.8786 8.1254 -28.9052 -48.0442 -10.1833 -43.0357 24.5728 -34.7654 -14.9371 -24.3534 -48.1356 32.5661 -39.4037 12.8623 -30.4571 -45.6945 -15.5393 -44.3239 28.1662 -35.8430 -4.4261 -25.8411 -48.6713 24.1588 -40.2702 15.7668 -31.5735 -41.9814 -18.5044 -45.4158 31.3537 -36.7593 1.9933 -27.0851 -48.8284 9.3316 -41.0921 18.6568 -32.6725 -35.8140 -20.8026 -46.4382 33.9526 -37.6356 6.3562 -28.2080 -48.6063 -3.9117 -42.0215 21.6688 -33.7832 -25.7087 -23.1348 -47.8496 23.5240 -43.4235 28.1627 -47.3035 -21.6762 -34.0167 -32.8580 19.0843 -41.2035 7.1167 -48.8122 -27.2440 2.6931 -36.8829 31.7690 -45.5642 -18.8604 -41.2896 -31.7291 16.1706 -40.3883 22.4106 -48.7197 -26.0266 -3.3417 -35.9777 28.6214 -44.4796 -16.0106 -45.2972 -30.6117 13.2699 -39.5263 31.8170 -48.2273 -24.5670 -13.3273 -34.9102 25.0253 -43.1968 -10.9724 -47.8828 -29.0616 8.5960 -38.0014 33.4804
-37.4299 7.4989 -28.7743 -48.1064 -10.1833 -43.0941 24.8722 -34.8958 -13.1572 -24.6201 -48.2610 31.4306 -39.5906 13.5119 -30.7087 -45.0165 -16.3130 -44.5854 28.9418 -36.0698 -2.6132 -26.1568 -48.7489 21.0498 -40.4726 16.4609 -31.8417 -40.7452 -19.1103 -45.6719 32.0640 -36.9707 3.1809 -27.3597 -48.7930 5.5510 -41.2821 19.3704 -32.9376 -33.8507 -21.2946 -46.6740 34.3965 -37.8484 7.2442 -28.4780 -48.4742 -6.0997 -42.2994 22.4051 -34.0234 -23.4829 -23.2587 -47.7214 32.9224 -40.6865 26.3655 -40.3350 34.8407 -47.0427 -21.7398 -32.4215 -33.0985 19.7922 -41.3922 3.4978 -48.7736 -27.5160 3.8234 -37.0942 32.4592 -45.8171 -19.4452 -39.9662 -31.9962 16.8657 -40.5895 19.0684 -48.7836 -26.3367 -1.6467 -36.2013 29.3930 -44.7389 -16.7473 -44.5615 -30.8646 13.9163 -39.7117 30.5043 -48.3456 -24.8281 -11.5953 -35.0399 25.3265 -43.2548 -10.9724 -47.9522 -28.9301 7.9884 -37.5593
6.5828 -28.5565 -48.2567 -9.5505 -43.0357 24.8722 -34.9431 -12.2055 -24.7944 -48.3491 30.3074 -39.7510 14.0873 -30.9409 -44.2898 -16.9970 -44.8353 29.6891 -36.2866 -1.0201 -26.4573 -48.8030 17.5816 -40.6719 17.1559 -32.1070 -39.3520 -19.6829 -45.9225 32.7319 -37.1825 4.2725 -27.6308 -48.7525 2.0829 -41.4713 20.0912 -33.2017 -31.6862 -21.7683 -46.9030 34.7297 -38.0613 8.0892 -28.7476 -48.2958 -7.9699 -42.5771 23.1601 -34.2753 -20.7960 -23.5757 -47.8033 33.8240 -39.6162 17.3621 -35.6513 16.1367 -39.0159 35.0023 -47.0982 -22.0772 -30.2930 -33.3554 20.5162 -41.6062 0.2646 -48.7294 -27.7868 4.8674 -37.3058 33.0965 -46.0651 -19.9997 -38.4786 -32.2619 17.5634 -40.7868 15.4081 -48.8227 -26.6310 -0.1547 -36.4152 30.1346 -44.9873 -17.4052 -43.7750 -31.0965 14.4886 -39.8706 29.2294 -48.4269 -24.9992 -10.6751 -35.0861 25.3265 -43.1968 -10.3864 -48.1229 -28.7121 7.1134
-27.7370 -48.4269 -8.3537 -42.8750 24.5728 -34.8958 -12.2055 -24.8555 -48.3947 29.4601 -39.8700 14.5454 -31.1367 -43.5694 -17.5847 -45.0652 30.3832 -36.4900 0.3698 -26.7404 -48.8317 13.8983 -40.8675 17.8502 -32.3702 -37.8025 -20.2205 -46.1682 33.3445 -37.3946 5.2852 -27.9016 -48.7053 -0.9739 -41.7056 20.8204 -33.4647 -29.3235 -22.2231 -47.1235 34.9300 -38.2740 8.8990 -29.0170 -48.0659 -9.5844 -42.8547 23.9267 -34.5289 -17.9458 -23.9421 -47.9530 33.5012 -39.3651 14.0804 -32.8302 -5.1134 -32.4282 12.0641 -38.6594 34.9832 -47.2636 -22.4865 -27.8542 -33.6153 21.2499 -41.8662 -2.5382 -48.6608 -28.0572 5.8409 -37.5181 33.6702 -46.3082 -20.5232 -36.8248 -32.5243 18.2585 -40.9795 11.6369 -48.8355 -26.9079 1.1603 -36.6153 30.8189 -45.2158 -17.9711 -42.9924 -31.2922 14.9491 -39.9884 28.2758 -48.4693 -25.0591 -10.6751 -35.0399 25.0253 -43.0364 -9.2820 -48.3203 -27.8995
-48.6283 -6.6755 -42.6455 24.0388 -34.7654 -13.1572 -24.7944 -48.3947 29.1424 -39.9334 14.8497 -31.2793 -42.9398 -18.0539 -45.2647 30.9929 -36.6730 1.5584 -27.0003 -48.8346 10.2121 -41.0541 18.5347 -32.6294 -36.0983 -20.7293 -46.4059 33.8840 -37.6065 6.2327 -28.1718 -48.6205 -3.6004 -41.9850 21.5619 -33.7261 -26.7772 -22.6594 -47.3360 34.9718 -38.4867 9.6805 -29.2865 -47.7791 -10.9908 -43.1316 24.7056 -34.7814 -15.0808 -24.3155 -48.1136 32.6797 -39.4293 13.3682 -31.3958 -35.5407 -26.5550 -38.5787 -30.6707 10.9765 -38.6875 34.8997 -47.4584 -22.9064 -25.2146 -33.8752 21.9942 -42.1451 -4.9311 -48.5524 -28.3272 6.7558 -37.7309 34.1608 -46.5427 -21.0182 -35.0109 -32.7824 18.9426 -41.1645 7.9729 -48.8219 -27.1627 2.2854 -36.7971 31.4188 -45.4147 -18.4236 -42.3090 -31.4362 15.2529 -40.0524 27.9211 -48.4693 -24.9992 -11.5953 -34.9102 24.4868 -42.8064 -7.7451 -48.5582
-7.6119 -42.3782 23.3596 -34.5728 -14.9371 -24.6201 -48.3491 29.4601 -39.9334 14.9574 -31.3573 -42.4985 -18.3812 -45.4212 31.4917 -36.8292 2.5397 -27.2306 -48.8136 6.7868 -41.2299 19.1973 -32.8804 -34.2457 -21.2092 -46.6346 34.3323 -37.8162 7.1194 -28.4393 -48.4946 -5.8293 -42.2639 22.3119 -33.9846 -24.0676 -23.0804 -47.5396 34.8261 -38.6992 10.4397 -29.5559 -47.4293 -12.2307 -43.4072 25.4913 -35.0298 -12.3144 -24.6823 -48.2671 31.4403 -39.5949 13.6245 -30.9912 -42.4655 -21.5358 -48.6817 -20.6518 -45.0971 -30.1079 11.1181 -38.8448 34.6355 -47.6536 -23.3185 -22.4285 -34.1328 22.7475 -42.4233 -6.9669 -48.4003 -28.5959 7.6183 -37.9411 34.5505 -46.7677 -21.4871 -33.0514 -33.0334 19.6096 -41.3382 4.6512 -48.7863 -27.3889 3.2147 -36.9527 31.9047 -45.5704 -18.7412 -41.8351 -31.5140 15.3580 -40.0524 28.2758 -48.4269 -24.8281 -13.3273 -34.7188 23.8008 -42.5388 -8.5317
-42.2373 22.6120 -34.3381 -17.3449 -24.3534 -48.2610 30.3074 -39.8700 14.8497 -31.3573 -42.3359 -18.5554 -45.5226 31.8434 -36.9526 3.3010 -27.4261 -48.7791 3.8264 -41.3917 19.8283 -33.1189 -32.2944 -21.6572 -46.8541 34.6733 -38.0224 7.9500 -28.7040 -48.3243 -7.7188 -42.5402 23.0615 -34.2412 -21.2376 -23.4872 -47.7334 34.4605 -38.9113 11.1803 -29.8253 -47.0078 -13.3344 -43.6810 26.2793 -35.2747 -9.7217 -25.0379 -48.4075 29.7771 -39.7913 14.1893 -31.0401 -43.5078 -18.9124 -46.7478 15.4689 -46.3219 -17.0104 -46.1062 -30.0993 11.6675 -39.0406 34.1295 -47.8406 -23.7175 -19.5541 -34.3881 23.5042 -42.6999 -8.7031 -48.2021 -28.8611 8.4307 -38.1465 34.8235 -46.9830 -21.9256 -30.9878 -33.2704 20.2476 -41.5008 1.8771 -48.7535 -27.5826 3.9385 -37.0752 32.2450 -45.6699 -18.9095 -41.6614 -31.5140 15.2529 -39.9884 29.2294 -48.3456 -24.5670 -15.6871 -34.4864 23.0486 -42.3920
22.1121 -34.0744 -20.1137 -24.0187 -48.1356 31.4306 -39.7510 14.5454 -31.2793 -42.4985 -18.5554 -45.5582 32.0279 -37.0315 3.8211 -27.5775 -48.7517 1.4750 -41.5403 20.4065 -33.3382 -30.3030 -22.0677 -47.0581 34.8913 -38.2249 8.7311 -28.9652 -48.1094 -9.3284 -42.8120 23.8151 -34.4928 -18.3631 -23.8804 -47.9163 33.8412 -39.1226 11.9064 -30.0945 -46.5090 -14.3257 -43.9532 27.0712 -35.5161 -7.3454 -25.3820 -48.5312 27.6988 -39.9964 14.8506 -31.2438 -43.1335 -18.2586 -45.7840 35.0649 -41.2509 34.6426 -45.0400 -15.8350 -45.9867 -30.2824 12.3362 -39.2466 33.3467 -48.0168 -24.1024 -16.6836 -34.6391 24.2630 -42.9719 -10.1896 -47.9562 -29.1216 9.1952 -38.3478 34.9615 -47.1833 -22.3253 -28.8925 -33.4884 20.8316 -41.6768 -0.2910 -48.7284 -27.7341 4.4349 -37.1543 32.4234 -45.7046 -18.9095 -41.8351 -31.4362 14.9491 -39.8706 30.5043 -48.2273 -24.2396 -18.4380 -34.2237 22.5472
-33.4188 -22.9799 -23.6413 -47.9809 32.5661 -39.5906 14.0873 -31.1367 -42.9398 -18.3812 -45.5226 32.0279 -37.0580 4.0840 -27.6725 -48.7343 -0.2008 -41.6887 20.9036 -33.5288 -28.3785 -22.4308 -47.2416 34.9759 -38.4172 9.4601 -29.2169 -47.8487 -10.7152 -43.0783 24.5679 -34.7385 -15.5317 -24.2561 -48.0859 32.9342 -39.3327 12.6171 -30.3629 -45.9276 -15.2259 -44.2236 27.8645 -35.7532 -5.2041 -25.7150 -48.6366 25.1958 -40.2003 15.5376 -31.4981 -42.2355 -18.5112 -45.5713 33.1772 -38.6313 19.0713 -38.2436 31.1558 -44.6748 -15.9839 -45.4894 -30.5262 13.0294 -39.4555 32.2585 -48.1793 -24.4714 -13.8921 -34.8842 25.0196 -43.2385 -11.4713 -47.6610 -29.3739 9.9075 -38.5410 34.9579 -47.3638 -22.6802 -26.8920 -33.6787 21.3329 -41.8494 -1.8300 -48.7016 -27.8302 4.6913 -37.1816 32.4234 -45.6699 -18.7412 -42.3090 -31.2922 14.4886 -39.7117 31.8170 -48.0800 -23.8692 -21.3318 -33.5731
-26.6469 -23.2401 -47.8055 33.5327 -39.4037 13.5119 -30.9409 -43.5694 -18.0539 -45.4212 31.8434 -37.0315 4.0840 -27.7046 -48.7225 -1.1776 -41.8114 21.2919 -33.6827 -26.6777 -22.7379 -47.4017 34.9339 -38.5945 10.1264 -29.4558 -47.5444 -11.9004 -43.3380 25.3095 -34.9783 -12.8210 -24.6150 -48.2404 31.7152 -39.5411 13.3123 -30.6300 -45.2579 -16.0496 -44.4918 28.6559 -35.9855 -3.2884 -26.0374 -48.7218 22.2550 -40.4018 16.2284 -31.7686 -41.0357 -19.0734 -45.7222 32.6883 -37.6224 10.7198 -33.4652 9.2342 -36.9451 30.0095 -44.7339 -16.5669 -44.8013 -30.7875 13.7208 -39.6622 30.8337 -48.3257 -24.8240 -11.2701 -35.1217 25.7673 -43.4975 -12.5755 -47.3215 -29.6134 10.5594 -38.7183 34.8253 -47.5195 -22.9813 -25.1286 -33.8329 21.7223 -41.9723 -2.7302 -48.6846 -27.8629 4.6913 -37.1543 32.2450 -45.5704 -18.4236 -42.9924 -31.0965 13.9163 -39.5263 32.9734 -47.9114 -23.4751 -25.0782
-22.4331 -47.6153 34.2501 -39.2024 12.8623 -30.7087 -44.2898 -17.5847 -45.2647 31.4917 -36.9526 3.8211 -27.6725 -48.7225 -1.4871 -41.8737 21.5353 -33.7910 -25.3364 -22.9814 -47.5325 34.7927 -38.7532 10.7149 -29.6782 -47.2085 -12.9081 -43.5875 26.0348 -35.2082 -10.3252 -24.9593 -48.3795 30.1677 -39.7456 13.9998 -30.8941 -44.4913 -16.8057 -44.7564 29.4405 -36.2124 -1.5789 -26.3492 -48.7849 18.8950 -40.6024 16.9245 -32.0417 -39.6067 -19.7265 -46.0330 33.4664 -37.6049 7.6588 -30.5581 -29.6539 -30.0008 3.9884 -36.6054 30.1587 -44.9343 -17.2411 -43.9768 -31.0513 14.4043 -39.8643 29.0606 -48.4552 -25.1608 -8.8874 -35.3492 26.4942 -43.7451 -13.5243 -46.9512 -29.8343 11.1415 -38.8757 34.5945 -47.6467 -23.2207 -23.7324 -33.9422 21.9655 -42.0348 -3.0222 -48.6846 -27.8302 4.4349 -37.0752 31.9047 -45.4147 -17.9711 -43.7750 -30.8646 13.2699 -39.3243 33.8649 -47.7271 -22.6538
-47.3809 34.7098 -38.9943 12.1743 -30.4571 -45.0165 -16.9970 -45.0652 30.9929 -36.8292 3.3010 -27.5775 -48.7343 -1.1776 -41.8737 21.6154 -33.8461 -24.4793 -23.1496 -47.6292 34.5979 -38.8863 11.2180 -29.8752 -46.8588 -13.7593 -43.8193 26.7265 -35.4254 -8.1011 -25.2820 -48.5003 28.2779 -39.9442 14.6733 -31.1547 -43.6198 -17.4998 -45.0160 30.2071 -36.4318 -0.0541 -26.6486 -48.8240 15.2015 -40.8006 17.6217 -32.3098 -38.0109 -20.3587 -46.3924 34.6629 -38.5305 9.4217 -29.6903 -45.3140 -23.1245 -47.1561 -28.1042 2.2666 -36.6373 30.7250 -45.1747 -17.8998 -43.0414 -31.3107 15.0760 -40.0617 26.9446 -48.5669 -25.4780 -6.7759 -35.5640 27.1876 -43.9757 -14.3227 -46.5678 -30.0299 11.6393 -39.0089 34.3179 -47.7410 -23.3868 -22.8456 -33.9976 22.0462 -42.0348 -2.7302 -48.7016 -27.7341 3.9385 -36.9527 31.4188 -45.2158 -17.4052 -44.5615 -30.6117 12.5867 -39.1154 34.4748 -47.4959
32.9669 -38.7425 11.4595 -30.1951 -45.6945 -16.3130 -44.8353 30.3832 -36.6730 2.5397 -27.4261 -48.7517 -0.2008 -41.8114 21.5353 -33.8461 -24.1830 -23.2338 -47.6884 34.4171 -38.9891 11.6231 -30.0393 -46.5199 -14.4546 -44.0255 27.3661 -35.6263 -6.1690 -25.5802 -48.6019 26.0795 -40.1353 15.3287 -31.4100 -42.6444 -18.1436 -45.2697 30.9458 -36.6438 1.3107 -26.9356 -48.8354 11.3483 -40.9958 18.3187 -32.5712 -36.3089 -20.8973 -46.6940 35.1136 -39.9364 18.4109 -31.4873 -45.3013 -18.0366 -47.5033 -14.2768 -48.6383 -27.5130 2.4797 -36.7904 31.3961 -45.4228 -18.5142 -41.9961 -31.5646 15.7309 -40.2527 24.5020 -48.6588 -25.7720 -4.9649 -35.7624 27.8275 -44.1823 -14.9764 -46.1948 -30.1945 12.0388 -39.1111 34.0748 -47.7972 -23.4695 -22.5457 -33.9976 21.9655 -41.9723 -1.8300 -48.7284 -27.5826 3.2147 -36.7971 30.8189 -44.9873 -16.7473 -45.2972 -30.3510 11.8808 -38.8636 32.6248
-38.3289 10.7236 -29.9275 -46.3001 -15.5393 -44.5854 29.6891 -36.4900 1.5584 -27.2306 -48.7791 1.4750 -41.6887 21.2919 -33.7910 -24.4793 -23.2338 -47.7081 34.3119 -39.0524 11.9047 -30.1656 -46.2167 -15.0014 -44.2036 27.9282 -35.8035 -4.5501 -25.8517 -48.6833 23.6291 -40.3192 15.9645 -31.6582 -41.5658 -18.7384 -45.5181 31.6509 -36.8496 2.5338 -27.2098 -48.8168 7.5170 -41.1860 19.0159 -32.8266 -34.5069 -21.3414 -46.8975 34.9551 -40.7128 26.5276 -38.9080 -24.1433 -18.1525 -45.4307 34.0405 -44.0708 -5.4483 -48.7446 -27.4966 3.3304 -36.9813 32.0703 -45.6669 -19.0849 -40.8399 -31.8131 16.3666 -40.4359 21.8173 -48.7294 -26.0382 -3.4482 -35.9379 28.3866 -44.3595 -15.4956 -45.8615 -30.3223 12.3181 -39.1736 33.9412 -47.8154 -23.4695 -22.8456 -33.9422 21.7223 -41.8494 -0.2910 -48.7535 -27.3889 2.2854 -36.6153 30.1346 -44.7389 -16.0106 -45.9560 -30.0850 11.1530 -38.4595
9.9923 -29.6589 -46.8269 -14.6761 -44.3239 28.9418 -36.2866 0.3698 -27.0003 -48.8136 3.8264 -41.5403 20.9036 -33.6827 -25.3364 -23.1496 -47.6884 34.3119 -39.0724 12.0405 -30.2440 -45.9846 -15.4000 -44.3468 28.3963 -35.9533 -3.2445 -26.0876 -48.7436 21.0467 -40.4906 16.5717 -31.8964 -40.3983 -19.2834 -45.7566 32.3129 -37.0523 3.6328 -27.4731 -48.7793 3.9248 -41.3719 19.7190 -33.0787 -32.5579 -21.7322 -47.0374 34.9162 -40.4953 26.7135 -41.7994 8.8037 -47.9298 -36.3651 22.9190 -38.5855 27.8253 -42.4454 -1.6393 -48.7370 -27.6794 4.3083 -37.1816 32.7016 -45.9010 -19.6136 -39.5937 -32.0519 16.9753 -40.6065 19.0463 -48.7799 -26.2695 -2.2240 -36.0857 28.8531 -44.5013 -15.8778 -45.6076 -30.4015 12.4530 -39.1935 33.9412 -47.7972 -23.3868 -23.7324 -33.8329 21.3329 -41.6768 1.8771 -48.7863 -27.1627 1.1603 -36.4152 29.3930 -44.4796 -15.1923 -46.5320 -29.8162 10.4422
-28.8692 -47.2768 -13.7220 -44.0562 28.1662 -36.0698 -1.0201 -26.7404 -48.8346 6.7868 -41.3917 20.4065 -33.5288 -26.6777 -22.9814 -47.6292 34.4171 -39.0524 12.0405 -30.2694 -45.8657 -15.6392 -44.4475 28.7561 -36.0715 -2.2369 -26.2841 -48.7856 18.5269 -40.6446 17.1344 -32.1196 -39.1721 -19.7823 -45.9817 32.9112 -37.2513 4.6353 -27.7309 -48.7381 0.7617 -41.5730 20.4260 -33.3302 -30.4272 -22.1121 -47.1674 34.9342 -39.8752 21.5447 -39.0572 33.4781 -46.6834 -22.4457 -10.0260 -32.4935 7.5753 -35.8023 23.5337 -42.0807 -2.3177 -48.6925 -27.9204 5.2527 -37.3771 33.2657 -46.1236 -20.0983 -38.2808 -32.2749 17.5371 -40.7596 16.3901 -48.8119 -26.4618 -1.2811 -36.2027 29.2107 -44.6020 -16.1086 -45.4783 -30.4269 12.4530 -39.1736 34.0748 -47.7410 -23.2207 -25.1286 -33.6787 20.8316 -41.5008 4.6512 -48.8219 -26.9079 -0.1547 -36.2013 28.6214 -44.2139 -14.2896 -47.0273 -29.0312
-47.7896 -12.6608 -43.7847 27.3757 -35.8430 -2.6132 -26.4573 -48.8317 10.2121 -41.2299 19.8283 -33.3382 -28.3785 -22.7379 -47.5325 34.5979 -38.9891 11.9047 -30.2440 -45.8657 -15.7168 -44.4981 28.9792 -36.1549 -1.5060 -26.4381 -48.8117 16.2510 -40.7791 17.6373 -32.3222 -37.9256 -20.2298 -46.1906 33.4356 -37.4411 5.5442 -27.9825 -48.6810 -1.9609 -41.8131 21.1287 -33.5799 -28.1189 -22.4959 -47.3141 34.8923 -39.4328 17.5546 -36.4237 19.5865 -40.8539 28.8656 -48.3355 -23.0440 -43.2489 -28.6727 -4.2360 -34.8930 22.8847 -42.2066 -4.3631 -48.6097 -28.1697 6.1203 -37.5663 33.7540 -46.3312 -20.5317 -36.9430 -32.4764 18.0410 -40.8918 14.0229 -48.8295 -26.6123 -0.5977 -36.2859 29.4324 -44.6523 -16.1826 -45.4783 -30.4015 12.3181 -39.1111 34.3179 -47.6467 -22.9813 -26.8920 -33.4884 20.2476 -41.3382 7.9729 -48.8355 -26.6310 -1.6467 -35.9777 27.8328 -43.9435 -13.2908 -47.5945
-12.8138 -43.5099 26.5821 -35.6086 -4.4261 -26.1568 -48.8030 13.8983 -41.0541 19.1973 -33.1189 -30.3030 -22.4308 -47.4017 34.7927 -38.8863 11.6231 -30.1656 -45.9846 -15.6392 -44.4981 29.0534 -36.1976 -1.0605 -26.5474 -48.8259 14.3618 -40.8876 18.0650 -32.4969 -36.7154 -20.6205 -46.3800 33.8768 -37.6197 6.3566 -28.2230 -48.5931 -4.2653 -42.0722 21.8229 -33.8254 -25.6410 -22.8760 -47.4743 34.7724 -39.2107 15.1366 -34.6385 9.7503 -36.6378 24.8180 -42.3247 23.4166 -47.4053 -17.5804 -48.3914 -26.9990 -8.6227 -34.9220 23.5461 -42.4925 -6.4451 -48.4895 -28.4112 6.9023 -37.7458 34.1543 -46.5192 -20.9123 -35.6551 -32.6514 18.4727 -41.0011 12.0842 -48.8366 -26.7185 -0.1810 -36.3280 29.5061 -44.6523 -16.1086 -45.6076 -30.3223 12.0388 -39.0089 34.5945 -47.5195 -22.6802 -28.8925 -33.2704 19.6096 -41.1645 11.6369 -48.8227 -26.3367 -3.3417 -35.7460 27.0387 -43.6693 -13.3706
-43.3289 25.7864 -35.3682 -6.4778 -25.8411 -48.7489 17.5816 -40.8675 18.5347 -32.8804 -32.2944 -22.0677 -47.2416 34.9339 -38.7532 11.2180 -30.0393 -46.2167 -15.4000 -44.4475 28.9792 -36.1976 -0.9142 -26.6032 -48.8325 12.9739 -40.9690 18.4060 -32.6404 -35.6205 -20.9481 -46.5462 34.2259 -37.7852 7.0784 -28.4491 -48.4772 -6.1719 -42.3230 22.5080 -34.0627 -23.0705 -23.2505 -47.6411 34.5378 -39.1438 13.7707 -33.3291 -0.4485 -33.7898 14.0103 -38.8611 30.6072 -42.8658 29.4663 -46.2315 -14.4181 -48.5693 -27.3788 -4.6041 -35.3852 24.6764 -42.8147 -8.2107 -48.3395 -28.6371 7.6002 -37.9116 34.4601 -46.6826 -21.2331 -34.5021 -32.7948 18.8189 -41.0825 10.6986 -48.8385 -26.7724 -0.0436 -36.3280 29.4324 -44.6020 -15.8778 -45.8615 -30.1945 11.6393 -38.8757 34.8253 -47.3638 -22.3253 -30.9878 -33.0334 18.9426 -40.9795 15.4081 -48.7836 -26.0266 -5.2636 -35.5072 26.2420 -43.4827
25.2515 -35.1095 -8.7812 -25.5117 -48.6713 21.0498 -40.6719 17.8502 -32.6294 -34.2457 -21.6572 -47.0581 34.9759 -38.5945 10.7149 -29.8752 -46.5199 -15.0014 -44.3468 28.7561 -36.1549 -1.0605 -26.6032 -48.8342 12.2608 -41.0211 18.6509 -32.7486 -34.7107 -21.2092 -46.6834 34.4844 -37.9330 7.7102 -28.6572 -48.3390 -7.7437 -42.5624 23.1716 -34.2902 -20.4963 -23.6123 -47.8059 34.1344 -39.1792 13.1151 -32.2163 -18.9453 -30.9139 3.2929 -36.6090 27.3370 -41.8473 35.0502 -43.6503 24.4781 -46.7981 -17.9400 -47.2248 -28.9322 1.0530 -35.9392 25.8456 -43.1035 -9.5747 -48.1724 -28.8391 8.2069 -38.0582 34.6757 -46.8167 -21.4866 -33.5402 -32.9015 19.0660 -41.1339 9.9987 -48.8393 -26.7724 -0.1810 -36.2859 29.2107 -44.5013 -15.4956 -46.1948 -30.0299 11.1415 -38.7183 34.9579 -47.1833 -21.9256 -33.0514 -32.7824 18.2585 -40.7868 19.0684 -48.7197 -25.7037 -7.4213 -35.2502 25.7006
-34.4934 -11.3274 -25.1698 -48.5729 24.1588 -40.4726 17.1559 -32.3702 -36.0983 -21.2092 -46.8541 34.8913 -38.4172 10.1264 -29.6782 -46.8588 -14.4546 -44.2036 28.3963 -36.0715 -1.5060 -26.5474 -48.8325 12.2608 -41.0393 18.7760 -32.8178 -34.0377 -21.4009 -46.7906 34.6592 -38.0565 8.2390 -28.8412 -48.1860 -9.0228 -42.7834 23.8045 -34.5071 -17.9871 -23.9543 -47.9622 33.5229 -39.2814 12.9804 -31.4295 -34.8301 -27.1382 -33.0932 -32.6210 18.7875 -43.6119 27.2032 -44.7056 28.9504 -45.2743 -5.4852 -48.5092 -23.1127 -40.7630 -30.7060 5.1187 -36.3848 26.7066 -43.3117 -10.5613 -48.0015 -29.0145 8.7166 -38.1812 34.8126 -46.9209 -21.6726 -32.8264 -32.9697 19.1915 -41.1530 9.9987 -48.8385 -26.7185 -0.5977 -36.2027 28.8531 -44.3595 -14.9764 -46.5678 -29.8343 10.5594 -38.5410 34.9615 -46.9830 -21.4871 -35.0109 -32.5243 17.5634 -40.5895 22.4106 -48.6333 -25.3682 -9.8306 -34.6408
-14.9045 -24.8160 -48.4554 26.8346 -40.2702 16.4609 -32.1070 -37.8025 -20.7293 -46.6346 34.6733 -38.2249 9.4601 -29.4558 -47.2085 -13.7593 -44.0255 27.9282 -35.9533 -2.2369 -26.4381 -48.8259 12.9739 -41.0211 18.7760 -32.8426 -33.6809 -21.5213 -46.8645 34.7674 -38.1540 8.6542 -28.9934 -48.0307 -10.0356 -42.9805 24.3873 -34.7076 -15.6227 -24.2724 -48.1057 32.6891 -39.4228 13.1937 -31.0406 -41.1181 -23.1649 -48.5374 -25.2870 -14.1611 -34.3824 -15.8471 -48.7841 -11.5180 -46.6288 -3.9544 -47.8655 -19.6781 -47.2959 -27.3744 -25.3694 -32.0564 7.2241 -36.5852 27.0698 -43.4320 -11.2750 -47.8369 -29.1620 9.1278 -38.2789 34.8897 -46.9946 -21.7909 -32.4470 -32.9944 19.1915 -41.1339 10.6986 -48.8366 -26.6123 -1.2811 -36.0857 28.3866 -44.1823 -14.3227 -46.9512 -29.6134 9.9075 -38.3478 34.8235 -46.7677 -21.0182 -36.8248 -32.2619 16.8657 -40.3883 25.3417 -48.5256 -25.0215 -13.2700
-23.9289 -48.3195 29.0868 -40.0663 15.7668 -31.8417 -39.3520 -20.2205 -46.4059 34.3323 -38.0224 8.7311 -29.2169 -47.5444 -12.9081 -43.8193 27.3661 -35.8035 -3.2445 -26.2841 -48.8117 14.3618 -40.9690 18.6509 -32.8181 -33.6805 -21.5640 -46.9020 34.8253 -38.2222 8.9627 -29.1141 -47.8891 -10.8151 -43.1509 24.8994 -34.8831 -13.5143 -24.5628 -48.2333 31.6519 -39.5792 13.5990 -30.9550 -43.0998 -20.2443 -47.8666 -10.0279 -48.3460 -18.7143 -48.4532 12.2736 -28.0325 -48.4768 -16.4612 -48.2669 -19.1915 -48.0146 -26.1954 -35.2342 -30.2603 -11.5022 -32.5991 7.3479 -36.4881 27.0112 -43.5001 -11.8234 -47.6840 -29.2831 9.4359 -38.3485 34.9272 -47.0326 -21.8334 -32.4468 -32.9707 19.0660 -41.0825 12.0842 -48.8295 -26.4618 -2.2240 -35.9379 27.8275 -43.9757 -13.5243 -47.3215 -29.3739 9.1952 -38.1465 34.5505 -46.5427 -20.5232 -38.4786 -31.9962 16.1706 -40.1847 27.8397 -48.3992 -24.1281
-48.1211 30.9178 -39.8589 15.0732 -31.5735 -40.7452 -19.6829 -46.1682 33.8840 -37.8162 7.9500 -28.9652 -47.8487 -11.9004 -43.5875 26.7265 -35.6263 -4.5501 -26.0876 -48.7856 16.2510 -40.8876 18.4060 -32.7490 -34.0354 -21.5232 -46.9029 34.8447 -38.2592 9.1646 -29.2043 -47.7692 -11.4066 -43.2930 25.3431 -35.0338 -11.7575 -24.8164 -48.3425 30.4465 -39.7364 14.0806 -31.0322 -43.4724 -18.7830 -46.5448 30.5028 -43.6086 33.2505 -44.2649 34.3683 -35.7651 -18.5171 -24.6971 -48.7182 -21.1547 -47.6507 -26.4756 -33.8760 -30.2658 -15.0918 -31.5277 -9.9009 -32.1841 5.6287 -36.2067 26.8213 -43.5635 -12.3004 -47.5409 -29.3849 9.6517 -38.3891 34.9390 -47.0333 -21.7946 -32.8250 -32.9024 18.8190 -41.0011 14.0229 -48.8119 -26.2695 -3.4482 -35.7624 27.1876 -43.7451 -12.5755 -47.6610 -29.1216 8.4307 -37.9411 34.1608 -46.3082 -19.9997 -39.9662 -31.7291 15.4771 -39.9792 29.9087 -48.2090
28.2899 -39.5987 14.3771 -31.3050 -41.9814 -19.1103 -45.9225 33.3445 -37.6065 7.1194 -28.7040 -48.1094 -10.7152 -43.3380 26.0348 -35.4254 -6.1690 -25.8517 -48.7436 18.5269 -40.7791 18.0651 -32.6405 -34.7062 -21.4048 -46.8676 34.8314 -38.2683 9.2722 -29.2732 -47.6669 -11.8674 -43.4113 25.7227 -35.1652 -10.2793 -25.0314 -48.4299 29.1472 -39.8858 14.5723 -31.1788 -43.2098 -18.3370 -45.8576 34.9137 -40.3994 25.6026 -39.2441 23.2680 -37.3186 5.8546 -29.2138 -45.7762 -23.9749 -45.9425 -27.6634 -24.6511 -31.3472 -4.6274 -32.2727 -8.8633 -31.0824 -21.1003 -30.9380 2.6502 -35.9402 26.8097 -43.6679 -12.8479 -47.3700 -29.5014 9.7923 -38.4005 34.9318 -46.9970 -21.6781 -33.5346 -32.7948 18.4727 -40.8918 16.3901 -48.7799 -26.0382 -4.9649 -35.5640 26.4942 -43.4975 -11.4713 -47.9562 -28.8611 7.6183 -37.7309 33.6702 -46.0651 -19.4452 -41.2896 -31.4616 14.7793 -39.7187 27.1425
-39.2555 13.6742 -31.0363 -43.0721 -18.5044 -45.6719 32.7319 -37.3946 6.2327 -28.4393 -48.3243 -9.3284 -43.0783 25.3095 -35.2082 -8.1011 -25.5802 -48.6833 21.0467 -40.6446 17.6373 -32.4970 -35.6143 -21.2139 -46.7961 34.7834 -38.2508 9.3128 -29.3597 -47.5413 -12.3777 -43.5372 26.1039 -35.2919 -8.9643 -25.2242 -48.5015 27.8451 -40.0183 15.0379 -31.3456 -42.6725 -18.4029 -45.6199 33.4210 -38.6084 15.9768 -35.3975 10.3292 -34.1528 2.5565 -30.2929 -40.1819 -26.0318 -42.7504 -29.0363 -8.4305 -33.1510 7.3919 -34.3595 3.7803 -32.2973 -20.0364 -28.8204 -38.1196 -29.3368 -0.2421 -35.8549 27.2816 -43.9185 -13.9301 -46.9828 -29.6780 9.8610 -38.3804 34.9005 -46.9255 -21.4904 -34.4959 -32.6514 18.0410 -40.7596 19.0463 -48.7294 -25.7720 -6.7759 -35.3492 25.7673 -43.2385 -10.1896 -48.2021 -28.5959 6.7558 -37.5181 33.0965 -45.8171 -18.8604 -42.4611 -31.1925 14.0766 -39.3857
13.0644 -30.7654 -44.0367 -17.8635 -45.4158 32.0640 -37.1825 5.2852 -28.1718 -48.4946 -7.7188 -42.8120 24.5679 -34.9783 -10.3252 -25.2820 -48.6019 23.6291 -40.4906 17.1349 -32.3226 -36.7078 -20.9546 -46.6920 34.6900 -38.2072 9.3027 -29.5065 -47.2354 -13.5832 -43.8127 26.8050 -35.4771 -7.4589 -25.4297 -48.5670 26.4619 -40.1382 15.4638 -31.5127 -42.0056 -18.6780 -45.6160 32.6703 -37.7505 10.5726 -32.4594 -9.8745 -30.1485 -26.5277 -28.3748 -41.9142 -26.4413 -40.8139 -29.8118 0.3955 -34.9900 16.4547 -37.7428 18.0073 -35.2380 0.1403 -30.0573 -41.6558 -24.8760 -46.2422 -28.0882 -0.9051 -36.1105 29.0764 -44.7338 -16.9488 -46.1424 -29.8707 9.8051 -38.3230 34.8293 -46.8220 -21.2367 -35.6514 -32.4775 17.5385 -40.6065 21.8173 -48.6588 -25.4780 -8.8874 -35.1217 25.0196 -42.9719 -8.7031 -48.4003 -28.3272 5.8409 -37.3058 32.4592 -45.5642 -18.2414 -43.4965 -30.9201 13.4813
-30.0091 -44.8818 -17.1779 -45.1556 31.3537 -36.9707 4.2725 -27.9016 -48.6205 -5.8293 -42.5402 23.8151 -34.7385 -12.8210 -24.9593 -48.5003 26.0795 -40.3193 16.5727 -32.1212 -37.9127 -20.6306 -46.5581 34.5356 -38.1366 9.2214 -29.6925 -46.5720 -16.2702 -44.8408 29.2532 -35.9382 -4.6183 -25.7487 -48.6433 24.7378 -40.2602 15.8778 -31.6808 -41.2478 -19.0320 -45.7183 32.5925 -37.4259 7.6002 -30.3546 -38.2088 -25.7024 -46.8614 -24.0809 -47.4175 -24.9359 -42.6725 -29.7021 1.7078 -35.8616 22.7627 -41.0595 34.6155 -41.7617 16.8836 -32.9746 -30.2539 -24.9255 -48.7098 -19.9782 -48.2057 -27.6820 1.9193 -37.0115 34.1589 -47.5912 -20.3028 -45.2504 -29.9300 9.5576 -38.2274 34.6963 -46.6871 -20.9189 -36.9288 -32.2761 16.9766 -40.4359 24.5020 -48.5669 -25.1608 -11.2701 -34.8842 24.2630 -42.6999 -6.9669 -48.5524 -28.0572 4.8674 -37.0942 31.7690 -45.3072 -17.5786 -44.4086 -30.1680
-45.8654 -16.4378 -44.8925 30.6096 -36.7593 3.1809 -27.6308 -48.7053 -3.6004 -42.2639 23.0615 -34.4928 -15.5317 -24.6150 -48.3795 28.2779 -40.1355 15.9656 -31.8988 -39.1554 -20.2445 -46.3954 34.3036 -38.0395 9.0400 -29.8378 -45.7180 -19.1072 -46.9083 32.8122 -37.3426 1.4501 -26.3224 -48.7657 22.1858 -40.3882 16.2973 -31.8502 -40.3486 -19.4745 -45.8917 32.8983 -37.3831 6.3638 -29.1801 -45.9159 -21.0401 -48.5880 -16.9168 -48.6514 -21.3834 -46.3772 -28.7946 -1.7636 -35.5147 23.3891 -42.3473 8.9717 -48.3425 -11.5191 -35.3963 -5.1474 -26.5908 -48.6131 -15.7090 -47.6085 -16.0478 -48.5090 -27.4738 5.7564 -37.2765 -19.2392 -48.7659 -21.5744 -45.3195 -29.7682 9.1050 -38.0971 34.4813 -46.5235 -20.5383 -38.2694 -32.0520 16.3666 -40.2527 26.9446 -48.4552 -24.8240 -13.8921 -34.6391 23.5042 -42.4233 -4.9311 -48.6608 -27.7868 3.8234 -36.8829 31.0393 -45.0448 -16.8675 -45.4779
-16.1877 -44.6251 29.8363 -36.5462 1.9933 -27.3597 -48.7525 -0.9739 -41.9850 22.3119 -34.2412 -18.3631 -24.2561 -48.2404 30.1677 -39.9444 15.3307 -31.6611 -40.3830 -19.8003 -46.2076 33.9789 -37.9159 8.7599 -29.9262 -45.0541 -20.7478 -48.2534 -13.3613 -46.9017 6.4372 -26.4338 -48.9816 20.6864 -40.4242 16.5274 -31.9652 -39.3830 -20.0761 -46.2151 33.6733 -37.5649 6.4517 -28.7191 -47.7013 -16.6608 -46.9180 4.0908 -46.5414 -13.7162 -48.6790 -26.9644 -9.1746 -34.6369 19.9623 -41.4812 13.4876 -48.8952 -27.9606 12.2007 -49.0788 -21.9775 -48.7640 -13.8639 -46.7618 -1.3931 -46.8411 -13.2765 -48.4280 -15.0639 -38.5322 0.2469 -24.8782 -48.7481 -20.3031 -46.2943 -29.4544 8.4976 -37.9411 34.1754 -46.3344 -20.1017 -39.5907 -31.8135 15.7309 -40.0617 29.0606 -48.3257 -24.4714 -16.6836 -34.3881 22.7475 -42.1451 -2.5382 -48.7294 -27.5160 2.6931 -36.6698 30.2824 -44.7780 -16.5779
-44.4103 29.0453 -36.3263 0.6801 -27.0851 -48.7930 2.0829 -41.7056 21.5619 -33.9846 -21.2376 -23.8804 -48.0859 31.7148 -39.7456 14.6754 -31.4123 -41.5490 -19.3020 -45.9973 33.5507 -37.7599 8.3588 -30.0185 -44.3882 -21.5500 -48.5771 -18.6638 -47.2520 -29.6217 27.0442 -44.5785 34.8352 -39.5327 15.1449 -31.7334 -39.3498 -20.6431 -46.7479 35.0978 -38.2961 8.2574 -28.8629 -48.0343 -13.3244 -45.3358 33.9263 -43.6150 21.7462 -47.7462 -23.0063 -26.5792 -33.7786 17.1300 -40.1051 34.4345 -47.6678 -23.9856 -6.4482 -37.1115 29.8091 -46.5317 1.3262 -45.9356 4.2569 -46.8276 -13.2828 -47.8979 14.9314 -43.4287 22.2177 -32.3549 -45.2663 -17.0512 -47.6014 -17.5386 -47.2316 -29.1204 7.8163 -37.7691 33.7757 -46.1275 -19.6183 -40.8368 -31.5649 15.0762 -39.8643 30.8337 -48.1793 -24.1024 -19.5541 -34.1328 21.9942 -41.8662 0.2646 -48.7736 -27.2440 1.4545 -36.4532 29.5020 -44.5602
28.4218 -36.0815 -0.7799 -26.8006 -48.8284 5.5510 -41.4713 20.8204 -33.7261 -24.0676 -23.4872 -47.9163 32.9338 -39.5411 14.0018 -31.1556 -42.6304 -18.7524 -45.7683 33.0160 -37.5647 7.7084 -30.0347 -43.2482 -22.8115 -48.7221 -17.4085 -48.7659 -24.7768 -14.3936 -35.6934 18.5177 -36.3156 9.0213 -30.5129 -42.3625 -20.4339 -47.1353 27.3466 -41.6316 14.0907 -29.7968 -47.5685 -12.3485 -44.3005 33.5903 -40.9308 32.9795 -44.2125 -11.6232 -46.6571 -31.3508 16.4799 -39.7196 34.3238 -45.3608 -16.3255 -44.8574 -31.6436 15.5052 -40.7679 35.1512 -44.0583 20.9988 -46.9463 -18.5067 -47.3187 -22.9507 -42.0295 24.8012 -35.0370 -18.0347 -22.6603 -47.4755 15.0854 -45.9595 -14.8045 -47.7863 -28.8394 7.0946 -37.5882 33.2885 -45.9050 -19.0886 -41.9936 -31.3099 14.4032 -39.6622 32.2586 -48.0167 -23.7175 -22.4285 -33.8752 21.2499 -41.6062 3.4978 -48.8122 -26.9657 0.0783 -36.2123 28.8572
-35.5163 -2.4108 -26.5027 -48.8331 9.3316 -41.2821 20.0912 -33.4647 -26.7772 -23.0804 -47.7334 33.8412 -39.3328 13.3139 -30.8946 -43.6103 -18.1530 -45.5267 32.3880 -37.3386 6.6959 -29.7207 -43.0596 -24.5752 -48.3437 -20.6475 -48.7360 -19.7571 -48.1086 -27.1019 -16.6338 -30.9401 -16.0966 -27.6292 -47.2377 -18.2114 -46.9617 11.9064 -45.5252 20.7857 -28.9076 -46.8525 -12.7353 -43.7906 29.8583 -38.6025 21.3791 -39.9129 35.1270 -47.3907 -24.1121 2.1455 -40.1713 35.1100 -44.6810 -5.6094 -48.7666 -26.8354 -4.6436 -35.6117 22.9576 -41.3483 35.0790 -45.7254 -16.0710 -45.5179 -31.1861 22.1044 -49.0206 -27.8897 -33.0226 -24.0211 -48.3993 21.5482 -43.0194 35.2047 -44.8844 -12.9041 -48.0691 -28.6190 6.3319 -37.3998 32.7236 -45.6694 -18.5122 -43.0456 -31.0493 13.7186 -39.4554 33.3479 -47.8403 -23.3184 -25.2147 -33.6153 20.5150 -41.3920 7.1168 -48.8343 -26.6751 -1.4572 -35.6547
-4.7404 -26.1957 -48.8081 13.2605 -41.0921 19.3704 -33.2017 -29.3235 -22.6594 -47.5396 34.4605 -39.1226 12.6173 -30.6301 -44.4856 -17.5063 -45.2768 31.6986 -37.1031 5.3936 -29.0119 -45.4382 -24.2929 -44.6599 -26.1173 -46.5296 -22.4685 -48.7534 -20.4342 -48.4802 -23.7253 -47.4344 -22.1847 -48.7722 -10.9736 -45.8716 21.7350 -46.1743 -18.5279 -29.9597 -37.9684 34.3283 -41.4994 24.7368 -36.8047 12.4786 -35.8389 19.6223 -41.0565 18.6613 -49.1154 -26.4372 12.0169 -47.1675 -9.4496 -48.4085 -23.3146 -34.2009 -32.5389 13.1254 -38.7189 31.7162 -43.9290 -4.4693 -48.7626 -27.4915 5.7002 -38.9456 5.9769 -48.6582 -16.5935 -47.5809 25.6650 -42.2159 29.0791 -40.4236 33.7034 -44.5302 -12.3365 -48.2055 -28.4294 5.5012 -37.2018 32.0873 -45.4244 -17.8910 -43.9859 -30.7859 13.0236 -39.2454 34.1324 -47.6527 -22.9056 -27.8725 -33.3537 19.7889 -41.2028 10.9883 -48.8258 -26.3746 -3.6178
-25.2825 -48.7555 17.1107 -40.8974 18.6568 -32.9376 -31.6862 -22.2231 -47.3360 34.8261 -38.9113 11.9064 -30.3629 -45.2551 -16.8088 -45.0211 30.9799 -36.8780 4.0432 -28.2256 -47.8330 -20.1163 -48.2344 -29.6119 -12.2144 -29.1942 -43.7378 -22.5846 -48.7451 -16.8300 -48.1814 -12.0906 -46.8897 18.0676 -43.9168 35.1066 -44.0204 -1.1319 -48.7157 -28.8962 10.5954 -36.8293 15.7950 -35.0710 4.9544 -32.7367 3.8241 -35.2874 20.5302 -41.0384 34.4485 -42.7755 -6.2626 -24.2363 -48.7523 -22.3935 -42.6178 -30.7269 7.9830 -37.2076 27.1019 -42.7327 15.7970 -48.1737 -23.2936 -31.6859 -33.3171 18.7805 -41.3219 34.6823 -43.7828 34.8835 -40.9497 24.4493 -38.3005 22.1086 -40.0727 34.5021 -44.8964 -12.8351 -48.3083 -28.2083 4.5490 -36.9946 31.3944 -45.1716 -17.2235 -44.8178 -30.5202 12.3172 -39.0342 34.6416 -47.4547 -22.4781 -30.3551 -33.0910 19.0716 -41.0106 14.9234 -48.7891 -25.4619
-48.6303 20.6833 -40.6980 17.9500 -32.6725 -33.8507 -21.7683 -47.1235 34.9718 -38.6992 11.1803 -30.0946 -45.9251 -16.0533 -44.7622 30.2394 -36.6689 2.8319 -27.7147 -48.6026 -11.8629 -46.2343 -16.4256 12.9516 -35.6291 3.2013 -29.3302 -46.3047 -19.6299 -47.8312 -0.1530 -45.1342 34.5544 -42.1423 31.3980 -41.5523 35.1142 -46.4925 -20.7595 -35.9115 -32.5261 6.8563 -33.9037 0.5059 -31.4582 -21.0412 -30.8981 -0.8000 -34.6018 15.6371 -37.4614 16.0532 -31.1333 -43.5159 -24.2753 -44.3884 -29.7265 4.8689 -36.6052 25.4460 -42.2697 23.6029 -47.7887 -21.1695 -43.3429 -30.3278 4.1088 -35.9027 20.0484 -38.9562 23.8676 -38.4358 18.6094 -36.8293 16.7748 -38.1522 26.8783 -41.9644 33.9236 -45.5253 -13.0211 -48.4683 -27.9109 3.4424 -36.7820 30.6596 -44.9126 -16.5004 -45.5492 -30.2509 11.5991 -38.8221 34.9112 -47.2472 -22.0337 -32.6314 -32.8271 18.3575 -40.8133 18.6857 -48.6777
17.1791 -40.4325 17.2433 -32.4072 -35.8140 -21.2946 -46.9030 34.9300 -38.4867 10.4409 -29.8266 -46.5063 -15.2336 -44.4998 29.4834 -36.4669 1.7093 -27.4733 -48.7156 -6.0661 -43.2239 29.8589 -35.0904 -47.2325 30.5976 -35.8993 -7.6417 -26.3643 -48.7518 -10.8026 -45.5637 35.0261 -41.6102 26.6698 -39.3135 27.2889 -42.5051 5.3710 -48.7708 -28.4081 3.2094 -34.5487 7.9609 -33.0807 -12.1229 -29.7331 -33.5003 -30.0090 -8.8438 -32.7389 3.2978 -32.1964 -28.4365 -26.7821 -43.6851 -29.1786 1.5458 -36.1052 25.0996 -42.3481 22.6063 -47.8180 -21.0989 -43.3896 -29.9442 1.6784 -34.8306 14.0791 -36.7368 15.2946 -35.9433 11.6386 -35.0900 12.1407 -37.0097 24.4241 -41.7330 33.9815 -45.1703 13.6404 -45.5986 -11.2947 -48.6530 -27.5515 2.1958 -36.5669 29.8957 -44.6484 -15.7147 -46.1839 -29.9811 10.8685 -38.6100 34.9751 -47.0311 -21.5718 -34.7077 -32.5616 17.6470 -40.5461 15.1337
-40.1802 16.5361 -32.1406 -37.5838 -20.8026 -46.6740 34.7297 -38.2743 9.6832 -29.5583 -47.0027 -14.3414 -44.2334 28.7143 -36.2616 0.5582 -27.3318 -48.7283 -6.8712 -43.3542 26.9901 -36.0100 -1.9157 -15.8347 -42.1922 16.0261 -31.7755 -42.2927 -20.2251 -47.4082 27.3769 -42.5753 27.2311 -38.4298 19.2202 -38.8355 32.2465 -45.6214 -19.9192 -25.0870 -36.2919 20.5099 -37.5821 12.7901 -33.2515 -17.0325 -28.9984 -35.6346 -29.9658 -20.5365 -30.5598 -24.9545 -28.5801 -41.0564 -28.9909 0.1655 -35.6079 23.9923 -42.3234 12.9947 -48.0547 -21.4823 -42.1659 -30.4748 6.3637 -36.1964 20.1153 -38.7786 21.5810 -36.3756 8.6812 -33.6476 5.7538 -35.3949 20.5663 -41.4540 27.0330 -47.5462 -16.1077 -48.3133 18.1780 -44.6186 -6.5260 -48.7552 -27.1864 0.8449 -36.3475 29.1166 -44.3814 -14.8604 -46.7295 -29.7112 10.1215 -38.3976 34.8639 -46.8071 -21.0913 -36.5868 -32.2939 16.9404 -40.3092
15.9993 -31.8680 -39.1780 -20.2887 -46.4383 34.3965 -38.0617 8.9024 -29.2898 -47.4226 -13.3575 -43.9640 27.9284 -36.0460 -0.7179 -27.1992 -48.7263 -9.5217 -44.5783 34.4889 -37.2905 1.1650 -26.0045 -47.4436 31.3472 -35.7595 -10.7108 -25.4996 -48.6991 -1.4682 -44.2074 31.7973 -39.1388 17.1792 -36.4206 17.7679 -39.8446 34.1727 -48.5174 -24.8720 33.1735 -43.8292 34.5641 -38.2736 17.2415 -32.2610 -19.5648 -29.0449 -17.1732 -29.9663 -28.3077 -30.1105 -37.6562 -28.7382 -1.0790 -36.4266 26.8573 -42.2921 -0.5170 -48.6793 -22.5686 -41.8404 -30.6232 8.2884 -37.3380 27.6614 -42.3808 34.2261 -42.7451 19.4913 -34.2563 -0.2917 -33.4372 13.3417 -39.5786 33.1488 -48.2362 -23.5591 -37.8652 -25.9053 -45.1578 34.3606 -42.8474 0.9871 -48.8012 -26.8521 -0.6134 -36.1230 28.3271 -44.1123 -13.9198 -47.1936 -29.4412 9.3543 -38.1854 34.6038 -46.5761 -20.5875 -38.2875 -32.0213 16.4089
-31.1441 -40.6035 -19.7483 -46.1982 33.9543 -37.8490 8.0935 -29.0215 -47.7726 -12.2603 -43.6917 27.1335 -35.8163 -2.2391 -27.0221 -48.7278 -11.4146 -45.4918 25.0767 -44.5504 19.6448 -26.2698 -49.0513 32.2363 -38.4697 6.8220 -28.5474 -48.2208 -13.1921 -45.6017 35.0580 -40.4915 19.6589 -36.0438 10.3091 -35.4456 17.4608 -39.6310 32.7788 -40.4715 -35.3064 -19.4355 -47.2297 -57.9927 -99.0899 -19.1307 -71.3114 10.4017 30.4379 -32.1606 -9.2518 22.2025 -57.5264 39.6415 -1.9290 51.4287 -137.6393 -27.9392 -16.7609 -26.9957 -38.4155 -30.4992 7.0269 -37.3113 29.5920 -44.0852 -8.3903 -48.9101 -15.3787 -36.7820 3.6870 -31.6975 1.9403 -36.2830 30.0993 -46.1013 -22.0745 -17.7093 -34.7154 21.9352 0.2478 -35.9873 23.3201 -41.5902 7.7234 -48.8284 -26.5403 -2.2256 -35.8934 27.5327 -43.8407 -12.8786 -47.5833 -29.1720 8.5619 -37.9730 34.2194 -46.3387 -20.0600 -39.8164 -31.3012
-42.2695 -19.1838 -45.9547 33.4278 -37.6399 7.2582 -28.7559 -48.0574 -11.0412 -43.4198 26.3415 -35.5746 -4.1074 -26.7340 -48.7451 -12.9376 -46.1089 7.0434 -47.2256 -19.6702 -36.6338 -39.5813 30.6340 -38.2969 10.2985 -29.7808 -46.6706 -16.3782 -46.2308 34.9127 -41.3506 22.9138 -36.8510 10.1560 -33.9005 4.6555 -34.3451 12.1427 -36.0565 10.8224 -28.3601 -48.0042 -23.6663 20.1883 -53.7316 -47.4147 -36.0662 8.3172 11.2840 -30.2522 -35.1426 -104.4918 -35.9188 50.6635 -47.7176 9.5806 -19.5173 31.0858 -56.5327 -8.7084 -31.0710 3.5675 -36.4735 27.0986 -43.4846 -8.7369 -47.8044 -29.7249 15.1308 -47.9027 -27.0867 -31.9050 -32.0942 14.8335 -41.1140 -4.5588 -45.3848 -32.9175 20.7884 -43.9354 -24.9362 -11.0493 -34.0858 20.2151 -41.1814 12.5235 -48.8115 -26.2309 -4.0263 -35.6577 26.7387 -43.5659 -11.7217 -47.9063 -28.9027 7.7377 -37.7590 33.7350 -46.0939 -19.5046 -41.6184
