-1.4410 -40.9410 18.4505 -32.0517 -37.7123 -20.2841 -46.2482 32.9956 -37.1685 5.4710 -27.4124 -48.7271 -5.5265 -41.9308 21.2617 -33.1182 -29.5172 -21.9933 -47.1510 33.3951 -38.0777 9.1022 -28.5592 -48.1078 -11.6373 -43.0315 24.3860 -34.2045 -18.1466 -23.5380 -47.9384 30.1291 -39.0029 12.2501 -29.6987 -46.5240 -15.3836 -44.1181 27.5680 -35.2445 -7.1381 -24.9257 -48.5207 20.8687 -39.9332 15.2605 -30.9487 -42.3372 -19.9214 -47.2097 -2.8668 -47.2303 -19.9978 -42.1253 -31.0029 15.4043 -39.9783 20.2316 -48.5422 -24.9912 -6.6832 -35.2936 27.7227 -44.1711 -15.5341 -46.4136 -29.7556 12.3983 -39.0487 29.8328 -47.9726 -23.6090 -17.5569 -34.2575 24.5423 -43.0852 -11.8599 -48.0573 -28.6142 9.2585 -38.1219 33.3423 -47.1915 -22.0707 -29.0418 -33.1717 21.4085 -41.9836 -5.9220 -48.7136 -27.4702 5.6699 -37.2131 33.0706 -46.2949 -20.3734 -37.3759 -32.1055 18.5938 -40.9942 -1.9177
-40.9410 18.6152 -32.6763 -35.5266 -20.8905 -46.4841 34.0365 -37.6442 6.5071 -28.2524 -48.5892 -4.2370 -42.0573 21.7539 -33.7841 -26.0756 -22.7700 -47.3907 34.9512 -38.5065 9.8828 -29.3592 -47.6939 -11.3284 -43.2025 24.9047 -34.8322 -14.3654 -24.4075 -48.1493 32.4850 -39.3682 12.8854 -30.4643 -45.6860 -15.5428 -44.3241 28.1618 -35.8252 -4.4646 -25.8380 -48.6705 24.2120 -40.2081 15.7659 -31.5959 -41.6404 -19.1573 -46.2102 34.7821 -41.9453 34.7429 -46.2485 -19.2686 -41.3983 -31.6504 15.9069 -40.2497 23.6074 -48.6875 -25.9035 -4.0689 -35.8712 28.3196 -44.3794 -15.7127 -45.5521 -30.5193 13.0305 -39.4093 32.2393 -48.1820 -24.4827 -13.8100 -34.8829 25.0640 -43.2575 -11.5794 -47.6276 -29.4121 10.0301 -38.5477 34.9288 -47.4304 -22.8548 -25.5599 -33.8359 21.9040 -42.1126 -4.7077 -48.5644 -28.3069 6.6895 -37.6858 34.1311 -46.5302 -20.9892 -35.1421 -32.7295 18.7563 -40.9942
18.4505 -32.6763 -34.8260 -21.1819 -46.6589 34.3991 -37.8631 7.3298 -28.5079 -48.4534 -6.3669 -42.3354 22.5020 -34.0508 -23.3224 -23.1894 -47.5928 34.7508 -38.7560 10.6389 -29.6275 -47.3250 -12.5319 -43.4792 25.6929 -35.0938 -11.6115 -24.7742 -48.3032 31.0934 -39.6261 13.5955 -30.7363 -44.9654 -16.3508 -44.5949 28.9601 -36.0742 -2.6039 -26.1581 -48.7487 21.0685 -40.4729 16.4581 -31.8453 -40.6559 -19.2895 -45.9196 34.1024 -39.1461 21.5025 -39.1661 34.1766 -45.9659 -19.4055 -40.3831 -31.9006 16.5998 -40.5135 20.3896 -48.7617 -26.2212 -2.2576 -36.1199 29.1177 -44.6490 -16.5059 -44.8089 -30.7899 13.7377 -39.6681 30.7690 -48.3323 -24.8463 -11.0992 -35.1433 25.8530 -43.5333 -12.7545 -47.2433 -29.6805 10.7852 -38.7988 34.6844 -47.6312 -23.2704 -22.7766 -34.1021 22.6567 -42.3909 -6.7602 -48.4199 -28.5611 7.5053 -37.9046 34.4762 -46.7042 -21.2780 -34.4270 -32.7295 18.5938
-32.0517 -35.5266 -21.1819 -46.7252 34.5793 -38.0005 7.9688 -28.7296 -48.2915 -8.0812 -42.6007 23.2391 -34.3004 -20.5172 -23.5896 -47.7820 34.3234 -38.9672 11.3734 -29.8963 -46.8863 -13.6026 -43.7532 26.4837 -35.3395 -9.0642 -25.1289 -48.4409 29.3197 -39.8343 14.2970 -31.0058 -44.1404 -17.0952 -44.8624 29.7453 -36.3003 -0.9497 -26.4683 -48.8033 17.5252 -40.6755 17.1612 -32.1099 -39.3325 -19.7278 -45.9944 33.3850 -37.9335 12.2799 -34.1986 12.3491 -37.9682 33.4912 -46.0423 -19.8398 -39.0271 -32.1633 17.3034 -40.7155 16.7793 -48.8112 -26.5290 -0.6514 -36.3452 29.9025 -44.9144 -17.2367 -43.9577 -31.0587 14.4360 -39.8769 28.9058 -48.4657 -25.1983 -8.5968 -35.3872 26.6449 -43.8065 -13.8027 -46.7872 -29.9493 11.5184 -39.0102 34.2057 -47.8196 -23.6662 -19.9392 -34.3519 23.3945 -42.6572 -8.4152 -48.2499 -28.7835 8.1391 -38.0433 34.6440 -46.7706 -21.2780 -35.1421 -32.1055
-37.7123 -20.8905 -46.6589 34.5793 -38.0512 8.3254 -28.8833 -48.1367 -9.3422 -42.8341 23.9226 -34.5332 -17.7901 -23.9631 -47.9570 33.6492 -39.1746 12.0863 -30.1624 -46.3708 -14.5670 -44.0243 27.2771 -35.5810 -6.7484 -25.4705 -48.5605 27.1350 -40.0409 14.9907 -31.2737 -43.1985 -17.7847 -45.1251 30.5136 -36.5202 0.5181 -26.7656 -48.8319 13.7202 -40.8732 17.8666 -32.3767 -37.7838 -20.2367 -46.1891 33.5304 -37.6319 8.2512 -31.0000 -21.7869 -31.0232 8.3786 -37.6709 33.6366 -46.2365 -20.3416 -37.4402 -32.4287 18.0074 -40.9135 12.9209 -48.8334 -26.8242 0.7845 -36.5626 30.6673 -45.1762 -17.9159 -42.9913 -31.3265 15.1296 -40.0822 26.6336 -48.5816 -25.5387 -6.3142 -35.6267 27.4376 -44.0778 -14.7492 -46.2537 -30.2168 12.2318 -39.2179 33.4771 -47.9925 -24.0381 -17.1981 -34.5851 24.0750 -42.8904 -9.6463 -48.0870 -28.9372 8.4927 -38.0953 34.6440 -46.7042 -20.9892 -37.3759
-20.2841 -46.4841 34.3991 -38.0005 8.3254 -28.9394 -48.0396 -10.1265 -43.0127 24.4892 -34.7338 -15.3325 -24.2991 -48.1130 32.7280 -39.3755 12.7705 -30.4230 -45.7775 -15.4364 -44.2913 28.0665 -35.8149 -4.6682 -25.8009 -48.6612 24.5146 -40.2456 15.6835 -31.5415 -42.1266 -18.4305 -45.3845 31.2632 -36.7345 1.8384 -27.0502 -48.8313 9.8120 -41.0681 18.5726 -32.6418 -36.0435 -20.7457 -46.4154 33.9362 -37.6801 7.1714 -29.3013 -44.8989 -24.1425 -44.8222 -29.3403 7.3256 -37.7202 34.0339 -46.4632 -20.8445 -35.6629 -32.6937 18.7145 -41.1066 9.0167 -48.8267 -27.1075 2.0870 -36.7757 31.4086 -45.4345 -18.5529 -41.8921 -31.5939 15.8222 -40.2865 23.9227 -48.6784 -25.8670 -4.2834 -35.8613 28.2277 -44.3456 -15.6065 -45.6407 -30.4788 12.9167 -39.4199 32.4966 -48.1453 -24.3736 -14.7721 -34.7857 24.6429 -43.0678 -10.4097 -47.9855 -28.9926 8.4927 -38.0433 34.4762 -46.5302 -20.3734
-46.2482 34.0365 -37.8631 7.9688 -28.8833 -48.0396 -10.3972 -43.1111 24.8701 -34.8831 -13.3915 -24.5811 -48.2424 31.6196 -39.5634 13.4191 -30.6747 -45.1114 -16.2154 -44.5522 28.8419 -36.0422 -2.8323 -26.1186 -48.7410 21.4595 -40.4484 16.3771 -31.8089 -40.9112 -19.0389 -45.6402 31.9812 -36.9454 3.0396 -27.3253 -48.7992 6.0049 -41.2599 19.2859 -32.9064 -34.1061 -21.2387 -46.6465 34.3556 -37.8418 7.4024 -28.8052 -47.7207 -17.2378 -47.8338 -17.3038 -47.6684 -28.8511 7.5690 -37.8840 34.4349 -46.6930 -21.3327 -33.6877 -32.9579 19.4278 -41.2973 5.2566 -48.7909 -27.3816 3.2725 -36.9876 32.1178 -45.6893 -19.1533 -40.6453 -31.8609 16.5159 -40.4888 20.7807 -48.7539 -26.1818 -2.4905 -36.0882 29.0047 -44.6068 -16.3751 -44.9547 -30.7298 13.5615 -39.6077 31.3223 -48.2720 -24.6543 -12.8452 -34.9346 25.0262 -43.1659 -10.6687 -47.9855 -28.9372 8.1391 -37.9046 34.1311 -46.2949
32.9956 -37.6442 7.3298 -28.7296 -48.1367 -10.1265 -43.1111 25.0047 -34.9639 -12.1539 -24.7865 -48.3392 30.4623 -39.7287 14.0074 -30.9086 -44.3944 -16.9108 -44.8028 29.5917 -36.2602 -1.2187 -26.4204 -48.7974 18.0258 -40.6474 17.0722 -32.0750 -39.5407 -19.6140 -45.8914 32.6546 -37.1568 4.1421 -27.5966 -48.7589 2.4888 -41.4480 20.0066 -33.1702 -31.9590 -21.7134 -46.8749 34.6969 -38.0395 8.0555 -28.8228 -48.0884 -12.4434 -45.0195 32.2992 -45.0448 -12.6121 -48.0419 -28.8740 8.2202 -38.0824 34.7514 -46.9199 -21.8032 -31.5091 -33.2219 20.1491 -41.4896 1.8209 -48.7500 -27.6528 4.3573 -37.1995 32.7832 -45.9411 -19.7213 -39.2435 -32.1272 17.2118 -40.6877 17.2920 -48.8059 -26.4813 -0.9002 -36.3042 29.7518 -44.8566 -17.0557 -44.2174 -30.9636 14.1485 -39.7723 30.1067 -48.3676 -24.8584 -11.6066 -35.0145 25.1609 -43.1659 -10.4097 -48.0870 -28.7835 7.5053 -37.6858 33.0706
-37.1685 6.5071 -28.5079 -48.2915 -9.3422 -43.0127 24.8701 -34.9639 -11.7235 -24.8956 -48.3997 29.4702 -39.8593 14.4958 -31.1135 -43.6655 -17.5140 -45.0365 30.2965 -36.4645 0.1990 -26.7054 -48.8289 14.3694 -40.8421 17.7640 -32.3379 -38.0085 -20.1558 -46.1380 33.2744 -37.3689 5.1637 -27.8675 -48.7128 -0.6188 -41.6758 20.7359 -33.4326 -29.6132 -22.1686 -47.0964 34.9136 -38.2494 8.8169 -29.0151 -48.0163 -10.8713 -43.7059 31.3531 -39.8799 31.4221 -43.7481 -11.1084 -47.9646 -29.0679 8.9759 -38.2916 34.9397 -47.1410 -22.2572 -29.1301 -33.4846 20.8787 -41.7276 -1.1964 -48.7000 -27.9234 5.3642 -37.4119 33.3907 -46.1862 -20.2601 -37.6761 -32.3917 17.9025 -40.8814 13.5963 -48.8329 -26.7647 0.4852 -36.5073 30.4480 -45.0896 -17.6507 -43.4722 -31.1684 14.6386 -39.9024 29.0776 -48.4271 -24.9667 -11.1868 -35.0145 25.0262 -43.0678 -9.6463 -48.2499 -28.5611 6.6895 -37.2131
5.4710 -28.2524 -48.4534 -8.0812 -42.8341 24.4892 -34.8831 -12.1539 -24.8956 -48.4206 28.8836 -39.9441 14.8543 -31.2755 -42.9927 -18.0081 -45.2441 30.9245 -36.6516 1.4172 -26.9698 -48.8353 10.6716 -41.0300 18.4487 -32.5966 -36.3249 -20.6672 -46.3780 33.8224 -37.5816 6.1187 -28.1377 -48.6325 -3.2957 -41.9512 21.4736 -33.6932 -27.0892 -22.6071 -47.3099 34.9757 -38.4613 9.5881 -29.2625 -47.7884 -11.2325 -43.3766 27.2159 -37.0256 14.5407 -37.0459 27.3413 -43.4266 -11.4804 -47.7260 -29.3153 9.7461 -38.5039 34.9674 -47.3528 -22.6940 -26.5649 -33.7460 21.6174 -42.0068 -3.7863 -48.6121 -28.1936 6.3068 -37.6231 33.9242 -46.4234 -20.7702 -35.9492 -32.6508 18.5853 -41.0695 9.8740 -48.8332 -27.0256 1.6723 -36.6935 31.0727 -45.2963 -18.1409 -42.7811 -31.3289 14.9941 -39.9872 28.4654 -48.4469 -24.9667 -11.6066 -34.9346 24.6429 -42.8904 -8.4152 -48.4199 -28.3069 5.6699
-27.4124 -48.5892 -6.3669 -42.6007 23.9226 -34.7338 -13.3915 -24.7865 -48.3997 28.8836 -39.9738 15.0471 -31.3787 -42.4683 -18.3810 -45.4134 31.4533 -36.8145 2.4323 -27.2053 -48.8170 7.1679 -41.2086 19.1163 -32.8486 -34.4914 -21.1504 -46.6077 34.2820 -37.7918 7.0134 -28.4069 -48.5118 -5.5715 -42.2309 22.2190 -33.9522 -24.3987 -23.0299 -47.5146 34.8540 -38.6732 10.3466 -29.5249 -47.4656 -12.1869 -43.4556 26.2056 -35.8520 4.1872 -31.9484 4.2817 -35.8861 26.3552 -43.5095 -12.4217 -47.3880 -29.5788 10.4998 -38.7161 34.8052 -47.5557 -23.1139 -23.8434 -34.0056 22.3650 -42.2847 -5.9911 -48.4826 -28.4609 7.1882 -37.8327 34.3650 -46.6534 -21.2482 -34.0860 -32.9017 19.2561 -41.2470 6.4127 -48.8082 -27.2602 2.6715 -36.8568 31.5998 -45.4656 -18.5072 -42.2434 -31.4322 15.1866 -40.0170 28.4654 -48.4271 -24.8584 -12.8452 -34.7857 24.0750 -42.6572 -6.7602 -48.5644 -27.4702
-48.7271 -4.2370 -42.3354 23.2391 -34.5332 -15.3325 -24.5811 -48.3392 29.4702 -39.9441 15.0471 -31.4138 -42.1759 -18.6118 -45.5337 31.8543 -36.9484 3.2481 -27.4086 -48.7819 4.1198 -41.3734 19.7543 -33.0895 -32.5457 -21.6016 -46.8263 34.6380 -37.9987 7.8516 -28.6722 -48.3480 -7.5017 -42.5064 22.9692 -34.2089 -21.5804 -23.4385 -47.7097 34.5167 -38.8856 11.0878 -29.7923 -47.0612 -13.2260 -43.6696 26.4205 -35.5346 -2.9828 -28.4037 -41.7386 -28.4263 -2.7120 -35.5779 26.5804 -43.7250 -13.4367 -46.9701 -29.8463 11.2363 -38.9280 34.4208 -47.7486 -23.5195 -21.0060 -34.2603 23.1191 -42.5616 -7.8602 -48.3093 -28.7256 8.0161 -38.0397 34.6970 -46.8724 -21.6949 -32.1059 -33.1422 19.8972 -41.4092 3.4217 -48.7739 -27.4639 3.4791 -36.9919 31.9960 -45.5857 -18.7362 -41.9489 -31.4680 15.1866 -39.9872 29.0776 -48.3676 -24.6543 -14.7721 -34.5851 23.3945 -42.3909 -4.7077 -48.7136
-5.5265 -42.0573 22.5020 -34.3004 -17.7901 -24.2991 -48.2424 30.4623 -39.8593 14.8543 -31.3787 -42.1759 -18.6883 -45.5973 32.1006 -37.0446 3.8496 -27.5750 -48.7528 1.6603 -41.5246 20.3480 -33.3126 -30.5465 -22.0182 -47.0326 34.8715 -38.2006 8.6400 -28.9325 -48.1391 -9.1459 -42.7777 23.7216 -34.4617 -18.7151 -23.8333 -47.8943 33.9297 -39.0973 11.8146 -30.0622 -46.5753 -14.2148 -43.9251 27.0394 -35.5733 -5.3887 -26.5884 -48.6306 -19.3992 -48.6207 -26.6340 -5.0183 -35.6204 27.1979 -43.9798 -14.4021 -46.4714 -30.1151 11.9597 -39.1392 33.7795 -47.9306 -23.9101 -18.1297 -34.5116 23.8774 -42.8344 -9.4506 -48.0905 -28.9870 8.7967 -38.2427 34.9045 -47.0772 -22.1080 -30.0713 -33.3655 20.4923 -41.5699 1.0135 -48.7463 -27.6295 4.0674 -37.0883 32.2406 -45.6476 -18.8136 -41.9489 -31.4322 14.9941 -39.9024 30.1067 -48.2720 -24.3736 -17.1981 -34.3519 22.6567 -42.1126 -5.9220
-41.9308 21.7539 -34.0508 -20.5172 -23.9631 -48.1130 31.6196 -39.7287 14.4958 -31.2755 -42.4683 -18.6118 -45.5973 32.1843 -37.0949 4.2174 -27.6935 -48.7328 -0.1820 -41.6805 20.8704 -33.5115 -28.5836 -22.3934 -47.2219 34.9726 -38.3941 9.3757 -29.1860 -47.8833 -10.5528 -43.0453 24.4746 -34.7088 -15.8733 -24.2113 -48.0659 33.0576 -39.3080 12.5275 -30.3317 -46.0048 -15.1225 -44.1927 27.7830 -35.7489 -4.8255 -26.0698 -48.7441 -5.5771 -45.6275 -5.7697 -48.7502 -26.1277 -4.4540 -35.7954 27.9417 -44.2458 -15.2945 -45.8833 -30.3833 12.6711 -39.3493 32.8492 -48.0992 -24.2850 -15.3012 -34.7588 24.6309 -43.1011 -10.8259 -47.8234 -29.2412 9.5280 -38.4377 34.9771 -47.2653 -22.4795 -28.0775 -33.5633 21.0148 -41.7358 -0.7659 -48.7225 -27.7483 4.4257 -37.1374 32.3229 -45.6476 -18.7362 -42.2434 -31.3289 14.6386 -39.7723 31.3223 -48.1453 -24.0381 -19.9392 -34.1021 21.9040 -41.9836
21.2617 -33.7841 -23.3224 -23.5896 -47.9570 32.7280 -39.5634 14.0074 -31.1135 -42.9927 -18.3810 -45.5337 32.1006 -37.0949 4.3422 -27.7545 -48.7149 -1.4035 -41.8221 21.2955 -33.6781 -26.7855 -22.7166 -47.3883 34.9432 -38.5766 10.0515 -29.4297 -47.5839 -11.7619 -43.3077 25.2208 -34.9493 -13.1510 -24.5721 -48.2223 31.8785 -39.5155 13.2272 -30.5974 -45.3454 -15.9546 -44.4605 28.5618 -35.9651 -3.3401 -26.1153 -48.7327 10.8495 -42.5616 33.5639 -42.5822 10.2311 -48.7412 -26.1779 -2.9910 -36.0096 28.7239 -44.5134 -16.1099 -45.2031 -30.6510 13.3687 -39.5578 31.6030 -48.2526 -24.6448 -12.6009 -34.9995 25.3793 -43.3622 -12.0094 -47.5113 -29.4836 10.2031 -38.6200 34.9162 -47.4303 -22.7998 -26.2607 -33.7302 21.4412 -41.8777 -1.9525 -48.7022 -27.8100 4.5497 -37.1374 32.2406 -45.5857 -18.5072 -42.7811 -31.1684 14.1485 -39.6077 32.4966 -47.9925 -23.6662 -22.7766 -33.8359 21.4085
-33.1182 -26.0756 -23.1894 -47.7820 33.6492 -39.3755 13.4191 -30.9086 -43.6655 -18.0081 -45.4134 31.8543 -37.0446 4.2174 -27.7545 -48.7081 -1.9994 -41.9114 21.5983 -33.8041 -25.2745 -22.9799 -47.5274 34.8038 -38.7413 10.6613 -29.6580 -47.2476 -12.8019 -43.5592 25.9524 -35.1819 -10.6257 -24.9179 -48.3629 30.3695 -39.7191 13.9159 -30.8610 -44.5915 -16.7162 -44.7241 29.3446 -36.1875 -1.7309 -26.3443 -48.7798 15.6637 -41.3049 23.7738 -37.7642 23.8497 -41.3347 14.9249 -48.7882 -26.4068 -1.4047 -36.2323 29.5014 -44.7776 -16.8619 -44.4240 -30.9158 14.0566 -39.7625 30.0163 -48.3902 -24.9886 -10.0996 -35.2312 26.1112 -43.6130 -13.0194 -47.1629 -29.7097 10.8115 -38.7853 34.7465 -47.5664 -23.0613 -24.7341 -33.8574 21.7470 -41.9670 -2.5397 -48.6942 -27.8100 4.4257 -37.0883 31.9960 -45.4656 -18.1409 -43.4722 -30.9636 13.5615 -39.4199 33.4771 -47.8196 -23.2704 -25.5599 -33.1717
-29.5172 -22.7700 -47.5928 34.3234 -39.1746 12.7705 -30.6747 -44.3944 -17.5140 -45.2441 31.4533 -36.9484 3.8496 -27.6935 -48.7149 -1.9994 -41.9414 21.7561 -33.8827 -24.1988 -23.1773 -47.6363 34.5971 -38.8827 11.1909 -29.8628 -46.8884 -13.6863 -43.7947 26.6561 -35.4036 -8.3441 -25.2445 -48.4863 28.5145 -39.9198 14.5913 -31.1231 -43.7298 -17.4162 -44.9841 30.1139 -36.4061 -0.2168 -26.6221 -48.8182 14.5676 -41.0018 19.8404 -34.8885 7.3026 -34.9111 19.9569 -41.0389 13.7762 -48.8235 -26.6819 0.0764 -36.4503 30.2653 -45.0370 -17.5552 -43.5398 -31.1766 14.7308 -39.9611 28.0839 -48.5112 -25.3131 -7.8679 -35.4505 26.8094 -43.8480 -13.8810 -46.7940 -29.9150 11.3383 -38.9259 34.5126 -47.6740 -23.2591 -23.6308 -33.9362 21.9050 -41.9971 -2.5397 -48.7022 -27.7483 4.0674 -36.9919 31.5998 -45.2963 -17.6507 -44.2174 -30.7298 12.9167 -39.2179 34.2057 -47.6312 -22.8548 -29.0418
-21.9933 -47.3907 34.7508 -38.9672 12.0863 -30.4230 -45.1114 -16.9108 -45.0365 30.9245 -36.8145 3.2481 -27.5750 -48.7328 -1.4035 -41.9114 21.7561 -33.9091 -23.6420 -23.2977 -47.7109 34.3761 -38.9970 11.6296 -30.0376 -46.5322 -14.4165 -44.0104 27.3110 -35.6081 -6.3467 -25.5497 -48.5905 26.3351 -40.1139 15.2519 -31.3799 -42.7640 -18.0663 -45.2396 30.8571 -36.6181 1.1537 -26.9050 -48.8342 11.5075 -41.0354 18.9353 -33.5545 -12.9406 -29.5323 -12.6789 -33.5941 19.0703 -41.0762 10.7171 -48.8334 -26.9618 1.4175 -36.6613 31.0060 -45.2912 -18.1960 -42.5521 -31.4333 15.3888 -40.1550 25.8259 -48.6125 -25.6151 -5.9284 -35.6539 27.4665 -44.0634 -14.5988 -46.4245 -30.0911 11.7713 -39.0396 34.2682 -47.7484 -23.3793 -23.0695 -33.9628 21.9050 -41.9670 -1.9525 -48.7225 -27.6295 3.4791 -36.8568 31.0727 -45.0896 -17.0557 -44.9547 -30.4788 12.2318 -39.0102 34.6844 -47.4304 -22.0707
-47.1510 34.9512 -38.7560 11.3734 -30.1624 -45.7775 -16.2154 -44.8028 30.2965 -36.6516 2.4323 -27.4086 -48.7528 -0.1820 -41.8221 21.5983 -33.8827 -23.6420 -23.3363 -47.7475 34.2106 -39.0782 11.9631 -30.1787 -46.2030 -14.9982 -44.1991 27.8984 -35.7921 -4.6577 -25.8280 -48.6754 23.8876 -40.2991 15.8952 -31.6300 -41.6973 -18.6690 -45.4879 31.5693 -36.8243 2.3860 -27.1783 -48.8203 7.8897 -41.1801 19.1311 -33.1116 -27.7324 -25.2646 -48.0507 -25.2999 -27.3096 -33.1603 19.2713 -41.2186 7.1382 -48.8133 -27.2327 2.6312 -36.8682 31.7097 -45.5395 -18.7915 -41.4607 -31.6833 16.0315 -40.3414 23.3028 -48.6931 -25.8915 -4.2817 -35.8373 28.0589 -44.2521 -15.1732 -46.0841 -30.2316 12.1039 -39.1211 34.0861 -47.7839 -23.4175 -23.0695 -33.9362 21.7470 -41.8777 -0.7659 -48.7463 -27.4639 2.6715 -36.6935 30.4480 -44.8566 -16.3751 -45.6407 -30.2168 11.5184 -38.7988 34.9288 -47.1915
33.3951 -38.5065 10.6389 -29.8963 -46.3708 -15.4364 -44.5522 29.5917 -36.4645 1.4172 -27.2053 -48.7819 1.6603 -41.6805 21.2955 -33.8041 -24.1988 -23.2977 -47.7475 34.1518 -39.1195 12.1679 -30.2804 -45.9272 -15.4419 -44.3546 28.4026 -35.9506 -3.2882 -26.0729 -48.7396 21.2818 -40.4740 16.5086 -31.8719 -40.5363 -19.2241 -45.7286 32.2395 -37.0288 3.5049 -27.4416 -48.7834 4.3340 -41.3528 19.6846 -33.1327 -30.8309 -23.0283 -48.3335 -11.0625 -48.3478 -23.0975 -30.3863 -33.1853 19.8274 -41.3911 3.6392 -48.7760 -27.4963 3.7262 -37.0716 32.3715 -45.7783 -19.3395 -40.2675 -31.9238 16.6461 -40.5160 20.6301 -48.7536 -26.1366 -2.9356 -35.9959 28.5616 -44.4075 -15.6071 -45.8042 -30.3319 12.3107 -39.1605 34.0224 -47.7839 -23.3793 -23.6308 -33.8574 21.4412 -41.7358 1.0135 -48.7739 -27.2602 1.6723 -36.5073 29.7518 -44.6068 -15.6065 -46.2537 -29.9493 10.7852 -38.5477 33.3423
-38.0777 9.8828 -29.6275 -46.8863 -14.5670 -44.2913 28.8419 -36.2602 0.1990 -26.9698 -48.8170 4.1198 -41.5246 20.8704 -33.6781 -25.2745 -23.1773 -47.7109 34.2106 -39.1195 12.2357 -30.3313 -45.7441 -15.7506 -44.4734 28.8024 -36.0803 -2.2058 -26.2823 -48.7841 18.6862 -40.6336 17.0844 -32.0999 -39.2997 -19.7330 -45.9575 32.8502 -37.2288 4.5239 -27.7005 -48.7426 1.1160 -41.5455 20.3456 -33.3180 -30.1993 -22.4150 -47.5782 26.2058 -43.4116 25.9346 -47.6102 -22.4994 -29.7264 -33.3712 20.4935 -41.5928 0.4906 -48.7342 -27.7557 4.7258 -37.2704 32.9734 -46.0051 -19.8410 -39.0041 -32.1521 17.2234 -40.6752 17.9613 -48.7946 -26.3444 -1.8746 -36.1256 28.9583 -44.5254 -15.9061 -45.6177 -30.3827 12.3780 -39.1605 34.0861 -47.7484 -23.2591 -24.7341 -33.7302 21.0148 -41.5699 3.4217 -48.8082 -27.0256 0.4852 -36.3042 29.0047 -44.3456 -14.7492 -46.7872 -29.6805 10.0301 -38.1219
9.1022 -29.3592 -47.3250 -13.6026 -44.0243 28.0665 -36.0422 -1.2187 -26.7054 -48.8353 7.1679 -41.3734 20.3480 -33.5115 -26.7855 -22.9799 -47.6363 34.3761 -39.0782 12.1679 -30.3313 -45.6819 -15.9035 -44.5485 29.0874 -36.1786 -1.3888 -26.4528 -48.8122 16.2578 -40.7750 17.6100 -32.3083 -38.0281 -20.1909 -46.1717 33.3880 -37.4214 5.4439 -27.9537 -48.6891 -1.6681 -41.7825 21.0418 -33.5524 -28.3255 -22.5098 -47.3873 34.1997 -40.4987 26.3365 -40.5192 34.0904 -47.4253 -22.5949 -27.8118 -33.6046 21.1915 -41.8381 -2.2186 -48.6738 -28.0085 5.6372 -37.4631 33.5004 -46.2185 -20.2949 -37.7006 -32.3618 17.7506 -40.8141 15.4986 -48.8192 -26.5134 -1.0775 -36.2230 29.2402 -44.5997 -16.0566 -45.5537 -30.3827 12.3107 -39.1211 34.2682 -47.6740 -23.0613 -26.2607 -33.5633 20.4923 -41.4092 6.4127 -48.8332 -26.7647 -0.9002 -36.0882 28.2277 -44.0778 -13.8027 -47.2433 -29.4121 9.2585
-28.5592 -47.6939 -12.5319 -43.7532 27.2771 -35.8149 -2.8323 -26.4204 -48.8289 10.6716 -41.2086 19.7543 -33.3126 -28.5836 -22.7166 -47.5274 34.5971 -38.9970 11.9631 -30.2804 -45.7441 -15.9035 -44.5737 29.2339 -36.2399 -0.8357 -26.5795 -48.8277 14.1561 -40.8932 18.0662 -32.4935 -36.7768 -20.5951 -46.3665 33.8427 -37.6046 6.2742 -28.1978 -48.6048 -4.0229 -42.0442 21.7409 -33.7956 -25.9645 -22.8279 -47.4559 34.7540 -39.3037 16.7038 -35.6449 16.7762 -39.3388 34.6883 -47.4952 -22.9112 -25.4166 -33.8476 21.8911 -42.1001 -4.5007 -48.5820 -28.2519 6.4607 -37.6466 33.9412 -46.4142 -20.6967 -36.4191 -32.5462 18.2092 -40.9312 13.3765 -48.8318 -26.6392 -0.5391 -36.2837 29.3869 -44.6249 -16.0566 -45.6177 -30.3319 12.1039 -39.0396 34.5126 -47.5664 -22.7998 -28.0775 -33.3655 19.8972 -41.2470 9.8740 -48.8329 -26.4813 -2.4905 -35.8613 27.4376 -43.8065 -12.7545 -47.6276 -28.6142
-48.1078 -11.3284 -43.4792 26.4837 -35.5810 -4.6682 -26.1186 -48.7974 14.3694 -41.0300 19.1163 -33.0895 -30.5465 -22.3934 -47.3883 34.8038 -38.8827 11.6296 -30.1787 -45.9272 -15.7506 -44.5485 29.2339 -36.2610 -0.5639 -26.6591 -48.8350 12.5524 -40.9849 18.4449 -32.6491 -35.6077 -20.9414 -46.5393 34.2079 -37.7739 7.0199 -28.4282 -48.4911 -5.9880 -42.2980 22.4302 -34.0350 -23.4068 -23.1953 -47.6093 34.6439 -38.9973 13.0276 -32.6115 -5.1831 -32.6361 13.1478 -39.0395 34.5639 -47.6471 -23.2786 -22.8422 -34.0866 22.5837 -42.3530 -6.3959 -48.4604 -28.4828 7.1957 -37.8172 34.2917 -46.5867 -21.0405 -35.2316 -32.7021 18.5900 -41.0241 11.7543 -48.8372 -26.7172 -0.2676 -36.3046 29.3869 -44.5997 -15.9061 -45.8042 -30.2316 11.7713 -38.9259 34.7465 -47.4303 -22.4795 -30.0713 -33.1422 19.2561 -41.0695 13.5963 -48.8059 -26.1818 -4.2834 -35.6267 26.6449 -43.5333 -11.5794 -48.0573
-11.6373 -43.2025 25.6929 -35.3395 -6.7484 -25.8009 -48.7410 18.0258 -40.8421 18.4487 -32.8486 -32.5457 -22.0182 -47.2219 34.9432 -38.7413 11.1909 -30.0376 -46.2030 -15.4419 -44.4734 29.0874 -36.2399 -0.5639 -26.6867 -48.8372 11.5202 -41.0501 18.7296 -32.7721 -34.5937 -21.2246 -46.6871 34.4816 -37.9280 7.6747 -28.6410 -48.3519 -7.6053 -42.5391 23.1023 -34.2667 -20.8029 -23.5621 -47.7785 34.2866 -39.0379 12.1192 -31.0075 -37.2793 -26.5398 -37.0963 -31.0498 12.2574 -39.0801 34.1658 -47.8141 -23.6433 -20.2394 -34.3173 23.2575 -42.5950 -7.9633 -48.3124 -28.6958 7.8419 -37.9711 34.5529 -46.7331 -21.3223 -34.1843 -32.8258 18.8768 -41.0902 10.7372 -48.8384 -26.7443 -0.2676 -36.2837 29.2402 -44.5254 -15.6071 -46.0841 -30.0911 11.3383 -38.7853 34.9162 -47.2653 -22.1080 -32.1059 -32.9017 18.5853 -40.8814 17.2920 -48.7539 -25.8670 -6.3142 -35.3872 25.8530 -43.2575 -11.8599
-43.0315 24.9047 -35.0938 -9.0642 -25.4705 -48.6612 21.4595 -40.6474 17.7640 -32.5966 -34.4914 -21.6016 -47.0326 34.9726 -38.5766 10.6613 -29.8628 -46.5322 -14.9982 -44.3546 28.8024 -36.1786 -0.8357 -26.6591 -48.8372 11.1521 -41.0838 18.9113 -32.8590 -33.7935 -21.4450 -46.8049 34.6705 -38.0617 8.2334 -28.8325 -48.1959 -8.9314 -42.7647 23.7421 -34.4863 -18.2579 -23.9132 -47.9404 33.6889 -39.1879 12.2872 -30.5152 -44.0097 -21.0509 -48.6776 -21.1013 -43.8581 -30.5654 12.4268 -39.2285 33.5155 -47.9746 -23.9903 -17.6955 -34.5360 23.8991 -42.8212 -9.2490 -48.1481 -28.8871 8.3964 -38.1032 34.7288 -46.8517 -21.5402 -33.3614 -32.9119 19.0580 -41.1235 10.3707 -48.8384 -26.7172 -0.5391 -36.2230 28.9583 -44.4075 -15.1732 -46.4245 -29.9150 10.8115 -38.6200 34.9771 -47.0772 -21.6949 -34.0860 -32.6508 17.9025 -40.6877 20.7807 -48.6784 -25.5387 -8.5968 -35.1433 25.0640 -43.0852
24.3860 -34.8322 -11.6115 -25.1289 -48.5605 24.5146 -40.4484 17.0722 -32.3379 -36.3249 -21.1504 -46.8263 34.8715 -38.3941 10.0515 -29.6580 -46.8884 -14.4165 -44.1991 28.4026 -36.0803 -1.3888 -26.5795 -48.8350 11.5202 -41.0838 18.9773 -32.9033 -33.2710 -21.5961 -46.8929 34.7897 -38.1686 8.6873 -28.9978 -48.0333 -10.0018 -42.9722 24.3440 -34.6898 -15.8591 -24.2392 -48.0891 32.8509 -39.3636 12.7906 -30.5200 -45.0800 -17.9075 -46.5105 15.7882 -46.5333 -18.0189 -44.9348 -30.5727 12.9284 -39.4046 32.6284 -48.1212 -24.3138 -15.2968 -34.7391 24.5036 -43.0275 -10.2852 -47.9785 -29.0514 8.8481 -38.2113 34.8358 -46.9391 -21.6902 -32.8367 -32.9554 19.1236 -41.1235 10.7372 -48.8372 -26.6392 -1.0775 -36.1256 28.5616 -44.2521 -14.5988 -46.7940 -29.7097 10.2031 -38.4377 34.9045 -46.8724 -21.2482 -35.9492 -32.3917 17.2118 -40.4888 23.9227 -48.5816 -25.1983 -11.0992 -34.8829 24.5423
-34.2045 -14.3654 -24.7742 -48.4409 27.1350 -40.2456 16.3771 -32.0750 -38.0085 -20.6672 -46.6077 34.6380 -38.2006 9.3757 -29.4297 -47.2476 -13.6863 -44.0104 27.8984 -35.9506 -2.2058 -26.4528 -48.8277 12.5524 -41.0501 18.9113 -32.9033 -33.0854 -21.6719 -46.9472 34.8570 -38.2488 9.0351 -29.1325 -47.8770 -10.8431 -43.1537 24.8931 -34.8744 -13.6885 -24.5348 -48.2208 31.8012 -39.5406 13.3719 -30.6887 -44.9208 -16.9673 -45.3677 34.8679 -41.2275 34.8953 -45.4108 -17.1068 -44.7660 -30.7409 13.5078 -39.5834 31.5186 -48.2509 -24.6092 -13.1298 -34.9234 25.0502 -43.2074 -11.1013 -47.8171 -29.1848 9.1955 -38.2915 34.8933 -46.9927 -21.7655 -32.6550 -32.9554 19.0580 -41.0902 11.7543 -48.8318 -26.5134 -1.8746 -35.9959 28.0589 -44.0634 -13.8810 -47.1629 -29.4836 9.5280 -38.2427 34.6970 -46.6534 -20.7702 -37.6761 -32.1272 16.5159 -40.2865 26.6336 -48.4657 -24.8463 -13.8100 -34.2575
-18.1466 -24.4075 -48.3032 29.3197 -40.0409 15.6835 -31.8089 -39.5407 -20.1558 -46.3780 34.2820 -37.9987 8.6400 -29.1860 -47.5839 -12.8019 -43.7947 27.3110 -35.7921 -3.2882 -26.2823 -48.8122 14.1561 -40.9849 18.7296 -32.8590 -33.2710 -21.6719 -46.9653 34.8864 -38.2998 9.2759 -29.2320 -47.7425 -11.4796 -43.3028 25.3624 -35.0342 -11.8134 -24.7984 -48.3327 30.5903 -39.7118 13.9484 -30.8975 -44.3786 -17.0959 -45.0504 32.0325 -38.3904 18.9546 -38.4101 32.1493 -45.1009 -17.2340 -44.2056 -30.9514 14.0850 -39.7539 30.2366 -48.3616 -24.8706 -11.2712 -35.0831 25.5149 -43.3562 -11.7192 -47.6778 -29.2844 9.4310 -38.3407 34.9174 -47.0106 -21.7655 -32.8367 -32.9119 18.8768 -41.0241 13.3765 -48.8192 -26.3444 -2.9356 -35.8373 27.4665 -43.8480 -13.0194 -47.5113 -29.2412 8.7967 -38.0397 34.3650 -46.4234 -20.2601 -39.2435 -31.8609 15.8222 -40.0822 28.9058 -48.3323 -24.4827 -17.5569
-23.5380 -48.1493 31.0934 -39.8343 14.9907 -31.5415 -40.9112 -19.6140 -46.1380 33.8224 -37.7918 7.8516 -28.9325 -47.8833 -11.7619 -43.5592 26.6561 -35.6081 -4.6577 -26.0729 -48.7841 16.2578 -40.8932 18.4449 -32.7721 -33.7935 -21.5961 -46.9472 34.8864 -38.3170 9.4003 -29.2944 -47.6438 -11.9231 -43.4192 25.7369 -35.1646 -10.2870 -25.0234 -48.4257 29.2653 -39.8679 14.4909 -31.1075 -43.6894 -17.5407 -45.1004 31.0393 -37.1894 9.7164 -33.3913 9.7945 -37.2238 31.1818 -45.1516 -17.6751 -43.4967 -31.1632 14.6286 -39.9098 28.8600 -48.4521 -25.0930 -9.7764 -35.2139 25.8942 -43.4729 -12.1534 -47.5743 -29.3461 9.5498 -38.3579 34.9174 -46.9927 -21.6902 -33.3614 -32.8258 18.5900 -40.9312 15.4986 -48.7946 -26.1366 -4.2817 -35.6539 26.8094 -43.6130 -12.0094 -47.8234 -28.9870 8.0161 -37.8327 33.9242 -46.1862 -19.7213 -40.6453 -31.5939 15.1296 -39.8769 30.7690 -48.1820 -23.6090
-47.9384 32.4850 -39.6261 14.2970 -31.2737 -42.1266 -19.0389 -45.8914 33.2744 -37.5816 7.0134 -28.6722 -48.1391 -10.5528 -43.3077 25.9524 -35.4036 -6.3467 -25.8280 -48.7396 18.6862 -40.7750 18.0662 -32.6491 -34.5937 -21.4450 -46.8929 34.8570 -38.2998 9.4003 -29.3157 -47.5909 -12.1873 -43.4990 26.0138 -35.2652 -9.1169 -25.2054 -48.4989 27.9309 -40.0063 14.9830 -31.3050 -42.9360 -18.0309 -45.2614 31.1356 -36.8735 5.0936 -30.0815 -30.9913 -30.1034 5.2555 -36.9134 31.2801 -45.3128 -18.1629 -42.7242 -31.3597 15.1197 -40.0484 27.4845 -48.5227 -25.2746 -8.6245 -35.3147 26.1735 -43.5529 -12.4145 -47.5195 -29.3678 9.5498 -38.3407 34.8933 -46.9391 -21.5402 -34.1843 -32.7021 18.2092 -40.8141 17.9613 -48.7536 -25.8915 -5.9284 -35.4505 26.1112 -43.3622 -10.8259 -48.0905 -28.7256 7.1882 -37.6231 33.3907 -45.9411 -19.1533 -41.8921 -31.3265 14.4360 -39.6681 32.2393 -47.9726
30.1291 -39.3682 13.5955 -31.0058 -43.1985 -18.4305 -45.6402 32.6546 -37.3689 6.1187 -28.4069 -48.3480 -9.1459 -43.0453 25.2208 -35.1819 -8.3441 -25.5497 -48.6754 21.2818 -40.6336 17.6100 -32.4935 -35.6077 -21.2246 -46.8049 34.7897 -38.2488 9.2759 -29.2944 -47.5909 -12.2752 -43.5378 26.1844 -35.3343 -8.2787 -25.3452 -48.5526 26.7138 -40.1247 15.4110 -31.4805 -42.1841 -18.4892 -45.4457 31.5585 -36.8887 3.6250 -28.3280 -47.0466 -22.5988 -47.0014 -28.3696 3.8285 -36.9288 31.6989 -45.4958 -18.6125 -41.9501 -31.5351 15.5479 -40.1644 26.2100 -48.5750 -25.4138 -7.8064 -35.3835 26.3444 -43.5935 -12.5043 -47.5195 -29.3461 9.4310 -38.2915 34.8358 -46.8517 -21.3223 -35.2316 -32.5462 17.7506 -40.6752 20.6301 -48.6931 -25.6151 -7.8679 -35.2312 25.3793 -43.1011 -9.4506 -48.3093 -28.4609 6.3068 -37.4119 32.7832 -45.6893 -18.5529 -42.9913 -31.0587 13.7377 -39.4093 29.8328
-39.0029 12.8854 -30.7363 -44.1404 -17.7847 -45.3845 31.9812 -37.1568 5.1637 -28.1377 -48.5118 -7.5017 -42.7777 24.4746 -34.9493 -10.6257 -25.2445 -48.5905 23.8876 -40.4740 17.0844 -32.3083 -36.7768 -20.9414 -46.6871 34.6705 -38.1686 9.0351 -29.2320 -47.6438 -12.1873 -43.5378 26.2413 -35.3694 -7.7773 -25.4408 -48.5905 25.6893 -40.2168 15.7622 -31.6304 -41.4723 -18.8827 -45.6191 32.0319 -37.0029 3.7060 -27.7853 -48.5459 -14.2106 -47.1041 -14.3066 -48.5240 -27.8353 3.9131 -37.0433 32.1669 -45.6684 -19.0010 -41.2204 -31.6839 15.9015 -40.2566 25.1432 -48.6110 -25.5080 -7.3176 -35.4191 26.4048 -43.5935 -12.4145 -47.5743 -29.2844 9.1955 -38.2113 34.7288 -46.7331 -21.0405 -36.4191 -32.3618 17.2234 -40.5160 23.3028 -48.6125 -25.3131 -10.0996 -34.9995 24.6309 -42.8344 -7.8602 -48.4826 -28.1936 5.3642 -37.1995 32.1178 -45.4345 -17.9159 -43.9577 -30.7899 13.0305 -39.0487
12.2501 -30.4643 -44.9654 -17.0952 -45.1251 31.2632 -36.9454 4.1421 -27.8675 -48.6325 -5.5715 -42.5064 23.7216 -34.7088 -13.1510 -24.9179 -48.4863 26.3351 -40.2991 16.5086 -32.0999 -38.0281 -20.5951 -46.5393 34.4816 -38.0617 8.6873 -29.1325 -47.7425 -11.9231 -43.4990 26.1844 -35.3694 -7.6145 -25.4881 -48.6123 24.9327 -40.2854 16.0344 -31.7511 -40.8367 -19.2071 -45.7689 32.4588 -37.1339 4.2470 -27.7404 -48.6944 -6.8371 -44.0635 35.0030 -44.0906 -7.1423 -48.6804 -27.7935 4.4483 -37.1754 32.5873 -45.8174 -19.3216 -40.5716 -31.8035 16.1737 -40.3251 24.3746 -48.6319 -25.5557 -7.1495 -35.4191 26.3444 -43.5529 -12.1534 -47.6778 -29.1848 8.8481 -38.1032 34.5529 -46.5867 -20.6967 -37.7006 -32.1521 16.6461 -40.3414 25.8259 -48.5112 -24.9886 -12.6009 -34.7588 23.8774 -42.5616 -5.9911 -48.6121 -27.9234 4.3573 -36.9876 31.4086 -45.1762 -17.2367 -44.8089 -30.5193 12.3983
-29.6987 -45.6860 -16.3508 -44.8624 30.5136 -36.7345 3.0396 -27.5966 -48.7128 -3.2957 -42.2309 22.9692 -34.4617 -15.8733 -24.5721 -48.3629 28.5145 -40.1139 15.8952 -31.8719 -39.2997 -20.1909 -46.3665 34.2079 -37.9280 8.2334 -28.9978 -47.8770 -11.4796 -43.4192 26.0138 -35.3343 -7.7773 -25.4881 -48.6187 24.5433 -40.3274 16.2252 -31.8392 -40.3184 -19.4629 -45.8921 32.8101 -37.2563 4.8426 -27.8474 -48.6950 -3.5971 -42.6361 28.3959 -39.0541 28.4742 -42.6802 -4.0522 -48.6801 -27.9018 5.0369 -37.2975 32.9343 -45.9411 -19.5734 -40.0396 -31.8927 16.3631 -40.3673 23.9594 -48.6385 -25.5557 -7.3176 -35.3835 26.1735 -43.4729 -11.7192 -47.8171 -29.0514 8.3964 -37.9711 34.2917 -46.4142 -20.2949 -39.0041 -31.9238 16.0315 -40.1550 28.0839 -48.3902 -24.6448 -15.3012 -34.5116 23.1191 -42.2847 -3.7863 -48.7000 -27.6528 3.2725 -36.7757 30.6673 -44.9144 -16.5059 -45.5521 -29.7556
-46.5240 -15.5428 -44.5949 29.7453 -36.5202 1.8384 -27.3253 -48.7589 -0.6188 -41.9512 22.2190 -34.2089 -18.7151 -24.2113 -48.2223 30.3695 -39.9198 15.2519 -31.6300 -40.5363 -19.7330 -46.1717 33.8427 -37.7739 7.6747 -28.8325 -48.0333 -10.8431 -43.3028 25.7369 -35.2652 -8.2787 -25.4408 -48.6123 24.5433 -40.3403 16.3206 -31.8930 -39.9472 -19.6453 -45.9867 33.0829 -37.3594 5.3651 -27.9846 -48.6621 -3.4813 -42.2141 24.0219 -36.1746 11.7946 -36.1962 24.1453 -42.2673 -3.9593 -48.6436 -28.0391 5.5529 -37.4003 33.2006 -46.0364 -19.7564 -39.6606 -31.9469 16.4613 -40.3812 23.9594 -48.6319 -25.5080 -7.8064 -35.3147 25.8942 -43.3562 -11.1013 -47.9785 -28.8871 7.8419 -37.8172 33.9412 -46.2185 -19.8410 -40.2675 -31.6833 15.3888 -39.9611 30.0163 -48.2526 -24.2850 -18.1297 -34.2603 22.3650 -42.0068 -1.1964 -48.7500 -27.3816 2.0870 -36.5626 29.9025 -44.6490 -15.7127 -46.4136
-15.3836 -44.3241 28.9601 -36.3003 0.5181 -27.0502 -48.7992 2.4888 -41.6758 21.4736 -33.9522 -21.5804 -23.8333 -48.0659 31.8785 -39.7191 14.5913 -31.3799 -41.6973 -19.2241 -45.9575 33.3880 -37.6046 7.0199 -28.6410 -48.1959 -10.0018 -43.1537 25.3624 -35.1646 -9.1169 -25.3452 -48.5905 24.9327 -40.3274 16.3206 -31.9110 -39.7565 -19.7564 -46.0515 33.2747 -37.4379 5.7706 -28.1084 -48.6162 -4.3496 -42.1883 22.7922 -34.8876 -1.0342 -31.0072 -0.8845 -34.9250 22.9346 -42.2441 -4.8069 -48.5937 -28.1635 5.9581 -37.4798 33.3876 -46.1004 -19.8669 -39.4649 -31.9650 16.4613 -40.3673 24.3746 -48.6110 -25.4138 -8.6245 -35.2139 25.5149 -43.2074 -10.2852 -48.1481 -28.6958 7.1957 -37.6466 33.5004 -46.0051 -19.3395 -41.4607 -31.4333 14.7308 -39.7625 31.6030 -48.0992 -23.9101 -21.0060 -34.0056 21.6174 -41.7276 1.8209 -48.7909 -27.1075 0.7845 -36.3452 29.1177 -44.3794 -15.5341
-44.1181 28.1618 -36.0742 -0.9497 -26.7656 -48.8313 6.0049 -41.4480 20.7359 -33.6932 -24.3987 -23.4385 -47.8943 33.0576 -39.5155 13.9159 -31.1231 -42.7640 -18.6690 -45.7286 32.8502 -37.4214 6.2742 -28.4282 -48.3519 -8.9314 -42.9722 24.8931 -35.0342 -10.2870 -25.2054 -48.5526 25.6893 -40.2854 16.2252 -31.8930 -39.7565 -19.7936 -46.0845 33.3899 -37.4924 6.0614 -28.2064 -48.5690 -5.2697 -42.2755 22.6763 -34.4057 -13.0289 -27.1204 -45.5900 -27.1494 -12.5871 -34.4524 22.8278 -42.3314 -5.7044 -48.5432 -28.2608 6.2465 -37.5346 33.4995 -46.1332 -19.9037 -39.4649 -31.9469 16.3631 -40.3251 25.1432 -48.5750 -25.2746 -9.7764 -35.0831 25.0502 -43.0275 -9.2490 -48.3124 -28.4828 6.4607 -37.4631 32.9734 -45.7783 -18.7915 -42.5521 -31.1766 14.0566 -39.5578 32.8492 -47.9306 -23.5195 -23.8434 -33.7460 20.8787 -41.4896 5.2566 -48.8267 -26.8242 -0.6514 -36.1199 28.3196 -44.1711
27.5680 -35.8252 -2.6039 -26.4683 -48.8319 9.8120 -41.2599 20.0066 -33.4326 -27.0892 -23.0299 -47.7097 33.9297 -39.3080 13.2272 -30.8610 -43.7298 -18.0663 -45.4879 32.2395 -37.2288 5.4439 -28.1978 -48.4911 -7.6053 -42.7647 24.3440 -34.8744 -11.8134 -25.0234 -48.4989 26.7138 -40.2168 16.0344 -31.8392 -39.9472 -19.7564 -46.0845 33.4286 -37.5214 6.2424 -28.2748 -48.5292 -6.0045 -42.3747 22.8635 -34.3120 -17.8641 -25.0036 -48.7770 -16.4106 -48.7788 -25.0615 -17.3124 -34.3618 23.0189 -42.4316 -6.4089 -48.5012 -28.3288 6.4229 -37.5627 33.5372 -46.1332 -19.8669 -39.6606 -31.8927 16.1737 -40.2566 26.2100 -48.5227 -25.0930 -11.2712 -34.9234 24.5036 -42.8212 -7.9633 -48.4604 -28.2519 5.6372 -37.2704 32.3715 -45.5395 -18.1960 -43.5398 -30.9158 13.3687 -39.3493 33.7795 -47.7486 -23.1139 -26.5649 -33.4846 20.1491 -41.2973 9.0167 -48.8334 -26.5290 -2.2576 -35.8712 27.7227
-35.2445 -4.4646 -26.1581 -48.8033 13.7202 -41.0681 19.2859 -33.1702 -29.6132 -22.6071 -47.5146 34.5167 -39.0973 12.5275 -30.5974 -44.5915 -17.4162 -45.2396 31.5693 -37.0288 4.5239 -27.9537 -48.6048 -5.9880 -42.5391 23.7421 -34.6898 -13.6885 -24.7984 -48.4257 27.9309 -40.1247 15.7622 -31.7511 -40.3184 -19.6453 -46.0515 33.3899 -37.5214 6.3043 -28.3100 -48.5026 -6.4976 -42.4554 23.0909 -34.3464 -18.6390 -24.2631 -48.3183 8.7660 -44.5238 8.3654 -48.3396 -24.3347 -18.0655 -34.3966 23.2463 -42.5122 -6.8804 -48.4726 -28.3647 6.4842 -37.5627 33.4995 -46.1004 -19.7564 -40.0396 -31.8035 15.9015 -40.1644 27.4845 -48.4521 -24.8706 -13.1298 -34.7391 23.8991 -42.5950 -6.3959 -48.5820 -28.0085 4.7257 -37.0716 31.7097 -45.2912 -17.5552 -44.4240 -30.6510 12.6711 -39.1392 34.4208 -47.5557 -22.6940 -29.1301 -33.2219 19.4278 -41.1066 12.9209 -48.8112 -26.2212 -4.0689 -35.2936
-7.1381 -25.8380 -48.7487 17.5252 -40.8732 18.5726 -32.9064 -31.9590 -22.1686 -47.3099 34.8540 -38.8856 11.8146 -30.3317 -45.3454 -16.7162 -44.9841 30.8571 -36.8243 3.5049 -27.7005 -48.6891 -4.0229 -42.2980 23.1023 -34.4863 -15.8591 -24.5348 -48.3327 29.2653 -40.0063 15.4110 -31.6304 -40.8367 -19.4629 -45.9867 33.2747 -37.4924 6.2424 -28.3100 -48.4928 -6.7398 -42.5065 23.2688 -34.4055 -18.2263 -24.1114 -48.1496 27.9191 -41.4724 30.1812 -41.4917 27.5341 -48.1788 -24.1845 -17.6693 -34.4536 23.4211 -42.5626 -7.1221 -48.4623 -28.3647 6.4229 -37.5346 33.3876 -46.0364 -19.5734 -40.5716 -31.6839 15.5478 -40.0484 28.8600 -48.3616 -24.6092 -15.2968 -34.5360 23.2575 -42.3530 -4.5006 -48.6739 -27.7557 3.7253 -36.8682 31.0060 -45.0370 -16.8619 -45.2031 -30.3833 11.9597 -38.9280 34.8052 -47.3528 -22.2572 -31.5091 -32.9579 18.7145 -40.9135 16.7793 -48.7617 -25.9035 -6.6832
-24.9257 -48.6705 21.0685 -40.6755 17.8666 -32.6418 -34.1061 -21.7134 -47.0964 34.9757 -38.6732 11.0878 -30.0622 -46.0048 -15.9546 -44.7241 30.1139 -36.6181 2.3860 -27.4416 -48.7426 -1.6681 -42.0442 22.4302 -34.2667 -18.2579 -24.2392 -48.2208 30.5903 -39.8679 14.9830 -31.4805 -41.4723 -19.2071 -45.8921 33.0829 -37.4379 6.0614 -28.2748 -48.5026 -6.7398 -42.5238 23.3620 -34.4503 -17.6542 -24.1389 -48.1145 31.3523 -40.1948 19.8784 -36.6570 19.9548 -40.2265 31.0727 -48.1429 -24.2045 -17.1287 -34.4978 23.5160 -42.5795 -7.1218 -48.4728 -28.3285 6.2464 -37.4798 33.2006 -45.9411 -19.3216 -41.2209 -31.5348 15.1183 -39.9094 30.2369 -48.2508 -24.3138 -17.6956 -34.3166 22.5832 -42.0999 -2.2155 -48.7343 -27.4962 2.6303 -36.6610 30.2653 -44.7776 -16.1099 -45.8833 -30.1151 11.2363 -38.7161 34.9674 -47.1410 -21.8032 -33.6877 -32.6937 18.0074 -40.7155 20.3896 -48.6875 -24.9912
-48.5207 24.2120 -40.4729 17.1612 -32.3767 -36.0435 -21.2387 -46.8749 34.9136 -38.4613 10.3466 -29.7923 -46.5753 -15.1225 -44.4605 29.3446 -36.4061 1.1537 -27.1783 -48.7834 1.1160 -41.7825 21.7409 -34.0350 -20.8029 -23.9132 -48.0891 31.8012 -39.7118 14.4909 -31.3050 -42.1841 -18.8827 -45.7689 32.8101 -37.3594 5.7706 -28.2064 -48.5292 -6.4976 -42.5065 23.3620 -34.4661 -17.2374 -24.2179 -48.1311 31.9077 -39.7513 15.7435 -33.6065 1.7452 -33.6329 15.8447 -39.7853 31.7085 -48.1503 -24.2665 -16.7779 -34.5177 23.5169 -42.5611 -6.8717 -48.5018 -28.2596 5.9561 -37.4003 32.9342 -45.8171 -18.9990 -41.9595 -31.3573 14.6260 -39.7529 31.5191 -48.1211 -23.9890 -20.2463 -34.0846 21.8867 -41.8372 0.5002 -48.7760 -27.2316 1.4162 -36.4496 29.4998 -44.5134 -15.2945 -46.4715 -29.8460 10.4984 -38.5038 34.9397 -46.9199 -21.3327 -35.6664 -32.4287 17.3034 -40.5135 23.6079 -48.5422
20.8687 -40.2081 16.4581 -32.1099 -37.7838 -20.7457 -46.6465 34.6969 -38.2494 9.5881 -29.5249 -47.0612 -14.2148 -44.1927 28.5618 -36.1875 -0.2168 -26.9050 -48.8203 4.3340 -41.5455 21.0418 -33.7956 -23.4068 -23.5621 -47.9404 32.8509 -39.5406 13.9484 -31.1075 -42.9360 -18.4892 -45.6191 32.4588 -37.2563 5.3651 -28.1084 -48.5690 -6.0045 -42.4554 23.2682 -34.4495 -17.2447 -24.2761 -48.2340 31.7180 -39.6009 14.3034 -32.0171 -29.2004 -27.8914 -28.8857 -31.8433 14.4295 -39.6832 31.6558 -48.2259 -24.1715 -16.7603 -34.5010 23.4158 -42.5080 -6.3832 -48.5448 -28.1613 5.5497 -37.2968 32.5831 -45.6666 -18.6041 -42.7392 -31.1582 14.0813 -39.5819 32.6304 -47.9743 -23.6389 -22.8780 -33.8435 21.1802 -41.5896 3.6677 -48.8138 -26.9579 0.0613 -36.2308 28.7198 -44.2452 -14.3988 -46.9741 -29.5768 9.7423 -38.2913 34.7511 -46.6912 -20.8426 -37.4484 -32.1622 16.5979 -40.2491 20.2417
-39.9332 15.7659 -31.8453 -39.3325 -20.2367 -46.4154 34.3556 -38.0395 8.8169 -29.2625 -47.4656 -13.2260 -43.9251 27.7830 -35.9651 -1.7309 -26.6221 -48.8342 7.8897 -41.3528 20.3456 -33.5524 -25.9645 -23.1953 -47.7785 33.6889 -39.3636 13.3719 -30.8975 -43.6894 -18.0309 -45.4457 32.0319 -37.1339 4.8426 -27.9846 -48.6162 -5.2697 -42.3747 23.0903 -34.4047 -17.6715 -24.1919 -48.1575 31.8634 -39.6903 13.8125 -31.3693 -40.0426 -22.7692 -48.7674 -22.7609 -40.3715 -31.2592 14.0377 -39.5347 32.2917 -48.1147 -24.0670 -17.1455 -34.4483 23.2249 -42.4234 -5.6486 -48.5963 -28.0319 5.0223 -37.1701 32.1482 -45.4894 -18.1433 -43.5237 -30.9418 13.4949 -39.3991 33.5341 -47.8107 -23.2641 -25.5005 -33.5951 20.4713 -41.3842 7.2385 -48.8348 -26.6712 -1.4515 -36.0040 27.9288 -43.9749 -13.4129 -47.3990 -29.3078 8.9633 -38.0784 34.4269 -46.4571 -20.3303 -39.0565 -31.8934 15.8939 -39.9733
