31.2455 -36.5259 2.2766 -26.5721 -48.7883 2.0398 -41.1190 19.0211 -32.2907 -36.1431 -20.6969 -46.4641 33.3024 -37.3791 6.3946 -27.6870 -48.6463 -7.3431 -42.1997 22.0085 -33.3871 -26.9699 -22.3859 -47.3566 33.0283 -38.3018 9.8976 -28.8366 -47.8279 -12.6934 -43.2968 25.1571 -34.4617 -15.2506 -23.8875 -48.1019 28.5119 -39.2277 12.9760 -29.9744 -45.9426 -16.1031 -44.3783 28.3318 -35.4924 -4.8203 -25.3645 -48.6478 5.2518 -42.5669 33.0407 -42.5854 4.7036 -48.6600 -25.4263 -4.4216 -35.5406 28.4834 -44.4309 -16.2425 -45.8139 -30.0313 13.1224 -39.2735 28.1387 -48.1336 -23.9567 -14.6745 -34.5141 25.3141 -43.3503 -12.8935 -47.7637 -28.8917 10.0549 -38.3462 32.9283 -47.3956 -22.4604 -26.4610 -33.4380 22.1565 -42.2510 -7.6736 -48.6255 -27.7418 6.5791 -37.4234 33.3533 -46.5101 -20.7859 -35.7662 -32.3458 19.1663 -41.1716 1.4250 -48.7883 -26.6292 2.5268 -36.5706 31.3316
-36.5259 3.1076 -27.3722 -48.7948 4.8969 -41.2359 19.5040 -32.9772 -33.4879 -21.3747 -46.7103 34.4507 -37.8465 7.3577 -28.5172 -48.4530 -6.3699 -42.3377 22.5038 -34.0443 -23.3287 -23.1904 -47.5918 34.7504 -38.7165 10.6352 -29.6277 -47.3268 -12.5290 -43.4776 25.6880 -35.0789 -11.6383 -24.7721 -48.3014 31.1051 -39.5745 13.5868 -30.7320 -44.9733 -16.3419 -44.5915 28.9514 -36.0549 -2.5967 -26.1893 -48.7523 17.4187 -41.1525 23.5600 -37.6860 23.6336 -41.1816 16.7178 -48.7640 -26.2517 -2.2524 -36.0999 29.1079 -44.6463 -16.4987 -44.8188 -30.7869 13.7307 -39.6153 30.7861 -48.3310 -24.8449 -11.1157 -35.1293 25.8502 -43.5321 -12.7508 -47.2433 -29.6807 10.7832 -38.7576 34.6859 -47.6297 -23.2699 -22.7882 -34.0933 22.6562 -42.3911 -6.7535 -48.4198 -28.5696 7.5276 -37.8890 34.5229 -46.7562 -21.4712 -33.0603 -33.0305 19.6453 -41.2811 4.1958 -48.7816 -27.4260 3.3403 -36.5706
2.2766 -27.3722 -48.7753 2.8223 -41.4531 20.1070 -33.2159 -31.4430 -21.8252 -46.9327 34.7648 -38.0890 8.1996 -28.7834 -48.2671 -8.2100 -42.6167 23.2690 -34.3103 -20.4611 -23.5946 -47.7839 34.3207 -38.9678 11.3739 -29.8968 -46.8857 -13.6061 -43.7536 26.4868 -35.3390 -9.0727 -25.1270 -48.4397 29.3275 -39.8340 14.2921 -31.0047 -44.1433 -17.0912 -44.8602 29.7412 -36.2988 -0.9648 -26.4727 -48.8012 16.4345 -40.9100 19.5398 -34.8104 7.0413 -34.8320 19.6564 -40.9482 15.6955 -48.8090 -26.5326 -0.6574 -36.3437 29.8980 -44.9136 -17.2345 -43.9642 -31.0579 14.4333 -39.8757 28.9218 -48.4655 -25.1978 -8.5872 -35.3878 26.6463 -43.8068 -13.8037 -46.7871 -29.9494 11.5185 -39.0105 34.2041 -47.8202 -23.6734 -19.8868 -34.3600 23.4230 -42.6702 -8.5372 -48.2237 -28.8366 8.3617 -38.1327 34.8131 -46.9778 -21.9176 -30.9834 -33.2683 20.2474 -41.4890 2.1748 -48.7595 -27.4260 2.5268
-26.5721 -48.7948 2.8223 -41.5054 20.4690 -33.3834 -29.6626 -22.2024 -47.1281 34.9366 -38.2931 8.9823 -29.0458 -48.0330 -9.7731 -42.8918 24.0337 -34.5632 -17.5656 -23.9846 -47.9637 33.6262 -39.1791 12.0963 -30.1659 -46.3672 -14.5742 -44.0262 27.2853 -35.5807 -6.7486 -25.4704 -48.5604 27.1360 -40.0410 14.9922 -31.2745 -43.1970 -17.7876 -45.1255 30.5166 -36.5197 0.5132 -26.7655 -48.8301 13.4143 -40.9417 18.6020 -33.4459 -13.9864 -29.4312 -13.7138 -33.4851 18.7336 -40.9825 12.6494 -48.8327 -26.8241 0.7900 -36.5633 30.6705 -45.1766 -17.9168 -42.9890 -31.3267 15.1293 -40.0830 26.6342 -48.5816 -25.5388 -6.3028 -35.6279 27.4420 -44.0787 -14.7519 -46.2513 -30.2183 12.2374 -39.2222 33.4478 -47.9979 -24.0622 -16.9742 -34.6128 24.1897 -42.9458 -10.0634 -47.9792 -29.1001 9.1411 -38.3359 34.9569 -47.1724 -22.2912 -29.1766 -33.4348 20.6130 -41.5411 2.1748 -48.7816 -26.6292
-48.7883 4.8969 -41.4531 20.4690 -33.4456 -28.5939 -22.4572 -47.2779 34.9750 -38.4718 9.6740 -29.2929 -47.7566 -11.0979 -43.1595 24.7897 -34.8100 -14.7259 -24.3598 -48.1309 32.6315 -39.3893 12.8060 -30.4344 -45.7584 -15.4547 -44.2961 28.0788 -35.8164 -4.6667 -25.8010 -48.6612 24.5111 -40.2462 15.6865 -31.5426 -42.1177 -18.4340 -45.3852 31.2669 -36.7341 1.8382 -27.0501 -48.8308 9.7351 -41.0879 18.7938 -32.9925 -28.8331 -25.1156 -48.1458 -25.1496 -28.4440 -33.0391 18.9290 -41.1271 8.9587 -48.8267 -27.1076 2.0935 -36.7764 31.4125 -45.4366 -18.5546 -41.8870 -31.5952 15.8230 -40.2867 23.9223 -48.6784 -25.8673 -4.2688 -35.8630 28.2369 -44.3498 -15.6164 -45.6264 -30.4869 12.9459 -39.4315 32.3860 -48.1626 -24.4348 -14.1607 -34.8594 24.9493 -43.2134 -11.3611 -47.6917 -29.3466 9.8317 -38.5139 34.9676 -47.3208 -22.5442 -28.0909 -33.4970 20.6130 -41.4890 4.1958 -48.7883
2.0398 -41.2359 20.1070 -33.3834 -28.5939 -22.5480 -47.3590 34.9384 -38.6074 10.2317 -29.5072 -47.4600 -12.1983 -43.4122 25.5256 -35.0469 -12.0678 -24.7167 -48.2828 31.3066 -39.5969 13.5057 -30.7021 -45.0584 -16.2607 -44.5639 28.8689 -36.0473 -2.8090 -26.1207 -48.7414 21.4501 -40.4493 16.3819 -31.8101 -40.8962 -19.0408 -45.6405 31.9813 -36.9451 3.0397 -27.3254 -48.7992 5.9899 -41.2665 19.3508 -33.0137 -31.8691 -22.8435 -48.2771 -10.5214 -48.2893 -22.9082 -31.4646 -33.0638 19.4900 -41.3032 5.2393 -48.7909 -27.3817 3.2728 -36.9879 32.1199 -45.6924 -19.1576 -40.6386 -31.8633 16.5174 -40.4895 20.7772 -48.7539 -26.1848 -2.4546 -36.0930 29.0263 -44.6185 -16.4107 -44.9062 -30.7547 13.6447 -39.6391 30.9931 -48.3114 -24.7891 -11.5440 -35.0962 25.6871 -43.4669 -12.4308 -47.3825 -29.5602 10.3862 -38.6510 34.9100 -47.4014 -22.6350 -28.0909 -33.4348 20.2474 -41.2811 1.4250
-41.1190 19.5040 -33.2159 -29.6626 -22.4572 -47.3590 34.9122 -38.6825 10.5995 -29.6673 -47.1808 -13.0584 -43.6367 26.2094 -35.2666 -9.6932 -25.0496 -48.4162 29.6588 -39.8004 14.1919 -30.9665 -44.2624 -17.0018 -44.8278 29.6509 -36.2727 -1.1519 -26.4294 -48.7986 17.9878 -40.6516 17.0795 -32.0767 -39.5249 -19.6146 -45.8915 32.6546 -37.1568 4.1423 -27.5968 -48.7589 2.4853 -41.4507 20.0233 -33.2001 -31.2529 -22.2192 -47.4968 27.2386 -43.3194 27.0018 -47.5258 -22.2984 -30.8121 -33.2530 20.1697 -41.4918 1.8137 -48.7500 -27.6528 4.3574 -37.1997 32.7838 -45.9426 -19.7278 -39.2317 -32.1309 17.2149 -40.6901 17.2415 -48.8060 -26.4912 -0.8355 -36.3173 29.8063 -44.8811 -17.1415 -44.0855 -31.0201 14.3293 -39.8418 29.2749 -48.4414 -25.1204 -9.1982 -35.3151 26.3687 -43.6921 -13.2690 -47.0938 -29.7204 10.7517 -38.7270 34.8749 -47.4014 -22.5442 -29.1766 -33.2683 19.6453 -41.1716
19.0211 -32.9772 -31.4430 -22.2024 -47.2779 34.9384 -38.6825 10.7274 -29.7536 -46.9763 -13.6522 -43.8174 26.7906 -35.4582 -7.6782 -25.3510 -48.5284 27.7330 -39.9951 14.8558 -31.2242 -43.3602 -17.6821 -45.0862 30.4119 -36.4903 0.3302 -26.7266 -48.8300 14.2222 -40.8510 17.7795 -32.3427 -37.9856 -20.1594 -46.1380 33.2745 -37.3690 5.1648 -27.8686 -48.7126 -0.6232 -41.6776 20.7386 -33.4396 -29.4159 -22.3158 -47.2971 34.4484 -40.4122 26.0158 -40.4308 34.3622 -47.3342 -22.4013 -28.9209 -33.4926 20.8859 -41.7282 -1.2021 -48.6999 -27.9235 5.3643 -37.4119 33.3913 -46.1881 -20.2671 -37.6563 -32.3978 17.9198 -40.8883 13.4304 -48.8321 -26.7864 0.6153 -36.5341 30.5615 -45.1391 -17.8139 -43.1621 -31.2784 14.9937 -40.0361 27.2613 -48.5504 -25.4196 -7.2189 -35.5057 26.9499 -43.8717 -13.8520 -46.8831 -29.8073 10.8790 -38.7270 34.9100 -47.3208 -22.2912 -30.9834 -33.0305 19.1663
-32.2907 -33.4879 -21.8252 -47.1281 34.9750 -38.6074 10.5995 -29.7536 -46.9014 -13.9575 -43.9363 27.2175 -35.6086 -6.1166 -25.6089 -48.6169 25.6073 -40.1773 15.4842 -31.4721 -42.3699 -18.3065 -45.3380 31.1406 -36.6998 1.6516 -27.0111 -48.8332 10.3300 -41.0447 18.4842 -32.6079 -36.2658 -20.6786 -46.3795 33.8266 -37.5820 6.1207 -28.1400 -48.6322 -3.3113 -41.9527 21.4741 -33.6946 -27.0458 -22.6463 -47.3681 34.8722 -39.2138 16.4192 -35.5528 16.4881 -39.2472 34.8263 -47.4084 -22.7315 -26.5155 -33.7477 21.6221 -42.0076 -3.7951 -48.6119 -28.1941 6.3076 -37.6244 33.9277 -46.4284 -20.7814 -35.8982 -32.6627 18.6292 -41.0820 9.5345 -48.8301 -27.0675 1.9084 -36.7429 31.2841 -45.3900 -18.4312 -42.1434 -31.5262 15.6249 -40.2179 25.0600 -48.6368 -25.6751 -5.6977 -35.6551 27.3808 -43.9909 -14.1513 -46.8053 -29.8073 10.7517 -38.6510 34.9676 -47.1724 -21.9176 -33.0603 -32.3458
-36.1431 -21.3747 -46.9327 34.9366 -38.4718 10.2317 -29.6673 -46.9763 -13.9575 -43.9775 27.4504 -35.7057 -5.0550 -25.8070 -48.6817 23.4947 -40.3393 16.0618 -31.7038 -41.3219 -18.8703 -45.5783 31.8272 -36.9039 2.8343 -27.2811 -48.8061 6.5335 -41.2330 19.1907 -32.8716 -34.3560 -21.1750 -46.6152 34.2939 -37.7951 7.0222 -28.4112 -48.5106 -5.5986 -42.2311 22.2193 -33.9524 -24.3844 -23.0402 -47.5303 34.7830 -38.9106 12.7399 -32.5126 -6.0135 -32.5338 12.8533 -38.9509 34.7225 -47.5702 -23.1223 -23.8352 -34.0055 22.3728 -42.2865 -6.0055 -48.4819 -28.4644 7.1997 -37.8373 34.3756 -46.6629 -21.2735 -33.9498 -32.9245 19.3356 -41.2709 5.7902 -48.7972 -27.3355 3.0616 -36.9458 31.9663 -45.6288 -18.9894 -41.0629 -31.7587 16.2023 -40.3804 22.8914 -48.6988 -25.8707 -4.6520 -35.7519 27.6138 -44.0331 -14.1513 -46.8831 -29.7204 10.3862 -38.5139 34.9569 -46.9778 -21.4712 -35.7662
-20.6969 -46.7103 34.7648 -38.2931 9.6740 -29.5072 -47.1808 -13.6522 -43.9363 27.4504 -35.7397 -4.5054 -25.9320 -48.7226 21.6840 -40.4721 16.5646 -31.9095 -40.2594 -19.3679 -45.8003 32.4476 -37.0999 3.8897 -27.5400 -48.7679 3.0681 -41.4164 19.8951 -33.1312 -32.2702 -21.6479 -46.8446 34.6565 -38.0076 7.8782 -28.6819 -48.3438 -7.5400 -42.5089 22.9736 -34.2091 -21.5735 -23.4412 -47.7148 34.4769 -38.9566 11.8411 -30.9050 -37.9304 -26.4026 -37.7727 -30.9439 11.9756 -39.0004 34.3780 -47.7522 -23.5222 -21.0018 -34.2618 23.1291 -42.5644 -7.8928 -48.3047 -28.7345 8.0480 -38.0501 34.7150 -46.8908 -21.7421 -31.8175 -33.1840 20.0384 -41.4543 2.3916 -48.7580 -27.5936 4.1015 -37.1424 32.5820 -45.8514 -19.4831 -39.9792 -31.9633 16.7050 -40.5125 21.0370 -48.7376 -25.9949 -4.1132 -35.7862 27.6138 -43.9909 -13.8520 -47.0938 -29.5602 9.8317 -38.3359 34.8131 -46.7562 -20.7859
-46.4641 34.4507 -38.0890 8.9823 -29.2929 -47.4600 -13.0584 -43.8174 27.2175 -35.7057 -4.5054 -25.9749 -48.7416 20.4453 -40.5664 16.9554 -32.0785 -39.2543 -19.7909 -45.9987 32.9840 -37.2829 4.8177 -27.7872 -48.7274 0.0550 -41.6260 20.5940 -33.3856 -30.0217 -22.0979 -47.0646 34.8915 -38.2201 8.6942 -28.9493 -48.1272 -9.2093 -42.7861 23.7370 -34.4640 -18.6847 -23.8346 -47.8961 33.9109 -39.1177 12.0384 -30.4197 -44.3338 -20.8593 -48.6475 -20.9053 -44.1999 -30.4680 12.1790 -39.1608 33.7568 -47.9320 -23.9132 -18.1104 -34.5160 23.8942 -42.8415 -9.5154 -48.0762 -29.0034 8.8575 -38.2619 34.9220 -47.1087 -22.1892 -29.5331 -33.4387 20.7414 -41.6723 -0.5413 -48.7166 -27.8408 5.0236 -37.3269 33.1089 -46.0488 -19.8996 -38.9574 -32.1314 17.0967 -40.6066 19.7723 -48.7564 -26.0387 -4.1132 -35.7519 27.3808 -43.8717 -13.2690 -47.3825 -29.3466 9.1411 -38.1327 34.5229 -46.5101
33.3024 -37.8465 8.1996 -29.0458 -47.7566 -12.1983 -43.6367 26.7906 -35.6086 -5.0550 -25.9320 -48.7416 20.0059 -40.6144 17.2039 -32.1988 -38.4265 -20.1239 -46.1656 33.4220 -37.4480 5.6234 -28.0162 -48.6679 -2.4691 -41.8704 21.2812 -33.6339 -27.6327 -22.5262 -47.2733 34.9778 -38.4300 9.4755 -29.2154 -47.8569 -10.6523 -43.0623 24.5090 -34.7164 -15.7948 -24.2177 -48.0683 33.0453 -39.3136 12.5926 -30.4383 -45.3225 -17.6800 -46.4332 17.1599 -46.4550 -17.7840 -45.1868 -30.4901 12.7359 -39.3568 32.8307 -48.1014 -24.2931 -15.2366 -34.7676 24.6678 -43.1175 -10.9209 -47.7948 -29.2690 9.6305 -38.4714 34.9746 -47.3160 -22.6137 -27.1099 -33.6849 21.4326 -41.9263 -2.9839 -48.6501 -28.0709 5.8190 -37.4923 33.5337 -46.2141 -20.2300 -38.1033 -32.2520 17.3439 -40.6568 19.3190 -48.7564 -25.9949 -4.6520 -35.6551 26.9499 -43.6921 -12.4308 -47.6917 -29.1001 8.3617 -37.8890 33.3533
-37.3791 7.3577 -28.7834 -48.0330 -11.0979 -43.4122 26.2094 -35.4582 -6.1166 -25.8070 -48.7226 20.4453 -40.6144 17.2889 -32.2605 -37.8782 -20.3555 -46.2926 33.7478 -37.5881 6.2961 -28.2213 -48.5865 -4.5119 -42.1139 21.9472 -33.8708 -25.1619 -22.9287 -47.4707 34.8946 -38.6349 10.2233 -29.4798 -47.5299 -11.9112 -43.3353 25.2865 -34.9653 -13.0022 -24.5885 -48.2284 31.8435 -39.5197 13.2529 -30.6298 -45.1209 -16.7577 -45.2902 34.7727 -41.1563 34.8012 -45.3297 -16.8929 -44.9699 -30.6825 13.3941 -39.5636 31.5605 -48.2579 -24.6608 -12.4643 -35.0163 25.4432 -43.3908 -12.1488 -47.4563 -29.5330 10.3699 -38.6771 34.8537 -47.5124 -23.0111 -24.6133 -33.9213 22.0969 -42.1691 -4.9679 -48.5619 -28.2756 6.4783 -37.6323 33.8520 -46.3418 -20.4609 -37.5364 -32.3145 17.4293 -40.6568 19.7723 -48.7376 -25.8707 -5.6977 -35.5057 26.3687 -43.4669 -11.3611 -47.9792 -28.8366 7.5276 -37.4234
6.3946 -28.5172 -48.2671 -9.7731 -43.1595 25.5256 -35.2666 -7.6782 -25.6089 -48.6817 21.6840 -40.5664 17.2039 -32.2605 -37.6803 -20.4741 -46.3728 33.9638 -37.6962 6.8171 -28.3944 -48.4938 -6.1174 -42.3347 22.5716 -34.0919 -22.7000 -23.3014 -47.6537 34.6274 -38.8356 10.9367 -29.7395 -47.1428 -13.0227 -43.6034 26.0616 -35.2100 -10.3863 -24.9458 -48.3716 30.2775 -39.7279 13.9436 -30.8758 -44.5047 -16.9524 -44.9887 31.8419 -38.3236 18.7262 -38.3447 31.9542 -45.0375 -17.0895 -44.3372 -30.9288 14.0807 -39.7712 29.9206 -48.3989 -25.0158 -9.8759 -35.2591 26.2196 -43.6594 -13.2331 -47.0555 -29.7939 11.0802 -38.8789 34.5450 -47.6930 -23.3817 -22.1398 -34.1423 22.7199 -42.3898 -6.5141 -48.4628 -28.4479 6.9933 -37.7402 34.0616 -46.4216 -20.5777 -37.3353 -32.3145 17.3439 -40.6066 21.0370 -48.6988 -25.6751 -7.2189 -35.3151 25.6871 -43.2134 -10.0634 -48.2237 -28.5696 6.5791
-27.6870 -48.4530 -8.2100 -42.8918 24.7897 -35.0469 -9.6932 -25.3510 -48.6169 23.4947 -40.4721 16.9554 -32.1988 -37.8782 -20.4741 -46.4004 34.0703 -37.7641 7.1745 -28.5265 -48.4026 -7.3238 -42.5232 23.1248 -34.2910 -20.3637 -23.6400 -47.8187 34.1770 -39.0290 11.6112 -29.9925 -46.6938 -14.0068 -43.8672 26.8310 -35.4476 -7.9829 -25.2891 -48.4985 28.3246 -39.9336 14.6358 -31.1382 -43.6703 -17.5004 -45.0675 30.9077 -37.1409 9.5114 -33.3272 9.5894 -37.1765 31.0501 -45.1198 -17.6329 -43.4850 -31.1916 14.7718 -39.9761 27.8909 -48.5229 -25.3564 -7.5223 -35.4948 26.9898 -43.9218 -14.2013 -46.5916 -30.0464 11.7561 -39.0728 34.0451 -47.8561 -23.7182 -19.7874 -34.3412 23.2780 -42.5798 -7.6759 -48.3661 -28.5796 7.3515 -37.8083 34.1623 -46.4481 -20.5777 -37.5364 -32.2520 17.0967 -40.5125 22.8914 -48.6368 -25.4196 -9.1982 -35.0962 24.9493 -42.9458 -8.5372 -48.4198 -27.7418
-48.6463 -6.3699 -42.6167 24.0337 -34.8100 -12.0678 -25.0496 -48.5284 25.6073 -40.3393 16.5646 -32.0785 -38.4265 -20.3555 -46.3728 34.0703 -37.7871 7.3578 -28.6085 -48.3291 -8.1704 -42.6759 23.5932 -34.4601 -18.2840 -23.9383 -47.9623 33.5562 -39.2108 12.2445 -30.2355 -46.1894 -14.8782 -44.1254 27.5905 -35.6770 -5.8359 -25.6170 -48.6082 25.9799 -40.1363 15.3213 -31.4028 -42.6854 -18.1199 -45.2732 31.1116 -36.8516 4.9265 -30.0263 -31.5280 -30.0484 5.0964 -36.8931 31.2578 -45.3252 -18.2493 -42.4683 -31.4568 15.4600 -40.1786 25.4532 -48.6282 -25.6818 -5.4186 -35.7237 27.7502 -44.1787 -15.0609 -46.0697 -30.2884 12.3895 -39.2548 33.3771 -47.9982 -24.0150 -17.6998 -34.5109 23.7470 -42.7325 -8.5018 -48.2891 -28.6617 7.5334 -37.8313 34.1623 -46.4216 -20.4609 -38.1033 -32.1314 16.7050 -40.3804 25.0600 -48.5504 -25.1204 -11.5440 -34.8594 24.1897 -42.6702 -6.7535 -48.6255
-7.3431 -42.3377 23.2690 -34.5632 -14.7259 -24.7167 -48.4162 27.7330 -40.1773 16.0618 -31.9095 -39.2543 -20.1239 -46.2926 33.9638 -37.7641 7.3578 -28.6359 -48.2889 -8.6608 -42.7837 23.9557 -34.5960 -16.5531 -24.1885 -48.0828 32.8145 -39.3777 12.8318 -30.4640 -45.6387 -15.6489 -44.3725 28.3287 -35.8981 -3.9464 -25.9296 -48.6969 23.2372 -40.3359 15.9991 -31.6659 -41.5648 -18.7303 -45.5140 31.6756 -36.9038 3.6049 -28.3047 -47.1136 -22.5219 -47.0683 -28.3479 3.8212 -36.9454 31.8199 -45.5658 -18.8534 -41.3151 -31.7192 16.1413 -40.3786 22.6321 -48.7131 -25.9935 -3.5622 -35.9436 28.4917 -44.4254 -15.8142 -45.5023 -30.5170 12.9732 -39.4215 32.5876 -48.1159 -24.2639 -15.9676 -34.6462 24.1092 -42.8402 -8.9820 -48.2472 -28.6891 7.5334 -37.8083 34.0616 -46.3418 -20.2300 -38.9574 -31.9633 16.2023 -40.2179 27.2613 -48.4414 -24.7891 -14.1607 -34.6128 23.4230 -42.3911 -7.6736
-42.1997 22.5038 -34.3103 -17.5656 -24.3598 -48.2828 29.6588 -39.9951 15.4842 -31.7038 -40.2594 -19.7909 -46.1656 33.7478 -37.6962 7.1745 -28.6085 -48.2889 -8.8143 -42.8381 24.1786 -34.6929 -15.2258 -24.3865 -48.1781 32.0323 -39.5239 13.3567 -30.6729 -45.0578 -16.3232 -44.6049 29.0327 -36.1074 -2.2889 -26.2253 -48.7644 20.1402 -40.5308 16.6731 -31.9257 -40.3059 -19.3085 -45.7598 32.3188 -37.0658 3.9100 -27.8114 -48.5462 -14.1452 -47.0801 -14.2438 -48.5229 -27.8641 4.1295 -37.1087 32.4573 -45.8116 -19.4234 -40.0325 -31.9788 16.8124 -40.5719 19.4637 -48.7769 -26.2872 -1.9508 -36.1521 29.1923 -44.6580 -16.4733 -44.9075 -30.7268 13.4957 -39.5664 31.7582 -48.2094 -24.4586 -14.6585 -34.7418 24.3364 -42.8928 -9.1317 -48.2472 -28.6617 7.3515 -37.7402 33.8520 -46.2141 -19.8996 -39.9792 -31.7587 15.6249 -40.0361 29.2749 -48.3114 -24.4348 -16.9742 -34.3600 22.6562 -42.2510
22.0085 -34.0443 -20.4611 -23.9846 -48.1309 31.3066 -39.8004 14.8558 -31.4721 -41.3219 -19.3679 -45.9987 33.4220 -37.5881 6.8171 -28.5265 -48.3291 -8.6608 -42.8381 24.2518 -34.7410 -14.4083 -24.5250 -48.2475 31.2944 -39.6444 13.8005 -30.8561 -44.4790 -16.8990 -44.8190 29.6856 -36.3013 -0.8622 -26.5007 -48.8105 16.8041 -40.7193 17.3404 -32.1818 -38.9166 -19.8500 -46.0016 32.9456 -37.2607 4.7207 -27.8324 -48.6782 -7.0375 -44.0680 35.0078 -44.0959 -7.3535 -48.6619 -27.8860 4.9268 -37.3034 33.0726 -46.0509 -19.9599 -38.6062 -32.2346 17.4770 -40.7601 16.0667 -48.8175 -26.5613 -0.5609 -36.3447 29.8437 -44.8715 -17.0432 -44.3094 -30.9110 13.9389 -39.6859 30.9904 -48.2779 -24.5966 -13.8572 -34.7894 24.4097 -42.8928 -8.9820 -48.2891 -28.5796 6.9933 -37.6323 33.5337 -46.0488 -19.4831 -41.0629 -31.5262 14.9937 -39.8418 30.9931 -48.1626 -24.0622 -19.8868 -34.0933 22.1565
-33.3871 -23.3287 -23.5946 -47.9637 32.6315 -39.5969 14.1919 -31.2242 -42.3699 -18.8703 -45.8003 32.9840 -37.4480 6.2961 -28.3944 -48.4026 -8.1704 -42.7837 24.1786 -34.7410 -14.1433 -24.5941 -48.2898 30.7088 -39.7369 14.1511 -31.0081 -43.9384 -17.3754 -45.0080 30.2720 -36.4759 0.3533 -26.7541 -48.8337 13.3835 -40.8994 17.9918 -32.4315 -37.3910 -20.3618 -46.2366 33.5176 -37.4635 5.6252 -28.0233 -48.6548 -4.4457 -42.6986 28.4943 -39.0732 28.5747 -42.7451 -4.8761 -48.6363 -28.0762 5.8162 -37.5058 33.6282 -46.2845 -20.4660 -37.0370 -32.4841 18.1295 -40.9395 12.6036 -48.8351 -26.8120 0.6326 -36.5181 30.4258 -45.0600 -17.5169 -43.7487 -31.0631 14.2915 -39.7774 30.3727 -48.3190 -24.6653 -13.5953 -34.7894 24.3364 -42.8402 -8.5018 -48.3661 -28.4479 6.4783 -37.4923 33.1089 -45.8514 -18.9894 -42.1434 -31.2784 14.3293 -39.6391 32.3860 -47.9979 -23.6734 -22.7882 -33.4380
-26.9699 -23.1904 -47.7839 33.6262 -39.3893 13.5057 -30.9665 -43.3602 -18.3065 -45.5783 32.4476 -37.2829 5.6234 -28.2213 -48.4938 -7.3238 -42.6759 23.9557 -34.6929 -14.4083 -24.5941 -48.3036 30.3879 -39.7955 14.4037 -31.1248 -43.4715 -17.7562 -45.1673 30.7723 -36.6270 1.3711 -26.9798 -48.8355 10.0705 -41.0697 18.6209 -32.6718 -35.7444 -20.8410 -46.4628 34.0134 -37.6669 6.5099 -28.2648 -48.5737 -5.0576 -42.3579 24.3083 -36.2299 11.9359 -36.2507 24.4376 -42.4125 -5.4740 -48.5487 -28.3185 6.6864 -37.7090 34.1061 -46.5112 -20.9399 -35.3605 -32.7246 18.7582 -41.1070 9.2933 -48.8318 -27.0354 1.6296 -36.6696 30.9223 -45.2200 -17.8898 -43.2684 -31.1779 14.5414 -39.8351 30.0395 -48.3325 -24.6653 -13.8572 -34.7418 24.1092 -42.7325 -7.6759 -48.4628 -28.2756 5.8190 -37.3269 32.5820 -45.6288 -18.4312 -43.1621 -31.0201 13.6447 -39.4315 33.4478 -47.8202 -23.2699 -26.4610
-22.3859 -47.5918 34.3207 -39.1791 12.8060 -30.7021 -44.2624 -17.6821 -45.3380 31.8272 -37.0999 4.8177 -28.0162 -48.5865 -6.1174 -42.5232 23.5932 -34.5960 -15.2258 -24.5250 -48.2898 30.3879 -39.8151 14.5341 -31.1985 -43.1167 -18.0361 -45.2939 31.1808 -36.7536 2.1935 -27.1731 -48.8186 7.0743 -41.2262 19.2154 -32.8991 -34.0134 -21.2837 -46.6769 34.4173 -37.8668 7.3416 -28.5170 -48.4447 -6.6227 -42.4347 23.3303 -35.0142 -0.4485 -31.0922 -0.3021 -35.0523 23.4740 -42.4893 -6.9932 -48.4115 -28.5704 7.5096 -37.9098 34.4914 -46.7249 -21.3776 -33.6104 -32.9524 19.3552 -41.2621 6.3172 -48.8108 -27.2277 2.4355 -36.7966 31.3256 -45.3470 -18.1640 -42.9121 -31.2501 14.6673 -39.8547 30.0395 -48.3190 -24.5966 -14.6585 -34.6462 23.7470 -42.5798 -6.5141 -48.5619 -28.0709 5.0236 -37.1424 31.9663 -45.3900 -17.8139 -44.0855 -30.7547 12.9459 -39.2222 34.2041 -47.6297 -22.4604
-47.3566 34.7504 -38.9678 12.0963 -30.4344 -45.0584 -17.0018 -45.0862 31.1406 -36.9039 3.8897 -27.7872 -48.6679 -4.5119 -42.3347 23.1248 -34.4601 -16.5531 -24.3865 -48.2475 30.7088 -39.7955 14.5341 -31.2238 -42.9295 -18.2084 -45.3840 31.4831 -36.8547 2.8367 -27.3336 -48.7896 4.5483 -41.3635 19.7662 -33.1091 -32.2511 -21.6879 -46.8772 34.7153 -38.0600 8.1194 -28.7668 -48.2726 -8.2360 -42.6425 23.5230 -34.6343 -11.1365 -27.2989 -45.2525 -27.3286 -10.7027 -34.6811 23.6720 -42.6974 -8.5637 -48.2301 -28.8201 8.2827 -38.1047 34.7673 -46.9222 -21.7792 -31.8109 -33.1625 19.9130 -41.4015 3.8353 -48.7797 -27.3878 3.0640 -36.8969 31.6254 -45.4353 -18.3329 -42.7237 -31.2751 14.6673 -39.8351 30.3727 -48.2779 -24.4586 -15.9676 -34.5109 23.2780 -42.3898 -4.9679 -48.6501 -27.8408 4.1015 -36.9458 31.2841 -45.1391 -17.1415 -44.9062 -30.4869 12.2374 -39.0105 34.6859 -47.3956
33.0283 -38.7165 11.3739 -30.1659 -45.7584 -16.2607 -44.8278 30.4119 -36.6998 2.8343 -27.5400 -48.7274 -2.4691 -42.1139 22.5716 -34.2910 -18.2840 -24.1885 -48.1781 31.2944 -39.7369 14.4037 -31.1985 -42.9295 -18.2682 -45.4292 31.6695 -36.9268 3.2996 -27.4604 -48.7649 2.5500 -41.4813 20.2614 -33.2987 -30.5190 -22.0489 -47.0616 34.9007 -38.2457 8.8397 -29.0094 -48.0605 -9.6817 -42.8846 24.0869 -34.6582 -14.6122 -25.3371 -48.7789 -16.9180 -48.7793 -25.3940 -14.0679 -34.7071 24.2374 -42.9410 -9.9704 -48.0072 -29.0647 8.9985 -38.2890 34.9284 -47.1036 -22.1401 -30.0332 -33.3523 20.4095 -41.5230 1.8883 -48.7568 -27.5153 3.5184 -36.9687 31.8113 -45.4804 -18.3895 -42.7237 -31.2501 14.5414 -39.7774 30.9904 -48.2094 -24.2639 -17.6998 -34.3412 22.7199 -42.1691 -2.9839 -48.7166 -27.5936 3.0616 -36.7429 30.5615 -44.8811 -16.4107 -45.6264 -30.2183 11.5185 -38.7576 32.9283
-38.3018 10.6352 -29.8968 -46.3672 -15.4547 -44.5639 29.6509 -36.4903 1.6516 -27.2811 -48.7679 0.0550 -41.8704 21.9472 -34.0919 -20.3637 -23.9383 -48.0828 32.0323 -39.6444 14.1511 -31.1248 -43.1167 -18.2084 -45.4292 31.7363 -36.9635 3.5832 -27.5489 -48.7513 1.0672 -41.5932 20.6790 -33.4614 -28.8906 -22.3658 -47.2239 34.9749 -38.4196 9.4974 -29.2410 -47.8111 -10.9316 -43.1321 24.7565 -34.8263 -13.9545 -24.7812 -48.4441 5.1775 -44.6905 4.8073 -48.4618 -24.8505 -13.4019 -34.8748 24.9090 -43.1887 -11.1942 -47.7460 -29.2970 9.6522 -38.4611 34.9770 -47.2649 -22.4549 -28.3783 -33.5152 20.8246 -41.6423 0.4340 -48.7445 -27.6045 3.8014 -37.0058 31.8740 -45.4804 -18.3329 -42.9121 -31.1779 14.2915 -39.6859 31.7582 -48.1159 -24.0150 -19.7874 -34.1423 22.0969 -41.9263 -0.5413 -48.7580 -27.3355 1.9084 -36.5341 29.8063 -44.6185 -15.6164 -46.2513 -29.9494 10.7832 -38.3462
9.8976 -29.6277 -46.8857 -14.5742 -44.2961 28.8689 -36.2727 0.3302 -27.0111 -48.8061 3.0681 -41.6260 21.2812 -33.8708 -22.7000 -23.6400 -47.9623 32.8145 -39.5239 13.8005 -31.0081 -43.4715 -18.0361 -45.3840 31.6695 -36.9635 3.6844 -27.5937 -48.7427 0.0843 -41.6952 21.0052 -33.5933 -27.4661 -22.6321 -47.3624 34.9503 -38.5778 10.0959 -29.4581 -47.5294 -12.0030 -43.3720 25.4389 -35.0320 -12.0204 -24.8267 -48.3853 24.3088 -41.7089 31.0147 -41.7272 23.8078 -48.4099 -24.8972 -11.4926 -35.0806 25.5938 -43.4273 -12.2441 -47.4533 -29.5126 10.2444 -38.6185 34.9261 -47.4028 -22.7187 -26.9425 -33.6460 21.1510 -41.7506 -0.5205 -48.7340 -27.6500 3.9018 -37.0058 31.8113 -45.4353 -18.1640 -43.2684 -31.0631 13.9389 -39.5664 32.5876 -47.9982 -23.7182 -22.1398 -33.9213 21.4326 -41.6723 2.3916 -48.7972 -27.0675 0.6153 -36.3173 29.0263 -44.3498 -14.7519 -46.7871 -29.6807 10.0549
-28.8366 -47.3268 -13.6061 -44.0262 28.0788 -36.0473 -1.1519 -26.7266 -48.8332 6.5335 -41.4164 20.5940 -33.6339 -25.1619 -23.3014 -47.8187 33.5562 -39.3777 13.3567 -30.8561 -43.9384 -17.7562 -45.2939 31.4831 -36.9268 3.5832 -27.5937 -48.7392 -0.3966 -41.7624 21.2326 -33.6907 -26.3122 -22.8438 -47.4756 34.8519 -38.7159 10.6222 -29.6564 -47.2256 -12.9170 -43.5994 26.1057 -35.2401 -9.8767 -25.0611 -48.4367 27.6482 -40.5403 20.9231 -36.9449 21.0004 -40.5728 27.1888 -48.4617 -25.1279 -9.3876 -35.2883 26.2620 -43.6537 -13.1337 -47.1397 -29.7095 10.7659 -38.7579 34.8022 -47.5153 -22.9294 -25.7817 -33.7438 21.3799 -41.8182 -0.9857 -48.7298 -27.6500 3.8014 -36.9687 31.6254 -45.3470 -17.8898 -43.7487 -30.9110 13.4957 -39.4215 33.3771 -47.8561 -23.3817 -24.6133 -33.6849 20.7414 -41.4543 5.7902 -48.8301 -26.7864 -0.8355 -36.0930 28.2369 -44.0787 -13.8037 -47.2433 -28.8917
-47.8279 -12.5290 -43.7536 27.2853 -35.8164 -2.8090 -26.4294 -48.8300 10.3300 -41.2330 19.8951 -33.3856 -27.6327 -22.9287 -47.6537 34.1770 -39.2108 12.8318 -30.6729 -44.4790 -17.3754 -45.1673 31.1808 -36.8547 3.2996 -27.5489 -48.7427 -0.3966 -41.7850 21.3507 -33.7510 -25.5022 -22.9984 -47.5622 34.7149 -38.8308 11.0601 -29.8296 -46.9169 -13.6782 -43.8084 26.7331 -35.4378 -7.8833 -25.3342 -48.5258 27.1626 -40.2194 17.1085 -34.0109 3.6262 -34.0341 17.2255 -40.2586 26.6935 -48.5481 -25.4001 -7.4250 -35.4862 26.8919 -43.8625 -13.8796 -46.8228 -29.8822 11.2043 -38.8742 34.6415 -47.6010 -23.0836 -24.9517 -33.8049 21.4990 -41.8407 -0.9857 -48.7340 -27.6045 3.5184 -36.8969 31.3256 -45.2200 -17.5169 -44.3094 -30.7268 12.9732 -39.2548 34.0451 -47.6930 -23.0111 -27.1099 -33.4387 20.0384 -41.2709 9.5345 -48.8321 -26.4912 -2.4546 -35.8630 27.4420 -43.8068 -12.7508 -47.7637
-12.6934 -43.4776 26.4868 -35.5807 -4.6667 -26.1207 -48.7986 14.2222 -41.0447 19.1907 -33.1312 -30.0217 -22.5262 -47.4707 34.6274 -39.0290 12.2445 -30.4640 -45.0578 -16.8990 -45.0080 30.7723 -36.7536 2.8367 -27.4604 -48.7513 0.0843 -41.7624 21.3507 -33.7720 -25.0852 -23.0937 -47.6209 34.5776 -38.9211 11.4120 -29.9726 -46.6276 -14.2961 -43.9928 27.3034 -35.6177 -6.1476 -25.6001 -48.6121 25.5092 -40.2363 16.1651 -32.5471 -23.9580 -28.4197 -23.6575 -32.5901 16.2978 -40.2763 24.9815 -48.6326 -25.6657 -5.7150 -35.6659 27.4637 -44.0471 -14.4862 -46.5223 -30.0258 11.5542 -38.9630 34.4861 -47.6597 -23.1773 -24.5235 -33.8259 21.4990 -41.8182 -0.5205 -48.7445 -27.5153 3.0640 -36.7966 30.9223 -45.0600 -17.0432 -44.9075 -30.5170 12.3895 -39.0728 34.5450 -47.5124 -22.6137 -29.5331 -33.1840 19.3356 -41.0820 13.4304 -48.8060 -26.1848 -4.2688 -35.6279 26.6463 -43.5321 -12.8935
-43.2968 25.6880 -35.3390 -6.7486 -25.8010 -48.7414 17.9878 -40.8510 18.4842 -32.8716 -32.2702 -22.0979 -47.2733 34.8946 -38.8356 11.6112 -30.2355 -45.6387 -16.3232 -44.8190 30.2720 -36.6270 2.1935 -27.3336 -48.7649 1.0672 -41.6952 21.2326 -33.7510 -25.0852 -23.1268 -47.6502 34.4760 -38.9826 11.6683 -30.0834 -46.3736 -14.7809 -44.1493 27.8004 -35.7762 -4.6899 -25.8424 -48.6842 23.3933 -40.3559 16.2607 -32.0486 -36.4105 -23.7248 -48.6848 -23.7679 -36.1021 -32.0995 16.3945 -40.3970 22.7940 -48.7012 -25.9064 -4.3049 -35.8219 27.9608 -44.2034 -14.9610 -46.2595 -30.1377 11.8122 -39.0234 34.3750 -47.6887 -23.2095 -24.5235 -33.8049 21.3799 -41.7506 0.4340 -48.7568 -27.3878 2.4355 -36.6696 30.4258 -44.8715 -16.4733 -45.5023 -30.2884 11.7561 -38.8789 34.8537 -47.3160 -22.1892 -31.8175 -32.9245 18.6292 -40.8883 17.2415 -48.7539 -25.8673 -6.3028 -35.3878 25.8502 -43.3503
25.1571 -35.0789 -9.0727 -25.4704 -48.6612 21.4501 -40.6516 17.7795 -32.6079 -34.3560 -21.6479 -47.0646 34.9778 -38.6349 10.9367 -29.9925 -46.1894 -15.6489 -44.6049 29.6856 -36.4759 1.3711 -27.1731 -48.7896 2.5500 -41.5932 21.0052 -33.6907 -25.5022 -23.0937 -47.6502 34.4375 -39.0132 11.8242 -30.1596 -46.1737 -15.1416 -44.2748 28.2121 -35.9091 -3.5150 -26.0528 -48.7388 21.1150 -40.4973 16.6655 -32.0247 -38.7565 -21.1779 -47.6740 -4.0403 -47.6935 -21.2600 -38.4668 -32.0752 16.8008 -40.5378 20.4656 -48.7520 -26.1148 -3.1640 -35.9537 28.3698 -44.3279 -15.3181 -46.0523 -30.2139 11.9685 -39.0547 34.3355 -47.6887 -23.1773 -24.9517 -33.7438 21.1510 -41.6423 1.8883 -48.7797 -27.2277 1.6296 -36.5181 29.8437 -44.6580 -15.8142 -46.0697 -30.0464 11.0802 -38.6771 34.9746 -47.1087 -21.7421 -33.9498 -32.6627 17.9198 -40.6901 20.7772 -48.6784 -25.5388 -8.5872 -35.1293 25.3141
-34.4617 -11.6383 -25.1270 -48.5604 24.5111 -40.4493 17.0795 -32.3427 -36.2658 -21.1750 -46.8446 34.8915 -38.4300 10.2233 -29.7395 -46.6938 -14.8782 -44.3725 29.0327 -36.3013 0.3533 -26.9798 -48.8186 4.5483 -41.4813 20.6790 -33.5933 -26.3122 -22.9984 -47.6209 34.4760 -39.0132 11.8790 -30.1989 -46.0454 -15.3826 -44.3664 28.5292 -36.0139 -2.6087 -26.2281 -48.7774 18.8991 -40.6329 17.1289 -32.1525 -38.6447 -20.3991 -46.7303 33.2915 -42.4726 33.1876 -46.7672 -20.4957 -38.3376 -32.2038 17.2673 -40.6712 18.2054 -48.7882 -26.2889 -2.2721 -36.0587 28.6886 -44.4208 -15.5557 -45.9209 -30.2521 12.0194 -39.0547 34.3750 -47.6597 -23.0836 -25.7817 -33.6460 20.8246 -41.5230 3.8353 -48.8108 -27.0354 0.6326 -36.3447 29.1923 -44.4254 -15.0609 -46.5916 -29.7939 10.3699 -38.4714 34.9220 -46.8908 -21.2735 -35.8982 -32.3978 17.2149 -40.4895 23.9223 -48.5816 -25.1978 -11.1157 -34.5141
-15.2506 -24.7721 -48.4397 27.1360 -40.2462 16.3819 -32.0767 -37.9856 -20.6786 -46.6152 34.6565 -38.2201 9.4755 -29.4798 -47.1428 -14.0068 -44.1254 28.3287 -36.1074 -0.8622 -26.7541 -48.8355 7.0743 -41.3635 20.2614 -33.4614 -27.4661 -22.8438 -47.5622 34.5776 -38.9826 11.8242 -30.1989 -45.9996 -15.5034 -44.4221 28.7456 -36.0907 -1.9443 -26.3666 -48.8030 16.9125 -40.7508 17.5687 -32.3126 -37.8366 -20.4010 -46.4320 34.8782 -39.6166 23.1422 -39.6370 34.9120 -46.4758 -20.5013 -37.5012 -32.3643 17.7060 -40.7905 16.1629 -48.8112 -26.4261 -1.6153 -36.1366 28.9086 -44.4775 -15.6708 -45.8776 -30.2521 11.9685 -39.0234 34.4861 -47.6010 -22.9294 -26.9425 -33.5152 20.4095 -41.4015 6.3172 -48.8318 -26.8120 -0.5609 -36.1521 28.4917 -44.1787 -14.2013 -47.0555 -29.5330 9.6305 -38.2619 34.7150 -46.6629 -20.7814 -37.6563 -32.1309 16.5174 -40.2867 26.6342 -48.4655 -24.8449 -14.6745
-23.8875 -48.3014 29.3275 -40.0410 15.6865 -31.8101 -39.5249 -20.1594 -46.3795 34.2939 -38.0076 8.6942 -29.2154 -47.5299 -13.0227 -43.8672 27.5905 -35.8981 -2.2889 -26.5007 -48.8337 10.0705 -41.2262 19.7662 -33.2987 -28.8906 -22.6321 -47.4756 34.7149 -38.9211 11.6683 -30.1596 -46.0454 -15.5034 -44.4404 28.8585 -36.1376 -1.5007 -26.4671 -48.8180 15.2365 -40.8491 17.9495 -32.4645 -36.8523 -20.6326 -46.4420 34.3640 -38.3760 13.7674 -34.6867 13.8378 -38.4099 34.4385 -46.4876 -20.7331 -36.5009 -32.5169 18.0894 -40.8885 14.4639 -48.8240 -26.5265 -1.1742 -36.1841 29.0179 -44.4956 -15.6708 -45.9209 -30.2139 11.8122 -38.9630 34.6415 -47.5153 -22.7187 -28.3783 -33.3523 19.9130 -41.2621 9.2933 -48.8351 -26.5613 -1.9508 -35.9436 27.7502 -43.9218 -13.2331 -47.4563 -29.2690 8.8575 -38.0501 34.3756 -46.4284 -20.2671 -39.2317 -31.8633 15.8230 -40.0830 28.9218 -48.3310 -23.9567
-48.1019 31.1051 -39.8340 14.9922 -31.5426 -40.8962 -19.6146 -46.1380 33.8266 -37.7951 7.8782 -28.9493 -47.8569 -11.9112 -43.6034 26.8310 -35.6770 -3.9464 -26.2253 -48.8105 13.3835 -41.0697 19.2154 -33.1091 -30.5190 -22.3658 -47.3624 34.8519 -38.8308 11.4120 -30.0834 -46.1737 -15.3826 -44.4221 28.8585 -36.1530 -1.2759 -26.5281 -48.8258 13.9680 -40.9241 18.2564 -32.5924 -35.8995 -20.8970 -46.5422 34.3309 -38.0144 9.7692 -31.5138 -15.9088 -31.5358 9.8932 -38.0542 34.4115 -46.5895 -20.9952 -35.5363 -32.6461 18.3995 -40.9624 13.2004 -48.8311 -26.5881 -0.9594 -36.1992 29.0179 -44.4775 -15.5557 -46.0523 -30.1377 11.5542 -38.8742 34.8022 -47.4028 -22.4549 -30.0332 -33.1625 19.3552 -41.1070 12.6036 -48.8175 -26.2872 -3.5622 -35.7237 26.9898 -43.6594 -12.1488 -47.7948 -29.0034 8.0480 -37.8373 33.9277 -46.1881 -19.7278 -40.6386 -31.5952 15.1293 -39.8757 30.7861 -48.1336
28.5119 -39.5745 14.2921 -31.2745 -42.1177 -19.0408 -45.8915 33.2745 -37.5820 7.0222 -28.6819 -48.1272 -10.6523 -43.3353 26.0616 -35.4476 -5.8359 -25.9296 -48.7644 16.8041 -40.8994 18.6209 -32.8991 -32.2511 -22.0489 -47.2239 34.9503 -38.7159 11.0601 -29.9726 -46.3736 -15.1416 -44.3664 28.7456 -36.1376 -1.2759 -26.5484 -48.8291 13.1851 -40.9743 18.4831 -32.6908 -35.0944 -21.1262 -46.6540 34.4702 -37.9823 8.5061 -29.7693 -43.2498 -24.9030 -43.1505 -29.8104 8.6613 -38.0248 34.5427 -46.7005 -21.2236 -34.7131 -32.7447 18.6237 -41.0143 12.4171 -48.8337 -26.6083 -0.9594 -36.1841 28.9086 -44.4208 -15.3181 -46.2595 -30.0258 11.2043 -38.7579 34.9261 -47.2649 -22.1401 -31.8109 -32.9524 18.7582 -40.9395 16.0667 -48.7769 -25.9935 -5.4186 -35.4948 26.2196 -43.3908 -10.9209 -48.0762 -28.7345 7.1997 -37.6244 33.3913 -45.9426 -19.1576 -41.8870 -31.3267 14.4333 -39.6153 28.1387
-39.2277 13.5868 -31.0047 -43.1970 -18.4340 -45.6405 32.6546 -37.3690 6.1207 -28.4112 -48.3438 -9.2093 -43.0623 25.2865 -35.2100 -7.9829 -25.6170 -48.6969 20.1402 -40.7193 17.9918 -32.6718 -34.0134 -21.6879 -47.0616 34.9749 -38.5778 10.6222 -29.8296 -46.6276 -14.7809 -44.2748 28.5292 -36.0907 -1.5007 -26.5281 -48.8291 12.9218 -41.0004 18.6238 -32.7596 -34.4865 -21.3015 -46.7485 34.6131 -38.0450 8.3844 -29.1728 -47.1251 -18.3933 -48.1365 -18.4559 -47.0540 -29.2225 8.5460 -38.0874 34.6740 -46.7930 -21.3974 -34.0797 -32.8127 18.7622 -41.0399 12.1530 -48.8337 -26.5881 -1.1742 -36.1366 28.6886 -44.3279 -14.9610 -46.5223 -29.8822 10.7659 -38.6185 34.9770 -47.1036 -21.7792 -33.6104 -32.7246 18.1295 -40.7601 19.4637 -48.7131 -25.6818 -7.5223 -35.2591 25.4432 -43.1175 -9.5154 -48.3047 -28.4644 6.3076 -37.4119 32.7838 -45.6924 -18.5546 -42.9890 -31.0579 13.7307 -39.2735
12.9760 -30.7320 -44.1433 -17.7876 -45.3852 31.9813 -37.1568 5.1648 -28.1400 -48.5106 -7.5400 -42.7861 24.5090 -34.9653 -10.3863 -25.2891 -48.6082 23.2372 -40.5308 17.3404 -32.4315 -35.7444 -21.2837 -46.8772 34.9007 -38.4196 10.0959 -29.6564 -46.9169 -14.2961 -44.1493 28.2121 -36.0139 -1.9443 -26.4671 -48.8258 13.1851 -41.0004 18.6716 -32.7952 -34.0963 -21.4226 -46.8172 34.7169 -38.1209 8.5882 -29.0604 -47.7669 -13.8696 -45.3941 29.7525 -45.4196 -14.0284 -47.7040 -29.1141 8.7468 -38.1616 34.7686 -46.8623 -21.5184 -33.6724 -32.8471 18.8101 -41.0399 12.4171 -48.8311 -26.5265 -1.6153 -36.0587 28.3698 -44.2034 -14.4862 -46.8228 -29.7095 10.2444 -38.4611 34.9284 -46.9222 -21.3776 -35.3605 -32.4841 17.4770 -40.5719 22.6321 -48.6282 -25.3564 -9.8759 -35.0163 24.6678 -42.8415 -7.8928 -48.4819 -28.1941 5.3643 -37.1997 32.1199 -45.4366 -17.9168 -43.9642 -30.7869 13.1224
-29.9744 -44.9733 -17.0912 -45.1255 31.2669 -36.9451 4.1423 -27.8686 -48.6322 -5.5986 -42.5089 23.7370 -34.7164 -13.0022 -24.9458 -48.4985 25.9799 -40.3359 16.6731 -32.1818 -37.3910 -20.8410 -46.6769 34.7153 -38.2457 9.4974 -29.4581 -47.2256 -13.6782 -43.9928 27.8004 -35.9091 -2.6087 -26.3666 -48.8180 13.9680 -40.9743 18.6238 -32.7952 -33.9585 -21.4859 -46.8603 34.7803 -38.1823 8.8279 -29.0936 -47.8502 -11.9369 -44.0004 32.2740 -40.1737 32.3410 -44.0456 -12.1661 -47.7870 -29.1494 8.9865 -38.2234 34.8265 -46.9064 -21.5814 -33.5318 -32.8471 18.7622 -41.0143 13.2004 -48.8240 -26.4261 -2.2721 -35.9537 27.9608 -44.0471 -13.8796 -47.1397 -29.5126 9.6522 -38.2890 34.7673 -46.7249 -20.9399 -37.0371 -32.2346 16.8124 -40.3786 25.4532 -48.5229 -25.0158 -12.4643 -34.7676 23.8942 -42.5644 -6.0055 -48.6119 -27.9235 4.3574 -36.9879 31.4125 -45.1766 -17.2345 -44.8188 -30.0313
-45.9426 -16.3419 -44.8602 30.5166 -36.7341 3.0397 -27.5968 -48.7126 -3.3113 -42.2311 22.9736 -34.4640 -15.7948 -24.5885 -48.3716 28.3246 -40.1363 15.9991 -31.9257 -38.9166 -20.3618 -46.4628 34.4173 -38.0600 8.8397 -29.2410 -47.5294 -12.9170 -43.8084 27.3034 -35.7762 -3.5150 -26.2281 -48.8030 15.2365 -40.9241 18.4831 -32.7596 -34.0963 -21.4859 -46.8750 34.8103 -38.2202 9.0097 -29.1530 -47.8082 -11.5404 -43.5237 27.8626 -37.2493 15.3318 -37.2716 27.9952 -43.5761 -11.7937 -47.7427 -29.2084 9.1690 -38.2626 34.8531 -46.9213 -21.5814 -33.6724 -32.8127 18.6237 -40.9624 14.4639 -48.8112 -26.2889 -3.1640 -35.8219 27.4637 -43.8625 -13.1337 -47.4533 -29.2970 8.9985 -38.1047 34.4914 -46.5112 -20.4659 -38.6069 -31.9788 16.1413 -40.1786 27.8909 -48.3989 -24.6608 -15.2366 -34.5160 23.1291 -42.2865 -3.7951 -48.6999 -27.6528 3.2728 -36.7764 30.6705 -44.9136 -16.4987 -45.8139
-16.1031 -44.5915 29.7412 -36.5197 1.8382 -27.3254 -48.7589 -0.6232 -41.9527 22.2193 -34.2091 -18.6847 -24.2177 -48.2284 30.2775 -39.9336 15.3213 -31.6659 -40.3059 -19.8500 -46.2366 34.0134 -37.8668 8.1194 -29.0094 -47.8111 -12.0030 -43.5994 26.7331 -35.6177 -4.6899 -26.0528 -48.7774 16.9125 -40.8491 18.2564 -32.6908 -34.4865 -21.4226 -46.8603 34.8103 -38.2324 9.1048 -29.1970 -47.7503 -11.6387 -43.4229 26.3671 -35.9608 4.9705 -32.1403 5.0777 -35.9979 26.5275 -43.4801 -11.8976 -47.6821 -29.2538 9.2647 -38.2760 34.8531 -46.9062 -21.5182 -34.0798 -32.7447 18.3995 -40.8885 16.1629 -48.7882 -26.1148 -4.3053 -35.6653 26.8919 -43.6537 -12.2441 -47.7461 -29.0643 8.2823 -37.9097 34.1058 -46.2843 -19.9586 -40.0357 -31.7188 15.4589 -39.9761 29.9206 -48.2579 -24.2931 -18.1104 -34.2618 22.3728 -42.0076 -1.2021 -48.7500 -27.3817 2.0935 -36.5633 29.8980 -44.6463 -16.2425
-44.3783 28.9514 -36.2988 0.5132 -27.0501 -48.7992 2.4853 -41.6776 21.4741 -33.9524 -21.5735 -23.8346 -48.0683 31.8435 -39.7279 14.6358 -31.4028 -41.5648 -19.3085 -46.0016 33.5176 -37.6669 7.3416 -28.7668 -48.0605 -10.9316 -43.3720 26.1057 -35.4378 -6.1476 -25.8424 -48.7388 18.8991 -40.7508 17.9495 -32.5924 -35.0944 -21.3015 -46.8172 34.7803 -38.2202 9.1048 -29.2124 -47.7157 -11.7980 -43.4345 26.0166 -35.4905 -2.6629 -28.5346 -41.0032 -28.5485 -2.3253 -35.5536 26.2003 -43.4930 -12.0516 -47.6389 -29.2737 9.2658 -38.2619 34.8259 -46.8622 -21.3968 -34.7149 -32.6458 18.0893 -40.7904 18.2080 -48.7519 -25.9049 -5.7205 -35.4854 26.2619 -43.4272 -11.1895 -48.0081 -28.8192 7.5072 -37.7087 33.6239 -46.0490 -19.4189 -41.3264 -31.4553 14.7706 -39.7712 31.5605 -48.1014 -23.9122 -21.0044 -34.0055 21.6221 -41.7282 1.8194 -48.7909 -27.1076 0.7900 -36.3437 29.1078 -44.4309
28.3318 -36.0549 -0.9648 -26.7655 -48.8308 5.9899 -41.4507 20.7386 -33.6946 -24.3844 -23.4412 -47.8961 33.0453 -39.5197 13.9436 -31.1382 -42.6854 -18.7303 -45.7598 32.9456 -37.4635 6.5099 -28.5170 -48.2726 -9.6817 -43.1321 25.4389 -35.2401 -7.8833 -25.6001 -48.6842 21.1150 -40.6329 17.5687 -32.4645 -35.8995 -21.1262 -46.7485 34.7169 -38.1823 9.0097 -29.1974 -47.7146 -11.7163 -43.4872 26.1474 -35.3918 -7.0802 -26.4633 -48.5873 -19.8484 -48.6132 -26.5938 -5.7267 -35.4195 26.0285 -43.5290 -12.2542 -47.6445 -29.2560 9.1651 -38.2221 34.7663 -46.7920 -21.2201 -35.5434 -32.5157 17.7027 -40.6700 20.4891 -48.7004 -25.6620 -7.4384 -35.2872 25.5900 -43.1863 -9.9573 -48.2322 -28.5666 6.6784 -37.5044 33.0619 -45.8074 -18.8441 -42.4803 -31.1890 14.0797 -39.5629 32.8398 -47.9311 -23.5196 -23.8420 -33.7472 20.8798 -41.4902 5.2563 -48.8267 -26.8237 -0.6593 -36.0993 28.4818
-35.4924 -2.5967 -26.4727 -48.8301 9.7351 -41.2665 20.0233 -33.4396 -27.0458 -23.0402 -47.7148 33.9109 -39.3136 13.2529 -30.8758 -43.6703 -18.1199 -45.5140 32.3188 -37.2607 5.6252 -28.2648 -48.4447 -8.2360 -42.8846 24.7565 -35.0320 -9.8767 -25.3342 -48.6121 23.3933 -40.4973 17.1289 -32.3126 -36.8523 -20.8970 -46.6540 34.6131 -38.1209 8.8279 -29.1534 -47.7488 -11.7611 -43.3643 25.9224 -35.1941 -6.9598 -25.8219 -48.7401 -3.8019 -45.5768 -4.7101 -48.7186 -25.9409 -7.8430 -35.3118 25.9549 -43.4361 -11.9747 -47.6811 -29.2009 8.9661 -38.1572 34.6658 -46.6959 -20.9845 -36.5359 -32.3564 17.2488 -40.5322 22.8735 -48.6304 -25.3912 -9.4388 -35.0749 24.8913 -42.9332 -8.5165 -48.4164 -28.3082 5.7909 -37.2976 32.4358 -45.5581 -18.2299 -43.5033 -30.9213 13.3818 -39.3521 33.7778 -47.7487 -23.1139 -26.5633 -33.4859 20.1499 -41.2975 9.0178 -48.8338 -26.5263 -2.2764 -35.5351
