-39.5248 13.8253 -30.2481 -45.2919 -16.7166 -44.6070 28.9697 -35.6855 -3.3939 -25.4954 -48.6853 14.8298 -40.3257 16.4588 -31.3220 -41.5288 -19.0125 -45.6213 31.7227 -36.6026 2.6862 -26.6987 -48.7846 0.5394 -41.2584 19.4115 -32.4414 -35.0748 -20.9498 -46.5986 33.4395 -37.5134 6.9488 -27.8567 -48.5752 -8.4156 -42.4057 22.7647 -33.8169 -20.0261 -24.0526 -48.4311 1.8279 -43.0745 29.9556 -36.9536 5.5261 -27.6914 -48.5592 -12.0459 -44.8765 26.1063 -45.5984 -15.9713 -47.1511 -29.1752 10.5973 -38.4892 32.5546 -47.5147 -22.6900 -24.8163 -33.5971 22.6130 -42.4127 -8.6280 -48.5515 -27.9124 7.1311 -37.5587 33.4751 -46.6446 -21.0368 -34.6772 -32.4970 19.5590 -41.3124 -0.0365 -48.7818 -26.7549 2.9270 -36.6460 31.8374 -45.6690 -19.1117 -41.2920 -31.3745 16.5985 -40.3700 14.1004 -48.6989 -25.5568 -3.0210 -35.7335 29.1174 -44.6573 -16.8430 -45.1439 -30.3023 13.9709 -39.5743
13.8253 -30.8571 -44.3930 -16.9261 -44.8071 29.5870 -36.2345 -1.2896 -26.4038 -48.7945 18.3687 -40.5598 16.9848 -32.0400 -39.7118 -19.5444 -45.8605 32.5700 -37.1057 4.0090 -27.5682 -48.7659 2.9051 -41.3676 19.9098 -33.1282 -32.2544 -21.6494 -46.8436 34.6544 -37.9754 7.8702 -28.6798 -48.3459 -7.5414 -42.5235 23.0950 -34.3246 -18.8839 -24.2795 -48.3168 19.3531 -42.3293 29.7924 -38.8285 11.4961 -28.9669 -48.3608 -7.9050 -43.2422 30.8270 -39.9956 32.8626 -44.4955 -14.3865 -46.8248 -29.8779 11.2435 -38.8866 34.4255 -47.7447 -23.5135 -21.0471 -34.2475 23.1137 -42.5605 -7.8713 -48.3077 -28.7349 8.0417 -38.0173 34.7126 -46.8901 -21.7437 -31.8123 -33.1824 20.0578 -41.4131 2.2387 -48.7546 -27.6217 4.2211 -37.1469 32.6966 -45.9088 -19.6530 -39.4349 -32.0916 17.1255 -40.5993 17.6438 -48.8029 -26.4653 -0.9659 -36.2794 29.7394 -44.8598 -17.0669 -44.2208 -30.9095 13.9709
-30.2481 -44.3930 -17.1847 -44.9652 30.1638 -36.4367 0.0599 -26.6773 -48.8295 14.7184 -40.8232 17.6831 -32.3076 -38.1953 -20.0940 -46.1086 33.2005 -37.3428 5.0450 -27.8355 -48.7202 -0.2640 -41.6479 20.6402 -33.3987 -29.9288 -22.1098 -47.0687 34.8941 -38.2216 8.6986 -28.9498 -48.1280 -9.2070 -42.7914 23.7902 -34.5250 -17.3142 -24.2963 -48.2505 24.5063 -41.9931 29.6543 -40.6615 28.9396 -34.3692 -47.8093 -8.3059 -42.5234 25.1096 -36.7368 14.8567 -37.4617 29.4922 -44.2358 -14.6896 -46.4168 -30.1243 11.9598 -39.1391 33.7824 -47.9295 -23.9105 -18.1217 -34.5147 23.8883 -42.8403 -9.5091 -48.0780 -29.0036 8.8614 -38.2645 34.9235 -47.1128 -22.2005 -29.4517 -33.4517 20.7893 -41.6934 -0.8431 -48.7079 -27.8890 5.2422 -37.3856 33.3186 -46.1566 -20.1977 -37.8810 -32.3608 17.8261 -40.8619 13.9378 -48.8328 -26.7376 0.3545 -36.4812 30.3123 -45.0175 -17.3219 -44.2208 -30.3023
-45.2919 -16.9261 -44.9652 30.3823 -36.5449 0.9656 -26.8936 -48.8399 11.2699 -41.0054 18.3579 -32.5637 -36.5389 -20.6076 -46.3479 33.7584 -37.5539 6.0062 -28.1058 -48.6450 -2.9891 -41.9154 21.3761 -33.6605 -27.4205 -22.5528 -47.2850 34.9778 -38.4348 9.4922 -29.2205 -47.8551 -10.6650 -43.0650 24.5362 -34.7464 -15.1186 -24.4667 -48.2639 27.1479 -41.4039 26.7666 -40.2391 34.3046 -46.4399 -20.5852 17.4881 -38.0887 17.2027 -34.1447 0.1648 -31.8268 5.9605 -36.4608 28.7033 -44.3305 -15.3841 -45.8591 -30.3880 12.6769 -39.3515 32.8351 -48.1014 -24.2941 -15.2336 -34.7682 24.6680 -43.1175 -10.9275 -47.7920 -29.2736 9.6467 -38.4790 34.9735 -47.3262 -22.6389 -26.9120 -33.7125 21.5261 -41.9710 -3.4852 -48.6247 -28.1592 6.1905 -37.5974 33.8620 -46.3950 -20.7077 -36.1860 -32.6166 18.4999 -41.0422 10.4644 -48.8384 -26.9516 1.2361 -36.5884 30.5288 -45.0175 -17.0669 -45.1439
-16.7166 -44.8071 30.1638 -36.5449 1.2890 -27.0135 -48.8358 8.5538 -41.1541 18.9556 -32.7980 -34.8075 -21.0777 -46.5754 34.2247 -37.7615 6.8993 -28.3726 -48.5302 -5.3096 -42.1935 22.1191 -33.9190 -24.7426 -22.9792 -47.4909 34.8805 -38.6473 10.2554 -29.4896 -47.5213 -11.9392 -43.3396 25.3076 -34.9816 -12.6668 -24.7195 -48.3279 28.1864 -40.8357 22.5685 -38.0145 24.7590 -42.5287 1.7831 -48.4537 -29.5178 -4.3693 -30.0809 -34.2343 -26.3890 -43.4537 -28.6600 1.1695 -36.2419 28.9819 -44.5447 -16.1484 -45.1805 -30.6562 13.3831 -39.5627 31.5525 -48.2580 -24.6634 -12.4549 -35.0173 25.4512 -43.3930 -12.1722 -47.4454 -29.5427 10.4058 -38.6908 34.8352 -47.5305 -23.0620 -24.2107 -33.9711 22.2715 -42.2491 -5.7298 -48.5015 -28.4266 7.0730 -37.8045 34.3099 -46.6206 -21.1755 -34.4190 -32.8496 19.0980 -41.1912 7.7740 -48.8305 -27.0705 1.5479 -36.5884 30.3123 -44.8598 -16.8430
-44.6070 29.5870 -36.4367 0.9656 -27.0135 -48.8322 7.0853 -41.2546 19.4141 -32.9894 -33.1707 -21.4895 -46.7823 34.5796 -37.9624 7.7231 -28.6322 -48.3743 -7.2647 -42.4683 22.8666 -34.1744 -21.9521 -23.3879 -47.6872 34.5719 -38.8593 10.9989 -29.7589 -47.1199 -13.0718 -43.6140 26.0911 -35.2215 -10.1852 -25.0174 -48.4198 27.9886 -40.4850 19.4347 -35.9160 13.8088 -37.9581 30.3752 -44.5966 -11.4944 -48.8317 -22.2402 -48.8144 -18.4804 -48.3966 -17.2838 -48.5277 -27.3022 -0.0158 -36.3147 29.6067 -44.7959 -16.8946 -44.3916 -30.9257 14.0816 -39.7708 29.9061 -48.3995 -25.0208 -9.8360 -35.2633 26.2405 -43.6670 -13.2804 -47.0295 -29.8116 11.1455 -38.9021 34.4791 -47.7250 -23.4681 -21.3909 -34.2265 23.0203 -42.5249 -7.6228 -48.3368 -28.6867 7.8889 -38.0046 34.6443 -46.8262 -21.5817 -32.7473 -33.0409 19.5602 -41.2913 6.3236 -48.8254 -27.0705 1.2361 -36.4812 29.7394 -44.6573
28.9697 -36.2345 0.0599 -26.8936 -48.8358 7.0853 -41.2914 19.6684 -33.1164 -31.8624 -21.8125 -46.9545 34.8106 -38.1468 8.4659 -28.8796 -48.1798 -8.9020 -42.7354 23.6111 -34.4249 -19.1153 -23.7795 -47.8715 34.0194 -39.0706 11.7262 -30.0279 -46.6433 -14.0907 -43.8870 26.8816 -35.4613 -7.8233 -25.3347 -48.5221 26.8278 -40.3572 17.7161 -34.3910 3.3707 -33.7223 12.6436 -38.4177 31.0591 -43.6017 22.0938 -45.7007 21.9282 -44.3152 32.6725 -44.6271 -6.0920 -48.7693 -26.9917 0.5581 -36.4862 30.3336 -45.0553 -17.5954 -43.4849 -31.1950 14.7774 -39.9777 27.8530 -48.5245 -25.3660 -7.4372 -35.5055 27.0346 -43.9396 -14.2772 -46.5372 -30.0802 11.8702 -39.1139 33.8763 -47.9076 -23.8572 -18.5254 -34.4767 23.7648 -42.7928 -9.2130 -48.1327 -28.9334 8.6255 -38.1894 34.8521 -46.9990 -21.9019 -31.4100 -33.1682 19.8169 -41.3270 6.3236 -48.8305 -26.9516 0.3545 -36.2794 29.1174
-35.6855 -1.2896 -26.6773 -48.8399 8.5538 -41.2546 19.6684 -33.1611 -31.1244 -22.0191 -47.0796 34.9272 -38.3022 9.0990 -29.1044 -47.9561 -10.2548 -42.9917 24.3379 -34.6663 -16.3313 -24.1542 -48.0416 33.1981 -39.2804 12.4364 -30.2959 -46.0852 -15.0134 -44.1578 27.6732 -35.6977 -5.6537 -25.6554 -48.6209 24.8896 -40.3884 17.1029 -33.4277 -11.7695 -30.0026 -15.8674 -32.5722 10.5685 -37.1406 22.8986 -39.5992 27.1653 -39.4104 24.5146 -39.0635 28.8797 -42.4126 2.4820 -48.7791 -27.0793 1.6379 -36.6850 31.0748 -45.3146 -18.2527 -42.4449 -31.4637 15.4720 -40.1830 25.3637 -48.6313 -25.7001 -5.2844 -35.7429 27.8299 -44.2103 -15.1809 -45.9610 -30.3485 12.5791 -39.3224 32.9956 -48.0757 -24.2298 -15.7394 -34.7181 24.4926 -43.0473 -10.5294 -47.8990 -29.1589 9.2544 -38.3454 34.9490 -47.1244 -22.1091 -30.6503 -33.2128 19.8169 -41.2913 7.7740 -48.8384 -26.7376 -0.9659 -35.7335
-3.3939 -26.4038 -48.8295 11.2699 -41.1541 19.4141 -33.1164 -31.1244 -22.0910 -47.1467 34.9669 -38.4170 9.5899 -29.2928 -47.7227 -11.3408 -43.2282 25.0287 -34.8940 -13.7036 -24.5072 -48.1964 32.0893 -39.4846 13.1317 -30.5607 -45.4409 -15.8502 -44.4253 28.4635 -35.9304 -3.7106 -25.9712 -48.7063 22.3392 -40.5052 17.1756 -33.0259 -23.6212 -27.0138 -45.3291 -26.5237 -33.7826 -30.6154 1.2258 -33.7033 9.2577 -34.3745 8.8428 -33.9615 9.7373 -35.9971 23.0545 -41.6667 4.0564 -48.7817 -27.2955 2.7925 -36.8934 31.7986 -45.5721 -18.8738 -41.2658 -31.7319 16.1693 -40.3868 22.4337 -48.7180 -26.0231 -3.3602 -35.9755 28.6182 -44.4781 -16.0058 -45.2976 -30.6134 13.2703 -39.5257 31.8185 -48.2283 -24.5805 -13.1366 -34.9444 25.1849 -43.2837 -11.5943 -47.6544 -29.3477 9.7425 -38.4593 34.9745 -47.1908 -22.1811 -30.6503 -33.1682 19.5602 -41.1912 10.4644 -48.8328 -26.4653 -3.0210
-25.4954 -48.7945 14.7184 -41.0054 18.9556 -32.9894 -31.8624 -22.0191 -47.1467 34.9735 -38.4796 9.9055 -29.4306 -47.5118 -12.1728 -43.4321 25.6518 -35.0998 -11.3475 -24.8302 -48.3332 30.6970 -39.6820 13.8063 -30.8205 -44.7071 -16.6107 -44.6881 29.2438 -36.1569 -1.9739 -26.2797 -48.7730 19.3035 -40.6555 17.5571 -33.0177 -26.1282 -25.8252 -48.4569 -20.5222 -48.7353 -22.7876 -46.1354 -26.6407 -36.7266 -28.2081 -33.0992 -28.1300 -33.7027 -29.3653 -4.4031 -34.5133 21.3029 -41.5819 2.1741 -48.7579 -27.5578 3.9161 -37.1082 32.4898 -45.8258 -19.4597 -39.9393 -31.9992 16.8685 -40.5890 19.0906 -48.7824 -26.3351 -1.6532 -36.2017 29.3947 -44.7416 -16.7574 -44.5456 -30.8729 13.9423 -39.7247 30.3590 -48.3618 -24.9024 -10.8132 -35.1490 25.8113 -43.4885 -12.4073 -47.4344 -29.4848 10.0566 -38.5216 34.9755 -47.1908 -22.1091 -31.4100 -33.0409 19.0980 -41.0422 13.9378 -48.8029 -25.5568
-48.6853 18.3687 -40.8232 18.3579 -32.7980 -33.1707 -21.8125 -47.0796 34.9669 -38.4796 10.0157 -29.5037 -47.3634 -12.7337 -43.5922 26.1699 -35.2763 -9.3772 -25.1164 -48.4487 29.0787 -39.8707 14.4474 -31.0718 -43.8881 -17.3049 -44.9446 29.9999 -36.3758 -0.4198 -26.5779 -48.8168 15.8746 -40.8161 18.0110 -33.1001 -25.0477 -26.2351 -48.3680 -19.0812 -48.2226 -13.3320 -47.9607 -15.6791 -48.6716 -18.7627 -48.8674 -19.1687 -48.8549 -19.9769 -48.4502 -26.0510 -17.7630 -33.9908 21.2548 -41.7425 -0.7057 -48.7170 -27.8431 4.9914 -37.3268 33.1345 -46.0758 -20.0169 -38.4357 -32.2675 17.5698 -40.7891 15.4046 -48.8221 -26.6338 -0.1364 -36.4191 30.1515 -44.9973 -17.4411 -43.7043 -31.1245 14.5871 -39.9123 28.6587 -48.4735 -25.1871 -8.8855 -35.3250 26.3292 -43.6475 -12.9558 -47.2807 -29.5588 10.1665 -38.5216 34.9745 -47.1244 -21.9019 -32.7473 -32.8496 18.4999 -40.8619 17.6438 -48.6989
14.8298 -40.5598 17.6831 -32.5637 -34.8075 -21.4895 -46.9545 34.9272 -38.4170 9.9055 -29.5037 -47.3100 -13.0150 -43.6940 26.5416 -35.4119 -7.8532 -25.3572 -48.5406 27.3320 -40.0428 15.0468 -31.3092 -42.9990 -17.9336 -45.1913 30.7258 -36.5847 0.9500 -26.8617 -48.8345 12.2053 -40.9807 18.4798 -33.1033 -25.3774 -26.6267 -46.7587 -23.0305 -48.7686 -15.0836 -46.8917 7.6801 -45.5019 19.9882 -45.2942 22.7931 -44.9953 23.8945 -45.4346 -4.6107 -48.5716 -24.4683 -21.1833 -34.0475 21.9250 -42.0507 -3.7267 -48.6259 -28.1525 6.0362 -37.5539 33.7322 -46.3284 -20.5599 -36.7210 -32.5396 18.2801 -40.9861 11.5431 -48.8348 -26.9187 1.2171 -36.6264 30.8746 -45.2433 -18.0626 -42.7927 -31.3626 15.1889 -40.0832 26.8322 -48.5625 -25.4257 -7.3999 -35.4607 26.7009 -43.7496 -13.2353 -47.2251 -29.5588 10.0566 -38.4593 34.9490 -46.9990 -21.5817 -34.4190 -32.6166 17.8261 -40.5993 14.1004
-40.3257 16.9848 -32.3076 -36.5389 -21.0777 -46.7823 34.8106 -38.3022 9.5899 -29.4306 -47.3634 -13.0150 -43.7282 26.7349 -35.4965 -6.8275 -25.5391 -48.6083 25.6229 -40.1921 15.5859 -31.5280 -42.0745 -18.4947 -45.4252 31.4072 -36.7829 2.1634 -27.1297 -48.8249 8.4948 -41.1490 18.9930 -33.0694 -28.0931 -25.6948 -46.8721 -26.9069 -41.8845 -24.4370 -48.7606 -8.6314 -45.0141 35.1506 -42.0804 31.4599 -40.5803 28.4610 -40.2322 31.1200 -42.3932 19.4903 -48.3005 -24.3571 -18.3125 -34.4348 23.0790 -42.4666 -6.7228 -48.4528 -28.5058 7.1093 -37.8036 34.2739 -46.5891 -21.1018 -34.7521 -32.8171 19.0016 -41.1819 7.6959 -48.8177 -27.1891 2.4129 -36.8249 31.5516 -45.4762 -18.6187 -41.8463 -31.5812 15.7287 -40.2333 25.0711 -48.6277 -25.6064 -6.3931 -35.5460 26.8983 -43.7846 -13.2353 -47.2807 -29.4848 9.7425 -38.3454 34.8521 -46.8262 -21.1755 -36.1860 -32.3608 17.1255 -40.3700
16.4588 -32.0400 -38.1953 -20.6076 -46.5754 34.5796 -38.1468 9.0990 -29.2928 -47.5118 -12.7337 -43.6940 26.7349 -35.5258 -6.3203 -25.6525 -48.6513 24.1675 -40.3142 16.0431 -31.7182 -41.1612 -18.9836 -45.6402 32.0272 -36.9717 3.2434 -27.3832 -48.7894 4.9851 -41.3223 19.5777 -33.1202 -30.3682 -23.7948 -48.8093 -23.2489 -9.1165 -31.4907 -28.9971 -24.1357 -48.2722 23.7765 -42.1297 26.1005 -38.0238 16.6475 -36.1945 14.7227 -36.9832 23.4340 -41.3487 22.3558 -48.4420 -25.2488 -11.0276 -35.1109 24.8823 -43.0426 -9.7658 -48.1226 -28.9452 8.2988 -38.0969 34.7293 -46.8661 -21.6634 -32.4286 -33.1085 19.7484 -41.3754 4.0846 -48.7808 -27.4459 3.4697 -37.0151 32.1654 -45.6898 -19.1021 -40.9057 -31.7721 16.1856 -40.3542 23.5688 -48.6699 -25.7191 -5.8888 -35.5749 26.8983 -43.7496 -12.9558 -47.4344 -29.3477 9.2544 -38.1894 34.6443 -46.6206 -20.7077 -37.8810 -32.0916 16.5985
-31.3220 -39.7118 -20.0940 -46.3479 34.2247 -37.9624 8.4659 -29.1044 -47.7227 -12.1728 -43.5922 26.5416 -35.4965 -6.3203 -25.6919 -48.6721 23.1769 -40.4004 16.3962 -31.8719 -40.3159 -19.3899 -45.8288 32.5622 -37.1473 4.1835 -27.6226 -48.7515 1.8559 -41.4970 20.2163 -33.2822 -30.3357 -22.5464 -47.7475 7.5330 -46.8649 -34.2590 14.1711 -32.5981 -38.8435 -18.7355 -45.5049 32.0874 -38.1526 12.4891 -33.7531 0.6649 -32.4901 5.3799 -35.6023 22.3190 -41.7980 7.9103 -48.7791 -27.0152 -1.1675 -36.1362 27.8093 -43.8726 -12.9626 -47.4291 -29.5506 9.7677 -38.4815 34.9978 -47.1823 -22.2952 -29.4913 -33.4338 20.5451 -41.5902 0.8606 -48.7423 -27.6907 4.4006 -37.1915 32.6947 -45.8782 -19.5034 -40.0407 -31.9256 16.5382 -40.4410 22.5492 -48.6903 -25.7576 -5.8888 -35.5460 26.7009 -43.6475 -12.4073 -47.6544 -29.1589 8.6255 -38.0046 34.3099 -46.3950 -20.1977 -39.4349 -31.3745
-41.5288 -19.5444 -46.1086 33.7584 -37.7615 7.7231 -28.8796 -47.9561 -11.3408 -43.4321 26.1699 -35.4119 -6.8275 -25.6525 -48.6721 22.8241 -40.4440 16.6183 -31.9807 -39.6274 -19.7074 -45.9855 32.9979 -37.3027 4.9791 -27.8426 -48.7127 -0.8053 -41.7051 20.8634 -33.4976 -28.7416 -22.4698 -47.4015 34.0578 -39.8648 18.2596 -7.7505 -40.9207 12.0737 -28.9597 -48.8553 17.1741 -40.8403 16.8831 -33.6647 -13.3624 -29.1537 -33.1815 -30.3034 2.7384 -36.1591 26.7749 -43.6508 -11.8017 -47.6726 -29.7497 7.9681 -37.7713 32.1565 -45.0325 -16.3666 -45.7261 -30.4728 11.8264 -39.0590 34.5966 -47.5786 -23.1002 -25.3781 -33.8292 21.4364 -41.8661 -1.9521 -48.6920 -27.9191 5.2012 -37.3475 33.1226 -46.0340 -19.8170 -39.3399 -32.0331 16.7611 -40.4864 22.1988 -48.6903 -25.7191 -6.3931 -35.4607 26.3292 -43.4885 -11.5943 -47.8990 -28.9334 7.8889 -37.8045 33.8620 -46.1566 -19.6530 -41.2920
-19.0125 -45.8605 33.2005 -37.5539 6.8993 -28.6322 -48.1798 -10.2548 -43.2282 25.6518 -35.2763 -7.8532 -25.5391 -48.6513 23.1769 -40.4440 16.6933 -32.0365 -39.1802 -19.9240 -46.1034 33.3299 -37.4323 5.6280 -28.0359 -48.6554 -2.9720 -41.9391 21.4911 -33.7186 -26.6339 -22.7368 -47.4223 34.8066 -39.0574 13.3729 -30.1632 -48.5426 33.3974 -35.5541 -25.0523 -20.0370 -45.1863 27.8363 -35.7658 -4.2590 -28.1116 -46.0795 -24.9265 -41.4084 -30.6664 8.9680 -38.2806 34.5969 -46.6410 -21.6268 -32.2307 -33.4175 17.5995 -40.1539 35.1380 -46.4950 -20.0615 -40.6041 -31.9510 15.0509 -40.0207 31.0259 -48.0729 -24.2629 -18.9653 -34.3545 22.5195 -42.1928 -4.3526 -48.6173 -28.1243 5.8559 -37.4784 33.4457 -46.1516 -20.0315 -38.8799 -32.0890 16.8361 -40.4864 22.5492 -48.6699 -25.6064 -7.3999 -35.3250 25.8113 -43.2837 -10.5294 -48.1327 -28.6867 7.0730 -37.5974 33.3186 -45.9088 -19.1117
-45.6213 32.5700 -37.3428 6.0062 -28.3726 -48.3743 -8.9020 -42.9917 25.0287 -35.0998 -9.3772 -25.3572 -48.6083 24.1675 -40.4004 16.6183 -32.0365 -39.0239 -20.0322 -46.1746 33.5494 -37.5338 6.1381 -28.1976 -48.5877 -4.6595 -42.1489 22.0807 -33.9295 -24.3967 -23.0683 -47.5568 34.7351 -38.8836 11.7918 -30.3758 -45.7697 -4.1928 -40.3272 10.3971 -27.8164 -48.7491 32.3621 -38.9358 8.9841 -29.7179 -46.3467 -21.0558 -48.7602 -24.1232 -32.4895 -33.0953 17.8309 -41.3789 9.7547 -48.8047 -28.5584 7.9048 -38.4198 29.9771 -42.8133 19.3601 -48.1603 -24.2186 -22.4061 -34.1127 20.5415 -41.6444 12.6890 -48.6711 -26.0494 -9.2988 -35.0595 23.9209 -42.5506 -6.3451 -48.5266 -28.2958 6.3577 -37.5777 33.6598 -46.2233 -20.1385 -38.7197 -32.0890 16.7611 -40.4410 23.5688 -48.6277 -25.4257 -8.8855 -35.1490 25.1849 -43.0473 -9.2130 -48.3368 -28.4266 6.1905 -37.3856 32.6966 -45.6690
31.7227 -37.1057 5.0450 -28.1058 -48.5302 -7.2647 -42.7354 24.3379 -34.8940 -11.3475 -25.1164 -48.5406 25.6229 -40.3142 16.3962 -31.9807 -39.1802 -20.0322 -46.1975 33.6555 -37.5965 6.4942 -28.3233 -48.5192 -5.9167 -42.3284 22.6039 -34.1195 -22.2165 -23.3906 -47.7084 34.4636 -38.9568 11.6097 -30.1848 -45.8557 -15.3437 -43.3437 21.2610 -32.2240 -44.9803 -10.9897 -42.3781 18.8937 -32.5534 -39.4859 -21.3148 -48.1765 -15.2747 -48.7341 -26.8251 -3.5526 -36.1807 28.9383 -45.2059 -19.0077 -32.7762 -34.7597 32.5736 -43.4127 32.7589 -45.3387 -12.5157 -48.3045 -28.8084 4.3957 -37.0804 30.1791 -44.3762 -12.8730 -48.1703 -28.6398 0.8507 -35.9494 25.7199 -42.9235 -7.8614 -48.4389 -28.4212 6.6946 -37.6385 33.7619 -46.2462 -20.1385 -38.8799 -32.0331 16.5382 -40.3542 25.0711 -48.5625 -25.1871 -10.8132 -34.9444 24.4926 -42.7928 -7.6228 -48.5015 -28.1592 5.2422 -37.1469 31.8374
-36.6026 4.0090 -27.8355 -48.6450 -5.3096 -42.4683 23.6111 -34.6663 -13.7036 -24.8302 -48.4487 27.3320 -40.1921 16.0431 -31.8719 -39.6274 -19.9240 -46.1746 33.6555 -37.6162 6.6649 -28.4021 -48.4624 -6.8170 -42.4717 23.0411 -34.2808 -20.2669 -23.6787 -47.8480 34.0307 -39.0986 11.9520 -30.2082 -46.0050 -15.6155 -44.3922 27.1414 -34.8062 -25.0474 -20.9845 -45.6135 28.9304 -35.4596 -14.7219 -24.3046 -48.2503 -3.7064 -46.8180 -16.8194 -46.7298 -30.1323 10.1289 -39.0248 34.6664 -48.2326 -25.1053 4.4894 -46.9955 -9.3348 -46.4182 -0.3245 -47.9884 -22.9835 -30.8090 -33.4498 18.2850 -41.1511 26.2559 -48.0776 -23.1648 -36.9372 -31.7464 8.7129 -37.0614 27.7272 -43.2223 -8.7711 -48.3771 -28.4905 6.8571 -37.6580 33.7618 -46.2232 -20.0315 -39.3399 -31.9256 16.1856 -40.2333 26.8322 -48.4735 -24.9024 -13.1366 -34.7181 23.7648 -42.5249 -5.7298 -48.6247 -27.8890 4.2211 -36.6460
2.6862 -27.5682 -48.7202 -2.9891 -42.1935 22.8666 -34.4249 -16.3313 -24.5072 -48.3332 29.0787 -40.0428 15.5859 -31.7182 -40.3159 -19.7074 -46.1034 33.5494 -37.5965 6.6649 -28.4276 -48.4317 -7.3548 -42.5739 23.3797 -34.4095 -18.6301 -23.9197 -47.9671 33.4793 -39.2465 12.4277 -30.3467 -45.8047 -15.7124 -44.5031 28.8635 -35.9118 -6.8312 -24.6183 -47.8039 34.9759 -37.8370 4.3582 -27.3706 -48.7618 -2.7611 -44.7772 20.3737 -47.4302 -21.3677 -36.7149 -32.6335 16.3512 -40.5226 33.2586 -46.6139 18.8402 -30.6193 -45.4513 -16.9573 -47.5810 -17.0192 -47.2846 -29.7673 8.4756 -38.3791 34.4897 -46.3832 -19.2846 -44.2511 -30.1114 1.9518 -34.9383 15.7041 -38.2674 29.0408 -43.3246 -9.0153 -48.3564 -28.5036 6.8502 -37.6370 33.6585 -46.1517 -19.8170 -40.0407 -31.7721 15.7287 -40.0832 28.6587 -48.3618 -24.5805 -15.7394 -34.4767 23.0203 -42.2491 -3.4852 -48.7079 -27.6217 2.9270
-26.6987 -48.7659 -0.2640 -41.9154 22.1191 -34.1744 -19.1153 -24.1542 -48.1964 30.6970 -39.8707 15.0468 -31.5280 -41.1612 -19.3899 -45.9855 33.3299 -37.5338 6.4942 -28.4021 -48.4317 -7.5259 -42.6263 23.5954 -34.5016 -17.3659 -24.1101 -48.0619 32.8784 -39.3815 12.8979 -30.5168 -45.4202 -16.0595 -44.5848 29.2348 -36.2262 -1.6238 -26.1238 -48.6558 29.2211 -39.5435 11.5899 -29.7165 -47.8374 -10.9909 -44.4396 35.2450 -43.4739 14.0744 -48.4027 -24.5091 -21.9910 -33.6422 16.4815 -39.1165 27.9563 -38.8902 3.7879 -26.1827 -48.7466 -14.8822 -48.7095 -25.2415 -13.2610 -35.2594 25.4699 -43.9020 -12.5894 -47.2767 -29.4966 4.2644 -35.6949 17.9612 -38.3713 22.6465 -38.7067 28.6829 -43.1995 -8.7237 -48.3744 -28.4660 6.6714 -37.5759 33.4435 -46.0340 -19.5034 -40.9057 -31.5812 15.1889 -39.9123 30.3590 -48.2283 -24.2298 -18.5254 -34.2265 22.2715 -41.9710 -0.8431 -48.7546 -26.7549
-48.7846 2.9051 -41.6479 21.3761 -33.9190 -21.9521 -23.7795 -48.0416 32.0893 -39.6820 14.4474 -31.3092 -42.0745 -18.9836 -45.8288 32.9979 -37.4323 6.1381 -28.3233 -48.4624 -7.3548 -42.6263 23.6679 -34.5490 -16.5669 -24.2446 -48.1311 32.3089 -39.4954 13.3145 -30.6801 -44.9689 -16.5024 -44.7128 29.5445 -36.3304 -0.2568 -26.6653 -48.8286 17.6709 -40.5810 15.8147 -31.4152 -44.0476 -16.7237 -45.1599 34.1277 -40.9198 32.1007 -43.5662 -0.6051 -48.7312 -25.5540 -22.6767 -32.4599 8.7495 -34.8683 7.0635 -29.7952 -46.8019 -18.0703 -48.1503 -19.6416 -44.3400 -31.3695 13.8858 -40.4140 23.9161 -48.8248 -27.2830 2.6745 -36.7135 24.2985 -41.0504 33.9990 -41.7058 22.0084 -37.7655 26.8510 -42.9575 -8.1318 -48.4203 -28.3821 6.3243 -37.4756 33.1202 -45.8780 -19.1021 -41.8463 -31.3626 14.5871 -39.7247 31.8185 -48.0757 -23.8572 -21.3909 -33.9711 21.5261 -41.6934 2.2387 -48.7818
0.5394 -41.3676 20.6402 -33.6605 -24.7426 -23.3879 -47.8715 33.1981 -39.4846 13.8063 -31.0718 -42.9990 -18.4947 -45.6402 32.5622 -37.3027 5.6280 -28.1976 -48.5192 -6.8170 -42.5741 23.5955 -34.5490 -16.2960 -24.3134 -48.1741 31.8513 -39.5816 13.6475 -30.8198 -44.5223 -16.9275 -44.8593 29.9286 -36.4231 0.3748 -26.8647 -48.8315 10.5128 -41.0979 18.3131 -32.5395 -37.9638 -19.9558 -46.1806 34.5027 -39.6391 22.0060 -39.3263 31.6773 -44.0223 -4.9467 -48.7168 -24.1821 -39.4106 -28.9572 -24.4881 -28.2930 -45.4925 -20.3084 -48.0489 -13.4858 -48.7590 -26.0883 -5.4194 -36.2321 30.0726 -45.8479 -20.8080 -24.8707 -35.2092 28.0453 -42.9987 19.3780 -47.4091 -7.7581 -36.9291 12.0915 -36.1311 24.9495 -42.7355 -7.3651 -48.4864 -28.2548 5.8217 -37.3447 32.6931 -45.6898 -18.6187 -42.7927 -31.1245 13.9423 -39.5257 32.9956 -47.9076 -23.4681 -24.2107 -33.7125 20.7893 -41.4131 -0.0365
-41.2584 19.9098 -33.3987 -27.4205 -22.9792 -47.6872 34.0194 -39.2804 13.1317 -30.8205 -43.8881 -17.9336 -45.4252 32.0272 -37.1473 4.9791 -28.0359 -48.5877 -5.9168 -42.4720 23.3802 -34.5032 -16.5575 -24.3162 -48.1894 31.5806 -39.6393 13.8889 -30.9301 -44.1271 -17.2886 -44.9996 30.3380 -36.5282 0.9803 -26.9896 -48.8161 7.3276 -41.3348 19.6607 -33.2034 -31.8704 -21.8010 -47.0143 35.0656 -39.3739 17.1520 -36.1835 16.7205 -38.9532 31.9081 -43.9518 1.4408 -48.2522 -19.9403 -48.3793 -22.9559 -48.4908 -19.1206 -48.0028 -8.8705 -47.5051 -18.8383 -44.9579 -31.1685 13.6655 -40.4510 18.9597 -48.8512 -29.2326 15.3795 -44.1148 -3.2160 -48.6523 -24.4379 -30.3259 -48.1041 -28.0656 -3.7345 -35.0235 23.8854 -42.5616 -6.3949 -48.5619 -28.0907 5.1758 -37.1900 32.1650 -45.4762 -18.0626 -43.7043 -30.8729 13.2703 -39.3224 33.8763 -47.7250 -23.0620 -26.9120 -33.4517 20.0578 -41.3124
19.4115 -33.1282 -29.9288 -22.5528 -47.4909 34.5719 -39.0706 12.4364 -30.5607 -44.7071 -17.3049 -45.1913 31.4072 -36.9717 4.1835 -27.8426 -48.6554 -4.6596 -42.3285 23.0433 -34.4127 -17.3251 -24.2574 -48.1785 31.5104 -39.6722 14.0523 -31.0153 -43.7954 -17.5769 -45.1197 30.7113 -36.6351 1.6171 -27.1158 -48.7975 5.3357 -41.4879 20.5316 -33.6689 -26.7001 -22.9484 -47.5824 34.4692 -39.5802 15.6542 -34.4066 5.7629 -34.6640 15.2141 -38.8366 31.0669 -43.3373 20.8820 -46.8564 -11.4713 -48.0203 -14.3464 -47.7116 -8.7895 -46.8406 -9.7857 -48.5728 -24.5236 -18.8571 -34.8496 24.6633 -44.0123 -15.3879 -41.5056 -30.7651 -16.0125 -48.7629 -23.4429 -28.6163 -34.3612 2.9732 -48.8576 -25.7388 -12.7646 -34.6062 23.3042 -42.3955 -5.1239 -48.6364 -27.8966 4.3869 -37.0139 31.5512 -45.2433 -17.4411 -44.5456 -30.6134 12.5791 -39.1139 34.4791 -47.5305 -22.6389 -29.4517 -33.1824 19.5590
-32.4414 -32.2544 -22.1098 -47.2850 34.8805 -38.8593 11.7262 -30.2959 -45.4409 -16.6107 -44.9442 30.7258 -36.7829 3.2433 -27.6226 -48.7127 -2.9767 -42.1490 22.6062 -34.2849 -18.5377 -24.1409 -48.1467 31.5566 -39.7048 14.2077 -31.1066 -43.4774 -17.8282 -45.2247 31.0405 -36.7346 2.2282 -27.2529 -48.7767 3.3959 -41.6539 21.5090 -34.3236 -19.5815 -24.0772 -48.0397 32.1342 -39.9782 15.9083 -33.5654 -6.8455 -31.3191 -1.9913 -34.3293 15.2007 -38.8068 30.1751 -42.9495 29.7758 -45.8282 -5.2820 -47.4879 -13.0432 -47.8395 -12.1594 -47.6618 -16.5013 -48.2600 -28.2599 3.2980 -37.0992 30.3881 -44.4310 -1.6348 -45.7534 6.6497 -27.3339 -45.1500 -29.0673 10.8325 -40.7963 17.8221 -48.5222 -24.6709 -16.7329 -34.3812 22.7950 -42.2093 -3.4780 -48.7002 -27.6764 3.4608 -36.8240 30.8731 -44.9973 -16.7571 -45.2976 -30.3485 11.8702 -38.9021 34.8352 -47.3262 -22.2005 -31.8123 -32.4970
-35.0748 -21.6494 -47.0687 34.9778 -38.6473 10.9989 -30.0279 -46.0852 -15.8502 -44.6877 29.9983 -36.5834 2.1632 -27.3831 -48.7515 -0.8097 -41.9392 22.0869 -34.1247 -20.1483 -23.9707 -48.0945 31.6193 -39.8096 14.7133 -31.3663 -42.8297 -18.1976 -45.3537 31.3921 -36.8366 2.8246 -27.4052 -48.7624 1.3076 -41.8548 22.7340 -35.2233 -3.9647 -26.2156 -48.5745 24.2659 -40.6009 17.2523 -33.3938 -17.3311 -28.6281 -35.9729 -30.2087 -1.1315 -34.8592 17.2709 -39.5493 32.7935 -43.9021 10.7948 -47.5280 -17.5028 -48.7575 -21.3259 -48.7612 -17.4580 -48.3764 -20.1682 -45.3263 -30.0197 7.3656 -37.1064 25.0751 -40.2294 24.6299 -33.1186 -37.7195 -25.0240 -40.8153 -31.7534 17.4183 -40.4630 28.0634 -48.2463 -24.1735 -19.2023 -34.1913 22.2512 -41.9972 -1.3870 -48.7447 -27.4369 2.4008 -36.6260 30.1488 -44.7417 -16.0055 -45.9610 -30.0802 11.1455 -38.6908 34.9735 -47.1128 -21.7437 -34.6772
-20.9498 -46.8436 34.8941 -38.4348 10.2554 -29.7589 -46.6433 -15.0134 -44.4253 29.2420 -36.3741 0.9394 -27.1285 -48.7894 1.8648 -41.7043 21.4960 -33.9349 -22.0990 -23.7419 -48.0166 31.7893 -40.0080 16.2296 -32.5742 -39.5766 -19.2753 -45.6437 31.9893 -36.9790 3.5359 -27.5950 -48.7435 -1.1040 -42.1221 23.9922 -36.0465 6.8223 -31.2536 -48.1068 -1.0962 -41.6050 19.7043 -33.7550 -19.3105 -26.9607 -46.3146 -25.9228 -36.0549 -31.4107 6.6780 -36.5753 23.9786 -41.9738 29.0433 -47.3677 -19.5718 -46.7526 -27.1308 -34.5496 -26.9580 -48.2016 -17.6372 -48.4570 -21.2786 -43.8920 -29.7487 1.9293 -34.3234 10.6921 -33.5364 -20.0734 -24.9964 -48.6762 -23.2490 -36.1846 -32.3090 16.1239 -39.9702 31.4071 -48.0679 -23.8359 -21.4067 -33.9966 21.6607 -41.7650 1.1936 -48.7826 -27.1843 1.2057 -36.4190 29.3936 -44.4781 -15.1809 -46.5372 -29.8116 10.4058 -38.4790 34.9235 -46.8901 -21.0368
-46.5986 34.6544 -38.2216 9.4922 -29.4896 -47.1199 -14.0907 -44.1578 28.4634 -36.1559 -0.4352 -26.8590 -48.8253 5.0348 -41.4927 20.8542 -33.7202 -24.3024 -23.4524 -47.9056 32.3212 -40.1424 18.1599 -34.6517 -6.1751 -22.5421 -46.5381 33.2835 -37.2330 4.5469 -27.8636 -48.6853 -4.1738 -42.5291 25.3890 -36.6284 11.3391 -35.1883 10.8216 -16.3876 -42.8322 22.1534 -34.0898 -17.1741 -26.1991 -48.3181 -21.9279 -47.3422 -27.8368 -11.1286 -34.1507 16.4652 -39.8485 35.1250 -46.2925 -18.2316 -45.2612 -29.7064 2.5504 -34.0667 5.0628 -26.2581 -48.6866 -11.6446 -48.0467 -19.7595 -47.0989 -26.9892 -31.1228 -28.8114 -36.9123 -24.3371 -48.7122 -13.4807 -48.2713 -22.1521 -37.5259 -31.8105 14.7170 -39.6403 32.8182 -47.9235 -23.5373 -23.5378 -33.7987 21.0455 -41.5489 4.2456 -48.8189 -26.9168 -0.1385 -36.2016 28.6182 -44.2103 -14.2772 -47.0295 -29.5427 9.6467 -38.2645 34.7126 -46.6446
33.4395 -37.9754 8.6986 -29.2205 -47.5213 -13.0718 -43.8869 27.6716 -35.9294 -1.9839 -26.5734 -48.8347 8.5862 -41.3139 20.1874 -33.4886 -26.6464 -23.1090 -47.7595 33.2045 -40.0359 18.7687 -35.9814 12.9417 -32.4528 -47.4721 34.4221 -37.4304 5.4488 -28.1653 -48.5337 -8.0441 -43.2196 27.7543 -37.2713 12.9110 -35.9624 21.5427 -43.2136 -16.3237 -0.7382 -31.3922 -28.5689 -25.0908 -48.7558 -17.8759 -48.7532 -23.9216 -35.7007 -32.0371 10.6194 -37.9170 30.1259 -44.2578 -11.1616 -47.9473 -29.2085 7.0022 -37.5011 27.2503 -38.8907 -42.8926 -14.8592 -46.0432 14.4112 -46.8085 -13.5186 -48.7872 -20.5066 -48.7665 -18.9838 -48.1008 1.7613 -45.0526 16.7839 -47.4305 -20.7841 -40.8621 -31.2966 13.7614 -39.4262 33.5559 -47.8057 -23.3083 -25.3057 -33.6218 20.4270 -41.3678 7.7263 -48.8348 -26.6339 -1.6525 -35.9755 27.8299 -43.9396 -13.2804 -47.4454 -29.2736 8.8614 -38.0173 33.4751
-37.5134 7.8702 -28.9498 -47.8551 -11.9373 -43.6138 26.8781 -35.6959 -3.7366 -26.2719 -48.8164 12.3741 -41.1317 19.5063 -33.2449 -28.9880 -22.7250 -47.5832 34.0813 -39.7041 17.4363 -35.7115 15.6287 -39.6156 12.2971 -18.9286 -32.6476 -3.9505 -27.8741 -48.3586 -12.0932 -44.3395 32.0025 -38.6305 15.9797 -35.8421 15.6182 -39.1883 35.0793 -47.9349 -22.4868 -47.6557 -21.0544 -48.4527 -11.2303 -47.6183 -18.6147 -46.4993 -29.7412 5.2209 -36.6432 24.6695 -42.2466 18.2982 -48.5960 -25.8955 -3.4012 -36.5599 31.6674 -46.9059 -22.2905 31.3656 -42.8847 34.4485 -42.4422 35.1372 -44.4161 19.7241 -46.0865 7.9288 -45.6093 31.1167 -42.8894 33.6621 -42.0619 33.7740 -46.6424 -19.3715 -42.9523 -30.9583 13.2409 -39.3451 33.6452 -47.7993 -23.4222 -26.1153 -33.4857 19.8137 -41.1943 11.4666 -48.8222 -26.3362 -3.3559 -35.7430 27.0346 -43.6670 -12.1722 -47.7920 -29.0036 8.0417 -37.5587
6.9486 -28.6797 -48.1282 -10.6600 -43.3390 26.0828 -35.4579 -5.7062 -25.9578 -48.7719 16.1991 -40.9423 18.8168 -32.9934 -31.2468 -22.3107 -47.3866 34.6733 -39.3017 15.2023 -34.3218 8.1166 -36.5760 29.3787 -46.2224 -23.6087 -40.8446 -26.3669 -48.2391 -16.3240 -45.9038 34.9391 -41.0266 23.7043 -37.6336 16.8182 -37.3706 23.2274 -41.6955 30.4597 -46.6540 -3.8879 -46.3395 14.9677 -45.5205 -5.3537 -48.7103 -26.1138 -7.0474 -35.5017 22.7264 -41.3464 34.5240 -46.5782 -19.6365 -39.3346 -32.9058 19.4425 -42.8139 -12.9044 -39.2361 -35.3881 19.6381 -38.3816 22.8808 -39.6205 28.8480 -41.3675 33.3742 -42.0295 32.8218 -40.9905 26.6079 -39.0156 23.4319 -40.0761 34.9047 -45.9634 -18.3172 -43.8705 -30.8821 13.5982 -39.6515 30.3543 -48.2318 -24.1671 -25.9905 -33.3603 19.1859 -41.0124 15.2788 -48.7831 -26.0254 -5.2757 -35.5057 26.2405 -43.3930 -10.9275 -48.0780 -28.7349 7.1311
-27.8548 -48.3466 -9.1972 -43.0630 25.2915 -35.2158 -7.9064 -25.6328 -48.7031 19.8136 -40.7470 18.1196 -32.7363 -33.3751 -21.8720 -47.1769 34.9446 -38.9401 13.1674 -32.7377 -7.0043 -32.6747 12.5612 -39.7008 25.0992 -48.9103 -25.4532 -46.3404 -21.9599 -48.2295 1.2165 -44.1503 34.8282 -41.1402 27.0016 -39.2247 22.9539 -39.2500 27.6143 -41.6264 34.7046 -42.7985 35.0625 -42.9790 33.1368 -46.3717 -18.9596 -40.5496 -32.7452 18.7091 -41.6366 34.0626 -45.3831 -9.0537 -48.7205 -27.7384 3.9337 -37.7881 34.7097 -47.5943 -24.4494 -9.8402 -33.2799 8.8185 -35.3350 14.3279 -37.1522 20.1722 -38.7796 24.0429 -39.3580 23.2025 -38.1199 16.4732 -36.2348 16.7258 -38.7312 33.4954 -45.5214 -17.8496 -43.5981 -31.2322 16.3224 -41.3330 -10.2440 -48.7572 -25.0630 -26.3141 -33.1772 18.5091 -40.8191 18.9442 -48.7199 -25.7040 -7.4253 -35.2637 25.4524 -43.1175 -9.5091 -48.3077 -27.9124
-48.5779 -7.5059 -42.7840 24.5100 -34.9687 -10.3372 -25.2978 -48.6122 23.0642 -40.5500 17.4223 -32.4755 -35.3458 -21.4142 -46.9594 34.9678 -38.6364 11.5851 -31.3181 -32.2462 -28.1540 -22.6746 -33.1975 19.4630 -42.9185 -22.0377 -20.3842 -28.8307 -44.8381 -21.2007 -48.0816 -2.8469 -45.4318 31.3366 -43.3171 34.4466 -41.4844 29.5234 -40.4015 27.5760 -40.2593 27.4250 -40.3363 30.4312 -42.7571 15.9635 -48.6984 -26.7232 4.8773 -38.7803 14.6156 -47.2652 -9.5772 -48.0782 -21.4337 -39.0284 -32.5849 17.0799 -41.3308 14.0510 -48.7815 -25.5015 -32.1867 -30.5830 -3.2739 -33.4772 9.1789 -35.9289 17.1411 -38.2725 23.6510 -39.3963 21.8568 -36.2283 8.3848 -34.0524 11.9617 -37.7941 32.0051 -45.1972 -17.4569 -43.0761 -30.9283 22.5339 -49.1634 -21.9165 -48.5142 -25.2406 -28.4741 -32.8981 17.7837 -40.6175 22.2873 -48.6339 -25.3710 -9.8101 -35.0176 24.6696 -42.8403 -7.8713 -48.5515
-8.3216 -42.5035 23.7350 -34.7183 -12.9748 -24.9523 -48.5019 25.8759 -40.3501 16.7320 -32.2133 -37.1339 -20.9364 -46.7359 34.8085 -38.3773 10.3677 -30.3349 -42.6398 -23.2593 -48.3787 -25.0861 -32.9961 -30.5288 -18.8492 33.2488 -37.6271 6.2088 -29.8511 -43.8116 -22.6502 -48.7492 -16.3049 -47.9385 -6.9562 -46.2591 25.5817 -43.5152 33.9256 -40.9489 26.2431 -39.1769 23.1876 -39.7288 31.9840 -44.4231 -12.7179 -46.4314 -30.7576 19.6646 -49.0835 -23.0219 -48.7620 -18.6984 -48.6270 -26.6969 -6.3861 -35.6923 25.6280 -43.3027 -2.9349 -48.6819 -23.5077 -42.6327 -29.3885 -8.3499 -33.5874 11.5760 -37.3358 24.6558 -41.2732 34.4139 -41.5572 16.1894 -33.2304 -8.6615 -31.7889 7.6296 -36.9111 28.8213 -43.4404 6.7664 -46.2748 17.7162 -31.8027 -36.8110 -23.5245 -48.6658 -24.4102 -32.1094 -32.5519 17.0451 -40.4132 25.2235 -48.5275 -25.0254 -12.4263 -34.7686 23.8885 -42.5605 -8.6281
-42.3619 22.9710 -34.4676 -15.7570 -24.5976 -48.3753 28.2422 -40.1489 16.0499 -31.9524 -38.7324 -20.4399 -46.5073 34.5128 -38.1469 9.3667 -29.7020 -45.9289 -19.1083 -47.7972 -10.8918 -48.4321 -20.1974 -48.4242 -19.6684 -44.3971 24.4320 -35.5558 -0.7709 -29.8818 -38.1449 -26.3941 -45.6560 -24.1209 -48.2636 -20.1861 -48.4594 -5.8740 -45.1294 35.1952 -41.2595 25.9044 -38.9675 23.3958 -40.3417 34.7187 -45.6658 -14.9415 -48.7351 -18.1333 -36.3044 -5.1436 -25.7810 -48.6323 -21.5675 -45.6451 -29.9277 7.1148 -37.6115 30.5561 -44.0726 -4.0990 -48.5843 -23.4546 -39.4450 -31.1606 5.9109 -36.2382 22.8122 -41.7743 25.9049 -47.6119 -8.2799 -34.0718 -11.2499 -27.8553 -39.7135 -29.4338 1.4962 -35.4048 20.8050 -39.4187 26.3820 -36.8959 6.7497 -30.4834 -46.2294 -19.2698 -48.6169 -22.9943 -35.6698 -32.2067 16.3292 -40.2102 27.7208 -48.4033 -24.6687 -15.2172 -34.5157 23.1145 -42.4136
22.4983 -34.2121 -18.5622 -24.2406 -48.2360 30.1596 -39.9544 15.3878 -31.7006 -40.1298 -19.9359 -46.2802 34.1187 -37.9328 8.4877 -29.2740 -47.1753 -15.8548 -45.9401 31.5726 -43.8836 28.2204 -45.7659 7.3530 -45.3886 33.6821 -38.8950 14.0924 -34.2736 1.5585 -32.0002 -7.0518 -30.9953 -15.5339 -29.4271 -36.2050 -25.4706 -48.6075 -14.4792 -46.0844 34.7216 -41.5874 27.0618 -39.3891 25.1039 -40.7705 34.6133 -44.4148 21.5171 -44.2336 20.3841 -32.5524 -40.0774 -22.6386 -48.7178 -23.8055 -36.8331 -32.0330 12.4518 -38.8286 33.3077 -44.8606 -10.9266 -48.6346 -27.4783 -4.3387 -35.2538 19.6638 -40.7042 32.3446 -48.3794 -25.6008 7.1154 -48.1346 -19.8983 -48.8389 -20.5411 -47.7704 -27.3041 -12.5390 -33.2759 11.2947 -35.9938 12.8928 -35.3390 5.9679 -25.6124 -48.3851 -7.4626 -47.8553 -21.6142 -38.2300 -31.9138 15.6575 -40.0152 29.7633 -48.2636 -24.3031 -18.0856 -34.2520 22.6205
-33.5932 -21.1941 -23.8965 -48.0919 31.6075 -39.7749 14.7781 -31.4739 -41.2886 -19.4461 -46.0630 33.6727 -37.7386 7.6909 -28.9630 -47.7492 -13.4366 -44.6655 33.8512 -40.3585 27.5311 -40.5913 31.7281 -41.6222 31.3668 -39.9411 20.9456 -37.0806 14.5493 -35.8793 12.8780 -35.6537 12.6430 -35.2736 9.6438 -33.2743 -7.4808 -28.0502 -47.6568 -16.4070 -46.4149 33.3752 -42.1614 29.4121 -39.8979 25.3368 -40.0558 28.8933 -40.5605 24.7664 -35.9157 -4.6746 -27.1269 -48.3127 -20.4483 -48.5001 -26.0899 -21.1007 -33.6329 16.3712 -40.0470 35.1024 -46.7574 -20.4931 -36.8571 -33.1946 18.6648 -40.0210 34.2843 -45.5969 -18.6771 -33.2781 -34.9844 34.6868 -45.0540 13.7316 -46.5654 -13.5459 -48.7434 -25.8455 -26.0752 -32.4155 9.1109 -36.6963 22.3855 -37.3960 -48.0931 -5.7859 -44.3451 26.3871 -47.1238 -20.6844 -39.7262 -31.7051 15.0647 -39.8321 31.3679 -48.1119 -23.9325 -20.9332 -33.6105
-24.2469 -23.6069 -47.9610 32.5815 -39.6332 14.3032 -31.3149 -42.0991 -19.0419 -45.8839 33.2537 -37.5803 7.0165 -28.7421 -48.0431 -11.7745 -43.9451 30.2216 -38.1719 16.6842 -36.5900 17.4684 -37.9980 22.4542 -39.1524 23.7978 -39.1471 23.8722 -39.2465 24.8861 -39.5912 26.3986 -39.9268 26.5558 -39.2015 20.0470 -35.7155 1.5922 -28.5652 -47.7223 -16.5488 -46.8176 26.8907 -43.0307 31.7482 -39.9658 22.6920 -38.1552 17.9980 -36.0342 5.2679 -30.4564 -43.1762 -22.8157 -48.7606 -21.2123 -47.1995 -28.1806 -5.3116 -35.0500 21.0039 -41.7382 16.7592 -48.8062 -27.4152 8.7140 -40.6951 34.9485 -43.8007 8.4786 -48.7272 -27.1550 5.4068 -37.9846 28.1727 -41.5916 35.1535 -45.1272 -10.7046 -48.7266 -26.8026 -10.6573 -34.8599 23.4257 -44.1365 -18.4820 21.4223 -40.0904 28.5726 -41.0821 34.5589 -46.8040 -20.4259 -40.2302 -31.6099 14.5758 -39.6638 32.5834 -47.9529 -23.5630 -24.5228
-23.0216 -47.8826 33.0238 -39.5824 14.1448 -31.3468 -42.2155 -18.9456 -45.8151 33.0399 -37.4978 6.6119 -28.6397 -48.1681 -10.9589 -43.6473 28.4185 -37.0902 10.5912 -33.8841 6.5271 -34.9051 14.4939 -37.7878 24.1680 -40.5724 32.4656 -42.3441 35.1300 -43.4224 34.1868 -44.1852 30.3513 -44.7028 32.7550 -42.4956 25.9677 -36.0711 -1.9245 -27.7276 -48.0000 -18.5144 -47.8643 4.9136 -43.8981 32.1257 -39.2406 17.8025 -35.8115 7.5603 -32.3933 -25.4040 -27.0687 -47.2931 -22.2713 -48.5607 -23.6315 -43.3227 -29.9439 3.5207 -36.4392 26.6117 -43.7107 -11.6061 -46.1824 -29.4718 4.6386 -46.5956 15.3845 -46.0182 -15.5375 -46.6394 -30.0619 7.8736 -36.4802 21.3014 -40.3308 35.0688 -45.7448 -16.5531 -46.2930 -30.4611 11.1375 -39.6742 21.1362 -48.4337 -31.9054 11.6617 -36.3633 20.1084 -40.2455 34.5499 -47.0249 -20.9613 -39.6218 -31.6518 14.1934 -39.5099 33.4732 -47.7942 -22.7896
-47.8822 32.6246 -39.7129 14.6089 -31.7791 -40.2453 -19.8007 -46.0634 33.4495 -37.5906 6.8018 -28.7341 -48.1139 -11.3815 -43.7544 28.5655 -36.9223 8.2313 -32.4965 -6.7580 -32.6146 7.0867 -36.3045 22.7040 -41.2967 34.7166 -45.3652 0.9953 -47.1634 -9.7379 -47.8097 -13.8867 -48.5286 -17.5083 -48.6349 -8.4265 -43.1816 22.3634 -34.3180 -16.2791 -27.5725 -45.7103 -23.1285 -48.7723 -6.5461 -43.7227 28.9123 -37.8603 12.9292 -34.2210 -0.4516 -31.0121 -31.7559 -27.2177 -45.3924 -24.7354 -46.6910 -26.1502 -36.0073 -31.2292 7.9356 -37.3756 29.0664 -43.5714 15.5284 -44.1503 -4.5135 -22.3175 -47.4213 4.3118 -47.2704 -20.2504 -42.9945 -30.4162 4.6634 -35.7796 20.9547 -41.1248 30.9660 -47.8138 -23.5079 -21.7575 -34.7489 25.4106 -44.6384 -18.3223 -38.9278 -30.8188 3.8797 -35.4819 20.9876 -41.2606 28.3599 -47.7074 -22.3678 -37.5000 -31.8166 13.8749 -39.3679 34.0720 -47.6154
24.4646 -40.1365 16.1302 -32.7080 -32.5176 -23.1253 -47.1564 34.8918 -38.0985 8.1676 -29.1464 -47.7179 -13.4171 -44.3761 30.9104 -37.6807 10.3400 -32.6800 -13.4749 -31.2541 -2.5340 -34.6307 18.7099 -40.8985 31.6466 -47.4256 -18.1718 -48.5811 -23.0104 -47.7072 -23.8663 -46.5634 -26.0482 -38.9276 -27.1706 -46.3619 9.7328 -39.8368 12.2120 -32.5274 -13.8145 -30.3344 -23.2486 -27.0514 -48.7969 7.7918 -42.0337 23.3717 -36.9112 12.0033 -34.4445 3.6490 -32.0946 -14.3064 -29.5764 -34.5324 -27.7996 -40.9048 -27.9624 -29.1682 -31.6960 8.2620 -36.7910 22.6526 -39.3507 20.8945 -31.2584 -47.3748 -11.5889 -45.6082 6.9396 -47.8956 -21.9585 -41.0183 -30.8451 6.7588 -36.8838 27.1345 -43.4440 -6.3063 -48.5053 -28.8250 7.3966 -38.4549 35.0917 -47.4157 -22.1644 -40.1682 -31.0307 7.6758 -37.3152 29.2277 -43.7085 -3.2840 -48.6497 -24.4828 -33.8352 -31.9524 13.5230 -39.2032 31.6339
-41.2775 19.5042 -34.0654 -15.0753 -27.4865 -48.5125 22.5646 -39.3741 11.2555 -29.9166 -46.5136 -16.6781 -45.5811 34.8679 -39.5429 16.5736 -34.4884 -0.4826 -31.6919 -8.5741 -33.1956 12.8657 -39.1659 35.0709 -47.4765 -21.9899 -39.8816 -29.1705 -18.7263 -30.0336 -21.6021 -30.3994 -4.9444 -33.3656 10.2485 -29.5707 -45.8937 25.1606 -35.4708 5.2320 -33.8253 9.8952 -35.0259 5.4519 -24.8344 -47.4199 35.1188 -40.2483 22.3483 -37.9240 17.5937 -36.4126 12.0256 -34.2948 4.4382 -32.3709 -8.6464 -30.1012 -33.6289 -28.4262 -31.3034 -30.8053 1.2886 -33.8570 8.1572 -32.4578 -33.9721 -20.8539 -46.9419 28.3137 -44.4921 3.2583 -48.4132 -23.9818 -31.2447 -32.8570 14.4440 -39.5707 35.1298 -46.4297 -20.1061 -38.4801 -32.7790 17.6348 -41.2915 19.0722 -48.5401 -24.8160 -22.9767 -33.8878 18.7903 -41.1996 29.7625 -47.4044 -19.3879 -47.7336 -26.6065 -31.8254 -31.8359 13.1595 -38.9928
26.5811 -35.9795 1.6046 -30.7051 -28.9113 -26.5250 -39.3829 14.0403 -30.3356 -44.6734 -19.8219 -47.2392 24.0792 -42.5169 27.6991 -37.8256 13.0804 -34.2003 2.7969 -33.2357 8.2410 -36.8992 28.9125 -45.0861 -18.7602 -35.7767 -32.7238 11.1045 -35.3115 10.3676 -34.2097 7.7580 -35.4319 20.4530 -41.9491 -9.9689 10.5494 -35.0202 7.2454 -34.6823 15.7049 -39.1713 30.4390 -38.0541 -45.6375 -4.3294 -43.1801 32.0480 -41.3212 30.8857 -40.8687 27.4694 -39.0732 20.1203 -37.0731 14.5159 -35.1443 5.5947 -30.9801 -36.2548 -26.8826 -42.1316 -27.8083 -32.6998 -28.2184 -41.5577 -22.3315 -48.0228 24.6630 -43.1958 35.2571 -44.6143 -8.7265 -48.6793 -27.6753 -0.3973 -36.2746 26.2309 -42.8355 9.7432 -48.6573 -26.0228 -6.0893 -35.8338 26.7807 -43.9051 -11.4957 -47.8605 -29.5987 8.3783 -38.4442 34.6155 -46.3893 -18.0165 -47.3539 -26.6660 -40.6467 -26.9400 -35.1516 -31.4681 13.1756
