-37.1207 5.9575 -27.5053 -48.7060 -6.0403 -41.9927 21.4131 -33.1667 -29.1037 -22.0553 -47.1805 33.3598 -38.1055 9.2000 -28.5919 -48.0767 -11.7719 -43.0637 24.4801 -34.2366 -17.7923 -23.5805 -47.9592 29.9531 -39.0307 12.3398 -29.7336 -46.4575 -15.4755 -44.1506 27.6627 -35.2747 -6.8541 -24.9667 -48.5342 20.4760 -39.9584 15.2924 -30.8707 -43.3437 -18.1273 -45.2121 30.6918 -36.2604 0.8819 -26.4460 -48.7817 -3.6389 -42.7088 29.2679 -39.0967 28.2636 -42.2401 -0.4614 -48.7812 -26.3533 0.8955 -36.2887 30.8115 -45.2609 -18.2353 -43.1503 -30.9234 15.4324 -40.0015 19.8527 -48.5551 -25.0296 -6.4144 -35.3237 27.8163 -44.2027 -15.6233 -46.3451 -29.7882 12.4867 -39.0758 29.6456 -47.9928 -23.6523 -17.2013 -34.2882 24.6357 -43.1176 -11.9929 -48.0234 -28.6492 9.3630 -38.1505 33.2974 -47.2225 -22.1349 -28.6000 -33.2201 21.5614 -42.0463 -6.4136 -48.6901 -27.5609 6.1480 -37.1681
5.9575 -28.2066 -48.5819 -4.5541 -42.1023 21.8775 -33.8218 -25.6590 -22.8348 -47.4199 34.9361 -38.5326 9.9736 -29.3904 -47.6521 -11.4789 -43.2352 25.0007 -34.8628 -14.0352 -24.4529 -48.1693 32.3410 -39.3926 12.9736 -30.4977 -45.6065 -15.6469 -44.3582 28.2566 -35.8533 -4.2188 -25.8790 -48.6810 23.8274 -40.2345 15.8459 -31.6027 -41.8534 -18.5765 -45.4442 31.4305 -36.7649 2.2284 -27.2127 -48.7718 2.9076 -41.9610 24.5531 -36.6508 13.0075 -36.2190 22.7462 -41.5166 5.9402 -48.8044 -27.1936 2.3848 -36.8039 31.5707 -45.4943 -18.6944 -41.6238 -31.6537 15.9819 -40.2730 23.2493 -48.6982 -25.9429 -3.8455 -35.9002 28.4186 -44.4111 -15.8092 -45.4659 -30.5512 13.1135 -39.4353 32.0772 -48.2002 -24.5267 -13.4694 -34.9118 25.1573 -43.2916 -11.7324 -47.5823 -29.4462 10.1289 -38.5748 34.9063 -47.4618 -22.9196 -25.1207 -33.8744 22.0280 -42.1579 -4.9999 -48.5566 -28.2597 6.1480
-27.5053 -48.5819 -5.3515 -42.2683 22.4335 -34.0423 -23.1868 -23.2212 -47.6137 34.7136 -38.7814 10.7244 -29.6582 -47.2754 -12.6620 -43.5104 25.7887 -35.1230 -11.3109 -24.8174 -48.3208 30.9012 -39.6512 13.6812 -30.7683 -44.8720 -16.4449 -44.6277 29.0549 -36.1020 -2.3928 -26.1971 -48.7571 20.6418 -40.4994 16.5502 -31.8742 -40.5876 -19.1806 -45.7009 32.1444 -36.9970 3.3417 -27.4355 -48.7635 1.8741 -41.8656 23.4324 -35.8871 5.8887 -32.3384 1.2491 -34.7177 21.0275 -41.4805 3.7611 -48.7784 -27.4511 3.5394 -37.0386 32.2797 -45.7503 -19.2928 -40.3258 -31.9264 16.6835 -40.5386 19.9696 -48.7690 -26.2588 -2.0563 -36.1473 29.2139 -44.6810 -16.5965 -44.7114 -30.8233 13.8217 -39.6937 30.5683 -48.3482 -24.8877 -10.7829 -35.1716 25.9460 -43.5668 -12.8892 -47.1924 -29.7134 10.8723 -38.8239 34.6420 -47.6531 -23.3031 -22.6308 -34.0948 22.5889 -42.3243 -5.7712 -48.5566 -27.5609
-48.7060 -4.5541 -42.2683 22.6486 -34.1686 -21.3405 -23.5240 -47.7735 34.3179 -38.9779 11.4280 -29.9189 -46.8365 -13.7088 -43.7813 26.5706 -35.3649 -8.8024 -25.1679 -48.4559 29.0712 -39.8601 14.3798 -31.0370 -44.0306 -17.1797 -44.8931 29.8400 -36.3274 -0.7741 -26.5048 -48.8083 17.0721 -40.7014 17.2496 -32.1414 -39.1669 -19.7493 -45.9518 32.8112 -37.2098 4.4103 -27.6855 -48.7412 -0.1402 -41.9421 23.4699 -35.9624 6.5377 -32.0416 -29.0478 -28.8984 -12.5292 -34.0035 20.8211 -41.5936 0.8696 -48.7404 -27.7196 4.6095 -37.2512 32.9367 -46.0014 -19.8585 -38.8686 -32.1955 17.3881 -40.7400 16.3287 -48.8149 -26.5644 -0.4676 -36.3708 29.9942 -44.9470 -17.3230 -43.8492 -31.0926 14.5221 -39.9013 28.6698 -48.4795 -25.2369 -8.3152 -35.4134 26.7314 -43.8366 -13.9101 -46.7390 -29.9727 11.5687 -39.0206 34.2039 -47.8102 -23.6046 -20.7630 -34.2202 22.8052 -42.3243 -4.9999 -48.6901
-6.0403 -42.1023 22.4335 -34.1686 -20.6489 -23.6942 -47.8808 33.8674 -39.1401 12.0344 -30.1555 -46.3537 -14.6179 -44.0435 27.3394 -35.5987 -6.5501 -25.5036 -48.5726 26.8544 -40.0663 15.0733 -31.3048 -43.0745 -17.8624 -45.1551 30.6062 -36.5452 0.6739 -26.8008 -48.8326 13.2367 -40.8977 17.9508 -32.4073 -37.5841 -20.2880 -46.1975 33.4172 -37.4218 5.4113 -27.9467 -48.6890 -2.2752 -42.0668 23.5085 -36.0040 8.7492 -33.9668 0.3945 -26.8314 -47.6354 -25.7606 -21.8021 -33.7908 21.2170 -41.8132 -1.9140 -48.6817 -27.9901 5.6015 -37.4638 33.5289 -46.2471 -20.3943 -37.2461 -32.4622 18.0947 -40.9365 12.4680 -48.8344 -26.8575 0.9503 -36.5876 30.7554 -45.2081 -17.9962 -42.8674 -31.3603 15.2149 -40.1060 26.3567 -48.5928 -25.5716 -6.1060 -35.6469 27.5009 -44.0972 -14.7984 -46.2402 -30.2092 12.1767 -39.1828 33.7113 -47.9164 -23.7735 -20.0585 -34.2202 22.5889 -42.1579 -6.4136
-41.9927 21.8775 -34.0423 -21.3405 -23.6942 -47.9189 33.5557 -39.2508 12.4901 -30.3492 -45.8745 -15.3656 -44.2842 28.0731 -35.8214 -4.5755 -25.8219 -48.6686 24.2502 -40.2690 15.7616 -31.5716 -41.9876 -18.5019 -45.4134 31.3493 -36.7586 1.9866 -27.0850 -48.8284 9.3308 -41.0910 18.6570 -32.6723 -35.8179 -20.8020 -46.4379 33.9511 -37.6349 6.3551 -28.2128 -48.6005 -4.3401 -42.2106 23.3735 -35.7166 7.8960 -34.7233 14.5317 -35.2348 -48.9718 -14.0381 -48.5094 -23.8621 -23.9753 -33.8767 21.8469 -42.0801 -4.3790 -48.5834 -28.2608 6.5325 -37.6766 34.0461 -46.4861 -20.9032 -35.4418 -32.7270 18.8023 -41.1304 8.5609 -48.8244 -27.1392 2.2324 -36.7999 31.4918 -45.4658 -18.6277 -41.7548 -31.6252 15.9002 -40.3068 23.6490 -48.6862 -25.8874 -4.1771 -35.8680 28.2347 -44.3387 -15.5366 -45.7467 -30.4030 12.6317 -39.2938 33.3783 -47.9542 -23.7735 -20.7630 -34.0948 22.0280 -42.0463
21.4131 -33.8218 -23.1868 -23.5240 -47.8808 33.5557 -39.2905 12.7404 -30.4787 -45.4754 -15.9374 -44.4899 28.7240 -36.0223 -2.9016 -26.1165 -48.7435 21.2988 -40.4634 16.4359 -31.8343 -40.7702 -19.1008 -45.6673 32.0575 -36.9692 3.1802 -27.3596 -48.7930 5.5513 -41.2820 19.3697 -32.9366 -33.8552 -21.2938 -46.6725 34.3955 -37.8483 7.2457 -28.4799 -48.4698 -6.2824 -42.3934 23.3395 -35.2751 3.4864 -33.4036 13.6446 -40.3469 16.3986 20.1302 -41.2617 28.7755 -47.9167 -23.4864 -22.6303 -34.0854 22.5646 -42.3547 -6.4967 -48.4416 -28.5311 7.4138 -37.8897 34.4698 -46.7196 -21.3903 -33.4436 -32.9909 19.5163 -41.3209 4.8287 -48.7877 -27.4131 3.3984 -37.0110 32.1939 -45.7181 -19.2175 -40.5136 -31.8857 16.5749 -40.5019 20.6146 -48.7568 -26.1788 -2.5453 -36.0685 28.8862 -44.5435 -16.0960 -45.3387 -30.5318 12.8783 -39.3344 33.3783 -47.9164 -23.6046 -22.6308 -33.8744 21.5614
-33.1667 -25.6590 -23.2212 -47.7735 33.8674 -39.2508 12.7404 -30.5242 -45.2453 -16.2999 -44.6426 29.2459 -36.1891 -1.5553 -26.3760 -48.7952 18.1577 -40.6490 17.0919 -32.0888 -39.4372 -19.6595 -45.9139 32.7172 -37.1783 4.2630 -27.6284 -48.7526 2.0847 -41.4706 20.0899 -33.2006 -31.6928 -21.7658 -46.9017 34.7295 -38.0612 8.0892 -28.7483 -48.2929 -8.0396 -42.6180 23.5955 -34.9353 -3.3930 -30.7385 -2.2212 -36.0476 32.8256 -48.4676 -31.0002 16.1380 -39.7020 33.2071 -47.8755 -23.6873 -20.1532 -34.3280 23.3163 -42.6320 -8.3110 -48.2531 -28.8007 8.2533 -38.1040 34.7796 -46.9465 -21.8589 -31.2443 -33.2537 20.2380 -41.5178 1.4400 -48.7460 -27.6830 4.4695 -37.2215 32.8443 -45.9630 -19.7670 -39.1452 -32.1397 17.2316 -40.6874 17.4278 -48.8039 -26.4362 -1.2361 -36.2347 29.4032 -44.6945 -16.4473 -45.1033 -30.5774 12.8783 -39.2938 33.7113 -47.8102 -23.3031 -25.1207 -33.2201
-29.1037 -22.8348 -47.6137 34.3179 -39.1401 12.4901 -30.4787 -45.2453 -16.4223 -44.7243 29.5881 -36.3102 -0.5680 -26.5871 -48.8247 15.1163 -40.8178 17.7116 -32.3298 -38.0028 -20.1734 -46.1501 33.3148 -37.3854 5.2531 -27.8943 -48.7059 -0.9441 -41.7041 20.8178 -33.4622 -29.3355 -22.2212 -47.1235 34.9300 -38.2740 8.8990 -29.0172 -48.0651 -9.6077 -42.8716 24.1112 -34.8152 -9.4049 -27.9556 -40.9977 -30.2330 11.3738 -40.4092 -6.2369 -43.3610 -31.1677 13.7380 -39.4082 33.2309 -47.9945 -24.0254 -17.3567 -34.5786 24.0820 -42.9088 -9.8772 -48.0123 -29.0701 9.0574 -38.3181 34.9517 -47.1659 -22.3096 -28.8482 -33.5152 20.9677 -41.7595 -1.5076 -48.6926 -27.9495 5.4533 -37.4296 33.4271 -46.1977 -20.2756 -37.6753 -32.3811 17.8522 -40.8561 14.3631 -48.8298 -26.6469 -0.2742 -36.3543 29.7404 -44.7759 -16.5675 -45.1033 -30.5318 12.6317 -39.1828 34.2039 -47.6531 -22.9196 -28.6000
-22.0553 -47.4199 34.7136 -38.9779 12.0344 -30.3492 -45.4754 -16.2999 -44.7243 29.7060 -36.3751 0.0389 -26.7376 -48.8372 12.4958 -40.9613 18.2696 -32.5501 -36.5214 -20.6375 -46.3719 33.8279 -37.5883 6.1699 -28.1567 -48.6243 -3.5210 -41.9791 21.5499 -33.7210 -26.7993 -22.6566 -47.3359 34.9718 -38.4866 9.6800 -29.2860 -47.7792 -10.9972 -43.1381 24.7755 -34.8908 -11.6730 -26.1098 -48.5070 -22.8904 -39.3531 -32.7186 21.9834 -43.7839 -17.2804 -43.8216 -30.8584 13.3413 -39.4640 32.4364 -48.1470 -24.3900 -14.5350 -34.8293 24.8576 -43.1847 -11.2450 -47.7136 -29.3392 9.8337 -38.5301 34.9578 -47.3772 -22.7417 -26.2740 -33.7731 21.7000 -42.0342 -4.0062 -48.6030 -28.2111 6.3546 -37.6310 33.9266 -46.4192 -20.7356 -36.1656 -32.6012 18.4110 -41.0004 11.7066 -48.8392 -26.7967 0.3218 -36.4192 29.8565 -44.7759 -16.4473 -45.3387 -30.4030 12.1767 -39.0206 34.6420 -47.4618 -22.1349
-47.1805 34.9361 -38.7814 11.4280 -30.1555 -45.8745 -15.9374 -44.6426 29.5881 -36.3751 0.2475 -26.8181 -48.8398 10.5632 -41.0738 18.7339 -32.7390 -35.0812 -21.0451 -46.5727 34.2435 -37.7821 7.0054 -28.4113 -48.5069 -5.6952 -42.2496 22.2803 -33.9754 -24.1289 -23.0724 -47.5379 34.8272 -38.6987 10.4378 -29.5550 -47.4300 -12.2278 -43.4086 25.5152 -35.0698 -11.0952 -25.3702 -48.6904 -11.8960 -48.1375 -23.1458 -20.5695 -35.1313 28.5590 -44.9926 -17.4337 -44.2195 -30.8602 13.6963 -39.6304 31.1490 -48.2958 -24.7526 -11.8036 -35.0773 25.6423 -43.4597 -12.4530 -47.3509 -29.6081 10.5873 -38.7423 34.7724 -47.5780 -23.1557 -23.5619 -34.0269 22.4297 -42.3040 -6.1043 -48.4763 -28.4651 7.1757 -37.8233 34.3272 -46.6206 -21.1395 -34.6957 -32.7916 18.8771 -41.1137 9.7760 -48.8397 -26.8766 0.5276 -36.4192 29.7404 -44.6945 -16.0960 -45.7467 -30.2092 11.5687 -38.8239 34.9063 -47.2225
33.3598 -38.5326 10.7244 -29.9189 -46.3537 -15.3656 -44.4899 29.2459 -36.3102 0.0389 -26.8181 -48.8396 9.5294 -41.1457 19.0702 -32.8857 -33.8081 -21.3831 -46.7467 34.5530 -37.9595 7.7496 -28.6518 -48.3550 -7.5063 -42.5127 23.0038 -34.2236 -21.3812 -23.4711 -47.7280 34.4703 -38.9096 11.1710 -29.8236 -47.0118 -13.3282 -43.6814 26.2892 -35.2893 -9.3057 -25.2821 -48.5399 8.5479 -44.1164 17.0187 -48.2978 -25.2564 -3.8380 -36.3131 30.5298 -45.1116 -17.5094 -43.8915 -31.0344 14.2939 -39.8267 29.4309 -48.4317 -25.1058 -9.2345 -35.3224 26.4328 -43.7333 -13.5310 -46.9175 -29.8764 11.3187 -38.9519 34.3676 -47.7661 -23.5508 -20.7980 -34.2754 23.1540 -42.5680 -7.8590 -48.3154 -28.7057 7.9171 -38.0024 34.6191 -46.7942 -21.4773 -33.3937 -32.9387 19.2132 -41.1850 8.7504 -48.8387 -26.8766 0.3218 -36.3543 29.4032 -44.5435 -15.5366 -46.2402 -29.9727 10.8723 -38.5748 33.2974
-38.1055 9.9736 -29.6582 -46.8365 -14.6179 -44.2842 28.7240 -36.1891 -0.5680 -26.7376 -48.8398 9.5294 -41.1702 19.2492 -32.9798 -32.8476 -21.6385 -46.8887 34.7567 -38.1144 8.3947 -28.8712 -48.1757 -8.9906 -42.7628 23.7075 -34.4625 -18.6279 -23.8500 -47.9055 33.8750 -39.1170 11.8846 -30.0892 -46.5203 -14.3169 -43.9526 27.0754 -35.5225 -7.1895 -25.4708 -48.5771 20.8125 -41.7921 30.6301 -41.7928 19.3891 -48.7462 -26.5958 1.0433 -36.6769 30.9970 -45.2241 -17.9050 -43.1422 -31.2723 14.9611 -40.0293 27.2815 -48.5522 -25.4483 -6.8921 -35.5635 27.2235 -44.0047 -14.4981 -46.4105 -30.1413 12.0285 -39.1576 33.7198 -47.9408 -23.9274 -18.0505 -34.5131 23.8622 -42.8187 -9.3085 -48.1278 -28.9257 8.5620 -38.1586 34.8057 -46.9334 -21.7309 -32.4146 -33.0312 19.3884 -41.2084 8.7504 -48.8397 -26.7967 -0.2742 -36.2347 28.8862 -44.3387 -14.7984 -46.7390 -29.7134 10.1289 -38.1505
9.2000 -29.3904 -47.2754 -13.7088 -44.0435 28.0731 -36.0223 -1.5553 -26.5871 -48.8372 10.5632 -41.1457 19.2492 -33.0119 -32.3304 -21.7968 -46.9875 34.8721 -38.2418 8.9239 -29.0625 -47.9821 -10.1895 -42.9944 24.3750 -34.6871 -15.9844 -24.2049 -48.0677 33.0252 -39.3192 12.5767 -30.3505 -45.9527 -15.2040 -44.2193 27.8608 -35.7575 -5.1206 -25.7576 -48.6509 22.5849 -40.8795 21.8423 -37.2455 22.4709 -41.2923 11.0262 -48.8294 -27.1810 2.5620 -36.8317 31.4662 -45.4157 -18.4529 -42.1390 -31.5320 15.6497 -40.2333 24.6884 -48.6543 -25.7795 -4.8090 -35.7987 28.0089 -44.2728 -15.3709 -45.8271 -30.4025 12.7194 -39.3598 32.8162 -48.1009 -24.2810 -15.4143 -34.7370 24.5349 -43.0500 -10.4773 -47.9249 -29.1170 9.0871 -38.2846 34.9053 -47.0311 -21.8875 -31.8947 -33.0634 19.3884 -41.1850 9.7760 -48.8392 -26.6469 -1.2361 -36.0685 28.2347 -44.0972 -13.9101 -47.1924 -29.4462 9.3630
-28.5919 -47.6521 -12.6620 -43.7813 27.3394 -35.8214 -2.9016 -26.3760 -48.8247 12.4958 -41.0738 19.0702 -32.9798 -32.3304 -21.8495 -47.0363 34.9236 -38.3325 9.3225 -29.2183 -47.7922 -11.1378 -43.1999 24.9885 -34.8930 -13.5788 -24.5329 -48.2129 31.9263 -39.5148 13.2453 -30.6068 -45.3066 -16.0084 -44.4811 28.6349 -35.9865 -3.2359 -26.0703 -48.7271 20.8224 -40.6826 18.6375 -34.5704 6.2843 -34.9099 20.6033 -41.4164 4.2609 -48.7814 -27.4808 3.5082 -37.0035 32.0772 -45.6519 -19.0387 -40.9408 -31.7987 16.3423 -40.4358 21.6623 -48.7361 -26.0972 -2.9584 -36.0270 28.7882 -44.5352 -16.1617 -45.1608 -30.6598 13.3847 -39.5552 31.6489 -48.2445 -24.6065 -13.0190 -34.9435 25.1478 -43.2564 -11.4006 -47.7269 -29.2721 9.4784 -38.3738 34.9465 -47.0808 -21.9412 -31.8947 -33.0312 19.2132 -41.1137 11.7066 -48.8298 -26.4362 -2.5453 -35.8680 27.5009 -43.8366 -12.8892 -47.5823 -28.6492
-48.0767 -11.4789 -43.5104 26.5706 -35.5987 -4.5755 -26.1165 -48.7952 15.1163 -40.9613 18.7339 -32.8857 -32.8476 -21.7968 -47.0363 34.9370 -38.3783 9.5685 -29.3278 -47.6294 -11.8521 -43.3730 25.5254 -35.0740 -11.4919 -24.8273 -48.3380 30.5976 -39.7009 13.8860 -30.8552 -44.5834 -16.7367 -44.7381 29.3984 -36.2076 -1.5590 -26.3830 -48.7840 17.4779 -40.7991 18.1517 -33.4251 -14.1034 -29.6761 -9.8988 -34.0850 20.8471 -41.6484 0.1643 -48.7305 -27.7901 4.6370 -37.2307 32.7626 -45.9051 -19.6146 -39.5779 -32.0644 17.0337 -40.6371 18.2610 -48.7944 -26.4026 -1.3100 -36.2468 29.5482 -44.7899 -16.8802 -44.4166 -30.9085 14.0200 -39.7426 30.2519 -48.3674 -24.8992 -10.9541 -35.1246 25.6841 -43.4294 -12.0950 -47.5591 -29.3812 9.7198 -38.4195 34.9565 -47.0808 -21.8875 -32.4146 -32.9387 18.8771 -41.0004 14.3631 -48.8039 -26.1788 -4.1771 -35.6469 26.7314 -43.5668 -11.7324 -48.0234
-11.7719 -43.2352 25.7887 -35.3649 -6.5501 -25.8219 -48.7435 18.1577 -40.8178 18.2696 -32.7390 -33.8081 -21.6385 -46.9875 34.9236 -38.3783 9.6505 -29.3824 -47.5218 -12.3222 -43.5058 25.9625 -35.2247 -9.7683 -25.0802 -48.4412 29.1075 -39.8741 14.4854 -31.0930 -43.7906 -17.3922 -44.9843 30.1353 -36.4198 -0.0693 -26.6865 -48.8113 13.1714 -41.0541 18.8719 -33.3350 -25.1761 -25.9216 -47.3911 -26.2085 -19.6458 -33.9620 21.6225 -41.9939 -3.9297 -48.5889 -28.4013 6.1857 -37.5153 33.4357 -46.1582 -20.1625 -38.0497 -32.3293 17.7263 -40.8333 14.5738 -48.8275 -26.6933 0.1391 -36.4570 30.2774 -45.0352 -17.5296 -43.6035 -31.1458 14.6209 -39.9176 28.6929 -48.4670 -25.1513 -9.2741 -35.2741 26.1238 -43.5619 -12.5501 -47.4466 -29.4368 9.8019 -38.4195 34.9465 -47.0311 -21.7309 -33.3937 -32.7916 18.4110 -40.8561 17.4278 -48.7568 -25.8874 -6.1060 -35.4134 25.9460 -43.2916 -11.9929
-43.0637 25.0007 -35.1230 -8.8024 -25.5036 -48.6686 21.2988 -40.6490 17.7116 -32.5501 -35.0812 -21.3831 -46.8887 34.8721 -38.3325 9.5685 -29.3824 -47.4850 -12.5442 -43.5871 26.2708 -35.3405 -8.4427 -25.2886 -48.5224 27.5805 -40.0294 15.0341 -31.3142 -42.9541 -17.9840 -45.2174 30.8261 -36.6197 1.2330 -26.9708 -48.8054 8.4337 -41.3879 20.2758 -33.9553 -21.0376 -25.1353 -48.7421 -16.2404 -48.6896 -24.6721 -20.4767 -34.2080 23.0470 -42.7277 -10.7777 -47.3935 -29.5993 7.9866 -37.8191 34.0190 -46.4029 -20.6821 -36.3517 -32.5912 18.4186 -41.0236 10.7763 -48.8346 -26.9672 1.4196 -36.6570 30.9696 -45.2700 -18.1133 -42.7404 -31.3677 15.1708 -40.0718 27.0966 -48.5459 -25.3582 -7.9787 -35.3888 26.4330 -43.6430 -12.7693 -47.4075 -29.4368 9.7198 -38.3738 34.9053 -46.9334 -21.4773 -34.6957 -32.6012 17.8522 -40.6874 20.6146 -48.6862 -25.5716 -8.3152 -35.1716 25.1573 -43.1176
24.4801 -34.8628 -11.3109 -25.1679 -48.5726 24.2502 -40.4634 17.0919 -32.3298 -36.5214 -21.0451 -46.7467 34.7567 -38.2418 9.3225 -29.3278 -47.5218 -12.5442 -43.6131 26.4209 -35.4121 -7.5466 -25.4459 -48.5819 26.1343 -40.1616 15.5163 -31.5119 -42.1022 -18.5054 -45.4358 31.4638 -36.8062 2.3613 -27.2253 -48.7813 4.1108 -41.7593 22.2155 -34.9555 -7.6363 -26.9780 -48.7498 -10.9586 -45.8901 -0.7741 -48.3401 -24.3680 -16.9431 -34.7613 26.5313 -44.8994 -22.2667 -40.5663 -30.9024 9.4648 -38.0798 34.4620 -46.6373 -21.1739 -34.4812 -32.8507 19.1122 -41.2116 7.0849 -48.8126 -27.2275 2.5616 -36.8472 31.6109 -45.4892 -18.6287 -41.8677 -31.5660 15.6537 -40.2039 25.5967 -48.6041 -25.5145 -7.0952 -35.4597 26.5830 -43.6689 -12.7693 -47.4466 -29.3812 9.4784 -38.2846 34.8057 -46.7942 -21.1395 -36.1656 -32.3811 17.2316 -40.5019 23.6490 -48.5928 -25.2369 -10.7829 -34.9118 24.6357
-34.2366 -14.0352 -24.8174 -48.4559 26.8544 -40.2690 16.4359 -32.0888 -38.0028 -20.6375 -46.5727 34.5530 -38.1144 8.9239 -29.2183 -47.6294 -12.3222 -43.5871 26.4209 -35.4350 -7.1189 -25.5424 -48.6214 24.9156 -40.2668 15.9161 -31.6801 -41.2816 -18.9496 -45.6334 32.0351 -36.9817 3.3479 -27.4521 -48.7616 0.9493 -42.0867 24.4161 -36.1570 4.3415 -30.1536 -45.5122 -18.7018 -46.4767 30.4615 -43.6152 17.5981 -48.2674 -24.2713 -13.5718 -34.6267 31.4390 -42.2181 -28.6057 -29.4462 -31.5111 10.2527 -38.2722 34.7641 -46.8624 -21.6446 -32.4062 -33.1113 19.8152 -41.3955 3.6299 -48.7757 -27.4799 3.5846 -37.0304 32.1861 -45.6870 -19.0711 -41.0270 -31.7352 16.0540 -40.3091 24.3346 -48.6415 -25.6104 -6.6757 -35.4825 26.5830 -43.6430 -12.5501 -47.5591 -29.2721 9.0871 -38.1586 34.6191 -46.6206 -20.7356 -37.6753 -32.1397 16.5749 -40.3068 26.3567 -48.4795 -24.8877 -13.4694 -34.2882
-17.7923 -24.4529 -48.3208 29.0712 -40.0663 15.7616 -31.8343 -39.4372 -20.1734 -46.3719 34.2435 -37.9595 8.3947 -29.0625 -47.7922 -11.8521 -43.5058 26.2708 -35.4121 -7.1189 -25.5739 -48.6399 24.1102 -40.3428 16.2227 -31.8140 -40.5542 -19.3118 -45.8045 32.5224 -37.1418 4.2022 -27.6579 -48.7403 -1.0127 -42.2624 25.9009 -37.3769 12.3358 -33.5472 -15.6241 -26.5379 -48.7672 -2.2907 -43.6409 33.7334 -42.0746 30.4108 -47.4255 -19.4074 -48.7029 3.3557 -36.7907 0.1394 -29.6710 -30.1331 -31.3082 10.5251 -38.4261 34.9427 -47.0828 -22.1080 -30.0776 -33.3799 20.5435 -41.6068 0.4369 -48.7356 -27.7393 4.5274 -37.2062 32.6871 -45.8598 -19.4358 -40.2773 -31.8699 16.3611 -40.3831 23.5040 -48.6593 -25.6417 -6.6757 -35.4597 26.4330 -43.5619 -12.0950 -47.7269 -29.1170 8.5620 -38.0024 34.3272 -46.4192 -20.2756 -39.1452 -31.8857 15.9002 -40.1060 28.6698 -48.3482 -24.5267 -17.2013
-23.5805 -48.1693 30.9012 -39.8601 15.0733 -31.5716 -40.7702 -19.6595 -46.1501 33.8279 -37.7821 7.7496 -28.8712 -47.9821 -11.1378 -43.3730 25.9625 -35.3405 -7.5466 -25.5424 -48.6399 23.8338 -40.3810 16.4178 -31.9100 -39.9677 -19.5915 -45.9425 32.9141 -37.2811 4.9211 -27.8459 -48.7046 -2.2840 -42.2540 25.6873 -37.7806 18.8744 -36.9901 11.6373 -32.7138 -31.3939 -22.7884 -47.4945 33.9182 -40.9259 26.0053 -40.1917 34.0334 -43.9188 30.5672 -42.2365 17.5827 -32.5074 -33.7242 -26.8563 -38.0378 -30.8223 10.7459 -38.5948 34.9798 -47.3099 -22.5864 -27.3560 -33.6743 21.3660 -41.9012 -2.7305 -48.6613 -28.0587 5.4537 -37.3750 33.1050 -46.0030 -19.7180 -39.6728 -31.9655 16.5568 -40.4213 23.2192 -48.6593 -25.6104 -7.0952 -35.3888 26.1238 -43.4294 -11.4006 -47.9249 -28.9257 7.9171 -37.8233 33.9266 -46.1977 -19.7670 -40.5136 -31.6252 15.2149 -39.9013 30.5683 -48.2002 -23.6523
-47.9592 32.3410 -39.6512 14.3798 -31.3048 -41.9876 -19.1008 -45.9139 33.3148 -37.5883 7.0054 -28.6518 -48.1757 -10.1895 -43.1999 25.5254 -35.2247 -8.4427 -25.4459 -48.6214 24.1102 -40.3810 16.4834 -31.9590 -39.5793 -19.7871 -46.0458 33.2097 -37.3970 5.5053 -28.0144 -48.6565 -3.4223 -42.1887 24.2050 -36.8450 18.1274 -40.1807 27.6339 -38.4032 11.7702 -31.1480 -45.1130 -14.9305 -44.3282 28.6079 -37.7960 16.9100 -37.3096 21.2081 -38.2522 17.8198 -34.1064 -17.1208 -26.2597 -48.0692 -23.4624 -42.4689 -30.5405 11.2124 -38.8109 34.7884 -47.5557 -23.1206 -23.7878 -34.0502 22.5097 -42.3716 -6.8525 -48.4211 -28.5463 6.3975 -37.5323 33.4301 -46.1112 -19.9126 -39.2691 -32.0148 16.6225 -40.4213 23.5040 -48.6415 -25.5145 -7.9787 -35.2741 25.6841 -43.2564 -10.4773 -48.1278 -28.7057 7.1757 -37.6310 33.4271 -45.9630 -19.2175 -41.7548 -31.3603 14.5221 -39.6937 32.0772 -47.9928
29.9531 -39.3926 13.6812 -31.0370 -43.0745 -18.5019 -45.6673 32.7172 -37.3854 6.1699 -28.4113 -48.3550 -8.9906 -42.9944 24.9885 -35.0740 -9.7683 -25.2886 -48.5819 24.9156 -40.3428 16.4178 -31.9590 -39.4420 -19.8852 -46.1114 33.4109 -37.4842 5.9534 -28.1562 -48.6000 -4.6008 -42.2125 22.9992 -35.3185 8.4295 -35.6131 22.3821 -45.0481 33.0863 -37.8695 4.6847 -27.2642 -48.7627 28.2075 -40.1180 15.7215 -34.3685 4.8600 -33.1716 3.7991 -31.8630 -22.6524 -26.2013 -48.5879 -17.1995 -48.3680 -20.8429 -43.8784 -30.5813 11.9904 -39.0881 34.1489 -47.8395 -23.7896 -18.2694 -34.6555 24.8844 -43.4977 -13.9975 -47.5097 -29.1868 7.2524 -37.6602 33.6513 -46.1795 -20.0117 -39.1282 -32.0148 16.5568 -40.3831 24.3346 -48.6041 -25.3582 -9.2741 -35.1246 25.1478 -43.0500 -9.3085 -48.3154 -28.4651 6.3546 -37.4296 32.8443 -45.7181 -18.6277 -42.8674 -31.0926 13.8217 -39.4353 29.6456
-39.0307 12.9736 -30.7683 -44.0306 -17.8624 -45.4134 32.0575 -37.1783 5.2531 -28.1567 -48.5069 -7.5063 -42.7628 24.3750 -34.8930 -11.4919 -25.0802 -48.5224 26.1343 -40.2668 16.2227 -31.9100 -39.5793 -19.8852 -46.1343 33.5101 -37.5395 6.2636 -28.2640 -48.5443 -5.6540 -42.3181 22.7798 -34.4673 -11.1461 -26.7168 -48.6275 -47.0870 -17.5496 -45.0102 26.1759 -34.3861 -32.9081 -19.0238 -44.9199 27.0771 -35.6574 -1.5450 -29.7668 -35.8209 -27.0136 -44.6258 -23.1853 -48.7652 -11.8466 -46.4489 3.8755 -47.3301 -19.8753 -43.4586 -30.9009 13.0348 -39.4264 32.6228 -48.1771 -24.6607 -9.2474 -35.7917 31.5897 -47.3192 -20.3672 -45.4985 -29.7220 7.8404 -37.7427 33.7633 -46.2036 -20.0130 -39.2682 -31.9656 16.3611 -40.3091 25.5967 -48.5459 -25.1513 -10.9541 -34.9435 24.5349 -42.8187 -7.8590 -48.4763 -28.2111 5.4533 -37.2215 32.1939 -45.4658 -17.9962 -43.8492 -30.8233 13.1135 -39.0758
12.3398 -30.4977 -44.8720 -17.1797 -45.1551 31.3493 -36.9692 4.2630 -27.8943 -48.6243 -5.6952 -42.5127 23.7075 -34.6871 -13.5788 -24.8273 -48.4412 27.5805 -40.1616 15.9161 -31.8140 -39.9677 -19.7871 -46.1114 33.5102 -37.5589 6.4228 -28.3322 -48.4988 -6.4460 -42.4361 23.0333 -34.3636 -17.6635 -24.7249 -48.6833 21.6389 -31.6150 -46.7550 3.5144 -40.1935 10.6277 -28.3258 -48.8772 28.2913 -39.4857 10.5855 -30.3555 -44.4813 -22.2050 -48.7403 -15.4875 -47.4916 6.2554 -44.8093 33.5941 -43.8735 21.9280 -47.2406 -20.6253 -41.5937 -31.3550 14.1190 -39.7416 30.4574 -48.4790 -25.1470 -2.1949 -35.1471 -19.7247 -48.4631 -23.4793 -43.8128 -29.9530 8.1144 -37.7753 33.7728 -46.1816 -19.9154 -39.6712 -31.8700 16.0540 -40.2039 27.0966 -48.4670 -24.8992 -13.0190 -34.7370 23.8622 -42.5680 -6.1043 -48.6030 -27.9495 4.4695 -37.0110 31.4918 -45.2081 -17.3230 -44.7114 -30.5512 12.4867
-29.7336 -45.6065 -16.4449 -44.8931 30.6062 -36.7586 3.1802 -27.6284 -48.7059 -3.5210 -42.2496 23.0038 -34.4625 -15.9844 -24.5329 -48.3380 29.1075 -40.0294 15.5163 -31.6801 -40.5542 -19.5915 -46.0458 33.4109 -37.5396 6.4236 -28.3570 -48.4719 -6.9410 -42.5325 23.3527 -34.4740 -17.4080 -24.2946 -48.2446 28.3505 -39.7214 3.6147 -23.5653 -46.1021 27.5091 -34.1324 -36.8063 -17.3427 -44.2115 24.6360 -34.0515 -31.7747 -22.2161 -47.8744 5.8870 -44.7098 34.4109 -42.7051 33.9211 -42.1770 35.0879 -43.9884 7.3439 -47.9677 -22.2258 -39.0865 -31.6431 14.3490 -39.5757 34.2214 -46.7397 -10.5154 -43.5411 9.0727 -27.8437 -47.4192 -23.6104 -43.7327 -29.9884 8.1854 -37.7631 33.6790 -46.1158 -19.7217 -40.2741 -31.7352 15.6537 -40.0718 28.6929 -48.3674 -24.6065 -15.4143 -34.5131 23.1540 -42.3040 -4.0062 -48.6926 -27.6830 3.3984 -36.7999 30.7554 -44.9470 -16.5965 -45.4659 -29.7882
-46.4575 -15.6469 -44.6277 29.8400 -36.5452 1.9866 -27.3596 -48.7526 -0.9441 -41.9791 22.2803 -34.2236 -18.6279 -24.2049 -48.2129 30.5976 -39.8741 15.0341 -31.5119 -41.2816 -19.3118 -45.9425 33.2098 -37.4846 6.2671 -28.3351 -48.4706 -7.1416 -42.5927 23.6288 -34.6466 -14.9037 -24.7262 -48.2629 30.0577 -39.8676 14.1813 -29.2621 -48.9425 29.1580 -38.4863 4.0481 -25.9703 -48.1443 34.1189 -39.0963 6.0976 -26.7734 -48.6098 14.6017 -42.7696 31.7431 -40.4516 27.5053 -40.6165 32.2644 -43.1372 25.6468 -46.5877 -13.9654 -48.7124 -23.3477 -38.8626 -31.2459 11.6634 -37.9431 28.2999 -40.7878 23.7641 -33.7724 -32.8170 -23.7441 -48.7072 -22.7089 -43.7974 -30.0471 8.1037 -37.7038 33.4735 -46.0095 -19.4400 -41.0243 -31.5660 15.1708 -39.9176 30.2519 -48.2445 -24.2810 -18.0505 -34.2754 22.4297 -42.0342 -1.5076 -48.7460 -27.4131 2.2324 -36.5876 29.9942 -44.6810 -15.8092 -46.3451
-15.4755 -44.3582 29.0549 -36.3274 0.6739 -27.0850 -48.7930 2.0847 -41.7041 21.5499 -33.9754 -21.3812 -23.8500 -48.0677 31.9263 -39.7009 14.4854 -31.3142 -42.1022 -18.9496 -45.8045 32.9142 -37.3973 5.9577 -28.2684 -48.4947 -7.0273 -42.6082 23.8049 -34.8117 -11.5802 -25.7838 -48.6813 22.6089 -40.2172 15.2794 -31.0647 -45.9680 -9.8992 -41.7783 16.2629 -30.6040 -47.7101 -8.4350 -43.5529 28.0869 -31.7118 -46.8232 -8.0502 -42.9533 28.0383 -38.5967 20.6780 -38.8521 28.0847 -42.5411 24.8924 -47.4549 -17.8961 -48.6974 -21.8549 -48.7579 -22.6810 -43.3729 -29.5805 2.2968 -34.2400 11.0837 -33.7803 -12.8943 -26.3913 -48.5408 -19.2029 -48.7671 -23.0406 -43.0107 -30.0742 7.7388 -37.5889 33.1535 -45.8657 -19.0748 -41.8672 -31.3677 14.6209 -39.7426 31.6489 -48.1009 -23.9274 -20.7980 -34.0269 21.7000 -41.7595 1.4400 -48.7877 -27.1392 0.9503 -36.3708 29.2139 -44.4111 -15.6233
-44.1506 28.2566 -36.1020 -0.7741 -26.8008 -48.8284 5.5513 -41.4706 20.8178 -33.7210 -24.1289 -23.4711 -47.9055 33.0252 -39.5148 13.8860 -31.0930 -42.9541 -18.5054 -45.6334 32.5224 -37.2812 5.5071 -28.1606 -48.5397 -6.5911 -42.5764 23.8355 -34.9145 -9.0252 -26.8944 -48.6055 -14.0341 -42.0624 18.2195 -31.7976 -42.2864 -16.9154 -44.0119 24.2385 -33.6394 -35.9355 -19.8084 -46.3914 25.2257 -42.8835 -42.0849 -16.4264 -44.2132 28.6038 -37.7159 15.7710 -37.0324 22.3024 -41.2922 31.0931 -47.7307 -21.4407 -43.2316 -28.1673 -35.4219 -21.7324 -48.4693 -18.9727 -48.1802 -25.8915 -35.4775 -28.5156 -35.4348 -25.7100 -48.4237 -19.0767 -48.6604 -19.7448 -48.5492 -24.1115 -42.9954 -29.7943 6.9694 -37.4244 32.7260 -45.6897 -18.6307 -42.7402 -31.1458 14.0200 -39.5552 32.8162 -47.9408 -23.5508 -23.5619 -33.7731 20.9677 -41.5178 4.8287 -48.8244 -26.8575 -0.4676 -36.1473 28.4186 -44.2027
27.6627 -35.8533 -2.3928 -26.5048 -48.8326 9.3308 -41.2820 20.0899 -33.4622 -26.7993 -23.0724 -47.7280 33.8750 -39.3192 13.2453 -30.8552 -43.7906 -17.9840 -45.4358 32.0351 -37.1418 4.9190 -28.0162 -48.5973 -5.8385 -42.5014 23.7387 -34.9487 -7.9344 -27.4358 -47.5515 -22.7256 -49.0778 24.2000 -31.5774 -40.4289 -18.3147 -45.0450 28.8663 -35.4885 -13.7877 -23.8742 -47.8263 0.9374 -47.8219 -24.0190 19.5181 -40.2084 24.1001 -36.9321 12.4064 -35.5264 16.3414 -39.3380 34.7952 -46.5096 -20.2143 -38.7372 -31.7274 10.6675 -33.5425 -49.0687 -6.0266 -46.1130 -6.4652 -48.2534 -18.4709 -48.8436 -19.8525 -48.6520 -16.2645 -48.4280 -19.1317 -48.4581 -23.5650 -47.5252 -23.6629 -45.2552 -29.1398 5.8904 -37.2346 32.2073 -45.4906 -18.1137 -43.6033 -30.9085 13.3847 -39.3598 33.7198 -47.7661 -23.1557 -26.2740 -33.5152 20.2380 -41.3209 8.5609 -48.8344 -26.5644 -2.0563 -35.9002 27.8163
-35.2747 -4.2188 -26.1971 -48.8083 13.2367 -41.0910 19.3697 -33.2006 -29.3355 -22.6566 -47.5379 34.4703 -39.1168 12.5766 -30.6059 -44.5846 -17.3911 -45.2174 31.4637 -36.9810 4.1931 -27.8410 -48.6571 -4.7353 -42.3896 23.5635 -34.9675 -7.4442 -27.4969 -47.4386 -23.7623 -40.8555 -31.7598 20.8276 -47.0744 -1.2195 -43.7697 28.5075 -36.0557 -3.4962 -25.7966 -48.4881 4.0690 -45.4104 -12.5253 -45.9662 -31.9112 9.6032 -34.6198 7.6025 -34.4026 11.6778 -37.3610 27.7557 -43.8933 -11.8377 -46.8044 -30.7201 14.2134 -40.7534 19.4715 21.1071 -40.6046 32.7133 -42.5148 33.6151 -45.0218 13.2962 -46.1781 0.5728 -47.0530 -15.2951 -48.6593 -24.6630 -43.3840 -25.0551 -48.6737 -20.2269 -47.6159 -28.3973 4.7513 -37.0436 31.6198 -45.2712 -17.5299 -44.4164 -30.6599 12.7195 -39.1576 34.3676 -47.5780 -22.7417 -28.8482 -33.2537 19.5163 -41.1304 12.4680 -48.8149 -26.2588 -3.8455 -35.3237
-6.8541 -25.8790 -48.7571 17.0721 -40.8977 18.6570 -32.9366 -31.6928 -22.2212 -47.3359 34.8272 -38.9094 11.8844 -30.3491 -45.3082 -16.7312 -44.9828 30.8215 -36.8044 3.3274 -27.6369 -48.7104 -3.2200 -42.2380 23.2961 -35.0148 -6.1388 -27.7720 -47.6213 -21.7811 -48.0755 -27.3579 -0.3206 -36.9014 27.1337 -39.5843 21.0068 -35.0168 -5.0044 -26.2753 -48.7068 4.3570 -43.7998 32.2173 -46.6897 -20.2287 -40.6364 -29.8304 -8.0561 -33.0470 9.0667 -36.3323 21.2655 -41.1638 28.0604 -48.4966 -26.0996 1.3318 -37.7238 34.7331 -49.0276 -31.6819 12.9664 -36.9888 21.0378 -39.3901 29.4215 -41.6935 35.1063 -44.1056 8.0716 -48.2400 -22.3920 -42.3766 -27.9480 -43.0748 -17.8975 -47.1068 -13.6633 -48.5147 -27.8720 3.6894 -36.8551 30.9767 -45.0362 -16.8812 -45.1605 -30.4027 12.0286 -38.9519 34.7724 -47.3772 -22.3096 -31.2443 -32.9909 18.8023 -40.9365 16.3287 -48.7690 -25.9429 -6.4144
-24.9667 -48.6810 20.6418 -40.7014 17.9508 -32.6723 -33.8552 -21.7658 -47.1235 34.9718 -38.6987 11.1710 -30.0887 -45.9533 -16.0034 -44.7360 30.1252 -36.6162 2.3210 -27.4123 -48.7484 -1.2081 -42.0385 22.8528 -35.0212 -3.9965 -28.7215 -46.2290 -22.1722 -48.7551 -22.1986 -44.7881 -29.7763 2.3673 -34.2771 8.1040 -32.2413 -22.4215 -25.3310 -48.6838 4.8561 -42.9662 33.1533 -42.3463 29.7532 -47.6590 -21.1199 -44.4521 -29.7518 3.5017 -36.5367 21.2699 -39.9262 33.6529 -45.3197 -17.1630 -42.0132 -32.7131 19.8928 -43.1757 -14.7150 -41.0468 -30.2725 0.9275 -34.0301 12.2828 -36.8903 21.4902 -40.1657 34.2393 -45.0942 -12.6215 -48.2757 -26.5943 -35.6814 -25.4754 -47.0133 33.5724 -43.8258 -6.5840 -48.7070 -27.5456 2.6392 -36.6631 30.2852 -44.7907 -16.1627 -45.8269 -30.1417 11.3187 -38.7423 34.9578 -47.1659 -21.8589 -33.4436 -32.7270 18.0947 -40.7400 19.9696 -48.6982 -25.0296
-48.5342 23.8274 -40.4994 17.2496 -32.4073 -35.8179 -21.2938 -46.9017 34.9300 -38.4866 10.4378 -29.8236 -46.5206 -15.2034 -44.4802 29.3899 -36.4138 1.1607 -27.1709 -48.7837 1.3276 -41.7959 22.1751 -34.8413 -3.3306 -30.0075 -39.5145 -25.6694 -47.9198 -22.0396 -48.4943 -24.0877 -43.1667 -28.5193 -28.4018 -28.4641 -42.4763 -23.1017 -48.3840 6.6092 -42.8377 29.9502 -39.7466 28.0292 -42.3058 23.9466 -47.9717 -22.2609 -33.5868 -33.9001 27.5066 -41.4983 33.5071 -43.0621 18.8310 -48.5186 -25.9113 -1.9050 -36.8339 32.1407 -46.1531 -18.9652 -46.8119 -27.4999 -22.7047 -31.8818 6.2528 -35.7538 19.8994 -40.6351 34.4676 -47.1787 -19.5188 -46.2529 -25.8575 -47.7671 22.2860 -40.1234 29.5455 -42.6664 -2.2105 -48.7569 -27.2782 1.4961 -36.4633 29.5551 -44.5358 -15.3747 -46.4103 -29.8767 10.5873 -38.5301 34.9517 -46.9465 -21.3903 -35.4418 -32.4622 17.3881 -40.5386 23.2493 -48.5551
20.4760 -40.2345 16.5502 -32.1414 -37.5841 -20.8020 -46.6725 34.7295 -38.2740 9.6800 -29.5550 -47.0119 -14.3153 -44.2183 28.6305 -36.2018 -0.1586 -26.9104 -48.8195 4.3698 -41.5596 21.3284 -34.4125 -6.8211 -30.2311 -22.0049 -29.9156 -32.7908 -27.1640 -45.6343 -24.4549 -47.1853 -25.0604 -45.5606 -25.4861 -47.4104 -21.4223 -48.2685 0.2872 -43.6647 31.8247 -39.2869 20.7785 -38.5608 27.3413 -42.4906 18.0259 -48.5778 -24.9606 1.5656 -45.7448 6.2853 -44.6612 32.6411 -45.4716 -14.3425 -46.9010 -30.3794 11.2368 -39.1995 35.1053 -46.4153 -15.6449 -48.6118 -25.6456 -32.9223 -31.5708 6.5171 -36.3646 23.8113 -42.1932 22.6391 -47.9848 -19.0134 -48.6689 -16.2042 -43.2565 23.8127 -37.7275 25.5387 -42.1243 1.3302 -48.7864 -27.0172 0.2236 -36.2535 28.7995 -44.2736 -14.5031 -46.9172 -29.6081 9.8337 -38.3181 34.7796 -46.7196 -20.9032 -37.2461 -32.1955 16.6835 -40.2730 19.8527
-39.9584 15.8459 -31.8742 -39.1669 -20.2880 -46.4379 34.3955 -38.0612 8.8990 -29.2861 -47.4300 -13.3264 -43.9516 27.8535 -35.9812 -1.6334 -26.6334 -48.8352 7.8463 -41.3598 20.4725 -33.8663 -15.7978 -28.3187 -29.8609 -33.1174 6.8770 -32.8527 -9.4252 -29.5249 -37.0179 -27.3548 -42.5181 -26.4709 -45.6719 -23.8004 -48.7568 -14.7529 -46.0755 34.2551 -41.3017 23.8752 -37.7520 18.1069 -38.2382 26.6275 -42.0849 30.1053 -46.4651 23.4203 -29.3816 -47.8120 -9.5660 -45.2231 18.3474 -47.4615 -21.8607 -34.5053 -32.9275 16.3996 -40.1991 35.0774 -46.0457 -14.6793 -48.5007 -27.0574 -17.3291 -33.3426 12.9325 -38.3255 30.2121 -43.4378 20.3391 -46.7926 -2.8156 -45.7829 31.4699 -37.2253 12.3766 -36.1917 23.2682 -41.7617 4.7548 -48.8102 -26.7535 -1.1925 -36.0356 28.0252 -44.0063 -13.5334 -47.3500 -29.3392 9.0574 -38.1040 34.4698 -46.4861 -20.3943 -38.8686 -31.9264 15.9819 -40.0015
15.2924 -31.6027 -40.5876 -19.7493 -46.1975 33.9511 -37.8483 8.0892 -29.0173 -47.7790 -12.2284 -43.6811 27.0685 -35.7525 -3.3014 -26.3423 -48.8228 11.5728 -41.1739 19.6948 -33.4067 -25.0927 -25.1682 -48.0361 -26.5649 23.4916 -38.8045 17.1690 -34.9308 3.5536 -31.9542 -10.4058 -30.6449 -21.6754 -29.0841 -39.5395 -24.8945 -48.7531 -12.0248 -45.3056 34.9328 -40.3657 21.6651 -37.4022 17.1686 -37.6990 22.7738 -39.9375 28.6071 -38.7445 1.3214 -25.0281 -48.1964 10.4787 -45.1302 -2.6154 -48.6626 -25.6293 -14.3217 -34.5012 19.5041 -40.9468 33.1654 -47.0901 -20.7685 -40.8611 -31.4508 7.7017 -36.5065 22.8856 -41.1701 35.1930 -43.8799 34.6350 -43.1113 31.9690 -38.3211 10.8198 -33.1147 4.0124 -35.2564 21.9865 -41.5738 7.7772 -48.8079 -26.4870 -2.7766 -35.8116 27.2402 -43.7369 -12.4562 -47.7123 -29.0701 8.2533 -37.8897 34.0461 -46.2471 -19.8585 -40.3258 -31.6537 15.4324
-30.8707 -41.8534 -19.1806 -45.9518 33.4172 -37.6349 7.2444 -28.7483 -48.0650 -11.0013 -43.4096 26.2898 -35.5202 -5.1800 -26.0393 -48.7845 15.3228 -40.9862 18.9762 -33.0758 -30.0182 -22.9641 -48.0641 12.0629 -40.2522 -48.8004 27.4748 -40.8800 20.7545 -36.4381 12.0728 -34.9478 9.4261 -34.2115 5.2557 -32.0416 -21.5579 -26.4492 -48.6882 -10.7363 -44.9185 34.5225 -40.3659 22.1177 -37.3822 15.6061 -36.4259 15.0363 -36.0362 8.9538 -30.1614 -47.0448 -15.1737 -45.9739 21.7887 -45.8904 -13.5816 -48.3767 -28.0318 -1.0317 -35.7923 23.9511 -42.5701 1.3096 -48.7069 -28.6075 7.0503 -36.4812 21.9536 -40.8687 35.1287 -45.1089 23.1424 -42.0697 26.5139 -37.7538 10.9035 -32.1246 -21.0625 -30.2519 -2.6009 -34.9380 21.6904 -41.5416 10.0313 -48.7805 -26.2162 -4.5563 -35.5796 26.4507 -43.4650 -11.2482 -48.0117 -28.8007 7.4138 -37.6766 33.5289 -46.0014 -19.2928 -41.6238 -30.9234
-43.3437 -18.5765 -45.7009 32.8109 -37.4217 6.3536 -28.4799 -48.2936 -9.6208 -43.1426 25.5374 -35.2957 -7.1946 -25.7361 -48.7235 18.8422 -40.7992 18.2926 -32.8032 -32.7408 -22.1121 -47.4050 33.6135 -39.9815 15.9854 -24.1221 -47.3340 34.9923 -40.9222 25.5990 -38.9940 22.7912 -38.7001 21.8878 -37.8438 15.6394 -34.2230 -9.7894 -26.5778 -48.7612 -8.5128 -44.9616 35.1142 -40.9755 23.4139 -37.1640 12.3953 -34.4795 3.1682 -31.2372 -38.3554 -22.7059 -48.1570 0.0992 -45.2851 12.0154 -47.1169 -18.8466 -45.8822 -29.8955 6.6340 -37.4636 31.6116 -45.7345 -20.3610 -20.3631 -37.2739 26.0215 -41.3482 34.3112 -46.9127 -17.8251 -49.2042 30.0557 -36.4540 7.5815 -31.0976 -34.0498 -26.6515 -42.9392 -29.1465 -1.9275 -35.2992 22.5381 -41.6799 11.5098 -48.7361 -25.9242 -6.5964 -35.3384 25.6586 -43.1883 -9.8801 -48.2531 -28.5311 6.5325 -37.4638 32.9367 -45.7503 -18.6944 -43.1503
-18.1272 -45.4441 32.1441 -37.2096 5.4092 -28.2115 -48.4704 -8.0615 -42.8852 24.8634 -35.1210 -8.9958 -25.4829 -48.6482 21.8040 -40.6225 17.6456 -32.5535 -34.8022 -21.5681 -47.0616 34.9631 -39.0291 13.6854 -31.0424 -47.4397 -11.1558 -44.9971 34.5077 -42.9093 34.9941 -42.7846 35.1148 -43.0790 34.6502 -40.9109 20.8738 -34.4756 -17.9658 -25.1628 -48.7334 -10.5468 -46.0421 33.0618 -41.6320 23.2642 -36.3464 6.9989 -32.1717 -26.2676 -26.7440 -48.2996 -17.6636 -47.4157 -1.4347 -46.1566 -6.0505 -48.2309 -22.2117 -39.8522 -31.5557 12.3006 -39.3093 34.3558 -48.4952 -24.4285 33.8869 -43.7647 32.6473 -46.4054 -19.8988 -30.6940 -33.1875 -20.1071 -34.9065 -27.4828 -44.5724 -23.4830 -48.4801 -23.7184 -42.2679 -30.5951 5.4237 -36.3817 24.6315 -41.9404 13.2220 -48.6761 -25.5898 -8.9475 -35.0910 24.8712 -42.9106 -8.3142 -48.4416 -28.2608 5.6015 -37.2512 32.2797 -45.4943 -18.2353
-45.2111 31.4293 -36.9959 4.4016 -27.9417 -48.6021 -6.2745 -42.6364 24.3010 -35.0787 -9.0383 -25.5126 -48.5974 23.3513 -40.4911 17.1127 -32.3361 -36.4730 -21.1068 -46.8171 34.9075 -38.5586 11.4628 -30.9254 -41.3843 -20.9732 -47.8940 -7.7264 -46.7793 -1.3195 -46.6099 -4.0107 -47.3426 -10.7536 -47.5377 11.3995 -41.6160 17.3717 -32.5207 -35.7245 -24.3433 -48.6887 -17.9122 -47.7714 26.9486 -41.3067 19.7205 -34.9679 -0.7510 -30.4040 -38.6313 -25.2771 -48.4162 -19.1960 -48.2769 -12.7948 -47.6339 -14.7734 -48.7535 -24.4370 -31.1582 -32.5797 14.4054 -39.1452 31.2804 -39.2325 -42.7011 -13.9790 -46.2019 -10.9144 -47.8840 -30.7377 19.7732 -46.3458 -16.2498 -48.7595 -17.2712 -48.3601 -18.0015 -48.5316 -26.7098 -16.9281 -33.6519 13.9289 -38.1226 27.3986 -42.0469 16.8421 -48.5912 -25.2146 -11.5689 -34.8402 24.0932 -42.6333 -6.5004 -48.5834 -27.9901 4.6091 -37.0386 31.5705 -45.2604
30.6797 -36.7602 3.3144 -27.6698 -48.6938 -4.1621 -42.3842 23.7886 -35.1637 -5.4289 -26.9630 -48.7215 19.5423 -40.5494 16.9781 -32.2028 -37.6487 -20.7126 -46.6125 34.6671 -38.2787 10.1368 -30.3834 -42.6805 -22.7914 -48.7663 -20.1053 -48.7326 -21.1739 -48.7036 -20.9838 -48.6007 -23.1743 -46.2866 -24.7048 -48.8288 30.7886 -38.3186 6.3210 -30.3143 -36.8698 -27.3254 -42.7574 -23.4015 -48.0868 34.5394 -39.4518 14.4177 -34.0192 -2.3784 -30.7345 -30.1048 -27.4170 -45.3660 -23.4813 -48.6566 -19.5056 -48.6379 -18.5466 -48.6875 -25.2345 -30.3168 -31.8180 8.2761 -34.9364 6.9741 -25.8374 -48.2970 -2.4066 -47.6128 -23.1526 -12.6134 -36.3858 32.5792 -44.2754 19.6460 -45.9917 -4.5322 -48.1803 -22.5250 -37.4327 -32.0576 11.3453 -37.6715 24.2796 -40.0136 27.9864 -41.6836 22.3719 -48.4710 -24.8191 -14.3767 -34.5859 23.3241 -42.3552 -4.3793 -48.6819 -27.7190 3.5360 -36.8022 30.8091
-36.2454 2.1431 -27.4009 -48.7471 -1.6478 -42.1149 23.1674 -35.1874 -1.3357 -29.7790 -45.4936 -5.4716 -41.2578 17.9687 -32.2323 -38.0761 -20.4290 -46.4477 34.3781 -38.0722 9.1995 -29.8941 -44.7142 -21.9274 -48.7630 -23.3513 -42.7333 -27.9958 -32.1935 -28.2790 -36.9519 -28.3082 -24.9949 -31.3816 3.5319 -27.6578 -44.1030 19.6213 -33.7307 -8.5257 -31.5090 -0.6745 -32.5110 -11.8942 -20.4834 -45.1519 28.5127 -37.5062 13.2268 -34.9138 7.1273 -33.0287 -3.0447 -30.4862 -29.7173 -27.5381 -45.0095 -23.3430 -48.7514 -19.2794 -48.7445 -23.8231 -42.3095 -28.2323 -29.7139 -26.8311 -48.6723 -8.3397 -45.6585 -6.3600 -48.7207 -28.3765 7.0931 -37.7841 28.3503 -42.2085 33.5747 -45.8617 -15.4625 -47.2927 -29.7567 7.9378 -37.7926 29.3678 -42.5184 34.5844 -39.6013 24.3132 -40.9057 27.4282 -48.3217 -24.4238 -17.2792 -34.3296 22.5635 -42.0767 -1.8839 -48.7411 -27.4461 2.3651 -36.2838
0.6567 -27.1498 -48.7818 1.2016 -41.8339 22.3667 -34.9711 -0.7934 -31.5648 -9.4695 -28.3926 -41.8258 19.5650 -31.8746 -38.7920 -20.0283 -46.2689 34.0290 -37.9011 8.4715 -29.5122 -46.2109 -19.8928 -48.4927 -21.5842 -38.8560 -31.7770 7.3015 -34.0447 5.3290 -32.6631 -0.1397 -33.6166 14.6738 -39.9703 9.0251 2.9039 -33.1098 -3.6221 -32.6009 7.9660 -36.7965 22.2389 -35.3290 -49.2847 30.0549 -40.3951 22.2726 -38.3400 21.0127 -37.7668 17.4979 -36.0387 9.7317 -33.5471 -0.7809 -30.7414 -33.0031 -24.6771 -48.7641 -16.2121 -48.3911 -18.6737 -48.7953 -20.1975 -48.7142 -6.6256 -44.9152 32.4814 -45.5856 -15.8102 -45.7172 -30.5575 9.7405 -37.6155 28.3007 -43.1225 8.8032 -48.5693 -25.7110 -5.7470 -36.1526 28.6329 -44.3815 -6.7916 -48.0525 24.3704 -36.2000 18.7442 -40.1606 30.5518 -48.1602 -24.0357 -20.1859 -34.0741 21.8121 -41.7980 1.0342 -48.7841 -27.1740 0.8192
